----------------------------------------------------------------------
-- Log session for [myBugCoalitionsCCBBAGuaiDEF-45] started on 2017.07.13.18.44.53 --
----------------------------------------------------------------------

INFORMACIÓN : I started
INFORMACIÓN : 0apuestaBundle [803.6547475380734, 793.2620886853723, 780.0698938874376, 779.2974660117708, 777.2999896373002]
INFORMACIÓN : 0positionsBundle [953, 412, 726, 171, 1228]
INFORMACIÓN : 0levelsBundle [3, 3, 3, 3, 3]
INFORMACIÓN : 0positionsOrdered [953, 412, 726, 171, 1228]
INFORMACIÓN : 0levelsOrdered [3, 3, 3, 3, 3]
INFORMACIÓN : 0partialityOrdered [3, 3, 3, 3, 3]
INFORMACIÓN : 0arrivalTimes [7.0710678118654755, 21.283738215417372, 36.51528442714519, 48.59833040073976, 70.73427402191842]
INFORMACIÓN : I [MW]; lost Test.myBail@13744cd1; POS 953; sensors [AB, IR]; level 3 I paid 803.6547475380734in favour of28@(myturtles,myturtles,bug)@MK-18424 paid 806.4450308744662
INFORMACIÓN : 1historia0[0.0, 0.0, 0.0, 0.0, 0.0, 0.0, 0.0, 0.0, 0.0, 0.0, 0.0, 0.0, 0.0, 0.0, 0.0, 0.0, 0.0, 0.0, 0.0, 0.0, 0.0, 0.0, 0.0, 0.0, 0.0, 0.0, 0.0, 0.0, 0.0, 0.0, 793.3424416823492, 790.4800548076983, 0.0, 0.0, 0.0, 0.0, 0.0, 0.0, 0.0, 0.0, 0.0, 0.0, 0.0, 0.0, 0.0, 0.0, 0.0, 0.0, 0.0, 0.0, 0.0, 0.0, 0.0, 0.0, 0.0, 0.0, 0.0, 0.0, 0.0, 0.0, 0.0, 0.0, 0.0, 0.0, 0.0, 0.0, 0.0, 0.0, 0.0, 0.0, 0.0, 0.0, 0.0, 0.0, 0.0, 0.0, 780.361582394693, 0.0, 0.0, 0.0, 0.0, 0.0, 0.0, 0.0, 0.0, 0.0, 0.0, 790.4800548076983, 0.0, 788.0449103887954, 0.0, 0.0, 806.4450308744662, 0.0, 0.0, 0.0, 0.0, 0.0, 0.0, 0.0, 0.0, 0.0, 806.4450308744662, 0.0, 0.0, 0.0, 0.0, 0.0, 0.0, 0.0, 0.0, 0.0, 788.0449103887954, 788.0449103887954, 0.0, 0.0, 0.0, 0.0, 0.0, 0.0, 0.0, 0.0, 0.0, 0.0, 0.0, 0.0, 808.5581845835632, 779.2974660117708, 0.0, 0.0, 0.0, 0.0, 0.0, 0.0, 0.0, 0.0, 0.0, 780.0698938874376, 0.0, 0.0, 0.0, 790.4800548076983, 0.0, 0.0, 0.0, 0.0, 0.0, 793.3424416823492, 0.0, 0.0, 808.5581845835632, 0.0, 0.0, 793.3424416823492, 0.0, 0.0, 0.0, 0.0, 0.0, 0.0, 780.361582394693, 0.0, 0.0, 808.5581845835632, 0.0, 0.0, 806.4450308744662, 0.0, 780.361582394693]
INFORMACIÓN : 1apuestaBundle [798.9404043728169, 789.5906726828391, 786.2015630728006, 760.4019902102061, 292.80312014589447]
INFORMACIÓN : 1positionsBundle [412, 726, 171, 396, 654]
INFORMACIÓN : 1levelsBundle [3, 3, 3, 3, 2]
INFORMACIÓN : 1positionsOrdered [654, 412, 726, 171, 396]
INFORMACIÓN : 1levelsOrdered [2, 3, 3, 3, 3]
INFORMACIÓN : 1partialityOrdered [2, 3, 3, 3, 3]
INFORMACIÓN : 1arrivalTimes [7.810249675906654, 17.31168991714468, 34.51528442714519, 46.59833040073976, 71.91630820308409]
INFORMACIÓN : I [MW]; lost Test.myBail@d4b99ae; POS 412; sensors [AB, IR]; level 3 I paid 798.9404043728169in favour ofnull paid 0.0
INFORMACIÓN : 2historia0[0.0, 0.0, 0.0, 0.0, 0.0, 0.0, 0.0, 0.0, 0.0, 0.0, 0.0, 0.0, 0.0, 0.0, 0.0, 0.0, 0.0, 0.0, 0.0, 0.0, 0.0, 0.0, 0.0, 0.0, 0.0, 0.0, 0.0, 0.0, 0.0, 0.0, 0.0, 790.4800548076983, 0.0, 0.0, 0.0, 0.0, 292.80312014589447, 0.0, 0.0, 0.0, 0.0, 0.0, 0.0, 0.0, 0.0, 0.0, 0.0, 0.0, 0.0, 0.0, 0.0, 0.0, 0.0, 0.0, 0.0, 0.0, 0.0, 0.0, 0.0, 0.0, 0.0, 0.0, 0.0, 0.0, 0.0, 0.0, 0.0, 0.0, 0.0, 0.0, 0.0, 0.0, 0.0, 0.0, 0.0, 0.0, 780.361582394693, 0.0, 0.0, 0.0, 0.0, 0.0, 0.0, 0.0, 0.0, 0.0, 0.0, 790.4800548076983, 0.0, 788.0449103887954, 0.0, 0.0, 806.4450308744662, 0.0, 0.0, 0.0, 0.0, 0.0, 0.0, 0.0, 0.0, 0.0, 806.4450308744662, 0.0, 0.0, 0.0, 0.0, 0.0, 0.0, 0.0, 0.0, 0.0, 788.0449103887954, 788.0449103887954, 0.0, 0.0, 0.0, 0.0, 0.0, 0.0, 0.0, 0.0, 0.0, 0.0, 0.0, 0.0, 808.5581845835632, 787.3413865440951, 0.0, 0.0, 760.4019902102061, 0.0, 0.0, 0.0, 0.0, 0.0, 0.0, 790.3247566658849, 0.0, 0.0, 0.0, 790.4800548076983, 0.0, 0.0, 0.0, 0.0, 0.0, 0.0, 0.0, 0.0, 808.5581845835632, 0.0, 0.0, 798.9404043728169, 0.0, 0.0, 0.0, 0.0, 0.0, 0.0, 780.361582394693, 0.0, 0.0, 808.5581845835632, 0.0, 0.0, 806.4450308744662, 0.0, 780.361582394693]
INFORMACIÓN : 2apuestaBundle [799.0219288946159, 789.7524002094563, 786.3631758807073, 759.1707863488674, 284.8720902583693]
INFORMACIÓN : 2positionsBundle [412, 726, 171, 396, 921]
INFORMACIÓN : 2levelsBundle [3, 3, 3, 3, 2]
INFORMACIÓN : 2positionsOrdered [412, 726, 171, 396, 921]
INFORMACIÓN : 2levelsOrdered [3, 3, 3, 3, 2]
INFORMACIÓN : 2partialityOrdered [3, 3, 3, 3, 2]
INFORMACIÓN : 2arrivalTimes [15.31168991714468, 30.543236128872497, 42.62628210246707, 67.9442599048114, 95.25726047230673]
INFORMACIÓN : 3historia0[284.8720902583693, 0.0, 0.0, 0.0, 0.0, 0.0, 0.0, 0.0, 0.0, 0.0, 0.0, 0.0, 0.0, 0.0, 0.0, 0.0, 0.0, 0.0, 0.0, 0.0, 0.0, 0.0, 0.0, 0.0, 0.0, 0.0, 0.0, 0.0, 0.0, 759.0907223546582, 799.0219288946159, 790.4800548076983, 0.0, 0.0, 0.0, 0.0, 292.80312014589447, 0.0, 0.0, 0.0, 789.6721014778129, 0.0, 0.0, 0.0, 0.0, 0.0, 0.0, 0.0, 0.0, 0.0, 0.0, 0.0, 0.0, 0.0, 0.0, 0.0, 255.70008045640967, 0.0, 0.0, 269.7145681566193, 0.0, 0.0, 0.0, 0.0, 0.0, 0.0, 0.0, 0.0, 0.0, 0.0, 0.0, 0.0, 274.7710066208724, 239.99530266005812, 0.0, 0.0, 780.361582394693, 786.2829341076234, 0.0, 0.0, 0.0, 0.0, 0.0, 0.0, 0.0, 0.0, 0.0, 790.4800548076983, 259.331247076199, 788.0449103887954, 0.0, 0.0, 806.4450308744662, 0.0, 0.0, 0.0, 0.0, 0.0, 0.0, 0.0, 0.0, 0.0, 806.4450308744662, 0.0, 0.0, 0.0, 0.0, 0.0, 0.0, 759.1707863488674, 0.0, 0.0, 788.0449103887954, 788.0449103887954, 0.0, 0.0, 789.7524002094563, 0.0, 0.0, 0.0, 0.0, 0.0, 0.0, 0.0, 0.0, 0.0, 808.5581845835632, 787.3413865440951, 0.0, 0.0, 760.4019902102061, 0.0, 0.0, 0.0, 0.0, 0.0, 0.0, 790.3247566658849, 0.0, 0.0, 0.0, 790.4800548076983, 0.0, 0.0, 0.0, 254.4867735790889, 0.0, 799.0219288946159, 0.0, 0.0, 808.5581845835632, 0.0, 0.0, 798.9404043728169, 0.0, 0.0, 0.0, 786.3631758807073, 0.0, 0.0, 780.361582394693, 0.0, 0.0, 808.5581845835632, 0.0, 0.0, 806.4450308744662, 0.0, 780.361582394693]
INFORMACIÓN : 3apuestaBundle [799.0219288946159, 789.7524002094563, 786.3631758807073, 759.1707863488674, 284.8720902583693]
INFORMACIÓN : 3positionsBundle [412, 726, 171, 396, 921]
INFORMACIÓN : 3levelsBundle [3, 3, 3, 3, 2]
INFORMACIÓN : 3positionsOrdered [412, 726, 171, 396, 921]
INFORMACIÓN : 3levelsOrdered [3, 3, 3, 3, 2]
INFORMACIÓN : 3partialityOrdered [3, 3, 3, 3, 2]
INFORMACIÓN : 3arrivalTimes [15.31168991714468, 30.543236128872497, 42.62628210246707, 67.9442599048114, 95.25726047230673]
INFORMACIÓN : 4historia0[284.8720902583693, 161.4174334258293, 0.0, 0.0, 150.82084499397365, 0.0, 0.0, 0.0, 0.0, 0.0, 0.0, 0.0, 0.0, 0.0, 0.0, 0.0, 0.0, 201.41496598639452, 0.0, 0.0, 0.0, 0.0, 158.24459413551017, 0.0, 0.0, 0.0, 0.0, 170.25003669876344, 0.0, 759.0907223546582, 799.0219288946159, 790.4800548076983, 147.46952809607944, 0.0, 0.0, 0.0, 292.80312014589447, 0.0, 0.0, 0.0, 789.6721014778129, 0.0, 0.0, 0.0, 0.0, 0.0, 0.0, 0.0, 0.0, 0.0, 0.0, 0.0, 0.0, 0.0, 0.0, 0.0, 255.70008045640967, 0.0, 0.0, 269.7145681566193, 0.0, 0.0, 0.0, 0.0, 0.0, 0.0, 0.0, 0.0, 0.0, 0.0, 0.0, 0.0, 274.7710066208724, 0.0, 0.0, 0.0, 780.361582394693, 786.2829341076234, 0.0, 0.0, 0.0, 0.0, 0.0, 0.0, 0.0, 0.0, 0.0, 790.4800548076983, 259.331247076199, 788.0449103887954, 156.01024250896148, 0.0, 806.4450308744662, 0.0, 0.0, 274.7710066208724, 0.0, 0.0, 0.0, 0.0, 0.0, 0.0, 806.4450308744662, 0.0, 0.0, 0.0, 0.0, 0.0, 0.0, 759.1707863488674, 0.0, 0.0, 788.0449103887954, 788.0449103887954, 0.0, 0.0, 789.7524002094563, 0.0, 0.0, 0.0, 0.0, 0.0, 0.0, 0.0, 0.0, 0.0, 808.5581845835632, 787.3413865440951, 0.0, 0.0, 760.4019902102061, 0.0, 0.0, 0.0, 0.0, 0.0, 0.0, 790.3247566658849, 0.0, 0.0, 0.0, 790.4800548076983, 0.0, 0.0, 0.0, 254.4867735790889, 0.0, 799.0219288946159, 0.0, 228.71991626852378, 808.5581845835632, 0.0, 0.0, 798.9404043728169, 0.0, 0.0, 0.0, 786.3631758807073, 0.0, 0.0, 780.361582394693, 0.0, 0.0, 808.5581845835632, 0.0, 0.0, 806.4450308744662, 0.0, 780.361582394693]
INFORMACIÓN : 4apuestaBundle [799.0219288946159, 789.7524002094563, 786.3631758807073, 759.1707863488674, 284.8720902583693]
INFORMACIÓN : 4positionsBundle [412, 726, 171, 396, 921]
INFORMACIÓN : 4levelsBundle [3, 3, 3, 3, 2]
INFORMACIÓN : 4positionsOrdered [412, 726, 171, 396, 921]
INFORMACIÓN : 4levelsOrdered [3, 3, 3, 3, 2]
INFORMACIÓN : 4partialityOrdered [3, 3, 3, 3, 2]
INFORMACIÓN : 4arrivalTimes [15.31168991714468, 30.543236128872497, 42.62628210246707, 67.9442599048114, 95.25726047230673]
INFORMACIÓN : 5historia0[284.8720902583693, 161.4174334258293, 0.0, 0.0, 150.82084499397365, 0.0, 0.0, 0.0, 0.0, 0.0, 0.0, 0.0, 0.0, 0.0, 0.0, 0.0, 0.0, 201.41496598639452, 0.0, 0.0, 0.0, 0.0, 158.24459413551017, 0.0, 0.0, 0.0, 0.0, 170.25003669876344, 0.0, 759.0907223546582, 799.0219288946159, 790.4800548076983, 147.46952809607944, 0.0, 0.0, 0.0, 292.80312014589447, 0.0, 0.0, 0.0, 789.6721014778129, 0.0, 0.0, 0.0, 0.0, 0.0, 0.0, 0.0, 0.0, 0.0, 0.0, 0.0, 0.0, 0.0, 0.0, 0.0, 0.0, 0.0, 0.0, 269.7145681566193, 0.0, 0.0, 0.0, 0.0, 0.0, 0.0, 0.0, 0.0, 0.0, 0.0, 0.0, 0.0, 274.7710066208724, 0.0, 0.0, 0.0, 780.361582394693, 786.2829341076234, 0.0, 0.0, 0.0, 0.0, 0.0, 0.0, 0.0, 0.0, 0.0, 790.4800548076983, 259.331247076199, 788.0449103887954, 156.01024250896148, 0.0, 806.4450308744662, 0.0, 0.0, 274.7710066208724, 0.0, 0.0, 0.0, 0.0, 0.0, 0.0, 806.4450308744662, 0.0, 0.0, 0.0, 0.0, 0.0, 0.0, 759.1707863488674, 0.0, 0.0, 788.0449103887954, 788.0449103887954, 0.0, 0.0, 789.7524002094563, 0.0, 0.0, 0.0, 0.0, 0.0, 0.0, 0.0, 0.0, 0.0, 808.5581845835632, 787.3413865440951, 0.0, 0.0, 760.4019902102061, 0.0, 0.0, 0.0, 0.0, 0.0, 0.0, 790.3247566658849, 0.0, 0.0, 0.0, 790.4800548076983, 0.0, 0.0, 0.0, 0.0, 0.0, 799.0219288946159, 0.0, 228.71991626852378, 808.5581845835632, 0.0, 0.0, 798.9404043728169, 0.0, 0.0, 0.0, 786.3631758807073, 0.0, 0.0, 780.361582394693, 0.0, 0.0, 808.5581845835632, 0.0, 0.0, 806.4450308744662, 0.0, 780.361582394693]
INFORMACIÓN : 5apuestaBundle [799.0219288946159, 789.7524002094563, 786.3631758807073, 759.1707863488674, 284.8720902583693]
INFORMACIÓN : 5positionsBundle [412, 726, 171, 396, 921]
INFORMACIÓN : 5levelsBundle [3, 3, 3, 3, 2]
INFORMACIÓN : 5positionsOrdered [412, 726, 171, 396, 921]
INFORMACIÓN : 5levelsOrdered [3, 3, 3, 3, 2]
INFORMACIÓN : 5partialityOrdered [3, 3, 3, 3, 2]
INFORMACIÓN : 5arrivalTimes [15.31168991714468, 30.543236128872497, 42.62628210246707, 67.9442599048114, 95.25726047230673]
