----------------------------------------------------------------------
-- Log session for [myBugCoalitionsCCBBAGuaiDEF-29] started on 2017.07.13.18.44.53 --
----------------------------------------------------------------------

INFORMACIÓN : I started
INFORMACIÓN : 0apuestaBundle [806.4450308744662, 793.3424416823492, 779.7030294136285, 779.3777397353014, 774.2466370393988]
INFORMACIÓN : 0positionsBundle [953, 412, 726, 171, 1228]
INFORMACIÓN : 0levelsBundle [3, 3, 3, 3, 3]
INFORMACIÓN : 0positionsOrdered [953, 412, 726, 171, 1228]
INFORMACIÓN : 0levelsOrdered [3, 3, 3, 3, 3]
INFORMACIÓN : 0partialityOrdered [3, 3, 3, 3, 3]
INFORMACIÓN : 0arrivalTimes [5.0990195135927845, 19.31168991714468, 34.54323612887249, 46.626282102467066, 68.76222572364571]
INFORMACIÓN : I [AB]; lost Test.myBail@29dad508; POS 726; sensors [IR, MW]; level 3 I paid 779.7030294136285in favour of50@(myturtles,myturtles,bug)@MK-18424 paid 780.0698938874376
INFORMACIÓN : 1historia0[0.0, 0.0, 0.0, 0.0, 0.0, 0.0, 0.0, 0.0, 0.0, 0.0, 0.0, 0.0, 0.0, 0.0, 0.0, 0.0, 0.0, 0.0, 0.0, 0.0, 0.0, 0.0, 0.0, 0.0, 0.0, 0.0, 0.0, 0.0, 0.0, 0.0, 793.3424416823492, 790.4800548076983, 0.0, 0.0, 0.0, 0.0, 0.0, 0.0, 0.0, 0.0, 780.0698938874376, 0.0, 0.0, 0.0, 0.0, 0.0, 0.0, 0.0, 0.0, 0.0, 0.0, 0.0, 0.0, 0.0, 0.0, 0.0, 0.0, 0.0, 0.0, 0.0, 0.0, 0.0, 0.0, 0.0, 0.0, 0.0, 0.0, 0.0, 0.0, 0.0, 0.0, 0.0, 0.0, 0.0, 0.0, 0.0, 780.361582394693, 779.2974660117708, 0.0, 0.0, 0.0, 0.0, 0.0, 0.0, 0.0, 0.0, 0.0, 790.4800548076983, 0.0, 788.0449103887954, 0.0, 0.0, 806.4450308744662, 0.0, 0.0, 0.0, 0.0, 0.0, 0.0, 0.0, 0.0, 0.0, 806.4450308744662, 0.0, 0.0, 0.0, 0.0, 0.0, 0.0, 0.0, 0.0, 0.0, 788.0449103887954, 788.0449103887954, 0.0, 0.0, 780.0698938874376, 0.0, 0.0, 0.0, 0.0, 0.0, 0.0, 0.0, 0.0, 0.0, 808.5581845835632, 0.0, 0.0, 0.0, 0.0, 0.0, 0.0, 0.0, 0.0, 0.0, 0.0, 780.0698938874376, 0.0, 0.0, 0.0, 790.4800548076983, 0.0, 0.0, 0.0, 0.0, 0.0, 793.3424416823492, 0.0, 0.0, 808.5581845835632, 0.0, 0.0, 793.3424416823492, 0.0, 0.0, 0.0, 779.2974660117708, 0.0, 0.0, 780.361582394693, 0.0, 0.0, 808.5581845835632, 0.0, 0.0, 806.4450308744662, 0.0, 780.361582394693]
INFORMACIÓN : 1apuestaBundle [806.4450308744662, 793.3424416823492, 750.2924498105225, 276.97332624838543, 259.725932087478]
INFORMACIÓN : 1positionsBundle [953, 412, 396, 921, 634]
INFORMACIÓN : 1levelsBundle [3, 3, 3, 2, 2]
INFORMACIÓN : 1positionsOrdered [953, 412, 396, 921, 634]
INFORMACIÓN : 1levelsOrdered [3, 3, 3, 2, 2]
INFORMACIÓN : 1partialityOrdered [3, 3, 3, 2, 2]
INFORMACIÓN : 1arrivalTimes [5.0990195135927845, 19.31168991714468, 53.32639262053458, 80.6393931880299, 94.95721425130625]
INFORMACIÓN : I [AB]; lost Test.myBail@52db3a32; POS 412; sensors [IR, MW]; level 3 I paid 793.3424416823492in favour of50@(myturtles,myturtles,bug)@MK-18424 paid 798.9404043728169
INFORMACIÓN : 2historia0[0.0, 0.0, 0.0, 0.0, 0.0, 0.0, 0.0, 0.0, 0.0, 0.0, 0.0, 0.0, 0.0, 0.0, 0.0, 0.0, 0.0, 0.0, 0.0, 0.0, 0.0, 0.0, 0.0, 0.0, 0.0, 0.0, 0.0, 0.0, 0.0, 760.4019902102061, 798.9404043728169, 790.4800548076983, 0.0, 0.0, 0.0, 0.0, 292.80312014589447, 0.0, 0.0, 0.0, 789.5906726828391, 0.0, 0.0, 0.0, 0.0, 0.0, 0.0, 0.0, 0.0, 0.0, 0.0, 0.0, 0.0, 0.0, 0.0, 0.0, 0.0, 0.0, 0.0, 269.7145681566193, 0.0, 0.0, 0.0, 0.0, 0.0, 0.0, 0.0, 0.0, 0.0, 0.0, 0.0, 0.0, 0.0, 0.0, 0.0, 0.0, 780.361582394693, 786.2015630728006, 0.0, 0.0, 0.0, 0.0, 0.0, 0.0, 0.0, 0.0, 0.0, 790.4800548076983, 0.0, 788.0449103887954, 0.0, 0.0, 806.4450308744662, 0.0, 0.0, 0.0, 0.0, 0.0, 0.0, 0.0, 0.0, 0.0, 806.4450308744662, 0.0, 0.0, 0.0, 0.0, 0.0, 0.0, 760.4019902102061, 292.80312014589447, 0.0, 788.0449103887954, 788.0449103887954, 0.0, 0.0, 789.5906726828391, 0.0, 0.0, 0.0, 0.0, 0.0, 0.0, 0.0, 0.0, 0.0, 808.5581845835632, 787.3413865440951, 0.0, 0.0, 760.4019902102061, 0.0, 0.0, 0.0, 0.0, 0.0, 0.0, 790.3247566658849, 0.0, 0.0, 0.0, 790.4800548076983, 0.0, 0.0, 0.0, 0.0, 0.0, 798.9404043728169, 0.0, 0.0, 808.5581845835632, 0.0, 0.0, 798.9404043728169, 0.0, 0.0, 0.0, 786.2015630728006, 0.0, 0.0, 780.361582394693, 0.0, 0.0, 808.5581845835632, 0.0, 0.0, 806.4450308744662, 0.0, 780.361582394693]
INFORMACIÓN : 2apuestaBundle [806.4450308744662, 259.331247076199, 255.70008045640967, 254.4867735790889, 239.99530266005812]
INFORMACIÓN : 2positionsBundle [953, 634, 787, 286, 1843]
INFORMACIÓN : 2levelsBundle [3, 2, 2, 2, 2]
INFORMACIÓN : 2positionsOrdered [953, 634, 787, 286, 1843]
INFORMACIÓN : 2levelsOrdered [3, 2, 2, 2, 2]
INFORMACIÓN : 2partialityOrdered [3, 2, 2, 2, 2]
INFORMACIÓN : 2arrivalTimes [5.0990195135927845, 82.91630820308409, 87.15894889020338, 97.20882451132427, 128.98932167546567]
INFORMACIÓN : 3historia0[284.8720902583693, 0.0, 0.0, 0.0, 0.0, 0.0, 0.0, 0.0, 0.0, 0.0, 0.0, 0.0, 0.0, 0.0, 0.0, 0.0, 0.0, 0.0, 0.0, 0.0, 0.0, 0.0, 0.0, 0.0, 0.0, 0.0, 0.0, 0.0, 0.0, 759.0907223546582, 799.0219288946159, 790.4800548076983, 0.0, 0.0, 0.0, 0.0, 292.80312014589447, 0.0, 0.0, 0.0, 789.6721014778129, 0.0, 0.0, 0.0, 0.0, 0.0, 0.0, 0.0, 0.0, 0.0, 0.0, 0.0, 0.0, 0.0, 0.0, 0.0, 255.70008045640967, 0.0, 0.0, 269.7145681566193, 0.0, 0.0, 0.0, 0.0, 0.0, 0.0, 0.0, 0.0, 0.0, 0.0, 0.0, 0.0, 274.7710066208724, 239.99530266005812, 276.143406760583, 0.0, 780.361582394693, 786.2829341076234, 0.0, 0.0, 0.0, 0.0, 0.0, 0.0, 0.0, 0.0, 0.0, 790.4800548076983, 259.331247076199, 788.0449103887954, 0.0, 0.0, 806.4450308744662, 0.0, 0.0, 0.0, 0.0, 0.0, 0.0, 0.0, 0.0, 0.0, 806.4450308744662, 0.0, 0.0, 0.0, 0.0, 0.0, 0.0, 759.1707863488674, 0.0, 0.0, 788.0449103887954, 788.0449103887954, 0.0, 0.0, 789.7524002094563, 0.0, 0.0, 0.0, 0.0, 0.0, 0.0, 0.0, 0.0, 0.0, 808.5581845835632, 787.3413865440951, 0.0, 0.0, 760.4019902102061, 0.0, 0.0, 0.0, 0.0, 0.0, 0.0, 790.3247566658849, 0.0, 0.0, 0.0, 790.4800548076983, 0.0, 0.0, 0.0, 254.4867735790889, 0.0, 799.0219288946159, 0.0, 0.0, 808.5581845835632, 0.0, 0.0, 798.9404043728169, 0.0, 0.0, 0.0, 786.3631758807073, 0.0, 0.0, 780.361582394693, 0.0, 0.0, 808.5581845835632, 0.0, 0.0, 806.4450308744662, 0.0, 780.361582394693]
INFORMACIÓN : 3apuestaBundle [806.4450308744662, 259.331247076199, 255.70008045640967, 254.4867735790889, 239.99530266005812]
INFORMACIÓN : 3positionsBundle [953, 634, 787, 286, 1843]
INFORMACIÓN : 3levelsBundle [3, 2, 2, 2, 2]
INFORMACIÓN : 3positionsOrdered [953, 634, 787, 286, 1843]
INFORMACIÓN : 3levelsOrdered [3, 2, 2, 2, 2]
INFORMACIÓN : 3partialityOrdered [3, 2, 2, 2, 2]
INFORMACIÓN : 3arrivalTimes [5.0990195135927845, 82.91630820308409, 87.15894889020338, 97.20882451132427, 128.98932167546567]
INFORMACIÓN : I [AB]; lost Test.myBail@c541fd4; POS 1843; sensors [MW]; level 2 I paid 239.99530266005812in favour of38@(myturtles,myturtles,bug)@MK-18424 paid 267.93919232931376
INFORMACIÓN : 4historia0[284.8720902583693, 161.4174334258293, 0.0, 0.0, 150.82084499397365, 0.0, 0.0, 0.0, 0.0, 0.0, 0.0, 0.0, 0.0, 0.0, 0.0, 0.0, 0.0, 201.41496598639452, 0.0, 0.0, 0.0, 0.0, 158.24459413551017, 0.0, 0.0, 0.0, 0.0, 170.25003669876344, 0.0, 759.0907223546582, 799.0219288946159, 790.4800548076983, 147.46952809607944, 0.0, 0.0, 0.0, 292.80312014589447, 0.0, 0.0, 0.0, 789.6721014778129, 0.0, 0.0, 0.0, 0.0, 0.0, 0.0, 0.0, 0.0, 0.0, 0.0, 0.0, 0.0, 0.0, 0.0, 0.0, 255.70008045640967, 0.0, 0.0, 269.7145681566193, 0.0, 0.0, 0.0, 0.0, 0.0, 0.0, 0.0, 0.0, 0.0, 0.0, 0.0, 0.0, 274.7710066208724, 267.93919232931376, 0.0, 0.0, 780.361582394693, 786.2829341076234, 0.0, 0.0, 0.0, 0.0, 0.0, 0.0, 0.0, 0.0, 0.0, 790.4800548076983, 259.331247076199, 788.0449103887954, 156.01024250896148, 0.0, 806.4450308744662, 0.0, 0.0, 274.7710066208724, 0.0, 0.0, 0.0, 0.0, 0.0, 0.0, 806.4450308744662, 0.0, 0.0, 0.0, 0.0, 0.0, 0.0, 759.1707863488674, 0.0, 0.0, 788.0449103887954, 788.0449103887954, 0.0, 0.0, 789.7524002094563, 0.0, 0.0, 0.0, 0.0, 0.0, 0.0, 0.0, 0.0, 0.0, 808.5581845835632, 787.3413865440951, 0.0, 0.0, 760.4019902102061, 0.0, 0.0, 0.0, 0.0, 0.0, 0.0, 790.3247566658849, 0.0, 0.0, 0.0, 790.4800548076983, 0.0, 0.0, 0.0, 254.4867735790889, 0.0, 799.0219288946159, 0.0, 228.71991626852378, 808.5581845835632, 0.0, 0.0, 798.9404043728169, 0.0, 0.0, 0.0, 786.3631758807073, 0.0, 0.0, 780.361582394693, 0.0, 0.0, 808.5581845835632, 0.0, 0.0, 806.4450308744662, 0.0, 780.361582394693]
INFORMACIÓN : 4apuestaBundle [806.4450308744662, 259.331247076199, 255.70008045640967, 254.4867735790889, 201.41496598639446]
INFORMACIÓN : 4positionsBundle [953, 634, 787, 286, 702]
INFORMACIÓN : 4levelsBundle [3, 2, 2, 2, 3]
INFORMACIÓN : 4positionsOrdered [702, 953, 634, 787, 286]
INFORMACIÓN : 4levelsOrdered [3, 3, 2, 2, 2]
INFORMACIÓN : 4partialityOrdered [3, 3, 2, 2, 2]
INFORMACIÓN : 4arrivalTimes [0.0, 5.0990195135927845, 82.91630820308409, 87.15894889020338, 97.20882451132427]
INFORMACIÓN : I [AB]; lost Test.myBail@2a1a2d7d; POS 787; sensors [IR]; level 2 I paid 255.70008045640967in favour of38@(myturtles,myturtles,bug)@MK-18424 paid 263.8476243076052
INFORMACIÓN : 5historia0[284.8720902583693, 161.4174334258293, 0.0, 0.0, 150.82084499397365, 0.0, 0.0, 0.0, 0.0, 0.0, 0.0, 0.0, 0.0, 0.0, 0.0, 0.0, 0.0, 201.41496598639452, 0.0, 0.0, 0.0, 0.0, 158.24459413551017, 0.0, 0.0, 0.0, 0.0, 170.25003669876344, 0.0, 759.0907223546582, 799.0219288946159, 790.4800548076983, 147.46952809607944, 0.0, 0.0, 0.0, 292.80312014589447, 0.0, 0.0, 0.0, 789.6721014778129, 0.0, 0.0, 0.0, 0.0, 0.0, 0.0, 0.0, 0.0, 0.0, 0.0, 0.0, 0.0, 0.0, 0.0, 0.0, 263.8476243076052, 0.0, 0.0, 269.7145681566193, 0.0, 0.0, 0.0, 0.0, 0.0, 0.0, 0.0, 0.0, 0.0, 0.0, 0.0, 0.0, 274.7710066208724, 0.0, 0.0, 0.0, 780.361582394693, 786.2829341076234, 0.0, 0.0, 0.0, 0.0, 0.0, 0.0, 0.0, 0.0, 0.0, 790.4800548076983, 259.331247076199, 788.0449103887954, 156.01024250896148, 0.0, 806.4450308744662, 0.0, 0.0, 274.7710066208724, 0.0, 0.0, 0.0, 0.0, 0.0, 0.0, 806.4450308744662, 0.0, 0.0, 0.0, 0.0, 0.0, 0.0, 759.1707863488674, 0.0, 0.0, 788.0449103887954, 788.0449103887954, 0.0, 0.0, 789.7524002094563, 0.0, 0.0, 0.0, 0.0, 0.0, 0.0, 0.0, 0.0, 0.0, 808.5581845835632, 787.3413865440951, 0.0, 0.0, 760.4019902102061, 0.0, 0.0, 0.0, 0.0, 0.0, 0.0, 790.3247566658849, 0.0, 0.0, 0.0, 790.4800548076983, 0.0, 0.0, 0.0, 0.0, 0.0, 799.0219288946159, 0.0, 228.71991626852378, 808.5581845835632, 0.0, 0.0, 798.9404043728169, 0.0, 0.0, 0.0, 786.3631758807073, 0.0, 0.0, 780.361582394693, 0.0, 0.0, 808.5581845835632, 0.0, 0.0, 806.4450308744662, 0.0, 780.361582394693]
INFORMACIÓN : 5apuestaBundle [806.4450308744662, 259.331247076199, 151.62089009954184, 149.90306451668204, 146.845557574429]
INFORMACIÓN : 5positionsBundle [953, 634, 2152, 840, 2131]
INFORMACIÓN : 5levelsBundle [3, 2, 1, 1, 1]
INFORMACIÓN : 5positionsOrdered [953, 2152, 634, 840, 2131]
INFORMACIÓN : 5levelsOrdered [3, 1, 2, 1, 1]
INFORMACIÓN : 5partialityOrdered [3, 1, 2, 1, 1]
INFORMACIÓN : 5arrivalTimes [5.0990195135927845, 29.11984381252141, 82.91630820308409, 90.12741075401206, 117.64104373840726]
