----------------------------------------------------------------------
-- Log session for [myBugCoalitionsCCBBAGuaiDEF-317] started on 2017.07.13.00.53.17 --
----------------------------------------------------------------------

INFORMACIÓN : I started
INFORMACIÓN : 0apuestaBundle [805.6075272374566, 793.9925825668969, 788.7792538617589, 782.3359076491867, 776.363543812289]
INFORMACIÓN : 0positionsBundle [1619, 972, 1358, 570, 463]
INFORMACIÓN : 0levelsBundle [3, 3, 3, 3, 3]
INFORMACIÓN : 0positionsOrdered [1619, 972, 1358, 570, 463]
INFORMACIÓN : 0levelsOrdered [3, 3, 3, 3, 3]
INFORMACIÓN : 0partialityOrdered [3, 3, 3, 3, 3]
INFORMACIÓN : 0arrivalTimes [5.690927521296606, 19.032591585422942, 35.15710708202004, 55.15710708202004, 62.43721697130056]
INFORMACIÓN : timeSat position 1619 level 3
INFORMACIÓN : timeSat position 463 level 3
INFORMACIÓN : 1historia0[0.0, 0.0, 803.3493571045076, 0.0, 0.0, 194.84489427004826, 0.0, 0.0, 0.0, 0.0, 0.0, 0.0, 787.0740555058644, 0.0, 769.1207228483419, 362.17920764831206, 247.27514761706652, 0.0, 0.0, 0.0, 0.0, 263.51299395985205, 785.992143567872, 0.0, 0.0, 0.0, 0.0, 0.0, 778.4393562399571, 0.0, 0.0, 0.0, 0.0, 0.0, 143.95436385237971, 0.0, 0.0, 0.0, 0.0, 0.0, 0.0, 793.3855516935897, 0.0, 0.0, 0.0, 0.0, 0.0, 351.7480745294529, 0.0, 0.0, 0.0, 0.0, 0.0, 0.0, 0.0, 246.0388833823944, 0.0, 0.0, 0.0, 806.5431496603445, 0.0, 0.0, 0.0, 0.0, 0.0, 0.0, 0.0, 773.9323453097629, 0.0, 0.0, 0.0, 0.0, 0.0, 0.0, 0.0, 0.0, 0.0, 145.37304734183556, 0.0, 0.0, 0.0, 0.0, 0.0, 796.3887367959809, 0.0, 0.0, 783.6474888817565, 0.0, 0.0, 249.83298951761833, 0.0, 0.0, 0.0, 0.0, 0.0, 0.0, 141.09618082790234, 0.0, 0.0, 0.0, 0.0, 0.0, 0.0, 0.0, 0.0, 0.0, 0.0, 0.0, 0.0, 0.0, 0.0, 0.0, 0.0, 0.0, 362.17920764831206, 0.0, 0.0, 186.59482295678572, 0.0, 0.0, 786.4924849133461, 0.0, 812.3694933684442, 0.0, 0.0, 0.0, 0.0, 0.0, 0.0, 0.0, 0.0, 0.0, 238.5722512113639, 0.0, 0.0, 0.0, 0.0, 0.0, 0.0, 0.0, 0.0, 0.0, 190.60187884820505, 0.0, 0.0, 0.0, 0.0, 0.0, 0.0, 0.0, 0.0, 0.0, 0.0, 0.0, 0.0, 0.0, 0.0, 767.1380794881352, 783.3186059279994, 786.5534711460423, 0.0, 0.0, 0.0, 0.0, 0.0, 0.0, 0.0, 0.0, 0.0, 0.0]
INFORMACIÓN : 1apuestaBundle [803.0650055706428, 788.7792538617589, 783.4805353208826, 765.1103101227873, 277.1280895192493]
INFORMACIÓN : 1positionsBundle [1619, 1358, 972, 2410, 961]
INFORMACIÓN : 1levelsBundle [3, 3, 3, 3, 2]
INFORMACIÓN : 1positionsOrdered [972, 2410, 1619, 1358, 961]
INFORMACIÓN : 1levelsOrdered [3, 3, 3, 3, 2]
INFORMACIÓN : 1partialityOrdered [3, 3, 3, 3, 2]
INFORMACIÓN : 1arrivalTimes [13.90002997855874, 48.579616303774216, 68.11548761251025, 80.19853358610482, 88.74253733142234]
INFORMACIÓN : timeSat position 961 level 2
INFORMACIÓN : 2historia0[0.0, 0.0, 803.3493571045076, 0.0, 0.0, 194.84489427004826, 259.05767947154504, 0.0, 0.0, 0.0, 0.0, 0.0, 787.0740555058644, 0.0, 769.1207228483419, 0.0, 247.27514761706652, 0.0, 0.0, 0.0, 0.0, 263.51299395985205, 789.6157308738204, 0.0, 0.0, 0.0, 0.0, 0.0, 778.4393562399571, 0.0, 0.0, 0.0, 0.0, 0.0, 151.89426657751164, 0.0, 788.7792538617589, 0.0, 0.0, 0.0, 0.0, 0.0, 0.0, 0.0, 0.0, 0.0, 0.0, 351.7480745294529, 765.1103101227873, 0.0, 0.0, 0.0, 783.4805353208826, 0.0, 0.0, 0.0, 0.0, 0.0, 247.94686670066153, 806.5431496603445, 0.0, 0.0, 0.0, 0.0, 0.0, 0.0, 51.25268316421352, 773.9323453097629, 0.0, 0.0, 0.0, 0.0, 0.0, 0.0, 0.0, 0.0, 803.0650055706428, 145.37304734183556, 0.0, 0.0, 0.0, 0.0, 0.0, 796.3887367959809, 0.0, 0.0, 783.6474888817565, 0.0, 0.0, 249.83298951761833, 0.0, 0.0, 0.0, 0.0, 360.9829615945183, 265.03022920828903, 141.09618082790234, 0.0, 0.0, 0.0, 0.0, 0.0, 352.0683304084324, 0.0, 0.0, 0.0, 0.0, 0.0, 0.0, 0.0, 0.0, 0.0, 0.0, 0.0, 362.17920764831206, 0.0, 0.0, 186.59482295678572, 0.0, 0.0, 0.0, 0.0, 812.3694933684442, 0.0, 0.0, 0.0, 0.0, 0.0, 0.0, 0.0, 0.0, 0.0, 238.5722512113639, 0.0, 343.7038852357864, 0.0, 351.7480745294529, 0.0, 0.0, 0.0, 0.0, 0.0, 190.60187884820505, 0.0, 0.0, 0.0, 0.0, 0.0, 0.0, 0.0, 0.0, 0.0, 0.0, 0.0, 0.0, 0.0, 0.0, 767.1380794881352, 0.0, 786.5534711460423, 0.0, 0.0, 0.0, 360.9829615945183, 0.0, 0.0, 0.0, 0.0, 0.0, 0.0]
INFORMACIÓN : 2apuestaBundle [803.0650055706428, 788.7792538617589, 783.4805353208826, 765.1103101227873, 375.0752761313485]
INFORMACIÓN : 2positionsBundle [1619, 1358, 972, 2410, 570]
INFORMACIÓN : 2levelsBundle [3, 3, 3, 3, 2]
INFORMACIÓN : 2positionsOrdered [972, 2410, 1619, 1358, 570]
INFORMACIÓN : 2levelsOrdered [3, 3, 3, 3, 2]
INFORMACIÓN : 2partialityOrdered [3, 3, 3, 3, 3]
INFORMACIÓN : 2arrivalTimes [13.90002997855874, 48.579616303774216, 68.11548761251025, 80.19853358610482, 120.2234382430692]
INFORMACIÓN : mutexSat position 570 level 2
INFORMACIÓN : 3historia0[0.0, 0.0, 803.3493571045076, 0.0, 0.0, 194.84489427004826, 259.05767947154504, 0.0, 0.0, 0.0, 0.0, 0.0, 787.0740555058644, 0.0, 769.1207228483419, 0.0, 247.27514761706652, 0.0, 0.0, 0.0, 0.0, 263.51299395985205, 789.6157308738204, 0.0, 0.0, 0.0, 0.0, 0.0, 778.4393562399571, 0.0, 0.0, 0.0, 0.0, 286.1015460237559, 0.0, 0.0, 788.7792538617589, 0.0, 0.0, 0.0, 0.0, 0.0, 0.0, 0.0, 0.0, 0.0, 0.0, 0.0, 765.1103101227873, 0.0, 0.0, 0.0, 783.4805353208826, 0.0, 0.0, 0.0, 0.0, 0.0, 247.94686670066153, 806.5431496603445, 0.0, 0.0, 0.0, 0.0, 0.0, 0.0, 51.25268316421352, 773.9323453097629, 0.0, 0.0, 0.0, 0.0, 0.0, 0.0, 0.0, 0.0, 803.0650055706428, 145.37304734183556, 0.0, 0.0, 0.0, 0.0, 0.0, 796.3887367959809, 0.0, 0.0, 783.6474888817565, 249.69325530561468, 0.0, 249.83298951761833, 0.0, 0.0, 0.0, 757.9401166281377, 0.0, 265.03022920828903, 141.09618082790234, 0.0, 0.0, 0.0, 0.0, 0.0, 365.1619306327085, 0.0, 0.0, 0.0, 0.0, 0.0, 0.0, 0.0, 0.0, 0.0, 0.0, 0.0, 0.0, 0.0, 0.0, 186.59482295678572, 0.0, 0.0, 0.0, 0.0, 812.3694933684442, 85.17880095086757, 0.0, 0.0, 0.0, 0.0, 0.0, 0.0, 0.0, 90.11239826400106, 238.5722512113639, 0.0, 0.0, 0.0, 0.0, 0.0, 0.0, 0.0, 0.0, 0.0, 190.60187884820505, 0.0, 0.0, 0.0, 0.0, 0.0, 0.0, 0.0, 0.0, 0.0, 0.0, 0.0, 0.0, 0.0, 0.0, 767.1380794881352, 0.0, 786.5534711460423, 0.0, 0.0, 0.0, 0.0, 0.0, 0.0, 0.0, 0.0, 0.0, 0.0]
INFORMACIÓN : 3apuestaBundle [803.0650055706428, 788.7792538617589, 783.4805353208826, 765.1103101227873, 246.5557966667211]
INFORMACIÓN : 3positionsBundle [1619, 1358, 972, 2410, 2392]
INFORMACIÓN : 3levelsBundle [3, 3, 3, 3, 2]
INFORMACIÓN : 3positionsOrdered [972, 2410, 1619, 1358, 2392]
INFORMACIÓN : 3levelsOrdered [3, 3, 3, 3, 2]
INFORMACIÓN : 3partialityOrdered [3, 3, 3, 3, 2]
INFORMACIÓN : 3arrivalTimes [13.90002997855874, 48.579616303774216, 68.11548761251025, 80.19853358610482, 119.64469943273686]
INFORMACIÓN : 4historia0[0.0, 0.0, 803.3493571045076, 0.0, 0.0, 194.84489427004826, 259.05767947154504, 0.0, 0.0, 0.0, 0.0, 0.0, 787.0740555058644, 0.0, 769.1207228483419, 0.0, 247.27514761706652, 0.0, 0.0, 0.0, 0.0, 263.51299395985205, 789.6157308738204, 0.0, 0.0, 0.0, 0.0, 0.0, 778.4393562399571, 0.0, 246.5557966667211, 0.0, 0.0, 286.1015460237559, 159.20667401878814, 0.0, 788.7792538617589, 0.0, 0.0, 0.0, 0.0, 0.0, 0.0, 0.0, 0.0, 0.0, 0.0, 0.0, 765.1103101227873, 0.0, 0.0, 0.0, 783.4805353208826, 0.0, 0.0, 245.9297367005791, 0.0, 0.0, 247.94686670066153, 806.5431496603445, 0.0, 0.0, 0.0, 0.0, 0.0, 0.0, 0.0, 773.9323453097629, 0.0, 0.0, 0.0, 0.0, 0.0, 0.0, 0.0, 0.0, 803.0650055706428, 145.37304734183556, 0.0, 0.0, 0.0, 0.0, 0.0, 796.3887367959809, 0.0, 0.0, 783.6474888817565, 249.69325530561468, 0.0, 249.83298951761833, 0.0, 0.0, 0.0, 757.9401166281377, 0.0, 265.03022920828903, 141.09618082790234, 0.0, 0.0, 0.0, 0.0, 0.0, 0.0, 0.0, 0.0, 0.0, 0.0, 0.0, 0.0, 0.0, 0.0, 0.0, 0.0, 0.0, 0.0, 0.0, 0.0, 186.59482295678572, 0.0, 0.0, 0.0, 0.0, 812.3694933684442, 85.17880095086757, 0.0, 0.0, 0.0, 0.0, 0.0, 0.0, 0.0, 90.11239826400106, 238.5722512113639, 0.0, 0.0, 0.0, 0.0, 0.0, 0.0, 0.0, 0.0, 0.0, 190.60187884820505, 0.0, 0.0, 0.0, 0.0, 0.0, 0.0, 0.0, 0.0, 0.0, 0.0, 0.0, 0.0, 0.0, 0.0, 767.1380794881352, 0.0, 786.5534711460423, 0.0, 0.0, 0.0, 0.0, 0.0, 0.0, 0.0, 0.0, 0.0, 0.0]
INFORMACIÓN : 4apuestaBundle [803.0650055706428, 788.7792538617589, 783.4805353208826, 765.1103101227873, 246.5557966667211]
INFORMACIÓN : 4positionsBundle [1619, 1358, 972, 2410, 2392]
INFORMACIÓN : 4levelsBundle [3, 3, 3, 3, 2]
INFORMACIÓN : 4positionsOrdered [972, 2410, 1619, 1358, 2392]
INFORMACIÓN : 4levelsOrdered [3, 3, 3, 3, 2]
INFORMACIÓN : 4partialityOrdered [3, 3, 3, 3, 2]
INFORMACIÓN : 4arrivalTimes [13.90002997855874, 48.579616303774216, 68.11548761251025, 80.19853358610482, 119.64469943273686]
INFORMACIÓN : 5historia0[0.0, 0.0, 803.3493571045076, 0.0, 0.0, 194.84489427004826, 259.05767947154504, 0.0, 0.0, 0.0, 0.0, 0.0, 787.0740555058644, 0.0, 769.2019584635997, 0.0, 247.27514761706652, 0.0, 0.0, 0.0, 0.0, 263.51299395985205, 789.6157308738204, 0.0, 0.0, 0.0, 0.0, 0.0, 778.4393562399571, 0.0, 246.5557966667211, 0.0, 0.0, 286.1015460237559, 159.20667401878814, 0.0, 788.7792538617589, 0.0, 0.0, 0.0, 0.0, 0.0, 0.0, 0.0, 0.0, 0.0, 0.0, 0.0, 765.1103101227873, 752.5250189460822, 0.0, 0.0, 783.4805353208826, 0.0, 0.0, 245.9297367005791, 0.0, 0.0, 247.94686670066153, 806.5431496603445, 0.0, 0.0, 0.0, 0.0, 0.0, 0.0, 0.0, 773.9323453097629, 0.0, 0.0, 0.0, 0.0, 0.0, 0.0, 0.0, 0.0, 803.0650055706428, 145.37304734183556, 0.0, 0.0, 0.0, 0.0, 0.0, 796.3887367959809, 0.0, 0.0, 783.6474888817565, 249.69325530561468, 0.0, 249.83298951761833, 0.0, 0.0, 0.0, 757.9401166281377, 0.0, 265.03022920828903, 141.09618082790234, 0.0, 0.0, 0.0, 0.0, 0.0, 0.0, 0.0, 0.0, 0.0, 0.0, 0.0, 0.0, 0.0, 0.0, 0.0, 0.0, 0.0, 0.0, 0.0, 0.0, 186.59482295678572, 0.0, 0.0, 0.0, 0.0, 812.3694933684442, 0.0, 0.0, 0.0, 0.0, 0.0, 0.0, 0.0, 0.0, 92.55475616893393, 238.5722512113639, 0.0, 0.0, 0.0, 0.0, 0.0, 0.0, 0.0, 0.0, 0.0, 190.60187884820505, 0.0, 0.0, 0.0, 0.0, 0.0, 0.0, 0.0, 0.0, 0.0, 0.0, 0.0, 0.0, 0.0, 0.0, 767.1380794881352, 0.0, 786.5534711460423, 0.0, 0.0, 0.0, 0.0, 0.0, 0.0, 0.0, 0.0, 0.0, 0.0]
INFORMACIÓN : 5apuestaBundle [803.0650055706428, 788.7792538617589, 783.4805353208826, 765.1103101227873, 246.5557966667211]
INFORMACIÓN : 5positionsBundle [1619, 1358, 972, 2410, 2392]
INFORMACIÓN : 5levelsBundle [3, 3, 3, 3, 2]
INFORMACIÓN : 5positionsOrdered [972, 2410, 1619, 1358, 2392]
INFORMACIÓN : 5levelsOrdered [3, 3, 3, 3, 2]
INFORMACIÓN : 5partialityOrdered [3, 3, 3, 3, 2]
INFORMACIÓN : 5arrivalTimes [13.90002997855874, 48.579616303774216, 68.11548761251025, 80.19853358610482, 119.64469943273686]
INFORMACIÓN : 6historia0[0.0, 0.0, 803.3493571045076, 0.0, 0.0, 194.84489427004826, 259.05767947154504, 0.0, 0.0, 0.0, 0.0, 0.0, 787.0740555058644, 0.0, 769.2019584635997, 0.0, 0.0, 0.0, 0.0, 0.0, 0.0, 273.06405580463206, 789.6157308738204, 0.0, 0.0, 0.0, 0.0, 0.0, 778.4393562399571, 0.0, 246.5557966667211, 0.0, 0.0, 286.1015460237559, 0.0, 0.0, 788.7792538617589, 0.0, 0.0, 0.0, 0.0, 0.0, 0.0, 0.0, 0.0, 0.0, 0.0, 0.0, 765.1103101227873, 752.5250189460822, 0.0, 0.0, 783.4805353208826, 0.0, 0.0, 253.90510264802742, 0.0, 0.0, 247.94686670066153, 806.5431496603445, 0.0, 0.0, 0.0, 0.0, 0.0, 0.0, 0.0, 773.9323453097629, 0.0, 0.0, 0.0, 0.0, 0.0, 0.0, 0.0, 0.0, 803.0650055706428, 145.37304734183556, 0.0, 0.0, 0.0, 0.0, 0.0, 796.3887367959809, 0.0, 0.0, 783.6474888817565, 249.69325530561468, 0.0, 249.83298951761833, 0.0, 0.0, 0.0, 757.9401166281377, 0.0, 265.03022920828903, 141.09618082790234, 0.0, 0.0, 0.0, 0.0, 0.0, 0.0, 0.0, 0.0, 0.0, 0.0, 0.0, 0.0, 0.0, 0.0, 0.0, 0.0, 0.0, 0.0, 0.0, 0.0, 186.59482295678572, 0.0, 0.0, 0.0, 0.0, 812.3694933684442, 58.84320791149821, 0.0, 0.0, 0.0, 0.0, 0.0, 0.0, 0.0, 92.55475616893393, 0.0, 0.0, 0.0, 0.0, 0.0, 0.0, 0.0, 0.0, 0.0, 0.0, 190.60187884820505, 0.0, 0.0, 0.0, 0.0, 0.0, 0.0, 0.0, 0.0, 0.0, 0.0, 0.0, 0.0, 0.0, 0.0, 0.0, 0.0, 786.5534711460423, 0.0, 0.0, 0.0, 0.0, 0.0, 0.0, 0.0, 0.0, 0.0, 0.0]
INFORMACIÓN : 6apuestaBundle [803.0650055706428, 788.7792538617589, 783.4805353208826, 765.1103101227873, 246.5557966667211]
INFORMACIÓN : 6positionsBundle [1619, 1358, 972, 2410, 2392]
INFORMACIÓN : 6levelsBundle [3, 3, 3, 3, 2]
INFORMACIÓN : 6positionsOrdered [972, 2410, 1619, 1358, 2392]
INFORMACIÓN : 6levelsOrdered [3, 3, 3, 3, 2]
INFORMACIÓN : 6partialityOrdered [3, 3, 3, 3, 2]
INFORMACIÓN : 6arrivalTimes [13.90002997855874, 48.579616303774216, 68.11548761251025, 80.19853358610482, 119.64469943273686]
INFORMACIÓN : depSat position 1619 level 3
INFORMACIÓN : depSat position 1358 level 3
INFORMACIÓN : depSat position 972 level 3
INFORMACIÓN : depSat position 2410 level 3
INFORMACIÓN : 7historia0[0.0, 0.0, 803.3493571045076, 0.0, 0.0, 194.84489427004826, 0.0, 0.0, 0.0, 0.0, 0.0, 0.0, 787.0740555058644, 0.0, 769.2019584635997, 0.0, 239.37690781544518, 0.0, 0.0, 759.7025750775084, 0.0, 273.06405580463206, 789.6157308738204, 0.0, 0.0, 0.0, 0.0, 0.0, 778.4393562399571, 0.0, 0.0, 0.0, 0.0, 286.1015460237559, 143.95436385237971, 0.0, 0.0, 0.0, 0.0, 0.0, 0.0, 0.0, 0.0, 0.0, 0.0, 0.0, 0.0, 0.0, 0.0, 752.5250189460822, 0.0, 0.0, 0.0, 0.0, 0.0, 253.90510264802742, 0.0, 0.0, 0.0, 806.5431496603445, 0.0, 0.0, 0.0, 0.0, 0.0, 0.0, 51.25268316421352, 0.0, 0.0, 0.0, 0.0, 0.0, 0.0, 0.0, 0.0, 0.0, 0.0, 145.37304734183556, 0.0, 0.0, 0.0, 0.0, 0.0, 796.3887367959809, 0.0, 0.0, 783.6474888817565, 249.69325530561468, 0.0, 0.0, 0.0, 0.0, 0.0, 757.9401166281377, 0.0, 0.0, 141.09618082790234, 0.0, 0.0, 0.0, 0.0, 0.0, 0.0, 0.0, 0.0, 0.0, 0.0, 0.0, 0.0, 0.0, 0.0, 0.0, 0.0, 0.0, 0.0, 0.0, 0.0, 186.59482295678572, 0.0, 0.0, 0.0, 0.0, 812.3694933684442, 0.0, 0.0, 0.0, 0.0, 0.0, 0.0, 0.0, 0.0, 0.0, 248.37677277268898, 0.0, 0.0, 0.0, 0.0, 0.0, 0.0, 0.0, 0.0, 0.0, 190.60187884820505, 0.0, 0.0, 0.0, 0.0, 0.0, 0.0, 0.0, 0.0, 0.0, 0.0, 0.0, 0.0, 0.0, 0.0, 756.0505796093138, 0.0, 786.5534711460423, 0.0, 0.0, 0.0, 0.0, 0.0, 0.0, 0.0, 0.0, 0.0, 0.0]
INFORMACIÓN : 7apuestaBundle [803.2276857532386, 792.1733043772454, 781.3064292541105, 765.2729198521215, 277.1280895192493]
INFORMACIÓN : 7positionsBundle [1619, 972, 570, 2410, 961]
INFORMACIÓN : 7levelsBundle [3, 3, 3, 3, 2]
INFORMACIÓN : 7positionsOrdered [2410, 1619, 972, 570, 961]
INFORMACIÓN : 7levelsOrdered [3, 3, 3, 3, 2]
INFORMACIÓN : 7partialityOrdered [3, 3, 3, 3, 2]
INFORMACIÓN : 7arrivalTimes [44.579616303774216, 64.11548761251025, 77.45715167663658, 85.70336292787191, 97.7449575066642]
INFORMACIÓN : 8historia0[0.0, 0.0, 803.3493571045076, 0.0, 0.0, 194.84489427004826, 0.0, 0.0, 0.0, 0.0, 0.0, 0.0, 787.0740555058644, 0.0, 769.2019584635997, 0.0, 0.0, 0.0, 0.0, 759.7025750775084, 0.0, 273.06405580463206, 789.6157308738204, 0.0, 0.0, 0.0, 0.0, 0.0, 778.4393562399571, 0.0, 0.0, 0.0, 0.0, 286.1015460237559, 143.95436385237971, 0.0, 0.0, 0.0, 0.0, 0.0, 0.0, 0.0, 0.0, 0.0, 0.0, 0.0, 0.0, 0.0, 765.2729198521215, 752.5250189460822, 0.0, 0.0, 792.1733043772454, 0.0, 0.0, 253.90510264802742, 0.0, 0.0, 0.0, 806.5431496603445, 0.0, 0.0, 0.0, 0.0, 0.0, 0.0, 0.0, 0.0, 0.0, 0.0, 0.0, 0.0, 0.0, 0.0, 0.0, 0.0, 803.2276857532386, 145.37304734183556, 0.0, 180.33757023022127, 158.04045307812748, 0.0, 0.0, 796.3887367959809, 0.0, 0.0, 783.6474888817565, 277.1280895192493, 0.0, 0.0, 0.0, 0.0, 0.0, 781.3064292541105, 361.92098317518617, 0.0, 141.09618082790234, 0.0, 0.0, 0.0, 0.0, 0.0, 0.0, 0.0, 0.0, 0.0, 0.0, 0.0, 0.0, 0.0, 0.0, 0.0, 0.0, 0.0, 0.0, 0.0, 0.0, 186.59482295678572, 0.0, 0.0, 0.0, 0.0, 812.3694933684442, 85.17880095086757, 0.0, 0.0, 0.0, 0.0, 0.0, 0.0, 0.0, 0.0, 248.37677277268898, 0.0, 0.0, 0.0, 0.0, 0.0, 0.0, 0.0, 0.0, 0.0, 190.60187884820505, 0.0, 0.0, 0.0, 0.0, 0.0, 0.0, 0.0, 156.03594257647114, 0.0, 0.0, 0.0, 0.0, 0.0, 0.0, 756.0505796093138, 0.0, 786.5534711460423, 0.0, 0.0, 0.0, 0.0, 0.0, 171.18750828766784, 0.0, 0.0, 0.0, 0.0]
INFORMACIÓN : 8apuestaBundle [803.2276857532386, 792.1733043772454, 781.3064292541105, 765.2729198521215, 277.1280895192493]
INFORMACIÓN : 8positionsBundle [1619, 972, 570, 2410, 961]
INFORMACIÓN : 8levelsBundle [3, 3, 3, 3, 2]
INFORMACIÓN : 8positionsOrdered [2410, 1619, 972, 570, 961]
INFORMACIÓN : 8levelsOrdered [3, 3, 3, 3, 2]
INFORMACIÓN : 8partialityOrdered [3, 3, 3, 3, 2]
INFORMACIÓN : 8arrivalTimes [44.579616303774216, 64.11548761251025, 77.45715167663658, 85.70336292787191, 97.7449575066642]
INFORMACIÓN : 9historia0[0.0, 0.0, 803.3493571045076, 34.19734557505183, 0.0, 194.84489427004826, 259.05767947154504, 0.0, 0.0, 0.0, 0.0, 0.0, 787.0740555058644, 0.0, 769.2019584635997, 0.0, 0.0, 0.0, 0.0, 759.7025750775084, 0.0, 273.06405580463206, 789.6157308738204, 0.0, 0.0, 0.0, 0.0, 0.0, 778.4393562399571, 0.0, 0.0, 242.23887783304303, 0.0, 0.0, 143.95436385237971, 0.0, 0.0, 0.0, 0.0, 0.0, 0.0, 0.0, 0.0, 0.0, 0.0, 0.0, 0.0, 0.0, 0.0, 752.5250189460822, 34.19734557505183, 0.0, 792.1733043772454, 0.0, 0.0, 253.90510264802742, 0.0, 0.0, 0.0, 806.5431496603445, 0.0, 0.0, 0.0, 0.0, 0.0, 0.0, 0.0, 0.0, 0.0, 0.0, 0.0, 0.0, 0.0, 0.0, 0.0, 0.0, 803.2276857532386, 145.37304734183556, 0.0, 180.33757023022127, 158.04045307812748, 0.0, 0.0, 796.3887367959809, 0.0, 0.0, 783.6474888817565, 0.0, 36.25186286178388, 0.0, 749.6581783940946, 0.0, 0.0, 0.0, 0.0, 0.0, 141.09618082790234, 0.0, 0.0, 0.0, 0.0, 0.0, 0.0, 0.0, 0.0, 0.0, 0.0, 0.0, 144.67205223588655, 0.0, 0.0, 0.0, 0.0, 0.0, 0.0, 0.0, 0.0, 186.59482295678572, 0.0, 0.0, 0.0, 0.0, 812.3694933684442, 85.17880095086757, 0.0, 0.0, 0.0, 0.0, 0.0, 0.0, 0.0, 88.83181598264377, 248.37677277268898, 0.0, 0.0, 0.0, 0.0, 0.0, 0.0, 0.0, 0.0, 0.0, 190.60187884820505, 0.0, 0.0, 0.0, 0.0, 0.0, 0.0, 0.0, 0.0, 0.0, 0.0, 0.0, 0.0, 0.0, 0.0, 756.0505796093138, 0.0, 786.5534711460423, 0.0, 0.0, 0.0, 0.0, 0.0, 0.0, 153.82121492676038, 0.0, 0.0, 0.0]
INFORMACIÓN : 9apuestaBundle [803.2276857532386, 792.1733043772454, 375.0752761313485, 375.0752761313485, 271.59300941954757, 261.24557256445314]
INFORMACIÓN : 9positionsBundle [1619, 972, 570, 570, 1640, 2361]
INFORMACIÓN : 9levelsBundle [3, 3, 2, 2, 2, 2]
INFORMACIÓN : 9positionsOrdered [2361, 1619, 972, 570, 570, 1640]
INFORMACIÓN : 9levelsOrdered [2, 3, 3, 2, 2, 2]
INFORMACIÓN : 9partialityOrdered [2, 3, 3, 3, 3, 2]
INFORMACIÓN : 9arrivalTimes [19.812343682607054, 64.11548761251025, 77.45715167663658, 85.70336292787191, 85.70336292787191, 125.86375245184666]
INFORMACIÓN : 10historia0[0.0, 0.0, 803.3493571045076, 0.0, 0.0, 194.84489427004826, 259.05767947154504, 0.0, 0.0, 0.0, 0.0, 0.0, 787.0740555058644, 0.0, 769.2019584635997, 0.0, 0.0, 0.0, 0.0, 759.7025750775084, 0.0, 273.06405580463206, 789.6157308738204, 0.0, 0.0, 0.0, 0.0, 0.0, 778.4393562399571, 0.0, 0.0, 242.23887783304303, 0.0, 0.0, 143.95436385237971, 0.0, 0.0, 0.0, 0.0, 0.0, 0.0, 0.0, 0.0, 0.0, 0.0, 0.0, 0.0, 0.0, 0.0, 752.5250189460822, 0.0, 0.0, 792.1733043772454, 0.0, 0.0, 253.90510264802742, 0.0, 0.0, 0.0, 806.5431496603445, 0.0, 0.0, 0.0, 0.0, 0.0, 0.0, 0.0, 0.0, 0.0, 0.0, 0.0, 0.0, 0.0, 0.0, 0.0, 0.0, 803.2276857532386, 145.37304734183556, 0.0, 180.33757023022127, 158.04045307812748, 0.0, 0.0, 796.3887367959809, 0.0, 0.0, 783.6474888817565, 0.0, 36.25186286178388, 0.0, 749.6581783940946, 0.0, 0.0, 0.0, 0.0, 0.0, 141.09618082790234, 0.0, 0.0, 0.0, 0.0, 0.0, 0.0, 0.0, 0.0, 0.0, 0.0, 0.0, 144.67205223588655, 0.0, 0.0, 0.0, 0.0, 0.0, 0.0, 0.0, 0.0, 186.59482295678572, 0.0, 0.0, 0.0, 0.0, 812.3694933684442, 85.17880095086757, 0.0, 0.0, 0.0, 0.0, 0.0, 0.0, 0.0, 88.83181598264377, 248.37677277268898, 0.0, 0.0, 0.0, 0.0, 0.0, 0.0, 0.0, 0.0, 0.0, 190.60187884820505, 0.0, 0.0, 0.0, 0.0, 0.0, 0.0, 0.0, 0.0, 0.0, 0.0, 0.0, 0.0, 0.0, 0.0, 756.0505796093138, 0.0, 786.5534711460423, 0.0, 0.0, 0.0, 0.0, 0.0, 0.0, 153.82121492676038, 0.0, 0.0, 0.0]
INFORMACIÓN : 10apuestaBundle [803.2276857532386, 792.1733043772454, 285.32877384006315, 261.24557256445314, 254.9036703966981]
INFORMACIÓN : 10positionsBundle [1619, 972, 2070, 2361, 2392]
INFORMACIÓN : 10levelsBundle [3, 3, 2, 2, 2]
INFORMACIÓN : 10positionsOrdered [2361, 2070, 1619, 972, 2392]
INFORMACIÓN : 10levelsOrdered [2, 2, 3, 3, 2]
INFORMACIÓN : 10partialityOrdered [2, 2, 3, 3, 2]
INFORMACIÓN : 10arrivalTimes [19.812343682607054, 39.58886050888157, 64.11548761251025, 77.45715167663658, 140.99649840226823]
INFORMACIÓN : 11historia0[0.0, 0.0, 803.3493571045076, 0.0, 0.0, 194.84489427004826, 259.05767947154504, 0.0, 0.0, 0.0, 0.0, 0.0, 787.0740555058644, 0.0, 769.3644540668308, 0.0, 0.0, 0.0, 0.0, 759.7025750775084, 0.0, 273.06405580463206, 789.6157308738204, 0.0, 0.0, 0.0, 0.0, 0.0, 778.4393562399571, 0.0, 254.9036703966981, 242.23887783304303, 0.0, 0.0, 0.0, 0.0, 0.0, 0.0, 0.0, 0.0, 0.0, 0.0, 0.0, 0.0, 261.24557256445314, 0.0, 0.0, 0.0, 0.0, 753.9877705562204, 0.0, 0.0, 792.1733043772454, 0.0, 0.0, 253.90510264802742, 0.0, 0.0, 0.0, 806.5431496603445, 0.0, 0.0, 0.0, 0.0, 0.0, 0.0, 0.0, 0.0, 0.0, 0.0, 0.0, 0.0, 0.0, 0.0, 0.0, 0.0, 803.2276857532386, 145.37304734183556, 0.0, 180.33757023022127, 158.04045307812748, 0.0, 0.0, 796.3887367959809, 0.0, 0.0, 783.6474888817565, 0.0, 36.25186286178388, 0.0, 749.6581783940946, 0.0, 0.0, 0.0, 0.0, 0.0, 141.09618082790234, 0.0, 0.0, 0.0, 0.0, 0.0, 0.0, 0.0, 0.0, 0.0, 0.0, 0.0, 144.67205223588655, 0.0, 0.0, 0.0, 0.0, 0.0, 0.0, 0.0, 0.0, 186.59482295678572, 0.0, 0.0, 0.0, 0.0, 812.3694933684442, 0.0, 0.0, 0.0, 0.0, 0.0, 0.0, 0.0, 0.0, 88.83181598264377, 248.37677277268898, 758.6476074429644, 0.0, 0.0, 0.0, 285.32877384006315, 0.0, 0.0, 0.0, 0.0, 190.60187884820505, 365.1619306327085, 0.0, 0.0, 0.0, 0.0, 0.0, 0.0, 0.0, 0.0, 766.0760519450686, 0.0, 0.0, 0.0, 0.0, 756.2958298386193, 0.0, 786.5534711460423, 0.0, 0.0, 0.0, 0.0, 0.0, 0.0, 153.82121492676038, 0.0, 0.0, 0.0]
INFORMACIÓN : 11apuestaBundle [803.2276857532386, 792.1733043772454, 285.32877384006315, 261.24557256445314, 254.9036703966981]
INFORMACIÓN : 11positionsBundle [1619, 972, 2070, 2361, 2392]
INFORMACIÓN : 11levelsBundle [3, 3, 2, 2, 2]
INFORMACIÓN : 11positionsOrdered [2361, 2070, 1619, 972, 2392]
INFORMACIÓN : 11levelsOrdered [2, 2, 3, 3, 2]
INFORMACIÓN : 11partialityOrdered [2, 2, 3, 3, 2]
INFORMACIÓN : 11arrivalTimes [19.812343682607054, 39.58886050888157, 64.11548761251025, 77.45715167663658, 140.99649840226823]
INFORMACIÓN : 12historia0[0.0, 0.0, 803.3493571045076, 0.0, 0.0, 194.84489427004826, 259.05767947154504, 0.0, 0.0, 0.0, 0.0, 0.0, 787.0740555058644, 0.0, 769.3644540668308, 0.0, 0.0, 0.0, 0.0, 0.0, 0.0, 273.06405580463206, 789.6157308738204, 0.0, 0.0, 0.0, 0.0, 0.0, 778.4393562399571, 0.0, 254.9036703966981, 242.23887783304303, 0.0, 0.0, 0.0, 0.0, 0.0, 0.0, 0.0, 0.0, 0.0, 0.0, 0.0, 0.0, 261.24557256445314, 0.0, 0.0, 0.0, 0.0, 753.9877705562204, 0.0, 0.0, 792.1733043772454, 0.0, 0.0, 253.90510264802742, 0.0, 0.0, 0.0, 806.5431496603445, 0.0, 0.0, 0.0, 0.0, 0.0, 0.0, 0.0, 0.0, 0.0, 0.0, 0.0, 0.0, 0.0, 0.0, 0.0, 0.0, 803.2276857532386, 145.37304734183556, 0.0, 180.33757023022127, 158.04045307812748, 0.0, 0.0, 796.3887367959809, 0.0, 0.0, 783.6474888817565, 0.0, 0.0, 0.0, 749.6581783940946, 0.0, 0.0, 0.0, 0.0, 0.0, 141.09618082790234, 0.0, 0.0, 0.0, 0.0, 0.0, 0.0, 0.0, 0.0, 0.0, 0.0, 0.0, 144.67205223588655, 0.0, 0.0, 0.0, 0.0, 0.0, 0.0, 0.0, 0.0, 186.59482295678572, 0.0, 0.0, 0.0, 0.0, 812.3694933684442, 0.0, 0.0, 0.0, 0.0, 0.0, 0.0, 0.0, 0.0, 88.83181598264377, 0.0, 758.6476074429644, 0.0, 0.0, 0.0, 285.32877384006315, 0.0, 0.0, 0.0, 0.0, 190.60187884820505, 0.0, 0.0, 0.0, 0.0, 0.0, 0.0, 0.0, 0.0, 0.0, 766.0760519450686, 0.0, 0.0, 0.0, 0.0, 756.2958298386193, 0.0, 786.5534711460423, 0.0, 0.0, 0.0, 0.0, 0.0, 0.0, 153.82121492676038, 0.0, 0.0, 0.0]
INFORMACIÓN : 12apuestaBundle [803.2276857532386, 792.1733043772454, 285.32877384006315, 261.24557256445314, 254.9036703966981]
INFORMACIÓN : 12positionsBundle [1619, 972, 2070, 2361, 2392]
INFORMACIÓN : 12levelsBundle [3, 3, 2, 2, 2]
INFORMACIÓN : 12positionsOrdered [2361, 2070, 1619, 972, 2392]
INFORMACIÓN : 12levelsOrdered [2, 2, 3, 3, 2]
INFORMACIÓN : 12partialityOrdered [2, 2, 3, 3, 2]
INFORMACIÓN : 12arrivalTimes [19.812343682607054, 39.58886050888157, 64.11548761251025, 77.45715167663658, 140.99649840226823]
INFORMACIÓN : depSat position 1619 level 3
INFORMACIÓN : depSat position 972 level 3
INFORMACIÓN : 13historia0[0.0, 0.0, 803.3493571045076, 0.0, 0.0, 194.84489427004826, 259.05767947154504, 0.0, 0.0, 0.0, 0.0, 0.0, 787.0740555058644, 0.0, 769.3644540668308, 0.0, 0.0, 0.0, 0.0, 0.0, 0.0, 273.06405580463206, 789.6157308738204, 0.0, 0.0, 0.0, 0.0, 0.0, 778.4393562399571, 50.666930549338, 0.0, 242.23887783304303, 0.0, 0.0, 0.0, 0.0, 0.0, 0.0, 0.0, 0.0, 0.0, 0.0, 0.0, 0.0, 0.0, 0.0, 0.0, 0.0, 0.0, 753.9877705562204, 0.0, 0.0, 0.0, 0.0, 0.0, 0.0, 0.0, 0.0, 0.0, 806.5431496603445, 0.0, 0.0, 0.0, 0.0, 0.0, 0.0, 0.0, 0.0, 0.0, 0.0, 0.0, 0.0, 0.0, 0.0, 57.48352262397099, 0.0, 0.0, 145.37304734183556, 0.0, 180.33757023022127, 158.04045307812748, 0.0, 0.0, 796.3887367959809, 0.0, 0.0, 783.6474888817565, 0.0, 0.0, 0.0, 749.6581783940946, 0.0, 0.0, 0.0, 0.0, 0.0, 141.09618082790234, 0.0, 0.0, 0.0, 0.0, 0.0, 0.0, 0.0, 0.0, 0.0, 0.0, 0.0, 144.67205223588655, 0.0, 0.0, 0.0, 0.0, 0.0, 0.0, 45.11764034237025, 0.0, 186.59482295678572, 0.0, 0.0, 0.0, 0.0, 812.3694933684442, 58.84320791149821, 0.0, 0.0, 0.0, 0.0, 0.0, 0.0, 0.0, 0.0, 0.0, 758.6476074429644, 0.0, 0.0, 0.0, 0.0, 0.0, 0.0, 0.0, 0.0, 190.60187884820505, 0.0, 0.0, 0.0, 0.0, 0.0, 0.0, 0.0, 0.0, 0.0, 766.0760519450686, 0.0, 0.0, 0.0, 0.0, 756.2958298386193, 0.0, 786.5534711460423, 0.0, 0.0, 0.0, 0.0, 0.0, 0.0, 153.82121492676038, 0.0, 57.48352262397099, 0.0]
INFORMACIÓN : 13apuestaBundle [803.3903984751247, 791.568667082439, 785.3590723206743, 779.9136950447552, 776.363543812289]
INFORMACIÓN : 13positionsBundle [1619, 972, 1358, 570, 463]
INFORMACIÓN : 13levelsBundle [3, 3, 3, 3, 3]
INFORMACIÓN : 13positionsOrdered [1619, 972, 570, 1358, 463]
INFORMACIÓN : 13levelsOrdered [3, 3, 3, 3, 3]
INFORMACIÓN : 13partialityOrdered [3, 3, 3, 3, 3]
INFORMACIÓN : 13arrivalTimes [60.11548761251025, 73.45715167663658, 81.70336292787191, 101.70336292787191, 120.38490462014131]
INFORMACIÓN : 14historia0[0.0, 0.0, 803.3493571045076, 0.0, 0.0, 194.84489427004826, 259.05767947154504, 0.0, 0.0, 0.0, 0.0, 0.0, 787.0740555058644, 0.0, 769.3644540668308, 0.0, 247.27514761706652, 0.0, 0.0, 0.0, 0.0, 0.0, 789.6157308738204, 0.0, 0.0, 0.0, 0.0, 0.0, 778.4393562399571, 0.0, 0.0, 242.23887783304303, 0.0, 0.0, 0.0, 0.0, 785.3590723206743, 0.0, 0.0, 0.0, 0.0, 0.0, 0.0, 0.0, 0.0, 0.0, 0.0, 0.0, 0.0, 759.7986255790929, 0.0, 0.0, 791.568667082439, 0.0, 0.0, 0.0, 0.0, 0.0, 0.0, 806.5431496603445, 0.0, 0.0, 0.0, 0.0, 0.0, 0.0, 0.0, 0.0, 0.0, 0.0, 0.0, 0.0, 0.0, 0.0, 57.48352262397099, 0.0, 803.3903984751247, 145.37304734183556, 0.0, 180.33757023022127, 158.04045307812748, 0.0, 0.0, 796.3887367959809, 0.0, 0.0, 783.6474888817565, 0.0, 0.0, 0.0, 776.363543812289, 0.0, 0.0, 779.9136950447552, 0.0, 0.0, 141.09618082790234, 0.0, 0.0, 0.0, 0.0, 0.0, 0.0, 0.0, 0.0, 0.0, 0.0, 0.0, 144.67205223588655, 0.0, 0.0, 0.0, 0.0, 0.0, 0.0, 0.0, 0.0, 186.59482295678572, 0.0, 0.0, 0.0, 0.0, 812.3694933684442, 0.0, 0.0, 0.0, 0.0, 0.0, 0.0, 0.0, 0.0, 0.0, 238.5722512113639, 758.6476074429644, 0.0, 0.0, 0.0, 0.0, 0.0, 0.0, 0.0, 0.0, 190.60187884820505, 0.0, 0.0, 0.0, 0.0, 0.0, 0.0, 0.0, 0.0, 0.0, 766.0760519450686, 0.0, 0.0, 0.0, 0.0, 756.2958298386193, 0.0, 786.5534711460423, 0.0, 0.0, 0.0, 0.0, 0.0, 0.0, 153.82121492676038, 0.0, 57.48352262397099, 0.0]
INFORMACIÓN : 14apuestaBundle [803.3903984751247, 791.568667082439, 785.3590723206743, 779.9136950447552, 776.363543812289]
INFORMACIÓN : 14positionsBundle [1619, 972, 1358, 570, 463]
INFORMACIÓN : 14levelsBundle [3, 3, 3, 3, 3]
INFORMACIÓN : 14positionsOrdered [1619, 972, 570, 1358, 463]
INFORMACIÓN : 14levelsOrdered [3, 3, 3, 3, 3]
INFORMACIÓN : 14partialityOrdered [3, 3, 3, 3, 3]
INFORMACIÓN : 14arrivalTimes [60.11548761251025, 73.45715167663658, 81.70336292787191, 101.70336292787191, 120.38490462014131]
INFORMACIÓN : 15historia0[0.0, 0.0, 803.3493571045076, 0.0, 0.0, 194.84489427004826, 0.0, 0.0, 0.0, 0.0, 0.0, 0.0, 787.0740555058644, 0.0, 769.3644540668308, 0.0, 0.0, 0.0, 0.0, 0.0, 0.0, 0.0, 789.6157308738204, 0.0, 0.0, 0.0, 0.0, 0.0, 778.4393562399571, 0.0, 0.0, 0.0, 0.0, 0.0, 0.0, 0.0, 785.3590723206743, 0.0, 0.0, 0.0, 0.0, 0.0, 0.0, 0.0, 0.0, 0.0, 0.0, 0.0, 0.0, 759.7986255790929, 0.0, 0.0, 791.568667082439, 0.0, 0.0, 253.90510264802742, 0.0, 0.0, 0.0, 806.5431496603445, 0.0, 0.0, 0.0, 0.0, 0.0, 0.0, 0.0, 0.0, 0.0, 0.0, 0.0, 0.0, 0.0, 0.0, 57.48352262397099, 0.0, 803.3903984751247, 145.37304734183556, 0.0, 180.33757023022127, 0.0, 0.0, 0.0, 796.3887367959809, 0.0, 0.0, 783.6474888817565, 0.0, 0.0, 0.0, 0.0, 0.0, 0.0, 779.9136950447552, 0.0, 0.0, 141.09618082790234, 0.0, 0.0, 0.0, 0.0, 0.0, 0.0, 0.0, 0.0, 0.0, 0.0, 0.0, 0.0, 0.0, 0.0, 0.0, 0.0, 0.0, 0.0, 0.0, 0.0, 186.59482295678572, 0.0, 0.0, 0.0, 0.0, 812.3694933684442, 0.0, 0.0, 0.0, 0.0, 0.0, 0.0, 0.0, 46.60478148689788, 48.613485104129495, 0.0, 758.6476074429644, 0.0, 0.0, 0.0, 0.0, 0.0, 0.0, 0.0, 0.0, 190.60187884820505, 0.0, 0.0, 0.0, 0.0, 0.0, 0.0, 0.0, 0.0, 0.0, 767.6554582593369, 46.790464316620046, 0.0, 0.0, 0.0, 766.3532922614982, 0.0, 786.5534711460423, 0.0, 13.885556046756847, 0.0, 0.0, 0.0, 0.0, 0.0, 0.0, 57.48352262397099, 0.0]
INFORMACIÓN : 15apuestaBundle [803.3903984751247, 791.568667082439, 785.3590723206743, 779.9136950447552, 369.2747987722201, 369.2747987722201]
INFORMACIÓN : 15positionsBundle [1619, 972, 1358, 570, 463, 463]
INFORMACIÓN : 15levelsBundle [3, 3, 3, 3, 2, 2]
INFORMACIÓN : 15positionsOrdered [1619, 972, 570, 1358, 463, 463]
INFORMACIÓN : 15levelsOrdered [3, 3, 3, 3, 2, 2]
