----------------------------------------------------------------------
-- Log session for [myBugCoalitionsCCBBAGuaiDEF-384] started on 2017.07.13.00.59.14 --
----------------------------------------------------------------------

INFORMACIÓN : I started
INFORMACIÓN : 0apuestaBundle [803.2128017991024, 792.4216008193301, 784.9146061965736, 780.2606263345393, 766.4714181745021]
INFORMACIÓN : 0positionsBundle [1362, 711, 410, 1578, 2417]
INFORMACIÓN : 0levelsBundle [3, 3, 3, 3, 3]
INFORMACIÓN : 0positionsOrdered [1362, 711, 410, 1578, 2417]
INFORMACIÓN : 0levelsOrdered [3, 3, 3, 3, 3]
INFORMACIÓN : 0partialityOrdered [3, 3, 3, 3, 3]
INFORMACIÓN : 0arrivalTimes [7.383417482844715, 20.421822293250013, 26.50458482354823, 55.7107485565687, 75.95920528788528]
INFORMACIÓN : 1historia0[0.0, 0.0, 0.0, 0.0, 0.0, 0.0, 0.0, 0.0, 0.0, 0.0, 0.0, 0.0, 0.0, 0.0, 0.0, 0.0, 0.0, 0.0, 0.0, 0.0, 0.0, 0.0, 0.0, 0.0, 771.2341676665653, 0.0, 0.0, 0.0, 803.2128017991024, 0.0, 0.0, 0.0, 0.0, 0.0, 0.0, 0.0, 0.0, 0.0, 0.0, 0.0, 0.0, 0.0, 792.4216008193301, 0.0, 0.0, 0.0, 0.0, 0.0, 0.0, 0.0, 0.0, 798.6785454302671, 0.0, 0.0, 0.0, 0.0, 0.0, 0.0, 0.0, 0.0, 0.0, 0.0, 0.0, 784.5794804505804, 0.0, 0.0, 0.0, 0.0, 0.0, 0.0, 0.0, 0.0, 0.0, 0.0, 0.0, 0.0, 0.0, 0.0, 0.0, 0.0, 0.0, 0.0, 0.0, 0.0, 0.0, 0.0, 0.0, 0.0, 0.0, 0.0, 0.0, 162.67680690416137, 0.0, 0.0, 0.0, 0.0, 0.0, 0.0, 0.0, 0.0, 0.0, 0.0, 0.0, 0.0, 0.0, 0.0, 0.0, 0.0, 0.0, 0.0, 0.0, 0.0, 0.0, 0.0, 0.0, 0.0, 0.0, 0.0, 0.0, 0.0, 0.0, 0.0, 0.0, 764.7935911796471, 0.0, 0.0, 0.0, 0.0, 0.0, 0.0, 0.0, 0.0, 169.6642520660153, 784.9146061965736, 0.0, 0.0, 0.0, 0.0, 0.0, 0.0, 0.0, 0.0, 0.0, 0.0, 0.0, 0.0, 802.9268246639465, 0.0, 0.0, 0.0, 0.0, 0.0, 0.0, 0.0, 0.0, 0.0, 0.0, 0.0, 0.0, 0.0, 0.0, 0.0, 0.0, 155.0704002036082, 0.0, 0.0, 0.0, 0.0, 174.14265722109076, 0.0]
INFORMACIÓN : 1apuestaBundle [803.2128017991024, 792.4216008193301, 784.9146061965736, 757.5957201689052, 750.5104474443891]
INFORMACIÓN : 1positionsBundle [1362, 711, 410, 1194, 898]
INFORMACIÓN : 1levelsBundle [3, 3, 3, 3, 3]
INFORMACIÓN : 1positionsOrdered [1362, 711, 410, 1194, 898]
INFORMACIÓN : 1levelsOrdered [3, 3, 3, 3, 3]
INFORMACIÓN : 1partialityOrdered [3, 3, 3, 3, 3]
INFORMACIÓN : 1arrivalTimes [7.383417482844715, 20.421822293250013, 26.50458482354823, 63.666393175672326, 70.8774957266003]
INFORMACIÓN : 2historia0[0.0, 0.0, 0.0, 0.0, 0.0, 0.0, 0.0, 0.0, 0.0, 0.0, 0.0, 0.0, 284.2383510655241, 0.0, 0.0, 0.0, 0.0, 0.0, 0.0, 0.0, 364.4959877275696, 0.0, 0.0, 0.0, 0.0, 0.0, 0.0, 0.0, 782.2318161009493, 0.0, 0.0, 0.0, 0.0, 0.0, 0.0, 0.0, 0.0, 0.0, 0.0, 0.0, 0.0, 0.0, 0.0, 0.0, 0.0, 0.0, 0.0, 0.0, 0.0, 0.0, 0.0, 798.6785454302671, 0.0, 0.0, 0.0, 782.5911004665389, 0.0, 0.0, 0.0, 0.0, 0.0, 0.0, 0.0, 784.5794804505804, 0.0, 359.14003281870464, 0.0, 0.0, 773.4380137383888, 0.0, 0.0, 0.0, 0.0, 0.0, 0.0, 0.0, 0.0, 0.0, 0.0, 784.2191519677391, 0.0, 0.0, 0.0, 0.0, 0.0, 282.20191803263583, 0.0, 0.0, 0.0, 0.0, 0.0, 0.0, 0.0, 0.0, 0.0, 0.0, 0.0, 0.0, 0.0, 0.0, 0.0, 0.0, 364.4959877275696, 0.0, 0.0, 0.0, 0.0, 0.0, 0.0, 751.8876824099868, 0.0, 0.0, 0.0, 0.0, 0.0, 0.0, 0.0, 0.0, 0.0, 0.0, 0.0, 0.0, 0.0, 0.0, 0.0, 0.0, 0.0, 0.0, 0.0, 0.0, 0.0, 359.14003281870464, 0.0, 0.0, 0.0, 0.0, 0.0, 0.0, 0.0, 0.0, 0.0, 0.0, 0.0, 0.0, 0.0, 0.0, 802.702282943626, 0.0, 0.0, 0.0, 0.0, 0.0, 0.0, 0.0, 0.0, 0.0, 0.0, 0.0, 0.0, 0.0, 0.0, 0.0, 0.0, 0.0, 0.0, 0.0, 0.0, 0.0, 0.0, 0.0]
INFORMACIÓN : 2apuestaBundle [801.7480363052492, 792.4216008193301, 768.7196561864251, 757.5957201689052, 750.5104474443891]
INFORMACIÓN : 2positionsBundle [1362, 711, 410, 1194, 898]
INFORMACIÓN : 2levelsBundle [3, 3, 3, 3, 3]
INFORMACIÓN : 2positionsOrdered [410, 1362, 711, 1194, 898]
INFORMACIÓN : 2levelsOrdered [3, 3, 3, 3, 3]
INFORMACIÓN : 2partialityOrdered [3, 3, 3, 3, 3]
INFORMACIÓN : 2arrivalTimes [22.50458482354823, 43.32896126531359, 56.367366075718884, 90.57262882869303, 97.783731379621]
INFORMACIÓN : 3historia0[0.0, 0.0, 0.0, 757.5957201689052, 0.0, 0.0, 0.0, 0.0, 0.0, 0.0, 0.0, 0.0, 284.2383510655241, 0.0, 0.0, 0.0, 0.0, 277.3437899562109, 0.0, 0.0, 0.0, 0.0, 0.0, 0.0, 771.2341676665653, 0.0, 0.0, 0.0, 801.7480363052492, 0.0, 0.0, 0.0, 0.0, 0.0, 0.0, 0.0, 0.0, 0.0, 0.0, 0.0, 0.0, 0.0, 792.4216008193301, 0.0, 0.0, 0.0, 0.0, 0.0, 0.0, 0.0, 0.0, 798.6785454302671, 0.0, 0.0, 0.0, 782.5911004665389, 0.0, 0.0, 0.0, 0.0, 0.0, 0.0, 0.0, 784.5794804505804, 0.0, 0.0, 0.0, 0.0, 773.4380137383888, 0.0, 0.0, 0.0, 0.0, 0.0, 0.0, 0.0, 0.0, 0.0, 0.0, 784.2191519677391, 0.0, 0.0, 0.0, 0.0, 0.0, 0.0, 0.0, 0.0, 0.0, 0.0, 0.0, 166.327126901549, 0.0, 0.0, 0.0, 0.0, 0.0, 0.0, 0.0, 0.0, 0.0, 0.0, 0.0, 0.0, 0.0, 0.0, 0.0, 0.0, 0.0, 751.8876824099868, 0.0, 0.0, 0.0, 0.0, 0.0, 0.0, 0.0, 0.0, 0.0, 0.0, 0.0, 0.0, 0.0, 764.7935911796471, 0.0, 0.0, 0.0, 750.5104474443891, 0.0, 0.0, 0.0, 0.0, 0.0, 768.7196561864251, 0.0, 252.68153297073655, 0.0, 0.0, 0.0, 244.87009019059394, 0.0, 0.0, 0.0, 0.0, 0.0, 0.0, 802.702282943626, 0.0, 0.0, 0.0, 0.0, 0.0, 0.0, 0.0, 0.0, 0.0, 0.0, 0.0, 0.0, 0.0, 0.0, 0.0, 0.0, 0.0, 0.0, 0.0, 0.0, 0.0, 174.14265722109076, 0.0]
INFORMACIÓN : 3apuestaBundle [801.7480363052492, 792.4216008193301, 768.7196561864251, 757.5957201689052, 750.5104474443891]
INFORMACIÓN : 3positionsBundle [1362, 711, 410, 1194, 898]
INFORMACIÓN : 3levelsBundle [3, 3, 3, 3, 3]
INFORMACIÓN : 3positionsOrdered [410, 1362, 711, 1194, 898]
INFORMACIÓN : 3levelsOrdered [3, 3, 3, 3, 3]
INFORMACIÓN : 3partialityOrdered [3, 3, 3, 3, 3]
INFORMACIÓN : 3arrivalTimes [22.50458482354823, 43.32896126531359, 56.367366075718884, 90.57262882869303, 97.783731379621]
INFORMACIÓN : 4historia0[0.0, 0.0, 0.0, 757.5957201689052, 0.0, 0.0, 0.0, 0.0, 0.0, 0.0, 0.0, 0.0, 284.2383510655241, 0.0, 0.0, 0.0, 0.0, 277.3437899562109, 0.0, 0.0, 0.0, 0.0, 0.0, 0.0, 771.2341676665653, 0.0, 0.0, 0.0, 801.7480363052492, 0.0, 0.0, 0.0, 0.0, 0.0, 0.0, 0.0, 0.0, 0.0, 0.0, 0.0, 0.0, 0.0, 792.4216008193301, 0.0, 0.0, 0.0, 0.0, 0.0, 800.2130621343065, 0.0, 0.0, 798.6785454302671, 0.0, 0.0, 0.0, 782.5911004665389, 0.0, 0.0, 0.0, 0.0, 0.0, 0.0, 0.0, 784.5794804505804, 0.0, 0.0, 0.0, 0.0, 773.4380137383888, 0.0, 0.0, 0.0, 0.0, 0.0, 0.0, 0.0, 0.0, 0.0, 0.0, 784.2191519677391, 0.0, 0.0, 0.0, 0.0, 0.0, 0.0, 0.0, 0.0, 0.0, 0.0, 0.0, 166.327126901549, 0.0, 0.0, 0.0, 0.0, 0.0, 0.0, 0.0, 0.0, 0.0, 0.0, 0.0, 0.0, 0.0, 0.0, 0.0, 0.0, 0.0, 751.8876824099868, 0.0, 0.0, 0.0, 0.0, 763.0568550528938, 0.0, 0.0, 0.0, 0.0, 0.0, 0.0, 0.0, 0.0, 764.7935911796471, 0.0, 0.0, 0.0, 750.5104474443891, 0.0, 0.0, 0.0, 0.0, 0.0, 768.7196561864251, 0.0, 267.2441326878238, 767.9282486378966, 0.0, 0.0, 244.87009019059394, 0.0, 0.0, 0.0, 0.0, 0.0, 0.0, 802.702282943626, 0.0, 0.0, 0.0, 0.0, 758.7579183505193, 0.0, 0.0, 0.0, 0.0, 0.0, 0.0, 0.0, 0.0, 0.0, 0.0, 0.0, 0.0, 0.0, 0.0, 0.0, 0.0, 174.14265722109076, 0.0]
INFORMACIÓN : 4apuestaBundle [801.7480363052492, 792.4216008193301, 768.7196561864251, 757.5957201689052, 750.5104474443891]
INFORMACIÓN : 4positionsBundle [1362, 711, 410, 1194, 898]
INFORMACIÓN : 4levelsBundle [3, 3, 3, 3, 3]
INFORMACIÓN : 4positionsOrdered [410, 1362, 711, 1194, 898]
INFORMACIÓN : 4levelsOrdered [3, 3, 3, 3, 3]
INFORMACIÓN : 4partialityOrdered [3, 3, 3, 3, 3]
INFORMACIÓN : 4arrivalTimes [22.50458482354823, 43.32896126531359, 56.367366075718884, 90.57262882869303, 97.783731379621]
INFORMACIÓN : 5historia0[0.0, 0.0, 0.0, 757.5957201689052, 0.0, 0.0, 0.0, 0.0, 0.0, 0.0, 0.0, 0.0, 284.2383510655241, 0.0, 0.0, 0.0, 0.0, 277.3437899562109, 0.0, 0.0, 0.0, 0.0, 0.0, 0.0, 771.2341676665653, 0.0, 0.0, 0.0, 801.7480363052492, 0.0, 0.0, 0.0, 0.0, 0.0, 0.0, 0.0, 0.0, 0.0, 0.0, 0.0, 0.0, 0.0, 792.4216008193301, 0.0, 0.0, 0.0, 0.0, 0.0, 800.2130621343065, 0.0, 0.0, 798.6785454302671, 0.0, 0.0, 0.0, 782.5911004665389, 0.0, 0.0, 0.0, 0.0, 0.0, 0.0, 0.0, 784.5794804505804, 0.0, 0.0, 0.0, 0.0, 773.4380137383888, 0.0, 0.0, 0.0, 0.0, 0.0, 0.0, 0.0, 0.0, 0.0, 0.0, 784.2191519677391, 0.0, 0.0, 0.0, 0.0, 0.0, 270.9284346229125, 0.0, 0.0, 0.0, 0.0, 0.0, 0.0, 0.0, 0.0, 0.0, 0.0, 0.0, 0.0, 0.0, 0.0, 0.0, 0.0, 0.0, 0.0, 0.0, 0.0, 0.0, 0.0, 0.0, 751.8876824099868, 0.0, 0.0, 0.0, 0.0, 763.0568550528938, 0.0, 0.0, 0.0, 0.0, 0.0, 0.0, 0.0, 0.0, 764.7935911796471, 0.0, 0.0, 0.0, 750.5104474443891, 0.0, 0.0, 141.16165866309552, 0.0, 161.55885281942506, 768.7196561864251, 0.0, 267.2441326878238, 767.9282486378966, 0.0, 0.0, 0.0, 0.0, 0.0, 0.0, 0.0, 0.0, 0.0, 802.702282943626, 0.0, 0.0, 0.0, 0.0, 758.7579183505193, 0.0, 0.0, 0.0, 0.0, 0.0, 0.0, 0.0, 0.0, 0.0, 0.0, 0.0, 146.72100578867207, 0.0, 0.0, 0.0, 0.0, 0.0, 0.0]
INFORMACIÓN : 5apuestaBundle [801.7480363052492, 792.4216008193301, 768.7196561864251, 757.5957201689052, 750.5104474443891]
INFORMACIÓN : 5positionsBundle [1362, 711, 410, 1194, 898]
INFORMACIÓN : 5levelsBundle [3, 3, 3, 3, 3]
INFORMACIÓN : 5positionsOrdered [410, 1362, 711, 1194, 898]
INFORMACIÓN : 5levelsOrdered [3, 3, 3, 3, 3]
INFORMACIÓN : 5partialityOrdered [3, 3, 3, 3, 3]
INFORMACIÓN : 5arrivalTimes [22.50458482354823, 43.32896126531359, 56.367366075718884, 90.57262882869303, 97.783731379621]
INFORMACIÓN : 6historia0[0.0, 0.0, 0.0, 757.5957201689052, 0.0, 0.0, 0.0, 0.0, 0.0, 0.0, 0.0, 0.0, 284.2383510655241, 0.0, 0.0, 0.0, 0.0, 277.3437899562109, 0.0, 0.0, 0.0, 0.0, 0.0, 0.0, 769.8738296996387, 0.0, 0.0, 0.0, 801.7480363052492, 0.0, 0.0, 0.0, 0.0, 0.0, 0.0, 0.0, 0.0, 0.0, 0.0, 0.0, 0.0, 0.0, 792.4216008193301, 0.0, 0.0, 0.0, 0.0, 0.0, 800.2130621343065, 0.0, 0.0, 798.6785454302671, 0.0, 0.0, 0.0, 782.5911004665389, 0.0, 0.0, 0.0, 0.0, 0.0, 0.0, 0.0, 784.5794804505804, 0.0, 0.0, 0.0, 0.0, 773.4380137383888, 0.0, 0.0, 0.0, 0.0, 0.0, 0.0, 0.0, 0.0, 0.0, 0.0, 784.2191519677391, 0.0, 0.0, 0.0, 0.0, 0.0, 270.9284346229125, 0.0, 0.0, 0.0, 0.0, 0.0, 0.0, 0.0, 0.0, 0.0, 0.0, 0.0, 0.0, 0.0, 0.0, 0.0, 0.0, 0.0, 0.0, 0.0, 0.0, 0.0, 0.0, 0.0, 751.8876824099868, 0.0, 0.0, 0.0, 0.0, 763.0568550528938, 0.0, 0.0, 0.0, 0.0, 0.0, 0.0, 0.0, 0.0, 772.2172139642721, 0.0, 0.0, 0.0, 750.5104474443891, 0.0, 0.0, 141.16165866309552, 0.0, 161.55885281942506, 768.7196561864251, 0.0, 267.2441326878238, 767.9282486378966, 0.0, 0.0, 0.0, 0.0, 0.0, 0.0, 0.0, 0.0, 0.0, 802.702282943626, 0.0, 0.0, 0.0, 0.0, 758.7579183505193, 0.0, 0.0, 0.0, 0.0, 0.0, 0.0, 0.0, 0.0, 0.0, 0.0, 0.0, 146.72100578867207, 0.0, 0.0, 0.0, 0.0, 0.0, 0.0]
INFORMACIÓN : 6apuestaBundle [801.7480363052492, 792.4216008193301, 768.7196561864251, 757.5957201689052, 750.5104474443891]
INFORMACIÓN : 6positionsBundle [1362, 711, 410, 1194, 898]
INFORMACIÓN : 6levelsBundle [3, 3, 3, 3, 3]
INFORMACIÓN : 6positionsOrdered [410, 1362, 711, 1194, 898]
INFORMACIÓN : 6levelsOrdered [3, 3, 3, 3, 3]
INFORMACIÓN : 6partialityOrdered [3, 3, 3, 3, 3]
INFORMACIÓN : 6arrivalTimes [22.50458482354823, 43.32896126531359, 56.367366075718884, 90.57262882869303, 97.783731379621]
INFORMACIÓN : depSat position 1362 level 3
INFORMACIÓN : 7historia0[0.0, 0.0, 0.0, 0.0, 0.0, 0.0, 0.0, 0.0, 0.0, 0.0, 0.0, 0.0, 0.0, 0.0, 0.0, 0.0, 0.0, 277.3437899562109, 0.0, 0.0, 0.0, 0.0, 0.0, 0.0, 769.8738296996387, 0.0, 0.0, 0.0, 0.0, 0.0, 0.0, 0.0, 0.0, 0.0, 0.0, 0.0, 0.0, 0.0, 0.0, 0.0, 0.0, 0.0, 0.0, 0.0, 0.0, 0.0, 0.0, 0.0, 800.2130621343065, 0.0, 0.0, 798.6785454302671, 0.0, 0.0, 0.0, 782.5911004665389, 0.0, 0.0, 0.0, 0.0, 0.0, 0.0, 0.0, 784.5794804505804, 0.0, 0.0, 0.0, 0.0, 0.0, 0.0, 0.0, 0.0, 0.0, 0.0, 0.0, 0.0, 0.0, 0.0, 0.0, 784.2191519677391, 0.0, 0.0, 0.0, 0.0, 0.0, 270.9284346229125, 0.0, 0.0, 0.0, 0.0, 0.0, 0.0, 0.0, 0.0, 0.0, 0.0, 0.0, 0.0, 0.0, 0.0, 0.0, 0.0, 0.0, 0.0, 0.0, 0.0, 0.0, 0.0, 0.0, 0.0, 0.0, 0.0, 0.0, 0.0, 763.0568550528938, 0.0, 0.0, 0.0, 0.0, 0.0, 0.0, 0.0, 0.0, 772.2172139642721, 0.0, 0.0, 0.0, 0.0, 0.0, 0.0, 141.16165866309552, 0.0, 161.55885281942506, 0.0, 0.0, 267.2441326878238, 767.9282486378966, 0.0, 0.0, 0.0, 0.0, 0.0, 0.0, 0.0, 0.0, 0.0, 802.702282943626, 0.0, 0.0, 0.0, 0.0, 758.7579183505193, 0.0, 0.0, 0.0, 0.0, 0.0, 0.0, 0.0, 0.0, 0.0, 0.0, 0.0, 146.72100578867207, 0.0, 0.0, 0.0, 0.0, 0.0, 0.0]
INFORMACIÓN : 7apuestaBundle [801.7480363052492, 790.9005340588142, 768.7196561864251, 755.68937937261, 748.5157780718248]
INFORMACIÓN : 7positionsBundle [1362, 711, 410, 1194, 898]
INFORMACIÓN : 7levelsBundle [3, 3, 3, 3, 3]
INFORMACIÓN : 7positionsOrdered [410, 1362, 711, 1194, 898]
INFORMACIÓN : 7levelsOrdered [3, 3, 3, 3, 3]
INFORMACIÓN : 7partialityOrdered [3, 3, 3, 3, 3]
INFORMACIÓN : 7arrivalTimes [22.50458482354823, 43.32896126531359, 56.367366075718884, 90.57262882869303, 97.783731379621]
INFORMACIÓN : 8historia0[0.0, 0.0, 0.0, 755.68937937261, 0.0, 0.0, 0.0, 0.0, 0.0, 0.0, 0.0, 0.0, 0.0, 0.0, 0.0, 0.0, 0.0, 277.3437899562109, 0.0, 0.0, 0.0, 0.0, 0.0, 0.0, 769.8738296996387, 0.0, 0.0, 0.0, 801.7480363052492, 0.0, 0.0, 0.0, 727.9013355326165, 0.0, 0.0, 0.0, 0.0, 254.2227387370708, 0.0, 0.0, 0.0, 0.0, 790.9005340588142, 0.0, 0.0, 0.0, 0.0, 0.0, 800.2130621343065, 0.0, 0.0, 798.6785454302671, 0.0, 0.0, 0.0, 782.5911004665389, 0.0, 0.0, 0.0, 0.0, 0.0, 0.0, 0.0, 784.5794804505804, 0.0, 0.0, 0.0, 0.0, 0.0, 0.0, 0.0, 0.0, 0.0, 0.0, 0.0, 0.0, 0.0, 0.0, 0.0, 784.2191519677391, 0.0, 0.0, 0.0, 0.0, 0.0, 270.9284346229125, 745.8496261510066, 0.0, 0.0, 0.0, 270.30727806635423, 0.0, 0.0, 0.0, 0.0, 0.0, 0.0, 0.0, 0.0, 0.0, 0.0, 0.0, 0.0, 0.0, 0.0, 0.0, 0.0, 777.6291560371927, 0.0, 0.0, 0.0, 0.0, 0.0, 0.0, 763.0568550528938, 0.0, 0.0, 0.0, 0.0, 0.0, 0.0, 255.86351107855626, 0.0, 772.2172139642721, 0.0, 0.0, 0.0, 748.5157780718248, 0.0, 0.0, 0.0, 0.0, 0.0, 768.7196561864251, 0.0, 267.2441326878238, 767.9282486378966, 0.0, 0.0, 0.0, 0.0, 0.0, 0.0, 0.0, 0.0, 0.0, 803.4058614826589, 0.0, 0.0, 0.0, 0.0, 758.7579183505193, 0.0, 0.0, 0.0, 0.0, 0.0, 0.0, 0.0, 0.0, 0.0, 0.0, 0.0, 0.0, 0.0, 0.0, 0.0, 0.0, 0.0, 0.0]
INFORMACIÓN : 8apuestaBundle [801.7480363052492, 790.9005340588142, 768.7196561864251, 755.68937937261, 748.5157780718248]
INFORMACIÓN : 8positionsBundle [1362, 711, 410, 1194, 898]
INFORMACIÓN : 8levelsBundle [3, 3, 3, 3, 3]
INFORMACIÓN : 8positionsOrdered [410, 1362, 711, 1194, 898]
INFORMACIÓN : 8levelsOrdered [3, 3, 3, 3, 3]
INFORMACIÓN : 8partialityOrdered [3, 3, 3, 3, 3]
INFORMACIÓN : 8arrivalTimes [22.50458482354823, 43.32896126531359, 56.367366075718884, 90.57262882869303, 97.783731379621]
INFORMACIÓN : 9historia0[0.0, 0.0, 0.0, 755.68937937261, 0.0, 0.0, 0.0, 0.0, 0.0, 0.0, 0.0, 0.0, 0.0, 0.0, 0.0, 0.0, 0.0, 277.3437899562109, 0.0, 0.0, 0.0, 0.0, 0.0, 0.0, 769.8738296996387, 0.0, 0.0, 0.0, 801.7480363052492, 0.0, 0.0, 0.0, 727.9013355326165, 0.0, 0.0, 0.0, 0.0, 254.2227387370708, 0.0, 0.0, 0.0, 0.0, 790.9005340588142, 0.0, 0.0, 0.0, 0.0, 0.0, 0.0, 0.0, 0.0, 798.6785454302671, 0.0, 0.0, 0.0, 782.5911004665389, 0.0, 0.0, 0.0, 0.0, 0.0, 0.0, 0.0, 784.5794804505804, 0.0, 0.0, 0.0, 0.0, 0.0, 0.0, 0.0, 0.0, 0.0, 0.0, 0.0, 0.0, 0.0, 0.0, 0.0, 784.2191519677391, 0.0, 0.0, 0.0, 0.0, 0.0, 270.9284346229125, 745.8496261510066, 0.0, 0.0, 0.0, 270.30727806635423, 0.0, 0.0, 0.0, 0.0, 0.0, 0.0, 0.0, 0.0, 0.0, 0.0, 0.0, 0.0, 0.0, 0.0, 0.0, 0.0, 777.6291560371927, 0.0, 0.0, 0.0, 0.0, 0.0, 0.0, 0.0, 0.0, 0.0, 0.0, 0.0, 0.0, 0.0, 255.86351107855626, 0.0, 772.2172139642721, 0.0, 0.0, 0.0, 748.5157780718248, 0.0, 0.0, 0.0, 0.0, 0.0, 768.7196561864251, 0.0, 0.0, 0.0, 0.0, 0.0, 0.0, 0.0, 0.0, 0.0, 0.0, 0.0, 0.0, 802.865305560735, 0.0, 0.0, 0.0, 0.0, 0.0, 0.0, 0.0, 0.0, 0.0, 0.0, 0.0, 0.0, 0.0, 0.0, 0.0, 0.0, 0.0, 0.0, 0.0, 0.0, 0.0, 0.0, 0.0]
INFORMACIÓN : 9apuestaBundle [801.7480363052492, 790.9005340588142, 768.7196561864251, 755.68937937261, 748.5157780718248]
INFORMACIÓN : 9positionsBundle [1362, 711, 410, 1194, 898]
INFORMACIÓN : 9levelsBundle [3, 3, 3, 3, 3]
INFORMACIÓN : 9positionsOrdered [410, 1362, 711, 1194, 898]
INFORMACIÓN : 9levelsOrdered [3, 3, 3, 3, 3]
INFORMACIÓN : 9partialityOrdered [3, 3, 3, 3, 3]
INFORMACIÓN : 9arrivalTimes [22.50458482354823, 43.32896126531359, 56.367366075718884, 90.57262882869303, 97.783731379621]
INFORMACIÓN : 10historia0[0.0, 0.0, 0.0, 755.68937937261, 0.0, 0.0, 0.0, 0.0, 0.0, 0.0, 0.0, 0.0, 0.0, 0.0, 0.0, 0.0, 0.0, 277.3437899562109, 0.0, 0.0, 0.0, 0.0, 0.0, 0.0, 769.8738296996387, 0.0, 0.0, 0.0, 801.7480363052492, 0.0, 0.0, 268.52915012136555, 727.9013355326165, 0.0, 0.0, 0.0, 0.0, 254.2227387370708, 0.0, 0.0, 0.0, 0.0, 790.9005340588142, 0.0, 0.0, 0.0, 0.0, 0.0, 800.2130621343065, 0.0, 0.0, 798.6785454302671, 0.0, 0.0, 0.0, 782.5911004665389, 0.0, 0.0, 0.0, 0.0, 0.0, 0.0, 0.0, 784.5794804505804, 0.0, 0.0, 0.0, 0.0, 0.0, 0.0, 0.0, 0.0, 0.0, 0.0, 0.0, 0.0, 0.0, 0.0, 0.0, 784.2191519677391, 0.0, 0.0, 0.0, 0.0, 0.0, 270.9284346229125, 745.8496261510066, 0.0, 0.0, 0.0, 270.30727806635423, 0.0, 0.0, 0.0, 0.0, 0.0, 0.0, 0.0, 0.0, 0.0, 0.0, 0.0, 0.0, 0.0, 0.0, 0.0, 0.0, 777.6291560371927, 0.0, 0.0, 0.0, 0.0, 0.0, 0.0, 763.0568550528938, 0.0, 0.0, 0.0, 0.0, 0.0, 0.0, 255.86351107855626, 0.0, 772.2172139642721, 0.0, 0.0, 0.0, 748.5157780718248, 0.0, 0.0, 0.0, 0.0, 0.0, 768.7196561864251, 0.0, 0.0, 767.9282486378966, 0.0, 0.0, 0.0, 0.0, 0.0, 0.0, 0.0, 0.0, 0.0, 802.865305560735, 0.0, 0.0, 0.0, 0.0, 758.7579183505193, 0.0, 0.0, 0.0, 0.0, 0.0, 0.0, 0.0, 0.0, 0.0, 0.0, 0.0, 0.0, 0.0, 0.0, 0.0, 0.0, 0.0, 0.0]
INFORMACIÓN : 10apuestaBundle [801.7480363052492, 790.9005340588142, 768.7196561864251, 755.68937937261, 748.5157780718248]
INFORMACIÓN : 10positionsBundle [1362, 711, 410, 1194, 898]
INFORMACIÓN : 10levelsBundle [3, 3, 3, 3, 3]
INFORMACIÓN : 10positionsOrdered [410, 1362, 711, 1194, 898]
INFORMACIÓN : 10levelsOrdered [3, 3, 3, 3, 3]
INFORMACIÓN : 10partialityOrdered [3, 3, 3, 3, 3]
INFORMACIÓN : 10arrivalTimes [22.50458482354823, 43.32896126531359, 56.367366075718884, 90.57262882869303, 97.783731379621]
INFORMACIÓN : 11historia0[0.0, 0.0, 0.0, 755.68937937261, 0.0, 0.0, 0.0, 0.0, 0.0, 0.0, 0.0, 0.0, 0.0, 0.0, 0.0, 0.0, 0.0, 277.3437899562109, 0.0, 0.0, 0.0, 0.0, 0.0, 0.0, 769.8738296996387, 0.0, 0.0, 0.0, 801.7480363052492, 0.0, 0.0, 268.52915012136555, 727.9013355326165, 0.0, 0.0, 0.0, 0.0, 254.2227387370708, 0.0, 0.0, 0.0, 0.0, 790.9005340588142, 0.0, 0.0, 0.0, 0.0, 0.0, 800.2130621343065, 0.0, 0.0, 798.6785454302671, 0.0, 0.0, 0.0, 782.5911004665389, 0.0, 0.0, 0.0, 0.0, 0.0, 0.0, 0.0, 784.5794804505804, 0.0, 0.0, 0.0, 0.0, 0.0, 0.0, 0.0, 0.0, 0.0, 0.0, 0.0, 0.0, 0.0, 0.0, 0.0, 784.2191519677391, 0.0, 0.0, 0.0, 0.0, 0.0, 270.9284346229125, 745.8496261510066, 0.0, 0.0, 0.0, 270.30727806635423, 0.0, 0.0, 0.0, 0.0, 0.0, 0.0, 0.0, 0.0, 0.0, 0.0, 0.0, 0.0, 0.0, 0.0, 0.0, 0.0, 777.6291560371927, 0.0, 0.0, 0.0, 0.0, 0.0, 0.0, 763.0568550528938, 0.0, 0.0, 0.0, 0.0, 0.0, 0.0, 255.86351107855626, 0.0, 772.2172139642721, 0.0, 0.0, 0.0, 748.5157780718248, 0.0, 0.0, 0.0, 0.0, 0.0, 768.7196561864251, 0.0, 0.0, 767.9282486378966, 0.0, 0.0, 0.0, 0.0, 0.0, 0.0, 0.0, 0.0, 0.0, 802.865305560735, 0.0, 0.0, 0.0, 0.0, 758.7579183505193, 0.0, 0.0, 0.0, 0.0, 0.0, 0.0, 0.0, 0.0, 0.0, 0.0, 0.0, 0.0, 0.0, 0.0, 0.0, 0.0, 0.0, 0.0]
INFORMACIÓN : 11apuestaBundle [801.7480363052492, 790.9005340588142, 768.7196561864251, 755.68937937261, 748.5157780718248]
INFORMACIÓN : 11positionsBundle [1362, 711, 410, 1194, 898]
INFORMACIÓN : 11levelsBundle [3, 3, 3, 3, 3]
INFORMACIÓN : 11positionsOrdered [410, 1362, 711, 1194, 898]
INFORMACIÓN : 11levelsOrdered [3, 3, 3, 3, 3]
INFORMACIÓN : 11partialityOrdered [3, 3, 3, 3, 3]
INFORMACIÓN : 11arrivalTimes [22.50458482354823, 43.32896126531359, 56.367366075718884, 90.57262882869303, 97.783731379621]
INFORMACIÓN : 12historia0[0.0, 0.0, 0.0, 755.68937937261, 0.0, 0.0, 0.0, 0.0, 0.0, 0.0, 0.0, 0.0, 0.0, 0.0, 0.0, 0.0, 0.0, 277.3437899562109, 0.0, 0.0, 0.0, 0.0, 0.0, 0.0, 769.9550453625454, 0.0, 0.0, 0.0, 801.7480363052492, 0.0, 0.0, 268.52915012136555, 727.9013355326165, 0.0, 0.0, 0.0, 0.0, 254.2227387370708, 0.0, 0.0, 0.0, 0.0, 790.9005340588142, 0.0, 0.0, 0.0, 0.0, 0.0, 800.2130621343065, 0.0, 0.0, 798.6785454302671, 0.0, 0.0, 0.0, 782.5911004665389, 0.0, 0.0, 0.0, 0.0, 0.0, 0.0, 0.0, 784.5794804505804, 0.0, 0.0, 0.0, 0.0, 0.0, 0.0, 0.0, 0.0, 0.0, 0.0, 0.0, 0.0, 0.0, 0.0, 0.0, 784.2191519677391, 0.0, 0.0, 0.0, 0.0, 0.0, 270.9284346229125, 745.8496261510066, 0.0, 0.0, 0.0, 270.30727806635423, 0.0, 0.0, 0.0, 0.0, 0.0, 0.0, 0.0, 0.0, 0.0, 0.0, 0.0, 0.0, 0.0, 0.0, 0.0, 0.0, 777.6291560371927, 0.0, 0.0, 0.0, 0.0, 0.0, 0.0, 763.0568550528938, 0.0, 0.0, 0.0, 0.0, 0.0, 0.0, 255.86351107855626, 0.0, 772.2983694659789, 0.0, 0.0, 0.0, 748.5157780718248, 0.0, 0.0, 0.0, 0.0, 0.0, 768.7196561864251, 0.0, 0.0, 767.9282486378966, 0.0, 0.0, 0.0, 0.0, 0.0, 0.0, 0.0, 0.0, 0.0, 802.865305560735, 0.0, 0.0, 0.0, 0.0, 758.7579183505193, 0.0, 0.0, 0.0, 0.0, 0.0, 0.0, 0.0, 0.0, 0.0, 0.0, 0.0, 0.0, 0.0, 0.0, 0.0, 0.0, 0.0, 0.0]
INFORMACIÓN : 12apuestaBundle [801.7480363052492, 790.9005340588142, 768.7196561864251, 755.68937937261, 748.5157780718248]
INFORMACIÓN : 12positionsBundle [1362, 711, 410, 1194, 898]
INFORMACIÓN : 12levelsBundle [3, 3, 3, 3, 3]
INFORMACIÓN : 12positionsOrdered [410, 1362, 711, 1194, 898]
INFORMACIÓN : 12levelsOrdered [3, 3, 3, 3, 3]
INFORMACIÓN : 12partialityOrdered [3, 3, 3, 3, 3]
INFORMACIÓN : 12arrivalTimes [22.50458482354823, 43.32896126531359, 56.367366075718884, 90.57262882869303, 97.783731379621]
INFORMACIÓN : depSat position 711 level 3
INFORMACIÓN : depSat position 410 level 3
INFORMACIÓN : 13historia0[0.0, 0.0, 0.0, 0.0, 0.0, 784.1221378634624, 0.0, 0.0, 0.0, 0.0, 0.0, 0.0, 0.0, 0.0, 0.0, 0.0, 0.0, 277.3437899562109, 0.0, 0.0, 0.0, 0.0, 0.0, 0.0, 769.9550453625454, 0.0, 0.0, 0.0, 801.7480363052492, 0.0, 0.0, 268.52915012136555, 727.9013355326165, 0.0, 0.0, 0.0, 0.0, 0.0, 0.0, 0.0, 0.0, 0.0, 0.0, 0.0, 0.0, 0.0, 0.0, 0.0, 800.2130621343065, 0.0, 0.0, 798.6785454302671, 0.0, 0.0, 0.0, 0.0, 0.0, 0.0, 0.0, 0.0, 0.0, 0.0, 0.0, 784.5794804505804, 0.0, 0.0, 0.0, 0.0, 793.4815438790496, 0.0, 0.0, 0.0, 0.0, 0.0, 0.0, 0.0, 0.0, 0.0, 0.0, 802.5792413690712, 0.0, 0.0, 0.0, 0.0, 0.0, 270.9284346229125, 745.8496261510066, 0.0, 0.0, 0.0, 0.0, 0.0, 0.0, 0.0, 0.0, 0.0, 0.0, 0.0, 0.0, 0.0, 0.0, 0.0, 0.0, 0.0, 0.0, 0.0, 0.0, 777.6291560371927, 0.0, 780.1895600308816, 0.0, 0.0, 0.0, 0.0, 763.0568550528938, 0.0, 0.0, 0.0, 0.0, 0.0, 0.0, 0.0, 0.0, 772.2983694659789, 0.0, 0.0, 0.0, 0.0, 0.0, 0.0, 0.0, 0.0, 0.0, 0.0, 0.0, 0.0, 767.9282486378966, 0.0, 0.0, 0.0, 0.0, 0.0, 0.0, 0.0, 0.0, 0.0, 802.865305560735, 0.0, 0.0, 0.0, 0.0, 758.7579183505193, 0.0, 0.0, 0.0, 773.9968684908765, 0.0, 0.0, 0.0, 0.0, 0.0, 0.0, 0.0, 0.0, 0.0, 0.0, 0.0, 0.0, 0.0, 0.0]
INFORMACIÓN : 13apuestaBundle [801.7480363052492, 245.40366805811527, 176.51356733472315, 168.29840531872196, 78.12410620465027]
INFORMACIÓN : 13positionsBundle [1362, 2301, 510, 1564, 655]
INFORMACIÓN : 13levelsBundle [3, 2, 1, 1, 1]
INFORMACIÓN : 13positionsOrdered [510, 655, 1362, 2301, 1564]
INFORMACIÓN : 13levelsOrdered [1, 1, 3, 2, 1]
INFORMACIÓN : 13partialityOrdered [1, 2, 3, 2, 1]
INFORMACIÓN : 13arrivalTimes [18.39475540619703, 24.225707301042334, 43.32896126531359, 65.28345966541374, 85.13289290669294]
INFORMACIÓN : mutexSat position 655 level 1
INFORMACIÓN : 14historia0[0.0, 0.0, 0.0, 0.0, 0.0, 781.3694532541639, 0.0, 0.0, 0.0, 0.0, 0.0, 0.0, 0.0, 0.0, 0.0, 0.0, 0.0, 277.3437899562109, 0.0, 0.0, 0.0, 0.0, 0.0, 0.0, 769.9550453625454, 0.0, 0.0, 0.0, 801.7480363052492, 0.0, 0.0, 268.52915012136555, 727.9013355326165, 0.0, 0.0, 0.0, 0.0, 277.9583843772541, 0.0, 0.0, 0.0, 0.0, 0.0, 0.0, 0.0, 791.2110772202415, 0.0, 0.0, 800.2130621343065, 0.0, 0.0, 798.6785454302671, 0.0, 0.0, 0.0, 782.7538393150453, 168.29840531872196, 0.0, 0.0, 0.0, 0.0, 0.0, 0.0, 784.5794804505804, 0.0, 0.0, 0.0, 0.0, 791.4519752676467, 0.0, 0.0, 0.0, 0.0, 0.0, 0.0, 790.9535790272649, 0.0, 0.0, 0.0, 801.7230012216617, 0.0, 0.0, 0.0, 0.0, 0.0, 270.9284346229125, 745.8496261510066, 0.0, 0.0, 0.0, 290.45093722958063, 0.0, 245.40366805811527, 0.0, 0.0, 0.0, 0.0, 0.0, 0.0, 0.0, 0.0, 176.51356733472315, 0.0, 0.0, 0.0, 0.0, 0.0, 777.6291560371927, 0.0, 0.0, 0.0, 0.0, 0.0, 0.0, 763.0568550528938, 0.0, 0.0, 0.0, 0.0, 0.0, 0.0, 275.28083246506503, 0.0, 772.2983694659789, 0.0, 0.0, 0.0, 0.0, 0.0, 0.0, 0.0, 0.0, 0.0, 0.0, 0.0, 0.0, 767.9282486378966, 0.0, 0.0, 0.0, 0.0, 0.0, 0.0, 0.0, 0.0, 0.0, 802.865305560735, 0.0, 0.0, 0.0, 0.0, 758.7579183505193, 0.0, 0.0, 0.0, 771.2439524199289, 0.0, 0.0, 0.0, 0.0, 0.0, 0.0, 0.0, 0.0, 0.0, 0.0, 0.0, 0.0, 0.0, 0.0]
INFORMACIÓN : 14apuestaBundle [801.7480363052492, 245.40366805811527, 176.51356733472315, 168.29840531872196, 59.87102798632911]
INFORMACIÓN : 14positionsBundle [1362, 2301, 510, 1564, 1334]
INFORMACIÓN : 14levelsBundle [3, 2, 1, 1, 1]
INFORMACIÓN : 14positionsOrdered [510, 1362, 2301, 1564, 1334]
INFORMACIÓN : 14levelsOrdered [1, 3, 2, 1, 1]
INFORMACIÓN : 14partialityOrdered [1, 3, 2, 1, 2]
INFORMACIÓN : 14arrivalTimes [18.39475540619703, 43.32896126531359, 65.28345966541374, 85.13289290669294, 105.74842103478124]
INFORMACIÓN : 15historia0[0.0, 0.0, 0.0, 0.0, 0.0, 781.3694532541639, 0.0, 0.0, 0.0, 0.0, 0.0, 0.0, 0.0, 0.0, 0.0, 0.0, 0.0, 277.3437899562109, 0.0, 0.0, 0.0, 0.0, 0.0, 0.0, 769.9550453625454, 0.0, 0.0, 0.0, 801.7480363052492, 0.0, 0.0, 0.0, 727.9823681157847, 0.0, 0.0, 0.0, 0.0, 277.9583843772541, 0.0, 0.0, 0.0, 0.0, 0.0, 0.0, 0.0, 791.2110772202415, 0.0, 0.0, 0.0, 0.0, 0.0, 798.6785454302671, 0.0, 0.0, 0.0, 782.7538393150453, 168.29840531872196, 0.0, 0.0, 0.0, 0.0, 0.0, 0.0, 784.5794804505804, 0.0, 0.0, 0.0, 0.0, 791.4519752676467, 0.0, 0.0, 0.0, 0.0, 0.0, 0.0, 790.9535790272649, 0.0, 0.0, 0.0, 801.7230012216617, 0.0, 0.0, 0.0, 0.0, 0.0, 270.9284346229125, 745.9307787138652, 0.0, 0.0, 0.0, 290.45093722958063, 0.0, 245.40366805811527, 0.0, 0.0, 0.0, 0.0, 59.87102798632911, 0.0, 0.0, 0.0, 176.51356733472315, 0.0, 0.0, 0.0, 0.0, 0.0, 777.7105145972461, 0.0, 0.0, 0.0, 0.0, 0.0, 0.0, 0.0, 0.0, 0.0, 0.0, 0.0, 0.0, 0.0, 275.28083246506503, 0.0, 772.2983694659789, 0.0, 0.0, 0.0, 0.0, 0.0, 0.0, 0.0, 0.0, 0.0, 0.0, 0.0, 0.0, 0.0, 0.0, 0.0, 0.0, 0.0, 0.0, 0.0, 0.0, 0.0, 0.0, 802.946829096801, 0.0, 0.0, 0.0, 0.0, 0.0, 0.0, 0.0, 0.0, 771.2439524199289, 0.0, 0.0, 0.0, 0.0, 0.0, 0.0, 0.0, 0.0, 0.0, 0.0, 0.0, 0.0, 0.0, 0.0]
INFORMACIÓN : 15apuestaBundle [801.7480363052492, 245.40366805811527, 176.51356733472315, 168.29840531872196, 59.87102798632911]
INFORMACIÓN : 15positionsBundle [1362, 2301, 510, 1564, 1334]
INFORMACIÓN : 15levelsBundle [3, 2, 1, 1, 1]
INFORMACIÓN : 15positionsOrdered [510, 1362, 2301, 1564, 1334]
INFORMACIÓN : 15levelsOrdered [1, 3, 2, 1, 1]
INFORMACIÓN : 15partialityOrdered [1, 3, 2, 1, 2]
INFORMACIÓN : 15arrivalTimes [18.39475540619703, 43.32896126531359, 65.28345966541374, 85.13289290669294, 105.74842103478124]
INFORMACIÓN : 16historia0[0.0, 0.0, 0.0, 0.0, 0.0, 781.3694532541639, 0.0, 0.0, 0.0, 0.0, 0.0, 0.0, 0.0, 0.0, 0.0, 0.0, 0.0, 277.3437899562109, 0.0, 0.0, 0.0, 0.0, 0.0, 0.0, 769.9550453625454, 0.0, 0.0, 0.0, 801.7480363052492, 0.0, 0.0, 268.55960455907416, 727.9823681157847, 0.0, 0.0, 0.0, 0.0, 277.9583843772541, 0.0, 0.0, 0.0, 0.0, 0.0, 0.0, 0.0, 791.2110772202415, 0.0, 0.0, 800.2944439859566, 0.0, 0.0, 798.6785454302671, 0.0, 0.0, 0.0, 782.7538393150453, 168.29840531872196, 0.0, 0.0, 0.0, 0.0, 0.0, 0.0, 784.5794804505804, 0.0, 0.0, 0.0, 0.0, 791.4519752676467, 0.0, 0.0, 0.0, 0.0, 0.0, 0.0, 790.9535790272649, 0.0, 0.0, 0.0, 801.7230012216617, 0.0, 0.0, 0.0, 0.0, 0.0, 274.294684338088, 745.9307787138652, 0.0, 0.0, 0.0, 290.45093722958063, 0.0, 245.40366805811527, 0.0, 0.0, 0.0, 0.0, 59.87102798632911, 0.0, 0.0, 0.0, 176.51356733472315, 0.0, 0.0, 0.0, 0.0, 0.0, 777.7105145972461, 0.0, 0.0, 0.0, 0.0, 0.0, 0.0, 763.1379921635541, 0.0, 0.0, 0.0, 0.0, 0.0, 0.0, 275.28083246506503, 0.0, 772.2983694659789, 0.0, 0.0, 0.0, 0.0, 0.0, 0.0, 0.0, 0.0, 0.0, 0.0, 0.0, 0.0, 0.0, 0.0, 0.0, 0.0, 0.0, 0.0, 0.0, 0.0, 0.0, 0.0, 802.946829096801, 0.0, 0.0, 0.0, 0.0, 758.83901438674, 0.0, 0.0, 0.0, 771.2439524199289, 0.0, 0.0, 0.0, 0.0, 0.0, 0.0, 0.0, 0.0, 0.0, 0.0, 0.0, 0.0, 0.0, 0.0]
INFORMACIÓN : 16apuestaBundle [801.7480363052492, 245.40366805811527, 176.51356733472315, 168.29840531872196, 59.87102798632911]
INFORMACIÓN : 16positionsBundle [1362, 2301, 510, 1564, 1334]
INFORMACIÓN : 16levelsBundle [3, 2, 1, 1, 1]
INFORMACIÓN : 16positionsOrdered [510, 1362, 2301, 1564, 1334]
INFORMACIÓN : 16levelsOrdered [1, 3, 2, 1, 1]
INFORMACIÓN : 16partialityOrdered [1, 3, 2, 1, 2]
INFORMACIÓN : 16arrivalTimes [18.39475540619703, 43.32896126531359, 65.28345966541374, 85.13289290669294, 105.74842103478124]
INFORMACIÓN : mutexSat position 1334 level 1
INFORMACIÓN : 17historia0[0.0, 0.0, 0.0, 0.0, 0.0, 781.3694532541639, 0.0, 0.0, 0.0, 0.0, 0.0, 0.0, 0.0, 0.0, 0.0, 0.0, 0.0, 277.3437899562109, 0.0, 0.0, 0.0, 0.0, 0.0, 0.0, 769.9550453625454, 0.0, 0.0, 0.0, 801.7480363052492, 0.0, 0.0, 268.55960455907416, 727.9823681157847, 0.0, 0.0, 0.0, 0.0, 277.9583843772541, 0.0, 0.0, 0.0, 0.0, 0.0, 0.0, 0.0, 791.2110772202415, 0.0, 0.0, 800.2944439859566, 0.0, 0.0, 798.6785454302671, 0.0, 0.0, 0.0, 782.7538393150453, 168.29840531872196, 0.0, 0.0, 0.0, 0.0, 0.0, 0.0, 784.5794804505804, 0.0, 0.0, 0.0, 0.0, 791.4519752676467, 0.0, 0.0, 0.0, 0.0, 0.0, 0.0, 790.9535790272649, 0.0, 0.0, 0.0, 801.7230012216617, 0.0, 0.0, 0.0, 0.0, 0.0, 274.294684338088, 745.9307787138652, 0.0, 0.0, 0.0, 290.45093722958063, 0.0, 245.40366805811527, 0.0, 0.0, 0.0, 0.0, 0.0, 0.0, 0.0, 0.0, 176.51356733472315, 0.0, 0.0, 0.0, 0.0, 0.0, 777.7105145972461, 0.0, 0.0, 0.0, 0.0, 0.0, 0.0, 763.1379921635541, 0.0, 0.0, 0.0, 0.0, 0.0, 0.0, 275.28083246506503, 0.0, 772.2983694659789, 0.0, 0.0, 0.0, 0.0, 0.0, 0.0, 0.0, 0.0, 0.0, 0.0, 0.0, 252.68153297073655, 0.0, 0.0, 0.0, 0.0, 0.0, 0.0, 0.0, 0.0, 0.0, 0.0, 802.946829096801, 0.0, 0.0, 0.0, 0.0, 758.83901438674, 0.0, 0.0, 0.0, 771.2439524199289, 0.0, 0.0, 0.0, 0.0, 0.0, 0.0, 0.0, 0.0, 0.0, 0.0, 0.0, 0.0, 0.0, 0.0]
INFORMACIÓN : 17apuestaBundle [801.7480363052492, 245.40366805811527, 176.51356733472315, 168.29840531872196, 58.62103270454145, 58.62103270454145]
INFORMACIÓN : 17positionsBundle [1362, 2301, 510, 1564, 2269, 2269]
INFORMACIÓN : 17levelsBundle [3, 2, 1, 1, 2, 2]
INFORMACIÓN : 17positionsOrdered [510, 1362, 2301, 1564, 2269, 2269]
INFORMACIÓN : 17levelsOrdered [1, 3, 2, 1, 2, 2]
INFORMACIÓN : 17partialityOrdered [1, 3, 2, 1, 3, 3]
INFORMACIÓN : 17arrivalTimes [18.39475540619703, 43.32896126531359, 65.28345966541374, 85.13289290669294, 99.99896165401145, 99.99896165401145]
INFORMACIÓN : 18historia0[0.0, 0.0, 0.0, 0.0, 0.0, 781.3694532541639, 0.0, 0.0, 0.0, 0.0, 0.0, 0.0, 0.0, 0.0, 0.0, 0.0, 0.0, 277.3437899562109, 0.0, 0.0, 0.0, 0.0, 0.0, 0.0, 770.0362691474245, 0.0, 0.0, 0.0, 801.7480363052492, 0.0, 0.0, 268.55960455907416, 727.9823681157847, 0.0, 0.0, 0.0, 58.62103270454145, 277.9583843772541, 0.0, 0.0, 0.0, 0.0, 0.0, 0.0, 0.0, 791.2110772202415, 0.0, 0.0, 800.2944439859566, 0.0, 0.0, 798.6785454302671, 0.0, 0.0, 0.0, 782.7538393150453, 168.29840531872196, 0.0, 0.0, 0.0, 58.62103270454145, 0.0, 0.0, 784.5794804505804, 0.0, 0.0, 0.0, 0.0, 791.4519752676467, 0.0, 0.0, 0.0, 0.0, 0.0, 0.0, 790.9535790272649, 0.0, 0.0, 0.0, 801.7230012216617, 0.0, 0.0, 0.0, 0.0, 0.0, 274.294684338088, 745.9307787138652, 0.0, 0.0, 0.0, 290.45093722958063, 0.0, 245.40366805811527, 0.0, 0.0, 0.0, 0.0, 0.0, 0.0, 0.0, 0.0, 176.51356733472315, 0.0, 0.0, 0.0, 0.0, 0.0, 777.7105145972461, 0.0, 0.0, 0.0, 0.0, 0.0, 0.0, 763.1379921635541, 0.0, 0.0, 0.0, 0.0, 0.0, 0.0, 275.28083246506503, 0.0, 772.3795330836415, 0.0, 0.0, 0.0, 0.0, 0.0, 0.0, 0.0, 0.0, 0.0, 0.0, 0.0, 252.68153297073655, 0.0, 0.0, 0.0, 0.0, 0.0, 0.0, 0.0, 0.0, 0.0, 0.0, 802.946829096801, 0.0, 0.0, 0.0, 0.0, 758.83901438674, 0.0, 0.0, 0.0, 771.2439524199289, 0.0, 0.0, 0.0, 0.0, 0.0, 0.0, 0.0, 0.0, 0.0, 0.0, 0.0, 0.0, 0.0, 0.0]
INFORMACIÓN : 18apuestaBundle [801.7480363052492, 245.40366805811527, 176.51356733472315, 168.29840531872196, 58.62103270454145, 58.62103270454145]
INFORMACIÓN : 18positionsBundle [1362, 2301, 510, 1564, 2269, 2269]
INFORMACIÓN : 18levelsBundle [3, 2, 1, 1, 2, 2]
INFORMACIÓN : 18positionsOrdered [510, 1362, 2301, 1564, 2269, 2269]
INFORMACIÓN : 18levelsOrdered [1, 3, 2, 1, 2, 2]
INFORMACIÓN : 18partialityOrdered [1, 3, 2, 1, 3, 3]
INFORMACIÓN : 18arrivalTimes [18.39475540619703, 43.32896126531359, 65.28345966541374, 85.13289290669294, 99.99896165401145, 99.99896165401145]
INFORMACIÓN : depSat position 2301 level 2
INFORMACIÓN : 19historia0[0.0, 0.0, 0.0, 0.0, 0.0, 781.3694532541639, 0.0, 0.0, 0.0, 0.0, 0.0, 0.0, 0.0, 0.0, 0.0, 0.0, 0.0, 277.3437899562109, 0.0, 0.0, 0.0, 0.0, 0.0, 0.0, 770.0362691474245, 0.0, 0.0, 0.0, 801.7480363052492, 0.0, 0.0, 268.55960455907416, 727.9823681157847, 0.0, 0.0, 0.0, 0.0, 0.0, 0.0, 0.0, 0.0, 0.0, 0.0, 0.0, 0.0, 0.0, 0.0, 0.0, 800.2944439859566, 0.0, 0.0, 798.6785454302671, 0.0, 0.0, 0.0, 0.0, 0.0, 0.0, 0.0, 0.0, 0.0, 0.0, 0.0, 784.5794804505804, 0.0, 0.0, 0.0, 0.0, 791.4519752676467, 0.0, 0.0, 0.0, 0.0, 0.0, 0.0, 0.0, 0.0, 0.0, 0.0, 801.7230012216617, 0.0, 0.0, 0.0, 0.0, 0.0, 274.294684338088, 745.9307787138652, 0.0, 0.0, 0.0, 290.45093722958063, 0.0, 0.0, 0.0, 0.0, 0.0, 0.0, 0.0, 0.0, 0.0, 0.0, 0.0, 0.0, 0.0, 0.0, 0.0, 0.0, 777.7105145972461, 0.0, 0.0, 0.0, 0.0, 0.0, 0.0, 763.1379921635541, 0.0, 0.0, 0.0, 0.0, 0.0, 0.0, 0.0, 0.0, 772.3795330836415, 0.0, 0.0, 0.0, 0.0, 0.0, 0.0, 0.0, 0.0, 0.0, 0.0, 0.0, 252.68153297073655, 0.0, 0.0, 0.0, 0.0, 0.0, 0.0, 0.0, 0.0, 0.0, 0.0, 802.946829096801, 0.0, 0.0, 0.0, 0.0, 758.83901438674, 0.0, 0.0, 0.0, 771.2439524199289, 0.0, 0.0, 0.0, 0.0, 0.0, 0.0, 0.0, 0.0, 0.0, 0.0, 0.0, 0.0, 0.0, 0.0]
INFORMACIÓN : 19apuestaBundle [801.7480363052492, 287.84479346298383, 169.80266816187975, 72.75763106197337, 63.487701592863175]
INFORMACIÓN : 19positionsBundle [1362, 1466, 2269, 407, 2324]
INFORMACIÓN : 19levelsBundle [3, 2, 3, 1, 2]
INFORMACIÓN : 19positionsOrdered [407, 1362, 1466, 2269, 2324]
INFORMACIÓN : 19levelsOrdered [1, 3, 2, 3, 2]
INFORMACIÓN : 19partialityOrdered [2, 3, 2, 3, 2]
INFORMACIÓN : 19arrivalTimes [19.738247534301074, 43.32896126531359, 47.80109722031317, 64.07991781641287, 69.17893733000565]
INFORMACIÓN : mutexSat position 407 level 1
INFORMACIÓN : 20historia0[0.0, 0.0, 0.0, 0.0, 0.0, 0.0, 0.0, 0.0, 0.0, 0.0, 0.0, 0.0, 277.2319854081246, 0.0, 0.0, 0.0, 0.0, 287.84479346298383, 0.0, 0.0, 0.0, 0.0, 0.0, 0.0, 770.0362691474245, 0.0, 0.0, 0.0, 801.7480363052492, 0.0, 0.0, 268.55960455907416, 727.9823681157847, 0.0, 0.0, 0.0, 0.0, 277.9583843772541, 0.0, 0.0, 0.0, 0.0, 0.0, 0.0, 0.0, 791.3740633125574, 0.0, 0.0, 800.2944439859566, 0.0, 0.0, 798.6785454302671, 0.0, 0.0, 0.0, 0.0, 0.0, 0.0, 0.0, 0.0, 0.0, 0.0, 0.0, 784.5794804505804, 0.0, 0.0, 0.0, 0.0, 791.4519752676467, 0.0, 0.0, 0.0, 0.0, 0.0, 0.0, 791.1162960324627, 0.0, 0.0, 0.0, 801.7230012216617, 0.0, 0.0, 0.0, 0.0, 0.0, 274.294684338088, 745.9307787138652, 0.0, 0.0, 0.0, 0.0, 0.0, 0.0, 0.0, 0.0, 0.0, 0.0, 0.0, 0.0, 0.0, 0.0, 0.0, 0.0, 0.0, 169.80266816187975, 0.0, 0.0, 777.7105145972461, 0.0, 0.0, 0.0, 0.0, 0.0, 0.0, 763.1379921635541, 0.0, 0.0, 0.0, 0.0, 0.0, 0.0, 275.28083246506503, 0.0, 772.3795330836415, 0.0, 0.0, 0.0, 0.0, 0.0, 0.0, 0.0, 0.0, 0.0, 0.0, 0.0, 252.68153297073655, 0.0, 0.0, 0.0, 0.0, 0.0, 0.0, 0.0, 0.0, 0.0, 0.0, 802.946829096801, 0.0, 0.0, 0.0, 0.0, 758.83901438674, 0.0, 0.0, 0.0, 0.0, 0.0, 0.0, 0.0, 0.0, 0.0, 0.0, 0.0, 0.0, 0.0, 0.0, 0.0, 0.0, 0.0, 0.0]
INFORMACIÓN : 20apuestaBundle [801.7480363052492, 287.84479346298383, 169.80266816187975, 55.49815542825194, 44.98290675645169]
INFORMACIÓN : 20positionsBundle [1362, 1466, 2269, 1637, 642]
INFORMACIÓN : 20levelsBundle [3, 2, 3, 1, 2]
INFORMACIÓN : 20positionsOrdered [1362, 1466, 2269, 1637, 642]
INFORMACIÓN : 20levelsOrdered [3, 2, 3, 1, 2]
INFORMACIÓN : 20partialityOrdered [3, 2, 3, 2, 2]
INFORMACIÓN : 20arrivalTimes [43.32896126531359, 47.80109722031317, 64.07991781641287, 86.28352112758739, 106.89904925567569]
INFORMACIÓN : mutexSat position 1637 level 1
INFORMACIÓN : 21historia0[0.0, 0.0, 0.0, 0.0, 0.0, 781.5318437769777, 0.0, 0.0, 0.0, 0.0, 0.0, 0.0, 0.0, 0.0, 0.0, 0.0, 0.0, 277.3437899562109, 0.0, 0.0, 0.0, 0.0, 0.0, 264.26095115231897, 770.0362691474245, 0.0, 0.0, 0.0, 801.7480363052492, 0.0, 0.0, 0.0, 728.0634088026166, 0.0, 0.0, 0.0, 0.0, 277.9583843772541, 0.0, 0.0, 0.0, 0.0, 0.0, 0.0, 0.0, 791.3740633125574, 0.0, 0.0, 0.0, 0.0, 0.0, 798.6785454302671, 0.0, 0.0, 0.0, 0.0, 0.0, 0.0, 0.0, 0.0, 0.0, 0.0, 0.0, 784.5794804505804, 0.0, 0.0, 0.0, 0.0, 791.5332626186528, 0.0, 0.0, 0.0, 0.0, 0.0, 0.0, 791.1162960324627, 0.0, 0.0, 0.0, 801.7230012216617, 0.0, 0.0, 0.0, 0.0, 0.0, 0.0, 746.0119393923858, 0.0, 0.0, 0.0, 290.45093722958063, 0.0, 0.0, 0.0, 0.0, 0.0, 0.0, 0.0, 0.0, 0.0, 0.0, 0.0, 0.0, 0.0, 0.0, 0.0, 0.0, 777.7105145972461, 0.0, 0.0, 0.0, 0.0, 0.0, 0.0, 0.0, 0.0, 0.0, 0.0, 0.0, 0.0, 0.0, 275.28083246506503, 0.0, 772.3795330836415, 0.0, 0.0, 0.0, 0.0, 0.0, 0.0, 0.0, 0.0, 0.0, 0.0, 0.0, 252.68153297073655, 0.0, 0.0, 0.0, 0.0, 0.0, 0.0, 0.0, 0.0, 0.0, 0.0, 803.1099006280319, 0.0, 0.0, 0.0, 0.0, 0.0, 0.0, 0.0, 0.0, 771.4062263236879, 0.0, 0.0, 0.0, 0.0, 0.0, 0.0, 0.0, 0.0, 0.0, 0.0, 0.0, 0.0, 0.0, 0.0]
INFORMACIÓN : 21apuestaBundle [801.7480363052492, 97.37968907217493, 69.65736281659451, 69.06098258334843, 69.06098258334843, 63.487701592863175]
INFORMACIÓN : 21positionsBundle [1362, 1356, 2301, 2269, 2269, 2324]
INFORMACIÓN : 21levelsBundle [3, 1, 1, 2, 2, 2]
INFORMACIÓN : 21positionsOrdered [1356, 1362, 2301, 2269, 2269, 2324]
INFORMACIÓN : 21levelsOrdered [1, 3, 1, 2, 2, 2]
INFORMACIÓN : 21partialityOrdered [2, 3, 2, 3, 3, 2]
INFORMACIÓN : 21arrivalTimes [1.484485426160254, 43.32896126531359, 65.28345966541374, 83.31121604273369, 83.31121604273369, 88.41023555632647]
INFORMACIÓN : mutexSat position 1356 level 1
INFORMACIÓN : mutexSat position 2301 level 1
INFORMACIÓN : 22historia0[0.0, 0.0, 0.0, 0.0, 0.0, 781.5318437769777, 168.6452050960405, 0.0, 0.0, 0.0, 0.0, 0.0, 0.0, 0.0, 0.0, 0.0, 0.0, 0.0, 0.0, 0.0, 0.0, 0.0, 0.0, 0.0, 770.0362691474245, 0.0, 0.0, 0.0, 801.7480363052492, 0.0, 0.0, 268.62052257158416, 728.0634088026166, 0.0, 0.0, 0.0, 0.0, 277.9583843772541, 0.0, 0.0, 0.0, 0.0, 0.0, 0.0, 0.0, 791.3740633125574, 0.0, 0.0, 800.457232105847, 0.0, 0.0, 798.6785454302671, 0.0, 0.0, 0.0, 0.0, 0.0, 0.0, 0.0, 0.0, 0.0, 0.0, 0.0, 784.5794804505804, 0.0, 0.0, 0.0, 0.0, 791.5332626186528, 0.0, 0.0, 0.0, 0.0, 0.0, 0.0, 791.1162960324627, 0.0, 0.0, 0.0, 801.7230012216617, 0.0, 0.0, 0.0, 0.0, 0.0, 274.2946375040492, 746.0119393923858, 0.0, 0.0, 0.0, 290.45093722958063, 0.0, 250.26075118231574, 0.0, 0.0, 0.0, 0.0, 0.0, 0.0, 0.0, 0.0, 0.0, 0.0, 0.0, 0.0, 0.0, 0.0, 777.7105145972461, 0.0, 0.0, 0.0, 0.0, 0.0, 0.0, 763.3002907280361, 0.0, 0.0, 0.0, 0.0, 0.0, 0.0, 275.28083246506503, 0.0, 772.3795330836415, 0.0, 0.0, 0.0, 0.0, 0.0, 0.0, 0.0, 0.0, 0.0, 0.0, 0.0, 252.68153297073655, 0.0, 0.0, 0.0, 0.0, 0.0, 0.0, 0.0, 0.0, 0.0, 0.0, 803.1099006280319, 0.0, 0.0, 0.0, 0.0, 759.0012307900199, 0.0, 0.0, 0.0, 771.4062263236879, 0.0, 0.0, 0.0, 0.0, 0.0, 0.0, 0.0, 0.0, 0.0, 0.0, 0.0, 0.0, 0.0, 0.0]
INFORMACIÓN : 22apuestaBundle [801.7480363052492, 300.8128180377161, 272.85075084858715, 187.93340776710403, 152.8531838980291]
INFORMACIÓN : 22positionsBundle [1362, 1356, 2301, 1564, 510]
INFORMACIÓN : 22levelsBundle [3, 2, 2, 1, 1]
INFORMACIÓN : 22positionsOrdered [1356, 1564, 1362, 2301, 510]
INFORMACIÓN : 22levelsOrdered [2, 1, 3, 2, 1]
INFORMACIÓN : 22partialityOrdered [2, 1, 3, 2, 1]
INFORMACIÓN : 22arrivalTimes [13.582906019831958, 22.52717792983112, 43.32896126531359, 65.28345966541374, 102.39141029597269]
INFORMACIÓN : depSat position 1362 level 3
INFORMACIÓN : 23historia0[0.0, 0.0, 0.0, 0.0, 0.0, 781.5318437769777, 168.6452050960405, 0.0, 0.0, 0.0, 0.0, 0.0, 0.0, 0.0, 0.0, 0.0, 0.0, 0.0, 0.0, 0.0, 0.0, 0.0, 0.0, 0.0, 770.0362691474245, 0.0, 0.0, 0.0, 0.0, 0.0, 0.0, 268.62052257158416, 728.0634088026166, 0.0, 0.0, 0.0, 0.0, 277.9583843772541, 0.0, 0.0, 0.0, 0.0, 0.0, 0.0, 0.0, 791.3740633125574, 0.0, 0.0, 800.457232105847, 0.0, 0.0, 798.6785454302671, 0.0, 0.0, 0.0, 0.0, 0.0, 0.0, 0.0, 0.0, 0.0, 0.0, 0.0, 784.5794804505804, 0.0, 0.0, 0.0, 0.0, 791.5332626186528, 0.0, 0.0, 0.0, 0.0, 0.0, 0.0, 791.1162960324627, 0.0, 0.0, 0.0, 801.7230012216617, 0.0, 0.0, 0.0, 0.0, 0.0, 274.2946375040492, 746.0119393923858, 0.0, 0.0, 0.0, 290.45093722958063, 0.0, 0.0, 0.0, 0.0, 0.0, 0.0, 0.0, 0.0, 0.0, 0.0, 0.0, 0.0, 0.0, 0.0, 0.0, 0.0, 777.7105145972461, 0.0, 0.0, 0.0, 0.0, 0.0, 0.0, 763.3002907280361, 0.0, 0.0, 0.0, 0.0, 0.0, 0.0, 275.28083246506503, 0.0, 772.3795330836415, 0.0, 0.0, 0.0, 0.0, 0.0, 0.0, 0.0, 0.0, 0.0, 0.0, 0.0, 252.68153297073655, 0.0, 0.0, 0.0, 0.0, 0.0, 0.0, 0.0, 0.0, 0.0, 0.0, 803.1099006280319, 0.0, 0.0, 0.0, 0.0, 759.0012307900199, 0.0, 0.0, 0.0, 771.4062263236879, 0.0, 0.0, 0.0, 0.0, 0.0, 0.0, 0.0, 0.0, 0.0, 0.0, 0.0, 0.0, 0.0, 0.0]
INFORMACIÓN : 23apuestaBundle [801.9109044434433, 755.8516339478382, 748.6779335422394, 301.2459319234599, 287.84479346298383]
INFORMACIÓN : 23positionsBundle [1362, 1194, 898, 1356, 1466]
INFORMACIÓN : 23levelsBundle [3, 3, 3, 2, 2]
INFORMACIÓN : 23positionsOrdered [1356, 1362, 1466, 1194, 898]
INFORMACIÓN : 23levelsOrdered [2, 3, 2, 3, 3]
INFORMACIÓN : 23partialityOrdered [2, 3, 2, 3, 3]
INFORMACIÓN : 23arrivalTimes [13.582906019831958, 39.32896126531359, 43.80109722031317, 82.57262882869303, 89.783731379621]
