----------------------------------------------------------------------
-- Log session for [myBugCoalitionsCCBBAGuaiDEF-360] started on 2017.07.13.00.58.54 --
----------------------------------------------------------------------

INFORMACIÓN : I started
INFORMACIÓN : 0apuestaBundle [803.4058614826589, 795.8724417965593, 778.3776416173346, 762.2207133878925, 751.2401140590557]
INFORMACIÓN : 0positionsBundle [410, 711, 1362, 1578, 1194]
INFORMACIÓN : 0levelsBundle [3, 3, 3, 3, 3]
INFORMACIÓN : 0positionsOrdered [410, 711, 1362, 1578, 1194]
INFORMACIÓN : 0levelsOrdered [3, 3, 3, 3, 3]
INFORMACIÓN : 0partialityOrdered [3, 3, 3, 3, 3]
INFORMACIÓN : 0arrivalTimes [7.24697050780252, 13.32973303810074, 26.368137848506038, 42.860560350976684, 60.749104170975]
INFORMACIÓN : timeSat position 1362 level 3
INFORMACIÓN : 1historia0[0.0, 0.0, 0.0, 0.0, 0.0, 0.0, 0.0, 0.0, 0.0, 0.0, 0.0, 0.0, 0.0, 0.0, 0.0, 0.0, 0.0, 0.0, 0.0, 0.0, 0.0, 0.0, 0.0, 0.0, 771.2341676665653, 0.0, 0.0, 0.0, 782.685726400281, 0.0, 0.0, 0.0, 0.0, 0.0, 0.0, 0.0, 0.0, 0.0, 0.0, 0.0, 0.0, 0.0, 0.0, 0.0, 0.0, 0.0, 0.0, 0.0, 795.8724417965593, 0.0, 0.0, 798.6785454302671, 0.0, 0.0, 0.0, 0.0, 0.0, 0.0, 0.0, 0.0, 0.0, 0.0, 0.0, 784.5794804505804, 0.0, 0.0, 0.0, 0.0, 0.0, 0.0, 0.0, 0.0, 0.0, 0.0, 0.0, 0.0, 0.0, 0.0, 0.0, 0.0, 0.0, 0.0, 0.0, 0.0, 0.0, 0.0, 0.0, 0.0, 0.0, 0.0, 0.0, 0.0, 0.0, 0.0, 0.0, 0.0, 0.0, 0.0, 0.0, 0.0, 0.0, 0.0, 0.0, 0.0, 0.0, 0.0, 0.0, 0.0, 0.0, 0.0, 0.0, 0.0, 0.0, 0.0, 0.0, 0.0, 0.0, 0.0, 0.0, 0.0, 0.0, 0.0, 0.0, 764.3396808803154, 0.0, 0.0, 0.0, 0.0, 0.0, 0.0, 0.0, 0.0, 0.0, 0.0, 0.0, 0.0, 0.0, 0.0, 0.0, 0.0, 0.0, 0.0, 0.0, 0.0, 0.0, 0.0, 803.4058614826589, 0.0, 0.0, 0.0, 0.0, 0.0, 0.0, 0.0, 0.0, 0.0, 0.0, 0.0, 0.0, 0.0, 0.0, 0.0, 0.0, 0.0, 0.0, 0.0, 0.0, 0.0, 0.0, 0.0]
INFORMACIÓN : 1apuestaBundle [803.4058614826589, 795.8724417965593, 749.1940589134756, 746.8449627199477, 729.0764593920477]
INFORMACIÓN : 1positionsBundle [410, 711, 898, 1642, 2493]
INFORMACIÓN : 1levelsBundle [3, 3, 3, 3, 3]
INFORMACIÓN : 1positionsOrdered [410, 711, 898, 1642, 2493]
INFORMACIÓN : 1levelsOrdered [3, 3, 3, 3, 3]
INFORMACIÓN : 1partialityOrdered [3, 3, 3, 3, 3]
INFORMACIÓN : 1arrivalTimes [7.24697050780252, 13.32973303810074, 50.45115542464191, 75.74277391680468, 92.77216028273108]
INFORMACIÓN : timeSat position 410 level 3
INFORMACIÓN : 2historia0[0.0, 0.0, 0.0, 0.0, 0.0, 0.0, 0.0, 0.0, 0.0, 0.0, 0.0, 0.0, 0.0, 0.0, 0.0, 0.0, 0.0, 0.0, 0.0, 0.0, 0.0, 0.0, 0.0, 0.0, 771.2341676665653, 0.0, 0.0, 0.0, 782.685726400281, 0.0, 0.0, 0.0, 0.0, 0.0, 0.0, 0.0, 0.0, 0.0, 0.0, 0.0, 0.0, 0.0, 0.0, 0.0, 0.0, 791.4056930856216, 0.0, 0.0, 0.0, 0.0, 0.0, 798.6785454302671, 0.0, 0.0, 0.0, 0.0, 0.0, 0.0, 0.0, 0.0, 0.0, 0.0, 0.0, 784.5794804505804, 0.0, 0.0, 0.0, 0.0, 0.0, 0.0, 0.0, 0.0, 0.0, 0.0, 0.0, 792.559994162583, 0.0, 0.0, 0.0, 0.0, 0.0, 0.0, 0.0, 0.0, 0.0, 0.0, 0.0, 0.0, 0.0, 0.0, 0.0, 0.0, 0.0, 0.0, 0.0, 0.0, 0.0, 0.0, 0.0, 0.0, 0.0, 0.0, 0.0, 0.0, 0.0, 0.0, 0.0, 0.0, 0.0, 0.0, 0.0, 0.0, 0.0, 0.0, 0.0, 0.0, 0.0, 0.0, 0.0, 0.0, 0.0, 0.0, 0.0, 764.3396808803154, 0.0, 0.0, 0.0, 0.0, 0.0, 0.0, 0.0, 0.0, 0.0, 0.0, 0.0, 0.0, 0.0, 0.0, 0.0, 0.0, 0.0, 0.0, 0.0, 0.0, 0.0, 0.0, 0.0, 0.0, 0.0, 0.0, 0.0, 0.0, 0.0, 0.0, 0.0, 0.0, 0.0, 0.0, 0.0, 0.0, 0.0, 0.0, 0.0, 0.0, 0.0, 0.0, 0.0, 0.0, 0.0, 0.0]
INFORMACIÓN : 2apuestaBundle [802.9268246639465, 795.8585331197081, 777.5478056125887, 751.2401140590557, 749.1940589134756]
INFORMACIÓN : 2positionsBundle [410, 711, 1362, 1194, 898]
INFORMACIÓN : 2levelsBundle [3, 3, 3, 3, 3]
INFORMACIÓN : 2positionsOrdered [711, 410, 1362, 1194, 898]
INFORMACIÓN : 2levelsOrdered [3, 3, 3, 3, 3]
INFORMACIÓN : 2partialityOrdered [3, 3, 3, 3, 3]
INFORMACIÓN : 2arrivalTimes [12.912568378312056, 18.995330908610274, 45.32896126531359, 77.57799225850778, 84.78909480943575]
INFORMACIÓN : 3historia0[0.0, 0.0, 0.0, 0.0, 0.0, 764.6589789337027, 0.0, 0.0, 0.0, 0.0, 0.0, 0.0, 0.0, 0.0, 0.0, 0.0, 0.0, 0.0, 0.0, 0.0, 0.0, 0.0, 0.0, 0.0, 771.2341676665653, 0.0, 0.0, 0.0, 782.685726400281, 0.0, 0.0, 0.0, 0.0, 0.0, 0.0, 0.0, 0.0, 0.0, 0.0, 0.0, 0.0, 0.0, 0.0, 0.0, 0.0, 791.4056930856216, 0.0, 0.0, 795.8585331197081, 0.0, 0.0, 798.6785454302671, 0.0, 0.0, 0.0, 0.0, 0.0, 0.0, 0.0, 0.0, 0.0, 0.0, 0.0, 784.5794804505804, 0.0, 0.0, 0.0, 0.0, 762.3366908986102, 0.0, 0.0, 0.0, 0.0, 0.0, 0.0, 792.559994162583, 0.0, 0.0, 0.0, 0.0, 0.0, 0.0, 0.0, 0.0, 0.0, 0.0, 0.0, 0.0, 0.0, 0.0, 0.0, 0.0, 0.0, 0.0, 0.0, 0.0, 0.0, 0.0, 0.0, 0.0, 0.0, 0.0, 0.0, 0.0, 0.0, 0.0, 0.0, 777.5478056125887, 0.0, 745.9606450864608, 0.0, 0.0, 0.0, 0.0, 751.2401140590557, 0.0, 0.0, 0.0, 0.0, 0.0, 0.0, 0.0, 0.0, 764.3396808803154, 0.0, 0.0, 0.0, 0.0, 0.0, 0.0, 0.0, 0.0, 0.0, 0.0, 0.0, 0.0, 0.0, 0.0, 0.0, 0.0, 0.0, 0.0, 0.0, 0.0, 0.0, 0.0, 802.9268246639465, 0.0, 0.0, 0.0, 0.0, 749.1940589134756, 0.0, 0.0, 0.0, 0.0, 0.0, 0.0, 0.0, 0.0, 0.0, 0.0, 0.0, 0.0, 0.0, 0.0, 0.0, 0.0, 0.0, 0.0]
INFORMACIÓN : 3apuestaBundle [802.9268246639465, 795.8585331197081, 777.5478056125887, 751.2401140590557, 749.1940589134756]
INFORMACIÓN : 3positionsBundle [410, 711, 1362, 1194, 898]
INFORMACIÓN : 3levelsBundle [3, 3, 3, 3, 3]
INFORMACIÓN : 3positionsOrdered [711, 410, 1362, 1194, 898]
INFORMACIÓN : 3levelsOrdered [3, 3, 3, 3, 3]
INFORMACIÓN : 3partialityOrdered [3, 3, 3, 3, 3]
INFORMACIÓN : 3arrivalTimes [12.912568378312056, 18.995330908610274, 45.32896126531359, 77.57799225850778, 84.78909480943575]
INFORMACIÓN : 4historia0[0.0, 0.0, 0.0, 0.0, 0.0, 0.0, 0.0, 0.0, 0.0, 0.0, 0.0, 0.0, 0.0, 0.0, 0.0, 0.0, 0.0, 0.0, 0.0, 0.0, 0.0, 0.0, 0.0, 0.0, 771.2341676665653, 0.0, 0.0, 0.0, 782.685726400281, 0.0, 0.0, 0.0, 0.0, 0.0, 0.0, 0.0, 0.0, 0.0, 0.0, 0.0, 0.0, 0.0, 0.0, 0.0, 0.0, 791.4056930856216, 0.0, 0.0, 801.9015611973646, 0.0, 0.0, 798.6785454302671, 0.0, 0.0, 0.0, 0.0, 0.0, 0.0, 0.0, 0.0, 0.0, 0.0, 0.0, 784.5794804505804, 0.0, 0.0, 0.0, 0.0, 0.0, 0.0, 0.0, 0.0, 0.0, 0.0, 0.0, 792.559994162583, 0.0, 0.0, 0.0, 0.0, 0.0, 0.0, 0.0, 0.0, 0.0, 282.20191803263583, 761.322004088127, 0.0, 0.0, 0.0, 0.0, 0.0, 0.0, 0.0, 0.0, 0.0, 0.0, 0.0, 0.0, 0.0, 0.0, 0.0, 0.0, 0.0, 0.0, 0.0, 0.0, 793.8964556220305, 0.0, 0.0, 0.0, 0.0, 0.0, 0.0, 0.0, 0.0, 0.0, 0.0, 0.0, 0.0, 0.0, 0.0, 0.0, 764.3396808803154, 0.0, 0.0, 0.0, 0.0, 0.0, 0.0, 0.0, 0.0, 0.0, 0.0, 0.0, 0.0, 0.0, 0.0, 0.0, 0.0, 0.0, 0.0, 0.0, 0.0, 0.0, 0.0, 802.9268246639465, 0.0, 0.0, 0.0, 0.0, 758.9568881238076, 0.0, 0.0, 0.0, 0.0, 0.0, 0.0, 0.0, 0.0, 0.0, 0.0, 0.0, 0.0, 0.0, 0.0, 0.0, 0.0, 0.0, 0.0]
INFORMACIÓN : 4apuestaBundle [802.9268246639465, 344.8736806218967, 344.8736806218967, 255.37635046133568, 252.68153297073655, 244.87009019059394]
INFORMACIÓN : 4positionsBundle [410, 1194, 1194, 1085, 1334, 2301]
INFORMACIÓN : 4levelsBundle [3, 2, 2, 2, 2, 2]
INFORMACIÓN : 4positionsOrdered [410, 1194, 1194, 1085, 1334, 2301]
INFORMACIÓN : 4levelsOrdered [3, 2, 2, 2, 2, 2]
INFORMACIÓN : 4partialityOrdered [3, 3, 3, 2, 2, 2]
INFORMACIÓN : 4arrivalTimes [18.995330908610274, 56.15713926073437, 56.15713926073437, 65.37668371802725, 70.47570323162003, 109.06326599476951]
INFORMACIÓN : 5historia0[0.0, 0.0, 0.0, 0.0, 0.0, 0.0, 0.0, 0.0, 0.0, 0.0, 0.0, 344.8736806218967, 0.0, 0.0, 0.0, 0.0, 0.0, 0.0, 0.0, 0.0, 0.0, 0.0, 0.0, 0.0, 771.2341676665653, 0.0, 0.0, 0.0, 782.685726400281, 344.8736806218967, 0.0, 255.37635046133568, 0.0, 0.0, 0.0, 0.0, 0.0, 0.0, 0.0, 0.0, 0.0, 0.0, 0.0, 0.0, 0.0, 791.4056930856216, 0.0, 0.0, 801.9015611973646, 0.0, 0.0, 798.6785454302671, 0.0, 0.0, 0.0, 0.0, 0.0, 0.0, 0.0, 0.0, 0.0, 0.0, 0.0, 784.5794804505804, 0.0, 0.0, 0.0, 0.0, 0.0, 0.0, 0.0, 0.0, 0.0, 0.0, 0.0, 792.559994162583, 0.0, 0.0, 0.0, 0.0, 0.0, 0.0, 0.0, 0.0, 0.0, 282.20191803263583, 761.322004088127, 0.0, 0.0, 0.0, 0.0, 0.0, 0.0, 0.0, 0.0, 0.0, 0.0, 0.0, 0.0, 0.0, 0.0, 0.0, 0.0, 0.0, 0.0, 0.0, 0.0, 793.8964556220305, 0.0, 0.0, 0.0, 0.0, 0.0, 0.0, 0.0, 0.0, 0.0, 0.0, 0.0, 0.0, 0.0, 0.0, 0.0, 764.3396808803154, 0.0, 0.0, 0.0, 0.0, 0.0, 0.0, 0.0, 0.0, 0.0, 0.0, 0.0, 252.68153297073655, 0.0, 0.0, 0.0, 244.87009019059394, 0.0, 0.0, 0.0, 0.0, 0.0, 0.0, 802.9268246639465, 0.0, 0.0, 0.0, 0.0, 758.9568881238076, 0.0, 0.0, 0.0, 0.0, 0.0, 0.0, 0.0, 0.0, 0.0, 0.0, 0.0, 0.0, 0.0, 0.0, 0.0, 0.0, 0.0, 0.0]
INFORMACIÓN : 5apuestaBundle [802.9268246639465, 344.8736806218967, 344.8736806218967, 255.37635046133568, 252.68153297073655, 244.87009019059394]
INFORMACIÓN : 5positionsBundle [410, 1194, 1194, 1085, 1334, 2301]
INFORMACIÓN : 5levelsBundle [3, 2, 2, 2, 2, 2]
INFORMACIÓN : 5positionsOrdered [410, 1194, 1194, 1085, 1334, 2301]
INFORMACIÓN : 5levelsOrdered [3, 2, 2, 2, 2, 2]
INFORMACIÓN : 5partialityOrdered [3, 3, 3, 2, 2, 2]
INFORMACIÓN : 5arrivalTimes [18.995330908610274, 56.15713926073437, 56.15713926073437, 65.37668371802725, 70.47570323162003, 109.06326599476951]
INFORMACIÓN : mutexSat position 1194 level 2
INFORMACIÓN : 6historia0[0.0, 0.0, 0.0, 0.0, 0.0, 0.0, 0.0, 0.0, 0.0, 0.0, 0.0, 344.8736806218967, 0.0, 0.0, 0.0, 0.0, 358.1926476321055, 0.0, 0.0, 0.0, 0.0, 0.0, 0.0, 0.0, 771.2341676665653, 0.0, 0.0, 0.0, 782.685726400281, 0.0, 0.0, 0.0, 0.0, 0.0, 0.0, 0.0, 0.0, 0.0, 0.0, 0.0, 0.0, 0.0, 0.0, 0.0, 0.0, 791.4056930856216, 0.0, 0.0, 801.9015611973646, 0.0, 0.0, 798.6785454302671, 0.0, 0.0, 0.0, 0.0, 0.0, 0.0, 0.0, 0.0, 0.0, 0.0, 0.0, 784.5794804505804, 0.0, 0.0, 0.0, 0.0, 0.0, 0.0, 0.0, 0.0, 0.0, 0.0, 0.0, 792.559994162583, 0.0, 0.0, 0.0, 0.0, 0.0, 0.0, 0.0, 0.0, 0.0, 282.20191803263583, 761.322004088127, 0.0, 0.0, 0.0, 260.09811686682133, 0.0, 0.0, 0.0, 0.0, 0.0, 0.0, 0.0, 0.0, 0.0, 0.0, 0.0, 0.0, 0.0, 0.0, 0.0, 0.0, 793.8964556220305, 0.0, 0.0, 0.0, 0.0, 0.0, 0.0, 0.0, 0.0, 0.0, 0.0, 0.0, 0.0, 0.0, 0.0, 0.0, 764.3396808803154, 0.0, 0.0, 0.0, 0.0, 0.0, 0.0, 0.0, 0.0, 0.0, 0.0, 0.0, 0.0, 0.0, 0.0, 0.0, 0.0, 0.0, 0.0, 0.0, 0.0, 0.0, 0.0, 802.9268246639465, 0.0, 0.0, 0.0, 0.0, 758.9568881238076, 0.0, 0.0, 0.0, 0.0, 0.0, 0.0, 0.0, 0.0, 0.0, 0.0, 0.0, 0.0, 0.0, 0.0, 272.1230878278875, 0.0, 0.0, 0.0]
INFORMACIÓN : 6apuestaBundle [802.9268246639465, 344.8736806218967, 244.87009019059394, 162.60173040562927, 159.27737979044946]
INFORMACIÓN : 6positionsBundle [410, 1194, 2301, 1064, 1457]
INFORMACIÓN : 6levelsBundle [3, 2, 2, 1, 1]
INFORMACIÓN : 6positionsOrdered [410, 1194, 2301, 1064, 1457]
INFORMACIÓN : 6levelsOrdered [3, 2, 2, 1, 1]
INFORMACIÓN : 6partialityOrdered [3, 3, 2, 1, 1]
INFORMACIÓN : 6arrivalTimes [18.995330908610274, 56.15713926073437, 104.9218806216808, 133.09988622889153, 143.73003204162617]
INFORMACIÓN : 7historia0[0.0, 0.0, 0.0, 0.0, 0.0, 0.0, 0.0, 0.0, 0.0, 0.0, 0.0, 344.8736806218967, 0.0, 0.0, 0.0, 0.0, 0.0, 0.0, 0.0, 0.0, 0.0, 0.0, 0.0, 0.0, 769.8738296996387, 0.0, 0.0, 0.0, 782.2318161009493, 0.0, 0.0, 0.0, 0.0, 0.0, 0.0, 0.0, 0.0, 0.0, 0.0, 0.0, 0.0, 0.0, 0.0, 0.0, 0.0, 0.0, 0.0, 0.0, 801.9015611973646, 0.0, 0.0, 798.6785454302671, 0.0, 0.0, 0.0, 0.0, 0.0, 0.0, 0.0, 0.0, 0.0, 0.0, 0.0, 784.5794804505804, 0.0, 0.0, 0.0, 0.0, 0.0, 0.0, 0.0, 0.0, 0.0, 0.0, 0.0, 0.0, 0.0, 0.0, 0.0, 0.0, 0.0, 0.0, 0.0, 0.0, 0.0, 282.20191803263583, 761.322004088127, 0.0, 0.0, 0.0, 0.0, 159.27737979044946, 0.0, 0.0, 0.0, 0.0, 0.0, 0.0, 0.0, 0.0, 0.0, 0.0, 0.0, 0.0, 0.0, 0.0, 0.0, 793.8964556220305, 0.0, 0.0, 0.0, 0.0, 0.0, 0.0, 0.0, 0.0, 0.0, 0.0, 0.0, 0.0, 0.0, 0.0, 0.0, 764.7935911796471, 0.0, 0.0, 0.0, 0.0, 0.0, 0.0, 0.0, 0.0, 0.0, 0.0, 0.0, 0.0, 0.0, 0.0, 0.0, 244.87009019059394, 0.0, 0.0, 0.0, 0.0, 0.0, 0.0, 802.9268246639465, 0.0, 0.0, 0.0, 0.0, 758.9568881238076, 0.0, 0.0, 0.0, 0.0, 0.0, 0.0, 0.0, 0.0, 0.0, 0.0, 0.0, 0.0, 0.0, 0.0, 0.0, 0.0, 162.60173040562927, 0.0]
INFORMACIÓN : 7apuestaBundle [802.9268246639465, 344.8736806218967, 244.87009019059394, 162.60173040562927, 159.27737979044946]
INFORMACIÓN : 7positionsBundle [410, 1194, 2301, 1064, 1457]
INFORMACIÓN : 7levelsBundle [3, 2, 2, 1, 1]
INFORMACIÓN : 7positionsOrdered [410, 1194, 2301, 1064, 1457]
INFORMACIÓN : 7levelsOrdered [3, 2, 2, 1, 1]
INFORMACIÓN : 7partialityOrdered [3, 3, 2, 1, 1]
INFORMACIÓN : 7arrivalTimes [18.995330908610274, 56.15713926073437, 104.9218806216808, 133.09988622889153, 143.73003204162617]
INFORMACIÓN : depSat position 410 level 3
INFORMACIÓN : mutexSat position 1194 level 2
INFORMACIÓN : 8historia0[0.0, 0.0, 0.0, 0.0, 0.0, 764.6589789337027, 0.0, 0.0, 0.0, 0.0, 0.0, 0.0, 0.0, 0.0, 0.0, 0.0, 0.0, 0.0, 0.0, 0.0, 0.0, 0.0, 0.0, 0.0, 769.8738296996387, 0.0, 0.0, 0.0, 782.2318161009493, 0.0, 0.0, 0.0, 0.0, 0.0, 0.0, 0.0, 0.0, 0.0, 0.0, 0.0, 0.0, 0.0, 0.0, 0.0, 0.0, 791.354065361539, 0.0, 0.0, 801.9015611973646, 0.0, 0.0, 798.6785454302671, 0.0, 0.0, 0.0, 782.5911004665389, 0.0, 0.0, 0.0, 0.0, 0.0, 0.0, 0.0, 784.5794804505804, 0.0, 0.0, 0.0, 0.0, 0.0, 0.0, 0.0, 0.0, 0.0, 0.0, 0.0, 792.559994162583, 0.0, 0.0, 0.0, 0.0, 0.0, 0.0, 0.0, 0.0, 0.0, 282.20191803263583, 761.322004088127, 0.0, 0.0, 0.0, 0.0, 0.0, 0.0, 0.0, 0.0, 0.0, 0.0, 0.0, 0.0, 0.0, 0.0, 0.0, 0.0, 0.0, 0.0, 0.0, 0.0, 793.8964556220305, 0.0, 0.0, 0.0, 0.0, 0.0, 0.0, 0.0, 0.0, 0.0, 0.0, 0.0, 0.0, 0.0, 0.0, 0.0, 764.7935911796471, 0.0, 0.0, 0.0, 0.0, 0.0, 0.0, 0.0, 0.0, 0.0, 0.0, 0.0, 0.0, 0.0, 0.0, 0.0, 0.0, 0.0, 0.0, 0.0, 0.0, 0.0, 0.0, 0.0, 0.0, 0.0, 0.0, 0.0, 758.9568881238076, 0.0, 0.0, 0.0, 758.9965853954454, 0.0, 0.0, 0.0, 0.0, 0.0, 0.0, 0.0, 0.0, 0.0, 0.0, 0.0, 0.0, 0.0, 0.0]
INFORMACIÓN : 8apuestaBundle [802.9268246639465, 749.9627540114765, 255.37635046133568, 252.68153297073655, 244.87009019059394]
INFORMACIÓN : 8positionsBundle [410, 1194, 1085, 1334, 2301]
INFORMACIÓN : 8levelsBundle [3, 3, 2, 2, 2]
INFORMACIÓN : 8positionsOrdered [410, 1085, 1334, 1194, 2301]
INFORMACIÓN : 8levelsOrdered [3, 2, 2, 3, 2]
INFORMACIÓN : 8partialityOrdered [3, 2, 2, 3, 2]
INFORMACIÓN : 8arrivalTimes [18.995330908610274, 47.17333651582102, 52.27235602941381, 75.57799225850778, 124.34273361945421]
INFORMACIÓN : 9historia0[0.0, 0.0, 0.0, 0.0, 0.0, 764.6589789337027, 0.0, 0.0, 0.0, 0.0, 0.0, 0.0, 0.0, 0.0, 0.0, 0.0, 0.0, 0.0, 0.0, 0.0, 0.0, 0.0, 0.0, 0.0, 769.8738296996387, 0.0, 0.0, 0.0, 782.2318161009493, 0.0, 0.0, 255.37635046133568, 0.0, 0.0, 0.0, 0.0, 0.0, 0.0, 0.0, 0.0, 0.0, 0.0, 0.0, 0.0, 0.0, 791.354065361539, 0.0, 0.0, 0.0, 0.0, 0.0, 798.6785454302671, 0.0, 0.0, 0.0, 782.5911004665389, 0.0, 0.0, 0.0, 0.0, 0.0, 0.0, 0.0, 784.5794804505804, 0.0, 0.0, 0.0, 0.0, 0.0, 0.0, 0.0, 0.0, 0.0, 0.0, 0.0, 792.559994162583, 0.0, 0.0, 0.0, 0.0, 0.0, 0.0, 0.0, 0.0, 0.0, 0.0, 0.0, 0.0, 0.0, 0.0, 0.0, 0.0, 0.0, 0.0, 0.0, 0.0, 0.0, 0.0, 0.0, 0.0, 0.0, 0.0, 0.0, 0.0, 0.0, 0.0, 0.0, 0.0, 0.0, 0.0, 0.0, 0.0, 0.0, 0.0, 749.9627540114765, 0.0, 0.0, 0.0, 0.0, 0.0, 0.0, 0.0, 0.0, 764.7935911796471, 0.0, 0.0, 0.0, 0.0, 0.0, 0.0, 0.0, 0.0, 0.0, 0.0, 0.0, 252.68153297073655, 0.0, 0.0, 0.0, 244.87009019059394, 0.0, 0.0, 0.0, 0.0, 0.0, 0.0, 802.9268246639465, 0.0, 0.0, 0.0, 0.0, 0.0, 0.0, 0.0, 0.0, 758.9965853954454, 0.0, 0.0, 0.0, 0.0, 0.0, 0.0, 0.0, 0.0, 0.0, 0.0, 0.0, 0.0, 0.0, 0.0]
INFORMACIÓN : 9apuestaBundle [802.9268246639465, 749.9627540114765, 255.37635046133568, 252.68153297073655, 244.87009019059394]
INFORMACIÓN : 9positionsBundle [410, 1194, 1085, 1334, 2301]
INFORMACIÓN : 9levelsBundle [3, 3, 2, 2, 2]
INFORMACIÓN : 9positionsOrdered [410, 1085, 1334, 1194, 2301]
INFORMACIÓN : 9levelsOrdered [3, 2, 2, 3, 2]
INFORMACIÓN : 9partialityOrdered [3, 2, 2, 3, 2]
INFORMACIÓN : 9arrivalTimes [18.995330908610274, 47.17333651582102, 52.27235602941381, 75.57799225850778, 124.34273361945421]
INFORMACIÓN : 10historia0[0.0, 0.0, 0.0, 0.0, 0.0, 764.6589789337027, 0.0, 0.0, 0.0, 0.0, 0.0, 0.0, 0.0, 0.0, 0.0, 0.0, 0.0, 0.0, 0.0, 0.0, 0.0, 0.0, 0.0, 0.0, 769.8738296996387, 0.0, 0.0, 0.0, 782.2318161009493, 0.0, 0.0, 0.0, 0.0, 0.0, 0.0, 0.0, 0.0, 0.0, 0.0, 0.0, 0.0, 0.0, 0.0, 0.0, 0.0, 791.354065361539, 0.0, 0.0, 801.9015611973646, 0.0, 0.0, 798.6785454302671, 0.0, 0.0, 0.0, 782.5911004665389, 0.0, 0.0, 0.0, 0.0, 0.0, 0.0, 0.0, 784.5794804505804, 0.0, 0.0, 0.0, 0.0, 0.0, 0.0, 0.0, 0.0, 0.0, 0.0, 0.0, 792.559994162583, 0.0, 0.0, 0.0, 0.0, 0.0, 0.0, 0.0, 0.0, 0.0, 282.20191803263583, 0.0, 0.0, 0.0, 0.0, 0.0, 0.0, 0.0, 0.0, 0.0, 0.0, 0.0, 0.0, 0.0, 0.0, 0.0, 0.0, 0.0, 0.0, 0.0, 0.0, 0.0, 793.8964556220305, 0.0, 0.0, 0.0, 0.0, 0.0, 0.0, 763.5841736166201, 0.0, 0.0, 0.0, 0.0, 0.0, 0.0, 0.0, 0.0, 764.7935911796471, 0.0, 0.0, 0.0, 0.0, 0.0, 0.0, 0.0, 0.0, 0.0, 0.0, 0.0, 0.0, 0.0, 0.0, 0.0, 0.0, 0.0, 0.0, 0.0, 0.0, 0.0, 0.0, 802.9268246639465, 0.0, 0.0, 0.0, 0.0, 758.7456884462065, 0.0, 0.0, 0.0, 758.9965853954454, 0.0, 0.0, 0.0, 0.0, 0.0, 0.0, 0.0, 0.0, 0.0, 0.0, 0.0, 0.0, 0.0, 0.0]
INFORMACIÓN : 10apuestaBundle [802.9268246639465, 174.14265722109076, 169.6642520660153, 162.67680690416137, 155.0704002036082]
INFORMACIÓN : 10positionsBundle [410, 1064, 128, 1457, 1859]
INFORMACIÓN : 10levelsBundle [3, 1, 1, 1, 1]
INFORMACIÓN : 10positionsOrdered [410, 1064, 128, 1457, 1859]
INFORMACIÓN : 10levelsOrdered [3, 1, 1, 1, 1]
INFORMACIÓN : 10partialityOrdered [3, 1, 1, 1, 1]
INFORMACIÓN : 10arrivalTimes [18.995330908610274, 32.596801417345716, 56.19764885975761, 90.40291161273174, 98.64912286396707]
INFORMACIÓN : 11historia0[0.0, 0.0, 0.0, 0.0, 0.0, 764.6589789337027, 0.0, 0.0, 0.0, 0.0, 0.0, 0.0, 0.0, 0.0, 0.0, 0.0, 0.0, 0.0, 0.0, 0.0, 0.0, 0.0, 0.0, 0.0, 769.8738296996387, 0.0, 0.0, 0.0, 782.2318161009493, 0.0, 0.0, 0.0, 0.0, 0.0, 0.0, 0.0, 0.0, 0.0, 0.0, 0.0, 0.0, 0.0, 0.0, 0.0, 0.0, 791.354065361539, 0.0, 0.0, 801.9015611973646, 0.0, 0.0, 798.6785454302671, 0.0, 0.0, 0.0, 782.5911004665389, 0.0, 0.0, 0.0, 0.0, 0.0, 0.0, 0.0, 784.5794804505804, 0.0, 0.0, 0.0, 0.0, 0.0, 0.0, 0.0, 0.0, 0.0, 0.0, 0.0, 792.559994162583, 0.0, 0.0, 0.0, 0.0, 0.0, 0.0, 0.0, 0.0, 0.0, 282.20191803263583, 0.0, 0.0, 0.0, 0.0, 0.0, 162.67680690416137, 0.0, 0.0, 0.0, 0.0, 0.0, 0.0, 0.0, 0.0, 0.0, 0.0, 0.0, 0.0, 0.0, 0.0, 0.0, 793.8964556220305, 0.0, 0.0, 0.0, 0.0, 0.0, 0.0, 763.5841736166201, 0.0, 0.0, 0.0, 0.0, 0.0, 0.0, 0.0, 0.0, 764.7935911796471, 0.0, 0.0, 0.0, 0.0, 0.0, 0.0, 0.0, 0.0, 169.6642520660153, 0.0, 0.0, 0.0, 0.0, 0.0, 0.0, 0.0, 0.0, 0.0, 0.0, 0.0, 0.0, 0.0, 802.9268246639465, 0.0, 0.0, 0.0, 0.0, 758.7456884462065, 0.0, 0.0, 0.0, 758.9965853954454, 0.0, 0.0, 0.0, 0.0, 0.0, 0.0, 0.0, 155.0704002036082, 0.0, 0.0, 0.0, 0.0, 174.14265722109076, 0.0]
INFORMACIÓN : 11apuestaBundle [802.9268246639465, 174.14265722109076, 169.6642520660153, 162.67680690416137, 155.0704002036082]
INFORMACIÓN : 11positionsBundle [410, 1064, 128, 1457, 1859]
INFORMACIÓN : 11levelsBundle [3, 1, 1, 1, 1]
INFORMACIÓN : 11positionsOrdered [410, 1064, 128, 1457, 1859]
INFORMACIÓN : 11levelsOrdered [3, 1, 1, 1, 1]
INFORMACIÓN : 11partialityOrdered [3, 1, 1, 1, 1]
INFORMACIÓN : 11arrivalTimes [18.995330908610274, 32.596801417345716, 56.19764885975761, 90.40291161273174, 98.64912286396707]
INFORMACIÓN : 12historia0[0.0, 0.0, 0.0, 0.0, 0.0, 764.6589789337027, 0.0, 0.0, 0.0, 0.0, 0.0, 0.0, 0.0, 0.0, 0.0, 0.0, 0.0, 0.0, 0.0, 0.0, 0.0, 0.0, 0.0, 0.0, 769.8738296996387, 0.0, 0.0, 0.0, 782.2318161009493, 0.0, 0.0, 0.0, 0.0, 0.0, 0.0, 0.0, 0.0, 0.0, 0.0, 0.0, 0.0, 0.0, 0.0, 0.0, 0.0, 791.354065361539, 0.0, 0.0, 801.9015611973646, 0.0, 0.0, 798.6785454302671, 0.0, 0.0, 0.0, 782.5911004665389, 0.0, 0.0, 0.0, 0.0, 0.0, 0.0, 0.0, 784.5794804505804, 0.0, 0.0, 0.0, 0.0, 0.0, 0.0, 0.0, 0.0, 0.0, 0.0, 0.0, 792.559994162583, 0.0, 0.0, 0.0, 0.0, 0.0, 0.0, 0.0, 0.0, 0.0, 282.20191803263583, 0.0, 0.0, 0.0, 0.0, 0.0, 162.67680690416137, 0.0, 0.0, 0.0, 0.0, 0.0, 0.0, 0.0, 0.0, 0.0, 0.0, 0.0, 0.0, 0.0, 0.0, 0.0, 793.8964556220305, 0.0, 0.0, 0.0, 0.0, 0.0, 0.0, 763.5841736166201, 0.0, 0.0, 0.0, 0.0, 0.0, 0.0, 0.0, 0.0, 764.7935911796471, 0.0, 0.0, 0.0, 0.0, 0.0, 0.0, 0.0, 0.0, 169.6642520660153, 0.0, 0.0, 0.0, 0.0, 0.0, 0.0, 0.0, 0.0, 0.0, 0.0, 0.0, 0.0, 0.0, 802.9268246639465, 0.0, 0.0, 0.0, 0.0, 758.7456884462065, 0.0, 0.0, 0.0, 758.9965853954454, 0.0, 0.0, 0.0, 0.0, 0.0, 0.0, 0.0, 155.0704002036082, 0.0, 0.0, 0.0, 0.0, 174.14265722109076, 0.0]
INFORMACIÓN : 12apuestaBundle [802.9268246639465, 174.14265722109076, 169.6642520660153, 162.67680690416137, 155.0704002036082]
INFORMACIÓN : 12positionsBundle [410, 1064, 128, 1457, 1859]
INFORMACIÓN : 12levelsBundle [3, 1, 1, 1, 1]
INFORMACIÓN : 12positionsOrdered [410, 1064, 128, 1457, 1859]
INFORMACIÓN : 12levelsOrdered [3, 1, 1, 1, 1]
INFORMACIÓN : 12partialityOrdered [3, 1, 1, 1, 1]
INFORMACIÓN : 12arrivalTimes [18.995330908610274, 32.596801417345716, 56.19764885975761, 90.40291161273174, 98.64912286396707]
INFORMACIÓN : 13historia0[0.0, 0.0, 0.0, 0.0, 0.0, 0.0, 0.0, 0.0, 0.0, 0.0, 0.0, 0.0, 0.0, 0.0, 0.0, 0.0, 0.0, 0.0, 0.0, 0.0, 0.0, 0.0, 0.0, 0.0, 771.2341676665653, 0.0, 0.0, 0.0, 782.2318161009493, 0.0, 0.0, 0.0, 0.0, 0.0, 0.0, 0.0, 0.0, 0.0, 0.0, 0.0, 0.0, 0.0, 0.0, 0.0, 0.0, 0.0, 0.0, 0.0, 801.9015611973646, 0.0, 0.0, 798.6785454302671, 0.0, 0.0, 0.0, 0.0, 0.0, 0.0, 0.0, 0.0, 0.0, 0.0, 0.0, 784.5794804505804, 0.0, 0.0, 0.0, 0.0, 0.0, 0.0, 0.0, 0.0, 0.0, 0.0, 0.0, 0.0, 0.0, 0.0, 0.0, 0.0, 0.0, 0.0, 0.0, 0.0, 0.0, 282.20191803263583, 0.0, 0.0, 0.0, 0.0, 0.0, 162.67680690416137, 0.0, 0.0, 0.0, 0.0, 0.0, 0.0, 0.0, 0.0, 0.0, 0.0, 0.0, 0.0, 0.0, 0.0, 0.0, 793.8964556220305, 0.0, 0.0, 0.0, 0.0, 0.0, 0.0, 763.5841736166201, 0.0, 0.0, 0.0, 0.0, 0.0, 0.0, 0.0, 0.0, 764.7935911796471, 0.0, 0.0, 0.0, 0.0, 0.0, 0.0, 0.0, 0.0, 169.6642520660153, 0.0, 0.0, 0.0, 0.0, 0.0, 0.0, 0.0, 0.0, 0.0, 0.0, 0.0, 0.0, 0.0, 802.9268246639465, 0.0, 0.0, 0.0, 0.0, 758.7456884462065, 0.0, 0.0, 0.0, 0.0, 0.0, 0.0, 0.0, 0.0, 0.0, 0.0, 0.0, 155.0704002036082, 0.0, 0.0, 0.0, 0.0, 174.14265722109076, 0.0]
INFORMACIÓN : 13apuestaBundle [802.9268246639465, 174.14265722109076, 169.6642520660153, 162.67680690416137, 155.0704002036082]
INFORMACIÓN : 13positionsBundle [410, 1064, 128, 1457, 1859]
INFORMACIÓN : 13levelsBundle [3, 1, 1, 1, 1]
INFORMACIÓN : 13positionsOrdered [410, 1064, 128, 1457, 1859]
INFORMACIÓN : 13levelsOrdered [3, 1, 1, 1, 1]
INFORMACIÓN : 13partialityOrdered [3, 1, 1, 1, 1]
INFORMACIÓN : 13arrivalTimes [18.995330908610274, 32.596801417345716, 56.19764885975761, 90.40291161273174, 98.64912286396707]
INFORMACIÓN : depSat position 410 level 3
INFORMACIÓN : timeSat position 410 level 3
INFORMACIÓN : 14historia0[0.0, 0.0, 0.0, 0.0, 0.0, 0.0, 0.0, 0.0, 0.0, 0.0, 0.0, 0.0, 0.0, 0.0, 0.0, 0.0, 0.0, 0.0, 0.0, 0.0, 0.0, 0.0, 0.0, 0.0, 771.2341676665653, 0.0, 0.0, 0.0, 782.2318161009493, 0.0, 0.0, 0.0, 0.0, 0.0, 0.0, 0.0, 0.0, 0.0, 0.0, 0.0, 0.0, 0.0, 792.4216008193301, 0.0, 0.0, 0.0, 0.0, 0.0, 0.0, 0.0, 0.0, 798.6785454302671, 0.0, 0.0, 0.0, 0.0, 0.0, 0.0, 0.0, 0.0, 0.0, 0.0, 0.0, 784.5794804505804, 0.0, 0.0, 0.0, 0.0, 0.0, 0.0, 0.0, 0.0, 0.0, 0.0, 0.0, 0.0, 0.0, 0.0, 0.0, 0.0, 0.0, 0.0, 0.0, 0.0, 0.0, 0.0, 0.0, 0.0, 0.0, 0.0, 0.0, 0.0, 0.0, 0.0, 0.0, 0.0, 0.0, 0.0, 0.0, 0.0, 0.0, 0.0, 0.0, 0.0, 0.0, 0.0, 0.0, 0.0, 0.0, 0.0, 0.0, 0.0, 0.0, 0.0, 0.0, 0.0, 0.0, 0.0, 0.0, 0.0, 0.0, 0.0, 0.0, 764.7935911796471, 0.0, 0.0, 0.0, 0.0, 0.0, 0.0, 0.0, 0.0, 0.0, 784.9146061965736, 0.0, 0.0, 0.0, 0.0, 0.0, 0.0, 0.0, 0.0, 0.0, 0.0, 0.0, 0.0, 0.0, 0.0, 0.0, 0.0, 0.0, 0.0, 0.0, 0.0, 0.0, 0.0, 0.0, 0.0, 0.0, 0.0, 0.0, 0.0, 0.0, 0.0, 0.0, 0.0, 0.0, 0.0, 0.0, 0.0]
INFORMACIÓN : 14apuestaBundle [802.702282943626, 795.6339828850666, 777.5478056125887, 751.2401140590557, 749.1940589134756]
INFORMACIÓN : 14positionsBundle [410, 711, 1362, 1194, 898]
INFORMACIÓN : 14levelsBundle [3, 3, 3, 3, 3]
INFORMACIÓN : 14positionsOrdered [711, 410, 1362, 1194, 898]
INFORMACIÓN : 14levelsOrdered [3, 3, 3, 3, 3]
INFORMACIÓN : 14partialityOrdered [3, 3, 3, 3, 3]
INFORMACIÓN : 14arrivalTimes [18.421822293250013, 24.50458482354823, 45.32896126531359, 77.57799225850778, 84.78909480943575]
INFORMACIÓN : 15historia0[0.0, 0.0, 0.0, 757.5957201689052, 0.0, 0.0, 0.0, 0.0, 0.0, 0.0, 0.0, 0.0, 284.2383510655241, 0.0, 0.0, 0.0, 0.0, 0.0, 0.0, 0.0, 364.4959877275696, 0.0, 0.0, 0.0, 0.0, 0.0, 0.0, 0.0, 0.0, 0.0, 0.0, 0.0, 0.0, 0.0, 0.0, 0.0, 0.0, 0.0, 0.0, 0.0, 0.0, 0.0, 0.0, 0.0, 0.0, 0.0, 0.0, 0.0, 801.6769615809301, 0.0, 0.0, 798.6785454302671, 0.0, 0.0, 0.0, 782.5911004665389, 0.0, 0.0, 0.0, 0.0, 0.0, 0.0, 0.0, 784.5794804505804, 0.0, 359.14003281870464, 0.0, 0.0, 773.4380137383888, 0.0, 0.0, 0.0, 0.0, 0.0, 0.0, 0.0, 0.0, 0.0, 0.0, 784.2191519677391, 0.0, 0.0, 0.0, 0.0, 0.0, 282.20191803263583, 0.0, 0.0, 0.0, 0.0, 0.0, 0.0, 0.0, 0.0, 0.0, 0.0, 0.0, 0.0, 0.0, 0.0, 0.0, 0.0, 364.4959877275696, 0.0, 0.0, 0.0, 0.0, 793.8964556220305, 0.0, 751.8876824099868, 0.0, 0.0, 0.0, 0.0, 764.5163520904725, 0.0, 0.0, 0.0, 0.0, 0.0, 0.0, 0.0, 0.0, 0.0, 0.0, 0.0, 0.0, 750.5104474443891, 0.0, 0.0, 0.0, 359.14003281870464, 0.0, 0.0, 0.0, 0.0, 0.0, 0.0, 0.0, 0.0, 0.0, 0.0, 0.0, 0.0, 0.0, 0.0, 802.702282943626, 0.0, 0.0, 0.0, 0.0, 758.9568881238083, 0.0, 0.0, 0.0, 0.0, 0.0, 0.0, 0.0, 0.0, 0.0, 0.0, 0.0, 0.0, 0.0, 0.0, 0.0, 0.0, 0.0, 0.0]
INFORMACIÓN : 15apuestaBundle [802.702282943626, 252.68153297073655, 244.87009019059394, 174.14265722109076, 166.327126901549]
INFORMACIÓN : 15positionsBundle [410, 1334, 2301, 1064, 1457]
INFORMACIÓN : 15levelsBundle [3, 2, 2, 1, 1]
INFORMACIÓN : 15positionsOrdered [410, 1334, 2301, 1064, 1457]
INFORMACIÓN : 15levelsOrdered [3, 2, 2, 1, 1]
INFORMACIÓN : 15partialityOrdered [3, 2, 2, 1, 1]
INFORMACIÓN : 15arrivalTimes [24.50458482354823, 54.50458482354823, 93.0921475866977, 121.27015319390844, 131.90029900664308]
INFORMACIÓN : 16historia0[0.0, 0.0, 0.0, 757.5957201689052, 0.0, 0.0, 0.0, 0.0, 0.0, 0.0, 0.0, 0.0, 284.2383510655241, 0.0, 0.0, 0.0, 0.0, 277.3437899562109, 0.0, 0.0, 0.0, 0.0, 0.0, 0.0, 771.2341676665653, 0.0, 0.0, 0.0, 801.7480363052492, 0.0, 0.0, 0.0, 0.0, 0.0, 0.0, 0.0, 0.0, 0.0, 0.0, 0.0, 0.0, 0.0, 792.4216008193301, 0.0, 0.0, 0.0, 0.0, 0.0, 0.0, 0.0, 0.0, 798.6785454302671, 0.0, 0.0, 0.0, 782.5911004665389, 0.0, 0.0, 0.0, 0.0, 0.0, 0.0, 0.0, 784.5794804505804, 0.0, 0.0, 0.0, 0.0, 773.4380137383888, 0.0, 0.0, 0.0, 0.0, 0.0, 0.0, 0.0, 0.0, 0.0, 0.0, 784.2191519677391, 0.0, 0.0, 0.0, 0.0, 0.0, 0.0, 0.0, 0.0, 0.0, 0.0, 0.0, 166.327126901549, 0.0, 0.0, 0.0, 0.0, 0.0, 0.0, 0.0, 0.0, 0.0, 0.0, 0.0, 0.0, 0.0, 0.0, 0.0, 0.0, 0.0, 751.8876824099868, 0.0, 0.0, 0.0, 0.0, 0.0, 0.0, 0.0, 0.0, 0.0, 0.0, 0.0, 0.0, 0.0, 764.7935911796471, 0.0, 0.0, 0.0, 750.5104474443891, 0.0, 0.0, 0.0, 0.0, 0.0, 768.7196561864251, 0.0, 252.68153297073655, 0.0, 0.0, 0.0, 244.87009019059394, 0.0, 0.0, 0.0, 0.0, 0.0, 0.0, 802.702282943626, 0.0, 0.0, 0.0, 0.0, 0.0, 0.0, 0.0, 0.0, 0.0, 0.0, 0.0, 0.0, 0.0, 0.0, 0.0, 0.0, 0.0, 0.0, 0.0, 0.0, 0.0, 174.14265722109076, 0.0]
INFORMACIÓN : 16apuestaBundle [802.702282943626, 252.68153297073655, 244.87009019059394, 174.14265722109076, 166.327126901549]
INFORMACIÓN : 16positionsBundle [410, 1334, 2301, 1064, 1457]
INFORMACIÓN : 16levelsBundle [3, 2, 2, 1, 1]
INFORMACIÓN : 16positionsOrdered [410, 1334, 2301, 1064, 1457]
INFORMACIÓN : 16levelsOrdered [3, 2, 2, 1, 1]
INFORMACIÓN : 16partialityOrdered [3, 2, 2, 1, 1]
INFORMACIÓN : 16arrivalTimes [24.50458482354823, 54.50458482354823, 93.0921475866977, 121.27015319390844, 131.90029900664308]
INFORMACIÓN : 17historia0[0.0, 0.0, 0.0, 757.5957201689052, 0.0, 0.0, 0.0, 0.0, 0.0, 0.0, 0.0, 0.0, 284.2383510655241, 0.0, 0.0, 0.0, 0.0, 277.3437899562109, 0.0, 0.0, 0.0, 0.0, 0.0, 0.0, 771.2341676665653, 0.0, 0.0, 0.0, 801.7480363052492, 0.0, 0.0, 0.0, 0.0, 0.0, 0.0, 0.0, 0.0, 0.0, 0.0, 0.0, 0.0, 0.0, 792.4216008193301, 0.0, 0.0, 0.0, 0.0, 0.0, 800.2130621343065, 0.0, 0.0, 798.6785454302671, 0.0, 0.0, 0.0, 782.5911004665389, 0.0, 0.0, 0.0, 0.0, 0.0, 0.0, 0.0, 784.5794804505804, 0.0, 0.0, 0.0, 0.0, 773.4380137383888, 0.0, 0.0, 0.0, 0.0, 0.0, 0.0, 0.0, 0.0, 0.0, 0.0, 784.2191519677391, 0.0, 0.0, 0.0, 0.0, 0.0, 0.0, 0.0, 0.0, 0.0, 0.0, 0.0, 0.0, 0.0, 0.0, 0.0, 0.0, 0.0, 0.0, 0.0, 0.0, 0.0, 0.0, 0.0, 0.0, 0.0, 0.0, 0.0, 0.0, 0.0, 751.8876824099868, 0.0, 0.0, 0.0, 0.0, 763.0568550528938, 0.0, 0.0, 0.0, 0.0, 0.0, 0.0, 0.0, 0.0, 764.7935911796471, 0.0, 0.0, 0.0, 750.5104474443891, 0.0, 0.0, 0.0, 0.0, 0.0, 768.7196561864251, 0.0, 267.2441326878238, 767.9282486378966, 0.0, 0.0, 0.0, 0.0, 0.0, 0.0, 0.0, 0.0, 0.0, 802.702282943626, 0.0, 0.0, 0.0, 0.0, 758.7579183505193, 0.0, 0.0, 0.0, 0.0, 0.0, 0.0, 0.0, 0.0, 0.0, 0.0, 0.0, 0.0, 0.0, 0.0, 0.0, 0.0, 0.0, 0.0]
INFORMACIÓN : 17apuestaBundle [802.702282943626, 270.9284346229125, 161.55885281942506, 146.72100578867207, 141.16165866309552]
INFORMACIÓN : 17positionsBundle [410, 1356, 128, 1859, 2269]
INFORMACIÓN : 17levelsBundle [3, 2, 1, 1, 3]
INFORMACIÓN : 17positionsOrdered [410, 1356, 128, 1859, 2269]
INFORMACIÓN : 17levelsOrdered [3, 2, 1, 1, 3]
INFORMACIÓN : 17partialityOrdered [3, 2, 1, 1, 3]
INFORMACIÓN : 17arrivalTimes [24.50458482354823, 43.92107266249583, 77.22272427318926, 117.04733977666902, 129.85358825153472]
INFORMACIÓN : 18historia0[0.0, 0.0, 0.0, 757.5957201689052, 0.0, 0.0, 0.0, 0.0, 0.0, 0.0, 0.0, 0.0, 284.2383510655241, 0.0, 0.0, 0.0, 0.0, 277.3437899562109, 0.0, 0.0, 0.0, 0.0, 0.0, 0.0, 771.2341676665653, 0.0, 0.0, 0.0, 801.7480363052492, 0.0, 0.0, 0.0, 0.0, 0.0, 0.0, 0.0, 0.0, 0.0, 0.0, 0.0, 0.0, 0.0, 792.4216008193301, 0.0, 0.0, 0.0, 0.0, 0.0, 800.2130621343065, 0.0, 0.0, 798.6785454302671, 0.0, 0.0, 0.0, 782.5911004665389, 0.0, 0.0, 0.0, 0.0, 0.0, 0.0, 0.0, 784.5794804505804, 0.0, 0.0, 0.0, 0.0, 773.4380137383888, 0.0, 0.0, 0.0, 0.0, 0.0, 0.0, 0.0, 0.0, 0.0, 0.0, 784.2191519677391, 0.0, 0.0, 0.0, 0.0, 0.0, 270.9284346229125, 0.0, 0.0, 0.0, 0.0, 0.0, 0.0, 0.0, 0.0, 0.0, 0.0, 0.0, 0.0, 0.0, 0.0, 0.0, 0.0, 0.0, 0.0, 0.0, 0.0, 0.0, 0.0, 0.0, 751.8876824099868, 0.0, 0.0, 0.0, 0.0, 763.0568550528938, 0.0, 0.0, 0.0, 0.0, 0.0, 0.0, 0.0, 0.0, 764.7935911796471, 0.0, 0.0, 0.0, 750.5104474443891, 0.0, 0.0, 141.16165866309552, 0.0, 161.55885281942506, 768.7196561864251, 0.0, 267.2441326878238, 767.9282486378966, 0.0, 0.0, 0.0, 0.0, 0.0, 0.0, 0.0, 0.0, 0.0, 802.702282943626, 0.0, 0.0, 0.0, 0.0, 758.7579183505193, 0.0, 0.0, 0.0, 0.0, 0.0, 0.0, 0.0, 0.0, 0.0, 0.0, 0.0, 146.72100578867207, 0.0, 0.0, 0.0, 0.0, 0.0, 0.0]
INFORMACIÓN : 18apuestaBundle [802.702282943626, 270.9284346229125, 161.55885281942506, 146.72100578867207, 141.16165866309552]
INFORMACIÓN : 18positionsBundle [410, 1356, 128, 1859, 2269]
INFORMACIÓN : 18levelsBundle [3, 2, 1, 1, 3]
INFORMACIÓN : 18positionsOrdered [410, 1356, 128, 1859, 2269]
INFORMACIÓN : 18levelsOrdered [3, 2, 1, 1, 3]
INFORMACIÓN : 18partialityOrdered [3, 2, 1, 1, 3]
INFORMACIÓN : 18arrivalTimes [24.50458482354823, 43.92107266249583, 77.22272427318926, 117.04733977666902, 129.85358825153472]
INFORMACIÓN : 19historia0[0.0, 0.0, 0.0, 757.5957201689052, 0.0, 0.0, 0.0, 0.0, 0.0, 0.0, 0.0, 0.0, 284.2383510655241, 0.0, 0.0, 0.0, 0.0, 277.3437899562109, 0.0, 0.0, 0.0, 0.0, 0.0, 0.0, 769.8738296996387, 0.0, 0.0, 0.0, 801.7480363052492, 0.0, 0.0, 0.0, 0.0, 0.0, 0.0, 0.0, 0.0, 0.0, 0.0, 0.0, 0.0, 0.0, 792.4216008193301, 0.0, 0.0, 0.0, 0.0, 0.0, 800.2130621343065, 0.0, 0.0, 798.6785454302671, 0.0, 0.0, 0.0, 782.5911004665389, 0.0, 0.0, 0.0, 0.0, 0.0, 0.0, 0.0, 784.5794804505804, 0.0, 0.0, 0.0, 0.0, 773.4380137383888, 0.0, 0.0, 0.0, 0.0, 0.0, 0.0, 0.0, 0.0, 0.0, 0.0, 784.2191519677391, 0.0, 0.0, 0.0, 0.0, 0.0, 270.9284346229125, 0.0, 0.0, 0.0, 0.0, 0.0, 0.0, 0.0, 0.0, 0.0, 0.0, 0.0, 0.0, 0.0, 0.0, 0.0, 0.0, 0.0, 0.0, 0.0, 0.0, 0.0, 0.0, 0.0, 751.8876824099868, 0.0, 0.0, 0.0, 0.0, 763.0568550528938, 0.0, 0.0, 0.0, 0.0, 0.0, 0.0, 0.0, 0.0, 772.2172139642721, 0.0, 0.0, 0.0, 750.5104474443891, 0.0, 0.0, 141.16165866309552, 0.0, 161.55885281942506, 768.7196561864251, 0.0, 267.2441326878238, 767.9282486378966, 0.0, 0.0, 0.0, 0.0, 0.0, 0.0, 0.0, 0.0, 0.0, 802.702282943626, 0.0, 0.0, 0.0, 0.0, 758.7579183505193, 0.0, 0.0, 0.0, 0.0, 0.0, 0.0, 0.0, 0.0, 0.0, 0.0, 0.0, 146.72100578867207, 0.0, 0.0, 0.0, 0.0, 0.0, 0.0]
INFORMACIÓN : 19apuestaBundle [802.702282943626, 270.9284346229125, 161.55885281942506, 146.72100578867207, 141.16165866309552]
INFORMACIÓN : 19positionsBundle [410, 1356, 128, 1859, 2269]
INFORMACIÓN : 19levelsBundle [3, 2, 1, 1, 3]
INFORMACIÓN : 19positionsOrdered [410, 1356, 128, 1859, 2269]
INFORMACIÓN : 19levelsOrdered [3, 2, 1, 1, 3]
INFORMACIÓN : 19partialityOrdered [3, 2, 1, 1, 3]
INFORMACIÓN : 19arrivalTimes [24.50458482354823, 43.92107266249583, 77.22272427318926, 117.04733977666902, 129.85358825153472]
INFORMACIÓN : depSat position 410 level 3
INFORMACIÓN : 20historia0[0.0, 0.0, 0.0, 0.0, 0.0, 0.0, 0.0, 0.0, 0.0, 0.0, 0.0, 0.0, 0.0, 0.0, 0.0, 0.0, 0.0, 277.3437899562109, 0.0, 0.0, 0.0, 0.0, 0.0, 0.0, 769.8738296996387, 0.0, 0.0, 0.0, 0.0, 0.0, 0.0, 0.0, 0.0, 0.0, 0.0, 0.0, 0.0, 0.0, 0.0, 0.0, 0.0, 0.0, 0.0, 0.0, 0.0, 0.0, 0.0, 0.0, 800.2130621343065, 0.0, 0.0, 798.6785454302671, 0.0, 0.0, 0.0, 782.5911004665389, 0.0, 0.0, 0.0, 0.0, 0.0, 0.0, 0.0, 784.5794804505804, 0.0, 0.0, 0.0, 0.0, 0.0, 0.0, 0.0, 0.0, 0.0, 0.0, 0.0, 0.0, 0.0, 0.0, 0.0, 784.2191519677391, 0.0, 0.0, 0.0, 0.0, 0.0, 0.0, 0.0, 0.0, 0.0, 0.0, 0.0, 0.0, 0.0, 0.0, 0.0, 0.0, 0.0, 0.0, 0.0, 0.0, 0.0, 0.0, 0.0, 0.0, 0.0, 0.0, 0.0, 0.0, 0.0, 0.0, 0.0, 0.0, 0.0, 0.0, 763.0568550528938, 0.0, 0.0, 0.0, 0.0, 0.0, 0.0, 0.0, 0.0, 772.2172139642721, 0.0, 0.0, 0.0, 0.0, 0.0, 0.0, 0.0, 0.0, 0.0, 0.0, 0.0, 267.2441326878238, 767.9282486378966, 0.0, 0.0, 0.0, 0.0, 0.0, 0.0, 0.0, 0.0, 0.0, 0.0, 0.0, 0.0, 0.0, 0.0, 758.7579183505193, 0.0, 0.0, 0.0, 0.0, 0.0, 0.0, 0.0, 0.0, 0.0, 0.0, 0.0, 0.0, 0.0, 0.0, 0.0, 0.0, 0.0, 0.0]
INFORMACIÓN : 20apuestaBundle [803.4058614826589, 777.6291560371927, 745.8496261510066, 727.9013355326165, 270.9284346229125]
INFORMACIÓN : 20positionsBundle [410, 1362, 1642, 2493, 1356]
INFORMACIÓN : 20levelsBundle [3, 3, 3, 3, 2]
INFORMACIÓN : 20positionsOrdered [410, 1356, 1362, 1642, 2493]
INFORMACIÓN : 20levelsOrdered [3, 2, 3, 3, 3]
INFORMACIÓN : 20partialityOrdered [3, 2, 3, 3, 3]
INFORMACIÓN : 20arrivalTimes [7.24697050780252, 26.66345834675012, 43.32896126531359, 73.74277391680468, 90.77216028273108]
INFORMACIÓN : timeSat position 410 level 3
INFORMACIÓN : 21historia0[0.0, 0.0, 0.0, 755.68937937261, 0.0, 0.0, 0.0, 0.0, 0.0, 0.0, 0.0, 0.0, 0.0, 0.0, 0.0, 0.0, 0.0, 277.3437899562109, 0.0, 0.0, 0.0, 0.0, 0.0, 0.0, 769.8738296996387, 0.0, 0.0, 0.0, 801.7480363052492, 0.0, 0.0, 0.0, 0.0, 0.0, 0.0, 0.0, 0.0, 254.2227387370708, 0.0, 0.0, 0.0, 0.0, 790.9005340588142, 0.0, 0.0, 0.0, 0.0, 0.0, 800.2130621343065, 0.0, 0.0, 798.6785454302671, 0.0, 0.0, 0.0, 782.5911004665389, 0.0, 0.0, 0.0, 0.0, 0.0, 0.0, 0.0, 784.5794804505804, 0.0, 0.0, 0.0, 0.0, 0.0, 0.0, 0.0, 0.0, 0.0, 0.0, 0.0, 0.0, 0.0, 0.0, 0.0, 784.2191519677391, 0.0, 0.0, 0.0, 0.0, 0.0, 0.0, 0.0, 0.0, 0.0, 0.0, 270.30727806635423, 0.0, 0.0, 0.0, 0.0, 0.0, 0.0, 0.0, 0.0, 0.0, 0.0, 0.0, 0.0, 0.0, 0.0, 0.0, 0.0, 0.0, 0.0, 0.0, 0.0, 0.0, 0.0, 0.0, 763.0568550528938, 0.0, 0.0, 0.0, 0.0, 0.0, 0.0, 255.86351107855626, 0.0, 772.2172139642721, 0.0, 0.0, 0.0, 748.5157780718248, 0.0, 0.0, 0.0, 0.0, 0.0, 768.7196561864251, 0.0, 267.2441326878238, 767.9282486378966, 0.0, 0.0, 0.0, 0.0, 0.0, 0.0, 0.0, 0.0, 0.0, 0.0, 0.0, 0.0, 0.0, 0.0, 758.7579183505193, 0.0, 0.0, 0.0, 0.0, 0.0, 0.0, 0.0, 0.0, 0.0, 0.0, 0.0, 0.0, 0.0, 0.0, 0.0, 0.0, 0.0, 0.0]
INFORMACIÓN : 21apuestaBundle [802.865305560735, 777.6291560371927, 745.8496261510066, 727.9013355326165, 270.9284346229125]
INFORMACIÓN : 21positionsBundle [410, 1362, 1642, 2493, 1356]
INFORMACIÓN : 21levelsBundle [3, 3, 3, 3, 2]
INFORMACIÓN : 21positionsOrdered [410, 1362, 1642, 2493, 1356]
INFORMACIÓN : 21levelsOrdered [3, 3, 3, 3, 2]
INFORMACIÓN : 21partialityOrdered [3, 3, 3, 3, 2]
INFORMACIÓN : 21arrivalTimes [20.50458482354823, 43.32896126531359, 73.74277391680468, 90.77216028273108, 133.81864678279285]
INFORMACIÓN : 22historia0[0.0, 0.0, 0.0, 755.68937937261, 0.0, 0.0, 0.0, 0.0, 0.0, 0.0, 0.0, 0.0, 0.0, 0.0, 0.0, 0.0, 0.0, 277.3437899562109, 0.0, 0.0, 0.0, 0.0, 0.0, 0.0, 769.8738296996387, 0.0, 0.0, 0.0, 801.7480363052492, 0.0, 0.0, 0.0, 727.9013355326165, 0.0, 0.0, 0.0, 0.0, 254.2227387370708, 0.0, 0.0, 0.0, 0.0, 790.9005340588142, 0.0, 0.0, 0.0, 0.0, 0.0, 0.0, 0.0, 0.0, 798.6785454302671, 0.0, 0.0, 0.0, 782.5911004665389, 0.0, 0.0, 0.0, 0.0, 0.0, 0.0, 0.0, 784.5794804505804, 0.0, 0.0, 0.0, 0.0, 0.0, 0.0, 0.0, 0.0, 0.0, 0.0, 0.0, 0.0, 0.0, 0.0, 0.0, 784.2191519677391, 0.0, 0.0, 0.0, 0.0, 0.0, 270.9284346229125, 745.8496261510066, 0.0, 0.0, 0.0, 270.30727806635423, 0.0, 0.0, 0.0, 0.0, 0.0, 0.0, 0.0, 0.0, 0.0, 0.0, 0.0, 0.0, 0.0, 0.0, 0.0, 0.0, 777.6291560371927, 0.0, 0.0, 0.0, 0.0, 0.0, 0.0, 0.0, 0.0, 0.0, 0.0, 0.0, 0.0, 0.0, 255.86351107855626, 0.0, 772.2172139642721, 0.0, 0.0, 0.0, 748.5157780718248, 0.0, 0.0, 0.0, 0.0, 0.0, 768.7196561864251, 0.0, 0.0, 0.0, 0.0, 0.0, 0.0, 0.0, 0.0, 0.0, 0.0, 0.0, 0.0, 802.865305560735, 0.0, 0.0, 0.0, 0.0, 0.0, 0.0, 0.0, 0.0, 0.0, 0.0, 0.0, 0.0, 0.0, 0.0, 0.0, 0.0, 0.0, 0.0, 0.0, 0.0, 0.0, 0.0, 0.0]
INFORMACIÓN : 22apuestaBundle [802.865305560735, 777.6291560371927, 745.8496261510066, 727.9013355326165, 270.9284346229125]
INFORMACIÓN : 22positionsBundle [410, 1362, 1642, 2493, 1356]
INFORMACIÓN : 22levelsBundle [3, 3, 3, 3, 2]
INFORMACIÓN : 22positionsOrdered [410, 1362, 1642, 2493, 1356]
INFORMACIÓN : 22levelsOrdered [3, 3, 3, 3, 2]
INFORMACIÓN : 22partialityOrdered [3, 3, 3, 3, 2]
INFORMACIÓN : 22arrivalTimes [20.50458482354823, 43.32896126531359, 73.74277391680468, 90.77216028273108, 133.81864678279285]
INFORMACIÓN : 23historia0[0.0, 0.0, 0.0, 755.68937937261, 0.0, 0.0, 0.0, 0.0, 0.0, 0.0, 0.0, 0.0, 0.0, 0.0, 0.0, 0.0, 0.0, 277.3437899562109, 0.0, 0.0, 0.0, 0.0, 0.0, 0.0, 769.8738296996387, 0.0, 0.0, 0.0, 801.7480363052492, 0.0, 0.0, 268.52915012136555, 727.9013355326165, 0.0, 0.0, 0.0, 0.0, 254.2227387370708, 0.0, 0.0, 0.0, 0.0, 790.9005340588142, 0.0, 0.0, 0.0, 0.0, 0.0, 800.2130621343065, 0.0, 0.0, 798.6785454302671, 0.0, 0.0, 0.0, 782.5911004665389, 0.0, 0.0, 0.0, 0.0, 0.0, 0.0, 0.0, 784.5794804505804, 0.0, 0.0, 0.0, 0.0, 0.0, 0.0, 0.0, 0.0, 0.0, 0.0, 0.0, 0.0, 0.0, 0.0, 0.0, 784.2191519677391, 0.0, 0.0, 0.0, 0.0, 0.0, 270.9284346229125, 745.8496261510066, 0.0, 0.0, 0.0, 270.30727806635423, 0.0, 0.0, 0.0, 0.0, 0.0, 0.0, 0.0, 0.0, 0.0, 0.0, 0.0, 0.0, 0.0, 0.0, 0.0, 0.0, 777.6291560371927, 0.0, 0.0, 0.0, 0.0, 0.0, 0.0, 763.0568550528938, 0.0, 0.0, 0.0, 0.0, 0.0, 0.0, 255.86351107855626, 0.0, 772.2172139642721, 0.0, 0.0, 0.0, 748.5157780718248, 0.0, 0.0, 0.0, 0.0, 0.0, 768.7196561864251, 0.0, 0.0, 767.9282486378966, 0.0, 0.0, 0.0, 0.0, 0.0, 0.0, 0.0, 0.0, 0.0, 802.865305560735, 0.0, 0.0, 0.0, 0.0, 758.7579183505193, 0.0, 0.0, 0.0, 0.0, 0.0, 0.0, 0.0, 0.0, 0.0, 0.0, 0.0, 0.0, 0.0, 0.0, 0.0, 0.0, 0.0, 0.0]
INFORMACIÓN : 23apuestaBundle [802.865305560735, 777.6291560371927, 745.8496261510066, 727.9013355326165, 270.9284346229125]
INFORMACIÓN : 23positionsBundle [410, 1362, 1642, 2493, 1356]
INFORMACIÓN : 23levelsBundle [3, 3, 3, 3, 2]
INFORMACIÓN : 23positionsOrdered [410, 1362, 1642, 2493, 1356]
INFORMACIÓN : 23levelsOrdered [3, 3, 3, 3, 2]
INFORMACIÓN : 23partialityOrdered [3, 3, 3, 3, 2]
INFORMACIÓN : 23arrivalTimes [20.50458482354823, 43.32896126531359, 73.74277391680468, 90.77216028273108, 133.81864678279285]
INFORMACIÓN : 24historia0[0.0, 0.0, 0.0, 755.68937937261, 0.0, 0.0, 0.0, 0.0, 0.0, 0.0, 0.0, 0.0, 0.0, 0.0, 0.0, 0.0, 0.0, 277.3437899562109, 0.0, 0.0, 0.0, 0.0, 0.0, 0.0, 769.8738296996387, 0.0, 0.0, 0.0, 801.7480363052492, 0.0, 0.0, 268.52915012136555, 727.9013355326165, 0.0, 0.0, 0.0, 0.0, 254.2227387370708, 0.0, 0.0, 0.0, 0.0, 790.9005340588142, 0.0, 0.0, 0.0, 0.0, 0.0, 800.2130621343065, 0.0, 0.0, 798.6785454302671, 0.0, 0.0, 0.0, 782.5911004665389, 0.0, 0.0, 0.0, 0.0, 0.0, 0.0, 0.0, 784.5794804505804, 0.0, 0.0, 0.0, 0.0, 0.0, 0.0, 0.0, 0.0, 0.0, 0.0, 0.0, 0.0, 0.0, 0.0, 0.0, 784.2191519677391, 0.0, 0.0, 0.0, 0.0, 0.0, 270.9284346229125, 745.8496261510066, 0.0, 0.0, 0.0, 270.30727806635423, 0.0, 0.0, 0.0, 0.0, 0.0, 0.0, 0.0, 0.0, 0.0, 0.0, 0.0, 0.0, 0.0, 0.0, 0.0, 0.0, 777.6291560371927, 0.0, 0.0, 0.0, 0.0, 0.0, 0.0, 763.0568550528938, 0.0, 0.0, 0.0, 0.0, 0.0, 0.0, 255.86351107855626, 0.0, 772.2172139642721, 0.0, 0.0, 0.0, 748.5157780718248, 0.0, 0.0, 0.0, 0.0, 0.0, 768.7196561864251, 0.0, 0.0, 767.9282486378966, 0.0, 0.0, 0.0, 0.0, 0.0, 0.0, 0.0, 0.0, 0.0, 802.865305560735, 0.0, 0.0, 0.0, 0.0, 758.7579183505193, 0.0, 0.0, 0.0, 0.0, 0.0, 0.0, 0.0, 0.0, 0.0, 0.0, 0.0, 0.0, 0.0, 0.0, 0.0, 0.0, 0.0, 0.0]
INFORMACIÓN : 24apuestaBundle [802.865305560735, 777.6291560371927, 745.8496261510066, 727.9013355326165, 270.9284346229125]
INFORMACIÓN : 24positionsBundle [410, 1362, 1642, 2493, 1356]
INFORMACIÓN : 24levelsBundle [3, 3, 3, 3, 2]
INFORMACIÓN : 24positionsOrdered [410, 1362, 1642, 2493, 1356]
INFORMACIÓN : 24levelsOrdered [3, 3, 3, 3, 2]
INFORMACIÓN : 24partialityOrdered [3, 3, 3, 3, 2]
INFORMACIÓN : 24arrivalTimes [20.50458482354823, 43.32896126531359, 73.74277391680468, 90.77216028273108, 133.81864678279285]
INFORMACIÓN : 25historia0[0.0, 0.0, 0.0, 755.68937937261, 0.0, 0.0, 0.0, 0.0, 0.0, 0.0, 0.0, 0.0, 0.0, 0.0, 0.0, 0.0, 0.0, 277.3437899562109, 0.0, 0.0, 0.0, 0.0, 0.0, 0.0, 769.9550453625454, 0.0, 0.0, 0.0, 801.7480363052492, 0.0, 0.0, 268.52915012136555, 727.9013355326165, 0.0, 0.0, 0.0, 0.0, 254.2227387370708, 0.0, 0.0, 0.0, 0.0, 790.9005340588142, 0.0, 0.0, 0.0, 0.0, 0.0, 800.2130621343065, 0.0, 0.0, 798.6785454302671, 0.0, 0.0, 0.0, 782.5911004665389, 0.0, 0.0, 0.0, 0.0, 0.0, 0.0, 0.0, 784.5794804505804, 0.0, 0.0, 0.0, 0.0, 0.0, 0.0, 0.0, 0.0, 0.0, 0.0, 0.0, 0.0, 0.0, 0.0, 0.0, 784.2191519677391, 0.0, 0.0, 0.0, 0.0, 0.0, 270.9284346229125, 745.8496261510066, 0.0, 0.0, 0.0, 270.30727806635423, 0.0, 0.0, 0.0, 0.0, 0.0, 0.0, 0.0, 0.0, 0.0, 0.0, 0.0, 0.0, 0.0, 0.0, 0.0, 0.0, 777.6291560371927, 0.0, 0.0, 0.0, 0.0, 0.0, 0.0, 763.0568550528938, 0.0, 0.0, 0.0, 0.0, 0.0, 0.0, 255.86351107855626, 0.0, 772.2983694659789, 0.0, 0.0, 0.0, 748.5157780718248, 0.0, 0.0, 0.0, 0.0, 0.0, 768.7196561864251, 0.0, 0.0, 767.9282486378966, 0.0, 0.0, 0.0, 0.0, 0.0, 0.0, 0.0, 0.0, 0.0, 802.865305560735, 0.0, 0.0, 0.0, 0.0, 758.7579183505193, 0.0, 0.0, 0.0, 0.0, 0.0, 0.0, 0.0, 0.0, 0.0, 0.0, 0.0, 0.0, 0.0, 0.0, 0.0, 0.0, 0.0, 0.0]
INFORMACIÓN : 25apuestaBundle [802.865305560735, 777.6291560371927, 745.8496261510066, 727.9013355326165, 270.9284346229125]
INFORMACIÓN : 25positionsBundle [410, 1362, 1642, 2493, 1356]
INFORMACIÓN : 25levelsBundle [3, 3, 3, 3, 2]
INFORMACIÓN : 25positionsOrdered [410, 1362, 1642, 2493, 1356]
INFORMACIÓN : 25levelsOrdered [3, 3, 3, 3, 2]
INFORMACIÓN : 25partialityOrdered [3, 3, 3, 3, 2]
INFORMACIÓN : 25arrivalTimes [20.50458482354823, 43.32896126531359, 73.74277391680468, 90.77216028273108, 133.81864678279285]
INFORMACIÓN : 26historia0[0.0, 0.0, 0.0, 0.0, 0.0, 0.0, 0.0, 0.0, 0.0, 0.0, 0.0, 0.0, 0.0, 0.0, 0.0, 0.0, 0.0, 277.3437899562109, 0.0, 0.0, 0.0, 0.0, 0.0, 0.0, 769.9550453625454, 0.0, 0.0, 0.0, 801.7480363052492, 0.0, 0.0, 268.52915012136555, 727.9013355326165, 0.0, 0.0, 0.0, 0.0, 0.0, 0.0, 0.0, 0.0, 0.0, 0.0, 0.0, 0.0, 0.0, 0.0, 0.0, 800.2130621343065, 0.0, 0.0, 798.6785454302671, 0.0, 0.0, 0.0, 0.0, 0.0, 0.0, 0.0, 0.0, 0.0, 0.0, 0.0, 784.5794804505804, 0.0, 0.0, 0.0, 0.0, 0.0, 0.0, 0.0, 0.0, 0.0, 0.0, 0.0, 0.0, 0.0, 0.0, 0.0, 0.0, 0.0, 0.0, 0.0, 0.0, 0.0, 270.9284346229125, 745.8496261510066, 0.0, 0.0, 0.0, 0.0, 0.0, 0.0, 0.0, 0.0, 0.0, 0.0, 0.0, 0.0, 0.0, 0.0, 0.0, 0.0, 0.0, 0.0, 0.0, 0.0, 777.6291560371927, 0.0, 0.0, 0.0, 0.0, 0.0, 0.0, 763.0568550528938, 0.0, 0.0, 0.0, 0.0, 0.0, 0.0, 0.0, 0.0, 772.2983694659789, 0.0, 0.0, 0.0, 0.0, 0.0, 0.0, 0.0, 0.0, 0.0, 0.0, 0.0, 0.0, 767.9282486378966, 0.0, 0.0, 0.0, 0.0, 0.0, 0.0, 0.0, 0.0, 0.0, 802.865305560735, 0.0, 0.0, 0.0, 0.0, 758.7579183505193, 0.0, 0.0, 0.0, 0.0, 0.0, 0.0, 0.0, 0.0, 0.0, 0.0, 0.0, 0.0, 0.0, 0.0, 0.0, 0.0, 0.0, 0.0]
INFORMACIÓN : 26apuestaBundle [802.865305560735, 777.6291560371927, 745.8496261510066, 727.9013355326165, 270.9284346229125]
INFORMACIÓN : 26positionsBundle [410, 1362, 1642, 2493, 1356]
INFORMACIÓN : 26levelsBundle [3, 3, 3, 3, 2]
INFORMACIÓN : 26positionsOrdered [410, 1362, 1642, 2493, 1356]
INFORMACIÓN : 26levelsOrdered [3, 3, 3, 3, 2]
INFORMACIÓN : 26partialityOrdered [3, 3, 3, 3, 2]
INFORMACIÓN : 26arrivalTimes [20.50458482354823, 43.32896126531359, 73.74277391680468, 90.77216028273108, 133.81864678279285]
INFORMACIÓN : depSat position 410 level 3
INFORMACIÓN : depSat position 2493 level 3
INFORMACIÓN : depSat position 1356 level 2
INFORMACIÓN : 27historia0[0.0, 0.0, 0.0, 0.0, 0.0, 781.3694532541639, 0.0, 0.0, 0.0, 0.0, 0.0, 0.0, 0.0, 0.0, 0.0, 0.0, 0.0, 277.3437899562109, 0.0, 0.0, 0.0, 0.0, 0.0, 0.0, 769.9550453625454, 0.0, 0.0, 0.0, 801.7480363052492, 0.0, 0.0, 268.52915012136555, 0.0, 0.0, 0.0, 0.0, 0.0, 277.9583843772541, 0.0, 0.0, 0.0, 0.0, 0.0, 0.0, 0.0, 791.2110772202415, 0.0, 0.0, 800.2130621343065, 0.0, 0.0, 798.6785454302671, 0.0, 0.0, 0.0, 782.7538393150453, 168.29840531872196, 0.0, 0.0, 0.0, 0.0, 0.0, 0.0, 784.5794804505804, 0.0, 0.0, 0.0, 0.0, 791.4519752676467, 0.0, 0.0, 0.0, 0.0, 0.0, 0.0, 790.9535790272649, 0.0, 0.0, 0.0, 801.7230012216617, 0.0, 0.0, 0.0, 0.0, 0.0, 0.0, 0.0, 0.0, 0.0, 0.0, 290.45093722958063, 0.0, 245.40366805811527, 0.0, 0.0, 0.0, 0.0, 0.0, 0.0, 0.0, 0.0, 176.51356733472315, 0.0, 0.0, 0.0, 0.0, 0.0, 0.0, 0.0, 0.0, 0.0, 0.0, 0.0, 0.0, 763.0568550528938, 0.0, 0.0, 0.0, 0.0, 0.0, 0.0, 275.28083246506503, 0.0, 772.2983694659789, 0.0, 0.0, 0.0, 0.0, 0.0, 0.0, 0.0, 0.0, 0.0, 0.0, 0.0, 0.0, 767.9282486378966, 0.0, 0.0, 0.0, 0.0, 0.0, 0.0, 0.0, 0.0, 0.0, 0.0, 0.0, 0.0, 78.12410620465027, 0.0, 758.7579183505193, 0.0, 0.0, 0.0, 771.2439524199289, 0.0, 0.0, 0.0, 0.0, 0.0, 0.0, 0.0, 0.0, 0.0, 0.0, 0.0, 0.0, 0.0, 0.0]
INFORMACIÓN : 27apuestaBundle [802.946829096801, 777.7105145972461, 745.9307787138652, 727.9823681157847, 270.9284346229125]
INFORMACIÓN : 27positionsBundle [410, 1362, 1642, 2493, 1356]
INFORMACIÓN : 27levelsBundle [3, 3, 3, 3, 2]
INFORMACIÓN : 27positionsOrdered [410, 1362, 1642, 2493, 1356]
INFORMACIÓN : 27levelsOrdered [3, 3, 3, 3, 2]
INFORMACIÓN : 27partialityOrdered [3, 3, 3, 3, 2]
INFORMACIÓN : 27arrivalTimes [18.50458482354823, 41.32896126531359, 71.74277391680468, 88.77216028273108, 131.81864678279285]
INFORMACIÓN : 28historia0[0.0, 0.0, 0.0, 0.0, 0.0, 781.3694532541639, 0.0, 0.0, 0.0, 0.0, 0.0, 0.0, 0.0, 0.0, 0.0, 0.0, 0.0, 277.3437899562109, 0.0, 0.0, 0.0, 0.0, 0.0, 0.0, 769.9550453625454, 0.0, 0.0, 0.0, 801.7480363052492, 0.0, 0.0, 0.0, 727.9823681157847, 0.0, 0.0, 0.0, 0.0, 277.9583843772541, 0.0, 0.0, 0.0, 0.0, 0.0, 0.0, 0.0, 791.2110772202415, 0.0, 0.0, 0.0, 0.0, 0.0, 798.6785454302671, 0.0, 0.0, 0.0, 782.7538393150453, 168.29840531872196, 0.0, 0.0, 0.0, 0.0, 0.0, 0.0, 784.5794804505804, 0.0, 0.0, 0.0, 0.0, 791.4519752676467, 0.0, 0.0, 0.0, 0.0, 0.0, 0.0, 790.9535790272649, 0.0, 0.0, 0.0, 801.7230012216617, 0.0, 0.0, 0.0, 0.0, 0.0, 270.9284346229125, 745.9307787138652, 0.0, 0.0, 0.0, 290.45093722958063, 0.0, 245.40366805811527, 0.0, 0.0, 0.0, 0.0, 59.87102798632911, 0.0, 0.0, 0.0, 176.51356733472315, 0.0, 0.0, 0.0, 0.0, 0.0, 777.7105145972461, 0.0, 0.0, 0.0, 0.0, 0.0, 0.0, 0.0, 0.0, 0.0, 0.0, 0.0, 0.0, 0.0, 275.28083246506503, 0.0, 772.2983694659789, 0.0, 0.0, 0.0, 0.0, 0.0, 0.0, 0.0, 0.0, 0.0, 0.0, 0.0, 0.0, 0.0, 0.0, 0.0, 0.0, 0.0, 0.0, 0.0, 0.0, 0.0, 0.0, 802.946829096801, 0.0, 0.0, 0.0, 0.0, 0.0, 0.0, 0.0, 0.0, 771.2439524199289, 0.0, 0.0, 0.0, 0.0, 0.0, 0.0, 0.0, 0.0, 0.0, 0.0, 0.0, 0.0, 0.0, 0.0]
INFORMACIÓN : 28apuestaBundle [802.946829096801, 777.7105145972461, 745.9307787138652, 727.9823681157847, 270.9284346229125]
INFORMACIÓN : 28positionsBundle [410, 1362, 1642, 2493, 1356]
INFORMACIÓN : 28levelsBundle [3, 3, 3, 3, 2]
INFORMACIÓN : 28positionsOrdered [410, 1362, 1642, 2493, 1356]
INFORMACIÓN : 28levelsOrdered [3, 3, 3, 3, 2]
INFORMACIÓN : 28partialityOrdered [3, 3, 3, 3, 2]
INFORMACIÓN : 28arrivalTimes [18.50458482354823, 41.32896126531359, 71.74277391680468, 88.77216028273108, 131.81864678279285]
INFORMACIÓN : 29historia0[0.0, 0.0, 0.0, 0.0, 0.0, 781.3694532541639, 0.0, 0.0, 0.0, 0.0, 0.0, 0.0, 0.0, 0.0, 0.0, 0.0, 0.0, 277.3437899562109, 0.0, 0.0, 0.0, 0.0, 0.0, 0.0, 769.9550453625454, 0.0, 0.0, 0.0, 801.7480363052492, 0.0, 0.0, 268.55960455907416, 727.9823681157847, 0.0, 0.0, 0.0, 0.0, 277.9583843772541, 0.0, 0.0, 0.0, 0.0, 0.0, 0.0, 0.0, 791.2110772202415, 0.0, 0.0, 800.2944439859566, 0.0, 0.0, 798.6785454302671, 0.0, 0.0, 0.0, 782.7538393150453, 168.29840531872196, 0.0, 0.0, 0.0, 0.0, 0.0, 0.0, 784.5794804505804, 0.0, 0.0, 0.0, 0.0, 791.4519752676467, 0.0, 0.0, 0.0, 0.0, 0.0, 0.0, 790.9535790272649, 0.0, 0.0, 0.0, 801.7230012216617, 0.0, 0.0, 0.0, 0.0, 0.0, 274.294684338088, 745.9307787138652, 0.0, 0.0, 0.0, 290.45093722958063, 0.0, 245.40366805811527, 0.0, 0.0, 0.0, 0.0, 59.87102798632911, 0.0, 0.0, 0.0, 176.51356733472315, 0.0, 0.0, 0.0, 0.0, 0.0, 777.7105145972461, 0.0, 0.0, 0.0, 0.0, 0.0, 0.0, 763.1379921635541, 0.0, 0.0, 0.0, 0.0, 0.0, 0.0, 275.28083246506503, 0.0, 772.2983694659789, 0.0, 0.0, 0.0, 0.0, 0.0, 0.0, 0.0, 0.0, 0.0, 0.0, 0.0, 0.0, 0.0, 0.0, 0.0, 0.0, 0.0, 0.0, 0.0, 0.0, 0.0, 0.0, 802.946829096801, 0.0, 0.0, 0.0, 0.0, 758.83901438674, 0.0, 0.0, 0.0, 771.2439524199289, 0.0, 0.0, 0.0, 0.0, 0.0, 0.0, 0.0, 0.0, 0.0, 0.0, 0.0, 0.0, 0.0, 0.0]
INFORMACIÓN : 29apuestaBundle [802.946829096801, 777.7105145972461, 745.9307787138652, 727.9823681157847, 252.68153297073655]
INFORMACIÓN : 29positionsBundle [410, 1362, 1642, 2493, 1334]
INFORMACIÓN : 29levelsBundle [3, 3, 3, 3, 2]
INFORMACIÓN : 29positionsOrdered [410, 1362, 1642, 2493, 1334]
INFORMACIÓN : 29levelsOrdered [3, 3, 3, 3, 2]
INFORMACIÓN : 29partialityOrdered [3, 3, 3, 3, 2]
INFORMACIÓN : 29arrivalTimes [18.50458482354823, 41.32896126531359, 71.74277391680468, 88.77216028273108, 113.47033835318801]
INFORMACIÓN : 30historia0[0.0, 0.0, 0.0, 0.0, 0.0, 781.3694532541639, 0.0, 0.0, 0.0, 0.0, 0.0, 0.0, 0.0, 0.0, 0.0, 0.0, 0.0, 277.3437899562109, 0.0, 0.0, 0.0, 0.0, 0.0, 0.0, 769.9550453625454, 0.0, 0.0, 0.0, 801.7480363052492, 0.0, 0.0, 268.55960455907416, 727.9823681157847, 0.0, 0.0, 0.0, 0.0, 277.9583843772541, 0.0, 0.0, 0.0, 0.0, 0.0, 0.0, 0.0, 791.2110772202415, 0.0, 0.0, 800.2944439859566, 0.0, 0.0, 798.6785454302671, 0.0, 0.0, 0.0, 782.7538393150453, 168.29840531872196, 0.0, 0.0, 0.0, 0.0, 0.0, 0.0, 784.5794804505804, 0.0, 0.0, 0.0, 0.0, 791.4519752676467, 0.0, 0.0, 0.0, 0.0, 0.0, 0.0, 790.9535790272649, 0.0, 0.0, 0.0, 801.7230012216617, 0.0, 0.0, 0.0, 0.0, 0.0, 274.294684338088, 745.9307787138652, 0.0, 0.0, 0.0, 290.45093722958063, 0.0, 245.40366805811527, 0.0, 0.0, 0.0, 0.0, 0.0, 0.0, 0.0, 0.0, 176.51356733472315, 0.0, 0.0, 0.0, 0.0, 0.0, 777.7105145972461, 0.0, 0.0, 0.0, 0.0, 0.0, 0.0, 763.1379921635541, 0.0, 0.0, 0.0, 0.0, 0.0, 0.0, 275.28083246506503, 0.0, 772.2983694659789, 0.0, 0.0, 0.0, 0.0, 0.0, 0.0, 0.0, 0.0, 0.0, 0.0, 0.0, 252.68153297073655, 0.0, 0.0, 0.0, 0.0, 0.0, 0.0, 0.0, 0.0, 0.0, 0.0, 802.946829096801, 0.0, 0.0, 0.0, 0.0, 758.83901438674, 0.0, 0.0, 0.0, 771.2439524199289, 0.0, 0.0, 0.0, 0.0, 0.0, 0.0, 0.0, 0.0, 0.0, 0.0, 0.0, 0.0, 0.0, 0.0]
INFORMACIÓN : 30apuestaBundle [802.946829096801, 777.7105145972461, 745.9307787138652, 727.9823681157847, 252.68153297073655]
INFORMACIÓN : 30positionsBundle [410, 1362, 1642, 2493, 1334]
INFORMACIÓN : 30levelsBundle [3, 3, 3, 3, 2]
INFORMACIÓN : 30positionsOrdered [410, 1362, 1642, 2493, 1334]
INFORMACIÓN : 30levelsOrdered [3, 3, 3, 3, 2]
INFORMACIÓN : 30partialityOrdered [3, 3, 3, 3, 2]
INFORMACIÓN : 30arrivalTimes [18.50458482354823, 41.32896126531359, 71.74277391680468, 88.77216028273108, 113.47033835318801]
INFORMACIÓN : 31historia0[0.0, 0.0, 0.0, 0.0, 0.0, 781.3694532541639, 0.0, 0.0, 0.0, 0.0, 0.0, 0.0, 0.0, 0.0, 0.0, 0.0, 0.0, 277.3437899562109, 0.0, 0.0, 0.0, 0.0, 0.0, 0.0, 770.0362691474245, 0.0, 0.0, 0.0, 801.7480363052492, 0.0, 0.0, 268.55960455907416, 727.9823681157847, 0.0, 0.0, 0.0, 58.62103270454145, 277.9583843772541, 0.0, 0.0, 0.0, 0.0, 0.0, 0.0, 0.0, 791.2110772202415, 0.0, 0.0, 800.2944439859566, 0.0, 0.0, 798.6785454302671, 0.0, 0.0, 0.0, 782.7538393150453, 168.29840531872196, 0.0, 0.0, 0.0, 58.62103270454145, 0.0, 0.0, 784.5794804505804, 0.0, 0.0, 0.0, 0.0, 791.4519752676467, 0.0, 0.0, 0.0, 0.0, 0.0, 0.0, 790.9535790272649, 0.0, 0.0, 0.0, 801.7230012216617, 0.0, 0.0, 0.0, 0.0, 0.0, 274.294684338088, 745.9307787138652, 0.0, 0.0, 0.0, 290.45093722958063, 0.0, 245.40366805811527, 0.0, 0.0, 0.0, 0.0, 0.0, 0.0, 0.0, 0.0, 176.51356733472315, 0.0, 0.0, 0.0, 0.0, 0.0, 777.7105145972461, 0.0, 0.0, 0.0, 0.0, 0.0, 0.0, 763.1379921635541, 0.0, 0.0, 0.0, 0.0, 0.0, 0.0, 275.28083246506503, 0.0, 772.3795330836415, 0.0, 0.0, 0.0, 0.0, 0.0, 0.0, 0.0, 0.0, 0.0, 0.0, 0.0, 252.68153297073655, 0.0, 0.0, 0.0, 0.0, 0.0, 0.0, 0.0, 0.0, 0.0, 0.0, 802.946829096801, 0.0, 0.0, 0.0, 0.0, 758.83901438674, 0.0, 0.0, 0.0, 771.2439524199289, 0.0, 0.0, 0.0, 0.0, 0.0, 0.0, 0.0, 0.0, 0.0, 0.0, 0.0, 0.0, 0.0, 0.0]
INFORMACIÓN : 31apuestaBundle [802.946829096801, 777.7105145972461, 745.9307787138652, 727.9823681157847, 252.68153297073655]
INFORMACIÓN : 31positionsBundle [410, 1362, 1642, 2493, 1334]
INFORMACIÓN : 31levelsBundle [3, 3, 3, 3, 2]
INFORMACIÓN : 31positionsOrdered [410, 1362, 1642, 2493, 1334]
INFORMACIÓN : 31levelsOrdered [3, 3, 3, 3, 2]
INFORMACIÓN : 31partialityOrdered [3, 3, 3, 3, 2]
INFORMACIÓN : 31arrivalTimes [18.50458482354823, 41.32896126531359, 71.74277391680468, 88.77216028273108, 113.47033835318801]
INFORMACIÓN : 32historia0[0.0, 0.0, 0.0, 0.0, 0.0, 0.0, 0.0, 0.0, 0.0, 0.0, 0.0, 0.0, 0.0, 0.0, 0.0, 0.0, 0.0, 277.3437899562109, 0.0, 0.0, 0.0, 0.0, 0.0, 0.0, 770.0362691474245, 0.0, 0.0, 0.0, 801.7480363052492, 0.0, 0.0, 268.55960455907416, 727.9823681157847, 0.0, 0.0, 0.0, 0.0, 0.0, 0.0, 0.0, 0.0, 0.0, 0.0, 0.0, 0.0, 0.0, 0.0, 0.0, 800.2944439859566, 0.0, 0.0, 798.6785454302671, 0.0, 0.0, 0.0, 0.0, 0.0, 0.0, 0.0, 0.0, 0.0, 0.0, 0.0, 784.5794804505804, 0.0, 0.0, 0.0, 0.0, 791.4519752676467, 0.0, 0.0, 0.0, 0.0, 0.0, 0.0, 0.0, 0.0, 0.0, 0.0, 801.7230012216617, 0.0, 0.0, 0.0, 0.0, 0.0, 274.294684338088, 745.9307787138652, 0.0, 0.0, 0.0, 0.0, 0.0, 0.0, 0.0, 0.0, 0.0, 0.0, 0.0, 0.0, 0.0, 0.0, 0.0, 0.0, 0.0, 0.0, 0.0, 0.0, 777.7105145972461, 0.0, 0.0, 0.0, 0.0, 0.0, 0.0, 763.1379921635541, 0.0, 0.0, 0.0, 0.0, 0.0, 0.0, 0.0, 0.0, 772.3795330836415, 0.0, 0.0, 0.0, 0.0, 0.0, 0.0, 0.0, 0.0, 0.0, 0.0, 0.0, 252.68153297073655, 0.0, 0.0, 0.0, 0.0, 0.0, 0.0, 0.0, 0.0, 0.0, 0.0, 802.946829096801, 0.0, 0.0, 0.0, 0.0, 758.83901438674, 0.0, 0.0, 0.0, 0.0, 0.0, 0.0, 0.0, 0.0, 0.0, 0.0, 0.0, 0.0, 0.0, 0.0, 0.0, 0.0, 0.0, 0.0]
INFORMACIÓN : 32apuestaBundle [802.946829096801, 777.7105145972461, 745.9307787138652, 727.9823681157847, 252.68153297073655]
INFORMACIÓN : 32positionsBundle [410, 1362, 1642, 2493, 1334]
INFORMACIÓN : 32levelsBundle [3, 3, 3, 3, 2]
INFORMACIÓN : 32positionsOrdered [410, 1362, 1642, 2493, 1334]
INFORMACIÓN : 32levelsOrdered [3, 3, 3, 3, 2]
INFORMACIÓN : 32partialityOrdered [3, 3, 3, 3, 2]
INFORMACIÓN : 32arrivalTimes [18.50458482354823, 41.32896126531359, 71.74277391680468, 88.77216028273108, 113.47033835318801]
INFORMACIÓN : depSat position 410 level 3
INFORMACIÓN : depSat position 2493 level 3
INFORMACIÓN : 33historia0[0.0, 0.0, 0.0, 0.0, 0.0, 0.0, 0.0, 0.0, 0.0, 0.0, 0.0, 0.0, 0.0, 63.487701592863175, 0.0, 0.0, 0.0, 277.3437899562109, 0.0, 0.0, 0.0, 0.0, 0.0, 0.0, 770.0362691474245, 0.0, 0.0, 0.0, 801.7480363052492, 0.0, 0.0, 268.55960455907416, 0.0, 0.0, 0.0, 0.0, 0.0, 277.9583843772541, 0.0, 0.0, 0.0, 0.0, 0.0, 0.0, 0.0, 791.3740633125574, 0.0, 0.0, 800.2944439859566, 0.0, 0.0, 798.6785454302671, 0.0, 0.0, 0.0, 0.0, 0.0, 0.0, 0.0, 0.0, 0.0, 0.0, 0.0, 784.5794804505804, 0.0, 0.0, 0.0, 0.0, 0.0, 0.0, 0.0, 0.0, 0.0, 0.0, 0.0, 791.1162960324627, 0.0, 0.0, 0.0, 0.0, 0.0, 0.0, 0.0, 0.0, 0.0, 274.294684338088, 0.0, 0.0, 0.0, 0.0, 0.0, 0.0, 0.0, 0.0, 0.0, 0.0, 0.0, 0.0, 0.0, 0.0, 0.0, 0.0, 0.0, 0.0, 169.80266816187975, 0.0, 0.0, 0.0, 0.0, 0.0, 0.0, 0.0, 0.0, 0.0, 763.1379921635541, 0.0, 0.0, 0.0, 0.0, 72.75763106197337, 0.0, 275.28083246506503, 0.0, 772.3795330836415, 0.0, 0.0, 0.0, 0.0, 0.0, 0.0, 0.0, 0.0, 0.0, 0.0, 0.0, 0.0, 0.0, 0.0, 0.0, 0.0, 0.0, 0.0, 0.0, 0.0, 0.0, 0.0, 0.0, 0.0, 0.0, 0.0, 0.0, 758.83901438674, 0.0, 0.0, 0.0, 0.0, 0.0, 0.0, 0.0, 0.0, 0.0, 0.0, 0.0, 0.0, 0.0, 0.0, 0.0, 0.0, 0.0, 0.0]
INFORMACIÓN : 33apuestaBundle [803.1099006280319, 777.7105145972461, 746.0119393923858, 728.0634088026166, 252.68153297073655]
INFORMACIÓN : 33positionsBundle [410, 1362, 1642, 2493, 1334]
INFORMACIÓN : 33levelsBundle [3, 3, 3, 3, 2]
INFORMACIÓN : 33positionsOrdered [410, 1362, 1642, 2493, 1334]
INFORMACIÓN : 33levelsOrdered [3, 3, 3, 3, 2]
INFORMACIÓN : 33partialityOrdered [3, 3, 3, 3, 2]
INFORMACIÓN : 33arrivalTimes [14.504584823548232, 41.32896126531359, 71.74277391680468, 88.77216028273108, 113.47033835318801]
INFORMACIÓN : 34historia0[0.0, 0.0, 0.0, 0.0, 0.0, 781.5318437769777, 0.0, 0.0, 0.0, 0.0, 0.0, 0.0, 0.0, 0.0, 0.0, 0.0, 0.0, 0.0, 0.0, 0.0, 0.0, 0.0, 0.0, 264.26095115231897, 770.0362691474245, 0.0, 0.0, 0.0, 801.7480363052492, 0.0, 0.0, 0.0, 728.0634088026166, 0.0, 0.0, 0.0, 0.0, 277.9583843772541, 0.0, 0.0, 0.0, 0.0, 0.0, 0.0, 0.0, 791.3740633125574, 0.0, 0.0, 0.0, 0.0, 0.0, 798.6785454302671, 0.0, 0.0, 0.0, 0.0, 0.0, 0.0, 0.0, 0.0, 0.0, 0.0, 0.0, 784.5794804505804, 0.0, 0.0, 0.0, 0.0, 791.5332626186528, 0.0, 0.0, 0.0, 0.0, 0.0, 0.0, 791.1162960324627, 0.0, 0.0, 0.0, 801.7230012216617, 0.0, 0.0, 0.0, 0.0, 0.0, 0.0, 746.0119393923858, 0.0, 0.0, 0.0, 290.45093722958063, 0.0, 0.0, 0.0, 0.0, 0.0, 0.0, 0.0, 0.0, 0.0, 0.0, 0.0, 0.0, 0.0, 0.0, 0.0, 0.0, 777.7105145972461, 0.0, 0.0, 0.0, 0.0, 0.0, 0.0, 0.0, 0.0, 0.0, 0.0, 0.0, 0.0, 0.0, 275.28083246506503, 0.0, 772.3795330836415, 0.0, 0.0, 0.0, 0.0, 0.0, 0.0, 0.0, 0.0, 0.0, 0.0, 0.0, 252.68153297073655, 0.0, 0.0, 0.0, 0.0, 0.0, 0.0, 0.0, 0.0, 0.0, 0.0, 803.1099006280319, 0.0, 44.98290675645169, 0.0, 0.0, 0.0, 0.0, 0.0, 0.0, 771.4062263236879, 0.0, 0.0, 0.0, 0.0, 0.0, 55.49815542825194, 0.0, 0.0, 0.0, 0.0, 0.0, 0.0, 0.0, 0.0]
INFORMACIÓN : 34apuestaBundle [803.1099006280319, 777.7105145972461, 746.0119393923858, 728.0634088026166, 252.68153297073655]
INFORMACIÓN : 34positionsBundle [410, 1362, 1642, 2493, 1334]
INFORMACIÓN : 34levelsBundle [3, 3, 3, 3, 2]
INFORMACIÓN : 34positionsOrdered [410, 1362, 1642, 2493, 1334]
INFORMACIÓN : 34levelsOrdered [3, 3, 3, 3, 2]
INFORMACIÓN : 34partialityOrdered [3, 3, 3, 3, 2]
INFORMACIÓN : 34arrivalTimes [14.504584823548232, 41.32896126531359, 71.74277391680468, 88.77216028273108, 113.47033835318801]
INFORMACIÓN : 35historia0[97.37968907217493, 0.0, 0.0, 0.0, 0.0, 781.5318437769777, 168.6452050960405, 0.0, 0.0, 0.0, 0.0, 0.0, 0.0, 63.487701592863175, 0.0, 0.0, 0.0, 0.0, 0.0, 0.0, 0.0, 0.0, 0.0, 0.0, 770.0362691474245, 0.0, 0.0, 0.0, 801.7480363052492, 0.0, 0.0, 268.62052257158416, 728.0634088026166, 0.0, 0.0, 0.0, 69.06098258334843, 277.9583843772541, 0.0, 0.0, 0.0, 0.0, 0.0, 0.0, 0.0, 791.3740633125574, 0.0, 0.0, 800.457232105847, 0.0, 0.0, 798.6785454302671, 0.0, 0.0, 0.0, 0.0, 0.0, 0.0, 0.0, 0.0, 69.06098258334843, 0.0, 0.0, 784.5794804505804, 0.0, 0.0, 0.0, 0.0, 791.5332626186528, 0.0, 0.0, 0.0, 0.0, 0.0, 0.0, 791.1162960324627, 0.0, 0.0, 0.0, 801.7230012216617, 0.0, 0.0, 0.0, 0.0, 0.0, 274.2946375040492, 746.0119393923858, 0.0, 0.0, 0.0, 290.45093722958063, 0.0, 250.26075118231574, 0.0, 0.0, 0.0, 0.0, 0.0, 0.0, 0.0, 0.0, 0.0, 0.0, 0.0, 0.0, 0.0, 0.0, 777.7105145972461, 0.0, 0.0, 0.0, 0.0, 0.0, 0.0, 763.3002907280361, 0.0, 0.0, 0.0, 0.0, 0.0, 0.0, 275.28083246506503, 0.0, 772.3795330836415, 0.0, 0.0, 0.0, 0.0, 0.0, 0.0, 0.0, 0.0, 0.0, 0.0, 0.0, 252.68153297073655, 0.0, 0.0, 0.0, 0.0, 0.0, 0.0, 0.0, 0.0, 0.0, 0.0, 803.1099006280319, 0.0, 0.0, 0.0, 0.0, 759.0012307900199, 0.0, 0.0, 0.0, 771.4062263236879, 0.0, 0.0, 0.0, 0.0, 69.65736281659451, 0.0, 0.0, 0.0, 0.0, 0.0, 0.0, 0.0, 0.0, 0.0]
INFORMACIÓN : 35apuestaBundle [803.1099006280319, 777.7105145972461, 746.0119393923858, 728.0634088026166, 252.68153297073655]
INFORMACIÓN : 35positionsBundle [410, 1362, 1642, 2493, 1334]
INFORMACIÓN : 35levelsBundle [3, 3, 3, 3, 2]
INFORMACIÓN : 35positionsOrdered [410, 1362, 1642, 2493, 1334]
INFORMACIÓN : 35levelsOrdered [3, 3, 3, 3, 2]
INFORMACIÓN : 35partialityOrdered [3, 3, 3, 3, 2]
INFORMACIÓN : 35arrivalTimes [14.504584823548232, 41.32896126531359, 71.74277391680468, 88.77216028273108, 113.47033835318801]
INFORMACIÓN : 36historia0[0.0, 0.0, 0.0, 0.0, 0.0, 781.5318437769777, 168.6452050960405, 0.0, 0.0, 0.0, 0.0, 0.0, 0.0, 0.0, 0.0, 0.0, 0.0, 0.0, 0.0, 0.0, 0.0, 0.0, 0.0, 0.0, 770.0362691474245, 0.0, 0.0, 0.0, 0.0, 0.0, 0.0, 268.62052257158416, 728.0634088026166, 0.0, 0.0, 0.0, 0.0, 277.9583843772541, 0.0, 0.0, 0.0, 0.0, 0.0, 0.0, 0.0, 791.3740633125574, 0.0, 0.0, 800.457232105847, 0.0, 0.0, 798.6785454302671, 0.0, 0.0, 0.0, 0.0, 187.93340776710403, 0.0, 0.0, 0.0, 0.0, 0.0, 0.0, 784.5794804505804, 0.0, 0.0, 0.0, 0.0, 791.5332626186528, 0.0, 0.0, 0.0, 0.0, 0.0, 0.0, 791.1162960324627, 0.0, 0.0, 0.0, 801.7230012216617, 0.0, 0.0, 0.0, 0.0, 0.0, 274.2946375040492, 746.0119393923858, 0.0, 0.0, 0.0, 290.45093722958063, 0.0, 250.26075118231574, 0.0, 0.0, 0.0, 0.0, 0.0, 0.0, 0.0, 0.0, 152.8531838980291, 0.0, 0.0, 0.0, 0.0, 0.0, 777.7105145972461, 0.0, 0.0, 0.0, 0.0, 0.0, 0.0, 763.3002907280361, 0.0, 0.0, 0.0, 300.8128180377161, 0.0, 0.0, 275.28083246506503, 0.0, 772.3795330836415, 0.0, 0.0, 0.0, 0.0, 0.0, 0.0, 0.0, 0.0, 0.0, 0.0, 0.0, 252.68153297073655, 0.0, 0.0, 0.0, 0.0, 0.0, 0.0, 0.0, 0.0, 0.0, 0.0, 803.1099006280319, 0.0, 0.0, 0.0, 0.0, 759.0012307900199, 0.0, 0.0, 0.0, 771.4062263236879, 0.0, 0.0, 0.0, 0.0, 0.0, 0.0, 0.0, 0.0, 0.0, 0.0, 0.0, 0.0, 0.0, 0.0]
