----------------------------------------------------------------------
-- Log session for [myBugCoalitionsCCBBAGuaiDEF-374] started on 2017.07.13.00.58.56 --
----------------------------------------------------------------------

INFORMACIÓN : I started
INFORMACIÓN : 0apuestaBundle [792.559994162583, 791.4056930856216, 783.5705728349378, 779.0371434011922, 764.6589789337027]
INFORMACIÓN : 0positionsBundle [711, 410, 1362, 1578, 1194]
INFORMACIÓN : 0levelsBundle [3, 3, 3, 3, 3]
INFORMACIÓN : 0positionsOrdered [711, 410, 1362, 1578, 1194]
INFORMACIÓN : 0levelsOrdered [3, 3, 3, 3, 3]
INFORMACIÓN : 0partialityOrdered [3, 3, 3, 3, 3]
INFORMACIÓN : 0arrivalTimes [14.912568378312056, 20.995330908610274, 40.10030408315308, 56.59272658562372, 74.48127040562204]
INFORMACIÓN : timeSat position 1362 level 3
INFORMACIÓN : 1historia0[0.0, 0.0, 0.0, 0.0, 0.0, 0.0, 0.0, 0.0, 0.0, 0.0, 0.0, 0.0, 0.0, 0.0, 0.0, 0.0, 0.0, 0.0, 0.0, 0.0, 0.0, 0.0, 0.0, 0.0, 771.2341676665653, 0.0, 0.0, 0.0, 782.685726400281, 0.0, 0.0, 0.0, 729.0764593920477, 0.0, 0.0, 0.0, 0.0, 0.0, 0.0, 0.0, 0.0, 0.0, 0.0, 0.0, 0.0, 791.4056930856216, 0.0, 0.0, 795.8724417965593, 0.0, 0.0, 798.6785454302671, 0.0, 0.0, 0.0, 0.0, 0.0, 0.0, 0.0, 0.0, 0.0, 0.0, 0.0, 784.5794804505804, 0.0, 0.0, 0.0, 0.0, 0.0, 0.0, 0.0, 0.0, 0.0, 0.0, 0.0, 792.559994162583, 0.0, 0.0, 0.0, 0.0, 0.0, 0.0, 0.0, 0.0, 0.0, 0.0, 746.8449627199477, 0.0, 0.0, 0.0, 0.0, 0.0, 0.0, 0.0, 0.0, 0.0, 0.0, 0.0, 0.0, 0.0, 0.0, 0.0, 0.0, 0.0, 0.0, 0.0, 0.0, 0.0, 0.0, 0.0, 0.0, 0.0, 0.0, 0.0, 0.0, 0.0, 0.0, 0.0, 0.0, 0.0, 0.0, 0.0, 0.0, 764.3396808803154, 0.0, 0.0, 0.0, 0.0, 0.0, 0.0, 0.0, 0.0, 0.0, 0.0, 0.0, 0.0, 0.0, 0.0, 0.0, 0.0, 0.0, 0.0, 0.0, 0.0, 0.0, 0.0, 803.4058614826589, 0.0, 0.0, 0.0, 0.0, 749.1940589134756, 0.0, 0.0, 0.0, 0.0, 0.0, 0.0, 0.0, 0.0, 0.0, 0.0, 0.0, 0.0, 0.0, 0.0, 0.0, 0.0, 0.0, 0.0]
INFORMACIÓN : 1apuestaBundle [792.559994162583, 791.4056930856216, 764.6589789337027, 762.3366908986102, 745.9606450864608]
INFORMACIÓN : 1positionsBundle [711, 410, 1194, 1642, 2493]
INFORMACIÓN : 1levelsBundle [3, 3, 3, 3, 3]
INFORMACIÓN : 1positionsOrdered [711, 410, 1194, 1642, 2493]
INFORMACIÓN : 1levelsOrdered [3, 3, 3, 3, 3]
INFORMACIÓN : 1partialityOrdered [3, 3, 3, 3, 3]
INFORMACIÓN : 1arrivalTimes [14.912568378312056, 20.995330908610274, 58.15713926073437, 75.74277391680468, 92.77216028273108]
INFORMACIÓN : 2historia0[0.0, 0.0, 0.0, 0.0, 0.0, 764.6589789337027, 0.0, 0.0, 0.0, 0.0, 0.0, 0.0, 0.0, 0.0, 0.0, 0.0, 0.0, 0.0, 0.0, 0.0, 0.0, 0.0, 0.0, 0.0, 771.2341676665653, 0.0, 0.0, 0.0, 782.685726400281, 0.0, 0.0, 0.0, 0.0, 0.0, 0.0, 0.0, 0.0, 0.0, 0.0, 0.0, 0.0, 0.0, 0.0, 0.0, 0.0, 791.4056930856216, 0.0, 0.0, 0.0, 0.0, 0.0, 798.6785454302671, 0.0, 0.0, 0.0, 0.0, 0.0, 0.0, 0.0, 0.0, 0.0, 0.0, 0.0, 784.5794804505804, 0.0, 0.0, 0.0, 0.0, 762.3366908986102, 0.0, 0.0, 0.0, 0.0, 0.0, 0.0, 792.559994162583, 0.0, 0.0, 0.0, 0.0, 0.0, 0.0, 0.0, 0.0, 0.0, 0.0, 0.0, 0.0, 0.0, 0.0, 0.0, 0.0, 0.0, 0.0, 0.0, 0.0, 0.0, 0.0, 0.0, 0.0, 0.0, 0.0, 0.0, 0.0, 0.0, 0.0, 0.0, 0.0, 0.0, 745.9606450864608, 0.0, 0.0, 0.0, 0.0, 0.0, 0.0, 0.0, 0.0, 0.0, 0.0, 0.0, 0.0, 0.0, 764.3396808803154, 0.0, 0.0, 0.0, 0.0, 0.0, 0.0, 0.0, 0.0, 0.0, 0.0, 0.0, 0.0, 779.3113856118479, 0.0, 0.0, 0.0, 0.0, 0.0, 0.0, 0.0, 0.0, 0.0, 802.9268246639465, 0.0, 0.0, 0.0, 0.0, 749.1940589134756, 0.0, 0.0, 0.0, 0.0, 0.0, 0.0, 0.0, 0.0, 0.0, 0.0, 0.0, 0.0, 0.0, 0.0, 0.0, 0.0, 0.0, 0.0]
INFORMACIÓN : 2apuestaBundle [792.559994162583, 791.4056930856216, 764.6589789337027, 762.3366908986102, 745.9606450864608]
INFORMACIÓN : 2positionsBundle [711, 410, 1194, 1642, 2493]
INFORMACIÓN : 2levelsBundle [3, 3, 3, 3, 3]
INFORMACIÓN : 2positionsOrdered [711, 410, 1194, 1642, 2493]
INFORMACIÓN : 2levelsOrdered [3, 3, 3, 3, 3]
INFORMACIÓN : 2partialityOrdered [3, 3, 3, 3, 3]
INFORMACIÓN : 2arrivalTimes [14.912568378312056, 20.995330908610274, 58.15713926073437, 75.74277391680468, 92.77216028273108]
INFORMACIÓN : timeSat position 1194 level 3
INFORMACIÓN : 3historia0[0.0, 0.0, 0.0, 0.0, 0.0, 0.0, 0.0, 0.0, 0.0, 0.0, 0.0, 0.0, 0.0, 0.0, 0.0, 0.0, 0.0, 0.0, 0.0, 0.0, 0.0, 0.0, 0.0, 0.0, 771.2341676665653, 0.0, 0.0, 0.0, 782.685726400281, 0.0, 0.0, 0.0, 0.0, 0.0, 0.0, 0.0, 0.0, 0.0, 0.0, 0.0, 0.0, 0.0, 0.0, 0.0, 0.0, 791.4056930856216, 0.0, 0.0, 0.0, 0.0, 0.0, 798.6785454302671, 0.0, 0.0, 0.0, 0.0, 0.0, 0.0, 0.0, 0.0, 0.0, 0.0, 0.0, 784.5794804505804, 0.0, 0.0, 0.0, 0.0, 0.0, 0.0, 0.0, 0.0, 0.0, 0.0, 0.0, 792.559994162583, 0.0, 0.0, 0.0, 0.0, 0.0, 0.0, 0.0, 0.0, 0.0, 282.20191803263583, 761.322004088127, 0.0, 0.0, 0.0, 0.0, 0.0, 0.0, 0.0, 0.0, 0.0, 0.0, 0.0, 0.0, 0.0, 0.0, 0.0, 0.0, 0.0, 0.0, 0.0, 0.0, 0.0, 0.0, 0.0, 0.0, 0.0, 0.0, 0.0, 751.2401140590557, 0.0, 0.0, 0.0, 0.0, 0.0, 0.0, 0.0, 0.0, 764.3396808803154, 0.0, 0.0, 0.0, 0.0, 0.0, 0.0, 0.0, 0.0, 0.0, 0.0, 0.0, 0.0, 0.0, 0.0, 0.0, 0.0, 0.0, 0.0, 0.0, 0.0, 0.0, 0.0, 802.9268246639465, 0.0, 0.0, 0.0, 0.0, 0.0, 0.0, 0.0, 0.0, 0.0, 0.0, 0.0, 0.0, 0.0, 0.0, 0.0, 0.0, 0.0, 0.0, 0.0, 0.0, 0.0, 0.0, 0.0]
INFORMACIÓN : 3apuestaBundle [792.559994162583, 791.4056930856216, 354.18591999791397, 354.18591999791397, 269.13049988021817, 266.1930578430811]
INFORMACIÓN : 3positionsBundle [711, 410, 898, 898, 1085, 1466]
INFORMACIÓN : 3levelsBundle [3, 3, 2, 2, 2, 2]
INFORMACIÓN : 3positionsOrdered [711, 410, 898, 898, 1085, 1466]
INFORMACIÓN : 3levelsOrdered [3, 3, 2, 2, 2, 2]
INFORMACIÓN : 3partialityOrdered [3, 3, 3, 3, 2, 2]
INFORMACIÓN : 3arrivalTimes [14.912568378312056, 20.995330908610274, 60.04657928814355, 60.04657928814355, 73.648049796879, 94.2635779249673]
INFORMACIÓN : mutexSat position 898 level 2
INFORMACIÓN : mutexSat position 898 level 2
INFORMACIÓN : 4historia0[0.0, 0.0, 0.0, 0.0, 0.0, 0.0, 0.0, 0.0, 0.0, 0.0, 0.0, 344.8736806218967, 0.0, 0.0, 0.0, 0.0, 0.0, 0.0, 0.0, 0.0, 0.0, 0.0, 0.0, 0.0, 771.2341676665653, 0.0, 0.0, 0.0, 782.685726400281, 344.8736806218967, 0.0, 255.37635046133568, 0.0, 0.0, 0.0, 0.0, 0.0, 0.0, 0.0, 0.0, 0.0, 0.0, 0.0, 0.0, 0.0, 791.4056930856216, 0.0, 0.0, 801.9015611973646, 0.0, 0.0, 798.6785454302671, 0.0, 0.0, 0.0, 0.0, 0.0, 0.0, 0.0, 0.0, 0.0, 0.0, 0.0, 784.5794804505804, 0.0, 0.0, 0.0, 0.0, 0.0, 0.0, 0.0, 0.0, 0.0, 0.0, 0.0, 792.559994162583, 0.0, 0.0, 0.0, 0.0, 0.0, 0.0, 0.0, 0.0, 0.0, 282.20191803263583, 761.322004088127, 0.0, 0.0, 0.0, 0.0, 0.0, 0.0, 0.0, 0.0, 0.0, 0.0, 0.0, 0.0, 0.0, 0.0, 0.0, 0.0, 0.0, 0.0, 0.0, 0.0, 793.8964556220305, 0.0, 0.0, 0.0, 0.0, 0.0, 0.0, 0.0, 0.0, 0.0, 0.0, 0.0, 0.0, 0.0, 0.0, 0.0, 764.3396808803154, 0.0, 0.0, 0.0, 0.0, 0.0, 0.0, 0.0, 0.0, 0.0, 0.0, 0.0, 252.68153297073655, 0.0, 0.0, 0.0, 244.87009019059394, 0.0, 0.0, 0.0, 0.0, 0.0, 0.0, 802.9268246639465, 0.0, 0.0, 0.0, 0.0, 758.9568881238076, 0.0, 0.0, 0.0, 0.0, 0.0, 0.0, 0.0, 0.0, 0.0, 0.0, 0.0, 0.0, 0.0, 0.0, 0.0, 0.0, 0.0, 0.0]
INFORMACIÓN : 4apuestaBundle [792.559994162583, 791.4056930856216, 358.1926476321055, 272.1230878278875, 260.09811686682133]
INFORMACIÓN : 4positionsBundle [711, 410, 1194, 1466, 1637]
INFORMACIÓN : 4levelsBundle [3, 3, 2, 2, 2]
INFORMACIÓN : 4positionsOrdered [711, 410, 1194, 1466, 1637]
INFORMACIÓN : 4levelsOrdered [3, 3, 2, 2, 2]
INFORMACIÓN : 4partialityOrdered [3, 3, 3, 2, 2]
INFORMACIÓN : 4arrivalTimes [14.912568378312056, 20.995330908610274, 58.15713926073437, 86.79278138728708, 108.0059848228835]
INFORMACIÓN : 5historia0[0.0, 0.0, 0.0, 0.0, 0.0, 0.0, 0.0, 0.0, 0.0, 0.0, 0.0, 344.8736806218967, 0.0, 0.0, 0.0, 0.0, 358.1926476321055, 0.0, 0.0, 0.0, 0.0, 0.0, 0.0, 0.0, 771.2341676665653, 0.0, 0.0, 0.0, 782.685726400281, 344.8736806218967, 0.0, 255.37635046133568, 0.0, 0.0, 0.0, 0.0, 0.0, 0.0, 0.0, 0.0, 0.0, 0.0, 0.0, 0.0, 0.0, 791.4056930856216, 0.0, 0.0, 801.9015611973646, 0.0, 0.0, 798.6785454302671, 0.0, 0.0, 0.0, 0.0, 0.0, 0.0, 0.0, 0.0, 0.0, 0.0, 0.0, 784.5794804505804, 0.0, 0.0, 0.0, 0.0, 0.0, 0.0, 0.0, 0.0, 0.0, 0.0, 0.0, 792.559994162583, 0.0, 0.0, 0.0, 0.0, 0.0, 0.0, 0.0, 0.0, 0.0, 282.20191803263583, 761.322004088127, 0.0, 0.0, 0.0, 260.09811686682133, 0.0, 0.0, 0.0, 0.0, 0.0, 0.0, 0.0, 0.0, 0.0, 0.0, 0.0, 0.0, 0.0, 0.0, 0.0, 0.0, 793.8964556220305, 0.0, 0.0, 0.0, 0.0, 0.0, 0.0, 0.0, 0.0, 0.0, 0.0, 0.0, 0.0, 0.0, 0.0, 0.0, 764.3396808803154, 0.0, 0.0, 0.0, 0.0, 0.0, 0.0, 0.0, 0.0, 0.0, 0.0, 0.0, 252.68153297073655, 0.0, 0.0, 0.0, 244.87009019059394, 0.0, 0.0, 0.0, 0.0, 0.0, 0.0, 802.9268246639465, 0.0, 0.0, 0.0, 0.0, 758.9568881238076, 0.0, 0.0, 0.0, 0.0, 0.0, 0.0, 0.0, 0.0, 0.0, 0.0, 0.0, 0.0, 0.0, 0.0, 272.1230878278875, 0.0, 0.0, 0.0]
INFORMACIÓN : 5apuestaBundle [792.559994162583, 791.4056930856216, 358.1926476321055, 272.1230878278875, 260.09811686682133]
INFORMACIÓN : 5positionsBundle [711, 410, 1194, 1466, 1637]
INFORMACIÓN : 5levelsBundle [3, 3, 2, 2, 2]
INFORMACIÓN : 5positionsOrdered [711, 410, 1194, 1466, 1637]
INFORMACIÓN : 5levelsOrdered [3, 3, 2, 2, 2]
INFORMACIÓN : 5partialityOrdered [3, 3, 3, 2, 2]
INFORMACIÓN : 5arrivalTimes [14.912568378312056, 20.995330908610274, 58.15713926073437, 86.79278138728708, 108.0059848228835]
INFORMACIÓN : depSat position 711 level 3
INFORMACIÓN : depSat position 410 level 3
INFORMACIÓN : 6historia0[0.0, 0.0, 0.0, 0.0, 0.0, 0.0, 0.0, 0.0, 0.0, 0.0, 0.0, 344.8736806218967, 0.0, 0.0, 0.0, 0.0, 0.0, 0.0, 0.0, 0.0, 0.0, 0.0, 0.0, 0.0, 769.8738296996387, 0.0, 0.0, 0.0, 782.2318161009493, 0.0, 0.0, 0.0, 0.0, 0.0, 0.0, 0.0, 0.0, 0.0, 0.0, 0.0, 0.0, 0.0, 0.0, 0.0, 0.0, 0.0, 0.0, 0.0, 801.9015611973646, 0.0, 0.0, 798.6785454302671, 0.0, 0.0, 0.0, 0.0, 0.0, 0.0, 0.0, 0.0, 0.0, 0.0, 0.0, 784.5794804505804, 0.0, 0.0, 0.0, 0.0, 0.0, 0.0, 0.0, 0.0, 0.0, 0.0, 0.0, 0.0, 0.0, 0.0, 0.0, 0.0, 0.0, 0.0, 0.0, 0.0, 0.0, 282.20191803263583, 761.322004088127, 0.0, 0.0, 0.0, 0.0, 159.27737979044946, 0.0, 0.0, 0.0, 0.0, 0.0, 0.0, 0.0, 0.0, 0.0, 0.0, 0.0, 0.0, 0.0, 0.0, 0.0, 793.8964556220305, 0.0, 0.0, 0.0, 0.0, 0.0, 0.0, 0.0, 0.0, 0.0, 0.0, 0.0, 0.0, 0.0, 0.0, 0.0, 764.7935911796471, 0.0, 0.0, 0.0, 0.0, 0.0, 0.0, 0.0, 0.0, 0.0, 0.0, 0.0, 0.0, 0.0, 0.0, 0.0, 244.87009019059394, 0.0, 0.0, 0.0, 0.0, 0.0, 0.0, 802.9268246639465, 0.0, 0.0, 0.0, 0.0, 758.9568881238076, 0.0, 0.0, 0.0, 0.0, 0.0, 0.0, 0.0, 0.0, 0.0, 0.0, 0.0, 0.0, 0.0, 0.0, 0.0, 0.0, 162.60173040562927, 0.0]
INFORMACIÓN : 6apuestaBundle [792.559994162583, 791.354065361539, 782.5911004665389, 764.6589789337027, 758.9965853954454]
INFORMACIÓN : 6positionsBundle [711, 410, 1362, 1194, 898]
INFORMACIÓN : 6levelsBundle [3, 3, 3, 3, 3]
INFORMACIÓN : 6positionsOrdered [711, 410, 1362, 1194, 898]
INFORMACIÓN : 6levelsOrdered [3, 3, 3, 3, 3]
INFORMACIÓN : 6partialityOrdered [3, 3, 3, 3, 3]
INFORMACIÓN : 6arrivalTimes [14.912568378312056, 20.995330908610274, 45.32896126531359, 77.57799225850778, 89.8982683382082]
INFORMACIÓN : 7historia0[0.0, 0.0, 0.0, 0.0, 0.0, 764.6589789337027, 0.0, 0.0, 0.0, 0.0, 0.0, 344.8736806218967, 0.0, 0.0, 0.0, 0.0, 0.0, 0.0, 0.0, 0.0, 0.0, 0.0, 0.0, 0.0, 769.8738296996387, 0.0, 0.0, 0.0, 782.2318161009493, 0.0, 0.0, 0.0, 0.0, 0.0, 0.0, 0.0, 0.0, 0.0, 0.0, 0.0, 0.0, 0.0, 0.0, 0.0, 0.0, 791.354065361539, 0.0, 0.0, 801.9015611973646, 0.0, 0.0, 798.6785454302671, 0.0, 0.0, 0.0, 782.5911004665389, 0.0, 0.0, 0.0, 0.0, 0.0, 0.0, 0.0, 784.5794804505804, 0.0, 0.0, 0.0, 0.0, 0.0, 0.0, 0.0, 0.0, 0.0, 0.0, 0.0, 792.559994162583, 0.0, 0.0, 0.0, 0.0, 0.0, 0.0, 0.0, 0.0, 0.0, 282.20191803263583, 761.322004088127, 0.0, 0.0, 0.0, 0.0, 159.27737979044946, 0.0, 0.0, 0.0, 0.0, 0.0, 0.0, 0.0, 0.0, 0.0, 0.0, 0.0, 0.0, 0.0, 0.0, 0.0, 793.8964556220305, 0.0, 0.0, 0.0, 0.0, 0.0, 0.0, 0.0, 0.0, 0.0, 0.0, 0.0, 0.0, 0.0, 0.0, 0.0, 764.7935911796471, 0.0, 0.0, 0.0, 0.0, 0.0, 0.0, 0.0, 0.0, 0.0, 0.0, 0.0, 0.0, 0.0, 0.0, 0.0, 244.87009019059394, 0.0, 0.0, 0.0, 0.0, 0.0, 0.0, 802.9268246639465, 0.0, 0.0, 0.0, 0.0, 758.9568881238076, 0.0, 0.0, 0.0, 758.9965853954454, 0.0, 0.0, 0.0, 0.0, 0.0, 0.0, 0.0, 0.0, 0.0, 0.0, 0.0, 0.0, 162.60173040562927, 0.0]
INFORMACIÓN : 7apuestaBundle [792.559994162583, 791.354065361539, 782.5911004665389, 764.6589789337027, 758.9965853954454]
INFORMACIÓN : 7positionsBundle [711, 410, 1362, 1194, 898]
INFORMACIÓN : 7levelsBundle [3, 3, 3, 3, 3]
INFORMACIÓN : 7positionsOrdered [711, 410, 1362, 1194, 898]
INFORMACIÓN : 7levelsOrdered [3, 3, 3, 3, 3]
INFORMACIÓN : 7partialityOrdered [3, 3, 3, 3, 3]
INFORMACIÓN : 7arrivalTimes [14.912568378312056, 20.995330908610274, 45.32896126531359, 77.57799225850778, 89.8982683382082]
INFORMACIÓN : 8historia0[0.0, 0.0, 0.0, 0.0, 0.0, 764.6589789337027, 0.0, 0.0, 0.0, 0.0, 0.0, 0.0, 0.0, 0.0, 0.0, 0.0, 0.0, 0.0, 0.0, 0.0, 0.0, 0.0, 0.0, 0.0, 769.8738296996387, 0.0, 0.0, 0.0, 782.2318161009493, 0.0, 0.0, 255.37635046133568, 0.0, 0.0, 0.0, 0.0, 0.0, 0.0, 0.0, 0.0, 0.0, 0.0, 0.0, 0.0, 0.0, 791.354065361539, 0.0, 0.0, 801.9015611973646, 0.0, 0.0, 798.6785454302671, 0.0, 0.0, 0.0, 782.5911004665389, 0.0, 0.0, 0.0, 0.0, 0.0, 0.0, 0.0, 784.5794804505804, 0.0, 0.0, 0.0, 0.0, 0.0, 0.0, 0.0, 0.0, 0.0, 0.0, 0.0, 792.559994162583, 0.0, 0.0, 0.0, 0.0, 0.0, 0.0, 0.0, 0.0, 0.0, 282.20191803263583, 761.322004088127, 0.0, 0.0, 0.0, 0.0, 0.0, 0.0, 0.0, 0.0, 0.0, 0.0, 0.0, 0.0, 0.0, 0.0, 0.0, 0.0, 0.0, 0.0, 0.0, 0.0, 793.8964556220305, 0.0, 0.0, 0.0, 0.0, 0.0, 0.0, 749.9627540114765, 0.0, 0.0, 0.0, 0.0, 0.0, 0.0, 0.0, 0.0, 764.7935911796471, 0.0, 0.0, 0.0, 0.0, 0.0, 0.0, 0.0, 0.0, 0.0, 0.0, 0.0, 252.68153297073655, 0.0, 0.0, 0.0, 244.87009019059394, 0.0, 0.0, 0.0, 0.0, 0.0, 0.0, 802.9268246639465, 0.0, 0.0, 0.0, 0.0, 758.9568881238076, 0.0, 0.0, 0.0, 758.9965853954454, 0.0, 0.0, 0.0, 0.0, 0.0, 0.0, 0.0, 0.0, 0.0, 0.0, 0.0, 0.0, 0.0, 0.0]
INFORMACIÓN : 8apuestaBundle [792.559994162583, 791.354065361539, 782.5911004665389, 764.6589789337027, 758.9965853954454]
INFORMACIÓN : 8positionsBundle [711, 410, 1362, 1194, 898]
INFORMACIÓN : 8levelsBundle [3, 3, 3, 3, 3]
INFORMACIÓN : 8positionsOrdered [711, 410, 1362, 1194, 898]
INFORMACIÓN : 8levelsOrdered [3, 3, 3, 3, 3]
INFORMACIÓN : 8partialityOrdered [3, 3, 3, 3, 3]
INFORMACIÓN : 8arrivalTimes [14.912568378312056, 20.995330908610274, 45.32896126531359, 77.57799225850778, 89.8982683382082]
INFORMACIÓN : 9historia0[0.0, 0.0, 0.0, 0.0, 0.0, 764.6589789337027, 0.0, 0.0, 0.0, 0.0, 0.0, 0.0, 0.0, 0.0, 0.0, 0.0, 0.0, 0.0, 0.0, 0.0, 0.0, 0.0, 0.0, 0.0, 769.8738296996387, 0.0, 0.0, 0.0, 782.2318161009493, 0.0, 0.0, 255.37635046133568, 0.0, 0.0, 0.0, 0.0, 0.0, 0.0, 0.0, 0.0, 0.0, 0.0, 0.0, 0.0, 0.0, 791.354065361539, 0.0, 0.0, 801.9015611973646, 0.0, 0.0, 798.6785454302671, 0.0, 0.0, 0.0, 782.5911004665389, 0.0, 0.0, 0.0, 0.0, 0.0, 0.0, 0.0, 784.5794804505804, 0.0, 0.0, 0.0, 0.0, 0.0, 0.0, 0.0, 0.0, 0.0, 0.0, 0.0, 792.559994162583, 0.0, 0.0, 0.0, 0.0, 0.0, 0.0, 0.0, 0.0, 0.0, 282.20191803263583, 0.0, 0.0, 0.0, 0.0, 0.0, 0.0, 0.0, 0.0, 0.0, 0.0, 0.0, 0.0, 0.0, 0.0, 0.0, 0.0, 0.0, 0.0, 0.0, 0.0, 0.0, 793.8964556220305, 0.0, 0.0, 0.0, 0.0, 0.0, 0.0, 0.0, 0.0, 0.0, 0.0, 0.0, 0.0, 0.0, 0.0, 0.0, 764.7935911796471, 0.0, 0.0, 0.0, 0.0, 0.0, 0.0, 0.0, 0.0, 0.0, 0.0, 0.0, 252.68153297073655, 0.0, 0.0, 0.0, 244.87009019059394, 0.0, 0.0, 0.0, 0.0, 0.0, 0.0, 802.9268246639465, 0.0, 0.0, 0.0, 0.0, 758.7456884462065, 0.0, 0.0, 0.0, 758.9965853954454, 0.0, 0.0, 0.0, 0.0, 0.0, 0.0, 0.0, 0.0, 0.0, 0.0, 0.0, 0.0, 0.0, 0.0]
INFORMACIÓN : 9apuestaBundle [792.559994162583, 791.354065361539, 782.5911004665389, 764.6589789337027, 758.9965853954454]
INFORMACIÓN : 9positionsBundle [711, 410, 1362, 1194, 898]
INFORMACIÓN : 9levelsBundle [3, 3, 3, 3, 3]
INFORMACIÓN : 9positionsOrdered [711, 410, 1362, 1194, 898]
INFORMACIÓN : 9levelsOrdered [3, 3, 3, 3, 3]
INFORMACIÓN : 9partialityOrdered [3, 3, 3, 3, 3]
INFORMACIÓN : 9arrivalTimes [14.912568378312056, 20.995330908610274, 45.32896126531359, 77.57799225850778, 89.8982683382082]
INFORMACIÓN : 10historia0[0.0, 0.0, 0.0, 0.0, 0.0, 764.6589789337027, 0.0, 0.0, 0.0, 0.0, 0.0, 0.0, 0.0, 0.0, 0.0, 0.0, 0.0, 0.0, 0.0, 0.0, 0.0, 0.0, 0.0, 0.0, 769.8738296996387, 0.0, 0.0, 0.0, 782.2318161009493, 0.0, 0.0, 0.0, 0.0, 0.0, 0.0, 0.0, 0.0, 0.0, 0.0, 0.0, 0.0, 0.0, 0.0, 0.0, 0.0, 791.354065361539, 0.0, 0.0, 801.9015611973646, 0.0, 0.0, 798.6785454302671, 0.0, 0.0, 0.0, 782.5911004665389, 0.0, 0.0, 0.0, 0.0, 0.0, 0.0, 0.0, 784.5794804505804, 0.0, 0.0, 0.0, 0.0, 0.0, 0.0, 0.0, 0.0, 0.0, 0.0, 0.0, 792.559994162583, 0.0, 0.0, 0.0, 0.0, 0.0, 0.0, 0.0, 0.0, 0.0, 282.20191803263583, 0.0, 0.0, 0.0, 0.0, 0.0, 162.67680690416137, 0.0, 0.0, 0.0, 0.0, 0.0, 0.0, 0.0, 0.0, 0.0, 0.0, 0.0, 0.0, 0.0, 0.0, 0.0, 793.8964556220305, 0.0, 0.0, 0.0, 0.0, 0.0, 0.0, 763.5841736166201, 0.0, 0.0, 0.0, 0.0, 0.0, 0.0, 0.0, 0.0, 764.7935911796471, 0.0, 0.0, 0.0, 0.0, 0.0, 0.0, 0.0, 0.0, 169.6642520660153, 0.0, 0.0, 0.0, 0.0, 0.0, 0.0, 0.0, 0.0, 0.0, 0.0, 0.0, 0.0, 0.0, 802.9268246639465, 0.0, 0.0, 0.0, 0.0, 758.7456884462065, 0.0, 0.0, 0.0, 758.9965853954454, 0.0, 0.0, 0.0, 0.0, 0.0, 0.0, 0.0, 155.0704002036082, 0.0, 0.0, 0.0, 0.0, 174.14265722109076, 0.0]
INFORMACIÓN : 10apuestaBundle [792.559994162583, 791.354065361539, 782.5911004665389, 764.6589789337027, 758.9965853954454]
INFORMACIÓN : 10positionsBundle [711, 410, 1362, 1194, 898]
INFORMACIÓN : 10levelsBundle [3, 3, 3, 3, 3]
INFORMACIÓN : 10positionsOrdered [711, 410, 1362, 1194, 898]
INFORMACIÓN : 10levelsOrdered [3, 3, 3, 3, 3]
INFORMACIÓN : 10partialityOrdered [3, 3, 3, 3, 3]
INFORMACIÓN : 10arrivalTimes [14.912568378312056, 20.995330908610274, 45.32896126531359, 77.57799225850778, 89.8982683382082]
INFORMACIÓN : 11historia0[0.0, 0.0, 0.0, 0.0, 0.0, 764.6589789337027, 0.0, 0.0, 0.0, 0.0, 0.0, 0.0, 0.0, 0.0, 0.0, 0.0, 0.0, 0.0, 0.0, 0.0, 0.0, 0.0, 0.0, 0.0, 769.8738296996387, 0.0, 0.0, 0.0, 782.2318161009493, 0.0, 0.0, 0.0, 0.0, 0.0, 0.0, 0.0, 0.0, 0.0, 0.0, 0.0, 0.0, 0.0, 0.0, 0.0, 0.0, 791.354065361539, 0.0, 0.0, 801.9015611973646, 0.0, 0.0, 798.6785454302671, 0.0, 0.0, 0.0, 782.5911004665389, 0.0, 0.0, 0.0, 0.0, 0.0, 0.0, 0.0, 784.5794804505804, 0.0, 0.0, 0.0, 0.0, 0.0, 0.0, 0.0, 0.0, 0.0, 0.0, 0.0, 792.559994162583, 0.0, 0.0, 0.0, 0.0, 0.0, 0.0, 0.0, 0.0, 0.0, 282.20191803263583, 0.0, 0.0, 0.0, 0.0, 0.0, 162.67680690416137, 0.0, 0.0, 0.0, 0.0, 0.0, 0.0, 0.0, 0.0, 0.0, 0.0, 0.0, 0.0, 0.0, 0.0, 0.0, 793.8964556220305, 0.0, 0.0, 0.0, 0.0, 0.0, 0.0, 763.5841736166201, 0.0, 0.0, 0.0, 0.0, 0.0, 0.0, 0.0, 0.0, 764.7935911796471, 0.0, 0.0, 0.0, 0.0, 0.0, 0.0, 0.0, 0.0, 169.6642520660153, 0.0, 0.0, 0.0, 0.0, 0.0, 0.0, 0.0, 0.0, 0.0, 0.0, 0.0, 0.0, 0.0, 802.9268246639465, 0.0, 0.0, 0.0, 0.0, 758.7456884462065, 0.0, 0.0, 0.0, 758.9965853954454, 0.0, 0.0, 0.0, 0.0, 0.0, 0.0, 0.0, 155.0704002036082, 0.0, 0.0, 0.0, 0.0, 174.14265722109076, 0.0]
INFORMACIÓN : 11apuestaBundle [792.559994162583, 791.354065361539, 782.5911004665389, 764.6589789337027, 758.9965853954454]
INFORMACIÓN : 11positionsBundle [711, 410, 1362, 1194, 898]
INFORMACIÓN : 11levelsBundle [3, 3, 3, 3, 3]
INFORMACIÓN : 11positionsOrdered [711, 410, 1362, 1194, 898]
INFORMACIÓN : 11levelsOrdered [3, 3, 3, 3, 3]
INFORMACIÓN : 11partialityOrdered [3, 3, 3, 3, 3]
INFORMACIÓN : 11arrivalTimes [14.912568378312056, 20.995330908610274, 45.32896126531359, 77.57799225850778, 89.8982683382082]
INFORMACIÓN : depSat position 711 level 3
INFORMACIÓN : depSat position 410 level 3
INFORMACIÓN : depSat position 1194 level 3
INFORMACIÓN : depSat position 898 level 3
INFORMACIÓN : 12historia0[0.0, 0.0, 0.0, 0.0, 0.0, 0.0, 0.0, 0.0, 0.0, 0.0, 0.0, 0.0, 0.0, 0.0, 0.0, 0.0, 0.0, 0.0, 0.0, 0.0, 0.0, 0.0, 0.0, 0.0, 771.2341676665653, 0.0, 0.0, 0.0, 782.2318161009493, 0.0, 0.0, 0.0, 0.0, 0.0, 0.0, 0.0, 0.0, 0.0, 0.0, 0.0, 0.0, 0.0, 0.0, 0.0, 0.0, 0.0, 0.0, 0.0, 801.9015611973646, 0.0, 0.0, 798.6785454302671, 0.0, 0.0, 0.0, 0.0, 0.0, 0.0, 0.0, 0.0, 0.0, 0.0, 0.0, 784.5794804505804, 0.0, 0.0, 0.0, 0.0, 0.0, 0.0, 0.0, 0.0, 0.0, 0.0, 0.0, 0.0, 0.0, 0.0, 0.0, 0.0, 0.0, 0.0, 0.0, 0.0, 0.0, 282.20191803263583, 0.0, 0.0, 0.0, 0.0, 0.0, 162.67680690416137, 0.0, 0.0, 0.0, 0.0, 0.0, 0.0, 0.0, 0.0, 0.0, 0.0, 0.0, 0.0, 0.0, 0.0, 0.0, 793.8964556220305, 0.0, 0.0, 0.0, 0.0, 0.0, 0.0, 763.5841736166201, 0.0, 0.0, 0.0, 0.0, 0.0, 0.0, 0.0, 0.0, 764.7935911796471, 0.0, 0.0, 0.0, 0.0, 0.0, 0.0, 0.0, 0.0, 169.6642520660153, 0.0, 0.0, 0.0, 0.0, 0.0, 0.0, 0.0, 0.0, 0.0, 0.0, 0.0, 0.0, 0.0, 802.9268246639465, 0.0, 0.0, 0.0, 0.0, 758.7456884462065, 0.0, 0.0, 0.0, 0.0, 0.0, 0.0, 0.0, 0.0, 0.0, 0.0, 0.0, 155.0704002036082, 0.0, 0.0, 0.0, 0.0, 174.14265722109076, 0.0]
INFORMACIÓN : 12apuestaBundle [792.559994162583, 791.354065361539, 782.5911004665389, 763.5841736166201, 759.1588333160787]
INFORMACIÓN : 12positionsBundle [711, 410, 1362, 1194, 898]
INFORMACIÓN : 12levelsBundle [3, 3, 3, 3, 3]
INFORMACIÓN : 12positionsOrdered [711, 410, 1362, 1194, 898]
INFORMACIÓN : 12levelsOrdered [3, 3, 3, 3, 3]
INFORMACIÓN : 12partialityOrdered [3, 3, 3, 3, 3]
INFORMACIÓN : 12arrivalTimes [14.912568378312056, 20.995330908610274, 45.32896126531359, 77.57799225850778, 85.8982683382082]
INFORMACIÓN : timeSat position 711 level 3
INFORMACIÓN : timeSat position 410 level 3
INFORMACIÓN : 13historia0[0.0, 0.0, 0.0, 0.0, 0.0, 0.0, 0.0, 0.0, 0.0, 0.0, 0.0, 0.0, 0.0, 0.0, 0.0, 0.0, 0.0, 0.0, 0.0, 0.0, 0.0, 0.0, 0.0, 0.0, 771.2341676665653, 0.0, 0.0, 0.0, 782.2318161009493, 0.0, 0.0, 0.0, 0.0, 0.0, 0.0, 0.0, 0.0, 0.0, 0.0, 0.0, 0.0, 0.0, 792.4216008193301, 0.0, 0.0, 0.0, 0.0, 0.0, 801.9015611973646, 0.0, 0.0, 798.6785454302671, 0.0, 0.0, 0.0, 0.0, 0.0, 0.0, 0.0, 0.0, 0.0, 0.0, 0.0, 784.5794804505804, 0.0, 0.0, 0.0, 0.0, 0.0, 0.0, 0.0, 0.0, 0.0, 0.0, 0.0, 0.0, 0.0, 0.0, 0.0, 0.0, 0.0, 0.0, 0.0, 0.0, 0.0, 282.20191803263583, 0.0, 0.0, 0.0, 0.0, 0.0, 162.67680690416137, 0.0, 0.0, 0.0, 0.0, 0.0, 0.0, 0.0, 0.0, 0.0, 0.0, 0.0, 0.0, 0.0, 0.0, 0.0, 793.8964556220305, 0.0, 0.0, 0.0, 0.0, 0.0, 0.0, 763.5841736166201, 0.0, 0.0, 0.0, 0.0, 0.0, 0.0, 0.0, 0.0, 764.7935911796471, 0.0, 0.0, 0.0, 0.0, 0.0, 0.0, 0.0, 0.0, 169.6642520660153, 784.9146061965736, 0.0, 0.0, 0.0, 0.0, 0.0, 0.0, 0.0, 0.0, 0.0, 0.0, 0.0, 0.0, 802.9268246639465, 0.0, 0.0, 0.0, 0.0, 758.7456884462065, 0.0, 0.0, 0.0, 0.0, 0.0, 0.0, 0.0, 0.0, 0.0, 0.0, 0.0, 155.0704002036082, 0.0, 0.0, 0.0, 0.0, 174.14265722109076, 0.0]
INFORMACIÓN : 13apuestaBundle [784.2191519677391, 782.5911004665389, 773.4380137383888, 751.8876824099868, 284.2383510655241]
INFORMACIÓN : 13positionsBundle [1578, 1362, 1642, 2493, 1085]
INFORMACIÓN : 13levelsBundle [3, 3, 3, 3, 2]
INFORMACIÓN : 13positionsOrdered [1085, 1578, 1362, 1642, 2493]
INFORMACIÓN : 13levelsOrdered [2, 3, 3, 3, 3]
INFORMACIÓN : 13partialityOrdered [2, 3, 3, 3, 3]
INFORMACIÓN : 13arrivalTimes [14.089810673754839, 28.836538762842945, 45.32896126531359, 75.74277391680468, 92.77216028273108]
INFORMACIÓN : 14historia0[0.0, 0.0, 0.0, 757.5957201689052, 0.0, 0.0, 0.0, 0.0, 0.0, 0.0, 0.0, 0.0, 284.2383510655241, 0.0, 0.0, 0.0, 0.0, 0.0, 0.0, 0.0, 364.4959877275696, 0.0, 0.0, 0.0, 0.0, 0.0, 0.0, 0.0, 0.0, 0.0, 0.0, 0.0, 0.0, 0.0, 0.0, 0.0, 0.0, 0.0, 0.0, 0.0, 0.0, 0.0, 792.4216008193301, 0.0, 0.0, 0.0, 0.0, 0.0, 801.6769615809301, 0.0, 0.0, 798.6785454302671, 0.0, 0.0, 0.0, 782.5911004665389, 0.0, 0.0, 0.0, 0.0, 0.0, 0.0, 0.0, 784.5794804505804, 0.0, 359.14003281870464, 0.0, 0.0, 773.4380137383888, 0.0, 0.0, 0.0, 0.0, 0.0, 0.0, 0.0, 0.0, 0.0, 0.0, 784.2191519677391, 0.0, 0.0, 0.0, 0.0, 0.0, 282.20191803263583, 0.0, 0.0, 0.0, 0.0, 0.0, 0.0, 0.0, 0.0, 0.0, 0.0, 0.0, 0.0, 0.0, 0.0, 0.0, 0.0, 364.4959877275696, 0.0, 0.0, 0.0, 0.0, 793.8964556220305, 0.0, 751.8876824099868, 0.0, 0.0, 0.0, 0.0, 764.5163520904725, 0.0, 0.0, 0.0, 0.0, 0.0, 0.0, 0.0, 0.0, 0.0, 0.0, 0.0, 0.0, 750.5104474443891, 0.0, 0.0, 0.0, 359.14003281870464, 0.0, 784.9146061965736, 0.0, 0.0, 0.0, 0.0, 0.0, 0.0, 0.0, 0.0, 0.0, 0.0, 0.0, 0.0, 802.702282943626, 0.0, 0.0, 0.0, 0.0, 758.9568881238083, 0.0, 0.0, 0.0, 0.0, 0.0, 0.0, 0.0, 0.0, 0.0, 0.0, 0.0, 0.0, 0.0, 0.0, 0.0, 0.0, 0.0, 0.0]
INFORMACIÓN : 14apuestaBundle [784.2191519677391, 782.5911004665389, 773.4380137383888, 751.8876824099868, 284.2383510655241]
INFORMACIÓN : 14positionsBundle [1578, 1362, 1642, 2493, 1085]
INFORMACIÓN : 14levelsBundle [3, 3, 3, 3, 2]
INFORMACIÓN : 14positionsOrdered [1085, 1578, 1362, 1642, 2493]
INFORMACIÓN : 14levelsOrdered [2, 3, 3, 3, 3]
INFORMACIÓN : 14partialityOrdered [2, 3, 3, 3, 3]
INFORMACIÓN : 14arrivalTimes [14.089810673754839, 28.836538762842945, 45.32896126531359, 75.74277391680468, 92.77216028273108]
INFORMACIÓN : 15historia0[0.0, 0.0, 0.0, 757.5957201689052, 0.0, 0.0, 0.0, 0.0, 0.0, 0.0, 0.0, 0.0, 284.2383510655241, 0.0, 0.0, 0.0, 0.0, 277.3437899562109, 0.0, 0.0, 0.0, 0.0, 0.0, 0.0, 771.2341676665653, 0.0, 0.0, 0.0, 801.7480363052492, 0.0, 0.0, 0.0, 0.0, 0.0, 0.0, 0.0, 0.0, 0.0, 0.0, 0.0, 0.0, 0.0, 792.4216008193301, 0.0, 0.0, 0.0, 0.0, 0.0, 801.6769615809301, 0.0, 0.0, 798.6785454302671, 0.0, 0.0, 0.0, 782.5911004665389, 0.0, 0.0, 0.0, 0.0, 0.0, 0.0, 0.0, 784.5794804505804, 0.0, 0.0, 0.0, 0.0, 773.4380137383888, 0.0, 0.0, 0.0, 0.0, 0.0, 0.0, 0.0, 0.0, 0.0, 0.0, 784.2191519677391, 0.0, 0.0, 0.0, 0.0, 0.0, 282.20191803263583, 0.0, 0.0, 0.0, 0.0, 0.0, 166.327126901549, 0.0, 0.0, 0.0, 0.0, 0.0, 0.0, 0.0, 0.0, 0.0, 0.0, 0.0, 0.0, 0.0, 0.0, 0.0, 793.8964556220305, 0.0, 751.8876824099868, 0.0, 0.0, 0.0, 0.0, 764.5163520904725, 0.0, 0.0, 0.0, 0.0, 0.0, 0.0, 0.0, 0.0, 764.7935911796471, 0.0, 0.0, 0.0, 750.5104474443891, 0.0, 0.0, 0.0, 0.0, 0.0, 768.7196561864251, 0.0, 252.68153297073655, 0.0, 0.0, 0.0, 244.87009019059394, 0.0, 0.0, 0.0, 0.0, 0.0, 0.0, 802.702282943626, 0.0, 0.0, 0.0, 0.0, 758.9568881238083, 0.0, 0.0, 0.0, 0.0, 0.0, 0.0, 0.0, 0.0, 0.0, 0.0, 0.0, 0.0, 0.0, 0.0, 0.0, 0.0, 174.14265722109076, 0.0]
INFORMACIÓN : 15apuestaBundle [784.2191519677391, 782.5911004665389, 773.4380137383888, 751.8876824099868, 284.2383510655241]
INFORMACIÓN : 15positionsBundle [1578, 1362, 1642, 2493, 1085]
INFORMACIÓN : 15levelsBundle [3, 3, 3, 3, 2]
INFORMACIÓN : 15positionsOrdered [1085, 1578, 1362, 1642, 2493]
INFORMACIÓN : 15levelsOrdered [2, 3, 3, 3, 3]
INFORMACIÓN : 15partialityOrdered [2, 3, 3, 3, 3]
INFORMACIÓN : 15arrivalTimes [14.089810673754839, 28.836538762842945, 45.32896126531359, 75.74277391680468, 92.77216028273108]
INFORMACIÓN : 16historia0[0.0, 0.0, 0.0, 757.5957201689052, 0.0, 0.0, 0.0, 0.0, 0.0, 0.0, 0.0, 0.0, 284.2383510655241, 0.0, 0.0, 0.0, 0.0, 277.3437899562109, 0.0, 0.0, 0.0, 0.0, 0.0, 0.0, 771.2341676665653, 0.0, 0.0, 0.0, 801.7480363052492, 0.0, 0.0, 0.0, 0.0, 0.0, 0.0, 0.0, 0.0, 0.0, 0.0, 0.0, 0.0, 0.0, 792.4216008193301, 0.0, 0.0, 0.0, 0.0, 0.0, 800.2130621343065, 0.0, 0.0, 798.6785454302671, 0.0, 0.0, 0.0, 782.5911004665389, 0.0, 0.0, 0.0, 0.0, 0.0, 0.0, 0.0, 784.5794804505804, 0.0, 0.0, 0.0, 0.0, 773.4380137383888, 0.0, 0.0, 0.0, 0.0, 0.0, 0.0, 0.0, 0.0, 0.0, 0.0, 784.2191519677391, 0.0, 0.0, 0.0, 0.0, 0.0, 0.0, 0.0, 0.0, 0.0, 0.0, 0.0, 166.327126901549, 0.0, 0.0, 0.0, 0.0, 0.0, 0.0, 0.0, 0.0, 0.0, 0.0, 0.0, 0.0, 0.0, 0.0, 0.0, 0.0, 0.0, 751.8876824099868, 0.0, 0.0, 0.0, 0.0, 763.0568550528938, 0.0, 0.0, 0.0, 0.0, 0.0, 0.0, 0.0, 0.0, 764.7935911796471, 0.0, 0.0, 0.0, 750.5104474443891, 0.0, 0.0, 0.0, 0.0, 0.0, 768.7196561864251, 0.0, 0.0, 767.9282486378966, 0.0, 0.0, 244.87009019059394, 0.0, 0.0, 0.0, 0.0, 0.0, 0.0, 802.702282943626, 0.0, 0.0, 0.0, 0.0, 758.7579183505193, 0.0, 0.0, 0.0, 0.0, 0.0, 0.0, 0.0, 0.0, 0.0, 0.0, 0.0, 0.0, 0.0, 0.0, 0.0, 0.0, 174.14265722109076, 0.0]
INFORMACIÓN : 16apuestaBundle [784.2191519677391, 782.5911004665389, 773.4380137383888, 751.8876824099868, 284.2383510655241]
INFORMACIÓN : 16positionsBundle [1578, 1362, 1642, 2493, 1085]
INFORMACIÓN : 16levelsBundle [3, 3, 3, 3, 2]
INFORMACIÓN : 16positionsOrdered [1085, 1578, 1362, 1642, 2493]
INFORMACIÓN : 16levelsOrdered [2, 3, 3, 3, 3]
INFORMACIÓN : 16partialityOrdered [2, 3, 3, 3, 3]
INFORMACIÓN : 16arrivalTimes [14.089810673754839, 28.836538762842945, 45.32896126531359, 75.74277391680468, 92.77216028273108]
INFORMACIÓN : 17historia0[0.0, 0.0, 0.0, 757.5957201689052, 0.0, 0.0, 0.0, 0.0, 0.0, 0.0, 0.0, 0.0, 284.2383510655241, 0.0, 0.0, 0.0, 0.0, 277.3437899562109, 0.0, 0.0, 0.0, 0.0, 0.0, 0.0, 771.2341676665653, 0.0, 0.0, 0.0, 801.7480363052492, 0.0, 0.0, 0.0, 0.0, 0.0, 0.0, 0.0, 0.0, 0.0, 0.0, 0.0, 0.0, 0.0, 792.4216008193301, 0.0, 0.0, 0.0, 0.0, 0.0, 800.2130621343065, 0.0, 0.0, 798.6785454302671, 0.0, 0.0, 0.0, 782.5911004665389, 0.0, 0.0, 0.0, 0.0, 0.0, 0.0, 0.0, 784.5794804505804, 0.0, 0.0, 0.0, 0.0, 773.4380137383888, 0.0, 0.0, 0.0, 0.0, 0.0, 0.0, 0.0, 0.0, 0.0, 0.0, 784.2191519677391, 0.0, 0.0, 0.0, 0.0, 0.0, 270.9284346229125, 0.0, 0.0, 0.0, 0.0, 0.0, 0.0, 0.0, 0.0, 0.0, 0.0, 0.0, 0.0, 0.0, 0.0, 0.0, 0.0, 0.0, 0.0, 0.0, 0.0, 0.0, 0.0, 0.0, 751.8876824099868, 0.0, 0.0, 0.0, 0.0, 763.0568550528938, 0.0, 0.0, 0.0, 0.0, 0.0, 0.0, 0.0, 0.0, 764.7935911796471, 0.0, 0.0, 0.0, 750.5104474443891, 0.0, 0.0, 141.16165866309552, 0.0, 161.55885281942506, 768.7196561864251, 0.0, 267.2441326878238, 767.9282486378966, 0.0, 0.0, 0.0, 0.0, 0.0, 0.0, 0.0, 0.0, 0.0, 802.702282943626, 0.0, 0.0, 0.0, 0.0, 758.7579183505193, 0.0, 0.0, 0.0, 0.0, 0.0, 0.0, 0.0, 0.0, 0.0, 0.0, 0.0, 146.72100578867207, 0.0, 0.0, 0.0, 0.0, 0.0, 0.0]
INFORMACIÓN : 17apuestaBundle [784.2191519677391, 782.5911004665389, 773.4380137383888, 751.8876824099868, 284.2383510655241]
INFORMACIÓN : 17positionsBundle [1578, 1362, 1642, 2493, 1085]
INFORMACIÓN : 17levelsBundle [3, 3, 3, 3, 2]
INFORMACIÓN : 17positionsOrdered [1085, 1578, 1362, 1642, 2493]
INFORMACIÓN : 17levelsOrdered [2, 3, 3, 3, 3]
INFORMACIÓN : 17partialityOrdered [2, 3, 3, 3, 3]
INFORMACIÓN : 17arrivalTimes [14.089810673754839, 28.836538762842945, 45.32896126531359, 75.74277391680468, 92.77216028273108]
INFORMACIÓN : 18historia0[0.0, 0.0, 0.0, 757.5957201689052, 0.0, 0.0, 0.0, 0.0, 0.0, 0.0, 0.0, 0.0, 284.2383510655241, 0.0, 0.0, 0.0, 0.0, 277.3437899562109, 0.0, 0.0, 0.0, 0.0, 0.0, 0.0, 769.8738296996387, 0.0, 0.0, 0.0, 801.7480363052492, 0.0, 0.0, 0.0, 0.0, 0.0, 0.0, 0.0, 0.0, 0.0, 0.0, 0.0, 0.0, 0.0, 792.4216008193301, 0.0, 0.0, 0.0, 0.0, 0.0, 800.2130621343065, 0.0, 0.0, 798.6785454302671, 0.0, 0.0, 0.0, 782.5911004665389, 0.0, 0.0, 0.0, 0.0, 0.0, 0.0, 0.0, 784.5794804505804, 0.0, 0.0, 0.0, 0.0, 773.4380137383888, 0.0, 0.0, 0.0, 0.0, 0.0, 0.0, 0.0, 0.0, 0.0, 0.0, 784.2191519677391, 0.0, 0.0, 0.0, 0.0, 0.0, 270.9284346229125, 0.0, 0.0, 0.0, 0.0, 0.0, 0.0, 0.0, 0.0, 0.0, 0.0, 0.0, 0.0, 0.0, 0.0, 0.0, 0.0, 0.0, 0.0, 0.0, 0.0, 0.0, 0.0, 0.0, 751.8876824099868, 0.0, 0.0, 0.0, 0.0, 763.0568550528938, 0.0, 0.0, 0.0, 0.0, 0.0, 0.0, 0.0, 0.0, 772.2172139642721, 0.0, 0.0, 0.0, 750.5104474443891, 0.0, 0.0, 141.16165866309552, 0.0, 161.55885281942506, 768.7196561864251, 0.0, 267.2441326878238, 767.9282486378966, 0.0, 0.0, 0.0, 0.0, 0.0, 0.0, 0.0, 0.0, 0.0, 802.702282943626, 0.0, 0.0, 0.0, 0.0, 758.7579183505193, 0.0, 0.0, 0.0, 0.0, 0.0, 0.0, 0.0, 0.0, 0.0, 0.0, 0.0, 146.72100578867207, 0.0, 0.0, 0.0, 0.0, 0.0, 0.0]
INFORMACIÓN : 18apuestaBundle [784.2191519677391, 782.5911004665389, 773.4380137383888, 751.8876824099868, 284.2383510655241]
INFORMACIÓN : 18positionsBundle [1578, 1362, 1642, 2493, 1085]
INFORMACIÓN : 18levelsBundle [3, 3, 3, 3, 2]
INFORMACIÓN : 18positionsOrdered [1085, 1578, 1362, 1642, 2493]
INFORMACIÓN : 18levelsOrdered [2, 3, 3, 3, 3]
INFORMACIÓN : 18partialityOrdered [2, 3, 3, 3, 3]
INFORMACIÓN : 18arrivalTimes [14.089810673754839, 28.836538762842945, 45.32896126531359, 75.74277391680468, 92.77216028273108]
INFORMACIÓN : depSat position 1642 level 3
INFORMACIÓN : depSat position 2493 level 3
INFORMACIÓN : depSat position 1085 level 2
INFORMACIÓN : 19historia0[0.0, 0.0, 0.0, 757.5957201689052, 0.0, 0.0, 0.0, 0.0, 0.0, 0.0, 0.0, 0.0, 0.0, 0.0, 0.0, 0.0, 0.0, 277.3437899562109, 0.0, 0.0, 0.0, 0.0, 0.0, 0.0, 769.8738296996387, 0.0, 0.0, 0.0, 801.7480363052492, 0.0, 0.0, 0.0, 0.0, 0.0, 0.0, 0.0, 0.0, 0.0, 0.0, 0.0, 0.0, 0.0, 792.4216008193301, 0.0, 0.0, 0.0, 0.0, 0.0, 800.2130621343065, 0.0, 0.0, 798.6785454302671, 0.0, 0.0, 0.0, 782.5911004665389, 0.0, 0.0, 0.0, 0.0, 0.0, 0.0, 0.0, 784.5794804505804, 0.0, 0.0, 0.0, 0.0, 0.0, 0.0, 0.0, 0.0, 0.0, 0.0, 0.0, 0.0, 0.0, 0.0, 0.0, 784.2191519677391, 0.0, 0.0, 0.0, 0.0, 0.0, 270.9284346229125, 0.0, 0.0, 0.0, 0.0, 0.0, 0.0, 0.0, 0.0, 0.0, 0.0, 0.0, 0.0, 0.0, 0.0, 0.0, 0.0, 0.0, 0.0, 0.0, 0.0, 0.0, 0.0, 0.0, 0.0, 0.0, 0.0, 0.0, 0.0, 763.0568550528938, 0.0, 0.0, 0.0, 0.0, 0.0, 0.0, 0.0, 0.0, 772.2172139642721, 0.0, 0.0, 0.0, 750.5104474443891, 0.0, 0.0, 141.16165866309552, 0.0, 161.55885281942506, 768.7196561864251, 0.0, 267.2441326878238, 767.9282486378966, 0.0, 0.0, 0.0, 0.0, 0.0, 0.0, 0.0, 0.0, 0.0, 802.702282943626, 0.0, 0.0, 0.0, 0.0, 758.7579183505193, 0.0, 0.0, 0.0, 0.0, 0.0, 0.0, 0.0, 0.0, 0.0, 0.0, 0.0, 146.72100578867207, 0.0, 0.0, 0.0, 0.0, 0.0, 0.0]
INFORMACIÓN : 19apuestaBundle [784.2191519677391, 782.5911004665389, 270.30727806635423, 255.86351107855626, 254.2227387370708]
INFORMACIÓN : 19positionsBundle [1578, 1362, 1637, 655, 407]
INFORMACIÓN : 19levelsBundle [3, 3, 2, 2, 2]
INFORMACIÓN : 19positionsOrdered [1578, 1362, 1637, 655, 407]
INFORMACIÓN : 19levelsOrdered [3, 3, 2, 2, 2]
INFORMACIÓN : 19partialityOrdered [3, 3, 2, 2, 2]
INFORMACIÓN : 19arrivalTimes [28.836538762842945, 45.32896126531359, 70.82405883327752, 108.03964696513431, 113.42481177226881]
INFORMACIÓN : 20historia0[0.0, 0.0, 0.0, 755.68937937261, 0.0, 0.0, 0.0, 0.0, 0.0, 0.0, 0.0, 0.0, 0.0, 0.0, 0.0, 0.0, 0.0, 277.3437899562109, 0.0, 0.0, 0.0, 0.0, 0.0, 0.0, 769.8738296996387, 0.0, 0.0, 0.0, 801.7480363052492, 0.0, 0.0, 0.0, 727.9013355326165, 0.0, 0.0, 0.0, 0.0, 254.2227387370708, 0.0, 0.0, 0.0, 0.0, 790.9005340588142, 0.0, 0.0, 0.0, 0.0, 0.0, 800.2130621343065, 0.0, 0.0, 798.6785454302671, 0.0, 0.0, 0.0, 782.5911004665389, 0.0, 0.0, 0.0, 0.0, 0.0, 0.0, 0.0, 784.5794804505804, 0.0, 0.0, 0.0, 0.0, 0.0, 0.0, 0.0, 0.0, 0.0, 0.0, 0.0, 0.0, 0.0, 0.0, 0.0, 784.2191519677391, 0.0, 0.0, 0.0, 0.0, 0.0, 270.9284346229125, 745.8496261510066, 0.0, 0.0, 0.0, 270.30727806635423, 0.0, 0.0, 0.0, 0.0, 0.0, 0.0, 0.0, 0.0, 0.0, 0.0, 0.0, 0.0, 0.0, 0.0, 0.0, 0.0, 777.6291560371927, 0.0, 0.0, 0.0, 0.0, 0.0, 0.0, 763.0568550528938, 0.0, 0.0, 0.0, 0.0, 0.0, 0.0, 255.86351107855626, 0.0, 772.2172139642721, 0.0, 0.0, 0.0, 748.5157780718248, 0.0, 0.0, 0.0, 0.0, 0.0, 768.7196561864251, 0.0, 267.2441326878238, 767.9282486378966, 0.0, 0.0, 0.0, 0.0, 0.0, 0.0, 0.0, 0.0, 0.0, 803.4058614826589, 0.0, 0.0, 0.0, 0.0, 758.7579183505193, 0.0, 0.0, 0.0, 0.0, 0.0, 0.0, 0.0, 0.0, 0.0, 0.0, 0.0, 0.0, 0.0, 0.0, 0.0, 0.0, 0.0, 0.0]
INFORMACIÓN : 20apuestaBundle [784.2191519677391, 782.5911004665389, 270.30727806635423, 255.86351107855626, 254.2227387370708]
INFORMACIÓN : 20positionsBundle [1578, 1362, 1637, 655, 407]
INFORMACIÓN : 20levelsBundle [3, 3, 2, 2, 2]
INFORMACIÓN : 20positionsOrdered [1578, 1362, 1637, 655, 407]
INFORMACIÓN : 20levelsOrdered [3, 3, 2, 2, 2]
INFORMACIÓN : 20partialityOrdered [3, 3, 2, 2, 2]
INFORMACIÓN : 20arrivalTimes [28.836538762842945, 45.32896126531359, 70.82405883327752, 108.03964696513431, 113.42481177226881]
INFORMACIÓN : 21historia0[0.0, 0.0, 0.0, 755.68937937261, 0.0, 0.0, 0.0, 0.0, 0.0, 0.0, 0.0, 0.0, 0.0, 0.0, 0.0, 0.0, 0.0, 277.3437899562109, 0.0, 0.0, 0.0, 0.0, 0.0, 0.0, 769.8738296996387, 0.0, 0.0, 0.0, 801.7480363052492, 0.0, 0.0, 0.0, 727.9013355326165, 0.0, 0.0, 0.0, 0.0, 254.2227387370708, 0.0, 0.0, 0.0, 0.0, 790.9005340588142, 0.0, 0.0, 0.0, 0.0, 0.0, 800.2130621343065, 0.0, 0.0, 798.6785454302671, 0.0, 0.0, 0.0, 782.5911004665389, 0.0, 0.0, 0.0, 0.0, 0.0, 0.0, 0.0, 784.5794804505804, 0.0, 0.0, 0.0, 0.0, 0.0, 0.0, 0.0, 0.0, 0.0, 0.0, 0.0, 0.0, 0.0, 0.0, 0.0, 784.2191519677391, 0.0, 0.0, 0.0, 0.0, 0.0, 270.9284346229125, 745.8496261510066, 0.0, 0.0, 0.0, 270.30727806635423, 0.0, 0.0, 0.0, 0.0, 0.0, 0.0, 0.0, 0.0, 0.0, 0.0, 0.0, 0.0, 0.0, 0.0, 0.0, 0.0, 777.6291560371927, 0.0, 0.0, 0.0, 0.0, 0.0, 0.0, 763.0568550528938, 0.0, 0.0, 0.0, 0.0, 0.0, 0.0, 255.86351107855626, 0.0, 772.2172139642721, 0.0, 0.0, 0.0, 748.5157780718248, 0.0, 0.0, 0.0, 0.0, 0.0, 768.7196561864251, 0.0, 267.2441326878238, 767.9282486378966, 0.0, 0.0, 0.0, 0.0, 0.0, 0.0, 0.0, 0.0, 0.0, 802.865305560735, 0.0, 0.0, 0.0, 0.0, 758.7579183505193, 0.0, 0.0, 0.0, 0.0, 0.0, 0.0, 0.0, 0.0, 0.0, 0.0, 0.0, 0.0, 0.0, 0.0, 0.0, 0.0, 0.0, 0.0]
INFORMACIÓN : 21apuestaBundle [784.2191519677391, 782.5911004665389, 270.30727806635423, 255.86351107855626, 254.2227387370708]
INFORMACIÓN : 21positionsBundle [1578, 1362, 1637, 655, 407]
INFORMACIÓN : 21levelsBundle [3, 3, 2, 2, 2]
INFORMACIÓN : 21positionsOrdered [1578, 1362, 1637, 655, 407]
INFORMACIÓN : 21levelsOrdered [3, 3, 2, 2, 2]
INFORMACIÓN : 21partialityOrdered [3, 3, 2, 2, 2]
INFORMACIÓN : 21arrivalTimes [28.836538762842945, 45.32896126531359, 70.82405883327752, 108.03964696513431, 113.42481177226881]
INFORMACIÓN : 22historia0[0.0, 0.0, 0.0, 755.68937937261, 0.0, 0.0, 0.0, 0.0, 0.0, 0.0, 0.0, 0.0, 0.0, 0.0, 0.0, 0.0, 0.0, 277.3437899562109, 0.0, 0.0, 0.0, 0.0, 0.0, 0.0, 769.8738296996387, 0.0, 0.0, 0.0, 801.7480363052492, 0.0, 0.0, 268.52915012136555, 727.9013355326165, 0.0, 0.0, 0.0, 0.0, 254.2227387370708, 0.0, 0.0, 0.0, 0.0, 790.9005340588142, 0.0, 0.0, 0.0, 0.0, 0.0, 800.2130621343065, 0.0, 0.0, 798.6785454302671, 0.0, 0.0, 0.0, 782.5911004665389, 0.0, 0.0, 0.0, 0.0, 0.0, 0.0, 0.0, 784.5794804505804, 0.0, 0.0, 0.0, 0.0, 0.0, 0.0, 0.0, 0.0, 0.0, 0.0, 0.0, 0.0, 0.0, 0.0, 0.0, 784.2191519677391, 0.0, 0.0, 0.0, 0.0, 0.0, 270.9284346229125, 745.8496261510066, 0.0, 0.0, 0.0, 270.30727806635423, 0.0, 0.0, 0.0, 0.0, 0.0, 0.0, 0.0, 0.0, 0.0, 0.0, 0.0, 0.0, 0.0, 0.0, 0.0, 0.0, 777.6291560371927, 0.0, 0.0, 0.0, 0.0, 0.0, 0.0, 763.0568550528938, 0.0, 0.0, 0.0, 0.0, 0.0, 0.0, 255.86351107855626, 0.0, 772.2172139642721, 0.0, 0.0, 0.0, 748.5157780718248, 0.0, 0.0, 0.0, 0.0, 0.0, 768.7196561864251, 0.0, 0.0, 767.9282486378966, 0.0, 0.0, 0.0, 0.0, 0.0, 0.0, 0.0, 0.0, 0.0, 802.865305560735, 0.0, 0.0, 0.0, 0.0, 758.7579183505193, 0.0, 0.0, 0.0, 0.0, 0.0, 0.0, 0.0, 0.0, 0.0, 0.0, 0.0, 0.0, 0.0, 0.0, 0.0, 0.0, 0.0, 0.0]
INFORMACIÓN : 22apuestaBundle [784.2191519677391, 782.5911004665389, 270.30727806635423, 255.86351107855626, 254.2227387370708]
INFORMACIÓN : 22positionsBundle [1578, 1362, 1637, 655, 407]
INFORMACIÓN : 22levelsBundle [3, 3, 2, 2, 2]
INFORMACIÓN : 22positionsOrdered [1578, 1362, 1637, 655, 407]
INFORMACIÓN : 22levelsOrdered [3, 3, 2, 2, 2]
INFORMACIÓN : 22partialityOrdered [3, 3, 2, 2, 2]
INFORMACIÓN : 22arrivalTimes [28.836538762842945, 45.32896126531359, 70.82405883327752, 108.03964696513431, 113.42481177226881]
INFORMACIÓN : 23historia0[0.0, 0.0, 0.0, 755.68937937261, 0.0, 0.0, 0.0, 0.0, 0.0, 0.0, 0.0, 0.0, 0.0, 0.0, 0.0, 0.0, 0.0, 277.3437899562109, 0.0, 0.0, 0.0, 0.0, 0.0, 0.0, 769.8738296996387, 0.0, 0.0, 0.0, 801.7480363052492, 0.0, 0.0, 268.52915012136555, 727.9013355326165, 0.0, 0.0, 0.0, 0.0, 254.2227387370708, 0.0, 0.0, 0.0, 0.0, 790.9005340588142, 0.0, 0.0, 0.0, 0.0, 0.0, 800.2130621343065, 0.0, 0.0, 798.6785454302671, 0.0, 0.0, 0.0, 782.5911004665389, 0.0, 0.0, 0.0, 0.0, 0.0, 0.0, 0.0, 784.5794804505804, 0.0, 0.0, 0.0, 0.0, 0.0, 0.0, 0.0, 0.0, 0.0, 0.0, 0.0, 0.0, 0.0, 0.0, 0.0, 784.2191519677391, 0.0, 0.0, 0.0, 0.0, 0.0, 270.9284346229125, 745.8496261510066, 0.0, 0.0, 0.0, 270.30727806635423, 0.0, 0.0, 0.0, 0.0, 0.0, 0.0, 0.0, 0.0, 0.0, 0.0, 0.0, 0.0, 0.0, 0.0, 0.0, 0.0, 777.6291560371927, 0.0, 0.0, 0.0, 0.0, 0.0, 0.0, 763.0568550528938, 0.0, 0.0, 0.0, 0.0, 0.0, 0.0, 255.86351107855626, 0.0, 772.2172139642721, 0.0, 0.0, 0.0, 748.5157780718248, 0.0, 0.0, 0.0, 0.0, 0.0, 768.7196561864251, 0.0, 0.0, 767.9282486378966, 0.0, 0.0, 0.0, 0.0, 0.0, 0.0, 0.0, 0.0, 0.0, 802.865305560735, 0.0, 0.0, 0.0, 0.0, 758.7579183505193, 0.0, 0.0, 0.0, 0.0, 0.0, 0.0, 0.0, 0.0, 0.0, 0.0, 0.0, 0.0, 0.0, 0.0, 0.0, 0.0, 0.0, 0.0]
INFORMACIÓN : 23apuestaBundle [784.2191519677391, 782.5911004665389, 270.30727806635423, 255.86351107855626, 254.2227387370708]
INFORMACIÓN : 23positionsBundle [1578, 1362, 1637, 655, 407]
INFORMACIÓN : 23levelsBundle [3, 3, 2, 2, 2]
INFORMACIÓN : 23positionsOrdered [1578, 1362, 1637, 655, 407]
INFORMACIÓN : 23levelsOrdered [3, 3, 2, 2, 2]
INFORMACIÓN : 23partialityOrdered [3, 3, 2, 2, 2]
INFORMACIÓN : 23arrivalTimes [28.836538762842945, 45.32896126531359, 70.82405883327752, 108.03964696513431, 113.42481177226881]
INFORMACIÓN : 24historia0[0.0, 0.0, 0.0, 755.68937937261, 0.0, 0.0, 0.0, 0.0, 0.0, 0.0, 0.0, 0.0, 0.0, 0.0, 0.0, 0.0, 0.0, 277.3437899562109, 0.0, 0.0, 0.0, 0.0, 0.0, 0.0, 769.9550453625454, 0.0, 0.0, 0.0, 801.7480363052492, 0.0, 0.0, 268.52915012136555, 727.9013355326165, 0.0, 0.0, 0.0, 0.0, 254.2227387370708, 0.0, 0.0, 0.0, 0.0, 790.9005340588142, 0.0, 0.0, 0.0, 0.0, 0.0, 800.2130621343065, 0.0, 0.0, 798.6785454302671, 0.0, 0.0, 0.0, 782.5911004665389, 0.0, 0.0, 0.0, 0.0, 0.0, 0.0, 0.0, 784.5794804505804, 0.0, 0.0, 0.0, 0.0, 0.0, 0.0, 0.0, 0.0, 0.0, 0.0, 0.0, 0.0, 0.0, 0.0, 0.0, 784.2191519677391, 0.0, 0.0, 0.0, 0.0, 0.0, 270.9284346229125, 745.8496261510066, 0.0, 0.0, 0.0, 270.30727806635423, 0.0, 0.0, 0.0, 0.0, 0.0, 0.0, 0.0, 0.0, 0.0, 0.0, 0.0, 0.0, 0.0, 0.0, 0.0, 0.0, 777.6291560371927, 0.0, 0.0, 0.0, 0.0, 0.0, 0.0, 763.0568550528938, 0.0, 0.0, 0.0, 0.0, 0.0, 0.0, 255.86351107855626, 0.0, 772.2983694659789, 0.0, 0.0, 0.0, 748.5157780718248, 0.0, 0.0, 0.0, 0.0, 0.0, 768.7196561864251, 0.0, 0.0, 767.9282486378966, 0.0, 0.0, 0.0, 0.0, 0.0, 0.0, 0.0, 0.0, 0.0, 802.865305560735, 0.0, 0.0, 0.0, 0.0, 758.7579183505193, 0.0, 0.0, 0.0, 0.0, 0.0, 0.0, 0.0, 0.0, 0.0, 0.0, 0.0, 0.0, 0.0, 0.0, 0.0, 0.0, 0.0, 0.0]
INFORMACIÓN : 24apuestaBundle [784.2191519677391, 782.5911004665389, 270.30727806635423, 255.86351107855626, 254.2227387370708]
INFORMACIÓN : 24positionsBundle [1578, 1362, 1637, 655, 407]
INFORMACIÓN : 24levelsBundle [3, 3, 2, 2, 2]
INFORMACIÓN : 24positionsOrdered [1578, 1362, 1637, 655, 407]
INFORMACIÓN : 24levelsOrdered [3, 3, 2, 2, 2]
INFORMACIÓN : 24partialityOrdered [3, 3, 2, 2, 2]
INFORMACIÓN : 24arrivalTimes [28.836538762842945, 45.32896126531359, 70.82405883327752, 108.03964696513431, 113.42481177226881]
INFORMACIÓN : depSat position 1637 level 2
INFORMACIÓN : depSat position 655 level 2
INFORMACIÓN : depSat position 407 level 2
INFORMACIÓN : 25historia0[0.0, 0.0, 0.0, 755.68937937261, 0.0, 784.1221378634624, 0.0, 0.0, 0.0, 0.0, 0.0, 0.0, 0.0, 0.0, 0.0, 0.0, 0.0, 277.3437899562109, 0.0, 0.0, 0.0, 0.0, 0.0, 0.0, 769.9550453625454, 0.0, 0.0, 0.0, 801.7480363052492, 0.0, 0.0, 268.52915012136555, 727.9013355326165, 0.0, 0.0, 0.0, 0.0, 0.0, 0.0, 0.0, 0.0, 0.0, 790.9005340588142, 0.0, 0.0, 0.0, 0.0, 0.0, 800.2130621343065, 0.0, 0.0, 798.6785454302671, 0.0, 0.0, 0.0, 0.0, 0.0, 0.0, 0.0, 0.0, 0.0, 0.0, 0.0, 784.5794804505804, 0.0, 0.0, 0.0, 0.0, 793.4815438790496, 0.0, 0.0, 0.0, 0.0, 0.0, 0.0, 0.0, 0.0, 0.0, 0.0, 802.5792413690712, 0.0, 0.0, 0.0, 0.0, 0.0, 270.9284346229125, 745.8496261510066, 0.0, 0.0, 0.0, 0.0, 0.0, 0.0, 0.0, 0.0, 0.0, 0.0, 0.0, 0.0, 0.0, 0.0, 0.0, 0.0, 0.0, 0.0, 0.0, 0.0, 777.6291560371927, 0.0, 780.1895600308816, 0.0, 0.0, 0.0, 0.0, 763.0568550528938, 0.0, 0.0, 0.0, 0.0, 0.0, 0.0, 0.0, 0.0, 772.2983694659789, 0.0, 0.0, 0.0, 748.5157780718248, 0.0, 0.0, 0.0, 0.0, 0.0, 768.7196561864251, 0.0, 0.0, 767.9282486378966, 0.0, 0.0, 0.0, 0.0, 0.0, 0.0, 0.0, 0.0, 0.0, 802.865305560735, 0.0, 0.0, 0.0, 0.0, 758.7579183505193, 0.0, 0.0, 0.0, 773.9968684908765, 0.0, 0.0, 0.0, 0.0, 0.0, 0.0, 0.0, 0.0, 0.0, 0.0, 0.0, 0.0, 0.0, 0.0]
INFORMACIÓN : 25apuestaBundle [791.2110772202415, 790.9535790272649, 782.7538393150453, 277.9583843772541, 275.28083246506503]
INFORMACIÓN : 25positionsBundle [410, 711, 1362, 407, 655]
INFORMACIÓN : 25levelsBundle [3, 3, 3, 2, 2]
INFORMACIÓN : 25positionsOrdered [410, 1362, 711, 407, 655]
INFORMACIÓN : 25levelsOrdered [3, 3, 3, 2, 2]
INFORMACIÓN : 25partialityOrdered [3, 3, 3, 2, 2]
INFORMACIÓN : 25arrivalTimes [20.50458482354823, 41.32896126531359, 54.367366075718884, 61.57846862664686, 66.96363343378137]
INFORMACIÓN : 26historia0[0.0, 0.0, 0.0, 0.0, 0.0, 781.3694532541639, 0.0, 0.0, 0.0, 0.0, 0.0, 0.0, 0.0, 0.0, 0.0, 0.0, 0.0, 277.3437899562109, 0.0, 0.0, 0.0, 0.0, 0.0, 0.0, 769.9550453625454, 0.0, 0.0, 0.0, 801.7480363052492, 0.0, 0.0, 268.52915012136555, 727.9013355326165, 0.0, 0.0, 0.0, 0.0, 277.9583843772541, 0.0, 0.0, 0.0, 0.0, 0.0, 0.0, 0.0, 791.2110772202415, 0.0, 0.0, 800.2130621343065, 0.0, 0.0, 798.6785454302671, 0.0, 0.0, 0.0, 782.7538393150453, 168.29840531872196, 0.0, 0.0, 0.0, 0.0, 0.0, 0.0, 784.5794804505804, 0.0, 0.0, 0.0, 0.0, 791.4519752676467, 0.0, 0.0, 0.0, 0.0, 0.0, 0.0, 790.9535790272649, 0.0, 0.0, 0.0, 801.7230012216617, 0.0, 0.0, 0.0, 0.0, 0.0, 270.9284346229125, 745.8496261510066, 0.0, 0.0, 0.0, 290.45093722958063, 0.0, 245.40366805811527, 0.0, 0.0, 0.0, 0.0, 0.0, 0.0, 0.0, 0.0, 176.51356733472315, 0.0, 0.0, 0.0, 0.0, 0.0, 777.6291560371927, 0.0, 0.0, 0.0, 0.0, 0.0, 0.0, 763.0568550528938, 0.0, 0.0, 0.0, 0.0, 0.0, 0.0, 275.28083246506503, 0.0, 772.2983694659789, 0.0, 0.0, 0.0, 0.0, 0.0, 0.0, 0.0, 0.0, 0.0, 0.0, 0.0, 0.0, 767.9282486378966, 0.0, 0.0, 0.0, 0.0, 0.0, 0.0, 0.0, 0.0, 0.0, 802.865305560735, 0.0, 0.0, 78.12410620465027, 0.0, 758.7579183505193, 0.0, 0.0, 0.0, 771.2439524199289, 0.0, 0.0, 0.0, 0.0, 0.0, 0.0, 0.0, 0.0, 0.0, 0.0, 0.0, 0.0, 0.0, 0.0]
INFORMACIÓN : 26apuestaBundle [791.2110772202415, 790.9535790272649, 782.7538393150453, 277.9583843772541, 275.28083246506503]
INFORMACIÓN : 26positionsBundle [410, 711, 1362, 407, 655]
INFORMACIÓN : 26levelsBundle [3, 3, 3, 2, 2]
INFORMACIÓN : 26positionsOrdered [410, 1362, 711, 407, 655]
INFORMACIÓN : 26levelsOrdered [3, 3, 3, 2, 2]
INFORMACIÓN : 26partialityOrdered [3, 3, 3, 2, 2]
INFORMACIÓN : 26arrivalTimes [20.50458482354823, 41.32896126531359, 54.367366075718884, 61.57846862664686, 66.96363343378137]
INFORMACIÓN : 27historia0[0.0, 0.0, 0.0, 0.0, 0.0, 781.3694532541639, 0.0, 0.0, 0.0, 0.0, 0.0, 0.0, 0.0, 0.0, 0.0, 0.0, 0.0, 277.3437899562109, 0.0, 0.0, 0.0, 0.0, 0.0, 0.0, 769.9550453625454, 0.0, 0.0, 0.0, 801.7480363052492, 0.0, 0.0, 268.52915012136555, 727.9823681157847, 0.0, 0.0, 0.0, 0.0, 277.9583843772541, 0.0, 0.0, 0.0, 0.0, 0.0, 0.0, 0.0, 791.2110772202415, 0.0, 0.0, 800.2130621343065, 0.0, 0.0, 798.6785454302671, 0.0, 0.0, 0.0, 782.7538393150453, 168.29840531872196, 0.0, 0.0, 0.0, 0.0, 0.0, 0.0, 784.5794804505804, 0.0, 0.0, 0.0, 0.0, 791.4519752676467, 0.0, 0.0, 0.0, 0.0, 0.0, 0.0, 790.9535790272649, 0.0, 0.0, 0.0, 801.7230012216617, 0.0, 0.0, 0.0, 0.0, 0.0, 270.9284346229125, 745.9307787138652, 0.0, 0.0, 0.0, 290.45093722958063, 0.0, 245.40366805811527, 0.0, 0.0, 0.0, 0.0, 59.87102798632911, 0.0, 0.0, 0.0, 176.51356733472315, 0.0, 0.0, 0.0, 0.0, 0.0, 777.7105145972461, 0.0, 0.0, 0.0, 0.0, 0.0, 0.0, 763.0568550528938, 0.0, 0.0, 0.0, 0.0, 0.0, 0.0, 275.28083246506503, 0.0, 772.2983694659789, 0.0, 0.0, 0.0, 0.0, 0.0, 0.0, 0.0, 0.0, 0.0, 0.0, 0.0, 0.0, 767.9282486378966, 0.0, 0.0, 0.0, 0.0, 0.0, 0.0, 0.0, 0.0, 0.0, 802.946829096801, 0.0, 0.0, 0.0, 0.0, 758.7579183505193, 0.0, 0.0, 0.0, 771.2439524199289, 0.0, 0.0, 0.0, 0.0, 0.0, 0.0, 0.0, 0.0, 0.0, 0.0, 0.0, 0.0, 0.0, 0.0]
INFORMACIÓN : 27apuestaBundle [791.2110772202415, 790.9535790272649, 782.7538393150453, 277.9583843772541, 275.28083246506503]
INFORMACIÓN : 27positionsBundle [410, 711, 1362, 407, 655]
INFORMACIÓN : 27levelsBundle [3, 3, 3, 2, 2]
INFORMACIÓN : 27positionsOrdered [410, 1362, 711, 407, 655]
INFORMACIÓN : 27levelsOrdered [3, 3, 3, 2, 2]
INFORMACIÓN : 27partialityOrdered [3, 3, 3, 2, 2]
INFORMACIÓN : 27arrivalTimes [20.50458482354823, 41.32896126531359, 54.367366075718884, 61.57846862664686, 66.96363343378137]
INFORMACIÓN : 28historia0[0.0, 0.0, 0.0, 0.0, 0.0, 781.3694532541639, 0.0, 0.0, 0.0, 0.0, 0.0, 0.0, 0.0, 0.0, 0.0, 0.0, 0.0, 277.3437899562109, 0.0, 0.0, 0.0, 0.0, 0.0, 0.0, 769.9550453625454, 0.0, 0.0, 0.0, 801.7480363052492, 0.0, 0.0, 268.55960455907416, 727.9823681157847, 0.0, 0.0, 0.0, 0.0, 277.9583843772541, 0.0, 0.0, 0.0, 0.0, 0.0, 0.0, 0.0, 791.2110772202415, 0.0, 0.0, 800.2944439859566, 0.0, 0.0, 798.6785454302671, 0.0, 0.0, 0.0, 782.7538393150453, 168.29840531872196, 0.0, 0.0, 0.0, 0.0, 0.0, 0.0, 784.5794804505804, 0.0, 0.0, 0.0, 0.0, 791.4519752676467, 0.0, 0.0, 0.0, 0.0, 0.0, 0.0, 790.9535790272649, 0.0, 0.0, 0.0, 801.7230012216617, 0.0, 0.0, 0.0, 0.0, 0.0, 0.0, 745.9307787138652, 0.0, 0.0, 0.0, 290.45093722958063, 0.0, 245.40366805811527, 0.0, 0.0, 0.0, 0.0, 59.87102798632911, 0.0, 0.0, 0.0, 176.51356733472315, 0.0, 0.0, 0.0, 0.0, 0.0, 777.7105145972461, 0.0, 0.0, 0.0, 0.0, 0.0, 0.0, 763.1379921635541, 0.0, 0.0, 0.0, 0.0, 0.0, 0.0, 275.28083246506503, 0.0, 772.2983694659789, 0.0, 0.0, 0.0, 0.0, 0.0, 0.0, 0.0, 0.0, 0.0, 0.0, 0.0, 0.0, 0.0, 0.0, 0.0, 0.0, 0.0, 0.0, 0.0, 0.0, 0.0, 0.0, 802.946829096801, 0.0, 0.0, 0.0, 0.0, 758.83901438674, 0.0, 0.0, 0.0, 771.2439524199289, 0.0, 0.0, 0.0, 0.0, 0.0, 0.0, 0.0, 0.0, 0.0, 0.0, 0.0, 0.0, 0.0, 0.0]
INFORMACIÓN : 28apuestaBundle [791.2110772202415, 790.9535790272649, 782.7538393150453, 277.9583843772541, 275.28083246506503]
INFORMACIÓN : 28positionsBundle [410, 711, 1362, 407, 655]
INFORMACIÓN : 28levelsBundle [3, 3, 3, 2, 2]
INFORMACIÓN : 28positionsOrdered [410, 1362, 711, 407, 655]
INFORMACIÓN : 28levelsOrdered [3, 3, 3, 2, 2]
INFORMACIÓN : 28partialityOrdered [3, 3, 3, 2, 2]
INFORMACIÓN : 28arrivalTimes [20.50458482354823, 41.32896126531359, 54.367366075718884, 61.57846862664686, 66.96363343378137]
INFORMACIÓN : 29historia0[0.0, 0.0, 0.0, 0.0, 0.0, 781.3694532541639, 0.0, 0.0, 0.0, 0.0, 0.0, 0.0, 0.0, 0.0, 0.0, 0.0, 0.0, 277.3437899562109, 0.0, 0.0, 0.0, 0.0, 0.0, 0.0, 769.9550453625454, 0.0, 0.0, 0.0, 801.7480363052492, 0.0, 0.0, 268.55960455907416, 727.9823681157847, 0.0, 0.0, 0.0, 0.0, 277.9583843772541, 0.0, 0.0, 0.0, 0.0, 0.0, 0.0, 0.0, 791.2110772202415, 0.0, 0.0, 800.2944439859566, 0.0, 0.0, 798.6785454302671, 0.0, 0.0, 0.0, 782.7538393150453, 168.29840531872196, 0.0, 0.0, 0.0, 0.0, 0.0, 0.0, 784.5794804505804, 0.0, 0.0, 0.0, 0.0, 791.4519752676467, 0.0, 0.0, 0.0, 0.0, 0.0, 0.0, 790.9535790272649, 0.0, 0.0, 0.0, 801.7230012216617, 0.0, 0.0, 0.0, 0.0, 0.0, 274.294684338088, 745.9307787138652, 0.0, 0.0, 0.0, 290.45093722958063, 0.0, 245.40366805811527, 0.0, 0.0, 0.0, 0.0, 59.87102798632911, 0.0, 0.0, 0.0, 176.51356733472315, 0.0, 0.0, 0.0, 0.0, 0.0, 777.7105145972461, 0.0, 0.0, 0.0, 0.0, 0.0, 0.0, 763.1379921635541, 0.0, 0.0, 0.0, 0.0, 0.0, 0.0, 275.28083246506503, 0.0, 772.2983694659789, 0.0, 0.0, 0.0, 0.0, 0.0, 0.0, 0.0, 0.0, 0.0, 0.0, 0.0, 252.68153297073655, 0.0, 0.0, 0.0, 0.0, 0.0, 0.0, 0.0, 0.0, 0.0, 0.0, 802.946829096801, 0.0, 0.0, 0.0, 0.0, 758.83901438674, 0.0, 0.0, 0.0, 771.2439524199289, 0.0, 0.0, 0.0, 0.0, 0.0, 0.0, 0.0, 0.0, 0.0, 0.0, 0.0, 0.0, 0.0, 0.0]
INFORMACIÓN : 29apuestaBundle [791.2110772202415, 790.9535790272649, 782.7538393150453, 277.9583843772541, 275.28083246506503]
INFORMACIÓN : 29positionsBundle [410, 711, 1362, 407, 655]
INFORMACIÓN : 29levelsBundle [3, 3, 3, 2, 2]
INFORMACIÓN : 29positionsOrdered [410, 1362, 711, 407, 655]
INFORMACIÓN : 29levelsOrdered [3, 3, 3, 2, 2]
INFORMACIÓN : 29partialityOrdered [3, 3, 3, 2, 2]
INFORMACIÓN : 29arrivalTimes [20.50458482354823, 41.32896126531359, 54.367366075718884, 61.57846862664686, 66.96363343378137]
INFORMACIÓN : 30historia0[0.0, 0.0, 0.0, 0.0, 0.0, 781.3694532541639, 0.0, 0.0, 0.0, 0.0, 0.0, 0.0, 0.0, 0.0, 0.0, 0.0, 0.0, 277.3437899562109, 0.0, 0.0, 0.0, 0.0, 0.0, 0.0, 770.0362691474245, 0.0, 0.0, 0.0, 801.7480363052492, 0.0, 0.0, 268.55960455907416, 727.9823681157847, 0.0, 0.0, 0.0, 58.62103270454145, 277.9583843772541, 0.0, 0.0, 0.0, 0.0, 0.0, 0.0, 0.0, 791.2110772202415, 0.0, 0.0, 800.2944439859566, 0.0, 0.0, 798.6785454302671, 0.0, 0.0, 0.0, 782.7538393150453, 168.29840531872196, 0.0, 0.0, 0.0, 58.62103270454145, 0.0, 0.0, 784.5794804505804, 0.0, 0.0, 0.0, 0.0, 791.4519752676467, 0.0, 0.0, 0.0, 0.0, 0.0, 0.0, 790.9535790272649, 0.0, 0.0, 0.0, 801.7230012216617, 0.0, 0.0, 0.0, 0.0, 0.0, 274.294684338088, 745.9307787138652, 0.0, 0.0, 0.0, 290.45093722958063, 0.0, 245.40366805811527, 0.0, 0.0, 0.0, 0.0, 0.0, 0.0, 0.0, 0.0, 176.51356733472315, 0.0, 0.0, 0.0, 0.0, 0.0, 777.7105145972461, 0.0, 0.0, 0.0, 0.0, 0.0, 0.0, 763.1379921635541, 0.0, 0.0, 0.0, 0.0, 0.0, 0.0, 275.28083246506503, 0.0, 772.3795330836415, 0.0, 0.0, 0.0, 0.0, 0.0, 0.0, 0.0, 0.0, 0.0, 0.0, 0.0, 252.68153297073655, 0.0, 0.0, 0.0, 0.0, 0.0, 0.0, 0.0, 0.0, 0.0, 0.0, 802.946829096801, 0.0, 0.0, 0.0, 0.0, 758.83901438674, 0.0, 0.0, 0.0, 771.2439524199289, 0.0, 0.0, 0.0, 0.0, 0.0, 0.0, 0.0, 0.0, 0.0, 0.0, 0.0, 0.0, 0.0, 0.0]
INFORMACIÓN : 30apuestaBundle [791.2110772202415, 790.9535790272649, 782.7538393150453, 277.9583843772541, 275.28083246506503]
INFORMACIÓN : 30positionsBundle [410, 711, 1362, 407, 655]
INFORMACIÓN : 30levelsBundle [3, 3, 3, 2, 2]
INFORMACIÓN : 30positionsOrdered [410, 1362, 711, 407, 655]
INFORMACIÓN : 30levelsOrdered [3, 3, 3, 2, 2]
INFORMACIÓN : 30partialityOrdered [3, 3, 3, 2, 2]
INFORMACIÓN : 30arrivalTimes [20.50458482354823, 41.32896126531359, 54.367366075718884, 61.57846862664686, 66.96363343378137]
INFORMACIÓN : depSat position 410 level 3
INFORMACIÓN : depSat position 711 level 3
INFORMACIÓN : depSat position 407 level 2
INFORMACIÓN : depSat position 655 level 2
INFORMACIÓN : 31historia0[0.0, 0.0, 0.0, 0.0, 0.0, 781.3694532541639, 0.0, 0.0, 0.0, 0.0, 0.0, 0.0, 0.0, 0.0, 0.0, 0.0, 0.0, 277.3437899562109, 0.0, 0.0, 0.0, 0.0, 0.0, 0.0, 770.0362691474245, 0.0, 0.0, 0.0, 801.7480363052492, 0.0, 0.0, 268.55960455907416, 727.9823681157847, 0.0, 0.0, 0.0, 58.62103270454145, 0.0, 0.0, 0.0, 0.0, 0.0, 0.0, 0.0, 0.0, 0.0, 0.0, 0.0, 800.2944439859566, 0.0, 0.0, 798.6785454302671, 0.0, 0.0, 0.0, 0.0, 168.29840531872196, 0.0, 0.0, 0.0, 58.62103270454145, 0.0, 0.0, 784.5794804505804, 0.0, 0.0, 0.0, 0.0, 791.4519752676467, 0.0, 0.0, 0.0, 0.0, 0.0, 0.0, 0.0, 0.0, 0.0, 0.0, 801.7230012216617, 0.0, 0.0, 0.0, 0.0, 0.0, 274.294684338088, 745.9307787138652, 0.0, 0.0, 0.0, 290.45093722958063, 0.0, 245.40366805811527, 0.0, 0.0, 0.0, 0.0, 0.0, 0.0, 0.0, 0.0, 176.51356733472315, 0.0, 0.0, 0.0, 0.0, 0.0, 777.7105145972461, 0.0, 0.0, 0.0, 0.0, 0.0, 0.0, 763.1379921635541, 0.0, 0.0, 0.0, 0.0, 0.0, 0.0, 0.0, 0.0, 772.3795330836415, 0.0, 0.0, 0.0, 0.0, 0.0, 0.0, 0.0, 0.0, 0.0, 0.0, 0.0, 252.68153297073655, 0.0, 0.0, 0.0, 0.0, 0.0, 0.0, 0.0, 0.0, 0.0, 0.0, 802.946829096801, 0.0, 0.0, 0.0, 0.0, 758.83901438674, 0.0, 0.0, 0.0, 771.2439524199289, 0.0, 0.0, 0.0, 0.0, 0.0, 0.0, 0.0, 0.0, 0.0, 0.0, 0.0, 0.0, 0.0, 0.0]
INFORMACIÓN : 31apuestaBundle [791.3740633125574, 791.1162960324627, 277.9583843772541, 275.28083246506503, 263.8475843900212]
INFORMACIÓN : 31positionsBundle [410, 711, 407, 655, 1085]
INFORMACIÓN : 31levelsBundle [3, 3, 2, 2, 2]
INFORMACIÓN : 31positionsOrdered [410, 407, 655, 711, 1085]
INFORMACIÓN : 31levelsOrdered [3, 2, 2, 3, 2]
INFORMACIÓN : 31partialityOrdered [3, 2, 2, 3, 2]
INFORMACIÓN : 31arrivalTimes [16.50458482354823, 19.50458482354823, 24.889749630682736, 50.367366075718884, 105.38520188835645]
INFORMACIÓN : 32historia0[0.0, 0.0, 0.0, 0.0, 0.0, 0.0, 0.0, 0.0, 0.0, 0.0, 0.0, 0.0, 277.2319854081246, 63.487701592863175, 0.0, 0.0, 0.0, 277.3437899562109, 0.0, 0.0, 0.0, 0.0, 0.0, 0.0, 770.0362691474245, 0.0, 0.0, 0.0, 801.7480363052492, 0.0, 0.0, 268.55960455907416, 727.9823681157847, 0.0, 0.0, 0.0, 0.0, 277.9583843772541, 0.0, 0.0, 0.0, 0.0, 0.0, 0.0, 0.0, 791.3740633125574, 0.0, 0.0, 800.2944439859566, 0.0, 0.0, 798.6785454302671, 0.0, 0.0, 0.0, 0.0, 0.0, 0.0, 0.0, 0.0, 0.0, 0.0, 0.0, 784.5794804505804, 0.0, 0.0, 0.0, 0.0, 791.4519752676467, 0.0, 0.0, 0.0, 0.0, 0.0, 0.0, 791.1162960324627, 0.0, 0.0, 0.0, 801.7230012216617, 0.0, 0.0, 0.0, 0.0, 0.0, 274.294684338088, 745.9307787138652, 0.0, 0.0, 0.0, 0.0, 0.0, 0.0, 0.0, 0.0, 0.0, 0.0, 0.0, 0.0, 0.0, 0.0, 0.0, 0.0, 0.0, 169.80266816187975, 0.0, 0.0, 777.7105145972461, 0.0, 0.0, 0.0, 0.0, 0.0, 0.0, 763.1379921635541, 0.0, 0.0, 0.0, 0.0, 72.75763106197337, 0.0, 275.28083246506503, 0.0, 772.3795330836415, 0.0, 0.0, 0.0, 0.0, 0.0, 0.0, 0.0, 0.0, 0.0, 0.0, 0.0, 252.68153297073655, 0.0, 0.0, 0.0, 0.0, 0.0, 0.0, 0.0, 0.0, 0.0, 0.0, 802.946829096801, 0.0, 0.0, 0.0, 0.0, 758.83901438674, 0.0, 0.0, 0.0, 0.0, 0.0, 0.0, 0.0, 0.0, 0.0, 0.0, 0.0, 0.0, 0.0, 0.0, 0.0, 0.0, 0.0, 0.0]
INFORMACIÓN : 32apuestaBundle [791.3740633125574, 791.1162960324627, 277.9583843772541, 275.28083246506503, 759.1571246794217]
INFORMACIÓN : 32positionsBundle [410, 711, 407, 655, 1194]
INFORMACIÓN : 32levelsBundle [3, 3, 2, 2, 3]
INFORMACIÓN : 32positionsOrdered [410, 407, 655, 711, 1194]
INFORMACIÓN : 32levelsOrdered [3, 2, 2, 3, 3]
INFORMACIÓN : 32partialityOrdered [3, 2, 2, 3, 3]
INFORMACIÓN : 32arrivalTimes [16.50458482354823, 19.50458482354823, 24.889749630682736, 50.367366075718884, 84.57262882869303]
INFORMACIÓN : 33historia0[0.0, 0.0, 0.0, 0.0, 0.0, 781.5318437769777, 0.0, 0.0, 0.0, 0.0, 0.0, 0.0, 0.0, 0.0, 0.0, 0.0, 0.0, 0.0, 0.0, 0.0, 0.0, 0.0, 0.0, 264.26095115231897, 770.0362691474245, 0.0, 0.0, 0.0, 801.7480363052492, 0.0, 0.0, 268.55960455907416, 728.0634088026166, 0.0, 0.0, 0.0, 0.0, 277.9583843772541, 0.0, 0.0, 0.0, 0.0, 0.0, 0.0, 0.0, 791.3740633125574, 0.0, 0.0, 800.2944439859566, 0.0, 0.0, 798.6785454302671, 0.0, 0.0, 0.0, 0.0, 0.0, 0.0, 0.0, 0.0, 0.0, 0.0, 0.0, 784.5794804505804, 0.0, 0.0, 0.0, 0.0, 791.5332626186528, 0.0, 0.0, 0.0, 0.0, 0.0, 0.0, 791.1162960324627, 0.0, 0.0, 0.0, 801.7230012216617, 0.0, 0.0, 0.0, 0.0, 0.0, 274.294684338088, 746.0119393923858, 0.0, 0.0, 0.0, 290.45093722958063, 0.0, 0.0, 0.0, 0.0, 0.0, 0.0, 0.0, 0.0, 0.0, 0.0, 0.0, 0.0, 0.0, 169.80266816187975, 0.0, 0.0, 777.7105145972461, 0.0, 0.0, 0.0, 0.0, 0.0, 0.0, 763.1379921635541, 0.0, 0.0, 0.0, 0.0, 0.0, 0.0, 275.28083246506503, 0.0, 772.3795330836415, 0.0, 0.0, 0.0, 0.0, 0.0, 0.0, 0.0, 0.0, 0.0, 0.0, 0.0, 252.68153297073655, 0.0, 0.0, 0.0, 0.0, 0.0, 0.0, 0.0, 0.0, 0.0, 0.0, 803.1099006280319, 0.0, 44.98290675645169, 0.0, 0.0, 758.83901438674, 0.0, 0.0, 0.0, 771.4062263236879, 0.0, 0.0, 0.0, 0.0, 0.0, 55.49815542825194, 0.0, 0.0, 0.0, 0.0, 0.0, 0.0, 0.0, 0.0]
INFORMACIÓN : 33apuestaBundle [791.3740633125574, 791.1162960324627, 277.9583843772541, 275.28083246506503, 168.6452050960405]
INFORMACIÓN : 33positionsBundle [410, 711, 407, 655, 1326]
INFORMACIÓN : 33levelsBundle [3, 3, 2, 2, 1]
INFORMACIÓN : 33positionsOrdered [410, 407, 655, 711, 1326]
INFORMACIÓN : 33levelsOrdered [3, 2, 2, 3, 1]
INFORMACIÓN : 33partialityOrdered [3, 2, 2, 3, 1]
INFORMACIÓN : 33arrivalTimes [16.50458482354823, 19.50458482354823, 24.889749630682736, 50.367366075718884, 69.57673878801742]
INFORMACIÓN : 34historia0[97.37968907217493, 0.0, 0.0, 0.0, 0.0, 781.5318437769777, 168.6452050960405, 0.0, 0.0, 0.0, 0.0, 0.0, 0.0, 63.487701592863175, 0.0, 0.0, 0.0, 0.0, 0.0, 0.0, 0.0, 0.0, 0.0, 0.0, 770.0362691474245, 0.0, 0.0, 0.0, 801.7480363052492, 0.0, 0.0, 268.62052257158416, 728.0634088026166, 0.0, 0.0, 0.0, 69.06098258334843, 277.9583843772541, 0.0, 0.0, 0.0, 0.0, 0.0, 0.0, 0.0, 791.3740633125574, 0.0, 0.0, 800.457232105847, 0.0, 0.0, 798.6785454302671, 0.0, 0.0, 0.0, 0.0, 0.0, 0.0, 0.0, 0.0, 69.06098258334843, 0.0, 0.0, 784.5794804505804, 0.0, 0.0, 0.0, 0.0, 791.5332626186528, 0.0, 0.0, 0.0, 0.0, 0.0, 0.0, 791.1162960324627, 0.0, 0.0, 0.0, 801.7230012216617, 0.0, 0.0, 0.0, 0.0, 0.0, 274.2946375040492, 746.0119393923858, 0.0, 0.0, 0.0, 290.45093722958063, 0.0, 250.26075118231574, 0.0, 0.0, 0.0, 0.0, 0.0, 0.0, 0.0, 0.0, 0.0, 0.0, 0.0, 0.0, 0.0, 0.0, 777.7105145972461, 0.0, 0.0, 0.0, 0.0, 0.0, 0.0, 763.3002907280361, 0.0, 0.0, 0.0, 0.0, 0.0, 0.0, 275.28083246506503, 0.0, 772.3795330836415, 0.0, 0.0, 0.0, 0.0, 0.0, 0.0, 0.0, 0.0, 0.0, 0.0, 0.0, 252.68153297073655, 0.0, 0.0, 0.0, 0.0, 0.0, 0.0, 0.0, 0.0, 0.0, 0.0, 803.1099006280319, 0.0, 0.0, 0.0, 0.0, 759.0012307900199, 0.0, 0.0, 0.0, 771.4062263236879, 0.0, 0.0, 0.0, 0.0, 69.65736281659451, 0.0, 0.0, 0.0, 0.0, 0.0, 0.0, 0.0, 0.0, 0.0]
INFORMACIÓN : 34apuestaBundle [791.3740633125574, 791.1162960324627, 277.9583843772541, 275.28083246506503, 168.6452050960405]
INFORMACIÓN : 34positionsBundle [410, 711, 407, 655, 1326]
INFORMACIÓN : 34levelsBundle [3, 3, 2, 2, 1]
INFORMACIÓN : 34positionsOrdered [410, 407, 655, 711, 1326]
INFORMACIÓN : 34levelsOrdered [3, 2, 2, 3, 1]
INFORMACIÓN : 34partialityOrdered [3, 2, 2, 3, 1]
INFORMACIÓN : 34arrivalTimes [16.50458482354823, 19.50458482354823, 24.889749630682736, 50.367366075718884, 69.57673878801742]
INFORMACIÓN : 35historia0[0.0, 0.0, 0.0, 0.0, 0.0, 781.5318437769777, 168.6452050960405, 0.0, 0.0, 0.0, 0.0, 0.0, 0.0, 0.0, 0.0, 0.0, 0.0, 0.0, 0.0, 0.0, 0.0, 0.0, 0.0, 0.0, 770.0362691474245, 0.0, 0.0, 0.0, 801.7480363052492, 0.0, 0.0, 268.62052257158416, 728.0634088026166, 0.0, 0.0, 0.0, 0.0, 277.9583843772541, 0.0, 0.0, 0.0, 0.0, 0.0, 0.0, 0.0, 791.3740633125574, 0.0, 0.0, 800.457232105847, 0.0, 0.0, 798.6785454302671, 0.0, 0.0, 0.0, 0.0, 187.93340776710403, 0.0, 0.0, 0.0, 0.0, 0.0, 0.0, 784.5794804505804, 0.0, 0.0, 0.0, 0.0, 791.5332626186528, 0.0, 0.0, 0.0, 0.0, 0.0, 0.0, 791.1162960324627, 0.0, 0.0, 0.0, 801.7230012216617, 0.0, 0.0, 0.0, 0.0, 0.0, 274.2946375040492, 746.0119393923858, 0.0, 0.0, 0.0, 290.45093722958063, 0.0, 250.26075118231574, 0.0, 0.0, 0.0, 0.0, 0.0, 0.0, 0.0, 0.0, 152.8531838980291, 0.0, 0.0, 0.0, 0.0, 0.0, 777.7105145972461, 0.0, 0.0, 0.0, 0.0, 0.0, 0.0, 763.3002907280361, 0.0, 0.0, 0.0, 300.8128180377161, 0.0, 0.0, 275.28083246506503, 0.0, 772.3795330836415, 0.0, 0.0, 0.0, 0.0, 0.0, 0.0, 0.0, 0.0, 0.0, 0.0, 0.0, 252.68153297073655, 0.0, 0.0, 0.0, 0.0, 0.0, 0.0, 0.0, 0.0, 0.0, 0.0, 803.1099006280319, 0.0, 0.0, 0.0, 0.0, 759.0012307900199, 0.0, 0.0, 0.0, 771.4062263236879, 0.0, 0.0, 0.0, 0.0, 0.0, 0.0, 0.0, 0.0, 0.0, 0.0, 0.0, 0.0, 0.0, 0.0]
INFORMACIÓN : 35apuestaBundle [791.3740633125574, 791.1162960324627, 277.9583843772541, 275.28083246506503, 168.6452050960405]
INFORMACIÓN : 35positionsBundle [410, 711, 407, 655, 1326]
INFORMACIÓN : 35levelsBundle [3, 3, 2, 2, 1]
INFORMACIÓN : 35positionsOrdered [410, 407, 655, 711, 1326]
INFORMACIÓN : 35levelsOrdered [3, 2, 2, 3, 1]
INFORMACIÓN : 35partialityOrdered [3, 2, 2, 3, 1]
INFORMACIÓN : 35arrivalTimes [16.50458482354823, 19.50458482354823, 24.889749630682736, 50.367366075718884, 69.57673878801742]
