----------------------------------------------------------------------
-- Log session for [myBugCoalitionsCCBBAGuaiDEF-6] started on 2017.07.14.17.16.57 --
----------------------------------------------------------------------

INFORMACIÓN : I started
INFORMACIÓN : 0apuestaBundle [1461.581040536536, 1145.420985773355, 959.0747707693181, 923.2674465960299]
INFORMACIÓN : 0positionsBundle [951, 1651, 99, 1689]
INFORMACIÓN : 0levelsBundle [3, 3, 3, 3]
INFORMACIÓN : 0positionsOrdered [951, 1651, 99, 1689]
INFORMACIÓN : 0levelsOrdered [3, 3, 3, 3]
INFORMACIÓN : 0partialityOrdered [3, 3, 3, 3]
INFORMACIÓN : 0arrivalTimes [8.25235486010173, 22.252354860101732, 79.94117526752555, 113.46728449600597]
INFORMACIÓN : I [MW]; lost Test.myBail@2ac72b0f; POS 951; sensors [AB, IR]; level 3 I paid 1461.581040536536in favour of12@(myturtles,myturtles,bug)@MK-18518 paid 1461.776867851867
INFORMACIÓN : 1historia0[0.0, 0.0, 0.0, 0.0, 1145.4287003181091, 0.0, 0.0, 0.0, 0.0, 0.0, 0.0, 0.0, 0.0, 0.0, 0.0, 0.0, 923.2739258639456, 0.0, 0.0, 0.0, 0.0, 0.0, 0.0, 0.0, 0.0, 921.4980225317092, 0.0, 967.1584943523642, 0.0, 0.0, 0.0, 0.0, 0.0, 0.0, 1098.171827888211, 0.0, 0.0, 0.0, 0.0, 0.0, 0.0, 0.0, 0.0, 0.0, 0.0, 0.0, 0.0, 0.0, 0.0, 1413.5199976675024, 1408.0636788156569, 0.0, 0.0, 0.0, 0.0, 0.0, 0.0, 921.6783054430728, 0.0, 0.0, 0.0, 0.0, 0.0, 0.0, 0.0, 0.0, 0.0, 0.0, 0.0, 0.0, 0.0, 0.0, 0.0, 0.0, 0.0, 0.0, 0.0, 0.0, 0.0, 0.0, 0.0, 0.0, 0.0, 0.0, 1117.1455554765712, 0.0, 0.0, 0.0, 0.0, 959.081638357361, 0.0, 0.0, 0.0, 0.0, 0.0, 0.0, 0.0, 0.0, 0.0, 0.0, 0.0, 0.0, 0.0, 0.0, 0.0, 0.0, 0.0, 0.0, 0.0, 0.0, 0.0, 0.0, 0.0, 0.0, 0.0, 0.0, 967.3498388120695, 0.0, 0.0, 0.0, 0.0, 0.0, 0.0, 1461.776867851867, 0.0, 0.0, 0.0, 0.0, 0.0, 0.0, 0.0, 0.0, 0.0, 0.0, 0.0, 0.0, 0.0, 0.0, 0.0, 0.0, 0.0, 0.0, 0.0, 0.0, 0.0, 0.0, 0.0, 0.0, 0.0, 0.0, 0.0, 0.0, 0.0, 0.0, 0.0, 0.0, 0.0, 0.0, 0.0, 0.0, 0.0, 0.0, 0.0, 0.0, 0.0, 0.0]
