----------------------------------------------------------------------
-- Log session for [myBugCoalitionsCCBBAGuaiDEF-313] started on 2017.07.13.00.53.14 --
----------------------------------------------------------------------

INFORMACIÓN : I started
INFORMACIÓN : 0apuestaBundle [793.8577487633021, 771.6549456056625, 769.3888170158149, 767.3239418760694, 762.0039603783304]
INFORMACIÓN : 0positionsBundle [1880, 980, 881, 1958, 869]
INFORMACIÓN : 0levelsBundle [3, 3, 3, 3, 3]
INFORMACIÓN : 0positionsOrdered [1880, 980, 881, 1958, 869]
INFORMACIÓN : 0levelsOrdered [3, 3, 3, 3, 3]
INFORMACIÓN : 0partialityOrdered [3, 3, 3, 3, 3]
INFORMACIÓN : 0arrivalTimes [13.995328839398196, 31.995328839398198, 34.231396816897984, 66.05905774257708, 90.65580549507477]
INFORMACIÓN : timeSat position 1880 level 3
INFORMACIÓN : timeSat position 1958 level 3
INFORMACIÓN : 1historia0[0.0, 759.385963220983, 0.0, 0.0, 0.0, 767.5936012792448, 0.0, 0.0, 0.0, 0.0, 0.0, 0.0, 791.2174092217974, 47.91465813127752, 0.0, 0.0, 764.9809591174339, 0.0, 0.0, 0.0, 173.33507624608438, 783.1087372835136, 797.6417505013288, 0.0, 0.0, 0.0, 0.0, 0.0, 0.0, 0.0, 0.0, 0.0, 0.0, 0.0, 0.0, 0.0, 0.0, 0.0, 0.0, 0.0, 0.0, 798.0816327240445, 0.0, 0.0, 176.04068773166546, 793.6049196772195, 0.0, 0.0, 0.0, 0.0, 0.0, 0.0, 0.0, 0.0, 0.0, 0.0, 0.0, 0.0, 0.0, 800.2552113309748, 0.0, 767.4069518084087, 0.0, 0.0, 0.0, 0.0, 0.0, 178.1709834873518, 0.0, 182.3663094317444, 787.163012710099, 0.0, 0.0, 0.0, 0.0, 0.0, 0.0, 0.0, 0.0, 0.0, 0.0, 0.0, 281.7487902354703, 0.0, 0.0, 0.0, 0.0, 0.0, 0.0, 0.0, 0.0, 0.0, 0.0, 248.27540323558648, 33.61527313724309, 178.1184908019626, 0.0, 0.0, 0.0, 751.1755429925016, 0.0, 0.0, 0.0, 0.0, 784.9753309177371, 0.0, 0.0, 0.0, 794.625736094237, 0.0, 0.0, 0.0, 0.0, 0.0, 0.0, 0.0, 0.0, 0.0, 0.0, 0.0, 0.0, 0.0, 0.0, 0.0, 0.0, 0.0, 0.0, 0.0, 0.0, 38.7144120221551, 0.0, 0.0, 0.0, 0.0, 0.0, 286.4522897634648, 0.0, 0.0, 0.0, 0.0, 0.0, 0.0, 0.0, 0.0, 0.0, 0.0, 0.0, 0.0, 0.0, 0.0, 0.0, 0.0, 0.0, 0.0, 0.0, 0.0, 0.0, 0.0, 0.0, 288.6882990195803, 50.98961633735621, 802.8989162459366, 0.0, 0.0, 0.0, 0.0, 0.0, 0.0, 0.0]
INFORMACIÓN : 1apuestaBundle [791.2442775124817, 764.1334020374926, 757.4167684524956, 285.79990345018325, 280.08860310417566]
INFORMACIÓN : 1positionsBundle [1880, 1958, 1605, 1785, 1538]
INFORMACIÓN : 1levelsBundle [3, 3, 3, 2, 2]
INFORMACIÓN : 1positionsOrdered [1785, 1538, 1880, 1605, 1958]
INFORMACIÓN : 1levelsOrdered [2, 2, 3, 3, 3]
INFORMACIÓN : 1partialityOrdered [2, 2, 3, 3, 3]
INFORMACIÓN : 1arrivalTimes [12.944897156879989, 18.775849051725288, 78.21805305097051, 103.71315061893443, 111.32892372479834]
INFORMACIÓN : timeSat position 1785 level 2
INFORMACIÓN : 2historia0[0.0, 759.385963220983, 0.0, 0.0, 0.0, 767.5936012792448, 0.0, 0.0, 0.0, 0.0, 0.0, 0.0, 791.2174092217974, 0.0, 0.0, 0.0, 764.9809591174339, 0.0, 0.0, 791.2442775124817, 0.0, 783.1087372835136, 797.6417505013288, 0.0, 262.31252163663453, 0.0, 0.0, 0.0, 0.0, 0.0, 0.0, 0.0, 0.0, 0.0, 0.0, 0.0, 0.0, 0.0, 0.0, 0.0, 0.0, 798.0816327240445, 0.0, 0.0, 176.04068773166546, 793.6049196772195, 0.0, 0.0, 0.0, 0.0, 0.0, 0.0, 0.0, 0.0, 0.0, 0.0, 0.0, 0.0, 0.0, 800.2552113309748, 0.0, 767.4069518084087, 0.0, 0.0, 0.0, 0.0, 0.0, 178.1709834873518, 0.0, 182.3663094317444, 787.163012710099, 0.0, 0.0, 0.0, 0.0, 0.0, 0.0, 0.0, 0.0, 0.0, 0.0, 0.0, 0.0, 0.0, 0.0, 0.0, 764.1334020374926, 0.0, 0.0, 0.0, 0.0, 0.0, 0.0, 0.0, 33.61527313724309, 178.1184908019626, 0.0, 0.0, 0.0, 751.1755429925016, 0.0, 0.0, 0.0, 0.0, 784.9753309177371, 0.0, 0.0, 0.0, 794.625736094237, 0.0, 0.0, 0.0, 0.0, 0.0, 0.0, 0.0, 0.0, 0.0, 0.0, 0.0, 266.91882332100374, 0.0, 0.0, 0.0, 0.0, 0.0, 0.0, 0.0, 0.0, 38.7144120221551, 0.0, 0.0, 0.0, 0.0, 0.0, 286.4522897634648, 0.0, 0.0, 0.0, 0.0, 0.0, 0.0, 0.0, 0.0, 0.0, 0.0, 0.0, 0.0, 0.0, 0.0, 0.0, 0.0, 757.4167684524956, 0.0, 0.0, 0.0, 0.0, 0.0, 0.0, 0.0, 0.0, 802.8989162459366, 0.0, 0.0, 0.0, 0.0, 0.0, 0.0, 0.0]
INFORMACIÓN : 2apuestaBundle [791.2442775124817, 764.1334020374926, 757.4167684524956, 270.7924117692834, 238.96916632663863]
INFORMACIÓN : 2positionsBundle [1880, 1958, 1605, 1474, 35]
INFORMACIÓN : 2levelsBundle [3, 3, 3, 2, 2]
INFORMACIÓN : 2positionsOrdered [1474, 1880, 1605, 1958, 35]
INFORMACIÓN : 2levelsOrdered [2, 3, 3, 3, 2]
INFORMACIÓN : 2partialityOrdered [2, 3, 3, 3, 2]
INFORMACIÓN : 2arrivalTimes [23.94835117144696, 78.21805305097051, 103.71315061893443, 111.32892372479834, 158.76308862732404]
INFORMACIÓN : 3historia0[0.0, 759.385963220983, 151.38811203480287, 0.0, 0.0, 767.5936012792448, 0.0, 0.0, 0.0, 0.0, 0.0, 0.0, 791.2174092217974, 0.0, 0.0, 0.0, 764.9809591174339, 0.0, 0.0, 0.0, 0.0, 783.1087372835136, 797.6417505013288, 0.0, 0.0, 0.0, 0.0, 0.0, 0.0, 0.0, 0.0, 0.0, 0.0, 0.0, 0.0, 0.0, 0.0, 0.0, 34.71307640132227, 0.0, 0.0, 798.0816327240445, 0.0, 0.0, 0.0, 793.6049196772195, 0.0, 0.0, 0.0, 0.0, 0.0, 0.0, 0.0, 0.0, 0.0, 0.0, 0.0, 0.0, 0.0, 800.2552113309748, 0.0, 767.4069518084087, 0.0, 66.65880087901405, 0.0, 39.65620972407589, 0.0, 0.0, 0.0, 0.0, 787.163012710099, 0.0, 141.1827482303048, 0.0, 0.0, 0.0, 0.0, 0.0, 0.0, 0.0, 0.0, 0.0, 0.0, 0.0, 0.0, 0.0, 0.0, 0.0, 0.0, 0.0, 0.0, 0.0, 0.0, 0.0, 33.61527313724309, 178.1184908019626, 0.0, 0.0, 0.0, 751.1755429925016, 0.0, 0.0, 0.0, 0.0, 784.9753309177371, 0.0, 0.0, 0.0, 794.625736094237, 0.0, 0.0, 0.0, 0.0, 56.30055545475625, 0.0, 0.0, 0.0, 0.0, 0.0, 67.93879804346284, 266.91882332100374, 0.0, 0.0, 0.0, 0.0, 0.0, 0.0, 84.82750932334578, 0.0, 0.0, 0.0, 146.43718083776298, 0.0, 0.0, 0.0, 286.4522897634648, 132.6073418181124, 0.0, 0.0, 0.0, 0.0, 0.0, 0.0, 0.0, 0.0, 0.0, 0.0, 0.0, 0.0, 0.0, 0.0, 0.0, 0.0, 0.0, 0.0, 0.0, 0.0, 0.0, 0.0, 0.0, 60.78930569362058, 802.8989162459366, 0.0, 0.0, 0.0, 0.0, 0.0, 0.0, 0.0]
INFORMACIÓN : 3apuestaBundle [791.2442775124817, 764.1334020374926, 757.4167684524956, 285.4518582625372, 280.08860310417566]
INFORMACIÓN : 3positionsBundle [1880, 1958, 1605, 1785, 1538]
INFORMACIÓN : 3levelsBundle [3, 3, 3, 2, 2]
INFORMACIÓN : 3positionsOrdered [1538, 1785, 1880, 1605, 1958]
INFORMACIÓN : 3levelsOrdered [2, 2, 3, 3, 3]
INFORMACIÓN : 3partialityOrdered [2, 2, 3, 3, 3]
INFORMACIÓN : 3arrivalTimes [17.132375798947084, 35.72627366927168, 78.21805305097051, 103.71315061893443, 111.32892372479834]
INFORMACIÓN : 4historia0[0.0, 759.385963220983, 151.38811203480287, 0.0, 0.0, 767.5936012792448, 0.0, 0.0, 0.0, 0.0, 0.0, 0.0, 791.2174092217974, 0.0, 0.0, 0.0, 764.9809591174339, 0.0, 0.0, 791.2442775124817, 0.0, 783.1087372835136, 797.6417505013288, 0.0, 262.31252163663453, 0.0, 0.0, 0.0, 285.4518582625372, 0.0, 0.0, 0.0, 0.0, 0.0, 0.0, 0.0, 60.866946486893994, 0.0, 0.0, 0.0, 0.0, 798.0816327240445, 0.0, 0.0, 0.0, 793.6049196772195, 0.0, 0.0, 0.0, 0.0, 0.0, 0.0, 0.0, 0.0, 0.0, 0.0, 0.0, 0.0, 0.0, 800.2552113309748, 0.0, 767.4069518084087, 0.0, 66.65880087901405, 0.0, 39.65620972407589, 0.0, 0.0, 0.0, 0.0, 787.163012710099, 0.0, 141.1827482303048, 0.0, 0.0, 0.0, 0.0, 0.0, 0.0, 0.0, 0.0, 0.0, 0.0, 0.0, 0.0, 0.0, 764.1334020374926, 0.0, 0.0, 0.0, 0.0, 0.0, 0.0, 0.0, 0.0, 178.1184908019626, 0.0, 0.0, 0.0, 751.1755429925016, 280.08860310417566, 0.0, 0.0, 0.0, 784.9753309177371, 0.0, 0.0, 0.0, 794.625736094237, 0.0, 0.0, 0.0, 0.0, 0.0, 0.0, 0.0, 0.0, 0.0, 0.0, 67.93879804346284, 266.91882332100374, 0.0, 0.0, 0.0, 0.0, 0.0, 0.0, 84.82750932334578, 0.0, 0.0, 0.0, 146.43718083776298, 0.0, 0.0, 0.0, 286.4522897634648, 132.6073418181124, 0.0, 0.0, 0.0, 0.0, 0.0, 0.0, 0.0, 0.0, 0.0, 0.0, 0.0, 0.0, 0.0, 0.0, 0.0, 757.4167684524956, 0.0, 0.0, 0.0, 0.0, 0.0, 0.0, 0.0, 0.0, 802.8989162459366, 0.0, 0.0, 0.0, 0.0, 0.0, 0.0, 0.0]
INFORMACIÓN : 4apuestaBundle [791.2442775124817, 764.1334020374926, 757.4167684524956, 285.4518582625372, 280.08860310417566]
INFORMACIÓN : 4positionsBundle [1880, 1958, 1605, 1785, 1538]
INFORMACIÓN : 4levelsBundle [3, 3, 3, 2, 2]
INFORMACIÓN : 4positionsOrdered [1538, 1785, 1880, 1605, 1958]
INFORMACIÓN : 4levelsOrdered [2, 2, 3, 3, 3]
INFORMACIÓN : 4partialityOrdered [2, 2, 3, 3, 3]
INFORMACIÓN : 4arrivalTimes [17.132375798947084, 35.72627366927168, 78.21805305097051, 103.71315061893443, 111.32892372479834]
INFORMACIÓN : 5historia0[0.0, 0.0, 151.38811203480287, 0.0, 0.0, 735.3545480329497, 0.0, 0.0, 376.7558311021754, 0.0, 0.0, 0.0, 791.2174092217974, 0.0, 0.0, 0.0, 0.0, 0.0, 0.0, 791.2442775124817, 0.0, 0.0, 797.6417505013288, 0.0, 0.0, 0.0, 0.0, 0.0, 285.4518582625372, 376.7558311021754, 0.0, 790.720329879975, 0.0, 0.0, 0.0, 0.0, 0.0, 0.0, 0.0, 0.0, 0.0, 798.0816327240445, 85.52062610117218, 0.0, 0.0, 793.6049196772195, 0.0, 0.0, 0.0, 0.0, 0.0, 0.0, 0.0, 0.0, 0.0, 0.0, 0.0, 0.0, 0.0, 800.2552113309748, 0.0, 767.4069518084087, 0.0, 66.65880087901405, 0.0, 0.0, 0.0, 163.9185075649375, 0.0, 165.5494498750354, 787.163012710099, 0.0, 141.1827482303048, 0.0, 0.0, 0.0, 0.0, 0.0, 0.0, 0.0, 0.0, 0.0, 0.0, 0.0, 0.0, 0.0, 764.1334020374926, 0.0, 0.0, 0.0, 0.0, 0.0, 0.0, 292.79075773662726, 0.0, 178.1184908019626, 0.0, 0.0, 367.0345980897746, 751.1755429925016, 280.08860310417566, 0.0, 0.0, 0.0, 784.9753309177371, 0.0, 0.0, 0.0, 0.0, 0.0, 0.0, 0.0, 0.0, 0.0, 261.9334206607792, 0.0, 0.0, 0.0, 0.0, 67.93879804346284, 266.91882332100374, 0.0, 0.0, 0.0, 0.0, 281.6552125380308, 0.0, 84.82750932334578, 0.0, 57.39052281635645, 0.0, 146.43718083776298, 0.0, 0.0, 0.0, 0.0, 132.6073418181124, 0.0, 0.0, 0.0, 0.0, 0.0, 0.0, 0.0, 0.0, 0.0, 0.0, 0.0, 0.0, 0.0, 367.0345980897746, 0.0, 757.4167684524956, 0.0, 0.0, 0.0, 0.0, 0.0, 0.0, 0.0, 0.0, 802.8989162459366, 0.0, 0.0, 777.5983859935134, 0.0, 0.0, 0.0, 0.0]
INFORMACIÓN : 5apuestaBundle [791.2442775124817, 764.1334020374926, 757.4167684524956, 285.4518582625372, 280.08860310417566]
INFORMACIÓN : 5positionsBundle [1880, 1958, 1605, 1785, 1538]
INFORMACIÓN : 5levelsBundle [3, 3, 3, 2, 2]
INFORMACIÓN : 5positionsOrdered [1538, 1785, 1880, 1605, 1958]
INFORMACIÓN : 5levelsOrdered [2, 2, 3, 3, 3]
INFORMACIÓN : 5partialityOrdered [2, 2, 3, 3, 3]
INFORMACIÓN : 5arrivalTimes [17.132375798947084, 35.72627366927168, 78.21805305097051, 103.71315061893443, 111.32892372479834]
INFORMACIÓN : 6historia0[0.0, 0.0, 151.38811203480287, 0.0, 0.0, 735.3545480329497, 0.0, 0.0, 0.0, 0.0, 0.0, 0.0, 791.2174092217974, 0.0, 0.0, 0.0, 0.0, 0.0, 0.0, 791.2442775124817, 0.0, 0.0, 797.6417505013288, 0.0, 270.02274221538823, 0.0, 0.0, 0.0, 0.0, 0.0, 0.0, 790.720329879975, 0.0, 0.0, 0.0, 0.0, 0.0, 0.0, 0.0, 0.0, 0.0, 798.0816327240445, 85.52062610117218, 0.0, 0.0, 793.6049196772195, 0.0, 0.0, 0.0, 0.0, 0.0, 54.401060814796665, 0.0, 0.0, 0.0, 0.0, 0.0, 0.0, 0.0, 800.2552113309748, 0.0, 767.5693256485124, 0.0, 66.65880087901405, 0.0, 0.0, 0.0, 0.0, 0.0, 0.0, 787.163012710099, 0.0, 141.1827482303048, 0.0, 0.0, 0.0, 0.0, 0.0, 0.0, 0.0, 0.0, 0.0, 0.0, 0.0, 0.0, 376.5963718973792, 767.7429556852132, 0.0, 0.0, 0.0, 0.0, 0.0, 0.0, 292.79075773662726, 0.0, 178.1184908019626, 0.0, 0.0, 0.0, 748.382550045098, 0.0, 0.0, 0.0, 0.0, 784.9753309177371, 0.0, 0.0, 0.0, 0.0, 0.0, 0.0, 0.0, 0.0, 0.0, 0.0, 0.0, 0.0, 0.0, 0.0, 67.93879804346284, 266.812935365223, 0.0, 0.0, 0.0, 0.0, 0.0, 0.0, 0.0, 0.0, 62.8959021569334, 0.0, 146.43718083776298, 0.0, 0.0, 787.4739227856583, 0.0, 132.6073418181124, 107.51585223797551, 0.0, 0.0, 0.0, 0.0, 0.0, 0.0, 0.0, 0.0, 0.0, 0.0, 0.0, 0.0, 0.0, 0.0, 777.8618644316009, 0.0, 0.0, 0.0, 0.0, 0.0, 0.0, 257.89250142868013, 0.0, 802.8989162459366, 0.0, 376.5963718973792, 777.5983859935134, 0.0, 0.0, 0.0, 0.0]
INFORMACIÓN : 6apuestaBundle [791.2442775124817, 270.7924117692834, 257.4647563911934, 238.96916632663863, 169.3113534750474]
INFORMACIÓN : 6positionsBundle [1880, 1474, 1957, 35, 1281]
INFORMACIÓN : 6levelsBundle [3, 2, 2, 2, 1]
INFORMACIÓN : 6positionsOrdered [1281, 1880, 1474, 1957, 35]
INFORMACIÓN : 6levelsOrdered [1, 3, 2, 2, 2]
INFORMACIÓN : 6partialityOrdered [1, 3, 2, 2, 2]
INFORMACIÓN : 6arrivalTimes [23.71515243167823, 78.21805305097051, 88.21805305097051, 107.94113597428654, 155.95155151091774]
INFORMACIÓN : 7historia0[0.0, 0.0, 151.38811203480287, 0.0, 0.0, 735.3545480329497, 0.0, 0.0, 0.0, 0.0, 0.0, 0.0, 791.2174092217974, 0.0, 0.0, 0.0, 0.0, 0.0, 0.0, 791.2442775124817, 0.0, 0.0, 797.6417505013288, 0.0, 270.7924117692834, 0.0, 0.0, 0.0, 0.0, 0.0, 0.0, 790.720329879975, 0.0, 0.0, 0.0, 0.0, 0.0, 0.0, 0.0, 0.0, 0.0, 798.0816327240445, 0.0, 0.0, 169.3113534750474, 793.6049196772195, 0.0, 0.0, 0.0, 0.0, 0.0, 54.401060814796665, 0.0, 0.0, 0.0, 0.0, 0.0, 0.0, 0.0, 800.2552113309748, 0.0, 767.5693256485124, 0.0, 66.65880087901405, 0.0, 0.0, 0.0, 0.0, 0.0, 0.0, 787.163012710099, 0.0, 141.1827482303048, 0.0, 0.0, 0.0, 0.0, 0.0, 0.0, 0.0, 0.0, 0.0, 0.0, 0.0, 0.0, 0.0, 767.7429556852132, 0.0, 0.0, 0.0, 0.0, 0.0, 0.0, 292.79075773662726, 0.0, 178.1184908019626, 0.0, 0.0, 0.0, 748.382550045098, 0.0, 0.0, 0.0, 0.0, 784.9753309177371, 0.0, 0.0, 0.0, 0.0, 0.0, 0.0, 0.0, 0.0, 0.0, 238.96916632663863, 0.0, 0.0, 0.0, 0.0, 67.93879804346284, 266.812935365223, 0.0, 0.0, 0.0, 0.0, 0.0, 0.0, 0.0, 0.0, 62.8959021569334, 0.0, 146.43718083776298, 0.0, 0.0, 787.4739227856583, 0.0, 0.0, 0.0, 0.0, 0.0, 0.0, 0.0, 0.0, 0.0, 0.0, 0.0, 0.0, 0.0, 0.0, 0.0, 0.0, 0.0, 777.8618644316009, 0.0, 257.4647563911934, 0.0, 0.0, 0.0, 0.0, 257.89250142868013, 60.78930569362058, 802.8989162459366, 0.0, 0.0, 777.5983859935134, 0.0, 0.0, 0.0, 0.0]
INFORMACIÓN : 7apuestaBundle [791.2442775124817, 270.7924117692834, 257.4647563911934, 238.96916632663863, 169.3113534750474]
INFORMACIÓN : 7positionsBundle [1880, 1474, 1957, 35, 1281]
INFORMACIÓN : 7levelsBundle [3, 2, 2, 2, 1]
INFORMACIÓN : 7positionsOrdered [1281, 1880, 1474, 1957, 35]
INFORMACIÓN : 7levelsOrdered [1, 3, 2, 2, 2]
INFORMACIÓN : 7partialityOrdered [1, 3, 2, 2, 2]
INFORMACIÓN : 7arrivalTimes [23.71515243167823, 78.21805305097051, 88.21805305097051, 107.94113597428654, 155.95155151091774]
INFORMACIÓN : 8historia0[0.0, 0.0, 151.38811203480287, 0.0, 0.0, 735.3545480329497, 0.0, 0.0, 0.0, 0.0, 0.0, 0.0, 791.2174092217974, 0.0, 0.0, 0.0, 0.0, 0.0, 0.0, 791.2442775124817, 0.0, 0.0, 797.6417505013288, 0.0, 270.7924117692834, 0.0, 0.0, 0.0, 0.0, 0.0, 0.0, 790.720329879975, 0.0, 0.0, 0.0, 0.0, 0.0, 0.0, 0.0, 0.0, 0.0, 798.0816327240445, 0.0, 0.0, 0.0, 793.6049196772195, 0.0, 0.0, 0.0, 0.0, 0.0, 0.0, 0.0, 0.0, 0.0, 0.0, 0.0, 0.0, 0.0, 800.2552113309748, 0.0, 767.5693256485124, 0.0, 66.65880087901405, 0.0, 0.0, 0.0, 0.0, 0.0, 0.0, 787.163012710099, 0.0, 141.1827482303048, 0.0, 0.0, 0.0, 0.0, 0.0, 0.0, 0.0, 0.0, 0.0, 0.0, 0.0, 0.0, 0.0, 0.0, 0.0, 0.0, 0.0, 0.0, 0.0, 0.0, 292.79075773662726, 0.0, 178.1184908019626, 0.0, 0.0, 0.0, 748.382550045098, 0.0, 0.0, 0.0, 0.0, 784.9753309177371, 0.0, 0.0, 0.0, 0.0, 0.0, 0.0, 0.0, 0.0, 0.0, 0.0, 0.0, 0.0, 0.0, 0.0, 0.0, 266.812935365223, 0.0, 784.6389798595313, 0.0, 0.0, 0.0, 0.0, 0.0, 779.9618629625589, 0.0, 0.0, 146.43718083776298, 0.0, 0.0, 787.4739227856583, 0.0, 0.0, 0.0, 0.0, 0.0, 0.0, 0.0, 0.0, 0.0, 0.0, 0.0, 0.0, 0.0, 0.0, 0.0, 0.0, 77.04798041459841, 0.0, 0.0, 262.0584160204544, 0.0, 0.0, 0.0, 48.03215947360719, 257.89250142868013, 0.0, 802.8989162459366, 0.0, 0.0, 777.5983859935134, 0.0, 0.0, 47.11613756894394, 0.0]
INFORMACIÓN : 8apuestaBundle [791.2442775124817, 270.7924117692834, 360.49522932212005, 360.49522932212005, 353.46921023244283, 353.46921023244283]
INFORMACIÓN : 8positionsBundle [1880, 1474, 1958, 1958, 1605, 1605]
INFORMACIÓN : 8levelsBundle [3, 2, 2, 2, 2, 2]
INFORMACIÓN : 8positionsOrdered [1880, 1474, 1958, 1958, 1605, 1605]
INFORMACIÓN : 8levelsOrdered [3, 2, 2, 2, 2, 2]
INFORMACIÓN : 8partialityOrdered [3, 2, 3, 3, 3, 3]
INFORMACIÓN : 8arrivalTimes [78.21805305097051, 88.21805305097051, 107.08601531508371, 107.08601531508371, 114.70178842094762, 114.70178842094762]
INFORMACIÓN : mutexSat position 1958 level 2
INFORMACIÓN : mutexSat position 1605 level 2
INFORMACIÓN : 9historia0[0.0, 0.0, 151.38811203480287, 0.0, 0.0, 735.3545480329497, 0.0, 0.0, 0.0, 0.0, 0.0, 0.0, 791.2174092217974, 0.0, 0.0, 0.0, 0.0, 0.0, 0.0, 791.2442775124817, 0.0, 0.0, 797.6417505013288, 0.0, 293.68575308997004, 0.0, 0.0, 0.0, 0.0, 0.0, 0.0, 790.720329879975, 0.0, 0.0, 0.0, 0.0, 0.0, 0.0, 0.0, 0.0, 0.0, 798.0816327240445, 0.0, 0.0, 0.0, 793.6049196772195, 0.0, 0.0, 0.0, 0.0, 0.0, 0.0, 338.42273423022493, 0.0, 338.42273423022493, 0.0, 0.0, 0.0, 0.0, 800.2552113309748, 0.0, 767.5693256485124, 0.0, 66.65880087901405, 0.0, 0.0, 0.0, 163.9185075649375, 0.0, 165.5494498750354, 787.163012710099, 0.0, 141.1827482303048, 0.0, 0.0, 0.0, 0.0, 255.1474874080318, 0.0, 0.0, 0.0, 0.0, 0.0, 0.0, 0.0, 0.0, 0.0, 0.0, 0.0, 0.0, 0.0, 0.0, 0.0, 292.79075773662726, 0.0, 178.1184908019626, 0.0, 0.0, 0.0, 748.382550045098, 0.0, 0.0, 0.0, 0.0, 784.9753309177371, 0.0, 0.0, 0.0, 0.0, 0.0, 0.0, 343.32797453152784, 0.0, 0.0, 244.824105897967, 0.0, 0.0, 0.0, 0.0, 0.0, 266.812935365223, 0.0, 0.0, 0.0, 0.0, 0.0, 0.0, 0.0, 0.0, 0.0, 0.0, 146.43718083776298, 0.0, 0.0, 787.4739227856583, 0.0, 0.0, 0.0, 0.0, 343.32797453152784, 0.0, 0.0, 0.0, 0.0, 0.0, 0.0, 0.0, 0.0, 0.0, 0.0, 0.0, 77.04798041459841, 0.0, 0.0, 0.0, 0.0, 0.0, 0.0, 48.03215947360719, 257.89250142868013, 0.0, 802.8989162459366, 0.0, 0.0, 777.5983859935134, 0.0, 0.0, 0.0, 0.0]
INFORMACIÓN : 9apuestaBundle [791.2442775124817, 764.1334020374926, 757.4167684524956, 285.4518582625372, 280.08860310417566]
INFORMACIÓN : 9positionsBundle [1880, 1958, 1605, 1785, 1538]
INFORMACIÓN : 9levelsBundle [3, 3, 3, 2, 2]
INFORMACIÓN : 9positionsOrdered [1538, 1785, 1880, 1958, 1605]
INFORMACIÓN : 9levelsOrdered [2, 2, 3, 3, 3]
INFORMACIÓN : 9partialityOrdered [2, 2, 3, 3, 3]
INFORMACIÓN : 9arrivalTimes [17.132375798947084, 35.72627366927168, 78.21805305097051, 100.30877508534503, 107.92454819120894]
INFORMACIÓN : 10historia0[0.0, 0.0, 151.38811203480287, 0.0, 0.0, 735.3545480329497, 0.0, 0.0, 0.0, 0.0, 0.0, 0.0, 791.2174092217974, 0.0, 0.0, 0.0, 0.0, 0.0, 0.0, 791.2442775124817, 0.0, 0.0, 797.6417505013288, 0.0, 293.68575308997004, 0.0, 0.0, 0.0, 285.4518582625372, 0.0, 0.0, 790.720329879975, 0.0, 0.0, 0.0, 0.0, 0.0, 0.0, 0.0, 0.0, 0.0, 798.0816327240445, 0.0, 0.0, 0.0, 793.6049196772195, 0.0, 0.0, 0.0, 0.0, 0.0, 0.0, 338.42273423022493, 0.0, 338.42273423022493, 0.0, 0.0, 0.0, 0.0, 800.2552113309748, 0.0, 767.5693256485124, 0.0, 66.65880087901405, 0.0, 0.0, 0.0, 0.0, 0.0, 0.0, 787.163012710099, 0.0, 141.1827482303048, 378.21265260839607, 0.0, 0.0, 0.0, 0.0, 0.0, 0.0, 0.0, 0.0, 0.0, 0.0, 0.0, 0.0, 764.1334020374926, 0.0, 0.0, 0.0, 0.0, 0.0, 0.0, 292.79075773662726, 0.0, 178.1184908019626, 0.0, 0.0, 0.0, 748.382550045098, 280.08860310417566, 0.0, 0.0, 0.0, 784.9753309177371, 0.0, 0.0, 0.0, 0.0, 0.0, 0.0, 343.32797453152784, 0.0, 0.0, 237.5671245890196, 0.0, 39.844777746588534, 0.0, 39.844777746588534, 0.0, 266.812935365223, 0.0, 0.0, 352.6948715105334, 0.0, 0.0, 0.0, 0.0, 0.0, 0.0, 0.0, 146.43718083776298, 0.0, 0.0, 787.4739227856583, 0.0, 0.0, 0.0, 0.0, 343.32797453152784, 0.0, 0.0, 0.0, 0.0, 0.0, 0.0, 0.0, 0.0, 0.0, 0.0, 0.0, 77.04798041459841, 757.4167684524956, 0.0, 262.0584160204544, 0.0, 0.0, 0.0, 48.03215947360719, 257.89250142868013, 0.0, 802.8989162459366, 0.0, 0.0, 777.5983859935134, 0.0, 0.0, 0.0, 0.0]
INFORMACIÓN : 10apuestaBundle [791.2442775124817, 764.1334020374926, 757.4167684524956, 285.4518582625372, 280.08860310417566]
INFORMACIÓN : 10positionsBundle [1880, 1958, 1605, 1785, 1538]
INFORMACIÓN : 10levelsBundle [3, 3, 3, 2, 2]
INFORMACIÓN : 10positionsOrdered [1538, 1785, 1880, 1958, 1605]
INFORMACIÓN : 10levelsOrdered [2, 2, 3, 3, 3]
INFORMACIÓN : 10partialityOrdered [2, 2, 3, 3, 3]
INFORMACIÓN : 10arrivalTimes [17.132375798947084, 35.72627366927168, 78.21805305097051, 100.30877508534503, 107.92454819120894]
INFORMACIÓN : 11historia0[0.0, 0.0, 151.38811203480287, 0.0, 0.0, 735.4356441728637, 0.0, 0.0, 349.8753468437437, 0.0, 0.0, 0.0, 791.2174092217974, 0.0, 0.0, 0.0, 0.0, 0.0, 0.0, 791.2442775124817, 0.0, 0.0, 797.6417505013288, 0.0, 293.68575308997004, 0.0, 0.0, 0.0, 0.0, 349.8753468437437, 0.0, 791.5099212575944, 0.0, 0.0, 0.0, 0.0, 0.0, 0.0, 0.0, 0.0, 0.0, 798.0816327240445, 0.0, 0.0, 0.0, 793.6049196772195, 0.0, 0.0, 0.0, 0.0, 0.0, 0.0, 0.0, 0.0, 0.0, 0.0, 0.0, 0.0, 0.0, 800.2552113309748, 0.0, 767.5693256485124, 0.0, 66.65880087901405, 0.0, 0.0, 0.0, 0.0, 0.0, 165.5494498750354, 787.163012710099, 0.0, 141.1827482303048, 0.0, 0.0, 0.0, 0.0, 255.1474874080318, 0.0, 0.0, 0.0, 0.0, 0.0, 0.0, 0.0, 0.0, 767.7429556852132, 0.0, 0.0, 0.0, 0.0, 0.0, 0.0, 278.79720215055363, 0.0, 178.1184908019626, 0.0, 0.0, 367.0345980897746, 748.382550045098, 0.0, 0.0, 0.0, 0.0, 784.9753309177371, 0.0, 0.0, 0.0, 0.0, 0.0, 0.0, 0.0, 0.0, 56.30055545475625, 0.0, 0.0, 39.844777746588534, 0.0, 39.844777746588534, 0.0, 266.812935365223, 0.0, 0.0, 0.0, 0.0, 0.0, 0.0, 0.0, 0.0, 0.0, 0.0, 146.43718083776298, 0.0, 0.0, 787.4739227856583, 265.32103252439197, 0.0, 0.0, 0.0, 0.0, 0.0, 0.0, 0.0, 0.0, 0.0, 0.0, 0.0, 0.0, 0.0, 0.0, 367.0345980897746, 77.04798041459841, 777.8618644316009, 0.0, 0.0, 0.0, 0.0, 0.0, 0.0, 0.0, 0.0, 802.8989162459366, 0.0, 0.0, 777.6794619601558, 0.0, 0.0, 0.0, 0.0]
INFORMACIÓN : 11apuestaBundle [791.2442775124817, 257.4647563911934, 238.96916632663863, 169.3113534750474, 160.73859219440047]
INFORMACIÓN : 11positionsBundle [1880, 1957, 35, 1281, 1515]
INFORMACIÓN : 11levelsBundle [3, 2, 2, 1, 1]
INFORMACIÓN : 11positionsOrdered [1281, 1515, 1880, 1957, 35]
INFORMACIÓN : 11levelsOrdered [1, 1, 3, 2, 2]
INFORMACIÓN : 11partialityOrdered [1, 1, 3, 2, 2]
INFORMACIÓN : 11arrivalTimes [23.71515243167823, 40.47820704591844, 78.21805305097051, 101.30484581220091, 149.3152613488321]
INFORMACIÓN : 12historia0[0.0, 0.0, 151.38811203480287, 0.0, 0.0, 735.4356441728637, 0.0, 0.0, 0.0, 0.0, 0.0, 0.0, 791.2174092217974, 0.0, 0.0, 0.0, 0.0, 0.0, 0.0, 791.2442775124817, 0.0, 0.0, 797.6417505013288, 0.0, 293.68575308997004, 0.0, 0.0, 0.0, 0.0, 0.0, 0.0, 791.5099212575944, 0.0, 0.0, 0.0, 0.0, 0.0, 0.0, 0.0, 0.0, 0.0, 798.0816327240445, 0.0, 0.0, 0.0, 793.6049196772195, 0.0, 0.0, 0.0, 0.0, 0.0, 0.0, 0.0, 0.0, 0.0, 0.0, 0.0, 0.0, 0.0, 800.2552113309748, 0.0, 767.5693256485124, 0.0, 66.65880087901405, 0.0, 0.0, 0.0, 0.0, 0.0, 0.0, 0.0, 0.0, 141.1827482303048, 0.0, 0.0, 0.0, 0.0, 0.0, 0.0, 0.0, 0.0, 0.0, 0.0, 0.0, 0.0, 376.5963718973792, 767.7429556852132, 0.0, 0.0, 0.0, 0.0, 0.0, 0.0, 278.79720215055363, 0.0, 178.1184908019626, 740.462600369503, 0.0, 0.0, 748.382550045098, 259.55615507759694, 0.0, 0.0, 0.0, 784.9753309177371, 0.0, 0.0, 0.0, 0.0, 0.0, 0.0, 0.0, 0.0, 0.0, 244.824105897967, 0.0, 39.844777746588534, 0.0, 39.844777746588534, 0.0, 0.0, 0.0, 0.0, 0.0, 0.0, 0.0, 741.7600596086465, 0.0, 0.0, 0.0, 0.0, 146.43718083776298, 0.0, 0.0, 787.4739227856583, 265.32103252439197, 0.0, 107.51585223797551, 0.0, 0.0, 0.0, 0.0, 0.0, 0.0, 0.0, 0.0, 0.0, 0.0, 0.0, 0.0, 0.0, 77.04798041459841, 777.8618644316009, 0.0, 257.4647563911934, 0.0, 0.0, 0.0, 0.0, 0.0, 0.0, 802.8989162459366, 0.0, 376.5963718973792, 777.6794619601558, 0.0, 0.0, 0.0, 0.0]
INFORMACIÓN : 12apuestaBundle [791.2442775124817, 257.4647563911934, 362.5007202230772, 362.5007202230772, 164.27812227177654, 144.60846635504458]
INFORMACIÓN : 12positionsBundle [1880, 1957, 881, 881, 1420, 549]
INFORMACIÓN : 12levelsBundle [3, 2, 2, 2, 1, 3]
INFORMACIÓN : 12positionsOrdered [1880, 1957, 881, 881, 1420, 549]
INFORMACIÓN : 12levelsOrdered [3, 2, 2, 2, 1, 3]
INFORMACIÓN : 12partialityOrdered [3, 2, 3, 3, 1, 3]
INFORMACIÓN : 12arrivalTimes [78.21805305097051, 101.30484581220091, 133.86248700440032, 133.86248700440032, 149.41883619050438, 183.5509325222564]
INFORMACIÓN : 13historia0[0.0, 0.0, 151.38811203480287, 0.0, 0.0, 735.4356441728637, 0.0, 0.0, 0.0, 0.0, 0.0, 0.0, 791.2174092217974, 0.0, 0.0, 0.0, 0.0, 0.0, 0.0, 791.2442775124817, 0.0, 0.0, 797.6417505013288, 0.0, 293.68575308997004, 0.0, 0.0, 0.0, 0.0, 0.0, 0.0, 791.5099212575944, 0.0, 0.0, 0.0, 0.0, 0.0, 0.0, 0.0, 0.0, 0.0, 798.0816327240445, 0.0, 0.0, 0.0, 793.6049196772195, 0.0, 0.0, 0.0, 0.0, 0.0, 0.0, 0.0, 0.0, 0.0, 0.0, 0.0, 0.0, 0.0, 800.2552113309748, 0.0, 767.5693256485124, 0.0, 66.65880087901405, 0.0, 0.0, 0.0, 163.9185075649375, 0.0, 165.5494498750354, 0.0, 0.0, 141.1827482303048, 0.0, 0.0, 0.0, 0.0, 0.0, 0.0, 0.0, 0.0, 0.0, 0.0, 0.0, 0.0, 0.0, 0.0, 0.0, 0.0, 0.0, 0.0, 0.0, 0.0, 278.79720215055363, 0.0, 178.1184908019626, 740.462600369503, 0.0, 0.0, 748.382550045098, 259.55615507759694, 0.0, 0.0, 0.0, 784.9753309177371, 0.0, 0.0, 0.0, 0.0, 0.0, 0.0, 0.0, 0.0, 0.0, 244.824105897967, 0.0, 0.0, 0.0, 0.0, 0.0, 0.0, 0.0, 0.0, 0.0, 0.0, 0.0, 741.7600596086465, 0.0, 0.0, 0.0, 0.0, 146.43718083776298, 0.0, 0.0, 787.4739227856583, 265.32103252439197, 0.0, 107.51585223797551, 0.0, 0.0, 0.0, 0.0, 0.0, 0.0, 0.0, 0.0, 0.0, 0.0, 0.0, 0.0, 0.0, 77.04798041459841, 0.0, 0.0, 262.0584160204544, 0.0, 0.0, 0.0, 0.0, 0.0, 0.0, 802.8989162459366, 0.0, 0.0, 777.6794619601558, 0.0, 0.0, 0.0, 0.0]
INFORMACIÓN : 13apuestaBundle [791.2442775124817, 285.4518582625372, 280.08860310417566, 169.3113534750474, 144.60846635504458]
INFORMACIÓN : 13positionsBundle [1880, 1785, 1538, 1281, 549]
INFORMACIÓN : 13levelsBundle [3, 2, 2, 1, 3]
INFORMACIÓN : 13positionsOrdered [1785, 1538, 1281, 1880, 549]
INFORMACIÓN : 13levelsOrdered [2, 2, 1, 3, 3]
INFORMACIÓN : 13partialityOrdered [2, 2, 1, 3, 3]
INFORMACIÓN : 13arrivalTimes [12.944897156879989, 18.775849051725288, 27.378174318767915, 78.21805305097051, 111.23320108940887]
INFORMACIÓN : 14historia0[0.0, 0.0, 151.38811203480287, 0.0, 0.0, 735.4356441728637, 0.0, 373.13161004550034, 0.0, 338.08851948257234, 0.0, 0.0, 791.2174092217974, 0.0, 0.0, 0.0, 0.0, 0.0, 0.0, 791.2442775124817, 0.0, 0.0, 797.6417505013288, 0.0, 293.68575308997004, 0.0, 0.0, 0.0, 285.4518582625372, 0.0, 0.0, 791.5099212575944, 0.0, 0.0, 0.0, 0.0, 0.0, 0.0, 0.0, 0.0, 0.0, 798.0816327240445, 0.0, 0.0, 169.3113534750474, 793.6049196772195, 0.0, 144.60846635504458, 0.0, 0.0, 0.0, 0.0, 338.42273423022493, 0.0, 338.42273423022493, 0.0, 374.79610032472124, 64.01699919212635, 0.0, 800.2552113309748, 0.0, 767.5693256485124, 0.0, 66.65880087901405, 0.0, 0.0, 0.0, 163.9185075649375, 0.0, 165.5494498750354, 0.0, 0.0, 141.1827482303048, 0.0, 0.0, 0.0, 0.0, 0.0, 0.0, 0.0, 0.0, 0.0, 0.0, 0.0, 0.0, 0.0, 0.0, 0.0, 0.0, 0.0, 0.0, 0.0, 0.0, 278.79720215055363, 0.0, 178.1184908019626, 0.0, 0.0, 0.0, 748.382550045098, 280.08860310417566, 0.0, 0.0, 0.0, 784.9753309177371, 0.0, 0.0, 0.0, 0.0, 0.0, 0.0, 343.32797453152784, 0.0, 0.0, 244.824105897967, 0.0, 0.0, 0.0, 0.0, 0.0, 0.0, 0.0, 0.0, 0.0, 0.0, 0.0, 0.0, 0.0, 0.0, 0.0, 0.0, 146.43718083776298, 0.0, 0.0, 787.4739227856583, 265.32103252439197, 0.0, 0.0, 0.0, 0.0, 0.0, 0.0, 0.0, 0.0, 0.0, 338.08851948257234, 0.0, 0.0, 0.0, 0.0, 0.0, 77.04798041459841, 0.0, 0.0, 262.0584160204544, 0.0, 0.0, 0.0, 0.0, 0.0, 0.0, 802.8989162459366, 0.0, 0.0, 777.6794619601558, 0.0, 379.7634056370072, 0.0, 0.0]
INFORMACIÓN : 14apuestaBundle [791.2442775124817, 285.4518582625372, 280.08860310417566, 169.3113534750474, 144.60846635504458]
INFORMACIÓN : 14positionsBundle [1880, 1785, 1538, 1281, 549]
INFORMACIÓN : 14levelsBundle [3, 2, 2, 1, 3]
INFORMACIÓN : 14positionsOrdered [1785, 1538, 1281, 1880, 549]
INFORMACIÓN : 14levelsOrdered [2, 2, 1, 3, 3]
INFORMACIÓN : 14partialityOrdered [2, 2, 1, 3, 3]
INFORMACIÓN : 14arrivalTimes [12.944897156879989, 18.775849051725288, 27.378174318767915, 78.21805305097051, 111.23320108940887]
INFORMACIÓN : 15historia0[0.0, 0.0, 151.38811203480287, 0.0, 0.0, 735.4356441728637, 0.0, 373.13161004550034, 0.0, 0.0, 0.0, 0.0, 791.2174092217974, 0.0, 0.0, 0.0, 0.0, 0.0, 0.0, 791.2442775124817, 0.0, 0.0, 797.6417505013288, 0.0, 0.0, 0.0, 0.0, 0.0, 285.4518582625372, 0.0, 0.0, 791.5099212575944, 0.0, 0.0, 0.0, 0.0, 0.0, 0.0, 0.0, 0.0, 0.0, 798.0816327240445, 0.0, 0.0, 177.16709488946788, 793.6049196772195, 0.0, 0.0, 0.0, 0.0, 0.0, 0.0, 338.42273423022493, 0.0, 338.42273423022493, 0.0, 373.13161004550034, 64.01699919212635, 0.0, 800.2552113309748, 0.0, 767.5693256485124, 0.0, 66.65880087901405, 0.0, 0.0, 0.0, 0.0, 0.0, 0.0, 0.0, 0.0, 141.1827482303048, 367.35173122583797, 0.0, 0.0, 0.0, 0.0, 0.0, 0.0, 0.0, 0.0, 0.0, 0.0, 0.0, 0.0, 0.0, 0.0, 0.0, 0.0, 0.0, 0.0, 0.0, 278.79720215055363, 0.0, 178.1184908019626, 0.0, 0.0, 0.0, 748.382550045098, 0.0, 0.0, 0.0, 0.0, 784.9753309177371, 0.0, 245.45398366846527, 0.0, 0.0, 0.0, 0.0, 343.32797453152784, 0.0, 0.0, 0.0, 0.0, 0.0, 0.0, 0.0, 0.0, 0.0, 0.0, 0.0, 0.0, 0.0, 0.0, 0.0, 0.0, 0.0, 0.0, 0.0, 146.43718083776298, 0.0, 0.0, 787.4739227856583, 265.32103252439197, 0.0, 0.0, 0.0, 399.66597271408295, 0.0, 0.0, 0.0, 0.0, 0.0, 0.0, 0.0, 0.0, 0.0, 0.0, 0.0, 77.04798041459841, 0.0, 0.0, 262.0584160204544, 0.0, 0.0, 0.0, 0.0, 0.0, 0.0, 802.8989162459366, 0.0, 0.0, 777.6794619601558, 0.0, 379.7634056370072, 0.0, 0.0]
INFORMACIÓN : 15apuestaBundle [791.2442775124817, 285.4518582625372, 270.7924117692834, 164.27812227177654, 160.73859219440047]
INFORMACIÓN : 15positionsBundle [1880, 1785, 1474, 1420, 1515]
INFORMACIÓN : 15levelsBundle [3, 2, 2, 1, 1]
INFORMACIÓN : 15positionsOrdered [1785, 1880, 1474, 1420, 1515]
INFORMACIÓN : 15levelsOrdered [2, 3, 2, 1, 1]
INFORMACIÓN : 15partialityOrdered [2, 3, 2, 1, 1]
INFORMACIÓN : 15arrivalTimes [12.944897156879989, 78.21805305097051, 88.21805305097051, 92.34115867658817, 97.72632348372267]
INFORMACIÓN : 16historia0[0.0, 0.0, 151.38811203480287, 0.0, 0.0, 735.4356441728637, 0.0, 373.13161004550034, 0.0, 0.0, 0.0, 0.0, 791.2174092217974, 0.0, 0.0, 0.0, 0.0, 0.0, 0.0, 791.2442775124817, 0.0, 0.0, 797.6417505013288, 0.0, 270.7924117692834, 0.0, 0.0, 0.0, 285.4518582625372, 0.0, 0.0, 791.5099212575944, 0.0, 0.0, 0.0, 0.0, 0.0, 0.0, 0.0, 0.0, 0.0, 798.0816327240445, 89.69033970997509, 0.0, 177.16709488946788, 793.6049196772195, 0.0, 139.32237807627803, 0.0, 0.0, 0.0, 0.0, 0.0, 0.0, 0.0, 0.0, 373.13161004550034, 0.0, 0.0, 800.2552113309748, 0.0, 767.5693256485124, 0.0, 66.65880087901405, 0.0, 0.0, 0.0, 163.9185075649375, 0.0, 165.5494498750354, 0.0, 0.0, 141.1827482303048, 367.35173122583797, 0.0, 0.0, 0.0, 0.0, 0.0, 0.0, 0.0, 0.0, 0.0, 0.0, 0.0, 0.0, 0.0, 0.0, 0.0, 0.0, 0.0, 0.0, 0.0, 278.79720215055363, 0.0, 178.1184908019626, 0.0, 0.0, 0.0, 748.382550045098, 0.0, 0.0, 0.0, 0.0, 784.9753309177371, 0.0, 245.45398366846527, 0.0, 0.0, 0.0, 0.0, 343.32797453152784, 0.0, 0.0, 0.0, 0.0, 0.0, 0.0, 0.0, 0.0, 0.0, 0.0, 0.0, 352.6948715105334, 0.0, 0.0, 0.0, 0.0, 0.0, 0.0, 0.0, 146.43718083776298, 0.0, 0.0, 787.4739227856583, 265.32103252439197, 0.0, 0.0, 0.0, 0.0, 0.0, 0.0, 0.0, 0.0, 0.0, 0.0, 0.0, 0.0, 0.0, 0.0, 0.0, 77.04798041459841, 0.0, 0.0, 262.0584160204544, 0.0, 0.0, 0.0, 0.0, 0.0, 0.0, 802.8989162459366, 363.00146700053347, 0.0, 777.6794619601558, 0.0, 379.7634056370072, 0.0, 0.0]
INFORMACIÓN : 16apuestaBundle [791.2442775124817, 285.4518582625372, 270.7924117692834, 76.35631143604184, 74.18681762378193]
INFORMACIÓN : 16positionsBundle [1880, 1785, 1474, 1538, 2371]
INFORMACIÓN : 16levelsBundle [3, 2, 2, 1, 2]
INFORMACIÓN : 16positionsOrdered [1785, 1538, 1880, 1474, 2371]
INFORMACIÓN : 16levelsOrdered [2, 1, 3, 2, 2]
INFORMACIÓN : 16partialityOrdered [2, 2, 3, 2, 2]
INFORMACIÓN : 16arrivalTimes [12.944897156879989, 18.775849051725288, 78.21805305097051, 88.21805305097051, 106.46634064186517]
INFORMACIÓN : mutexSat position 1538 level 1
INFORMACIÓN : 17historia0[0.0, 759.385963220983, 151.38811203480287, 0.0, 0.0, 748.5821476431054, 0.0, 373.13161004550034, 360.98957201538155, 0.0, 0.0, 0.0, 791.2174092217974, 0.0, 0.0, 0.0, 764.9809591174339, 0.0, 0.0, 791.2442775124817, 0.0, 0.0, 797.6417505013288, 0.0, 270.7924117692834, 0.0, 0.0, 0.0, 285.4518582625372, 360.98957201538155, 0.0, 0.0, 0.0, 0.0, 0.0, 0.0, 0.0, 0.0, 0.0, 0.0, 0.0, 798.0816327240445, 0.0, 0.0, 0.0, 793.6049196772195, 0.0, 0.0, 0.0, 0.0, 0.0, 0.0, 0.0, 0.0, 0.0, 0.0, 373.13161004550034, 0.0, 0.0, 800.2552113309748, 0.0, 767.5693256485124, 0.0, 66.65880087901405, 0.0, 0.0, 0.0, 163.9185075649375, 0.0, 165.5494498750354, 0.0, 0.0, 141.1827482303048, 0.0, 0.0, 0.0, 0.0, 0.0, 0.0, 0.0, 0.0, 0.0, 0.0, 0.0, 0.0, 0.0, 784.3901931641734, 0.0, 0.0, 0.0, 0.0, 0.0, 0.0, 0.0, 0.0, 178.1184908019626, 0.0, 0.0, 383.9851255608622, 748.382550045098, 249.0781050957164, 0.0, 0.0, 0.0, 784.9753309177371, 0.0, 245.45398366846527, 0.0, 0.0, 0.0, 0.0, 343.32797453152784, 0.0, 56.30055545475625, 0.0, 0.0, 0.0, 0.0, 39.844777746588534, 0.0, 0.0, 0.0, 0.0, 0.0, 0.0, 0.0, 0.0, 0.0, 782.2883400723763, 0.0, 0.0, 146.43718083776298, 0.0, 0.0, 787.4739227856583, 0.0, 0.0, 0.0, 0.0, 0.0, 0.0, 0.0, 0.0, 0.0, 0.0, 0.0, 0.0, 0.0, 0.0, 0.0, 383.9851255608622, 77.04798041459841, 788.8097087880427, 0.0, 262.0584160204544, 0.0, 0.0, 0.0, 0.0, 0.0, 0.0, 802.8989162459366, 363.00146700053347, 0.0, 777.6794619601558, 0.0, 379.7634056370072, 0.0, 0.0]
INFORMACIÓN : 17apuestaBundle [791.2442775124817, 285.4518582625372, 270.7924117692834, 54.826962843824575, 43.60006138006452]
INFORMACIÓN : 17positionsBundle [1880, 1785, 1474, 737, 549]
INFORMACIÓN : 17levelsBundle [3, 2, 2, 1, 2]
INFORMACIÓN : 17positionsOrdered [1785, 1880, 1474, 737, 549]
INFORMACIÓN : 17levelsOrdered [2, 3, 2, 1, 2]
INFORMACIÓN : 17partialityOrdered [2, 3, 2, 2, 3]
INFORMACIÓN : 17arrivalTimes [12.944897156879989, 78.21805305097051, 88.21805305097051, 108.06748629224973, 120.71659693292324]
INFORMACIÓN : 18historia0[0.0, 759.385963220983, 151.38811203480287, 0.0, 0.0, 748.5821476431054, 0.0, 373.13161004550034, 0.0, 0.0, 0.0, 0.0, 791.2174092217974, 0.0, 0.0, 0.0, 764.9809591174339, 0.0, 0.0, 791.2442775124817, 0.0, 0.0, 797.6417505013288, 0.0, 293.68575308997004, 0.0, 0.0, 0.0, 285.4518582625372, 364.5356483785896, 0.0, 0.0, 0.0, 0.0, 0.0, 0.0, 0.0, 0.0, 0.0, 0.0, 0.0, 798.0816327240445, 0.0, 0.0, 161.96310098846106, 793.6049196772195, 0.0, 0.0, 0.0, 0.0, 0.0, 0.0, 0.0, 0.0, 0.0, 0.0, 373.13161004550034, 0.0, 0.0, 800.2552113309748, 0.0, 767.5693256485124, 0.0, 66.65880087901405, 0.0, 0.0, 0.0, 163.9185075649375, 0.0, 165.5494498750354, 0.0, 0.0, 141.1827482303048, 0.0, 0.0, 0.0, 0.0, 0.0, 0.0, 0.0, 0.0, 0.0, 0.0, 0.0, 0.0, 376.5963718973792, 0.0, 0.0, 0.0, 0.0, 0.0, 759.7226579574725, 0.0, 0.0, 0.0, 178.1184908019626, 0.0, 0.0, 0.0, 0.0, 0.0, 0.0, 0.0, 0.0, 784.9753309177371, 0.0, 0.0, 0.0, 0.0, 0.0, 270.0857537102638, 0.0, 0.0, 0.0, 0.0, 0.0, 0.0, 0.0, 0.0, 0.0, 0.0, 0.0, 784.6670883063954, 0.0, 0.0, 0.0, 0.0, 0.0, 0.0, 0.0, 0.0, 146.43718083776298, 0.0, 0.0, 787.4739227856583, 0.0, 0.0, 0.0, 0.0, 0.0, 0.0, 0.0, 0.0, 0.0, 0.0, 0.0, 0.0, 0.0, 0.0, 0.0, 383.9851255608622, 77.04798041459841, 0.0, 0.0, 262.0584160204544, 0.0, 0.0, 0.0, 0.0, 0.0, 0.0, 802.8989162459366, 0.0, 376.5963718973792, 777.6794619601558, 0.0, 379.553963760105, 0.0, 0.0]
INFORMACIÓN : 18apuestaBundle [791.2442775124817, 285.4518582625372, 144.60846635504458, 35.8501941967712, 6.287018973708857]
INFORMACIÓN : 18positionsBundle [1880, 1785, 549, 35, 2371]
INFORMACIÓN : 18levelsBundle [3, 2, 3, 1, 1]
INFORMACIÓN : 18positionsOrdered [1785, 1880, 549, 35, 2371]
INFORMACIÓN : 18levelsOrdered [2, 3, 3, 1, 1]
INFORMACIÓN : 18partialityOrdered [2, 3, 3, 2, 2]
INFORMACIÓN : 18arrivalTimes [12.944897156879989, 78.21805305097051, 111.23320108940887, 128.4378516234941, 128.4378516234941]
INFORMACIÓN : depSat position 1785 level 2
INFORMACIÓN : mutexSat position 35 level 1
INFORMACIÓN : 19historia0[0.0, 759.385963220983, 151.38811203480287, 0.0, 0.0, 748.5821476431054, 0.0, 373.13161004550034, 0.0, 0.0, 0.0, 0.0, 791.2174092217974, 0.0, 0.0, 0.0, 764.9809591174339, 0.0, 0.0, 791.2442775124817, 0.0, 0.0, 797.6417505013288, 0.0, 0.0, 0.0, 0.0, 0.0, 0.0, 0.0, 0.0, 0.0, 0.0, 0.0, 0.0, 0.0, 0.0, 0.0, 0.0, 0.0, 0.0, 798.0816327240445, 0.0, 0.0, 161.96310098846106, 793.6049196772195, 0.0, 0.0, 0.0, 0.0, 0.0, 51.9588266653775, 0.0, 0.0, 0.0, 0.0, 373.13161004550034, 0.0, 0.0, 800.2552113309748, 0.0, 767.5693256485124, 0.0, 66.65880087901405, 0.0, 0.0, 0.0, 163.9185075649375, 0.0, 165.5494498750354, 0.0, 0.0, 141.1827482303048, 0.0, 0.0, 0.0, 0.0, 0.0, 0.0, 0.0, 0.0, 0.0, 0.0, 0.0, 0.0, 0.0, 0.0, 0.0, 0.0, 0.0, 0.0, 759.7226579574725, 0.0, 0.0, 0.0, 178.1184908019626, 0.0, 0.0, 0.0, 0.0, 267.5877060090337, 0.0, 0.0, 0.0, 784.9753309177371, 0.0, 0.0, 0.0, 863.6930485122198, 0.0, 270.0857537102638, 0.0, 0.0, 0.0, 258.7472175610178, 0.0, 0.0, 0.0, 0.0, 0.0, 0.0, 0.0, 784.6670883063954, 0.0, 0.0, 0.0, 0.0, 0.0, 782.2883400723763, 0.0, 0.0, 146.43718083776298, 0.0, 0.0, 787.4739227856583, 0.0, 0.0, 0.0, 0.0, 0.0, 0.0, 0.0, 0.0, 0.0, 0.0, 0.0, 0.0, 0.0, 0.0, 0.0, 0.0, 77.04798041459841, 0.0, 0.0, 262.0584160204544, 0.0, 0.0, 0.0, 0.0, 0.0, 0.0, 802.8989162459366, 0.0, 0.0, 777.6794619601558, 0.0, 379.553963760105, 0.0, 0.0]
INFORMACIÓN : 19apuestaBundle [791.2442775124817, 280.08860310417566, 169.3113534750474, 81.98228145534428, 74.18681762378193]
INFORMACIÓN : 19positionsBundle [1880, 1538, 1281, 1785, 2371]
INFORMACIÓN : 19levelsBundle [3, 2, 1, 1, 2]
INFORMACIÓN : 19positionsOrdered [1785, 1880, 1538, 1281, 2371]
INFORMACIÓN : 19levelsOrdered [1, 3, 2, 1, 2]
INFORMACIÓN : 19partialityOrdered [2, 3, 2, 1, 2]
INFORMACIÓN : 19arrivalTimes [12.944897156879989, 78.21805305097051, 88.84819886370516, 97.4505241307478, 121.61661607793694]
INFORMACIÓN : mutexSat position 1785 level 1
INFORMACIÓN : 20historia0[259.6284128689804, 759.385963220983, 151.38811203480287, 0.0, 0.0, 748.5821476431054, 0.0, 373.13161004550034, 0.0, 0.0, 0.0, 0.0, 791.2174092217974, 0.0, 0.0, 0.0, 764.9809591174339, 0.0, 0.0, 791.2442775124817, 0.0, 0.0, 797.6417505013288, 0.0, 270.02274221538823, 0.0, 0.0, 0.0, 263.52588813704256, 0.0, 40.15429798339756, 0.0, 0.0, 0.0, 0.0, 0.0, 0.0, 0.0, 34.71307640132227, 0.0, 0.0, 798.0816327240445, 0.0, 0.0, 169.3113534750474, 793.6049196772195, 0.0, 0.0, 0.0, 0.0, 0.0, 0.0, 0.0, 0.0, 0.0, 0.0, 373.13161004550034, 0.0, 0.0, 800.2552113309748, 0.0, 767.5693256485124, 0.0, 66.65880087901405, 0.0, 0.0, 0.0, 163.9185075649375, 0.0, 0.0, 0.0, 0.0, 141.1827482303048, 0.0, 0.0, 0.0, 0.0, 0.0, 0.0, 0.0, 0.0, 0.0, 0.0, 0.0, 0.0, 0.0, 0.0, 0.0, 0.0, 0.0, 0.0, 759.7226579574725, 0.0, 0.0, 0.0, 178.1184908019626, 0.0, 0.0, 0.0, 0.0, 280.08860310417566, 0.0, 0.0, 0.0, 784.9753309177371, 0.0, 245.45398366846527, 0.0, 863.6930485122198, 0.0, 0.0, 0.0, 0.0, 56.30055545475625, 0.0, 0.0, 0.0, 0.0, 0.0, 0.0, 0.0, 0.0, 784.6670883063954, 0.0, 0.0, 0.0, 0.0, 0.0, 782.2883400723763, 0.0, 0.0, 146.43718083776298, 0.0, 0.0, 787.4739227856583, 0.0, 0.0, 0.0, 0.0, 0.0, 0.0, 0.0, 0.0, 0.0, 0.0, 0.0, 0.0, 0.0, 0.0, 0.0, 0.0, 77.04798041459841, 0.0, 0.0, 0.0, 0.0, 0.0, 0.0, 0.0, 0.0, 0.0, 802.8989162459366, 0.0, 0.0, 777.6794619601558, 0.0, 0.0, 0.0, 0.0]
INFORMACIÓN : 20apuestaBundle [791.2442775124817, 280.08860310417566, 169.3113534750474, 257.4647563911934, 238.96916632663863]
INFORMACIÓN : 20positionsBundle [1880, 1538, 1281, 1957, 35]
INFORMACIÓN : 20levelsBundle [3, 2, 1, 2, 2]
INFORMACIÓN : 20positionsOrdered [1880, 1538, 1281, 1957, 35]
INFORMACIÓN : 20levelsOrdered [3, 2, 1, 2, 2]
INFORMACIÓN : 20partialityOrdered [3, 2, 1, 2, 2]
INFORMACIÓN : 20arrivalTimes [78.21805305097051, 88.84819886370516, 97.4505241307478, 125.2354121096474, 173.2458276462786]
