----------------------------------------------------------------------
-- Log session for [myBugCoalitionsCCBBAGuaiDEF-23] started on 2017.07.13.18.44.53 --
----------------------------------------------------------------------

INFORMACIÓN : I started
INFORMACIÓN : 0apuestaBundle [783.9137104604865, 783.4132100198665, 783.2811361027494, 776.9279590226001, 771.1909820096201]
INFORMACIÓN : 0positionsBundle [1751, 1756, 1662, 1959, 1478]
INFORMACIÓN : 0levelsBundle [3, 3, 3, 3, 3]
INFORMACIÓN : 0positionsOrdered [1751, 1756, 1662, 1959, 1478]
INFORMACIÓN : 0levelsOrdered [3, 3, 3, 3, 3]
INFORMACIÓN : 0partialityOrdered [3, 3, 3, 3, 3]
INFORMACIÓN : 0arrivalTimes [21.02379604162864, 26.02379604162864, 32.3483513619654, 39.05655529446477, 60.527465848048664]
INFORMACIÓN : I [MW]; lost Test.myBail@1fb2948a; POS 1751; sensors [AB, IR]; level 3 I paid 783.9137104604865in favour of43@(myturtles,myturtles,bug)@MK-18423 paid 786.4439589999536
INFORMACIÓN : 1historia0[786.4439589999536, 0.0, 0.0, 0.0, 0.0, 0.0, 0.0, 0.0, 0.0, 800.3114646788428, 0.0, 0.0, 0.0, 0.0, 0.0, 0.0, 0.0, 0.0, 0.0, 0.0, 0.0, 0.0, 0.0, 0.0, 0.0, 0.0, 0.0, 0.0, 0.0, 800.3114646788428, 0.0, 0.0, 0.0, 0.0, 793.4014704777319, 0.0, 786.4439589999536, 0.0, 0.0, 0.0, 0.0, 788.3758538928164, 0.0, 800.3114646788428, 0.0, 793.4014704777319, 0.0, 0.0, 0.0, 0.0, 0.0, 0.0, 798.0315515750743, 0.0, 0.0, 0.0, 0.0, 0.0, 0.0, 0.0, 0.0, 798.0315515750743, 0.0, 0.0, 0.0, 0.0, 0.0, 788.3758538928164, 0.0, 0.0, 0.0, 0.0, 0.0, 0.0, 0.0, 0.0, 0.0, 0.0, 0.0, 0.0, 0.0, 0.0, 0.0, 0.0, 0.0, 0.0, 0.0, 0.0, 0.0, 0.0, 0.0, 0.0, 0.0, 0.0, 0.0, 0.0, 0.0, 0.0, 0.0, 0.0, 0.0, 0.0, 0.0, 0.0, 0.0, 0.0, 0.0, 0.0, 798.0315515750743, 0.0, 0.0, 0.0, 0.0, 0.0, 0.0, 0.0, 0.0, 0.0, 0.0, 0.0, 0.0, 0.0, 0.0, 0.0, 0.0, 0.0, 0.0, 0.0, 0.0, 0.0, 0.0, 0.0, 0.0, 0.0, 0.0, 0.0, 0.0, 0.0, 793.4014704777319, 0.0, 0.0, 0.0, 0.0, 0.0, 0.0, 0.0, 0.0, 788.3758538928164, 0.0, 786.4439589999536, 0.0, 0.0, 0.0, 0.0, 0.0, 0.0, 0.0, 0.0, 0.0, 0.0, 0.0, 0.0, 0.0, 0.0, 0.0, 0.0, 0.0, 0.0, 0.0, 0.0]
INFORMACIÓN : 1apuestaBundle [768.695659514, 756.0686378146511, 746.4023587512171, 740.0929631958334, 263.20694189857863]
INFORMACIÓN : 1positionsBundle [383, 1688, 1646, 2300, 1618]
INFORMACIÓN : 1levelsBundle [3, 3, 3, 3, 2]
INFORMACIÓN : 1positionsOrdered [383, 1688, 1646, 2300, 1618]
INFORMACIÓN : 1levelsOrdered [3, 3, 3, 3, 2]
INFORMACIÓN : 1partialityOrdered [3, 3, 3, 3, 2]
INFORMACIÓN : 1arrivalTimes [31.78049716414141, 58.25690175388886, 66.3191595021874, 114.40242062287263, 137.20592912485537]
INFORMACIÓN : I [MW]; lost Test.myBail@d3fa9a8; POS 1688; sensors [AB, IR]; level 3 I paid 756.0686378146511in favour of43@(myturtles,myturtles,bug)@MK-18423 paid 760.2413335220866
INFORMACIÓN : 2historia0[786.2312568789779, 0.0, 0.0, 0.0, 0.0, 0.0, 0.0, 0.0, 0.0, 800.3114646788428, 748.8601865747906, 0.0, 0.0, 0.0, 0.0, 0.0, 0.0, 0.0, 0.0, 263.20694189857863, 0.0, 0.0, 0.0, 0.0, 0.0, 0.0, 0.0, 0.0, 0.0, 800.3114646788428, 0.0, 0.0, 0.0, 0.0, 793.4014704777319, 0.0, 786.2312568789779, 0.0, 0.0, 0.0, 768.695659514, 788.3758538928164, 0.0, 800.3114646788428, 0.0, 793.4014704777319, 0.0, 0.0, 0.0, 0.0, 0.0, 775.9654956614354, 798.0315515750743, 0.0, 0.0, 0.0, 0.0, 775.9654956614354, 0.0, 0.0, 0.0, 798.0315515750743, 0.0, 0.0, 0.0, 0.0, 0.0, 788.3758538928164, 0.0, 0.0, 0.0, 0.0, 0.0, 0.0, 0.0, 0.0, 0.0, 0.0, 0.0, 0.0, 0.0, 0.0, 775.9654956614354, 0.0, 0.0, 0.0, 0.0, 0.0, 760.4534528664894, 0.0, 0.0, 0.0, 0.0, 0.0, 0.0, 0.0, 0.0, 0.0, 0.0, 760.2413335220866, 0.0, 0.0, 0.0, 0.0, 0.0, 0.0, 0.0, 0.0, 798.0315515750743, 0.0, 0.0, 0.0, 0.0, 0.0, 768.695659514, 0.0, 0.0, 0.0, 0.0, 0.0, 0.0, 0.0, 0.0, 0.0, 0.0, 0.0, 0.0, 0.0, 0.0, 748.8601865747906, 0.0, 0.0, 0.0, 749.072135319271, 0.0, 0.0, 0.0, 0.0, 793.4014704777319, 0.0, 0.0, 0.0, 0.0, 0.0, 0.0, 0.0, 0.0, 788.3758538928164, 0.0, 786.4439589999536, 0.0, 0.0, 0.0, 0.0, 0.0, 0.0, 0.0, 0.0, 768.695659514, 0.0, 0.0, 760.2413335220866, 0.0, 0.0, 0.0, 0.0, 0.0, 0.0, 0.0, 0.0]
INFORMACIÓN : 2apuestaBundle [768.695659514, 262.8576395867831, 249.10536346356386, 247.51995357104624, 238.6180034526811]
INFORMACIÓN : 2positionsBundle [383, 1209, 1340, 693, 148]
INFORMACIÓN : 2levelsBundle [3, 2, 2, 2, 2]
INFORMACIÓN : 2positionsOrdered [383, 1209, 1340, 693, 148]
INFORMACIÓN : 2levelsOrdered [3, 2, 2, 2, 2]
INFORMACIÓN : 2partialityOrdered [3, 2, 2, 2, 2]
INFORMACIÓN : 2arrivalTimes [31.78049716414141, 61.19137950384689, 92.25582863786502, 105.59749270199136, 117.68053867558592]
INFORMACIÓN : timeSat position 1340 level 2
INFORMACIÓN : I [MW]; lost Test.myBail@7ddd7e4; POS 1209; sensors [AB]; level 2 I paid 262.8576395867831in favour of43@(myturtles,myturtles,bug)@MK-18423 paid 295.1592818776686
INFORMACIÓN : 3historia0[786.2312568789779, 0.0, 0.0, 0.0, 0.0, 0.0, 0.0, 0.0, 0.0, 800.3114646788428, 0.0, 0.0, 249.10536346356386, 0.0, 0.0, 0.0, 0.0, 0.0, 0.0, 0.0, 273.41873862695604, 0.0, 0.0, 238.41801106848504, 0.0, 0.0, 0.0, 279.53741450715313, 247.31925999846635, 800.3114646788428, 0.0, 0.0, 0.0, 0.0, 793.4014704777319, 0.0, 786.2312568789779, 0.0, 295.1592818776686, 0.0, 768.695659514, 788.3758538928164, 0.0, 800.3114646788428, 0.0, 793.4014704777319, 0.0, 0.0, 0.0, 0.0, 0.0, 775.9654956614354, 798.0315515750743, 0.0, 0.0, 0.0, 0.0, 775.9654956614354, 0.0, 0.0, 0.0, 798.0315515750743, 0.0, 0.0, 0.0, 0.0, 0.0, 788.3758538928164, 0.0, 0.0, 0.0, 0.0, 0.0, 0.0, 277.1626132940596, 0.0, 295.1592818776686, 0.0, 0.0, 0.0, 0.0, 0.0, 775.9654956614354, 0.0, 0.0, 0.0, 0.0, 0.0, 760.3225689190913, 0.0, 0.0, 0.0, 0.0, 0.0, 0.0, 0.0, 0.0, 0.0, 0.0, 0.0, 0.0, 0.0, 0.0, 0.0, 0.0, 0.0, 0.0, 0.0, 798.0315515750743, 0.0, 0.0, 0.0, 0.0, 0.0, 768.695659514, 0.0, 0.0, 0.0, 0.0, 0.0, 0.0, 277.13209505232237, 0.0, 0.0, 0.0, 0.0, 0.0, 0.0, 0.0, 0.0, 0.0, 0.0, 0.0, 748.9413566371015, 0.0, 244.77040246091553, 0.0, 0.0, 793.4014704777319, 0.0, 0.0, 0.0, 0.0, 0.0, 0.0, 0.0, 0.0, 788.3758538928164, 0.0, 786.3127154620686, 0.0, 0.0, 0.0, 0.0, 0.0, 0.0, 0.0, 0.0, 768.695659514, 0.0, 0.0, 0.0, 0.0, 0.0, 0.0, 0.0, 0.0, 0.0, 0.0, 0.0]
INFORMACIÓN : 3apuestaBundle [768.695659514, 238.6180034526811, 173.8043729583528, 167.5752941949363, 143.96646183153618]
INFORMACIÓN : 3positionsBundle [383, 148, 522, 1266, 1937]
INFORMACIÓN : 3levelsBundle [3, 2, 1, 1, 1]
INFORMACIÓN : 3positionsOrdered [383, 148, 522, 1266, 1937]
INFORMACIÓN : 3levelsOrdered [3, 2, 1, 1, 1]
INFORMACIÓN : 3partialityOrdered [3, 2, 1, 1, 1]
INFORMACIÓN : 3arrivalTimes [31.78049716414141, 47.59188546498331, 74.7948264824542, 90.95032090385772, 115.64849897431465]
INFORMACIÓN : 4historia0[786.2312568789779, 238.6180034526811, 0.0, 0.0, 0.0, 238.41801106848504, 0.0, 0.0, 0.0, 800.3114646788428, 0.0, 173.8043729583528, 0.0, 0.0, 0.0, 0.0, 0.0, 0.0, 0.0, 0.0, 0.0, 0.0, 0.0, 0.0, 0.0, 143.96646183153618, 0.0, 279.53741450715313, 0.0, 800.3114646788428, 0.0, 168.68160214465638, 0.0, 0.0, 793.4014704777319, 0.0, 786.2312568789779, 159.36271580076848, 295.1592818776686, 0.0, 768.695659514, 788.3758538928164, 0.0, 800.3114646788428, 0.0, 793.4014704777319, 0.0, 0.0, 0.0, 154.04045298879396, 0.0, 775.9654956614354, 798.0315515750743, 0.0, 0.0, 0.0, 0.0, 775.9654956614354, 0.0, 0.0, 0.0, 798.0315515750743, 0.0, 0.0, 0.0, 0.0, 0.0, 788.3758538928164, 0.0, 0.0, 0.0, 0.0, 0.0, 0.0, 277.1626132940596, 0.0, 295.1592818776686, 0.0, 0.0, 166.6530804503667, 0.0, 0.0, 775.9654956614354, 0.0, 0.0, 0.0, 0.0, 0.0, 760.3225689190913, 0.0, 0.0, 0.0, 0.0, 0.0, 0.0, 0.0, 0.0, 0.0, 0.0, 0.0, 0.0, 0.0, 238.6180034526811, 0.0, 0.0, 0.0, 0.0, 0.0, 798.0315515750743, 0.0, 155.21011824148752, 0.0, 0.0, 248.4936967266109, 768.695659514, 0.0, 0.0, 0.0, 0.0, 0.0, 0.0, 0.0, 167.5752941949363, 244.7930923391521, 0.0, 0.0, 0.0, 0.0, 165.7912105833658, 0.0, 0.0, 0.0, 0.0, 748.9413566371015, 0.0, 0.0, 0.0, 0.0, 793.4014704777319, 0.0, 0.0, 0.0, 0.0, 0.0, 0.0, 0.0, 0.0, 788.3758538928164, 0.0, 786.3127154620686, 0.0, 0.0, 0.0, 0.0, 0.0, 0.0, 0.0, 0.0, 768.695659514, 0.0, 0.0, 0.0, 0.0, 0.0, 0.0, 0.0, 0.0, 0.0, 0.0, 0.0]
INFORMACIÓN : 4apuestaBundle [768.695659514, 238.6180034526811, 173.8043729583528, 167.5752941949363, 143.96646183153618]
INFORMACIÓN : 4positionsBundle [383, 148, 522, 1266, 1937]
INFORMACIÓN : 4levelsBundle [3, 2, 1, 1, 1]
INFORMACIÓN : 4positionsOrdered [383, 148, 522, 1266, 1937]
INFORMACIÓN : 4levelsOrdered [3, 2, 1, 1, 1]
INFORMACIÓN : 4partialityOrdered [3, 2, 1, 1, 1]
INFORMACIÓN : 4arrivalTimes [31.78049716414141, 47.59188546498331, 74.7948264824542, 90.95032090385772, 115.64849897431465]
INFORMACIÓN : 5historia0[786.2312568789779, 238.6180034526811, 0.0, 0.0, 0.0, 238.41801106848504, 0.0, 0.0, 0.0, 800.3114646788428, 0.0, 173.8043729583528, 0.0, 0.0, 0.0, 0.0, 0.0, 0.0, 0.0, 0.0, 0.0, 0.0, 0.0, 0.0, 0.0, 143.96646183153618, 0.0, 279.53741450715313, 0.0, 800.3114646788428, 0.0, 168.68160214465638, 0.0, 0.0, 793.4014704777319, 0.0, 786.2312568789779, 159.36271580076848, 295.1592818776686, 147.1699149031682, 768.695659514, 788.3758538928164, 0.0, 800.3114646788428, 0.0, 793.4014704777319, 0.0, 0.0, 0.0, 0.0, 0.0, 775.9654956614354, 798.0315515750743, 0.0, 0.0, 0.0, 0.0, 775.9654956614354, 0.0, 0.0, 0.0, 798.0315515750743, 0.0, 0.0, 0.0, 0.0, 0.0, 788.3758538928164, 0.0, 0.0, 0.0, 0.0, 0.0, 0.0, 277.1626132940596, 0.0, 295.1592818776686, 0.0, 0.0, 166.6530804503667, 0.0, 0.0, 775.9654956614354, 0.0, 0.0, 0.0, 0.0, 0.0, 760.3225689190913, 0.0, 0.0, 0.0, 0.0, 0.0, 0.0, 0.0, 0.0, 0.0, 0.0, 0.0, 0.0, 0.0, 238.6180034526811, 0.0, 0.0, 0.0, 0.0, 0.0, 798.0315515750743, 0.0, 155.21011824148752, 0.0, 0.0, 248.4936967266109, 768.695659514, 0.0, 0.0, 0.0, 0.0, 0.0, 0.0, 0.0, 167.5752941949363, 244.7930923391521, 0.0, 0.0, 0.0, 0.0, 165.7912105833658, 0.0, 0.0, 0.0, 0.0, 748.9413566371015, 0.0, 0.0, 0.0, 0.0, 793.4014704777319, 0.0, 0.0, 0.0, 0.0, 0.0, 0.0, 0.0, 0.0, 788.3758538928164, 134.9464775625877, 786.3127154620686, 0.0, 0.0, 0.0, 0.0, 0.0, 0.0, 0.0, 0.0, 768.695659514, 0.0, 0.0, 0.0, 0.0, 0.0, 0.0, 0.0, 0.0, 0.0, 0.0, 0.0]
INFORMACIÓN : 5apuestaBundle [768.695659514, 238.6180034526811, 173.8043729583528, 167.5752941949363, 143.96646183153618]
INFORMACIÓN : 5positionsBundle [383, 148, 522, 1266, 1937]
INFORMACIÓN : 5levelsBundle [3, 2, 1, 1, 1]
INFORMACIÓN : 5positionsOrdered [383, 148, 522, 1266, 1937]
INFORMACIÓN : 5levelsOrdered [3, 2, 1, 1, 1]
INFORMACIÓN : 5partialityOrdered [3, 2, 1, 1, 1]
INFORMACIÓN : 5arrivalTimes [31.78049716414141, 47.59188546498331, 74.7948264824542, 90.95032090385772, 115.64849897431465]
