----------------------------------------------------------------------
-- Log session for [myBugCoalitionsCCBBAGuaiDEF-34] started on 2017.07.13.18.44.53 --
----------------------------------------------------------------------

INFORMACIÓN : I started
INFORMACIÓN : 0apuestaBundle [800.3114646788428, 798.0315515750743, 793.4014704777319, 788.3758538928164, 783.176890489618]
INFORMACIÓN : 0positionsBundle [1662, 1959, 1756, 1478, 1751]
INFORMACIÓN : 0levelsBundle [3, 3, 3, 3, 3]
INFORMACIÓN : 0positionsOrdered [1662, 1959, 1756, 1478, 1751]
INFORMACIÓN : 0levelsOrdered [3, 3, 3, 3, 3]
INFORMACIÓN : 0partialityOrdered [3, 3, 3, 3, 3]
INFORMACIÓN : 0arrivalTimes [9.433981132056603, 16.142185064555974, 21.142185064555974, 43.945693566538736, 71.6043269384174]
INFORMACIÓN : I [MW]; lost Test.myBail@1fb2948a; POS 1751; sensors [AB, IR]; level 3 I paid 783.176890489618in favour of43@(myturtles,myturtles,bug)@MK-18423 paid 786.4439589999536
INFORMACIÓN : 1historia0[786.4439589999536, 0.0, 0.0, 0.0, 0.0, 0.0, 0.0, 0.0, 0.0, 800.3114646788428, 0.0, 0.0, 0.0, 0.0, 0.0, 0.0, 0.0, 0.0, 0.0, 0.0, 0.0, 0.0, 0.0, 0.0, 0.0, 0.0, 0.0, 0.0, 0.0, 800.3114646788428, 0.0, 0.0, 0.0, 0.0, 793.4014704777319, 0.0, 786.4439589999536, 0.0, 0.0, 0.0, 0.0, 788.3758538928164, 0.0, 800.3114646788428, 0.0, 793.4014704777319, 0.0, 0.0, 0.0, 0.0, 0.0, 0.0, 798.0315515750743, 0.0, 0.0, 0.0, 0.0, 0.0, 0.0, 0.0, 0.0, 798.0315515750743, 0.0, 0.0, 0.0, 0.0, 0.0, 788.3758538928164, 0.0, 0.0, 0.0, 0.0, 0.0, 0.0, 0.0, 0.0, 0.0, 0.0, 0.0, 0.0, 0.0, 0.0, 0.0, 0.0, 0.0, 0.0, 0.0, 0.0, 0.0, 0.0, 0.0, 0.0, 0.0, 0.0, 0.0, 0.0, 0.0, 0.0, 0.0, 0.0, 0.0, 0.0, 0.0, 0.0, 0.0, 0.0, 0.0, 0.0, 798.0315515750743, 0.0, 0.0, 0.0, 0.0, 0.0, 0.0, 0.0, 0.0, 0.0, 0.0, 0.0, 0.0, 0.0, 0.0, 0.0, 0.0, 0.0, 0.0, 0.0, 0.0, 0.0, 0.0, 0.0, 0.0, 0.0, 0.0, 0.0, 0.0, 0.0, 793.4014704777319, 0.0, 0.0, 0.0, 0.0, 0.0, 0.0, 0.0, 0.0, 788.3758538928164, 0.0, 786.4439589999536, 0.0, 0.0, 0.0, 0.0, 0.0, 0.0, 0.0, 0.0, 0.0, 0.0, 0.0, 0.0, 0.0, 0.0, 0.0, 0.0, 0.0, 0.0, 0.0, 0.0]
INFORMACIÓN : 1apuestaBundle [800.3114646788428, 798.0315515750743, 793.4014704777319, 788.3758538928164, 775.9654956614354]
INFORMACIÓN : 1positionsBundle [1662, 1959, 1756, 1478, 2300]
INFORMACIÓN : 1levelsBundle [3, 3, 3, 3, 3]
INFORMACIÓN : 1positionsOrdered [1662, 1959, 1756, 1478, 2300]
INFORMACIÓN : 1levelsOrdered [3, 3, 3, 3, 3]
INFORMACIÓN : 1partialityOrdered [3, 3, 3, 3, 3]
INFORMACIÓN : 1arrivalTimes [9.433981132056603, 16.142185064555974, 21.142185064555974, 43.945693566538736, 76.70237227485714]
INFORMACIÓN : 2historia0[786.2312568789779, 0.0, 0.0, 0.0, 0.0, 0.0, 0.0, 0.0, 0.0, 800.3114646788428, 748.8601865747906, 0.0, 0.0, 0.0, 0.0, 0.0, 0.0, 0.0, 0.0, 0.0, 0.0, 0.0, 0.0, 0.0, 0.0, 0.0, 0.0, 0.0, 0.0, 800.3114646788428, 0.0, 0.0, 0.0, 0.0, 793.4014704777319, 0.0, 786.2312568789779, 0.0, 0.0, 0.0, 768.695659514, 788.3758538928164, 0.0, 800.3114646788428, 0.0, 793.4014704777319, 0.0, 0.0, 0.0, 0.0, 0.0, 775.9654956614354, 798.0315515750743, 0.0, 0.0, 0.0, 0.0, 775.9654956614354, 0.0, 0.0, 0.0, 798.0315515750743, 0.0, 0.0, 0.0, 0.0, 0.0, 788.3758538928164, 0.0, 0.0, 0.0, 0.0, 0.0, 0.0, 0.0, 0.0, 0.0, 0.0, 0.0, 0.0, 0.0, 0.0, 775.9654956614354, 0.0, 0.0, 0.0, 0.0, 0.0, 760.4534528664894, 0.0, 0.0, 0.0, 0.0, 0.0, 0.0, 0.0, 0.0, 0.0, 0.0, 760.2413335220866, 0.0, 0.0, 0.0, 0.0, 0.0, 0.0, 0.0, 0.0, 798.0315515750743, 0.0, 0.0, 0.0, 0.0, 0.0, 768.695659514, 0.0, 0.0, 0.0, 0.0, 0.0, 0.0, 0.0, 0.0, 0.0, 0.0, 0.0, 0.0, 0.0, 0.0, 748.8601865747906, 0.0, 0.0, 0.0, 749.072135319271, 0.0, 0.0, 0.0, 0.0, 793.4014704777319, 0.0, 0.0, 0.0, 0.0, 0.0, 0.0, 0.0, 0.0, 788.3758538928164, 0.0, 786.4439589999536, 0.0, 0.0, 0.0, 0.0, 0.0, 0.0, 0.0, 0.0, 768.695659514, 0.0, 0.0, 760.2413335220866, 0.0, 0.0, 0.0, 0.0, 0.0, 0.0, 0.0, 0.0]
INFORMACIÓN : 2apuestaBundle [800.3114646788428, 798.0315515750743, 793.4014704777319, 788.3758538928164, 775.9654956614354]
INFORMACIÓN : 2positionsBundle [1662, 1959, 1756, 1478, 2300]
INFORMACIÓN : 2levelsBundle [3, 3, 3, 3, 3]
INFORMACIÓN : 2positionsOrdered [1662, 1959, 1756, 1478, 2300]
INFORMACIÓN : 2levelsOrdered [3, 3, 3, 3, 3]
INFORMACIÓN : 2partialityOrdered [3, 3, 3, 3, 3]
INFORMACIÓN : 2arrivalTimes [9.433981132056603, 16.142185064555974, 21.142185064555974, 43.945693566538736, 76.70237227485714]
INFORMACIÓN : 3historia0[786.2312568789779, 0.0, 0.0, 0.0, 0.0, 238.41801106848504, 0.0, 0.0, 0.0, 800.3114646788428, 0.0, 0.0, 0.0, 0.0, 0.0, 0.0, 0.0, 0.0, 0.0, 0.0, 273.41873862695604, 0.0, 0.0, 238.41801106848504, 0.0, 0.0, 0.0, 279.53741450715313, 0.0, 800.3114646788428, 0.0, 0.0, 0.0, 0.0, 793.4014704777319, 0.0, 786.2312568789779, 0.0, 295.1592818776686, 0.0, 768.695659514, 788.3758538928164, 0.0, 800.3114646788428, 0.0, 793.4014704777319, 0.0, 0.0, 0.0, 0.0, 0.0, 775.9654956614354, 798.0315515750743, 0.0, 0.0, 0.0, 0.0, 775.9654956614354, 0.0, 0.0, 0.0, 798.0315515750743, 0.0, 0.0, 0.0, 0.0, 0.0, 788.3758538928164, 0.0, 0.0, 0.0, 0.0, 0.0, 0.0, 277.1626132940596, 0.0, 295.1592818776686, 0.0, 0.0, 0.0, 0.0, 0.0, 775.9654956614354, 0.0, 0.0, 0.0, 0.0, 0.0, 760.3225689190913, 0.0, 0.0, 0.0, 0.0, 0.0, 0.0, 0.0, 0.0, 0.0, 0.0, 0.0, 0.0, 0.0, 0.0, 0.0, 0.0, 0.0, 0.0, 0.0, 798.0315515750743, 0.0, 0.0, 0.0, 0.0, 248.4936967266109, 768.695659514, 0.0, 0.0, 0.0, 0.0, 0.0, 0.0, 277.13209505232237, 0.0, 0.0, 0.0, 0.0, 0.0, 0.0, 0.0, 0.0, 0.0, 0.0, 0.0, 748.9413566371015, 0.0, 244.77040246091553, 0.0, 0.0, 793.4014704777319, 0.0, 0.0, 0.0, 0.0, 0.0, 0.0, 0.0, 0.0, 788.3758538928164, 0.0, 786.3127154620686, 0.0, 0.0, 0.0, 0.0, 0.0, 0.0, 0.0, 0.0, 768.695659514, 0.0, 0.0, 0.0, 0.0, 0.0, 0.0, 0.0, 0.0, 0.0, 0.0, 0.0]
INFORMACIÓN : 3apuestaBundle [800.3114646788428, 798.0315515750743, 793.4014704777319, 788.3758538928164, 775.9654956614354]
INFORMACIÓN : 3positionsBundle [1662, 1959, 1756, 1478, 2300]
INFORMACIÓN : 3levelsBundle [3, 3, 3, 3, 3]
INFORMACIÓN : 3positionsOrdered [1662, 1959, 1756, 1478, 2300]
INFORMACIÓN : 3levelsOrdered [3, 3, 3, 3, 3]
INFORMACIÓN : 3partialityOrdered [3, 3, 3, 3, 3]
INFORMACIÓN : 3arrivalTimes [9.433981132056603, 16.142185064555974, 21.142185064555974, 43.945693566538736, 76.70237227485714]
INFORMACIÓN : 4historia0[786.2312568789779, 238.6180034526811, 0.0, 0.0, 0.0, 238.41801106848504, 0.0, 0.0, 0.0, 800.3114646788428, 0.0, 173.8043729583528, 0.0, 0.0, 0.0, 0.0, 0.0, 0.0, 0.0, 0.0, 0.0, 0.0, 0.0, 0.0, 0.0, 143.96646183153618, 0.0, 279.53741450715313, 0.0, 800.3114646788428, 0.0, 168.68160214465638, 0.0, 0.0, 793.4014704777319, 0.0, 786.2312568789779, 159.36271580076848, 295.1592818776686, 0.0, 768.695659514, 788.3758538928164, 0.0, 800.3114646788428, 0.0, 793.4014704777319, 0.0, 0.0, 0.0, 154.04045298879396, 0.0, 775.9654956614354, 798.0315515750743, 0.0, 0.0, 0.0, 0.0, 775.9654956614354, 0.0, 0.0, 0.0, 798.0315515750743, 0.0, 0.0, 0.0, 0.0, 0.0, 788.3758538928164, 0.0, 0.0, 0.0, 0.0, 0.0, 0.0, 277.1626132940596, 0.0, 295.1592818776686, 0.0, 0.0, 166.6530804503667, 0.0, 0.0, 775.9654956614354, 0.0, 0.0, 0.0, 0.0, 0.0, 760.3225689190913, 0.0, 0.0, 0.0, 0.0, 0.0, 0.0, 0.0, 0.0, 0.0, 0.0, 0.0, 0.0, 0.0, 238.6180034526811, 0.0, 0.0, 0.0, 0.0, 0.0, 798.0315515750743, 0.0, 155.21011824148752, 0.0, 0.0, 248.4936967266109, 768.695659514, 0.0, 0.0, 0.0, 0.0, 0.0, 0.0, 0.0, 167.5752941949363, 244.7930923391521, 0.0, 0.0, 0.0, 0.0, 165.7912105833658, 0.0, 0.0, 0.0, 0.0, 748.9413566371015, 0.0, 0.0, 0.0, 0.0, 793.4014704777319, 0.0, 0.0, 0.0, 0.0, 0.0, 0.0, 0.0, 0.0, 788.3758538928164, 0.0, 786.3127154620686, 0.0, 0.0, 0.0, 0.0, 0.0, 0.0, 0.0, 0.0, 768.695659514, 0.0, 0.0, 0.0, 0.0, 0.0, 0.0, 0.0, 0.0, 0.0, 0.0, 0.0]
INFORMACIÓN : 4apuestaBundle [800.3114646788428, 798.0315515750743, 793.4014704777319, 788.3758538928164, 775.9654956614354]
INFORMACIÓN : 4positionsBundle [1662, 1959, 1756, 1478, 2300]
INFORMACIÓN : 4levelsBundle [3, 3, 3, 3, 3]
INFORMACIÓN : 4positionsOrdered [1662, 1959, 1756, 1478, 2300]
INFORMACIÓN : 4levelsOrdered [3, 3, 3, 3, 3]
INFORMACIÓN : 4partialityOrdered [3, 3, 3, 3, 3]
INFORMACIÓN : 4arrivalTimes [9.433981132056603, 16.142185064555974, 21.142185064555974, 43.945693566538736, 76.70237227485714]
INFORMACIÓN : 5historia0[786.2312568789779, 238.6180034526811, 0.0, 0.0, 0.0, 238.41801106848504, 0.0, 0.0, 0.0, 800.3114646788428, 0.0, 173.8043729583528, 0.0, 0.0, 0.0, 0.0, 0.0, 0.0, 0.0, 0.0, 0.0, 0.0, 0.0, 0.0, 0.0, 143.96646183153618, 0.0, 279.53741450715313, 0.0, 800.3114646788428, 0.0, 168.68160214465638, 0.0, 0.0, 793.4014704777319, 0.0, 786.2312568789779, 159.36271580076848, 295.1592818776686, 147.1699149031682, 768.695659514, 788.3758538928164, 0.0, 800.3114646788428, 0.0, 793.4014704777319, 0.0, 0.0, 0.0, 0.0, 0.0, 775.9654956614354, 798.0315515750743, 0.0, 0.0, 0.0, 0.0, 775.9654956614354, 0.0, 0.0, 0.0, 798.0315515750743, 0.0, 0.0, 0.0, 0.0, 0.0, 788.3758538928164, 0.0, 0.0, 0.0, 0.0, 0.0, 0.0, 277.1626132940596, 0.0, 295.1592818776686, 0.0, 0.0, 166.6530804503667, 0.0, 0.0, 775.9654956614354, 0.0, 0.0, 0.0, 0.0, 0.0, 760.3225689190913, 0.0, 0.0, 0.0, 0.0, 0.0, 0.0, 0.0, 0.0, 0.0, 0.0, 0.0, 0.0, 0.0, 238.6180034526811, 0.0, 0.0, 0.0, 0.0, 0.0, 798.0315515750743, 0.0, 155.21011824148752, 0.0, 0.0, 248.4936967266109, 768.695659514, 0.0, 0.0, 0.0, 0.0, 0.0, 0.0, 0.0, 167.5752941949363, 244.7930923391521, 0.0, 0.0, 0.0, 0.0, 165.7912105833658, 0.0, 0.0, 0.0, 0.0, 748.9413566371015, 0.0, 0.0, 0.0, 0.0, 793.4014704777319, 0.0, 0.0, 0.0, 0.0, 0.0, 0.0, 0.0, 0.0, 788.3758538928164, 134.9464775625877, 786.3127154620686, 0.0, 0.0, 0.0, 0.0, 0.0, 0.0, 0.0, 0.0, 768.695659514, 0.0, 0.0, 0.0, 0.0, 0.0, 0.0, 0.0, 0.0, 0.0, 0.0, 0.0]
INFORMACIÓN : 5apuestaBundle [800.3114646788428, 798.0315515750743, 793.4014704777319, 788.3758538928164, 775.9654956614354]
INFORMACIÓN : 5positionsBundle [1662, 1959, 1756, 1478, 2300]
INFORMACIÓN : 5levelsBundle [3, 3, 3, 3, 3]
INFORMACIÓN : 5positionsOrdered [1662, 1959, 1756, 1478, 2300]
INFORMACIÓN : 5levelsOrdered [3, 3, 3, 3, 3]
INFORMACIÓN : 5partialityOrdered [3, 3, 3, 3, 3]
INFORMACIÓN : 5arrivalTimes [9.433981132056603, 16.142185064555974, 21.142185064555974, 43.945693566538736, 76.70237227485714]
