----------------------------------------------------------------------
-- Log session for [myBugCoalitionsCCBBAGuaiDEF-21] started on 2017.07.13.18.44.53 --
----------------------------------------------------------------------

INFORMACIÓN : I started
INFORMACIÓN : 0apuestaBundle [783.9137104604865, 783.4132100198665, 783.2811361027494, 776.9279590226001, 771.1909820096201]
INFORMACIÓN : 0positionsBundle [1751, 1756, 1662, 1959, 1478]
INFORMACIÓN : 0levelsBundle [3, 3, 3, 3, 3]
INFORMACIÓN : 0positionsOrdered [1751, 1756, 1662, 1959, 1478]
INFORMACIÓN : 0levelsOrdered [3, 3, 3, 3, 3]
INFORMACIÓN : 0partialityOrdered [3, 3, 3, 3, 3]
INFORMACIÓN : 0arrivalTimes [21.02379604162864, 26.02379604162864, 32.3483513619654, 39.05655529446477, 60.527465848048664]
INFORMACIÓN : I [IR]; lost Test.myBail@5712f70; POS 1751; sensors [AB, MW]; level 3 I paid 783.9137104604865in favour of40@(myturtles,myturtles,bug)@MK-18423 paid 786.4439589999536
INFORMACIÓN : 1historia0[786.4439589999536, 0.0, 0.0, 0.0, 0.0, 0.0, 0.0, 0.0, 0.0, 800.3114646788428, 0.0, 0.0, 0.0, 0.0, 0.0, 0.0, 0.0, 0.0, 0.0, 0.0, 0.0, 0.0, 0.0, 0.0, 0.0, 0.0, 0.0, 0.0, 0.0, 800.3114646788428, 0.0, 0.0, 0.0, 0.0, 793.4014704777319, 0.0, 786.4439589999536, 0.0, 0.0, 0.0, 0.0, 788.3758538928164, 0.0, 800.3114646788428, 0.0, 793.4014704777319, 0.0, 0.0, 0.0, 0.0, 0.0, 0.0, 798.0315515750743, 0.0, 0.0, 0.0, 0.0, 0.0, 0.0, 0.0, 0.0, 798.0315515750743, 0.0, 0.0, 0.0, 0.0, 0.0, 788.3758538928164, 0.0, 0.0, 0.0, 0.0, 0.0, 0.0, 0.0, 0.0, 0.0, 0.0, 0.0, 0.0, 0.0, 0.0, 0.0, 0.0, 0.0, 0.0, 0.0, 0.0, 0.0, 0.0, 0.0, 0.0, 0.0, 0.0, 0.0, 0.0, 0.0, 0.0, 0.0, 0.0, 0.0, 0.0, 0.0, 0.0, 0.0, 0.0, 0.0, 0.0, 798.0315515750743, 0.0, 0.0, 0.0, 0.0, 0.0, 0.0, 0.0, 0.0, 0.0, 0.0, 0.0, 0.0, 0.0, 0.0, 0.0, 0.0, 0.0, 0.0, 0.0, 0.0, 0.0, 0.0, 0.0, 0.0, 0.0, 0.0, 0.0, 0.0, 0.0, 793.4014704777319, 0.0, 0.0, 0.0, 0.0, 0.0, 0.0, 0.0, 0.0, 788.3758538928164, 0.0, 786.4439589999536, 0.0, 0.0, 0.0, 0.0, 0.0, 0.0, 0.0, 0.0, 0.0, 0.0, 0.0, 0.0, 0.0, 0.0, 0.0, 0.0, 0.0, 0.0, 0.0, 0.0]
INFORMACIÓN : 1apuestaBundle [768.695659514, 756.0686378146511, 746.4023587512171, 740.0929631958334, 262.09968266615624]
INFORMACIÓN : 1positionsBundle [383, 1688, 1646, 2300, 1720]
INFORMACIÓN : 1levelsBundle [3, 3, 3, 3, 2]
INFORMACIÓN : 1positionsOrdered [383, 1688, 1646, 2300, 1720]
INFORMACIÓN : 1levelsOrdered [3, 3, 3, 3, 2]
INFORMACIÓN : 1partialityOrdered [3, 3, 3, 3, 2]
INFORMACIÓN : 1arrivalTimes [31.78049716414141, 58.25690175388886, 66.3191595021874, 114.40242062287263, 137.72622820225382]
INFORMACIÓN : I [IR]; lost Test.myBail@1f0386ed; POS 1688; sensors [AB, MW]; level 3 I paid 756.0686378146511in favour of40@(myturtles,myturtles,bug)@MK-18423 paid 760.2413335220866
INFORMACIÓN : 2historia0[786.2312568789779, 0.0, 0.0, 0.0, 0.0, 0.0, 0.0, 0.0, 0.0, 800.3114646788428, 748.8601865747906, 0.0, 0.0, 0.0, 0.0, 0.0, 0.0, 0.0, 0.0, 263.20694189857863, 0.0, 0.0, 0.0, 0.0, 0.0, 0.0, 0.0, 263.20694189857863, 0.0, 800.3114646788428, 0.0, 0.0, 0.0, 0.0, 793.4014704777319, 0.0, 786.2312568789779, 0.0, 0.0, 0.0, 768.695659514, 788.3758538928164, 0.0, 800.3114646788428, 0.0, 793.4014704777319, 0.0, 0.0, 0.0, 0.0, 0.0, 775.9654956614354, 798.0315515750743, 0.0, 0.0, 0.0, 0.0, 775.9654956614354, 0.0, 0.0, 0.0, 798.0315515750743, 0.0, 0.0, 0.0, 0.0, 0.0, 788.3758538928164, 0.0, 0.0, 0.0, 0.0, 0.0, 0.0, 0.0, 0.0, 0.0, 0.0, 0.0, 0.0, 0.0, 0.0, 775.9654956614354, 0.0, 0.0, 0.0, 0.0, 0.0, 760.4534528664894, 0.0, 0.0, 0.0, 0.0, 0.0, 0.0, 0.0, 0.0, 0.0, 0.0, 760.2413335220866, 0.0, 0.0, 0.0, 0.0, 0.0, 0.0, 0.0, 0.0, 798.0315515750743, 0.0, 0.0, 0.0, 0.0, 0.0, 768.695659514, 0.0, 0.0, 0.0, 0.0, 0.0, 0.0, 0.0, 0.0, 0.0, 0.0, 0.0, 0.0, 0.0, 0.0, 748.8601865747906, 0.0, 0.0, 0.0, 749.072135319271, 0.0, 0.0, 0.0, 0.0, 793.4014704777319, 0.0, 0.0, 0.0, 0.0, 0.0, 0.0, 0.0, 0.0, 788.3758538928164, 0.0, 786.4439589999536, 0.0, 0.0, 0.0, 0.0, 0.0, 0.0, 0.0, 0.0, 768.695659514, 0.0, 0.0, 760.2413335220866, 0.0, 0.0, 0.0, 0.0, 0.0, 0.0, 0.0, 0.0]
INFORMACIÓN : 2apuestaBundle [768.695659514, 247.51995357104624, 247.31925999846635, 244.7930923391521, 177.4110064762151]
INFORMACIÓN : 2positionsBundle [383, 693, 2009, 1393, 818]
INFORMACIÓN : 2levelsBundle [3, 2, 2, 2, 1]
INFORMACIÓN : 2positionsOrdered [383, 693, 2009, 1393, 818]
INFORMACIÓN : 2levelsOrdered [3, 2, 2, 2, 1]
INFORMACIÓN : 2partialityOrdered [3, 2, 2, 2, 1]
INFORMACIÓN : 2arrivalTimes [31.78049716414141, 43.442400953832006, 86.85898764601683, 123.25953709241942, 150.57253765991476]
INFORMACIÓN : timeSat position 693 level 2
INFORMACIÓN : I [IR]; lost Test.myBail@65996587; POS 693; sensors [MW]; level 2 I paid 247.51995357104624in favour ofnull paid 247.51995357104624
INFORMACIÓN : 3historia0[786.2312568789779, 0.0, 0.0, 0.0, 0.0, 247.51995357104624, 0.0, 0.0, 0.0, 800.3114646788428, 0.0, 0.0, 249.10536346356386, 0.0, 0.0, 0.0, 0.0, 0.0, 0.0, 0.0, 273.41873862695604, 0.0, 0.0, 0.0, 0.0, 0.0, 0.0, 279.53741450715313, 247.31925999846635, 800.3114646788428, 0.0, 0.0, 0.0, 0.0, 793.4014704777319, 0.0, 786.2312568789779, 0.0, 295.1592818776686, 0.0, 768.695659514, 788.3758538928164, 0.0, 800.3114646788428, 0.0, 793.4014704777319, 0.0, 0.0, 0.0, 0.0, 0.0, 775.9654956614354, 798.0315515750743, 0.0, 0.0, 0.0, 0.0, 775.9654956614354, 0.0, 0.0, 0.0, 798.0315515750743, 0.0, 0.0, 0.0, 0.0, 0.0, 788.3758538928164, 0.0, 0.0, 0.0, 0.0, 0.0, 0.0, 277.1626132940596, 0.0, 295.1592818776686, 0.0, 0.0, 0.0, 0.0, 0.0, 775.9654956614354, 0.0, 0.0, 0.0, 0.0, 0.0, 760.3225689190913, 0.0, 0.0, 0.0, 0.0, 0.0, 0.0, 0.0, 0.0, 0.0, 0.0, 0.0, 0.0, 0.0, 238.6180034526811, 0.0, 0.0, 0.0, 0.0, 0.0, 798.0315515750743, 0.0, 0.0, 0.0, 0.0, 249.10536346356386, 768.695659514, 0.0, 0.0, 0.0, 0.0, 0.0, 0.0, 277.13209505232237, 0.0, 0.0, 0.0, 0.0, 0.0, 0.0, 0.0, 0.0, 0.0, 0.0, 0.0, 748.9413566371015, 0.0, 0.0, 0.0, 0.0, 793.4014704777319, 0.0, 0.0, 0.0, 0.0, 0.0, 0.0, 0.0, 0.0, 788.3758538928164, 0.0, 786.3127154620686, 0.0, 0.0, 0.0, 0.0, 0.0, 0.0, 0.0, 0.0, 768.695659514, 0.0, 0.0, 0.0, 0.0, 0.0, 0.0, 0.0, 0.0, 0.0, 0.0, 0.0]
INFORMACIÓN : 3apuestaBundle [768.695659514, 165.7912105833658, 164.64193783443693, 157.6887635722046, 150.45743710405523]
INFORMACIÓN : 3positionsBundle [383, 257, 707, 251, 188]
INFORMACIÓN : 3levelsBundle [3, 1, 1, 1, 1]
INFORMACIÓN : 3positionsOrdered [383, 257, 707, 251, 188]
INFORMACIÓN : 3levelsOrdered [3, 1, 1, 1, 1]
INFORMACIÓN : 3partialityOrdered [3, 1, 1, 1, 1]
INFORMACIÓN : 3arrivalTimes [31.78049716414141, 57.857306784952, 66.857306784952, 77.67396061134397, 114.72797523864179]
INFORMACIÓN : I [IR]; lost Test.myBail@39bf4994; POS 707; sensors []; level 1 I paid 164.64193783443693in favour of40@(myturtles,myturtles,bug)@MK-18423 paid 168.68160214465638
INFORMACIÓN : 4historia0[786.2312568789779, 238.6180034526811, 0.0, 0.0, 0.0, 238.41801106848504, 0.0, 0.0, 0.0, 800.3114646788428, 0.0, 173.8043729583528, 0.0, 0.0, 0.0, 0.0, 0.0, 0.0, 0.0, 0.0, 0.0, 0.0, 0.0, 0.0, 0.0, 143.96646183153618, 0.0, 279.53741450715313, 0.0, 800.3114646788428, 0.0, 168.68160214465638, 0.0, 0.0, 793.4014704777319, 0.0, 786.2312568789779, 159.36271580076848, 295.1592818776686, 0.0, 768.695659514, 788.3758538928164, 0.0, 800.3114646788428, 0.0, 793.4014704777319, 0.0, 0.0, 0.0, 0.0, 0.0, 775.9654956614354, 798.0315515750743, 0.0, 0.0, 0.0, 0.0, 775.9654956614354, 0.0, 0.0, 0.0, 798.0315515750743, 0.0, 0.0, 0.0, 0.0, 0.0, 788.3758538928164, 0.0, 0.0, 0.0, 0.0, 0.0, 0.0, 277.1626132940596, 0.0, 295.1592818776686, 0.0, 0.0, 166.6530804503667, 0.0, 0.0, 775.9654956614354, 0.0, 0.0, 0.0, 0.0, 0.0, 760.3225689190913, 0.0, 0.0, 0.0, 0.0, 0.0, 0.0, 0.0, 0.0, 0.0, 0.0, 0.0, 0.0, 0.0, 238.6180034526811, 0.0, 0.0, 0.0, 0.0, 0.0, 798.0315515750743, 0.0, 155.21011824148752, 0.0, 0.0, 248.4936967266109, 768.695659514, 0.0, 0.0, 0.0, 0.0, 0.0, 0.0, 0.0, 167.5752941949363, 244.7930923391521, 0.0, 0.0, 0.0, 0.0, 165.7912105833658, 0.0, 0.0, 0.0, 0.0, 748.9413566371015, 0.0, 0.0, 0.0, 0.0, 793.4014704777319, 0.0, 0.0, 0.0, 0.0, 0.0, 0.0, 0.0, 0.0, 788.3758538928164, 0.0, 786.3127154620686, 0.0, 0.0, 0.0, 0.0, 0.0, 0.0, 0.0, 0.0, 768.695659514, 0.0, 0.0, 0.0, 0.0, 0.0, 0.0, 0.0, 0.0, 0.0, 0.0, 0.0]
INFORMACIÓN : 4apuestaBundle [768.695659514, 165.7912105833658, 133.61927399398303, 58.999143507913914, 44.92167502005066]
INFORMACIÓN : 4positionsBundle [383, 257, 2480, 1426, 2027]
INFORMACIÓN : 4levelsBundle [3, 1, 3, 2, 2]
INFORMACIÓN : 4positionsOrdered [383, 257, 2480, 1426, 2027]
INFORMACIÓN : 4levelsOrdered [3, 1, 3, 2, 2]
INFORMACIÓN : 4partialityOrdered [3, 1, 3, 2, 2]
INFORMACIÓN : 4arrivalTimes [31.78049716414141, 57.857306784952, 107.50607313417764, 128.8836314606096, 140.92522603940188]
INFORMACIÓN : I [IR]; lost Test.myBail@6c0ed834; POS 2480; sensors [AB, MW]; level 3 I paid 133.61927399398303in favour of40@(myturtles,myturtles,bug)@MK-18423 paid 147.1699149031682
INFORMACIÓN : 5historia0[786.2312568789779, 238.6180034526811, 0.0, 0.0, 0.0, 238.41801106848504, 0.0, 0.0, 0.0, 800.3114646788428, 0.0, 173.8043729583528, 0.0, 0.0, 0.0, 0.0, 0.0, 0.0, 0.0, 0.0, 0.0, 0.0, 0.0, 0.0, 0.0, 143.96646183153618, 0.0, 279.53741450715313, 0.0, 800.3114646788428, 0.0, 168.68160214465638, 0.0, 0.0, 793.4014704777319, 0.0, 786.2312568789779, 159.36271580076848, 295.1592818776686, 147.1699149031682, 768.695659514, 788.3758538928164, 0.0, 800.3114646788428, 0.0, 793.4014704777319, 0.0, 0.0, 0.0, 0.0, 0.0, 775.9654956614354, 798.0315515750743, 0.0, 0.0, 0.0, 0.0, 775.9654956614354, 0.0, 0.0, 0.0, 798.0315515750743, 0.0, 0.0, 0.0, 0.0, 0.0, 788.3758538928164, 0.0, 0.0, 0.0, 0.0, 0.0, 0.0, 277.1626132940596, 0.0, 295.1592818776686, 0.0, 0.0, 166.6530804503667, 0.0, 0.0, 775.9654956614354, 0.0, 0.0, 0.0, 0.0, 0.0, 760.3225689190913, 0.0, 0.0, 0.0, 0.0, 0.0, 0.0, 0.0, 0.0, 0.0, 0.0, 0.0, 0.0, 0.0, 238.6180034526811, 0.0, 0.0, 0.0, 0.0, 0.0, 798.0315515750743, 0.0, 155.21011824148752, 0.0, 0.0, 248.4936967266109, 768.695659514, 0.0, 0.0, 0.0, 0.0, 0.0, 0.0, 0.0, 167.5752941949363, 244.7930923391521, 0.0, 0.0, 0.0, 0.0, 165.7912105833658, 0.0, 0.0, 0.0, 0.0, 748.9413566371015, 0.0, 0.0, 0.0, 0.0, 793.4014704777319, 0.0, 0.0, 0.0, 0.0, 0.0, 0.0, 0.0, 0.0, 788.3758538928164, 134.9464775625877, 786.3127154620686, 0.0, 0.0, 0.0, 0.0, 0.0, 0.0, 0.0, 0.0, 768.695659514, 0.0, 0.0, 0.0, 0.0, 0.0, 0.0, 0.0, 0.0, 0.0, 0.0, 0.0]
INFORMACIÓN : 5apuestaBundle [768.695659514, 165.7912105833658, 157.6887635722046, 44.39138753265661]
INFORMACIÓN : 5positionsBundle [383, 257, 251, 2009]
INFORMACIÓN : 5levelsBundle [3, 1, 1, 1]
INFORMACIÓN : 5positionsOrdered [383, 257, 251, 2009]
INFORMACIÓN : 5levelsOrdered [3, 1, 1, 1]
INFORMACIÓN : 5partialityOrdered [3, 1, 1, 2]
INFORMACIÓN : 5arrivalTimes [31.78049716414141, 57.857306784952, 63.857306784952, 99.75995292698448]
