----------------------------------------------------------------------
-- Log session for [myBugCoalitionsCCBBAGuaiDEF-47] started on 2017.07.13.18.44.53 --
----------------------------------------------------------------------

INFORMACIÓN : I started
INFORMACIÓN : 0apuestaBundle [792.2484773680591, 788.9497895286595, 786.4439589999536, 783.9137104604865, 783.8129388138298]
INFORMACIÓN : 0positionsBundle [1662, 1756, 1751, 1959, 1478]
INFORMACIÓN : 0levelsBundle [3, 3, 3, 3, 3]
INFORMACIÓN : 0positionsOrdered [1662, 1756, 1751, 1959, 1478]
INFORMACIÓN : 0levelsOrdered [3, 3, 3, 3, 3]
INFORMACIÓN : 0partialityOrdered [3, 3, 3, 3, 3]
INFORMACIÓN : 0arrivalTimes [15.132745950421556, 21.457301270758315, 26.457301270758315, 35.401573180757474, 56.87248373434136]
INFORMACIÓN : I [AB]; lost Test.myBail@65a847d; POS 1662; sensors [IR, MW]; level 3 I paid 792.2484773680591in favour of37@(myturtles,myturtles,bug)@MK-18423 paid 800.3114646788428
INFORMACIÓN : 1historia0[0.0, 0.0, 0.0, 0.0, 0.0, 0.0, 0.0, 0.0, 0.0, 800.3114646788428, 0.0, 0.0, 0.0, 0.0, 0.0, 0.0, 0.0, 0.0, 0.0, 0.0, 0.0, 0.0, 0.0, 0.0, 0.0, 0.0, 0.0, 0.0, 0.0, 800.3114646788428, 0.0, 0.0, 0.0, 0.0, 793.4014704777319, 0.0, 0.0, 0.0, 0.0, 0.0, 0.0, 788.3758538928164, 0.0, 800.3114646788428, 0.0, 793.4014704777319, 0.0, 0.0, 0.0, 0.0, 0.0, 0.0, 798.0315515750743, 0.0, 0.0, 0.0, 0.0, 0.0, 0.0, 0.0, 0.0, 798.0315515750743, 0.0, 0.0, 0.0, 0.0, 0.0, 788.3758538928164, 0.0, 0.0, 0.0, 0.0, 0.0, 0.0, 0.0, 0.0, 0.0, 0.0, 0.0, 0.0, 0.0, 0.0, 0.0, 0.0, 0.0, 0.0, 0.0, 0.0, 0.0, 0.0, 0.0, 0.0, 0.0, 0.0, 0.0, 0.0, 0.0, 0.0, 0.0, 0.0, 0.0, 0.0, 0.0, 0.0, 0.0, 0.0, 0.0, 0.0, 798.0315515750743, 0.0, 0.0, 0.0, 0.0, 0.0, 0.0, 0.0, 0.0, 0.0, 0.0, 0.0, 0.0, 0.0, 0.0, 0.0, 0.0, 0.0, 0.0, 0.0, 0.0, 0.0, 0.0, 0.0, 0.0, 0.0, 0.0, 0.0, 0.0, 0.0, 793.4014704777319, 0.0, 0.0, 0.0, 0.0, 0.0, 0.0, 0.0, 0.0, 788.3758538928164, 0.0, 0.0, 0.0, 0.0, 0.0, 0.0, 0.0, 0.0, 0.0, 0.0, 0.0, 0.0, 0.0, 0.0, 0.0, 0.0, 0.0, 0.0, 0.0, 0.0, 0.0, 0.0]
INFORMACIÓN : 1apuestaBundle [786.4439589999536, 771.5935052788265, 760.4534528664894, 752.7206434593888, 749.072135319271]
INFORMACIÓN : 1positionsBundle [1751, 2300, 1688, 383, 1646]
INFORMACIÓN : 1levelsBundle [3, 3, 3, 3, 3]
INFORMACIÓN : 1positionsOrdered [1751, 2300, 1688, 383, 1646]
INFORMACIÓN : 1levelsOrdered [3, 3, 3, 3, 3]
INFORMACIÓN : 1partialityOrdered [3, 3, 3, 3, 3]
INFORMACIÓN : 1arrivalTimes [19.235384061671343, 30.280745078858605, 70.44291633490501, 96.91932092465245, 125.09732653186319]
INFORMACIÓN : timeSat position 1751 level 3
INFORMACIÓN : I [AB]; lost Test.myBail@32649cb9; POS 1751; sensors [IR, MW]; level 3 I paid 786.4439589999536in favour ofnull paid 786.4439589999536
INFORMACIÓN : 2historia0[786.2312568789779, 0.0, 0.0, 0.0, 0.0, 0.0, 0.0, 0.0, 0.0, 800.3114646788428, 0.0, 0.0, 0.0, 0.0, 0.0, 0.0, 0.0, 0.0, 0.0, 0.0, 0.0, 0.0, 0.0, 0.0, 0.0, 0.0, 0.0, 0.0, 0.0, 800.3114646788428, 0.0, 0.0, 0.0, 0.0, 793.4014704777319, 0.0, 786.2312568789779, 0.0, 0.0, 0.0, 768.695659514, 788.3758538928164, 0.0, 800.3114646788428, 0.0, 793.4014704777319, 0.0, 0.0, 0.0, 0.0, 0.0, 775.9654956614354, 798.0315515750743, 0.0, 0.0, 0.0, 0.0, 775.9654956614354, 0.0, 0.0, 0.0, 798.0315515750743, 0.0, 0.0, 0.0, 0.0, 0.0, 788.3758538928164, 0.0, 0.0, 0.0, 0.0, 0.0, 0.0, 0.0, 0.0, 0.0, 0.0, 0.0, 0.0, 0.0, 0.0, 775.9654956614354, 0.0, 0.0, 0.0, 0.0, 0.0, 0.0, 0.0, 0.0, 0.0, 0.0, 0.0, 0.0, 0.0, 0.0, 0.0, 0.0, 0.0, 0.0, 0.0, 0.0, 0.0, 0.0, 0.0, 0.0, 0.0, 798.0315515750743, 0.0, 0.0, 0.0, 0.0, 0.0, 768.695659514, 0.0, 0.0, 0.0, 0.0, 0.0, 0.0, 0.0, 0.0, 0.0, 0.0, 0.0, 0.0, 0.0, 0.0, 0.0, 0.0, 0.0, 0.0, 0.0, 0.0, 0.0, 0.0, 0.0, 793.4014704777319, 0.0, 0.0, 0.0, 0.0, 0.0, 0.0, 0.0, 0.0, 788.3758538928164, 0.0, 0.0, 0.0, 0.0, 0.0, 0.0, 0.0, 0.0, 0.0, 0.0, 768.695659514, 0.0, 0.0, 0.0, 0.0, 0.0, 0.0, 0.0, 0.0, 0.0, 0.0, 0.0]
INFORMACIÓN : 2apuestaBundle [786.3127154620686, 760.3225689190913, 748.9413566371015, 295.1592818776686, 277.1626132940596]
INFORMACIÓN : 2positionsBundle [1751, 1688, 1646, 1209, 1720]
INFORMACIÓN : 2levelsBundle [3, 3, 3, 2, 2]
INFORMACIÓN : 2positionsOrdered [1209, 1751, 1688, 1646, 1720]
INFORMACIÓN : 2levelsOrdered [2, 3, 3, 3, 2]
INFORMACIÓN : 2partialityOrdered [2, 3, 3, 3, 2]
INFORMACIÓN : 2arrivalTimes [6.082762530298219, 22.457301270758315, 59.511315898056125, 67.57357364635467, 93.65038326716527]
INFORMACIÓN : 3historia0[786.2312568789779, 0.0, 0.0, 0.0, 0.0, 238.41801106848504, 0.0, 0.0, 0.0, 800.3114646788428, 0.0, 0.0, 0.0, 0.0, 0.0, 0.0, 0.0, 0.0, 0.0, 0.0, 0.0, 0.0, 0.0, 0.0, 0.0, 0.0, 0.0, 279.53741450715313, 0.0, 800.3114646788428, 0.0, 0.0, 0.0, 0.0, 793.4014704777319, 0.0, 786.2312568789779, 0.0, 295.1592818776686, 0.0, 768.695659514, 788.3758538928164, 0.0, 800.3114646788428, 0.0, 793.4014704777319, 0.0, 0.0, 0.0, 0.0, 0.0, 775.9654956614354, 798.0315515750743, 0.0, 0.0, 0.0, 0.0, 775.9654956614354, 0.0, 0.0, 0.0, 798.0315515750743, 0.0, 0.0, 0.0, 0.0, 0.0, 788.3758538928164, 0.0, 0.0, 0.0, 0.0, 0.0, 0.0, 277.1626132940596, 0.0, 295.1592818776686, 0.0, 0.0, 0.0, 0.0, 0.0, 775.9654956614354, 0.0, 0.0, 0.0, 0.0, 0.0, 760.3225689190913, 0.0, 0.0, 0.0, 0.0, 0.0, 0.0, 0.0, 0.0, 0.0, 0.0, 0.0, 0.0, 0.0, 0.0, 0.0, 0.0, 0.0, 0.0, 0.0, 798.0315515750743, 0.0, 0.0, 0.0, 0.0, 248.4936967266109, 768.695659514, 0.0, 0.0, 0.0, 0.0, 0.0, 0.0, 0.0, 0.0, 0.0, 0.0, 0.0, 0.0, 0.0, 0.0, 0.0, 0.0, 0.0, 0.0, 748.9413566371015, 0.0, 0.0, 0.0, 0.0, 793.4014704777319, 0.0, 0.0, 0.0, 0.0, 0.0, 0.0, 0.0, 0.0, 788.3758538928164, 0.0, 786.3127154620686, 0.0, 0.0, 0.0, 0.0, 0.0, 0.0, 0.0, 0.0, 768.695659514, 0.0, 0.0, 0.0, 0.0, 0.0, 0.0, 0.0, 0.0, 0.0, 0.0, 0.0]
INFORMACIÓN : 3apuestaBundle [786.3127154620686, 760.3225689190913, 748.9413566371015, 295.1592818776686, 277.1626132940596]
INFORMACIÓN : 3positionsBundle [1751, 1688, 1646, 1209, 1720]
INFORMACIÓN : 3levelsBundle [3, 3, 3, 2, 2]
INFORMACIÓN : 3positionsOrdered [1209, 1751, 1688, 1646, 1720]
INFORMACIÓN : 3levelsOrdered [2, 3, 3, 3, 2]
INFORMACIÓN : 3partialityOrdered [2, 3, 3, 3, 2]
INFORMACIÓN : 3arrivalTimes [6.082762530298219, 22.457301270758315, 59.511315898056125, 67.57357364635467, 93.65038326716527]
INFORMACIÓN : 4historia0[786.2312568789779, 238.6180034526811, 0.0, 0.0, 0.0, 238.41801106848504, 0.0, 0.0, 0.0, 800.3114646788428, 0.0, 173.8043729583528, 0.0, 0.0, 0.0, 0.0, 0.0, 0.0, 0.0, 0.0, 0.0, 0.0, 0.0, 0.0, 0.0, 143.96646183153618, 0.0, 279.53741450715313, 0.0, 800.3114646788428, 0.0, 168.68160214465638, 0.0, 0.0, 793.4014704777319, 0.0, 786.2312568789779, 159.36271580076848, 295.1592818776686, 0.0, 768.695659514, 788.3758538928164, 0.0, 800.3114646788428, 0.0, 793.4014704777319, 0.0, 0.0, 0.0, 0.0, 0.0, 775.9654956614354, 798.0315515750743, 0.0, 0.0, 0.0, 0.0, 775.9654956614354, 0.0, 0.0, 0.0, 798.0315515750743, 0.0, 0.0, 0.0, 0.0, 0.0, 788.3758538928164, 0.0, 0.0, 0.0, 0.0, 0.0, 0.0, 277.1626132940596, 0.0, 295.1592818776686, 0.0, 0.0, 166.6530804503667, 0.0, 0.0, 775.9654956614354, 0.0, 0.0, 0.0, 0.0, 0.0, 760.3225689190913, 0.0, 0.0, 0.0, 0.0, 0.0, 0.0, 0.0, 0.0, 0.0, 0.0, 0.0, 0.0, 0.0, 238.6180034526811, 0.0, 0.0, 0.0, 0.0, 0.0, 798.0315515750743, 0.0, 155.21011824148752, 0.0, 0.0, 248.4936967266109, 768.695659514, 0.0, 0.0, 0.0, 0.0, 0.0, 0.0, 0.0, 167.5752941949363, 244.7930923391521, 0.0, 0.0, 0.0, 0.0, 165.7912105833658, 0.0, 0.0, 0.0, 0.0, 748.9413566371015, 0.0, 0.0, 0.0, 0.0, 793.4014704777319, 0.0, 0.0, 0.0, 0.0, 0.0, 0.0, 0.0, 0.0, 788.3758538928164, 0.0, 786.3127154620686, 0.0, 0.0, 0.0, 0.0, 0.0, 0.0, 0.0, 0.0, 768.695659514, 0.0, 0.0, 0.0, 0.0, 0.0, 0.0, 0.0, 0.0, 0.0, 0.0, 0.0]
INFORMACIÓN : 4apuestaBundle [786.3127154620686, 760.3225689190913, 748.9413566371015, 295.1592818776686, 277.1626132940596]
INFORMACIÓN : 4positionsBundle [1751, 1688, 1646, 1209, 1720]
INFORMACIÓN : 4levelsBundle [3, 3, 3, 2, 2]
INFORMACIÓN : 4positionsOrdered [1209, 1751, 1688, 1646, 1720]
INFORMACIÓN : 4levelsOrdered [2, 3, 3, 3, 2]
INFORMACIÓN : 4partialityOrdered [2, 3, 3, 3, 2]
INFORMACIÓN : 4arrivalTimes [6.082762530298219, 22.457301270758315, 59.511315898056125, 67.57357364635467, 93.65038326716527]
INFORMACIÓN : 5historia0[786.2312568789779, 238.6180034526811, 0.0, 0.0, 0.0, 238.41801106848504, 0.0, 0.0, 0.0, 800.3114646788428, 0.0, 173.8043729583528, 0.0, 0.0, 0.0, 0.0, 0.0, 0.0, 0.0, 0.0, 0.0, 0.0, 0.0, 0.0, 0.0, 143.96646183153618, 0.0, 279.53741450715313, 0.0, 800.3114646788428, 0.0, 168.68160214465638, 0.0, 0.0, 793.4014704777319, 0.0, 786.2312568789779, 159.36271580076848, 295.1592818776686, 147.1699149031682, 768.695659514, 788.3758538928164, 0.0, 800.3114646788428, 0.0, 793.4014704777319, 0.0, 0.0, 0.0, 0.0, 0.0, 775.9654956614354, 798.0315515750743, 0.0, 0.0, 0.0, 0.0, 775.9654956614354, 0.0, 0.0, 0.0, 798.0315515750743, 0.0, 0.0, 0.0, 0.0, 0.0, 788.3758538928164, 0.0, 0.0, 0.0, 0.0, 0.0, 0.0, 277.1626132940596, 0.0, 295.1592818776686, 0.0, 0.0, 166.6530804503667, 0.0, 0.0, 775.9654956614354, 0.0, 0.0, 0.0, 0.0, 0.0, 760.3225689190913, 0.0, 0.0, 0.0, 0.0, 0.0, 0.0, 0.0, 0.0, 0.0, 0.0, 0.0, 0.0, 0.0, 238.6180034526811, 0.0, 0.0, 0.0, 0.0, 0.0, 798.0315515750743, 0.0, 155.21011824148752, 0.0, 0.0, 248.4936967266109, 768.695659514, 0.0, 0.0, 0.0, 0.0, 0.0, 0.0, 0.0, 167.5752941949363, 244.7930923391521, 0.0, 0.0, 0.0, 0.0, 165.7912105833658, 0.0, 0.0, 0.0, 0.0, 748.9413566371015, 0.0, 0.0, 0.0, 0.0, 793.4014704777319, 0.0, 0.0, 0.0, 0.0, 0.0, 0.0, 0.0, 0.0, 788.3758538928164, 134.9464775625877, 786.3127154620686, 0.0, 0.0, 0.0, 0.0, 0.0, 0.0, 0.0, 0.0, 768.695659514, 0.0, 0.0, 0.0, 0.0, 0.0, 0.0, 0.0, 0.0, 0.0, 0.0, 0.0]
