----------------------------------------------------------------------
-- Log session for [myBugCoalitionsCCBBAGuaiDEF-21] started on 2018.01.04.04.50.19 --
----------------------------------------------------------------------

INFORMACIÓN : I started
INFORMACIÓN : 0apuestaBundle [639.5091416132634, 639.5091416132634, 613.1719894522813, 578.8271999040606, 578.8271999040606, 563.8596408762296, 550.2992606834209]
INFORMACIÓN : 0positionsBundle [858, 858, 1505, 337, 337, 2384, 1498]
INFORMACIÓN : 0levelsBundle [2, 2, 2, 2, 2, 2, 2]
INFORMACIÓN : 0positionsOrdered [858, 858, 1505, 337, 337, 2384, 1498]
INFORMACIÓN : 0levelsOrdered [2, 2, 2, 2, 2, 2, 2]
INFORMACIÓN : 0partialityOrdered [2, 2, 2, 2, 2, 2, 2]
INFORMACIÓN : 0arrivalTimes [6.708203932499369, 6.708203932499369, 20.049867996625704, 60.04986799662571, 60.04986799662571, 101.15947757881463, 123.96298608079739]
INFORMACIÓN : coalSat position 858 level 2
INFORMACIÓN : I [IR, MW]; lost Test.myBail@5e033da2; POS 858; sensors [IR]; level 2 I paid 639.5091416132634in favour of30@(myturtles,myturtles,bug)@MK-201 paid 649.4348949723612
INFORMACIÓN : 1historia0[0.0, 0.0, 0.0, 0.0, 0.0, 0.0, 0.0, 0.0, 0.0, 0.0, 0.0, 0.0, 635.6966415304163, 0.0, 0.0, 0.0, 629.0574071413912, 0.0, 0.0, 0.0, 636.3531928851373, 0.0, 0.0, 0.0, 0.0, 0.0, 0.0, 0.0, 0.0, 0.0, 0.0, 0.0, 0.0, 0.0, 0.0, 0.0, 0.0, 577.2973293491618, 0.0, 0.0, 0.0, 0.0, 0.0, 0.0, 0.0, 592.4303204575132, 0.0, 0.0, 0.0, 0.0, 0.0, 0.0, 0.0, 0.0, 0.0, 567.1171277246015, 0.0, 0.0, 0.0, 0.0, 0.0, 0.0, 0.0, 0.0, 0.0, 0.0, 0.0, 0.0, 0.0, 0.0, 0.0, 619.1989702690635, 0.0, 0.0, 0.0, 0.0, 0.0, 619.1989702690635, 0.0, 0.0, 0.0, 0.0, 0.0, 649.4348949723612, 0.0, 569.1055087509403, 0.0, 0.0, 592.9990617302674, 0.0, 0.0, 0.0, 0.0, 0.0, 0.0, 0.0, 0.0, 0.0, 0.0, 0.0, 0.0, 0.0, 0.0, 0.0, 0.0, 0.0, 0.0, 0.0, 0.0, 0.0, 0.0, 0.0, 0.0, 569.9382358364036, 0.0, 0.0, 0.0, 0.0, 0.0, 0.0]
INFORMACIÓN : 1apuestaBundle [555.4342648058446, 555.4342648058446, 544.6824471572028, 494.6648368602774, 484.1287956946762, 484.1287956946762, 474.2122304430311]
INFORMACIÓN : 1positionsBundle [2005, 2005, 1565, 1978, 89, 89, 426]
INFORMACIÓN : 1levelsBundle [2, 2, 2, 2, 2, 2, 2]
INFORMACIÓN : 1positionsOrdered [2005, 2005, 1565, 1978, 89, 89, 426]
INFORMACIÓN : 1levelsOrdered [2, 2, 2, 2, 2, 2, 2]
INFORMACIÓN : 1partialityOrdered [2, 2, 2, 2, 2, 2, 2]
INFORMACIÓN : 1arrivalTimes [26.1725046566048, 26.1725046566048, 72.03268936631778, 87.29702688879154, 126.8571077784965, 126.8571077784965, 141.6219308387299]
INFORMACIÓN : coalSat position 89 level 2
INFORMACIÓN : I [IR, MW]; lost Test.myBail@189d4cf4; POS 1978; sensors [AB]; level 2 I paid 494.6648368602774in favour of25@(myturtles,myturtles,bug)@MK-201 paid 556.0727806041014
INFORMACIÓN : 2historia0[0.0, 0.0, 0.0, 0.0, 0.0, 0.0, 0.0, 555.4342648058446, 0.0, 0.0, 0.0, 0.0, 635.6966415304163, 0.0, 0.0, 0.0, 622.2339737464295, 0.0, 0.0, 0.0, 636.3531928851373, 0.0, 0.0, 0.0, 0.0, 0.0, 0.0, 0.0, 0.0, 0.0, 0.0, 0.0, 0.0, 0.0, 0.0, 0.0, 0.0, 569.0163339040266, 0.0, 0.0, 0.0, 0.0, 0.0, 0.0, 0.0, 561.2490567821858, 0.0, 0.0, 0.0, 0.0, 0.0, 0.0, 0.0, 0.0, 0.0, 559.6273967780887, 0.0, 556.0727806041014, 0.0, 0.0, 480.87650219201186, 0.0, 616.6016289080821, 0.0, 0.0, 0.0, 589.4972146666073, 544.6824471572028, 0.0, 0.0, 0.0, 611.125436928213, 0.0, 0.0, 0.0, 0.0, 0.0, 611.125436928213, 0.0, 0.0, 0.0, 555.4342648058446, 0.0, 641.298045070828, 0.0, 550.8107873224776, 0.0, 0.0, 564.5872241625486, 0.0, 0.0, 0.0, 0.0, 0.0, 0.0, 0.0, 0.0, 0.0, 0.0, 0.0, 0.0, 0.0, 0.0, 0.0, 0.0, 0.0, 0.0, 0.0, 0.0, 0.0, 0.0, 0.0, 0.0, 569.9382358364036, 0.0, 0.0, 0.0, 0.0, 0.0, 0.0]
INFORMACIÓN : 2apuestaBundle [555.4342648058446, 555.4342648058446, 544.6824471572028, 625.9686778484775, 613.1719894522813, 474.2122304430311]
INFORMACIÓN : 2positionsBundle [2005, 2005, 1565, 1498, 1505, 426]
INFORMACIÓN : 2levelsBundle [2, 2, 2, 2, 2, 2]
INFORMACIÓN : 2positionsOrdered [2005, 2005, 1505, 1565, 426, 1498]
INFORMACIÓN : 2levelsOrdered [2, 2, 2, 2, 2, 2]
INFORMACIÓN : 2partialityOrdered [2, 2, 2, 2, 2, 2]
INFORMACIÓN : 2arrivalTimes [26.1725046566048, 26.1725046566048, 50.65341904365498, 72.03268936631778, 97.5277869342817, 153.6377204252434]
INFORMACIÓN : coalSat position 1498 level 2
INFORMACIÓN : I [IR, MW]; lost Test.myBail@7ea7c0de; POS 1565; sensors [MW]; level 2 I paid 544.6824471572028in favour of25@(myturtles,myturtles,bug)@MK-201 paid 566.0291159378655
INFORMACIÓN : 3historia0[0.0, 556.1718081546244, 0.0, 0.0, 0.0, 0.0, 0.0, 555.4342648058446, 0.0, 0.0, 0.0, 0.0, 635.6966415304163, 0.0, 0.0, 0.0, 618.9298299233819, 0.0, 0.0, 0.0, 636.3531928851373, 0.0, 0.0, 505.6653546943911, 0.0, 0.0, 0.0, 0.0, 0.0, 0.0, 0.0, 0.0, 0.0, 0.0, 0.0, 0.0, 0.0, 574.4398931188656, 0.0, 0.0, 0.0, 0.0, 0.0, 0.0, 0.0, 0.0, 0.0, 0.0, 0.0, 0.0, 0.0, 491.0054324321379, 0.0, 0.0, 0.0, 570.6836895935854, 556.1718081546244, 556.0727806041014, 0.0, 0.0, 480.87650219201186, 0.0, 616.6016289080821, 0.0, 0.0, 578.6724659057077, 589.4972146666073, 566.0291159378655, 0.0, 0.0, 0.0, 616.4131208108073, 0.0, 0.0, 0.0, 0.0, 0.0, 616.4131208108073, 0.0, 0.0, 0.0, 555.4342648058446, 0.0, 646.6271975327035, 0.0, 565.9849753681403, 0.0, 0.0, 570.2179588865403, 0.0, 0.0, 0.0, 0.0, 0.0, 0.0, 0.0, 0.0, 0.0, 0.0, 491.0054324321379, 0.0, 0.0, 0.0, 0.0, 0.0, 0.0, 0.0, 0.0, 0.0, 0.0, 0.0, 0.0, 0.0, 558.6754780357828, 0.0, 0.0, 0.0, 0.0, 0.0, 0.0]
INFORMACIÓN : 3apuestaBundle [555.4342648058446, 555.4342648058446, 603.0533659400589, 454.07173785952756, 420.93415788060895, 406.87985008054557]
INFORMACIÓN : 3positionsBundle [2005, 2005, 1498, 1910, 1314, 91]
INFORMACIÓN : 3levelsBundle [2, 2, 2, 2, 2, 2]
INFORMACIÓN : 3positionsOrdered [2005, 2005, 1910, 1314, 1498, 91]
INFORMACIÓN : 3levelsOrdered [2, 2, 2, 2, 2, 2]
INFORMACIÓN : 3partialityOrdered [2, 2, 2, 2, 2, 2]
INFORMACIÓN : 3arrivalTimes [26.1725046566048, 26.1725046566048, 31.557669463739305, 44.20678010441282, 82.79003155997871, 111.65177093930234]
INFORMACIÓN : I [IR, MW]; lost Test.myBail@463e784f; POS 1910; sensors [AB]; level 2 I paid 454.07173785952756in favour of25@(myturtles,myturtles,bug)@MK-201 paid 469.3067577934369
INFORMACIÓN : 4historia0[0.0, 537.5124535630907, 0.0, 0.0, 0.0, 0.0, 0.0, 555.4342648058446, 0.0, 0.0, 0.0, 498.7578742321749, 635.6966415304163, 0.0, 0.0, 0.0, 619.3765375161331, 0.0, 0.0, 0.0, 636.3531928851373, 0.0, 0.0, 505.6653546943911, 0.0, 0.0, 0.0, 0.0, 0.0, 0.0, 0.0, 0.0, 0.0, 478.4805896332298, 0.0, 0.0, 0.0, 574.4398931188656, 0.0, 0.0, 0.0, 0.0, 0.0, 0.0, 0.0, 603.0533659400589, 0.0, 0.0, 0.0, 0.0, 0.0, 503.2323888855194, 0.0, 0.0, 0.0, 566.7010203332106, 537.5124535630907, 492.8032044810255, 0.0, 0.0, 480.87650219201186, 469.3067577934369, 616.6016289080821, 0.0, 0.0, 578.6724659057077, 589.4972146666073, 566.7010203332106, 0.0, 498.7578742321749, 0.0, 616.4131208108073, 0.0, 0.0, 0.0, 0.0, 0.0, 616.4131208108073, 0.0, 0.0, 0.0, 555.4342648058446, 0.0, 646.6271975327035, 0.0, 565.9849753681403, 0.0, 0.0, 570.2179588865403, 0.0, 0.0, 0.0, 0.0, 0.0, 0.0, 0.0, 0.0, 0.0, 0.0, 503.596352921714, 0.0, 0.0, 0.0, 0.0, 0.0, 0.0, 0.0, 0.0, 0.0, 0.0, 0.0, 0.0, 0.0, 569.9382358364036, 0.0, 0.0, 0.0, 0.0, 0.0, 0.0]
INFORMACIÓN : 4apuestaBundle [555.4342648058446, 555.4342648058446, 603.0533659400589, 420.93415788060895, 402.2135994976875, 388.8590622482193, 388.8590622482193]
INFORMACIÓN : 4positionsBundle [2005, 2005, 1498, 1314, 171, 1965, 1965]
INFORMACIÓN : 4levelsBundle [2, 2, 2, 2, 2, 2, 2]
INFORMACIÓN : 4positionsOrdered [2005, 2005, 1314, 1498, 171, 1965, 1965]
INFORMACIÓN : 4levelsOrdered [2, 2, 2, 2, 2, 2, 2]
INFORMACIÓN : 4partialityOrdered [2, 2, 2, 2, 2, 2, 2]
INFORMACIÓN : 4arrivalTimes [26.1725046566048, 26.1725046566048, 42.815821633698036, 82.79003155997871, 120.27336118796134, 156.76993636975067, 156.76993636975067]
INFORMACIÓN : 5historia0[0.0, 537.5124535630907, 0.0, 0.0, 0.0, 0.0, 0.0, 555.4342648058446, 0.0, 0.0, 0.0, 0.0, 635.6966415304163, 0.0, 0.0, 0.0, 619.3765375161331, 0.0, 0.0, 0.0, 636.3531928851373, 0.0, 388.8590622482193, 505.6653546943911, 0.0, 0.0, 0.0, 0.0, 0.0, 0.0, 0.0, 0.0, 0.0, 0.0, 0.0, 0.0, 0.0, 574.4398931188656, 0.0, 0.0, 0.0, 0.0, 0.0, 0.0, 0.0, 603.0533659400589, 0.0, 0.0, 402.2135994976875, 0.0, 388.8590622482193, 503.2323888855194, 420.93415788060895, 0.0, 0.0, 566.7010203332106, 542.5246305379196, 540.2717156547574, 0.0, 0.0, 480.87650219201186, 469.3067577934369, 616.6016289080821, 0.0, 0.0, 578.6724659057077, 589.4972146666073, 566.7010203332106, 0.0, 0.0, 0.0, 616.4131208108073, 0.0, 0.0, 460.62687721656596, 0.0, 0.0, 616.4131208108073, 0.0, 0.0, 0.0, 555.4342648058446, 0.0, 646.6271975327035, 0.0, 565.9849753681403, 0.0, 0.0, 570.2179588865403, 0.0, 0.0, 0.0, 0.0, 0.0, 0.0, 0.0, 0.0, 0.0, 0.0, 0.0, 0.0, 0.0, 0.0, 0.0, 0.0, 0.0, 0.0, 0.0, 0.0, 0.0, 0.0, 0.0, 0.0, 569.9382358364036, 0.0, 0.0, 0.0, 0.0, 0.0, 0.0]
INFORMACIÓN : 5apuestaBundle [555.4342648058446, 555.4342648058446, 603.0533659400589, 420.93415788060895, 402.2135994976875, 388.8590622482193, 388.8590622482193]
INFORMACIÓN : 5positionsBundle [2005, 2005, 1498, 1314, 171, 1965, 1965]
INFORMACIÓN : 5levelsBundle [2, 2, 2, 2, 2, 2, 2]
INFORMACIÓN : 5positionsOrdered [2005, 2005, 1314, 1498, 171, 1965, 1965]
INFORMACIÓN : 5levelsOrdered [2, 2, 2, 2, 2, 2, 2]
INFORMACIÓN : 5partialityOrdered [2, 2, 2, 2, 2, 2, 2]
INFORMACIÓN : 5arrivalTimes [26.1725046566048, 26.1725046566048, 42.815821633698036, 82.79003155997871, 120.27336118796134, 156.76993636975067, 156.76993636975067]
INFORMACIÓN : 6historia0[0.0, 537.5124535630907, 0.0, 0.0, 0.0, 0.0, 0.0, 555.4342648058446, 0.0, 0.0, 0.0, 427.549282269365, 635.6966415304163, 0.0, 0.0, 0.0, 619.3765375161331, 0.0, 0.0, 0.0, 636.3531928851373, 0.0, 388.8590622482193, 505.6653546943911, 0.0, 0.0, 0.0, 0.0, 0.0, 0.0, 0.0, 0.0, 0.0, 0.0, 0.0, 0.0, 0.0, 574.4398931188656, 0.0, 0.0, 0.0, 0.0, 0.0, 0.0, 0.0, 603.0533659400589, 0.0, 0.0, 402.2135994976875, 0.0, 388.8590622482193, 503.2323888855194, 420.93415788060895, 0.0, 0.0, 566.7010203332106, 542.5246305379196, 540.2717156547574, 0.0, 0.0, 480.87650219201186, 469.3067577934369, 616.6016289080821, 0.0, 0.0, 578.6724659057077, 589.4972146666073, 566.7010203332106, 0.0, 427.549282269365, 0.0, 616.4131208108073, 0.0, 0.0, 460.62687721656596, 0.0, 0.0, 616.4131208108073, 0.0, 0.0, 0.0, 555.4342648058446, 0.0, 646.6271975327035, 0.0, 565.9849753681403, 0.0, 0.0, 570.2179588865403, 0.0, 0.0, 0.0, 0.0, 0.0, 0.0, 0.0, 0.0, 0.0, 0.0, 515.6716513276453, 0.0, 0.0, 0.0, 0.0, 0.0, 0.0, 0.0, 0.0, 0.0, 0.0, 0.0, 0.0, 0.0, 569.9382358364036, 0.0, 0.0, 0.0, 0.0, 0.0, 0.0]
INFORMACIÓN : 6apuestaBundle [555.4342648058446, 555.4342648058446, 603.0533659400589, 420.93415788060895, 402.2135994976875, 388.8590622482193, 388.8590622482193]
INFORMACIÓN : 6positionsBundle [2005, 2005, 1498, 1314, 171, 1965, 1965]
INFORMACIÓN : 6levelsBundle [2, 2, 2, 2, 2, 2, 2]
INFORMACIÓN : 6positionsOrdered [2005, 2005, 1314, 1498, 171, 1965, 1965]
INFORMACIÓN : 6levelsOrdered [2, 2, 2, 2, 2, 2, 2]
INFORMACIÓN : 6partialityOrdered [2, 2, 2, 2, 2, 2, 2]
INFORMACIÓN : 6arrivalTimes [26.1725046566048, 26.1725046566048, 42.815821633698036, 82.79003155997871, 120.27336118796134, 156.76993636975067, 156.76993636975067]
INFORMACIÓN : I [IR, MW]; lost Test.myBail@30740921; POS 171; sensors [AB]; level 2 I paid 402.2135994976875in favour of41@(myturtles,myturtles,bug)@MK-201 paid 451.8153498097706
INFORMACIÓN : 7historia0[0.0, 528.5922130632812, 0.0, 0.0, 0.0, 0.0, 0.0, 555.4342648058446, 439.3044970818687, 0.0, 0.0, 462.49386951073166, 635.6966415304163, 0.0, 0.0, 0.0, 619.3765375161331, 0.0, 0.0, 0.0, 636.3531928851373, 0.0, 0.0, 505.6653546943911, 0.0, 0.0, 0.0, 0.0, 0.0, 0.0, 0.0, 0.0, 0.0, 471.6135915314835, 0.0, 0.0, 0.0, 574.4398931188656, 0.0, 0.0, 0.0, 0.0, 0.0, 0.0, 0.0, 603.0533659400589, 0.0, 0.0, 451.8153498097706, 0.0, 0.0, 0.0, 420.93415788060895, 0.0, 0.0, 566.7010203332106, 542.5246305379196, 540.2717156547574, 0.0, 0.0, 480.87650219201186, 469.3067577934369, 616.6016289080821, 0.0, 0.0, 578.6724659057077, 589.4972146666073, 566.7010203332106, 0.0, 437.30675067266725, 0.0, 616.4131208108073, 0.0, 0.0, 460.62687721656596, 0.0, 0.0, 616.4131208108073, 0.0, 0.0, 0.0, 555.4342648058446, 0.0, 646.6271975327035, 0.0, 565.9849753681403, 0.0, 0.0, 570.2179588865403, 0.0, 0.0, 0.0, 0.0, 0.0, 0.0, 0.0, 0.0, 0.0, 0.0, 515.6716513276453, 0.0, 0.0, 0.0, 0.0, 0.0, 0.0, 0.0, 0.0, 0.0, 0.0, 0.0, 0.0, 0.0, 569.9382358364036, 0.0, 0.0, 0.0, 0.0, 0.0, 0.0]
INFORMACIÓN : 7apuestaBundle [555.4342648058446, 555.4342648058446, 603.0533659400589, 420.93415788060895, 388.8590622482193, 388.8590622482193, 345.47818873459664, 345.47818873459664]
INFORMACIÓN : 7positionsBundle [2005, 2005, 1498, 1314, 1965, 1965, 2299, 2299]
INFORMACIÓN : 7levelsBundle [2, 2, 2, 2, 2, 2, 2, 2]
INFORMACIÓN : 7positionsOrdered [2005, 2005, 1314, 1498, 1965, 1965, 2299, 2299]
INFORMACIÓN : 7levelsOrdered [2, 2, 2, 2, 2, 2, 2, 2]
INFORMACIÓN : 7partialityOrdered [2, 2, 2, 2, 2, 2, 2, 2]
INFORMACIÓN : 7arrivalTimes [26.1725046566048, 26.1725046566048, 42.815821633698036, 82.79003155997871, 117.27191085911204, 117.27191085911204, 151.79726386237618, 151.79726386237618]
INFORMACIÓN : 8historia0[0.0, 528.5922130632812, 0.0, 0.0, 0.0, 0.0, 0.0, 555.4342648058446, 439.3044970818687, 0.0, 0.0, 462.49386951073166, 635.6966415304163, 0.0, 0.0, 0.0, 619.3765375161331, 0.0, 0.0, 0.0, 636.3531928851373, 0.0, 388.8590622482193, 505.6653546943911, 0.0, 0.0, 0.0, 0.0, 0.0, 0.0, 0.0, 0.0, 0.0, 471.6135915314835, 0.0, 0.0, 0.0, 574.4398931188656, 0.0, 0.0, 0.0, 0.0, 0.0, 0.0, 0.0, 603.0533659400589, 0.0, 0.0, 451.8153498097706, 0.0, 388.8590622482193, 0.0, 420.93415788060895, 0.0, 0.0, 566.7010203332106, 542.5246305379196, 540.2717156547574, 0.0, 0.0, 480.87650219201186, 469.3067577934369, 616.6016289080821, 0.0, 345.47818873459664, 578.6724659057077, 589.4972146666073, 566.7010203332106, 0.0, 0.0, 0.0, 616.4131208108073, 0.0, 0.0, 460.62687721656596, 0.0, 0.0, 616.4131208108073, 0.0, 0.0, 0.0, 555.4342648058446, 0.0, 646.6271975327035, 345.47818873459664, 565.9849753681403, 0.0, 0.0, 570.2179588865403, 0.0, 0.0, 0.0, 0.0, 0.0, 0.0, 0.0, 0.0, 0.0, 0.0, 515.6716513276453, 0.0, 0.0, 0.0, 0.0, 0.0, 0.0, 0.0, 0.0, 0.0, 0.0, 0.0, 0.0, 0.0, 569.9382358364036, 0.0, 0.0, 0.0, 0.0, 0.0, 0.0]
INFORMACIÓN : 8apuestaBundle [555.4342648058446, 555.4342648058446, 603.0533659400589, 420.93415788060895, 388.8590622482193, 388.8590622482193, 345.47818873459664, 345.47818873459664]
INFORMACIÓN : 8positionsBundle [2005, 2005, 1498, 1314, 1965, 1965, 2299, 2299]
INFORMACIÓN : 8levelsBundle [2, 2, 2, 2, 2, 2, 2, 2]
INFORMACIÓN : 8positionsOrdered [2005, 2005, 1314, 1498, 1965, 1965, 2299, 2299]
INFORMACIÓN : 8levelsOrdered [2, 2, 2, 2, 2, 2, 2, 2]
INFORMACIÓN : 8partialityOrdered [2, 2, 2, 2, 2, 2, 2, 2]
INFORMACIÓN : 8arrivalTimes [26.1725046566048, 26.1725046566048, 42.815821633698036, 82.79003155997871, 117.27191085911204, 117.27191085911204, 151.79726386237618, 151.79726386237618]
INFORMACIÓN : 9historia0[0.0, 528.5922130632812, 0.0, 0.0, 0.0, 0.0, 0.0, 555.4342648058446, 439.3044970818687, 0.0, 0.0, 462.49386951073166, 635.6966415304163, 0.0, 0.0, 0.0, 619.3765375161331, 0.0, 0.0, 0.0, 636.3531928851373, 0.0, 388.8590622482193, 505.6653546943911, 0.0, 0.0, 0.0, 0.0, 0.0, 0.0, 0.0, 0.0, 0.0, 471.6135915314835, 0.0, 0.0, 0.0, 574.4398931188656, 0.0, 0.0, 0.0, 0.0, 0.0, 0.0, 0.0, 603.0533659400589, 0.0, 0.0, 451.8153498097706, 0.0, 388.8590622482193, 0.0, 420.93415788060895, 0.0, 0.0, 566.7010203332106, 542.5246305379196, 540.2717156547574, 0.0, 0.0, 480.87650219201186, 469.3067577934369, 616.6016289080821, 0.0, 345.47818873459664, 578.6724659057077, 589.4972146666073, 566.7010203332106, 0.0, 437.30675067266725, 0.0, 616.4131208108073, 0.0, 0.0, 460.62687721656596, 0.0, 0.0, 616.4131208108073, 0.0, 0.0, 0.0, 555.4342648058446, 0.0, 646.6271975327035, 345.47818873459664, 565.9849753681403, 0.0, 0.0, 570.2179588865403, 0.0, 0.0, 0.0, 0.0, 0.0, 0.0, 0.0, 0.0, 0.0, 0.0, 515.6716513276453, 0.0, 0.0, 0.0, 0.0, 0.0, 0.0, 0.0, 0.0, 0.0, 0.0, 0.0, 0.0, 0.0, 569.9382358364036, 0.0, 0.0, 0.0, 0.0, 0.0, 0.0]
INFORMACIÓN : 9apuestaBundle [555.4342648058446, 555.4342648058446, 603.0533659400589, 420.93415788060895, 388.8590622482193, 388.8590622482193, 345.47818873459664, 345.47818873459664]
INFORMACIÓN : 9positionsBundle [2005, 2005, 1498, 1314, 1965, 1965, 2299, 2299]
INFORMACIÓN : 9levelsBundle [2, 2, 2, 2, 2, 2, 2, 2]
INFORMACIÓN : 9positionsOrdered [2005, 2005, 1314, 1498, 1965, 1965, 2299, 2299]
INFORMACIÓN : 9levelsOrdered [2, 2, 2, 2, 2, 2, 2, 2]
INFORMACIÓN : 9partialityOrdered [2, 2, 2, 2, 2, 2, 2, 2]
INFORMACIÓN : 9arrivalTimes [26.1725046566048, 26.1725046566048, 42.815821633698036, 82.79003155997871, 117.27191085911204, 117.27191085911204, 151.79726386237618, 151.79726386237618]
INFORMACIÓN : 10historia0[0.0, 528.5922130632812, 0.0, 0.0, 0.0, 0.0, 0.0, 555.4342648058446, 439.3044970818687, 0.0, 0.0, 462.49386951073166, 635.6966415304163, 0.0, 0.0, 0.0, 619.3765375161331, 0.0, 0.0, 0.0, 636.3531928851373, 0.0, 388.8590622482193, 505.6653546943911, 0.0, 0.0, 0.0, 0.0, 0.0, 0.0, 0.0, 0.0, 0.0, 471.6135915314835, 0.0, 0.0, 0.0, 574.4398931188656, 0.0, 0.0, 0.0, 0.0, 0.0, 0.0, 0.0, 603.0533659400589, 0.0, 0.0, 451.8153498097706, 0.0, 388.8590622482193, 0.0, 420.93415788060895, 0.0, 0.0, 566.7010203332106, 542.5246305379196, 540.2717156547574, 0.0, 0.0, 480.87650219201186, 469.3067577934369, 616.6016289080821, 0.0, 345.47818873459664, 578.6724659057077, 589.4972146666073, 566.7010203332106, 0.0, 437.30675067266725, 0.0, 616.4131208108073, 0.0, 0.0, 460.62687721656596, 0.0, 0.0, 616.4131208108073, 0.0, 0.0, 0.0, 555.4342648058446, 0.0, 646.6271975327035, 345.47818873459664, 565.9849753681403, 0.0, 0.0, 570.2179588865403, 0.0, 0.0, 0.0, 0.0, 0.0, 0.0, 0.0, 0.0, 0.0, 0.0, 515.6716513276453, 0.0, 0.0, 0.0, 0.0, 0.0, 0.0, 0.0, 0.0, 0.0, 0.0, 0.0, 0.0, 0.0, 569.9382358364036, 0.0, 0.0, 0.0, 0.0, 0.0, 0.0]
INFORMACIÓN : 10apuestaBundle [555.4342648058446, 555.4342648058446, 603.0533659400589, 420.93415788060895, 388.8590622482193, 388.8590622482193, 345.47818873459664, 345.47818873459664]
INFORMACIÓN : 10positionsBundle [2005, 2005, 1498, 1314, 1965, 1965, 2299, 2299]
INFORMACIÓN : 10levelsBundle [2, 2, 2, 2, 2, 2, 2, 2]
INFORMACIÓN : 10positionsOrdered [2005, 2005, 1314, 1498, 1965, 1965, 2299, 2299]
INFORMACIÓN : 10levelsOrdered [2, 2, 2, 2, 2, 2, 2, 2]
INFORMACIÓN : 10partialityOrdered [2, 2, 2, 2, 2, 2, 2, 2]
INFORMACIÓN : 10arrivalTimes [26.1725046566048, 26.1725046566048, 42.815821633698036, 82.79003155997871, 117.27191085911204, 117.27191085911204, 151.79726386237618, 151.79726386237618]
INFORMACIÓN : 11historia0[0.0, 528.5922130632812, 0.0, 0.0, 0.0, 0.0, 0.0, 555.4342648058446, 439.3044970818687, 0.0, 0.0, 462.49386951073166, 635.6966415304163, 0.0, 0.0, 0.0, 619.3765375161331, 0.0, 0.0, 0.0, 636.3531928851373, 0.0, 388.8590622482193, 505.6653546943911, 0.0, 0.0, 0.0, 0.0, 0.0, 0.0, 0.0, 0.0, 0.0, 471.6135915314835, 0.0, 0.0, 0.0, 574.4398931188656, 0.0, 0.0, 0.0, 0.0, 0.0, 0.0, 0.0, 603.0533659400589, 0.0, 0.0, 451.8153498097706, 0.0, 388.8590622482193, 0.0, 420.93415788060895, 0.0, 0.0, 566.7010203332106, 542.5246305379196, 540.2717156547574, 0.0, 0.0, 480.87650219201186, 469.3067577934369, 616.6016289080821, 0.0, 345.47818873459664, 578.6724659057077, 589.4972146666073, 566.7010203332106, 0.0, 437.30675067266725, 0.0, 616.4131208108073, 0.0, 0.0, 460.62687721656596, 0.0, 0.0, 616.4131208108073, 0.0, 0.0, 0.0, 555.4342648058446, 0.0, 646.6271975327035, 345.47818873459664, 565.9849753681403, 0.0, 0.0, 570.2179588865403, 0.0, 0.0, 0.0, 0.0, 0.0, 0.0, 0.0, 0.0, 0.0, 0.0, 515.6716513276453, 0.0, 0.0, 0.0, 0.0, 0.0, 0.0, 0.0, 0.0, 0.0, 0.0, 0.0, 0.0, 0.0, 569.9382358364036, 0.0, 0.0, 0.0, 0.0, 0.0, 0.0]
INFORMACIÓN : 11apuestaBundle [555.4342648058446, 555.4342648058446, 603.0533659400589, 420.93415788060895, 388.8590622482193, 388.8590622482193, 345.47818873459664, 345.47818873459664]
INFORMACIÓN : 11positionsBundle [2005, 2005, 1498, 1314, 1965, 1965, 2299, 2299]
INFORMACIÓN : 11levelsBundle [2, 2, 2, 2, 2, 2, 2, 2]
INFORMACIÓN : 11positionsOrdered [2005, 2005, 1314, 1498, 1965, 1965, 2299, 2299]
INFORMACIÓN : 11levelsOrdered [2, 2, 2, 2, 2, 2, 2, 2]
INFORMACIÓN : 11partialityOrdered [2, 2, 2, 2, 2, 2, 2, 2]
INFORMACIÓN : 11arrivalTimes [26.1725046566048, 26.1725046566048, 42.815821633698036, 82.79003155997871, 117.27191085911204, 117.27191085911204, 151.79726386237618, 151.79726386237618]
INFORMACIÓN : depSat position 1314 level 2
INFORMACIÓN : I [IR, MW]; lost Test.myBail@c051861; POS 1314; sensors [AB]; level 2 I paid 420.93415788060895in favour ofnull paid 420.93415788060895
INFORMACIÓN : 12historia0[0.0, 528.5922130632812, 0.0, 0.0, 0.0, 0.0, 0.0, 555.4342648058446, 439.3044970818687, 0.0, 0.0, 462.49386951073166, 635.6966415304163, 0.0, 0.0, 0.0, 619.3765375161331, 0.0, 0.0, 0.0, 636.3531928851373, 0.0, 0.0, 505.6653546943911, 0.0, 0.0, 0.0, 0.0, 0.0, 0.0, 0.0, 0.0, 0.0, 471.6135915314835, 0.0, 0.0, 0.0, 574.4398931188656, 0.0, 0.0, 0.0, 0.0, 0.0, 0.0, 0.0, 603.0533659400589, 0.0, 0.0, 451.8153498097706, 0.0, 0.0, 0.0, 0.0, 0.0, 0.0, 566.7010203332106, 542.5246305379196, 540.2717156547574, 0.0, 0.0, 480.87650219201186, 469.3067577934369, 616.6016289080821, 0.0, 0.0, 578.6724659057077, 589.4972146666073, 566.7010203332106, 0.0, 437.30675067266725, 0.0, 616.4131208108073, 0.0, 0.0, 460.62687721656596, 0.0, 0.0, 616.4131208108073, 0.0, 0.0, 0.0, 555.4342648058446, 0.0, 646.6271975327035, 0.0, 565.9849753681403, 0.0, 0.0, 570.2179588865403, 0.0, 0.0, 0.0, 0.0, 0.0, 0.0, 0.0, 0.0, 0.0, 0.0, 515.6716513276453, 0.0, 0.0, 0.0, 0.0, 0.0, 0.0, 0.0, 0.0, 0.0, 0.0, 0.0, 0.0, 0.0, 569.9382358364036, 0.0, 0.0, 0.0, 0.0, 0.0, 0.0]
INFORMACIÓN : 12apuestaBundle [555.4342648058446, 555.4342648058446, 603.0533659400589, 420.93415788060895, 388.8590622482193, 388.8590622482193, 345.47818873459664, 345.47818873459664]
INFORMACIÓN : 12positionsBundle [2005, 2005, 1498, 1314, 1965, 1965, 2299, 2299]
INFORMACIÓN : 12levelsBundle [2, 2, 2, 2, 2, 2, 2, 2]
INFORMACIÓN : 12positionsOrdered [2005, 2005, 1314, 1498, 1965, 1965, 2299, 2299]
INFORMACIÓN : 12levelsOrdered [2, 2, 2, 2, 2, 2, 2, 2]
INFORMACIÓN : 12partialityOrdered [2, 2, 2, 2, 2, 2, 2, 2]
INFORMACIÓN : 12arrivalTimes [26.1725046566048, 26.1725046566048, 42.815821633698036, 82.79003155997871, 117.27191085911204, 117.27191085911204, 151.79726386237618, 151.79726386237618]
INFORMACIÓN : 13historia0[0.0, 528.5922130632812, 0.0, 0.0, 0.0, 0.0, 0.0, 555.4342648058446, 439.3044970818687, 0.0, 0.0, 462.49386951073166, 635.6966415304163, 0.0, 0.0, 0.0, 619.3765375161331, 0.0, 0.0, 0.0, 636.3531928851373, 0.0, 388.8590622482193, 505.6653546943911, 0.0, 0.0, 0.0, 0.0, 0.0, 0.0, 0.0, 0.0, 0.0, 471.6135915314835, 0.0, 0.0, 0.0, 574.4398931188656, 0.0, 0.0, 0.0, 0.0, 0.0, 0.0, 0.0, 603.0533659400589, 0.0, 0.0, 451.8153498097706, 0.0, 388.8590622482193, 0.0, 420.93415788060895, 0.0, 0.0, 566.7010203332106, 542.5246305379196, 540.2717156547574, 0.0, 0.0, 480.87650219201186, 469.3067577934369, 616.6016289080821, 0.0, 345.47818873459664, 578.6724659057077, 589.4972146666073, 566.7010203332106, 0.0, 437.30675067266725, 0.0, 616.4131208108073, 0.0, 0.0, 460.62687721656596, 0.0, 0.0, 616.4131208108073, 0.0, 0.0, 0.0, 555.4342648058446, 0.0, 646.6271975327035, 345.47818873459664, 565.9849753681403, 0.0, 0.0, 570.2179588865403, 0.0, 0.0, 0.0, 0.0, 0.0, 0.0, 0.0, 0.0, 0.0, 0.0, 515.6716513276453, 0.0, 0.0, 0.0, 0.0, 0.0, 0.0, 0.0, 0.0, 0.0, 0.0, 0.0, 0.0, 0.0, 569.9382358364036, 0.0, 0.0, 0.0, 0.0, 0.0, 0.0]
INFORMACIÓN : 13apuestaBundle [555.4342648058446, 555.4342648058446, 603.0533659400589, 420.93415788060895, 388.8590622482193, 388.8590622482193, 345.47818873459664, 345.47818873459664]
INFORMACIÓN : 13positionsBundle [2005, 2005, 1498, 1314, 1965, 1965, 2299, 2299]
INFORMACIÓN : 13levelsBundle [2, 2, 2, 2, 2, 2, 2, 2]
INFORMACIÓN : 13positionsOrdered [2005, 2005, 1314, 1498, 1965, 1965, 2299, 2299]
INFORMACIÓN : 13levelsOrdered [2, 2, 2, 2, 2, 2, 2, 2]
INFORMACIÓN : 13partialityOrdered [2, 2, 2, 2, 2, 2, 2, 2]
INFORMACIÓN : 13arrivalTimes [26.1725046566048, 26.1725046566048, 42.815821633698036, 82.79003155997871, 117.27191085911204, 117.27191085911204, 151.79726386237618, 151.79726386237618]
INFORMACIÓN : 14historia0[0.0, 528.5922130632812, 0.0, 0.0, 0.0, 0.0, 0.0, 555.4342648058446, 451.8153498097706, 0.0, 0.0, 462.49386951073166, 635.6966415304163, 0.0, 0.0, 0.0, 619.3765375161331, 0.0, 0.0, 0.0, 636.3531928851373, 0.0, 388.8590622482193, 505.6653546943911, 0.0, 0.0, 0.0, 0.0, 0.0, 0.0, 0.0, 0.0, 0.0, 471.6135915314835, 0.0, 0.0, 0.0, 574.4398931188656, 0.0, 0.0, 0.0, 0.0, 0.0, 0.0, 0.0, 603.0533659400589, 0.0, 0.0, 451.8153498097706, 0.0, 388.8590622482193, 0.0, 420.93415788060895, 0.0, 0.0, 566.7010203332106, 542.5246305379196, 540.2717156547574, 0.0, 0.0, 480.87650219201186, 469.3067577934369, 616.6016289080821, 0.0, 345.47818873459664, 578.6724659057077, 589.4972146666073, 566.7010203332106, 0.0, 434.9938394570331, 0.0, 616.4131208108073, 0.0, 0.0, 460.62687721656596, 0.0, 0.0, 616.4131208108073, 0.0, 0.0, 0.0, 555.4342648058446, 0.0, 646.6271975327035, 345.47818873459664, 565.9849753681403, 0.0, 0.0, 570.2179588865403, 0.0, 0.0, 0.0, 0.0, 0.0, 0.0, 0.0, 0.0, 0.0, 0.0, 515.6716513276453, 0.0, 0.0, 0.0, 0.0, 0.0, 0.0, 0.0, 0.0, 0.0, 0.0, 0.0, 0.0, 0.0, 569.9382358364036, 0.0, 0.0, 0.0, 0.0, 0.0, 0.0]
INFORMACIÓN : 14apuestaBundle [555.4342648058446, 555.4342648058446, 603.0533659400589, 420.93415788060895, 388.8590622482193, 388.8590622482193, 345.47818873459664, 345.47818873459664]
INFORMACIÓN : 14positionsBundle [2005, 2005, 1498, 1314, 1965, 1965, 2299, 2299]
INFORMACIÓN : 14levelsBundle [2, 2, 2, 2, 2, 2, 2, 2]
INFORMACIÓN : 14positionsOrdered [2005, 2005, 1314, 1498, 1965, 1965, 2299, 2299]
INFORMACIÓN : 14levelsOrdered [2, 2, 2, 2, 2, 2, 2, 2]
INFORMACIÓN : 14partialityOrdered [2, 2, 2, 2, 2, 2, 2, 2]
INFORMACIÓN : 14arrivalTimes [26.1725046566048, 26.1725046566048, 42.815821633698036, 82.79003155997871, 117.27191085911204, 117.27191085911204, 151.79726386237618, 151.79726386237618]
INFORMACIÓN : 15historia0[0.0, 528.5922130632812, 0.0, 0.0, 0.0, 0.0, 0.0, 555.4342648058446, 451.8153498097706, 0.0, 0.0, 462.49386951073166, 635.6966415304163, 0.0, 0.0, 0.0, 619.3765375161331, 0.0, 0.0, 0.0, 636.3531928851373, 0.0, 388.8590622482193, 505.6653546943911, 0.0, 0.0, 0.0, 0.0, 0.0, 0.0, 0.0, 0.0, 0.0, 471.6135915314835, 0.0, 0.0, 0.0, 574.4398931188656, 0.0, 0.0, 0.0, 0.0, 0.0, 0.0, 0.0, 603.0533659400589, 0.0, 0.0, 451.8153498097706, 0.0, 388.8590622482193, 0.0, 420.93415788060895, 0.0, 0.0, 566.7010203332106, 542.5246305379196, 540.2717156547574, 0.0, 0.0, 480.87650219201186, 469.3067577934369, 616.6016289080821, 0.0, 345.47818873459664, 578.6724659057077, 589.4972146666073, 566.7010203332106, 0.0, 434.9938394570331, 0.0, 616.4131208108073, 0.0, 0.0, 460.62687721656596, 0.0, 0.0, 616.4131208108073, 0.0, 0.0, 0.0, 555.4342648058446, 0.0, 646.6271975327035, 345.47818873459664, 565.9849753681403, 0.0, 0.0, 570.2179588865403, 0.0, 0.0, 0.0, 0.0, 0.0, 0.0, 0.0, 0.0, 0.0, 0.0, 515.6716513276453, 0.0, 0.0, 0.0, 0.0, 0.0, 0.0, 0.0, 0.0, 0.0, 0.0, 0.0, 0.0, 0.0, 569.9382358364036, 0.0, 0.0, 0.0, 0.0, 0.0, 0.0]
INFORMACIÓN : 15apuestaBundle [555.4342648058446, 555.4342648058446, 603.0533659400589, 420.93415788060895, 388.8590622482193, 388.8590622482193, 345.47818873459664, 345.47818873459664]
INFORMACIÓN : 15positionsBundle [2005, 2005, 1498, 1314, 1965, 1965, 2299, 2299]
INFORMACIÓN : 15levelsBundle [2, 2, 2, 2, 2, 2, 2, 2]
INFORMACIÓN : 15positionsOrdered [2005, 2005, 1314, 1498, 1965, 1965, 2299, 2299]
INFORMACIÓN : 15levelsOrdered [2, 2, 2, 2, 2, 2, 2, 2]
INFORMACIÓN : 15partialityOrdered [2, 2, 2, 2, 2, 2, 2, 2]
INFORMACIÓN : 15arrivalTimes [26.1725046566048, 26.1725046566048, 42.815821633698036, 82.79003155997871, 117.27191085911204, 117.27191085911204, 151.79726386237618, 151.79726386237618]
INFORMACIÓN : 16historia0[0.0, 528.5922130632812, 0.0, 0.0, 0.0, 0.0, 0.0, 555.4342648058446, 451.8153498097706, 0.0, 0.0, 462.49386951073166, 635.6966415304163, 0.0, 0.0, 0.0, 619.3765375161331, 0.0, 0.0, 0.0, 636.3531928851373, 0.0, 388.8590622482193, 505.6653546943911, 0.0, 0.0, 0.0, 0.0, 0.0, 0.0, 0.0, 0.0, 0.0, 471.6135915314835, 0.0, 0.0, 0.0, 574.4398931188656, 0.0, 0.0, 0.0, 0.0, 0.0, 0.0, 0.0, 603.0533659400589, 0.0, 0.0, 451.8153498097706, 0.0, 388.8590622482193, 0.0, 420.93415788060895, 0.0, 0.0, 566.7010203332106, 542.5246305379196, 540.2717156547574, 0.0, 0.0, 480.87650219201186, 469.3067577934369, 616.6016289080821, 0.0, 345.47818873459664, 578.6724659057077, 589.4972146666073, 566.7010203332106, 0.0, 434.9938394570331, 0.0, 616.4131208108073, 0.0, 0.0, 460.62687721656596, 0.0, 0.0, 616.4131208108073, 0.0, 0.0, 0.0, 555.4342648058446, 0.0, 646.6271975327035, 345.47818873459664, 565.9849753681403, 0.0, 0.0, 570.2179588865403, 0.0, 0.0, 0.0, 0.0, 0.0, 0.0, 0.0, 0.0, 0.0, 0.0, 515.6716513276453, 0.0, 0.0, 0.0, 0.0, 0.0, 0.0, 0.0, 0.0, 0.0, 0.0, 0.0, 0.0, 0.0, 569.9382358364036, 0.0, 0.0, 0.0, 0.0, 0.0, 0.0]
INFORMACIÓN : 16apuestaBundle [555.4342648058446, 555.4342648058446, 603.0533659400589, 420.93415788060895, 388.8590622482193, 388.8590622482193, 345.47818873459664, 345.47818873459664]
INFORMACIÓN : 16positionsBundle [2005, 2005, 1498, 1314, 1965, 1965, 2299, 2299]
INFORMACIÓN : 16levelsBundle [2, 2, 2, 2, 2, 2, 2, 2]
INFORMACIÓN : 16positionsOrdered [2005, 2005, 1314, 1498, 1965, 1965, 2299, 2299]
INFORMACIÓN : 16levelsOrdered [2, 2, 2, 2, 2, 2, 2, 2]
INFORMACIÓN : 16partialityOrdered [2, 2, 2, 2, 2, 2, 2, 2]
INFORMACIÓN : 16arrivalTimes [26.1725046566048, 26.1725046566048, 42.815821633698036, 82.79003155997871, 117.27191085911204, 117.27191085911204, 151.79726386237618, 151.79726386237618]
INFORMACIÓN : 17historia0[0.0, 528.5922130632812, 0.0, 0.0, 0.0, 0.0, 0.0, 555.4342648058446, 451.8153498097706, 0.0, 0.0, 462.49386951073166, 635.6966415304163, 0.0, 0.0, 0.0, 619.3765375161331, 0.0, 0.0, 0.0, 636.3531928851373, 0.0, 388.8590622482193, 505.6653546943911, 0.0, 0.0, 0.0, 0.0, 0.0, 0.0, 0.0, 0.0, 0.0, 471.6135915314835, 0.0, 0.0, 0.0, 574.4398931188656, 0.0, 0.0, 0.0, 0.0, 0.0, 0.0, 0.0, 603.0533659400589, 0.0, 0.0, 451.8153498097706, 0.0, 388.8590622482193, 0.0, 420.93415788060895, 0.0, 0.0, 566.7010203332106, 542.5246305379196, 540.2717156547574, 0.0, 0.0, 480.87650219201186, 469.3067577934369, 616.6016289080821, 0.0, 345.47818873459664, 578.6724659057077, 589.4972146666073, 566.7010203332106, 0.0, 434.9938394570331, 0.0, 616.4131208108073, 0.0, 0.0, 460.62687721656596, 0.0, 0.0, 616.4131208108073, 0.0, 0.0, 0.0, 555.4342648058446, 0.0, 646.6271975327035, 345.47818873459664, 565.9849753681403, 0.0, 0.0, 570.2179588865403, 0.0, 0.0, 0.0, 0.0, 0.0, 0.0, 0.0, 0.0, 0.0, 0.0, 515.6716513276453, 0.0, 0.0, 0.0, 0.0, 0.0, 0.0, 0.0, 0.0, 0.0, 0.0, 0.0, 0.0, 0.0, 569.9382358364036, 0.0, 0.0, 0.0, 0.0, 0.0, 0.0]
INFORMACIÓN : 17apuestaBundle [555.4342648058446, 555.4342648058446, 603.0533659400589, 420.93415788060895, 388.8590622482193, 388.8590622482193, 345.47818873459664, 345.47818873459664]
INFORMACIÓN : 17positionsBundle [2005, 2005, 1498, 1314, 1965, 1965, 2299, 2299]
INFORMACIÓN : 17levelsBundle [2, 2, 2, 2, 2, 2, 2, 2]
INFORMACIÓN : 17positionsOrdered [2005, 2005, 1314, 1498, 1965, 1965, 2299, 2299]
INFORMACIÓN : 17levelsOrdered [2, 2, 2, 2, 2, 2, 2, 2]
INFORMACIÓN : 17partialityOrdered [2, 2, 2, 2, 2, 2, 2, 2]
INFORMACIÓN : 17arrivalTimes [26.1725046566048, 26.1725046566048, 42.815821633698036, 82.79003155997871, 117.27191085911204, 117.27191085911204, 151.79726386237618, 151.79726386237618]
INFORMACIÓN : 18historia0[0.0, 528.5922130632812, 0.0, 0.0, 0.0, 0.0, 0.0, 555.4342648058446, 451.8153498097706, 0.0, 0.0, 462.49386951073166, 635.6966415304163, 0.0, 0.0, 0.0, 619.3765375161331, 0.0, 0.0, 0.0, 636.3531928851373, 0.0, 388.8590622482193, 505.6653546943911, 0.0, 0.0, 0.0, 0.0, 0.0, 0.0, 0.0, 0.0, 0.0, 471.6135915314835, 0.0, 0.0, 0.0, 574.4398931188656, 0.0, 0.0, 0.0, 0.0, 0.0, 0.0, 0.0, 603.0533659400589, 0.0, 0.0, 451.8153498097706, 0.0, 388.8590622482193, 0.0, 420.93415788060895, 0.0, 0.0, 566.7010203332106, 542.5246305379196, 540.2717156547574, 0.0, 0.0, 480.87650219201186, 469.3067577934369, 616.6016289080821, 0.0, 345.47818873459664, 578.6724659057077, 589.4972146666073, 566.7010203332106, 0.0, 434.9938394570331, 0.0, 616.4131208108073, 0.0, 0.0, 460.62687721656596, 0.0, 0.0, 616.4131208108073, 0.0, 0.0, 0.0, 555.4342648058446, 0.0, 646.6271975327035, 345.47818873459664, 565.9849753681403, 0.0, 0.0, 570.2179588865403, 0.0, 0.0, 0.0, 0.0, 0.0, 0.0, 0.0, 0.0, 0.0, 0.0, 515.6716513276453, 0.0, 0.0, 0.0, 0.0, 0.0, 0.0, 0.0, 0.0, 0.0, 0.0, 0.0, 0.0, 0.0, 569.9382358364036, 0.0, 0.0, 0.0, 0.0, 0.0, 0.0]
INFORMACIÓN : 18apuestaBundle [555.4342648058446, 555.4342648058446, 603.0533659400589, 420.93415788060895, 388.8590622482193, 388.8590622482193, 345.47818873459664, 345.47818873459664]
INFORMACIÓN : 18positionsBundle [2005, 2005, 1498, 1314, 1965, 1965, 2299, 2299]
INFORMACIÓN : 18levelsBundle [2, 2, 2, 2, 2, 2, 2, 2]
INFORMACIÓN : 18positionsOrdered [2005, 2005, 1314, 1498, 1965, 1965, 2299, 2299]
INFORMACIÓN : 18levelsOrdered [2, 2, 2, 2, 2, 2, 2, 2]
INFORMACIÓN : 18partialityOrdered [2, 2, 2, 2, 2, 2, 2, 2]
INFORMACIÓN : 18arrivalTimes [26.1725046566048, 26.1725046566048, 42.815821633698036, 82.79003155997871, 117.27191085911204, 117.27191085911204, 151.79726386237618, 151.79726386237618]
INFORMACIÓN : 19historia0[0.0, 528.5922130632812, 0.0, 0.0, 0.0, 0.0, 0.0, 555.4342648058446, 451.8153498097706, 0.0, 0.0, 462.49386951073166, 635.6966415304163, 0.0, 0.0, 0.0, 619.3765375161331, 0.0, 0.0, 0.0, 636.3531928851373, 0.0, 388.8590622482193, 505.6653546943911, 0.0, 0.0, 0.0, 0.0, 0.0, 0.0, 0.0, 0.0, 0.0, 471.6135915314835, 0.0, 0.0, 0.0, 574.4398931188656, 0.0, 0.0, 0.0, 0.0, 0.0, 0.0, 0.0, 603.0533659400589, 0.0, 0.0, 451.8153498097706, 0.0, 388.8590622482193, 0.0, 420.93415788060895, 0.0, 0.0, 566.7010203332106, 542.5246305379196, 540.2717156547574, 0.0, 0.0, 480.87650219201186, 469.3067577934369, 616.6016289080821, 0.0, 345.47818873459664, 578.6724659057077, 589.4972146666073, 566.7010203332106, 0.0, 434.9938394570331, 0.0, 616.4131208108073, 0.0, 0.0, 460.62687721656596, 0.0, 0.0, 616.4131208108073, 0.0, 0.0, 0.0, 555.4342648058446, 0.0, 646.6271975327035, 345.47818873459664, 565.9849753681403, 0.0, 0.0, 570.2179588865403, 0.0, 0.0, 0.0, 0.0, 0.0, 0.0, 0.0, 0.0, 0.0, 0.0, 515.6716513276453, 0.0, 0.0, 0.0, 0.0, 0.0, 0.0, 0.0, 0.0, 0.0, 0.0, 0.0, 0.0, 0.0, 569.9382358364036, 0.0, 0.0, 0.0, 0.0, 0.0, 0.0]
