----------------------------------------------------------------------
-- Log session for [myBugCoalitionsCCBBAGuaiDEF-25] started on 2018.01.04.04.50.19 --
----------------------------------------------------------------------

INFORMACIÓN : I started
INFORMACIÓN : 0apuestaBundle [629.0574071413912, 592.4303204575132, 569.1055087509403, 569.1055087509403, 563.5875531444947, 563.5875531444947, 562.6348493401808, 562.6348493401808]
INFORMACIÓN : 0positionsBundle [2384, 1498, 1239, 1239, 337, 337, 858, 858]
INFORMACIÓN : 0levelsBundle [2, 2, 2, 2, 2, 2, 2, 2]
INFORMACIÓN : 0positionsOrdered [2384, 1498, 1239, 1239, 337, 337, 858, 858]
INFORMACIÓN : 0levelsOrdered [2, 2, 2, 2, 2, 2, 2, 2]
INFORMACIÓN : 0partialityOrdered [2, 2, 2, 2, 2, 2, 2, 2]
INFORMACIÓN : 0arrivalTimes [16.64331697709324, 39.446825479076, 49.742455620063, 49.742455620063, 67.85322589633783, 67.85322589633783, 98.86935073487948, 98.86935073487948]
INFORMACIÓN : coalSat position 2384 level 2
INFORMACIÓN : timeSat position 2384 level 2
INFORMACIÓN : coalSat position 1498 level 2
INFORMACIÓN : coalSat position 1239 level 2
INFORMACIÓN : I [IR, MW]; lost Test.myBail@1a19d501; POS 2384; sensors [AB]; level 2 I paid 629.0574071413912in favour ofnull paid 629.0574071413912
INFORMACIÓN : 1historia0[0.0, 0.0, 0.0, 0.0, 0.0, 0.0, 0.0, 0.0, 0.0, 0.0, 0.0, 0.0, 635.6966415304163, 0.0, 0.0, 0.0, 0.0, 0.0, 0.0, 0.0, 636.3531928851373, 0.0, 0.0, 0.0, 0.0, 0.0, 0.0, 0.0, 0.0, 0.0, 0.0, 0.0, 0.0, 0.0, 0.0, 0.0, 0.0, 577.2973293491618, 0.0, 0.0, 0.0, 0.0, 0.0, 0.0, 0.0, 0.0, 0.0, 0.0, 0.0, 0.0, 0.0, 0.0, 0.0, 0.0, 0.0, 567.1171277246015, 0.0, 0.0, 0.0, 0.0, 0.0, 0.0, 583.2989995009763, 0.0, 0.0, 0.0, 0.0, 0.0, 0.0, 0.0, 0.0, 619.1989702690635, 0.0, 0.0, 0.0, 0.0, 0.0, 619.1989702690635, 0.0, 0.0, 0.0, 0.0, 0.0, 649.4348949723612, 0.0, 0.0, 0.0, 0.0, 592.9990617302674, 0.0, 0.0, 0.0, 0.0, 0.0, 0.0, 0.0, 0.0, 0.0, 0.0, 0.0, 0.0, 0.0, 0.0, 0.0, 0.0, 0.0, 0.0, 0.0, 0.0, 0.0, 0.0, 0.0, 0.0, 569.9382358364036, 0.0, 0.0, 0.0, 0.0, 0.0, 0.0]
INFORMACIÓN : 1apuestaBundle [622.2339737464295, 556.0727806041014, 550.9385170063988, 550.9385170063988, 480.87650219201186, 473.8329410450083, 473.8329410450083]
INFORMACIÓN : 1positionsBundle [2384, 1978, 2005, 2005, 2438, 89, 89]
INFORMACIÓN : 1levelsBundle [2, 2, 2, 2, 2, 2, 2]
INFORMACIÓN : 1positionsOrdered [1978, 2438, 2384, 2005, 2005, 89, 89]
INFORMACIÓN : 1levelsOrdered [2, 2, 2, 2, 2, 2, 2]
INFORMACIÓN : 1partialityOrdered [2, 2, 2, 2, 2, 2, 2]
INFORMACIÓN : 1arrivalTimes [8.06225774829855, 21.51588179537226, 47.19320466956934, 77.02607244992194, 77.02607244992194, 128.76580573102805, 128.76580573102805]
INFORMACIÓN : coalSat position 2384 level 2
INFORMACIÓN : timeSat position 2384 level 2
INFORMACIÓN : coalSat position 89 level 2
INFORMACIÓN : I [IR, MW]; lost Test.myBail@1a19d501; POS 2384; sensors [AB]; level 2 I paid 622.2339737464295in favour ofnull paid 622.2339737464295
INFORMACIÓN : 2historia0[0.0, 0.0, 0.0, 0.0, 0.0, 0.0, 0.0, 555.4342648058446, 0.0, 0.0, 0.0, 0.0, 635.6966415304163, 0.0, 0.0, 0.0, 0.0, 0.0, 0.0, 0.0, 636.3531928851373, 0.0, 0.0, 0.0, 0.0, 0.0, 0.0, 0.0, 0.0, 0.0, 0.0, 0.0, 0.0, 0.0, 0.0, 0.0, 0.0, 570.4313264260101, 0.0, 0.0, 0.0, 0.0, 0.0, 0.0, 0.0, 561.2490567821858, 0.0, 0.0, 0.0, 0.0, 0.0, 0.0, 0.0, 0.0, 0.0, 559.6273967780887, 0.0, 0.0, 0.0, 0.0, 0.0, 0.0, 616.6016289080821, 0.0, 0.0, 0.0, 589.4972146666073, 544.6824471572028, 0.0, 0.0, 0.0, 611.125436928213, 0.0, 0.0, 0.0, 0.0, 0.0, 611.125436928213, 0.0, 0.0, 0.0, 555.4342648058446, 0.0, 641.298045070828, 0.0, 550.8107873224776, 0.0, 0.0, 564.5872241625486, 0.0, 0.0, 0.0, 0.0, 0.0, 0.0, 0.0, 0.0, 0.0, 0.0, 0.0, 0.0, 0.0, 0.0, 0.0, 0.0, 0.0, 0.0, 0.0, 0.0, 0.0, 0.0, 0.0, 0.0, 569.9382358364036, 0.0, 0.0, 0.0, 0.0, 0.0, 0.0]
INFORMACIÓN : 2apuestaBundle [618.9298299233819, 566.0291159378655, 570.6836895935854, 565.0283838512051, 556.0727806041014, 480.87650219201186]
INFORMACIÓN : 2positionsBundle [2384, 1565, 1565, 1498, 1978, 2438]
INFORMACIÓN : 2levelsBundle [2, 2, 2, 2, 2, 2]
INFORMACIÓN : 2positionsOrdered [1565, 1565, 1978, 2384, 2438, 1498]
INFORMACIÓN : 2levelsOrdered [2, 2, 2, 2, 2, 2]
INFORMACIÓN : 2partialityOrdered [2, 2, 2, 2, 2, 2]
INFORMACIÓN : 2arrivalTimes [9.92838827718412, 11.92838827718412, 27.192725799657865, 61.98652305799595, 66.10962868361361, 153.6377204252434]
INFORMACIÓN : coalSat position 2384 level 2
INFORMACIÓN : coalSat position 1978 level 2
INFORMACIÓN : timeSat position 1978 level 2
INFORMACIÓN : I [IR, MW]; lost Test.myBail@1a19d501; POS 2384; sensors [AB]; level 2 I paid 618.9298299233819in favour ofnull paid 618.9298299233819
INFORMACIÓN : 3historia0[0.0, 556.1718081546244, 0.0, 0.0, 0.0, 0.0, 0.0, 555.4342648058446, 0.0, 0.0, 0.0, 0.0, 635.6966415304163, 0.0, 0.0, 0.0, 0.0, 0.0, 0.0, 0.0, 636.3531928851373, 0.0, 0.0, 505.6653546943911, 0.0, 0.0, 0.0, 0.0, 0.0, 0.0, 0.0, 0.0, 0.0, 0.0, 0.0, 0.0, 0.0, 574.4398931188656, 0.0, 0.0, 0.0, 0.0, 0.0, 0.0, 0.0, 570.2179588865403, 0.0, 0.0, 0.0, 0.0, 0.0, 491.0054324321379, 0.0, 0.0, 0.0, 0.0, 556.1718081546244, 0.0, 0.0, 0.0, 0.0, 0.0, 616.6016289080821, 0.0, 0.0, 578.6724659057077, 589.4972146666073, 0.0, 0.0, 0.0, 0.0, 616.4131208108073, 0.0, 0.0, 0.0, 0.0, 0.0, 616.4131208108073, 0.0, 0.0, 0.0, 555.4342648058446, 0.0, 646.6271975327035, 0.0, 565.9849753681403, 0.0, 0.0, 570.2179588865403, 0.0, 0.0, 0.0, 0.0, 0.0, 0.0, 0.0, 0.0, 0.0, 0.0, 491.0054324321379, 0.0, 0.0, 0.0, 0.0, 0.0, 0.0, 0.0, 0.0, 0.0, 0.0, 0.0, 0.0, 0.0, 558.6754780357828, 0.0, 0.0, 0.0, 0.0, 0.0, 0.0]
INFORMACIÓN : 3apuestaBundle [619.3765375161331, 580.6559560321268, 566.7010203332106, 566.7010203332106, 480.87650219201186, 469.3067577934369]
INFORMACIÓN : 3positionsBundle [2384, 1498, 1565, 1565, 2438, 1910]
INFORMACIÓN : 3levelsBundle [2, 2, 2, 2, 2, 2]
INFORMACIÓN : 3positionsOrdered [1565, 1565, 2438, 2384, 1498, 1910]
INFORMACIÓN : 3levelsOrdered [2, 2, 2, 2, 2, 2]
INFORMACIÓN : 3partialityOrdered [2, 2, 2, 2, 2, 2]
INFORMACIÓN : 3arrivalTimes [8.602325267042627, 8.602325267042627, 37.20302455919281, 59.98652305799595, 82.79003155997871, 121.84127993951199]
INFORMACIÓN : I [IR, MW]; lost Test.myBail@5fbe26ec; POS 1498; sensors [AB]; level 2 I paid 580.6559560321268in favour of21@(myturtles,myturtles,bug)@MK-201 paid 603.0533659400589
INFORMACIÓN : 4historia0[0.0, 537.5124535630907, 0.0, 0.0, 0.0, 0.0, 0.0, 555.4342648058446, 0.0, 0.0, 0.0, 498.7578742321749, 635.6966415304163, 0.0, 0.0, 0.0, 619.3765375161331, 0.0, 0.0, 0.0, 636.3531928851373, 0.0, 0.0, 505.6653546943911, 0.0, 0.0, 0.0, 0.0, 0.0, 0.0, 0.0, 0.0, 0.0, 478.4805896332298, 0.0, 0.0, 0.0, 574.4398931188656, 0.0, 0.0, 0.0, 0.0, 0.0, 0.0, 0.0, 603.0533659400589, 0.0, 0.0, 0.0, 0.0, 0.0, 503.2323888855194, 0.0, 0.0, 0.0, 0.0, 537.5124535630907, 492.8032044810255, 0.0, 0.0, 0.0, 0.0, 616.6016289080821, 0.0, 0.0, 578.6724659057077, 589.4972146666073, 0.0, 0.0, 498.7578742321749, 0.0, 616.4131208108073, 0.0, 0.0, 0.0, 0.0, 0.0, 616.4131208108073, 0.0, 0.0, 0.0, 555.4342648058446, 0.0, 646.6271975327035, 0.0, 565.9849753681403, 0.0, 0.0, 570.2179588865403, 0.0, 0.0, 0.0, 0.0, 0.0, 0.0, 0.0, 0.0, 0.0, 0.0, 503.596352921714, 0.0, 0.0, 0.0, 0.0, 0.0, 0.0, 0.0, 0.0, 0.0, 0.0, 0.0, 0.0, 0.0, 569.9382358364036, 0.0, 0.0, 0.0, 0.0, 0.0, 0.0]
INFORMACIÓN : 4apuestaBundle [619.3765375161331, 566.7010203332106, 566.7010203332106, 540.2717156547574, 480.87650219201186, 469.3067577934369]
INFORMACIÓN : 4positionsBundle [2384, 1565, 1565, 1978, 2438, 1910]
INFORMACIÓN : 4levelsBundle [2, 2, 2, 2, 2, 2]
INFORMACIÓN : 4positionsOrdered [1565, 1565, 2438, 2384, 1978, 1910]
INFORMACIÓN : 4levelsOrdered [2, 2, 2, 2, 2, 2]
INFORMACIÓN : 4partialityOrdered [2, 2, 2, 2, 2, 2]
INFORMACIÓN : 4arrivalTimes [8.602325267042627, 8.602325267042627, 37.20302455919281, 59.98652305799595, 69.98652305799595, 88.0142794353159]
INFORMACIÓN : coalSat position 1910 level 2
INFORMACIÓN : I [IR, MW]; lost Test.myBail@463e784f; POS 1910; sensors [AB]; level 2 I paid 469.3067577934369in favour ofnull paid 469.3067577934369
INFORMACIÓN : 5historia0[0.0, 537.5124535630907, 0.0, 0.0, 0.0, 0.0, 0.0, 555.4342648058446, 0.0, 0.0, 0.0, 0.0, 635.6966415304163, 0.0, 0.0, 0.0, 619.3765375161331, 0.0, 0.0, 0.0, 636.3531928851373, 0.0, 388.8590622482193, 505.6653546943911, 0.0, 0.0, 0.0, 0.0, 0.0, 0.0, 0.0, 0.0, 0.0, 0.0, 0.0, 0.0, 0.0, 574.4398931188656, 0.0, 0.0, 0.0, 0.0, 0.0, 0.0, 0.0, 603.0533659400589, 0.0, 0.0, 402.2135994976875, 0.0, 388.8590622482193, 503.2323888855194, 420.93415788060895, 0.0, 0.0, 566.7010203332106, 542.5246305379196, 540.2717156547574, 0.0, 0.0, 480.87650219201186, 0.0, 616.6016289080821, 0.0, 0.0, 578.6724659057077, 589.4972146666073, 566.7010203332106, 0.0, 0.0, 0.0, 616.4131208108073, 0.0, 0.0, 460.62687721656596, 0.0, 0.0, 616.4131208108073, 0.0, 0.0, 0.0, 555.4342648058446, 0.0, 646.6271975327035, 0.0, 565.9849753681403, 0.0, 0.0, 570.2179588865403, 0.0, 0.0, 0.0, 0.0, 0.0, 0.0, 0.0, 0.0, 0.0, 0.0, 0.0, 0.0, 0.0, 0.0, 0.0, 0.0, 0.0, 0.0, 0.0, 0.0, 0.0, 0.0, 0.0, 0.0, 569.9382358364036, 0.0, 0.0, 0.0, 0.0, 0.0, 0.0]
INFORMACIÓN : 5apuestaBundle [619.3765375161331, 566.7010203332106, 566.7010203332106, 540.2717156547574, 480.87650219201186, 469.3067577934369]
INFORMACIÓN : 5positionsBundle [2384, 1565, 1565, 1978, 2438, 1910]
INFORMACIÓN : 5levelsBundle [2, 2, 2, 2, 2, 2]
INFORMACIÓN : 5positionsOrdered [1565, 1565, 2438, 2384, 1978, 1910]
INFORMACIÓN : 5levelsOrdered [2, 2, 2, 2, 2, 2]
INFORMACIÓN : 5partialityOrdered [2, 2, 2, 2, 2, 2]
INFORMACIÓN : 5arrivalTimes [8.602325267042627, 8.602325267042627, 37.20302455919281, 59.98652305799595, 69.98652305799595, 88.0142794353159]
INFORMACIÓN : 6historia0[0.0, 537.5124535630907, 0.0, 0.0, 0.0, 0.0, 0.0, 555.4342648058446, 0.0, 0.0, 0.0, 427.549282269365, 635.6966415304163, 0.0, 0.0, 0.0, 619.3765375161331, 0.0, 0.0, 0.0, 636.3531928851373, 0.0, 388.8590622482193, 505.6653546943911, 0.0, 0.0, 0.0, 0.0, 0.0, 0.0, 0.0, 0.0, 0.0, 0.0, 0.0, 0.0, 0.0, 574.4398931188656, 0.0, 0.0, 0.0, 0.0, 0.0, 0.0, 0.0, 603.0533659400589, 0.0, 0.0, 402.2135994976875, 0.0, 388.8590622482193, 503.2323888855194, 420.93415788060895, 0.0, 0.0, 566.7010203332106, 542.5246305379196, 540.2717156547574, 0.0, 0.0, 480.87650219201186, 469.3067577934369, 616.6016289080821, 0.0, 0.0, 578.6724659057077, 589.4972146666073, 566.7010203332106, 0.0, 427.549282269365, 0.0, 616.4131208108073, 0.0, 0.0, 460.62687721656596, 0.0, 0.0, 616.4131208108073, 0.0, 0.0, 0.0, 555.4342648058446, 0.0, 646.6271975327035, 0.0, 565.9849753681403, 0.0, 0.0, 570.2179588865403, 0.0, 0.0, 0.0, 0.0, 0.0, 0.0, 0.0, 0.0, 0.0, 0.0, 515.6716513276453, 0.0, 0.0, 0.0, 0.0, 0.0, 0.0, 0.0, 0.0, 0.0, 0.0, 0.0, 0.0, 0.0, 569.9382358364036, 0.0, 0.0, 0.0, 0.0, 0.0, 0.0]
INFORMACIÓN : 6apuestaBundle [619.3765375161331, 566.7010203332106, 566.7010203332106, 540.2717156547574, 480.87650219201186, 469.3067577934369]
INFORMACIÓN : 6positionsBundle [2384, 1565, 1565, 1978, 2438, 1910]
INFORMACIÓN : 6levelsBundle [2, 2, 2, 2, 2, 2]
INFORMACIÓN : 6positionsOrdered [1565, 1565, 2438, 2384, 1978, 1910]
INFORMACIÓN : 6levelsOrdered [2, 2, 2, 2, 2, 2]
INFORMACIÓN : 6partialityOrdered [2, 2, 2, 2, 2, 2]
INFORMACIÓN : 6arrivalTimes [8.602325267042627, 8.602325267042627, 37.20302455919281, 59.98652305799595, 69.98652305799595, 88.0142794353159]
INFORMACIÓN : 7historia0[0.0, 528.5922130632812, 0.0, 0.0, 0.0, 0.0, 0.0, 555.4342648058446, 439.3044970818687, 0.0, 0.0, 462.49386951073166, 635.6966415304163, 0.0, 0.0, 0.0, 619.3765375161331, 0.0, 0.0, 0.0, 636.3531928851373, 0.0, 0.0, 505.6653546943911, 0.0, 0.0, 0.0, 0.0, 0.0, 0.0, 0.0, 0.0, 0.0, 471.6135915314835, 0.0, 0.0, 0.0, 574.4398931188656, 0.0, 0.0, 0.0, 0.0, 0.0, 0.0, 0.0, 603.0533659400589, 0.0, 0.0, 451.8153498097706, 0.0, 0.0, 0.0, 420.93415788060895, 0.0, 0.0, 566.7010203332106, 542.5246305379196, 540.2717156547574, 0.0, 0.0, 480.87650219201186, 469.3067577934369, 616.6016289080821, 0.0, 0.0, 578.6724659057077, 589.4972146666073, 566.7010203332106, 0.0, 437.30675067266725, 0.0, 616.4131208108073, 0.0, 0.0, 460.62687721656596, 0.0, 0.0, 616.4131208108073, 0.0, 0.0, 0.0, 555.4342648058446, 0.0, 646.6271975327035, 0.0, 565.9849753681403, 0.0, 0.0, 570.2179588865403, 0.0, 0.0, 0.0, 0.0, 0.0, 0.0, 0.0, 0.0, 0.0, 0.0, 515.6716513276453, 0.0, 0.0, 0.0, 0.0, 0.0, 0.0, 0.0, 0.0, 0.0, 0.0, 0.0, 0.0, 0.0, 569.9382358364036, 0.0, 0.0, 0.0, 0.0, 0.0, 0.0]
INFORMACIÓN : 7apuestaBundle [619.3765375161331, 566.7010203332106, 566.7010203332106, 540.2717156547574, 480.87650219201186, 469.3067577934369]
INFORMACIÓN : 7positionsBundle [2384, 1565, 1565, 1978, 2438, 1910]
INFORMACIÓN : 7levelsBundle [2, 2, 2, 2, 2, 2]
INFORMACIÓN : 7positionsOrdered [1565, 1565, 2438, 2384, 1978, 1910]
INFORMACIÓN : 7levelsOrdered [2, 2, 2, 2, 2, 2]
INFORMACIÓN : 7partialityOrdered [2, 2, 2, 2, 2, 2]
INFORMACIÓN : 7arrivalTimes [8.602325267042627, 8.602325267042627, 37.20302455919281, 59.98652305799595, 69.98652305799595, 88.0142794353159]
INFORMACIÓN : 8historia0[0.0, 528.5922130632812, 0.0, 0.0, 0.0, 0.0, 0.0, 555.4342648058446, 439.3044970818687, 0.0, 0.0, 462.49386951073166, 635.6966415304163, 0.0, 0.0, 0.0, 619.3765375161331, 0.0, 0.0, 0.0, 636.3531928851373, 0.0, 388.8590622482193, 505.6653546943911, 0.0, 0.0, 0.0, 0.0, 0.0, 0.0, 0.0, 0.0, 0.0, 471.6135915314835, 0.0, 0.0, 0.0, 574.4398931188656, 0.0, 0.0, 0.0, 0.0, 0.0, 0.0, 0.0, 603.0533659400589, 0.0, 0.0, 451.8153498097706, 0.0, 388.8590622482193, 0.0, 420.93415788060895, 0.0, 0.0, 566.7010203332106, 542.5246305379196, 540.2717156547574, 0.0, 0.0, 480.87650219201186, 469.3067577934369, 616.6016289080821, 0.0, 345.47818873459664, 578.6724659057077, 589.4972146666073, 566.7010203332106, 0.0, 0.0, 0.0, 616.4131208108073, 0.0, 0.0, 460.62687721656596, 0.0, 0.0, 616.4131208108073, 0.0, 0.0, 0.0, 555.4342648058446, 0.0, 646.6271975327035, 345.47818873459664, 565.9849753681403, 0.0, 0.0, 570.2179588865403, 0.0, 0.0, 0.0, 0.0, 0.0, 0.0, 0.0, 0.0, 0.0, 0.0, 515.6716513276453, 0.0, 0.0, 0.0, 0.0, 0.0, 0.0, 0.0, 0.0, 0.0, 0.0, 0.0, 0.0, 0.0, 569.9382358364036, 0.0, 0.0, 0.0, 0.0, 0.0, 0.0]
INFORMACIÓN : 8apuestaBundle [619.3765375161331, 566.7010203332106, 566.7010203332106, 540.2717156547574, 480.87650219201186, 469.3067577934369]
INFORMACIÓN : 8positionsBundle [2384, 1565, 1565, 1978, 2438, 1910]
INFORMACIÓN : 8levelsBundle [2, 2, 2, 2, 2, 2]
INFORMACIÓN : 8positionsOrdered [1565, 1565, 2438, 2384, 1978, 1910]
INFORMACIÓN : 8levelsOrdered [2, 2, 2, 2, 2, 2]
INFORMACIÓN : 8partialityOrdered [2, 2, 2, 2, 2, 2]
INFORMACIÓN : 8arrivalTimes [8.602325267042627, 8.602325267042627, 37.20302455919281, 59.98652305799595, 69.98652305799595, 88.0142794353159]
INFORMACIÓN : 9historia0[0.0, 528.5922130632812, 0.0, 0.0, 0.0, 0.0, 0.0, 555.4342648058446, 439.3044970818687, 0.0, 0.0, 462.49386951073166, 635.6966415304163, 0.0, 0.0, 0.0, 619.3765375161331, 0.0, 0.0, 0.0, 636.3531928851373, 0.0, 388.8590622482193, 505.6653546943911, 0.0, 0.0, 0.0, 0.0, 0.0, 0.0, 0.0, 0.0, 0.0, 471.6135915314835, 0.0, 0.0, 0.0, 574.4398931188656, 0.0, 0.0, 0.0, 0.0, 0.0, 0.0, 0.0, 603.0533659400589, 0.0, 0.0, 451.8153498097706, 0.0, 388.8590622482193, 0.0, 420.93415788060895, 0.0, 0.0, 566.7010203332106, 542.5246305379196, 540.2717156547574, 0.0, 0.0, 480.87650219201186, 469.3067577934369, 616.6016289080821, 0.0, 345.47818873459664, 578.6724659057077, 589.4972146666073, 566.7010203332106, 0.0, 437.30675067266725, 0.0, 616.4131208108073, 0.0, 0.0, 460.62687721656596, 0.0, 0.0, 616.4131208108073, 0.0, 0.0, 0.0, 555.4342648058446, 0.0, 646.6271975327035, 345.47818873459664, 565.9849753681403, 0.0, 0.0, 570.2179588865403, 0.0, 0.0, 0.0, 0.0, 0.0, 0.0, 0.0, 0.0, 0.0, 0.0, 515.6716513276453, 0.0, 0.0, 0.0, 0.0, 0.0, 0.0, 0.0, 0.0, 0.0, 0.0, 0.0, 0.0, 0.0, 569.9382358364036, 0.0, 0.0, 0.0, 0.0, 0.0, 0.0]
INFORMACIÓN : 9apuestaBundle [619.3765375161331, 566.7010203332106, 566.7010203332106, 540.2717156547574, 480.87650219201186, 469.3067577934369]
INFORMACIÓN : 9positionsBundle [2384, 1565, 1565, 1978, 2438, 1910]
INFORMACIÓN : 9levelsBundle [2, 2, 2, 2, 2, 2]
INFORMACIÓN : 9positionsOrdered [1565, 1565, 2438, 2384, 1978, 1910]
INFORMACIÓN : 9levelsOrdered [2, 2, 2, 2, 2, 2]
INFORMACIÓN : 9partialityOrdered [2, 2, 2, 2, 2, 2]
INFORMACIÓN : 9arrivalTimes [8.602325267042627, 8.602325267042627, 37.20302455919281, 59.98652305799595, 69.98652305799595, 88.0142794353159]
INFORMACIÓN : 10historia0[0.0, 528.5922130632812, 0.0, 0.0, 0.0, 0.0, 0.0, 555.4342648058446, 439.3044970818687, 0.0, 0.0, 462.49386951073166, 635.6966415304163, 0.0, 0.0, 0.0, 619.3765375161331, 0.0, 0.0, 0.0, 636.3531928851373, 0.0, 388.8590622482193, 505.6653546943911, 0.0, 0.0, 0.0, 0.0, 0.0, 0.0, 0.0, 0.0, 0.0, 471.6135915314835, 0.0, 0.0, 0.0, 574.4398931188656, 0.0, 0.0, 0.0, 0.0, 0.0, 0.0, 0.0, 603.0533659400589, 0.0, 0.0, 451.8153498097706, 0.0, 388.8590622482193, 0.0, 420.93415788060895, 0.0, 0.0, 566.7010203332106, 542.5246305379196, 540.2717156547574, 0.0, 0.0, 480.87650219201186, 469.3067577934369, 616.6016289080821, 0.0, 345.47818873459664, 578.6724659057077, 589.4972146666073, 566.7010203332106, 0.0, 437.30675067266725, 0.0, 616.4131208108073, 0.0, 0.0, 460.62687721656596, 0.0, 0.0, 616.4131208108073, 0.0, 0.0, 0.0, 555.4342648058446, 0.0, 646.6271975327035, 345.47818873459664, 565.9849753681403, 0.0, 0.0, 570.2179588865403, 0.0, 0.0, 0.0, 0.0, 0.0, 0.0, 0.0, 0.0, 0.0, 0.0, 515.6716513276453, 0.0, 0.0, 0.0, 0.0, 0.0, 0.0, 0.0, 0.0, 0.0, 0.0, 0.0, 0.0, 0.0, 569.9382358364036, 0.0, 0.0, 0.0, 0.0, 0.0, 0.0]
INFORMACIÓN : 10apuestaBundle [619.3765375161331, 566.7010203332106, 566.7010203332106, 540.2717156547574, 480.87650219201186, 469.3067577934369]
INFORMACIÓN : 10positionsBundle [2384, 1565, 1565, 1978, 2438, 1910]
INFORMACIÓN : 10levelsBundle [2, 2, 2, 2, 2, 2]
INFORMACIÓN : 10positionsOrdered [1565, 1565, 2438, 2384, 1978, 1910]
INFORMACIÓN : 10levelsOrdered [2, 2, 2, 2, 2, 2]
INFORMACIÓN : 10partialityOrdered [2, 2, 2, 2, 2, 2]
INFORMACIÓN : 10arrivalTimes [8.602325267042627, 8.602325267042627, 37.20302455919281, 59.98652305799595, 69.98652305799595, 88.0142794353159]
INFORMACIÓN : 11historia0[0.0, 528.5922130632812, 0.0, 0.0, 0.0, 0.0, 0.0, 555.4342648058446, 439.3044970818687, 0.0, 0.0, 462.49386951073166, 635.6966415304163, 0.0, 0.0, 0.0, 619.3765375161331, 0.0, 0.0, 0.0, 636.3531928851373, 0.0, 388.8590622482193, 505.6653546943911, 0.0, 0.0, 0.0, 0.0, 0.0, 0.0, 0.0, 0.0, 0.0, 471.6135915314835, 0.0, 0.0, 0.0, 574.4398931188656, 0.0, 0.0, 0.0, 0.0, 0.0, 0.0, 0.0, 603.0533659400589, 0.0, 0.0, 451.8153498097706, 0.0, 388.8590622482193, 0.0, 420.93415788060895, 0.0, 0.0, 566.7010203332106, 542.5246305379196, 540.2717156547574, 0.0, 0.0, 480.87650219201186, 469.3067577934369, 616.6016289080821, 0.0, 345.47818873459664, 578.6724659057077, 589.4972146666073, 566.7010203332106, 0.0, 437.30675067266725, 0.0, 616.4131208108073, 0.0, 0.0, 460.62687721656596, 0.0, 0.0, 616.4131208108073, 0.0, 0.0, 0.0, 555.4342648058446, 0.0, 646.6271975327035, 345.47818873459664, 565.9849753681403, 0.0, 0.0, 570.2179588865403, 0.0, 0.0, 0.0, 0.0, 0.0, 0.0, 0.0, 0.0, 0.0, 0.0, 515.6716513276453, 0.0, 0.0, 0.0, 0.0, 0.0, 0.0, 0.0, 0.0, 0.0, 0.0, 0.0, 0.0, 0.0, 569.9382358364036, 0.0, 0.0, 0.0, 0.0, 0.0, 0.0]
INFORMACIÓN : 11apuestaBundle [619.3765375161331, 566.7010203332106, 566.7010203332106, 540.2717156547574, 480.87650219201186, 469.3067577934369]
INFORMACIÓN : 11positionsBundle [2384, 1565, 1565, 1978, 2438, 1910]
INFORMACIÓN : 11levelsBundle [2, 2, 2, 2, 2, 2]
INFORMACIÓN : 11positionsOrdered [1565, 1565, 2438, 2384, 1978, 1910]
INFORMACIÓN : 11levelsOrdered [2, 2, 2, 2, 2, 2]
INFORMACIÓN : 11partialityOrdered [2, 2, 2, 2, 2, 2]
INFORMACIÓN : 11arrivalTimes [8.602325267042627, 8.602325267042627, 37.20302455919281, 59.98652305799595, 69.98652305799595, 88.0142794353159]
INFORMACIÓN : depSat position 2438 level 2
INFORMACIÓN : I [IR, MW]; lost Test.myBail@3528ba47; POS 2438; sensors [AB]; level 2 I paid 480.87650219201186in favour ofnull paid 480.87650219201186
INFORMACIÓN : 12historia0[0.0, 528.5922130632812, 0.0, 0.0, 0.0, 0.0, 0.0, 555.4342648058446, 439.3044970818687, 0.0, 0.0, 462.49386951073166, 635.6966415304163, 0.0, 0.0, 0.0, 619.3765375161331, 0.0, 0.0, 0.0, 636.3531928851373, 0.0, 0.0, 505.6653546943911, 0.0, 0.0, 0.0, 0.0, 0.0, 0.0, 0.0, 0.0, 0.0, 471.6135915314835, 0.0, 0.0, 0.0, 574.4398931188656, 0.0, 0.0, 0.0, 0.0, 0.0, 0.0, 0.0, 603.0533659400589, 0.0, 0.0, 451.8153498097706, 0.0, 0.0, 0.0, 0.0, 0.0, 0.0, 566.7010203332106, 542.5246305379196, 540.2717156547574, 0.0, 0.0, 0.0, 0.0, 616.6016289080821, 0.0, 0.0, 578.6724659057077, 589.4972146666073, 566.7010203332106, 0.0, 437.30675067266725, 0.0, 616.4131208108073, 0.0, 0.0, 460.62687721656596, 0.0, 0.0, 616.4131208108073, 0.0, 0.0, 0.0, 555.4342648058446, 0.0, 646.6271975327035, 0.0, 565.9849753681403, 0.0, 0.0, 570.2179588865403, 0.0, 0.0, 0.0, 0.0, 0.0, 0.0, 0.0, 0.0, 0.0, 0.0, 515.6716513276453, 0.0, 0.0, 0.0, 0.0, 0.0, 0.0, 0.0, 0.0, 0.0, 0.0, 0.0, 0.0, 0.0, 569.9382358364036, 0.0, 0.0, 0.0, 0.0, 0.0, 0.0]
INFORMACIÓN : 12apuestaBundle [619.3765375161331, 566.7010203332106, 566.7010203332106, 540.2717156547574, 480.87650219201186, 469.3067577934369]
INFORMACIÓN : 12positionsBundle [2384, 1565, 1565, 1978, 2438, 1910]
INFORMACIÓN : 12levelsBundle [2, 2, 2, 2, 2, 2]
INFORMACIÓN : 12positionsOrdered [1565, 1565, 2438, 2384, 1978, 1910]
INFORMACIÓN : 12levelsOrdered [2, 2, 2, 2, 2, 2]
INFORMACIÓN : 12partialityOrdered [2, 2, 2, 2, 2, 2]
INFORMACIÓN : 12arrivalTimes [8.602325267042627, 8.602325267042627, 37.20302455919281, 59.98652305799595, 69.98652305799595, 88.0142794353159]
INFORMACIÓN : 13historia0[0.0, 528.5922130632812, 0.0, 0.0, 0.0, 0.0, 0.0, 555.4342648058446, 439.3044970818687, 0.0, 0.0, 462.49386951073166, 635.6966415304163, 0.0, 0.0, 0.0, 619.3765375161331, 0.0, 0.0, 0.0, 636.3531928851373, 0.0, 388.8590622482193, 505.6653546943911, 0.0, 0.0, 0.0, 0.0, 0.0, 0.0, 0.0, 0.0, 0.0, 471.6135915314835, 0.0, 0.0, 0.0, 574.4398931188656, 0.0, 0.0, 0.0, 0.0, 0.0, 0.0, 0.0, 603.0533659400589, 0.0, 0.0, 451.8153498097706, 0.0, 388.8590622482193, 0.0, 420.93415788060895, 0.0, 0.0, 566.7010203332106, 542.5246305379196, 540.2717156547574, 0.0, 0.0, 480.87650219201186, 469.3067577934369, 616.6016289080821, 0.0, 345.47818873459664, 578.6724659057077, 589.4972146666073, 566.7010203332106, 0.0, 437.30675067266725, 0.0, 616.4131208108073, 0.0, 0.0, 460.62687721656596, 0.0, 0.0, 616.4131208108073, 0.0, 0.0, 0.0, 555.4342648058446, 0.0, 646.6271975327035, 345.47818873459664, 565.9849753681403, 0.0, 0.0, 570.2179588865403, 0.0, 0.0, 0.0, 0.0, 0.0, 0.0, 0.0, 0.0, 0.0, 0.0, 515.6716513276453, 0.0, 0.0, 0.0, 0.0, 0.0, 0.0, 0.0, 0.0, 0.0, 0.0, 0.0, 0.0, 0.0, 569.9382358364036, 0.0, 0.0, 0.0, 0.0, 0.0, 0.0]
INFORMACIÓN : 13apuestaBundle [619.3765375161331, 566.7010203332106, 566.7010203332106, 540.2717156547574, 480.87650219201186, 469.3067577934369]
INFORMACIÓN : 13positionsBundle [2384, 1565, 1565, 1978, 2438, 1910]
INFORMACIÓN : 13levelsBundle [2, 2, 2, 2, 2, 2]
INFORMACIÓN : 13positionsOrdered [1565, 1565, 2438, 2384, 1978, 1910]
INFORMACIÓN : 13levelsOrdered [2, 2, 2, 2, 2, 2]
INFORMACIÓN : 13partialityOrdered [2, 2, 2, 2, 2, 2]
INFORMACIÓN : 13arrivalTimes [8.602325267042627, 8.602325267042627, 37.20302455919281, 59.98652305799595, 69.98652305799595, 88.0142794353159]
INFORMACIÓN : 14historia0[0.0, 528.5922130632812, 0.0, 0.0, 0.0, 0.0, 0.0, 555.4342648058446, 451.8153498097706, 0.0, 0.0, 462.49386951073166, 635.6966415304163, 0.0, 0.0, 0.0, 619.3765375161331, 0.0, 0.0, 0.0, 636.3531928851373, 0.0, 388.8590622482193, 505.6653546943911, 0.0, 0.0, 0.0, 0.0, 0.0, 0.0, 0.0, 0.0, 0.0, 471.6135915314835, 0.0, 0.0, 0.0, 574.4398931188656, 0.0, 0.0, 0.0, 0.0, 0.0, 0.0, 0.0, 603.0533659400589, 0.0, 0.0, 451.8153498097706, 0.0, 388.8590622482193, 0.0, 420.93415788060895, 0.0, 0.0, 566.7010203332106, 542.5246305379196, 540.2717156547574, 0.0, 0.0, 480.87650219201186, 469.3067577934369, 616.6016289080821, 0.0, 345.47818873459664, 578.6724659057077, 589.4972146666073, 566.7010203332106, 0.0, 434.9938394570331, 0.0, 616.4131208108073, 0.0, 0.0, 460.62687721656596, 0.0, 0.0, 616.4131208108073, 0.0, 0.0, 0.0, 555.4342648058446, 0.0, 646.6271975327035, 345.47818873459664, 565.9849753681403, 0.0, 0.0, 570.2179588865403, 0.0, 0.0, 0.0, 0.0, 0.0, 0.0, 0.0, 0.0, 0.0, 0.0, 515.6716513276453, 0.0, 0.0, 0.0, 0.0, 0.0, 0.0, 0.0, 0.0, 0.0, 0.0, 0.0, 0.0, 0.0, 569.9382358364036, 0.0, 0.0, 0.0, 0.0, 0.0, 0.0]
INFORMACIÓN : 14apuestaBundle [619.3765375161331, 566.7010203332106, 566.7010203332106, 540.2717156547574, 480.87650219201186, 469.3067577934369]
INFORMACIÓN : 14positionsBundle [2384, 1565, 1565, 1978, 2438, 1910]
INFORMACIÓN : 14levelsBundle [2, 2, 2, 2, 2, 2]
INFORMACIÓN : 14positionsOrdered [1565, 1565, 2438, 2384, 1978, 1910]
INFORMACIÓN : 14levelsOrdered [2, 2, 2, 2, 2, 2]
INFORMACIÓN : 14partialityOrdered [2, 2, 2, 2, 2, 2]
INFORMACIÓN : 14arrivalTimes [8.602325267042627, 8.602325267042627, 37.20302455919281, 59.98652305799595, 69.98652305799595, 88.0142794353159]
INFORMACIÓN : 15historia0[0.0, 528.5922130632812, 0.0, 0.0, 0.0, 0.0, 0.0, 555.4342648058446, 451.8153498097706, 0.0, 0.0, 462.49386951073166, 635.6966415304163, 0.0, 0.0, 0.0, 619.3765375161331, 0.0, 0.0, 0.0, 636.3531928851373, 0.0, 388.8590622482193, 505.6653546943911, 0.0, 0.0, 0.0, 0.0, 0.0, 0.0, 0.0, 0.0, 0.0, 471.6135915314835, 0.0, 0.0, 0.0, 574.4398931188656, 0.0, 0.0, 0.0, 0.0, 0.0, 0.0, 0.0, 603.0533659400589, 0.0, 0.0, 451.8153498097706, 0.0, 388.8590622482193, 0.0, 420.93415788060895, 0.0, 0.0, 566.7010203332106, 542.5246305379196, 540.2717156547574, 0.0, 0.0, 480.87650219201186, 469.3067577934369, 616.6016289080821, 0.0, 345.47818873459664, 578.6724659057077, 589.4972146666073, 566.7010203332106, 0.0, 434.9938394570331, 0.0, 616.4131208108073, 0.0, 0.0, 460.62687721656596, 0.0, 0.0, 616.4131208108073, 0.0, 0.0, 0.0, 555.4342648058446, 0.0, 646.6271975327035, 345.47818873459664, 565.9849753681403, 0.0, 0.0, 570.2179588865403, 0.0, 0.0, 0.0, 0.0, 0.0, 0.0, 0.0, 0.0, 0.0, 0.0, 515.6716513276453, 0.0, 0.0, 0.0, 0.0, 0.0, 0.0, 0.0, 0.0, 0.0, 0.0, 0.0, 0.0, 0.0, 569.9382358364036, 0.0, 0.0, 0.0, 0.0, 0.0, 0.0]
INFORMACIÓN : 15apuestaBundle [619.3765375161331, 566.7010203332106, 566.7010203332106, 540.2717156547574, 480.87650219201186, 469.3067577934369]
INFORMACIÓN : 15positionsBundle [2384, 1565, 1565, 1978, 2438, 1910]
INFORMACIÓN : 15levelsBundle [2, 2, 2, 2, 2, 2]
INFORMACIÓN : 15positionsOrdered [1565, 1565, 2438, 2384, 1978, 1910]
INFORMACIÓN : 15levelsOrdered [2, 2, 2, 2, 2, 2]
INFORMACIÓN : 15partialityOrdered [2, 2, 2, 2, 2, 2]
INFORMACIÓN : 15arrivalTimes [8.602325267042627, 8.602325267042627, 37.20302455919281, 59.98652305799595, 69.98652305799595, 88.0142794353159]
INFORMACIÓN : 16historia0[0.0, 528.5922130632812, 0.0, 0.0, 0.0, 0.0, 0.0, 555.4342648058446, 451.8153498097706, 0.0, 0.0, 462.49386951073166, 635.6966415304163, 0.0, 0.0, 0.0, 619.3765375161331, 0.0, 0.0, 0.0, 636.3531928851373, 0.0, 388.8590622482193, 505.6653546943911, 0.0, 0.0, 0.0, 0.0, 0.0, 0.0, 0.0, 0.0, 0.0, 471.6135915314835, 0.0, 0.0, 0.0, 574.4398931188656, 0.0, 0.0, 0.0, 0.0, 0.0, 0.0, 0.0, 603.0533659400589, 0.0, 0.0, 451.8153498097706, 0.0, 388.8590622482193, 0.0, 420.93415788060895, 0.0, 0.0, 566.7010203332106, 542.5246305379196, 540.2717156547574, 0.0, 0.0, 480.87650219201186, 469.3067577934369, 616.6016289080821, 0.0, 345.47818873459664, 578.6724659057077, 589.4972146666073, 566.7010203332106, 0.0, 434.9938394570331, 0.0, 616.4131208108073, 0.0, 0.0, 460.62687721656596, 0.0, 0.0, 616.4131208108073, 0.0, 0.0, 0.0, 555.4342648058446, 0.0, 646.6271975327035, 345.47818873459664, 565.9849753681403, 0.0, 0.0, 570.2179588865403, 0.0, 0.0, 0.0, 0.0, 0.0, 0.0, 0.0, 0.0, 0.0, 0.0, 515.6716513276453, 0.0, 0.0, 0.0, 0.0, 0.0, 0.0, 0.0, 0.0, 0.0, 0.0, 0.0, 0.0, 0.0, 569.9382358364036, 0.0, 0.0, 0.0, 0.0, 0.0, 0.0]
INFORMACIÓN : 16apuestaBundle [619.3765375161331, 566.7010203332106, 566.7010203332106, 540.2717156547574, 480.87650219201186, 469.3067577934369]
INFORMACIÓN : 16positionsBundle [2384, 1565, 1565, 1978, 2438, 1910]
INFORMACIÓN : 16levelsBundle [2, 2, 2, 2, 2, 2]
INFORMACIÓN : 16positionsOrdered [1565, 1565, 2438, 2384, 1978, 1910]
INFORMACIÓN : 16levelsOrdered [2, 2, 2, 2, 2, 2]
INFORMACIÓN : 16partialityOrdered [2, 2, 2, 2, 2, 2]
INFORMACIÓN : 16arrivalTimes [8.602325267042627, 8.602325267042627, 37.20302455919281, 59.98652305799595, 69.98652305799595, 88.0142794353159]
INFORMACIÓN : 17historia0[0.0, 528.5922130632812, 0.0, 0.0, 0.0, 0.0, 0.0, 555.4342648058446, 451.8153498097706, 0.0, 0.0, 462.49386951073166, 635.6966415304163, 0.0, 0.0, 0.0, 619.3765375161331, 0.0, 0.0, 0.0, 636.3531928851373, 0.0, 388.8590622482193, 505.6653546943911, 0.0, 0.0, 0.0, 0.0, 0.0, 0.0, 0.0, 0.0, 0.0, 471.6135915314835, 0.0, 0.0, 0.0, 574.4398931188656, 0.0, 0.0, 0.0, 0.0, 0.0, 0.0, 0.0, 603.0533659400589, 0.0, 0.0, 451.8153498097706, 0.0, 388.8590622482193, 0.0, 420.93415788060895, 0.0, 0.0, 566.7010203332106, 542.5246305379196, 540.2717156547574, 0.0, 0.0, 480.87650219201186, 469.3067577934369, 616.6016289080821, 0.0, 345.47818873459664, 578.6724659057077, 589.4972146666073, 566.7010203332106, 0.0, 434.9938394570331, 0.0, 616.4131208108073, 0.0, 0.0, 460.62687721656596, 0.0, 0.0, 616.4131208108073, 0.0, 0.0, 0.0, 555.4342648058446, 0.0, 646.6271975327035, 345.47818873459664, 565.9849753681403, 0.0, 0.0, 570.2179588865403, 0.0, 0.0, 0.0, 0.0, 0.0, 0.0, 0.0, 0.0, 0.0, 0.0, 515.6716513276453, 0.0, 0.0, 0.0, 0.0, 0.0, 0.0, 0.0, 0.0, 0.0, 0.0, 0.0, 0.0, 0.0, 569.9382358364036, 0.0, 0.0, 0.0, 0.0, 0.0, 0.0]
INFORMACIÓN : 17apuestaBundle [619.3765375161331, 566.7010203332106, 566.7010203332106, 540.2717156547574, 480.87650219201186, 469.3067577934369]
INFORMACIÓN : 17positionsBundle [2384, 1565, 1565, 1978, 2438, 1910]
INFORMACIÓN : 17levelsBundle [2, 2, 2, 2, 2, 2]
INFORMACIÓN : 17positionsOrdered [1565, 1565, 2438, 2384, 1978, 1910]
INFORMACIÓN : 17levelsOrdered [2, 2, 2, 2, 2, 2]
INFORMACIÓN : 17partialityOrdered [2, 2, 2, 2, 2, 2]
INFORMACIÓN : 17arrivalTimes [8.602325267042627, 8.602325267042627, 37.20302455919281, 59.98652305799595, 69.98652305799595, 88.0142794353159]
INFORMACIÓN : 18historia0[0.0, 528.5922130632812, 0.0, 0.0, 0.0, 0.0, 0.0, 555.4342648058446, 451.8153498097706, 0.0, 0.0, 462.49386951073166, 635.6966415304163, 0.0, 0.0, 0.0, 619.3765375161331, 0.0, 0.0, 0.0, 636.3531928851373, 0.0, 388.8590622482193, 505.6653546943911, 0.0, 0.0, 0.0, 0.0, 0.0, 0.0, 0.0, 0.0, 0.0, 471.6135915314835, 0.0, 0.0, 0.0, 574.4398931188656, 0.0, 0.0, 0.0, 0.0, 0.0, 0.0, 0.0, 603.0533659400589, 0.0, 0.0, 451.8153498097706, 0.0, 388.8590622482193, 0.0, 420.93415788060895, 0.0, 0.0, 566.7010203332106, 542.5246305379196, 540.2717156547574, 0.0, 0.0, 480.87650219201186, 469.3067577934369, 616.6016289080821, 0.0, 345.47818873459664, 578.6724659057077, 589.4972146666073, 566.7010203332106, 0.0, 434.9938394570331, 0.0, 616.4131208108073, 0.0, 0.0, 460.62687721656596, 0.0, 0.0, 616.4131208108073, 0.0, 0.0, 0.0, 555.4342648058446, 0.0, 646.6271975327035, 345.47818873459664, 565.9849753681403, 0.0, 0.0, 570.2179588865403, 0.0, 0.0, 0.0, 0.0, 0.0, 0.0, 0.0, 0.0, 0.0, 0.0, 515.6716513276453, 0.0, 0.0, 0.0, 0.0, 0.0, 0.0, 0.0, 0.0, 0.0, 0.0, 0.0, 0.0, 0.0, 569.9382358364036, 0.0, 0.0, 0.0, 0.0, 0.0, 0.0]
INFORMACIÓN : 18apuestaBundle [619.3765375161331, 566.7010203332106, 566.7010203332106, 540.2717156547574, 480.87650219201186, 469.3067577934369]
INFORMACIÓN : 18positionsBundle [2384, 1565, 1565, 1978, 2438, 1910]
INFORMACIÓN : 18levelsBundle [2, 2, 2, 2, 2, 2]
INFORMACIÓN : 18positionsOrdered [1565, 1565, 2438, 2384, 1978, 1910]
INFORMACIÓN : 18levelsOrdered [2, 2, 2, 2, 2, 2]
INFORMACIÓN : 18partialityOrdered [2, 2, 2, 2, 2, 2]
INFORMACIÓN : 18arrivalTimes [8.602325267042627, 8.602325267042627, 37.20302455919281, 59.98652305799595, 69.98652305799595, 88.0142794353159]
INFORMACIÓN : 19historia0[0.0, 528.5922130632812, 0.0, 0.0, 0.0, 0.0, 0.0, 555.4342648058446, 451.8153498097706, 0.0, 0.0, 462.49386951073166, 635.6966415304163, 0.0, 0.0, 0.0, 619.3765375161331, 0.0, 0.0, 0.0, 636.3531928851373, 0.0, 388.8590622482193, 505.6653546943911, 0.0, 0.0, 0.0, 0.0, 0.0, 0.0, 0.0, 0.0, 0.0, 471.6135915314835, 0.0, 0.0, 0.0, 574.4398931188656, 0.0, 0.0, 0.0, 0.0, 0.0, 0.0, 0.0, 603.0533659400589, 0.0, 0.0, 451.8153498097706, 0.0, 388.8590622482193, 0.0, 420.93415788060895, 0.0, 0.0, 566.7010203332106, 542.5246305379196, 540.2717156547574, 0.0, 0.0, 480.87650219201186, 469.3067577934369, 616.6016289080821, 0.0, 345.47818873459664, 578.6724659057077, 589.4972146666073, 566.7010203332106, 0.0, 434.9938394570331, 0.0, 616.4131208108073, 0.0, 0.0, 460.62687721656596, 0.0, 0.0, 616.4131208108073, 0.0, 0.0, 0.0, 555.4342648058446, 0.0, 646.6271975327035, 345.47818873459664, 565.9849753681403, 0.0, 0.0, 570.2179588865403, 0.0, 0.0, 0.0, 0.0, 0.0, 0.0, 0.0, 0.0, 0.0, 0.0, 515.6716513276453, 0.0, 0.0, 0.0, 0.0, 0.0, 0.0, 0.0, 0.0, 0.0, 0.0, 0.0, 0.0, 0.0, 569.9382358364036, 0.0, 0.0, 0.0, 0.0, 0.0, 0.0]
