----------------------------------------------------------------------
-- Log session for [myBugCoalitionsCCBBAGuaiDEF-327] started on 2017.07.13.00.53.28 --
----------------------------------------------------------------------

INFORMACIÓN : I started
INFORMACIÓN : 0apuestaBundle [807.1202199364803, 805.193337421485, 794.4358112711021, 783.3433969916409, 776.2886295662393]
INFORMACIÓN : 0positionsBundle [1212, 964, 703, 1124, 1476]
INFORMACIÓN : 0levelsBundle [3, 3, 3, 3, 3]
INFORMACIÓN : 0positionsOrdered [1212, 964, 703, 1124, 1476]
INFORMACIÓN : 0levelsOrdered [3, 3, 3, 3, 3]
INFORMACIÓN : 0partialityOrdered [3, 3, 3, 3, 3]
INFORMACIÓN : 0arrivalTimes [4.621829250812759, 10.006994057947264, 22.090040031541836, 44.56224508578607, 51.842354975066584]
INFORMACIÓN : timeSat position 1212 level 3
INFORMACIÓN : timeSat position 964 level 3
INFORMACIÓN : timeSat position 703 level 3
INFORMACIÓN : 1historia0[0.0, 0.0, 0.0, 0.0, 0.0, 0.0, 0.0, 0.0, 0.0, 0.0, 0.0, 0.0, 0.0, 0.0, 0.0, 254.71699655248713, 0.0, 0.0, 0.0, 0.0, 0.0, 0.0, 0.0, 0.0, 798.5923985907053, 0.0, 0.0, 236.64359952473046, 0.0, 805.9140529806845, 0.0, 0.0, 0.0, 0.0, 0.0, 0.0, 0.0, 0.0, 0.0, 0.0, 0.0, 375.2825807302371, 0.0, 0.0, 791.9524871376394, 794.5713391645745, 0.0, 0.0, 0.0, 0.0, 0.0, 0.0, 0.0, 154.48734564253346, 803.4128399776718, 0.0, 250.04259106498847, 0.0, 0.0, 167.08569802285479, 0.0, 0.0, 0.0, 0.0, 0.0, 43.87876994263888, 344.20643018449437, 0.0, 0.0, 0.0, 0.0, 0.0, 0.0, 0.0, 0.0, 0.0, 784.5182666305843, 795.8567697865049, 0.0, 0.0, 0.0, 0.0, 0.0, 0.0, 0.0, 0.0, 0.0, 0.0, 344.20643018449437, 0.0, 0.0, 0.0, 0.0, 0.0, 0.0, 0.0, 271.97007033741176, 0.0, 0.0, 0.0, 0.0, 0.0, 797.9680069940039, 0.0, 0.0, 0.0, 0.0, 168.32012348902677, 0.0, 0.0, 375.2825807302371, 0.0, 0.0, 0.0, 0.0, 68.57555746939829, 0.0, 0.0, 0.0, 0.0, 0.0, 0.0, 0.0, 0.0, 0.0, 192.62561513842053, 48.50322943172289, 0.0, 0.0, 0.0, 0.0, 0.0, 0.0, 0.0, 0.0, 0.0, 0.0, 0.0, 0.0, 0.0, 0.0, 0.0, 0.0, 0.0, 0.0, 364.46263569147936, 0.0, 0.0, 0.0, 0.0, 0.0, 159.5292838421098, 364.46263569147936, 0.0, 145.7194585427585, 798.8145766365458, 0.0, 0.0, 776.334686157495, 0.0, 781.5696413418206, 254.17543297693555, 0.0, 161.69398801861485, 0.0, 0.0, 0.0, 0.0, 0.0, 0.0]
INFORMACIÓN : 1apuestaBundle [806.4495536197614, 803.7489086579235, 793.7658918421769, 781.7782590477727, 762.8677479750213]
INFORMACIÓN : 1positionsBundle [1212, 964, 703, 156, 2364]
INFORMACIÓN : 1levelsBundle [3, 3, 3, 3, 3]
INFORMACIÓN : 1positionsOrdered [964, 1212, 703, 156, 2364]
INFORMACIÓN : 1levelsOrdered [3, 3, 3, 3, 3]
INFORMACIÓN : 1partialityOrdered [3, 3, 3, 3, 3]
INFORMACIÓN : 1arrivalTimes [15.68234489349987, 21.067509700634375, 34.521133747708085, 45.922887998699466, 90.64424754869526]
INFORMACIÓN : 2historia0[0.0, 0.0, 0.0, 0.0, 0.0, 793.7658918421769, 0.0, 0.0, 0.0, 0.0, 0.0, 0.0, 0.0, 0.0, 0.0, 0.0, 0.0, 0.0, 0.0, 0.0, 0.0, 803.7489086579235, 0.0, 0.0, 798.5923985907053, 0.0, 0.0, 0.0, 0.0, 805.9140529806845, 0.0, 0.0, 0.0, 0.0, 0.0, 0.0, 0.0, 0.0, 142.83638330724898, 0.0, 0.0, 375.2825807302371, 0.0, 0.0, 791.9524871376394, 794.5713391645745, 0.0, 0.0, 0.0, 0.0, 0.0, 0.0, 0.0, 0.0, 803.4128399776718, 0.0, 250.04259106498847, 0.0, 0.0, 167.08569802285479, 0.0, 0.0, 0.0, 0.0, 0.0, 43.87876994263888, 344.20643018449437, 0.0, 0.0, 0.0, 0.0, 0.0, 0.0, 0.0, 0.0, 762.8677479750213, 784.5182666305843, 795.8567697865049, 0.0, 0.0, 0.0, 0.0, 0.0, 0.0, 0.0, 0.0, 0.0, 0.0, 344.20643018449437, 0.0, 0.0, 0.0, 0.0, 0.0, 0.0, 0.0, 271.97007033741176, 0.0, 0.0, 0.0, 0.0, 0.0, 797.9680069940039, 0.0, 781.7782590477727, 0.0, 0.0, 0.0, 0.0, 0.0, 375.2825807302371, 0.0, 0.0, 0.0, 0.0, 68.57555746939829, 0.0, 0.0, 0.0, 0.0, 0.0, 806.4495536197614, 0.0, 0.0, 0.0, 192.62561513842053, 0.0, 0.0, 0.0, 0.0, 0.0, 0.0, 0.0, 0.0, 0.0, 0.0, 0.0, 0.0, 0.0, 0.0, 0.0, 0.0, 0.0, 0.0, 0.0, 0.0, 0.0, 0.0, 0.0, 0.0, 0.0, 159.5292838421098, 0.0, 0.0, 0.0, 798.8145766365458, 0.0, 0.0, 776.334686157495, 0.0, 781.5696413418206, 254.17543297693555, 0.0, 161.69398801861485, 0.0, 0.0, 0.0, 0.0, 0.0, 0.0]
INFORMACIÓN : 2apuestaBundle [806.4495536197614, 803.7489086579235, 793.7658918421769, 781.7782590477727, 762.8677479750213]
INFORMACIÓN : 2positionsBundle [1212, 964, 703, 156, 2364]
INFORMACIÓN : 2levelsBundle [3, 3, 3, 3, 3]
INFORMACIÓN : 2positionsOrdered [964, 1212, 703, 156, 2364]
INFORMACIÓN : 2levelsOrdered [3, 3, 3, 3, 3]
INFORMACIÓN : 2partialityOrdered [3, 3, 3, 3, 3]
INFORMACIÓN : 2arrivalTimes [15.68234489349987, 21.067509700634375, 34.521133747708085, 45.922887998699466, 90.64424754869526]
INFORMACIÓN : 3historia0[0.0, 0.0, 0.0, 0.0, 0.0, 793.7658918421769, 0.0, 0.0, 0.0, 0.0, 0.0, 0.0, 0.0, 0.0, 0.0, 0.0, 0.0, 0.0, 0.0, 0.0, 0.0, 803.7489086579235, 0.0, 0.0, 798.5923985907053, 0.0, 92.82492031587626, 254.17216888211306, 0.0, 805.9140529806845, 0.0, 0.0, 0.0, 44.05348403360131, 0.0, 0.0, 34.42772727853867, 0.0, 0.0, 0.0, 0.0, 0.0, 0.0, 0.0, 791.9524871376394, 794.5713391645745, 0.0, 170.34504320413666, 0.0, 0.0, 0.0, 0.0, 0.0, 179.5390111975978, 803.4128399776718, 0.0, 250.04259106498847, 0.0, 0.0, 180.28474032585382, 0.0, 0.0, 0.0, 0.0, 0.0, 0.0, 0.0, 0.0, 0.0, 0.0, 0.0, 0.0, 0.0, 0.0, 0.0, 762.8677479750213, 784.5182666305843, 795.8567697865049, 0.0, 0.0, 0.0, 0.0, 0.0, 0.0, 0.0, 0.0, 0.0, 0.0, 0.0, 0.0, 0.0, 0.0, 0.0, 0.0, 64.03604607591137, 0.0, 271.97007033741176, 0.0, 0.0, 0.0, 0.0, 0.0, 797.9680069940039, 0.0, 781.7782590477727, 0.0, 357.15915228717193, 0.0, 0.0, 0.0, 0.0, 0.0, 0.0, 0.0, 0.0, 68.57555746939829, 0.0, 0.0, 0.0, 0.0, 0.0, 806.4495536197614, 0.0, 0.0, 0.0, 192.62561513842053, 0.0, 0.0, 0.0, 70.24519271805423, 0.0, 0.0, 0.0, 0.0, 0.0, 0.0, 0.0, 0.0, 0.0, 277.0269013454392, 0.0, 0.0, 0.0, 0.0, 0.0, 0.0, 0.0, 0.0, 0.0, 0.0, 0.0, 159.5292838421098, 0.0, 0.0, 164.54984916349576, 798.8145766365458, 0.0, 0.0, 776.334686157495, 0.0, 781.5696413418206, 254.17543297693555, 0.0, 161.69398801861485, 0.0, 0.0, 0.0, 0.0, 0.0, 0.0]
INFORMACIÓN : 3apuestaBundle [806.4495536197614, 803.7489086579235, 793.7658918421769, 781.7782590477727, 762.8677479750213]
INFORMACIÓN : 3positionsBundle [1212, 964, 703, 156, 2364]
INFORMACIÓN : 3levelsBundle [3, 3, 3, 3, 3]
INFORMACIÓN : 3positionsOrdered [964, 1212, 703, 156, 2364]
INFORMACIÓN : 3levelsOrdered [3, 3, 3, 3, 3]
INFORMACIÓN : 3partialityOrdered [3, 3, 3, 3, 3]
INFORMACIÓN : 3arrivalTimes [15.68234489349987, 21.067509700634375, 34.521133747708085, 45.922887998699466, 90.64424754869526]
INFORMACIÓN : 4historia0[0.0, 0.0, 0.0, 0.0, 0.0, 793.7658918421769, 0.0, 0.0, 0.0, 0.0, 0.0, 0.0, 0.0, 0.0, 144.841065905003, 0.0, 0.0, 0.0, 0.0, 0.0, 0.0, 803.7489086579235, 0.0, 0.0, 798.5923985907053, 0.0, 0.0, 254.17216888211306, 0.0, 805.9140529806845, 0.0, 0.0, 0.0, 44.05348403360131, 0.0, 0.0, 34.42772727853867, 0.0, 0.0, 0.0, 0.0, 0.0, 0.0, 0.0, 791.9524871376394, 794.5713391645745, 0.0, 170.34504320413666, 0.0, 0.0, 0.0, 0.0, 0.0, 179.5390111975978, 803.4128399776718, 0.0, 250.04259106498847, 0.0, 0.0, 180.28474032585382, 0.0, 0.0, 0.0, 0.0, 0.0, 0.0, 0.0, 0.0, 0.0, 0.0, 0.0, 0.0, 0.0, 0.0, 0.0, 762.8677479750213, 784.5182666305843, 795.8567697865049, 0.0, 0.0, 0.0, 0.0, 0.0, 0.0, 0.0, 0.0, 0.0, 0.0, 0.0, 0.0, 0.0, 0.0, 0.0, 0.0, 64.03604607591137, 0.0, 271.97007033741176, 0.0, 0.0, 0.0, 0.0, 0.0, 797.9680069940039, 0.0, 781.7782590477727, 0.0, 357.15915228717193, 0.0, 0.0, 0.0, 0.0, 0.0, 0.0, 0.0, 0.0, 68.57555746939829, 0.0, 0.0, 0.0, 0.0, 0.0, 806.4495536197614, 0.0, 0.0, 0.0, 192.62561513842053, 0.0, 0.0, 0.0, 70.24519271805423, 56.175924243412766, 0.0, 0.0, 0.0, 0.0, 0.0, 0.0, 0.0, 0.0, 277.0269013454392, 0.0, 0.0, 0.0, 0.0, 0.0, 0.0, 0.0, 0.0, 0.0, 0.0, 246.8213954253922, 159.5292838421098, 0.0, 0.0, 164.54984916349576, 798.8145766365458, 0.0, 0.0, 776.334686157495, 0.0, 781.5696413418206, 254.17543297693555, 0.0, 161.69398801861485, 0.0, 0.0, 0.0, 0.0, 0.0, 0.0]
INFORMACIÓN : 4apuestaBundle [806.4495536197614, 803.7489086579235, 793.7658918421769, 781.7782590477727, 762.8677479750213]
INFORMACIÓN : 4positionsBundle [1212, 964, 703, 156, 2364]
INFORMACIÓN : 4levelsBundle [3, 3, 3, 3, 3]
INFORMACIÓN : 4positionsOrdered [964, 1212, 703, 156, 2364]
INFORMACIÓN : 4levelsOrdered [3, 3, 3, 3, 3]
INFORMACIÓN : 4partialityOrdered [3, 3, 3, 3, 3]
INFORMACIÓN : 4arrivalTimes [15.68234489349987, 21.067509700634375, 34.521133747708085, 45.922887998699466, 90.64424754869526]
INFORMACIÓN : 5historia0[0.0, 0.0, 0.0, 0.0, 0.0, 793.7658918421769, 0.0, 0.0, 0.0, 0.0, 0.0, 0.0, 0.0, 0.0, 144.841065905003, 0.0, 0.0, 0.0, 0.0, 0.0, 0.0, 803.7489086579235, 0.0, 0.0, 798.5923985907053, 0.0, 0.0, 254.17216888211306, 0.0, 805.9140529806845, 0.0, 0.0, 0.0, 44.05348403360131, 0.0, 0.0, 34.42772727853867, 0.0, 0.0, 0.0, 0.0, 0.0, 0.0, 0.0, 791.9524871376394, 794.5713391645745, 0.0, 170.34504320413666, 0.0, 0.0, 0.0, 0.0, 0.0, 179.5390111975978, 803.4128399776718, 0.0, 250.04259106498847, 0.0, 0.0, 180.28474032585382, 0.0, 0.0, 0.0, 0.0, 0.0, 0.0, 0.0, 0.0, 0.0, 0.0, 0.0, 0.0, 0.0, 0.0, 0.0, 762.8677479750213, 784.5182666305843, 795.8567697865049, 0.0, 0.0, 0.0, 0.0, 0.0, 0.0, 0.0, 0.0, 0.0, 0.0, 0.0, 0.0, 0.0, 0.0, 0.0, 0.0, 64.03604607591137, 0.0, 271.97007033741176, 0.0, 0.0, 0.0, 0.0, 0.0, 797.9680069940039, 0.0, 781.7782590477727, 0.0, 357.15915228717193, 0.0, 0.0, 0.0, 0.0, 0.0, 0.0, 0.0, 0.0, 68.57555746939829, 0.0, 0.0, 0.0, 0.0, 0.0, 806.4495536197614, 0.0, 0.0, 0.0, 192.62561513842053, 0.0, 0.0, 0.0, 70.24519271805423, 0.0, 0.0, 0.0, 0.0, 0.0, 0.0, 0.0, 0.0, 0.0, 277.0269013454392, 0.0, 0.0, 0.0, 0.0, 0.0, 0.0, 0.0, 0.0, 0.0, 0.0, 246.8213954253922, 159.5292838421098, 0.0, 0.0, 164.54984916349576, 798.8145766365458, 0.0, 0.0, 776.334686157495, 0.0, 781.5696413418206, 254.17543297693555, 0.0, 161.69398801861485, 0.0, 0.0, 0.0, 0.0, 0.0, 0.0]
INFORMACIÓN : 5apuestaBundle [806.4495536197614, 803.7489086579235, 793.7658918421769, 781.7782590477727, 762.8677479750213]
INFORMACIÓN : 5positionsBundle [1212, 964, 703, 156, 2364]
INFORMACIÓN : 5levelsBundle [3, 3, 3, 3, 3]
INFORMACIÓN : 5positionsOrdered [964, 1212, 703, 156, 2364]
INFORMACIÓN : 5levelsOrdered [3, 3, 3, 3, 3]
INFORMACIÓN : 5partialityOrdered [3, 3, 3, 3, 3]
INFORMACIÓN : 5arrivalTimes [15.68234489349987, 21.067509700634375, 34.521133747708085, 45.922887998699466, 90.64424754869526]
INFORMACIÓN : 6historia0[0.0, 0.0, 0.0, 68.35901442007004, 0.0, 793.7658918421769, 0.0, 0.0, 0.0, 0.0, 0.0, 0.0, 0.0, 0.0, 0.0, 0.0, 0.0, 0.0, 0.0, 0.0, 0.0, 803.7489086579235, 0.0, 0.0, 798.5923985907053, 0.0, 0.0, 254.17216888211306, 0.0, 805.9140529806845, 0.0, 0.0, 0.0, 62.17942427755895, 0.0, 0.0, 52.66260271417957, 0.0, 0.0, 0.0, 0.0, 0.0, 0.0, 0.0, 791.9524871376394, 794.3440639574791, 0.0, 170.34504320413666, 0.0, 0.0, 0.0, 0.0, 0.0, 179.5390111975978, 803.4128399776718, 0.0, 250.04259106498847, 0.0, 0.0, 180.28474032585382, 0.0, 0.0, 0.0, 0.0, 0.0, 0.0, 0.0, 0.0, 0.0, 0.0, 0.0, 0.0, 0.0, 0.0, 0.0, 762.8677479750213, 784.5182666305843, 795.8567697865049, 0.0, 0.0, 0.0, 0.0, 0.0, 0.0, 0.0, 0.0, 0.0, 0.0, 0.0, 0.0, 0.0, 0.0, 0.0, 0.0, 0.0, 0.0, 0.0, 0.0, 0.0, 0.0, 0.0, 0.0, 797.9680069940039, 0.0, 781.7782590477727, 0.0, 357.15915228717193, 0.0, 0.0, 0.0, 0.0, 0.0, 0.0, 0.0, 0.0, 0.0, 0.0, 0.0, 0.0, 0.0, 0.0, 806.4495536197614, 0.0, 0.0, 0.0, 0.0, 0.0, 0.0, 0.0, 70.24519271805423, 0.0, 0.0, 0.0, 0.0, 0.0, 0.0, 0.0, 0.0, 0.0, 277.0269013454392, 0.0, 0.0, 0.0, 0.0, 0.0, 0.0, 0.0, 0.0, 0.0, 0.0, 0.0, 0.0, 0.0, 0.0, 164.54984916349576, 798.8145766365458, 0.0, 0.0, 775.9071624207892, 0.0, 781.4553809609705, 254.17543297693555, 0.0, 161.69398801861485, 66.84176356553087, 0.0, 0.0, 0.0, 0.0, 0.0]
INFORMACIÓN : 6apuestaBundle [806.4495536197614, 803.7489086579235, 793.7658918421769, 781.7782590477727, 762.8677479750213]
INFORMACIÓN : 6positionsBundle [1212, 964, 703, 156, 2364]
INFORMACIÓN : 6levelsBundle [3, 3, 3, 3, 3]
INFORMACIÓN : 6positionsOrdered [964, 1212, 703, 156, 2364]
INFORMACIÓN : 6levelsOrdered [3, 3, 3, 3, 3]
INFORMACIÓN : 6partialityOrdered [3, 3, 3, 3, 3]
INFORMACIÓN : 6arrivalTimes [15.68234489349987, 21.067509700634375, 34.521133747708085, 45.922887998699466, 90.64424754869526]
INFORMACIÓN : depSat position 1212 level 3
INFORMACIÓN : depSat position 964 level 3
INFORMACIÓN : depSat position 703 level 3
INFORMACIÓN : depSat position 156 level 3
INFORMACIÓN : depSat position 2364 level 3
INFORMACIÓN : 7historia0[0.0, 0.0, 0.0, 68.35901442007004, 0.0, 0.0, 0.0, 0.0, 0.0, 0.0, 0.0, 0.0, 0.0, 0.0, 0.0, 0.0, 0.0, 0.0, 0.0, 0.0, 0.0, 0.0, 0.0, 0.0, 798.5923985907053, 0.0, 0.0, 254.17216888211306, 0.0, 805.9140529806845, 0.0, 0.0, 0.0, 62.17942427755895, 0.0, 0.0, 52.66260271417957, 0.0, 142.83638330724898, 0.0, 0.0, 0.0, 0.0, 0.0, 791.9524871376394, 794.3440639574791, 0.0, 170.34504320413666, 0.0, 0.0, 0.0, 0.0, 0.0, 179.5390111975978, 803.4128399776718, 0.0, 250.04259106498847, 0.0, 0.0, 180.28474032585382, 0.0, 0.0, 0.0, 0.0, 0.0, 55.839475999377214, 0.0, 0.0, 0.0, 0.0, 0.0, 0.0, 0.0, 0.0, 0.0, 0.0, 784.5182666305843, 795.8567697865049, 0.0, 0.0, 0.0, 0.0, 0.0, 0.0, 0.0, 0.0, 0.0, 0.0, 0.0, 0.0, 0.0, 0.0, 0.0, 0.0, 0.0, 0.0, 0.0, 0.0, 0.0, 0.0, 0.0, 0.0, 797.9680069940039, 0.0, 0.0, 0.0, 357.15915228717193, 0.0, 0.0, 0.0, 0.0, 0.0, 0.0, 0.0, 0.0, 0.0, 0.0, 0.0, 0.0, 0.0, 0.0, 0.0, 0.0, 0.0, 55.839475999377214, 0.0, 0.0, 0.0, 0.0, 70.24519271805423, 0.0, 0.0, 0.0, 0.0, 0.0, 0.0, 0.0, 0.0, 0.0, 277.0269013454392, 0.0, 0.0, 0.0, 0.0, 0.0, 364.46263569147936, 0.0, 0.0, 0.0, 0.0, 0.0, 0.0, 364.46263569147936, 0.0, 164.54984916349576, 798.8145766365458, 0.0, 0.0, 775.9071624207892, 0.0, 781.4553809609705, 254.17543297693555, 0.0, 161.69398801861485, 66.84176356553087, 0.0, 0.0, 0.0, 0.0, 0.0]
INFORMACIÓN : 7apuestaBundle [806.4495536197614, 803.7489086579235, 793.7658918421769, 781.7782590477727, 762.8677479750213]
INFORMACIÓN : 7positionsBundle [1212, 964, 703, 156, 2364]
INFORMACIÓN : 7levelsBundle [3, 3, 3, 3, 3]
INFORMACIÓN : 7positionsOrdered [964, 1212, 703, 156, 2364]
INFORMACIÓN : 7levelsOrdered [3, 3, 3, 3, 3]
INFORMACIÓN : 7partialityOrdered [3, 3, 3, 3, 3]
INFORMACIÓN : 7arrivalTimes [15.68234489349987, 21.067509700634375, 34.521133747708085, 45.922887998699466, 90.64424754869526]
INFORMACIÓN : 8historia0[0.0, 0.0, 0.0, 68.35901442007004, 0.0, 793.7658918421769, 0.0, 0.0, 0.0, 0.0, 0.0, 0.0, 0.0, 0.0, 144.841065905003, 0.0, 0.0, 0.0, 0.0, 0.0, 0.0, 803.7489086579235, 0.0, 0.0, 798.5923985907053, 0.0, 0.0, 0.0, 0.0, 805.9140529806845, 0.0, 0.0, 0.0, 62.17942427755895, 0.0, 0.0, 52.66260271417957, 0.0, 0.0, 0.0, 0.0, 0.0, 0.0, 0.0, 791.9524871376394, 794.3440639574791, 0.0, 170.34504320413666, 0.0, 0.0, 0.0, 0.0, 0.0, 0.0, 803.4128399776718, 0.0, 250.04259106498847, 0.0, 0.0, 180.28474032585382, 0.0, 0.0, 0.0, 0.0, 0.0, 55.839475999377214, 0.0, 0.0, 0.0, 0.0, 0.0, 0.0, 0.0, 0.0, 0.0, 762.8677479750213, 784.5182666305843, 795.8567697865049, 0.0, 0.0, 0.0, 0.0, 0.0, 0.0, 0.0, 0.0, 0.0, 0.0, 0.0, 0.0, 0.0, 0.0, 0.0, 0.0, 0.0, 0.0, 0.0, 0.0, 0.0, 0.0, 0.0, 0.0, 797.9680069940039, 0.0, 781.7782590477727, 0.0, 0.0, 0.0, 0.0, 0.0, 0.0, 0.0, 0.0, 0.0, 0.0, 0.0, 0.0, 365.3380402603377, 0.0, 0.0, 0.0, 806.4495536197614, 0.0, 0.0, 55.839475999377214, 0.0, 0.0, 0.0, 0.0, 0.0, 0.0, 0.0, 0.0, 0.0, 0.0, 0.0, 0.0, 0.0, 0.0, 0.0, 0.0, 0.0, 0.0, 0.0, 0.0, 0.0, 0.0, 0.0, 0.0, 0.0, 246.8213954253922, 0.0, 0.0, 0.0, 0.0, 798.8145766365458, 0.0, 0.0, 775.9071624207892, 0.0, 781.4553809609705, 254.17543297693555, 0.0, 161.69398801861485, 66.84176356553087, 0.0, 0.0, 0.0, 0.0, 0.0]
INFORMACIÓN : 8apuestaBundle [806.4495536197614, 803.7489086579235, 793.7658918421769, 781.7782590477727, 762.8677479750213]
INFORMACIÓN : 8positionsBundle [1212, 964, 703, 156, 2364]
INFORMACIÓN : 8levelsBundle [3, 3, 3, 3, 3]
INFORMACIÓN : 8positionsOrdered [964, 1212, 703, 156, 2364]
INFORMACIÓN : 8levelsOrdered [3, 3, 3, 3, 3]
INFORMACIÓN : 8partialityOrdered [3, 3, 3, 3, 3]
INFORMACIÓN : 8arrivalTimes [15.68234489349987, 21.067509700634375, 34.521133747708085, 45.922887998699466, 90.64424754869526]
INFORMACIÓN : 9historia0[0.0, 0.0, 0.0, 68.35901442007004, 0.0, 793.7658918421769, 0.0, 0.0, 0.0, 0.0, 0.0, 0.0, 0.0, 0.0, 144.841065905003, 236.31457118564447, 0.0, 0.0, 0.0, 0.0, 0.0, 803.7489086579235, 0.0, 0.0, 798.5923985907053, 0.0, 0.0, 0.0, 0.0, 805.9140529806845, 0.0, 0.0, 0.0, 62.17942427755895, 0.0, 0.0, 52.66260271417957, 0.0, 0.0, 0.0, 0.0, 0.0, 0.0, 0.0, 791.9524871376394, 794.3440639574791, 0.0, 170.34504320413666, 0.0, 0.0, 0.0, 0.0, 0.0, 0.0, 803.4128399776718, 0.0, 250.04259106498847, 0.0, 0.0, 180.28474032585382, 0.0, 0.0, 0.0, 0.0, 0.0, 0.0, 0.0, 0.0, 0.0, 0.0, 0.0, 0.0, 0.0, 0.0, 0.0, 762.8677479750213, 784.5182666305843, 795.8567697865049, 0.0, 0.0, 0.0, 0.0, 0.0, 0.0, 0.0, 0.0, 0.0, 0.0, 0.0, 0.0, 0.0, 0.0, 0.0, 0.0, 0.0, 0.0, 0.0, 0.0, 0.0, 778.2103561738375, 48.67559612557658, 0.0, 797.9680069940039, 0.0, 781.7782590477727, 0.0, 0.0, 160.58101342771243, 150.1584093372209, 0.0, 0.0, 170.48670673716188, 0.0, 0.0, 0.0, 0.0, 0.0, 0.0, 0.0, 0.0, 0.0, 806.4495536197614, 0.0, 0.0, 0.0, 0.0, 0.0, 0.0, 0.0, 0.0, 0.0, 254.28246073739865, 279.0352371804788, 0.0, 0.0, 0.0, 0.0, 0.0, 0.0, 0.0, 0.0, 0.0, 0.0, 0.0, 0.0, 0.0, 0.0, 0.0, 0.0, 0.0, 246.8213954253922, 0.0, 0.0, 0.0, 0.0, 798.8145766365458, 0.0, 0.0, 775.9071624207892, 0.0, 781.4553809609705, 254.17543297693555, 0.0, 161.69398801861485, 66.84176356553087, 0.0, 0.0, 0.0, 0.0, 0.0]
INFORMACIÓN : 9apuestaBundle [806.4495536197614, 803.7489086579235, 793.7658918421769, 781.7782590477727, 762.8677479750213]
INFORMACIÓN : 9positionsBundle [1212, 964, 703, 156, 2364]
INFORMACIÓN : 9levelsBundle [3, 3, 3, 3, 3]
INFORMACIÓN : 9positionsOrdered [964, 1212, 703, 156, 2364]
INFORMACIÓN : 9levelsOrdered [3, 3, 3, 3, 3]
INFORMACIÓN : 9partialityOrdered [3, 3, 3, 3, 3]
INFORMACIÓN : 9arrivalTimes [15.68234489349987, 21.067509700634375, 34.521133747708085, 45.922887998699466, 90.64424754869526]
INFORMACIÓN : 10historia0[0.0, 0.0, 0.0, 68.35901442007004, 0.0, 793.7658918421769, 0.0, 0.0, 0.0, 0.0, 0.0, 0.0, 0.0, 0.0, 144.841065905003, 236.31457118564447, 0.0, 0.0, 0.0, 0.0, 0.0, 803.7489086579235, 0.0, 0.0, 798.5923985907053, 0.0, 0.0, 0.0, 0.0, 805.9140529806845, 0.0, 0.0, 0.0, 0.0, 0.0, 0.0, 0.0, 0.0, 0.0, 0.0, 0.0, 0.0, 0.0, 0.0, 791.9524871376394, 794.3440639574791, 0.0, 170.34504320413666, 0.0, 0.0, 0.0, 77.37094769183705, 0.0, 0.0, 803.4128399776718, 0.0, 250.04259106498847, 0.0, 0.0, 180.28474032585382, 0.0, 0.0, 0.0, 0.0, 0.0, 0.0, 0.0, 0.0, 0.0, 0.0, 0.0, 0.0, 0.0, 0.0, 0.0, 762.8677479750213, 784.5182666305843, 795.8567697865049, 0.0, 0.0, 0.0, 0.0, 0.0, 0.0, 0.0, 0.0, 0.0, 0.0, 0.0, 0.0, 0.0, 0.0, 0.0, 0.0, 0.0, 0.0, 0.0, 0.0, 0.0, 778.2103561738375, 48.67559612557658, 0.0, 797.9680069940039, 0.0, 781.7782590477727, 0.0, 0.0, 160.58101342771243, 150.1584093372209, 0.0, 0.0, 170.48670673716188, 0.0, 0.0, 0.0, 0.0, 0.0, 0.0, 1.4584345992025192, 0.0, 0.0, 806.4495536197614, 0.0, 0.0, 0.0, 0.0, 0.0, 0.0, 0.0, 90.30073124154889, 0.0, 254.28246073739865, 279.0352371804788, 0.0, 0.0, 0.0, 0.0, 0.0, 0.0, 0.0, 0.0, 0.0, 0.0, 0.0, 0.0, 0.0, 0.0, 0.0, 0.0, 0.0, 246.8213954253922, 0.0, 0.0, 0.0, 0.0, 798.8145766365458, 0.0, 0.0, 775.9071624207892, 0.0, 781.4553809609705, 254.17543297693555, 0.0, 161.69398801861485, 0.0, 0.0, 0.0, 0.0, 0.0, 0.0]
INFORMACIÓN : 10apuestaBundle [806.4495536197614, 803.7489086579235, 793.7658918421769, 781.7782590477727, 762.8677479750213]
INFORMACIÓN : 10positionsBundle [1212, 964, 703, 156, 2364]
INFORMACIÓN : 10levelsBundle [3, 3, 3, 3, 3]
INFORMACIÓN : 10positionsOrdered [964, 1212, 703, 156, 2364]
INFORMACIÓN : 10levelsOrdered [3, 3, 3, 3, 3]
INFORMACIÓN : 10partialityOrdered [3, 3, 3, 3, 3]
INFORMACIÓN : 10arrivalTimes [15.68234489349987, 21.067509700634375, 34.521133747708085, 45.922887998699466, 90.64424754869526]
INFORMACIÓN : 11historia0[0.0, 0.0, 0.0, 68.35901442007004, 0.0, 793.7658918421769, 0.0, 0.0, 0.0, 0.0, 0.0, 0.0, 0.0, 0.0, 144.841065905003, 236.31457118564447, 0.0, 0.0, 0.0, 0.0, 0.0, 803.7489086579235, 0.0, 0.0, 798.5923985907053, 0.0, 0.0, 0.0, 0.0, 805.9140529806845, 0.0, 0.0, 0.0, 44.05348403360131, 0.0, 0.0, 0.0, 0.0, 0.0, 0.0, 0.0, 0.0, 0.0, 0.0, 791.9524871376394, 794.3440639574791, 0.0, 170.34504320413666, 0.0, 0.0, 0.0, 77.37094769183705, 0.0, 0.0, 803.4128399776718, 0.0, 250.04259106498847, 0.0, 0.0, 180.28474032585382, 0.0, 0.0, 0.0, 0.0, 0.0, 0.0, 0.0, 0.0, 0.0, 0.0, 0.0, 0.0, 0.0, 0.0, 0.0, 762.8677479750213, 784.5182666305843, 795.8567697865049, 0.0, 0.0, 0.0, 0.0, 0.0, 0.0, 0.0, 0.0, 0.0, 0.0, 0.0, 0.0, 0.0, 0.0, 0.0, 0.0, 0.0, 0.0, 0.0, 0.0, 0.0, 778.2103561738375, 48.67559612557658, 0.0, 797.9680069940039, 0.0, 781.7782590477727, 0.0, 0.0, 160.58101342771243, 150.1584093372209, 0.0, 0.0, 170.48670673716188, 0.0, 0.0, 0.0, 0.0, 0.0, 0.0, 0.0, 0.0, 0.0, 806.4495536197614, 0.0, 0.0, 0.0, 0.0, 0.0, 0.0, 0.0, 90.30073124154889, 0.0, 254.28246073739865, 279.0352371804788, 0.0, 0.0, 0.0, 0.0, 0.0, 0.0, 0.0, 0.0, 0.0, 0.0, 0.0, 0.0, 0.0, 0.0, 0.0, 0.0, 0.0, 246.8213954253922, 0.0, 0.0, 0.0, 0.0, 798.8145766365458, 0.0, 0.0, 775.9071624207892, 0.0, 781.4553809609705, 254.17543297693555, 0.0, 161.69398801861485, 0.0, 0.0, 0.0, 0.0, 0.0, 0.0]
INFORMACIÓN : 11apuestaBundle [806.4495536197614, 803.7489086579235, 793.7658918421769, 781.7782590477727, 762.8677479750213]
INFORMACIÓN : 11positionsBundle [1212, 964, 703, 156, 2364]
INFORMACIÓN : 11levelsBundle [3, 3, 3, 3, 3]
INFORMACIÓN : 11positionsOrdered [964, 1212, 703, 156, 2364]
INFORMACIÓN : 11levelsOrdered [3, 3, 3, 3, 3]
INFORMACIÓN : 11partialityOrdered [3, 3, 3, 3, 3]
INFORMACIÓN : 11arrivalTimes [15.68234489349987, 21.067509700634375, 34.521133747708085, 45.922887998699466, 90.64424754869526]
INFORMACIÓN : 12historia0[0.0, 0.0, 0.0, 68.35901442007004, 0.0, 793.7658918421769, 0.0, 0.0, 0.0, 0.0, 0.0, 0.0, 0.0, 0.0, 144.841065905003, 236.31457118564447, 0.0, 0.0, 0.0, 0.0, 0.0, 803.7489086579235, 0.0, 0.0, 798.5923985907053, 0.0, 0.0, 0.0, 0.0, 805.9140529806845, 0.0, 0.0, 0.0, 44.05348403360131, 0.0, 0.0, 0.0, 0.0, 0.0, 0.0, 0.0, 0.0, 0.0, 0.0, 791.9524871376394, 794.3440639574791, 0.0, 170.34504320413666, 0.0, 0.0, 0.0, 77.37094769183705, 0.0, 0.0, 803.4128399776718, 0.0, 250.04259106498847, 0.0, 0.0, 180.28474032585382, 0.0, 0.0, 0.0, 0.0, 0.0, 0.0, 0.0, 0.0, 0.0, 0.0, 0.0, 0.0, 0.0, 0.0, 0.0, 762.8677479750213, 784.5182666305843, 795.8567697865049, 0.0, 0.0, 0.0, 0.0, 0.0, 0.0, 0.0, 0.0, 0.0, 0.0, 0.0, 0.0, 0.0, 0.0, 0.0, 0.0, 0.0, 0.0, 0.0, 0.0, 0.0, 778.2103561738375, 48.67559612557658, 0.0, 797.9680069940039, 0.0, 781.7782590477727, 0.0, 0.0, 160.58101342771243, 150.1584093372209, 0.0, 0.0, 170.48670673716188, 0.0, 0.0, 0.0, 0.0, 0.0, 0.0, 0.0, 0.0, 0.0, 806.4495536197614, 0.0, 0.0, 0.0, 0.0, 0.0, 0.0, 0.0, 90.30073124154889, 0.0, 254.28246073739865, 279.0352371804788, 0.0, 0.0, 0.0, 0.0, 0.0, 0.0, 0.0, 0.0, 0.0, 0.0, 0.0, 0.0, 0.0, 0.0, 0.0, 0.0, 0.0, 246.8213954253922, 0.0, 0.0, 0.0, 0.0, 798.8145766365458, 0.0, 0.0, 775.9071624207892, 0.0, 781.4553809609705, 254.17543297693555, 0.0, 161.69398801861485, 0.0, 0.0, 0.0, 0.0, 0.0, 0.0]
INFORMACIÓN : 12apuestaBundle [806.4495536197614, 803.7489086579235, 793.7658918421769, 781.7782590477727, 762.8677479750213]
INFORMACIÓN : 12positionsBundle [1212, 964, 703, 156, 2364]
INFORMACIÓN : 12levelsBundle [3, 3, 3, 3, 3]
INFORMACIÓN : 12positionsOrdered [964, 1212, 703, 156, 2364]
INFORMACIÓN : 12levelsOrdered [3, 3, 3, 3, 3]
INFORMACIÓN : 12partialityOrdered [3, 3, 3, 3, 3]
INFORMACIÓN : 12arrivalTimes [15.68234489349987, 21.067509700634375, 34.521133747708085, 45.922887998699466, 90.64424754869526]
INFORMACIÓN : depSat position 1212 level 3
INFORMACIÓN : depSat position 964 level 3
INFORMACIÓN : depSat position 703 level 3
INFORMACIÓN : depSat position 156 level 3
INFORMACIÓN : depSat position 2364 level 3
INFORMACIÓN : 13historia0[0.0, 0.0, 0.0, 68.35901442007004, 0.0, 0.0, 0.0, 0.0, 0.0, 0.0, 0.0, 0.0, 0.0, 0.0, 0.0, 236.31457118564447, 0.0, 0.0, 0.0, 0.0, 0.0, 0.0, 0.0, 0.0, 798.5923985907053, 0.0, 0.0, 0.0, 0.0, 805.9140529806845, 0.0, 0.0, 0.0, 0.0, 0.0, 0.0, 0.0, 0.0, 0.0, 0.0, 0.0, 0.0, 0.0, 0.0, 791.9524871376394, 794.3440639574791, 0.0, 170.34504320413666, 0.0, 0.0, 0.0, 77.37094769183705, 0.0, 0.0, 803.4128399776718, 0.0, 250.04259106498847, 93.31111428907752, 0.0, 180.28474032585382, 0.0, 0.0, 0.0, 0.0, 0.0, 0.0, 0.0, 0.0, 0.0, 0.0, 0.0, 0.0, 0.0, 0.0, 0.0, 0.0, 784.5182666305843, 795.8567697865049, 0.0, 0.0, 0.0, 0.0, 0.0, 0.0, 0.0, 0.0, 0.0, 0.0, 0.0, 0.0, 0.0, 0.0, 0.0, 0.0, 0.0, 0.0, 0.0, 0.0, 0.0, 778.2103561738375, 48.67559612557658, 0.0, 797.9680069940039, 0.0, 0.0, 0.0, 0.0, 160.58101342771243, 150.1584093372209, 0.0, 0.0, 170.48670673716188, 0.0, 0.0, 0.0, 0.0, 0.0, 0.0, 0.0, 0.0, 0.0, 0.0, 0.0, 0.0, 0.0, 0.0, 0.0, 0.0, 0.0, 90.30073124154889, 0.0, 254.28246073739865, 279.0352371804788, 0.0, 0.0, 0.0, 0.0, 0.0, 0.0, 0.0, 0.0, 0.0, 0.0, 0.0, 0.0, 0.0, 0.0, 0.0, 0.0, 0.0, 0.0, 0.0, 0.0, 0.0, 0.0, 798.8145766365458, 0.0, 0.0, 775.9071624207892, 0.0, 781.4553809609705, 254.17543297693555, 0.0, 161.69398801861485, 0.0, 0.0, 0.0, 0.0, 0.0, 0.0]
INFORMACIÓN : 13apuestaBundle [806.4495536197614, 803.7489086579235, 793.7658918421769, 781.7782590477727, 762.8677479750213]
INFORMACIÓN : 13positionsBundle [1212, 964, 703, 156, 2364]
INFORMACIÓN : 13levelsBundle [3, 3, 3, 3, 3]
INFORMACIÓN : 13positionsOrdered [964, 1212, 703, 156, 2364]
INFORMACIÓN : 13levelsOrdered [3, 3, 3, 3, 3]
INFORMACIÓN : 13partialityOrdered [3, 3, 3, 3, 3]
INFORMACIÓN : 13arrivalTimes [15.68234489349987, 21.067509700634375, 34.521133747708085, 45.922887998699466, 90.64424754869526]
INFORMACIÓN : 14historia0[0.0, 0.0, 0.0, 68.35901442007004, 0.0, 793.7658918421769, 0.0, 0.0, 0.0, 0.0, 0.0, 0.0, 0.0, 0.0, 0.0, 0.0, 0.0, 0.0, 0.0, 0.0, 0.0, 803.7489086579235, 0.0, 0.0, 798.5923985907053, 0.0, 0.0, 0.0, 0.0, 805.9140529806845, 0.0, 0.0, 0.0, 0.0, 0.0, 0.0, 0.0, 0.0, 142.83638330724898, 0.0, 0.0, 0.0, 0.0, 0.0, 791.9524871376394, 794.3440639574791, 0.0, 170.34504320413666, 0.0, 0.0, 0.0, 77.37094769183705, 0.0, 0.0, 803.4128399776718, 0.0, 250.04259106498847, 0.0, 0.0, 180.28474032585382, 0.0, 0.0, 0.0, 0.0, 0.0, 0.0, 0.0, 0.0, 0.0, 0.0, 0.0, 0.0, 0.0, 0.0, 0.0, 762.8677479750213, 784.5182666305843, 795.8567697865049, 0.0, 0.0, 0.0, 0.0, 0.0, 0.0, 0.0, 0.0, 0.0, 0.0, 0.0, 0.0, 350.2418114063073, 0.0, 0.0, 0.0, 0.0, 0.0, 0.0, 0.0, 0.0, 0.0, 48.67559612557658, 0.0, 797.9680069940039, 0.0, 781.7782590477727, 0.0, 0.0, 0.0, 0.0, 0.0, 0.0, 0.0, 0.0, 0.0, 0.0, 0.0, 0.0, 0.0, 0.0, 0.0, 0.0, 806.4495536197614, 0.0, 0.0, 0.0, 0.0, 0.0, 0.0, 0.0, 0.0, 43.69559128585615, 0.0, 0.0, 0.0, 0.0, 0.0, 0.0, 0.0, 0.0, 0.0, 0.0, 0.0, 0.0, 0.0, 0.0, 0.0, 0.0, 0.0, 0.0, 0.0, 0.0, 0.0, 0.0, 0.0, 0.0, 798.8145766365458, 0.0, 0.0, 775.9071624207892, 0.0, 781.4553809609705, 254.17543297693555, 0.0, 161.69398801861485, 0.0, 0.0, 0.0, 0.0, 0.0, 0.0]
INFORMACIÓN : 14apuestaBundle [806.4495536197614, 803.7489086579235, 793.7658918421769, 781.7782590477727, 762.8677479750213]
INFORMACIÓN : 14positionsBundle [1212, 964, 703, 156, 2364]
INFORMACIÓN : 14levelsBundle [3, 3, 3, 3, 3]
INFORMACIÓN : 14positionsOrdered [964, 1212, 703, 156, 2364]
INFORMACIÓN : 14levelsOrdered [3, 3, 3, 3, 3]
INFORMACIÓN : 14partialityOrdered [3, 3, 3, 3, 3]
INFORMACIÓN : 14arrivalTimes [15.68234489349987, 21.067509700634375, 34.521133747708085, 45.922887998699466, 90.64424754869526]
INFORMACIÓN : 15historia0[0.0, 0.0, 0.0, 68.35901442007004, 0.0, 793.7658918421769, 0.0, 0.0, 0.0, 0.0, 0.0, 0.0, 0.0, 0.0, 0.0, 254.71699655248713, 0.0, 0.0, 0.0, 0.0, 0.0, 803.7489086579235, 0.0, 0.0, 798.5923985907053, 0.0, 0.0, 0.0, 0.0, 805.9140529806845, 0.0, 0.0, 0.0, 0.0, 0.0, 0.0, 0.0, 0.0, 142.83638330724898, 0.0, 0.0, 0.0, 0.0, 65.50096495511707, 791.9524871376394, 794.3440639574791, 0.0, 170.34504320413666, 0.0, 0.0, 0.0, 77.37094769183705, 0.0, 0.0, 803.4128399776718, 0.0, 250.04259106498847, 0.0, 0.0, 180.28474032585382, 0.0, 0.0, 0.0, 0.0, 0.0, 0.0, 0.0, 0.0, 0.0, 0.0, 0.0, 0.0, 0.0, 0.0, 0.0, 762.8677479750213, 784.5182666305843, 795.8567697865049, 0.0, 0.0, 0.0, 0.0, 0.0, 0.0, 0.0, 0.0, 0.0, 0.0, 0.0, 0.0, 0.0, 0.0, 0.0, 0.0, 0.0, 0.0, 0.0, 0.0, 0.0, 763.8890994810758, 48.67559612557658, 0.0, 797.9680069940039, 0.0, 781.7782590477727, 0.0, 0.0, 168.32012348902677, 0.0, 0.0, 0.0, 0.0, 0.0, 0.0, 0.0, 0.0, 0.0, 0.0, 1.4584345992025192, 0.0, 0.0, 806.4495536197614, 102.67482617317933, 0.0, 0.0, 0.0, 0.0, 0.0, 0.0, 0.0, 43.69559128585615, 262.5194475678552, 267.0309329127133, 0.0, 0.0, 0.0, 0.0, 0.0, 0.0, 0.0, 0.0, 0.0, 0.0, 0.0, 265.54008526985695, 0.0, 0.0, 0.0, 0.0, 0.0, 0.0, 0.0, 0.0, 0.0, 0.0, 798.8145766365458, 0.0, 0.0, 775.9071624207892, 0.0, 781.4553809609705, 254.17543297693555, 0.0, 161.69398801861485, 0.0, 0.0, 0.0, 0.0, 0.0, 0.0]
INFORMACIÓN : 15apuestaBundle [806.4495536197614, 803.7489086579235, 793.7658918421769, 781.7782590477727, 762.8677479750213]
INFORMACIÓN : 15positionsBundle [1212, 964, 703, 156, 2364]
INFORMACIÓN : 15levelsBundle [3, 3, 3, 3, 3]
INFORMACIÓN : 15positionsOrdered [964, 1212, 703, 156, 2364]
INFORMACIÓN : 15levelsOrdered [3, 3, 3, 3, 3]
INFORMACIÓN : 15partialityOrdered [3, 3, 3, 3, 3]
INFORMACIÓN : 15arrivalTimes [15.68234489349987, 21.067509700634375, 34.521133747708085, 45.922887998699466, 90.64424754869526]
INFORMACIÓN : 16historia0[0.0, 0.0, 0.0, 0.0, 0.0, 793.7658918421769, 0.0, 0.0, 0.0, 0.0, 0.0, 0.0, 0.0, 0.0, 0.0, 254.71699655248713, 0.0, 0.0, 0.0, 0.0, 0.0, 803.7489086579235, 0.0, 0.0, 798.5923985907053, 0.0, 0.0, 0.0, 0.0, 805.9140529806845, 0.0, 0.0, 0.0, 44.05348403360131, 0.0, 0.0, 0.0, 0.0, 142.83638330724898, 0.0, 0.0, 0.0, 0.0, 0.0, 791.9524871376394, 794.3440639574791, 0.0, 170.34504320413666, 0.0, 0.0, 0.0, 0.0, 0.0, 0.0, 803.4128399776718, 0.0, 250.04259106498847, 0.0, 0.0, 180.28474032585382, 0.0, 0.0, 0.0, 0.0, 0.0, 0.0, 0.0, 0.0, 0.0, 0.0, 0.0, 0.0, 0.0, 0.0, 270.9325062377243, 762.8677479750213, 784.5182666305843, 795.8567697865049, 0.0, 0.0, 0.0, 0.0, 0.0, 0.0, 0.0, 0.0, 0.0, 0.0, 0.0, 0.0, 0.0, 0.0, 0.0, 0.0, 0.0, 0.0, 271.97007033741176, 0.0, 0.0, 763.8890994810758, 48.67559612557658, 0.0, 797.9680069940039, 0.0, 781.7782590477727, 0.0, 0.0, 168.32012348902677, 0.0, 0.0, 0.0, 0.0, 0.0, 0.0, 0.0, 0.0, 0.0, 0.0, 0.0, 0.0, 0.0, 806.4495536197614, 0.0, 0.0, 0.0, 192.62561513842053, 0.0, 0.0, 0.0, 0.0, 0.0, 262.5194475678552, 267.0309329127133, 0.0, 0.0, 0.0, 0.0, 0.0, 0.0, 0.0, 0.0, 0.0, 0.0, 0.0, 265.54008526985695, 0.0, 0.0, 0.0, 0.0, 0.0, 0.0, 159.5292838421098, 0.0, 0.0, 0.0, 798.8145766365458, 0.0, 0.0, 775.9071624207892, 22.31944632451026, 781.4553809609705, 254.17543297693555, 45.44241980579045, 161.69398801861485, 0.0, 0.0, 0.0, 0.0, 0.0, 0.0]
INFORMACIÓN : 16apuestaBundle [806.4495536197614, 803.7489086579235, 793.7658918421769, 781.7782590477727, 762.8677479750213]
INFORMACIÓN : 16positionsBundle [1212, 964, 703, 156, 2364]
INFORMACIÓN : 16levelsBundle [3, 3, 3, 3, 3]
INFORMACIÓN : 16positionsOrdered [964, 1212, 703, 156, 2364]
INFORMACIÓN : 16levelsOrdered [3, 3, 3, 3, 3]
INFORMACIÓN : 16partialityOrdered [3, 3, 3, 3, 3]
INFORMACIÓN : 16arrivalTimes [15.68234489349987, 21.067509700634375, 34.521133747708085, 45.922887998699466, 90.64424754869526]
