----------------------------------------------------------------------
-- Log session for [myBugCoalitionsCCBBAGuaiDEF-319] started on 2017.07.13.00.53.18 --
----------------------------------------------------------------------

INFORMACIÓN : I started
INFORMACIÓN : 0apuestaBundle [803.4128399776718, 798.5923985907053, 794.5713391645745, 790.8381006599002, 781.5696413418206]
INFORMACIÓN : 0positionsBundle [1124, 964, 1212, 1476, 703]
INFORMACIÓN : 0levelsBundle [3, 3, 3, 3, 3]
INFORMACIÓN : 0positionsOrdered [1124, 964, 1212, 1476, 703]
INFORMACIÓN : 0levelsOrdered [3, 3, 3, 3, 3]
INFORMACIÓN : 0partialityOrdered [3, 3, 3, 3, 3]
INFORMACIÓN : 0arrivalTimes [7.242038384589319, 17.68234489349987, 23.067509700634375, 37.93357844795288, 65.39263888344485]
INFORMACIÓN : 1historia0[0.0, 0.0, 0.0, 0.0, 0.0, 0.0, 0.0, 0.0, 788.9139396407676, 0.0, 0.0, 0.0, 0.0, 0.0, 0.0, 0.0, 0.0, 0.0, 0.0, 0.0, 0.0, 0.0, 0.0, 0.0, 0.0, 0.0, 0.0, 0.0, 0.0, 805.7510554016309, 0.0, 0.0, 0.0, 44.05348403360131, 0.0, 0.0, 0.0, 0.0, 142.83638330724898, 0.0, 0.0, 0.0, 0.0, 51.668021715127566, 0.0, 0.0, 0.0, 168.10895559941972, 0.0, 0.0, 0.0, 0.0, 0.0, 146.0839882325995, 0.0, 0.0, 250.04259106498847, 0.0, 0.0, 0.0, 0.0, 0.0, 0.0, 0.0, 0.0, 0.0, 0.0, 0.0, 0.0, 328.4795598782282, 789.7317666265816, 0.0, 0.0, 0.0, 0.0, 0.0, 0.0, 795.8567697865049, 0.0, 0.0, 0.0, 0.0, 0.0, 0.0, 0.0, 328.4795598782282, 0.0, 0.0, 0.0, 0.0, 0.0, 0.0, 0.0, 0.0, 0.0, 0.0, 0.0, 0.0, 0.0, 0.0, 0.0, 0.0, 797.9680069940039, 0.0, 0.0, 771.8840206058186, 0.0, 0.0, 0.0, 0.0, 0.0, 152.51611374207528, 0.0, 51.668021715127566, 0.0, 41.4290628400056, 0.0, 0.0, 0.0, 0.0, 0.0, 0.0, 0.0, 0.0, 0.0, 0.0, 0.0, 0.0, 0.0, 0.0, 0.0, 0.0, 0.0, 0.0, 0.0, 0.0, 0.0, 0.0, 0.0, 254.21202790152688, 0.0, 0.0, 0.0, 0.0, 0.0, 0.0, 0.0, 0.0, 802.1380416519675, 0.0, 0.0, 0.0, 0.0, 0.0, 0.0, 798.8145766365458, 0.0, 0.0, 0.0, 0.0, 0.0, 254.17543297693555, 0.0, 150.76179746659955, 0.0, 0.0, 0.0, 0.0, 0.0, 0.0]
INFORMACIÓN : 1apuestaBundle [802.2718095235577, 796.1125780755599, 792.5128557112278, 791.7023057491721, 778.8165844645312]
INFORMACIÓN : 1positionsBundle [1124, 964, 1476, 1212, 703]
INFORMACIÓN : 1levelsBundle [3, 3, 3, 3, 3]
INFORMACIÓN : 1positionsOrdered [1476, 1124, 964, 1212, 703]
INFORMACIÓN : 1levelsOrdered [3, 3, 3, 3, 3]
INFORMACIÓN : 1partialityOrdered [3, 3, 3, 3, 3]
INFORMACIÓN : 1arrivalTimes [27.95701122806387, 35.23712111734439, 78.61616710870827, 84.00133191584277, 97.45495596291647]
INFORMACIÓN : 2historia0[0.0, 0.0, 0.0, 0.0, 0.0, 0.0, 0.0, 0.0, 788.9139396407676, 0.0, 0.0, 0.0, 0.0, 0.0, 0.0, 236.31457118564447, 0.0, 0.0, 0.0, 0.0, 0.0, 0.0, 0.0, 0.0, 796.1125780755599, 0.0, 0.0, 235.60754213197833, 0.0, 805.7510554016309, 0.0, 0.0, 0.0, 44.05348403360131, 0.0, 0.0, 0.0, 0.0, 142.83638330724898, 0.0, 0.0, 0.0, 0.0, 51.668021715127566, 0.0, 791.7023057491721, 0.0, 168.10895559941972, 0.0, 0.0, 0.0, 0.0, 0.0, 146.0839882325995, 802.2718095235577, 0.0, 250.04259106498847, 0.0, 0.0, 0.0, 0.0, 0.0, 0.0, 0.0, 0.0, 0.0, 0.0, 0.0, 0.0, 0.0, 789.7317666265816, 0.0, 0.0, 0.0, 0.0, 0.0, 792.5128557112278, 795.8567697865049, 0.0, 0.0, 0.0, 0.0, 0.0, 0.0, 0.0, 0.0, 0.0, 0.0, 0.0, 0.0, 0.0, 0.0, 0.0, 0.0, 0.0, 0.0, 0.0, 0.0, 0.0, 0.0, 0.0, 0.0, 797.9680069940039, 0.0, 0.0, 771.8840206058186, 0.0, 0.0, 0.0, 0.0, 0.0, 152.51611374207528, 0.0, 51.668021715127566, 0.0, 0.0, 0.0, 0.0, 0.0, 0.0, 0.0, 0.0, 0.0, 0.0, 0.0, 0.0, 0.0, 0.0, 0.0, 0.0, 0.0, 0.0, 0.0, 761.7776012383392, 0.0, 0.0, 0.0, 0.0, 0.0, 0.0, 0.0, 0.0, 0.0, 0.0, 0.0, 0.0, 0.0, 0.0, 802.1380416519675, 0.0, 0.0, 0.0, 0.0, 0.0, 0.0, 798.8145766365458, 0.0, 0.0, 0.0, 0.0, 778.8165844645312, 254.17543297693555, 0.0, 150.76179746659955, 45.85230794792892, 0.0, 0.0, 0.0, 0.0, 0.0]
INFORMACIÓN : 2apuestaBundle [802.2718095235577, 796.1125780755599, 792.5128557112278, 791.7023057491721, 778.8165844645312]
INFORMACIÓN : 2positionsBundle [1124, 964, 1476, 1212, 703]
INFORMACIÓN : 2levelsBundle [3, 3, 3, 3, 3]
INFORMACIÓN : 2positionsOrdered [1476, 1124, 964, 1212, 703]
INFORMACIÓN : 2levelsOrdered [3, 3, 3, 3, 3]
INFORMACIÓN : 2partialityOrdered [3, 3, 3, 3, 3]
INFORMACIÓN : 2arrivalTimes [27.95701122806387, 35.23712111734439, 78.61616710870827, 84.00133191584277, 97.45495596291647]
INFORMACIÓN : 3historia0[0.0, 0.0, 0.0, 0.0, 0.0, 752.9930961479763, 0.0, 0.0, 788.9139396407676, 0.0, 0.0, 0.0, 0.0, 0.0, 0.0, 0.0, 0.0, 0.0, 0.0, 0.0, 0.0, 769.0961591706055, 0.0, 0.0, 796.1125780755599, 0.0, 0.0, 0.0, 0.0, 805.7510554016309, 0.0, 0.0, 0.0, 0.0, 0.0, 0.0, 0.0, 0.0, 142.83638330724898, 0.0, 0.0, 0.0, 0.0, 0.0, 791.7895565366746, 791.7023057491721, 0.0, 168.10895559941972, 0.0, 0.0, 0.0, 64.44039538312336, 0.0, 0.0, 802.2718095235577, 0.0, 250.04259106498847, 0.0, 0.0, 0.0, 0.0, 0.0, 0.0, 0.0, 0.0, 0.0, 0.0, 0.0, 0.0, 0.0, 789.7317666265816, 0.0, 0.0, 0.0, 275.44126229460414, 781.9135371377531, 792.5128557112278, 795.8567697865049, 357.15915228717193, 0.0, 0.0, 0.0, 0.0, 0.0, 0.0, 0.0, 0.0, 328.5201253172397, 0.0, 0.0, 0.0, 0.0, 0.0, 0.0, 0.0, 0.0, 271.97007033741176, 0.0, 0.0, 0.0, 0.0, 0.0, 797.9680069940039, 0.0, 0.0, 771.8840206058186, 0.0, 160.58101342771243, 150.1584093372209, 0.0, 0.0, 0.0, 0.0, 0.0, 0.0, 0.0, 0.0, 365.3380402603377, 0.0, 0.0, 270.42982666227846, 771.9364556206997, 0.0, 0.0, 0.0, 0.0, 0.0, 0.0, 225.88253177963725, 0.0, 0.0, 0.0, 0.0, 761.7776012383392, 0.0, 0.0, 0.0, 0.0, 0.0, 0.0, 0.0, 0.0, 0.0, 0.0, 265.0292623472883, 0.0, 0.0, 0.0, 802.1380416519675, 0.0, 0.0, 0.0, 0.0, 0.0, 0.0, 798.8145766365458, 0.0, 0.0, 0.0, 0.0, 778.8165844645312, 254.17543297693555, 0.0, 150.76179746659955, 0.0, 0.0, 0.0, 0.0, 0.0, 365.3380402603377]
INFORMACIÓN : 3apuestaBundle [802.2718095235577, 796.1125780755599, 792.5128557112278, 791.7023057491721, 778.8165844645312]
INFORMACIÓN : 3positionsBundle [1124, 964, 1476, 1212, 703]
INFORMACIÓN : 3levelsBundle [3, 3, 3, 3, 3]
INFORMACIÓN : 3positionsOrdered [1476, 1124, 964, 1212, 703]
INFORMACIÓN : 3levelsOrdered [3, 3, 3, 3, 3]
INFORMACIÓN : 3partialityOrdered [3, 3, 3, 3, 3]
INFORMACIÓN : 3arrivalTimes [27.95701122806387, 35.23712111734439, 78.61616710870827, 84.00133191584277, 97.45495596291647]
INFORMACIÓN : 4historia0[0.0, 0.0, 0.0, 0.0, 0.0, 752.9930961479763, 0.0, 0.0, 788.9139396407676, 0.0, 0.0, 0.0, 0.0, 0.0, 0.0, 0.0, 0.0, 0.0, 0.0, 0.0, 0.0, 769.0961591706055, 0.0, 0.0, 796.1125780755599, 0.0, 0.0, 0.0, 0.0, 805.7510554016309, 0.0, 0.0, 0.0, 0.0, 0.0, 0.0, 0.0, 0.0, 142.83638330724898, 0.0, 0.0, 0.0, 0.0, 0.0, 791.7895565366746, 791.7023057491721, 0.0, 168.10895559941972, 0.0, 0.0, 0.0, 64.44039538312336, 0.0, 179.2195730925407, 802.2718095235577, 0.0, 250.04259106498847, 0.0, 0.0, 0.0, 0.0, 0.0, 0.0, 0.0, 0.0, 0.0, 0.0, 0.0, 0.0, 0.0, 789.7317666265816, 0.0, 0.0, 0.0, 275.44126229460414, 781.9135371377531, 792.5128557112278, 795.8567697865049, 0.0, 0.0, 0.0, 0.0, 0.0, 0.0, 0.0, 328.0262279209453, 0.0, 328.5201253172397, 0.0, 0.0, 0.0, 0.0, 0.0, 0.0, 0.0, 0.0, 271.97007033741176, 0.0, 0.0, 0.0, 0.0, 0.0, 797.9680069940039, 0.0, 0.0, 771.8840206058186, 0.0, 0.0, 0.0, 0.0, 0.0, 0.0, 0.0, 0.0, 0.0, 0.0, 0.0, 365.3380402603377, 0.0, 0.0, 270.42982666227846, 771.9364556206997, 0.0, 0.0, 0.0, 0.0, 0.0, 0.0, 225.88253177963725, 0.0, 0.0, 0.0, 0.0, 761.7776012383392, 0.0, 0.0, 0.0, 0.0, 246.79866378218162, 262.2750417589747, 0.0, 0.0, 0.0, 0.0, 0.0, 0.0, 0.0, 0.0, 802.1380416519675, 0.0, 0.0, 0.0, 0.0, 0.0, 0.0, 798.8145766365458, 0.0, 0.0, 0.0, 0.0, 778.8165844645312, 254.17543297693555, 0.0, 150.76179746659955, 0.0, 0.0, 0.0, 0.0, 0.0, 365.3380402603377]
INFORMACIÓN : 4apuestaBundle [802.2718095235577, 796.1125780755599, 792.5128557112278, 791.7023057491721, 778.8165844645312]
INFORMACIÓN : 4positionsBundle [1124, 964, 1476, 1212, 703]
INFORMACIÓN : 4levelsBundle [3, 3, 3, 3, 3]
INFORMACIÓN : 4positionsOrdered [1476, 1124, 964, 1212, 703]
INFORMACIÓN : 4levelsOrdered [3, 3, 3, 3, 3]
INFORMACIÓN : 4partialityOrdered [3, 3, 3, 3, 3]
INFORMACIÓN : 4arrivalTimes [27.95701122806387, 35.23712111734439, 78.61616710870827, 84.00133191584277, 97.45495596291647]
INFORMACIÓN : 5historia0[0.0, 0.0, 0.0, 0.0, 0.0, 752.9930961479763, 0.0, 0.0, 0.0, 0.0, 0.0, 0.0, 0.0, 0.0, 0.0, 0.0, 0.0, 0.0, 0.0, 0.0, 0.0, 769.0961591706055, 0.0, 0.0, 796.1125780755599, 0.0, 0.0, 245.10859016470408, 0.0, 805.7510554016309, 0.0, 0.0, 0.0, 0.0, 0.0, 0.0, 0.0, 0.0, 142.83638330724898, 0.0, 0.0, 0.0, 0.0, 0.0, 791.7895565366746, 791.7023057491721, 0.0, 168.10895559941972, 0.0, 0.0, 0.0, 0.0, 0.0, 179.2195730925407, 802.2718095235577, 0.0, 250.04259106498847, 0.0, 0.0, 0.0, 0.0, 0.0, 0.0, 0.0, 0.0, 0.0, 0.0, 0.0, 0.0, 0.0, 0.0, 0.0, 0.0, 0.0, 275.44126229460414, 781.9135371377531, 792.5128557112278, 795.8567697865049, 371.0684666064642, 0.0, 0.0, 0.0, 0.0, 0.0, 0.0, 328.0262279209453, 0.0, 328.5201253172397, 0.0, 0.0, 0.0, 0.0, 0.0, 0.0, 0.0, 0.0, 271.97007033741176, 0.0, 0.0, 0.0, 0.0, 0.0, 797.9680069940039, 0.0, 0.0, 0.0, 0.0, 0.0, 0.0, 0.0, 0.0, 0.0, 0.0, 0.0, 0.0, 0.0, 0.0, 365.3380402603377, 0.0, 0.0, 270.42982666227846, 771.9364556206997, 0.0, 0.0, 0.0, 0.0, 0.0, 0.0, 225.88253177963725, 0.0, 0.0, 0.0, 0.0, 761.7776012383392, 0.0, 0.0, 0.0, 0.0, 262.6879865411188, 277.9172549738816, 0.0, 0.0, 0.0, 0.0, 0.0, 0.0, 0.0, 0.0, 0.0, 0.0, 0.0, 0.0, 0.0, 0.0, 0.0, 798.8145766365458, 0.0, 0.0, 0.0, 0.0, 778.8165844645312, 254.17543297693555, 0.0, 150.76179746659955, 0.0, 0.0, 0.0, 0.0, 0.0, 365.3380402603377]
INFORMACIÓN : 5apuestaBundle [802.2718095235577, 796.1125780755599, 792.5128557112278, 791.7023057491721, 778.8165844645312]
INFORMACIÓN : 5positionsBundle [1124, 964, 1476, 1212, 703]
INFORMACIÓN : 5levelsBundle [3, 3, 3, 3, 3]
INFORMACIÓN : 5positionsOrdered [1476, 1124, 964, 1212, 703]
INFORMACIÓN : 5levelsOrdered [3, 3, 3, 3, 3]
INFORMACIÓN : 5partialityOrdered [3, 3, 3, 3, 3]
INFORMACIÓN : 5arrivalTimes [27.95701122806387, 35.23712111734439, 78.61616710870827, 84.00133191584277, 97.45495596291647]
INFORMACIÓN : 6historia0[0.0, 0.0, 0.0, 0.0, 0.0, 752.9930961479763, 0.0, 0.0, 0.0, 0.0, 0.0, 0.0, 0.0, 0.0, 0.0, 0.0, 0.0, 0.0, 0.0, 0.0, 0.0, 769.0961591706055, 0.0, 0.0, 796.1125780755599, 0.0, 0.0, 245.10859016470408, 0.0, 805.7510554016309, 0.0, 0.0, 0.0, 44.05348403360131, 0.0, 0.0, 0.0, 0.0, 142.83638330724898, 0.0, 0.0, 0.0, 0.0, 51.668021715127566, 791.7895565366746, 791.7023057491721, 0.0, 168.10895559941972, 0.0, 0.0, 0.0, 0.0, 0.0, 0.0, 802.2718095235577, 0.0, 250.04259106498847, 0.0, 0.0, 0.0, 0.0, 0.0, 0.0, 0.0, 0.0, 0.0, 0.0, 0.0, 0.0, 328.4795598782282, 0.0, 0.0, 0.0, 0.0, 275.44126229460414, 781.9135371377531, 792.5128557112278, 795.8567697865049, 371.0684666064642, 0.0, 0.0, 0.0, 0.0, 0.0, 0.0, 328.0262279209453, 0.0, 0.0, 0.0, 0.0, 0.0, 0.0, 0.0, 0.0, 0.0, 0.0, 271.97007033741176, 0.0, 0.0, 0.0, 0.0, 0.0, 797.9680069940039, 0.0, 0.0, 0.0, 0.0, 0.0, 150.1584093372209, 0.0, 0.0, 170.48670673716188, 0.0, 0.0, 0.0, 0.0, 0.0, 0.0, 0.0, 0.0, 270.42982666227846, 771.9364556206997, 0.0, 0.0, 0.0, 0.0, 0.0, 0.0, 225.88253177963725, 0.0, 0.0, 0.0, 0.0, 761.7776012383392, 0.0, 0.0, 0.0, 0.0, 262.6879865411188, 277.9172549738816, 0.0, 0.0, 0.0, 0.0, 0.0, 0.0, 0.0, 0.0, 0.0, 0.0, 0.0, 0.0, 0.0, 0.0, 145.7194585427585, 798.8145766365458, 0.0, 0.0, 0.0, 0.0, 778.8165844645312, 254.17543297693555, 0.0, 150.76179746659955, 0.0, 0.0, 0.0, 0.0, 0.0, 0.0]
INFORMACIÓN : 6apuestaBundle [802.2718095235577, 796.1125780755599, 792.5128557112278, 791.7023057491721, 778.8165844645312]
INFORMACIÓN : 6positionsBundle [1124, 964, 1476, 1212, 703]
INFORMACIÓN : 6levelsBundle [3, 3, 3, 3, 3]
INFORMACIÓN : 6positionsOrdered [1476, 1124, 964, 1212, 703]
INFORMACIÓN : 6levelsOrdered [3, 3, 3, 3, 3]
INFORMACIÓN : 6partialityOrdered [3, 3, 3, 3, 3]
INFORMACIÓN : 6arrivalTimes [27.95701122806387, 35.23712111734439, 78.61616710870827, 84.00133191584277, 97.45495596291647]
INFORMACIÓN : depSat position 1124 level 3
INFORMACIÓN : 7historia0[0.0, 734.1136676130657, 0.0, 0.0, 0.0, 752.9930961479763, 0.0, 0.0, 0.0, 0.0, 0.0, 0.0, 0.0, 0.0, 0.0, 0.0, 0.0, 0.0, 0.0, 0.0, 0.0, 769.0961591706055, 0.0, 0.0, 0.0, 0.0, 0.0, 245.10859016470408, 0.0, 805.7510554016309, 0.0, 0.0, 0.0, 38.78763379456268, 0.0, 0.0, 0.0, 0.0, 142.83638330724898, 0.0, 0.0, 0.0, 0.0, 0.0, 791.7895565366746, 0.0, 0.0, 168.10895559941972, 0.0, 0.0, 0.0, 0.0, 0.0, 0.0, 0.0, 0.0, 250.04259106498847, 0.0, 0.0, 0.0, 0.0, 0.0, 0.0, 0.0, 0.0, 0.0, 0.0, 0.0, 0.0, 0.0, 0.0, 0.0, 0.0, 0.0, 0.0, 781.9135371377531, 0.0, 795.8567697865049, 371.0684666064642, 0.0, 0.0, 0.0, 0.0, 0.0, 0.0, 0.0, 0.0, 328.5201253172397, 0.0, 0.0, 0.0, 0.0, 0.0, 0.0, 0.0, 0.0, 0.0, 0.0, 0.0, 763.8890994810758, 0.0, 0.0, 797.9680069940039, 0.0, 0.0, 0.0, 0.0, 160.58101342771243, 150.1584093372209, 0.0, 0.0, 0.0, 0.0, 0.0, 0.0, 0.0, 0.0, 0.0, 0.0, 0.0, 0.0, 771.9364556206997, 0.0, 0.0, 0.0, 0.0, 0.0, 0.0, 0.0, 0.0, 0.0, 0.0, 0.0, 0.0, 0.0, 0.0, 0.0, 0.0, 262.6879865411188, 277.9172549738816, 0.0, 0.0, 0.0, 0.0, 0.0, 0.0, 0.0, 0.0, 0.0, 0.0, 0.0, 0.0, 0.0, 0.0, 0.0, 798.8145766365458, 0.0, 0.0, 0.0, 0.0, 0.0, 254.17543297693555, 0.0, 150.76179746659955, 0.0, 0.0, 0.0, 0.0, 0.0, 0.0]
INFORMACIÓN : 7apuestaBundle [803.4128399776718, 796.1938521045355, 792.5651683579742, 791.7835455046783, 778.8977331410175]
INFORMACIÓN : 7positionsBundle [1124, 964, 1476, 1212, 703]
INFORMACIÓN : 7levelsBundle [3, 3, 3, 3, 3]
INFORMACIÓN : 7positionsOrdered [1124, 1476, 964, 1212, 703]
INFORMACIÓN : 7levelsOrdered [3, 3, 3, 3, 3]
INFORMACIÓN : 7partialityOrdered [3, 3, 3, 3, 3]
INFORMACIÓN : 7arrivalTimes [7.242038384589319, 27.95701122806387, 76.61616710870827, 82.00133191584277, 95.45495596291647]
INFORMACIÓN : 8historia0[0.0, 764.9136474142316, 0.0, 0.0, 0.0, 0.0, 0.0, 0.0, 0.0, 0.0, 0.0, 0.0, 0.0, 0.0, 0.0, 0.0, 0.0, 0.0, 0.0, 394.8822808999181, 0.0, 0.0, 0.0, 0.0, 796.1938521045355, 0.0, 0.0, 236.64359952473046, 0.0, 805.7510554016309, 0.0, 0.0, 0.0, 0.0, 0.0, 0.0, 41.54923662583383, 0.0, 142.83638330724898, 0.0, 0.0, 0.0, 0.0, 0.0, 791.7895565366746, 791.7835455046783, 0.0, 168.10895559941972, 0.0, 0.0, 0.0, 64.44039538312336, 0.0, 179.8111433816705, 803.4128399776718, 0.0, 250.04259106498847, 0.0, 0.0, 0.0, 0.0, 0.0, 0.0, 0.0, 0.0, 0.0, 0.0, 0.0, 0.0, 0.0, 0.0, 0.0, 0.0, 0.0, 275.44126229460414, 0.0, 792.5651683579742, 795.8567697865049, 0.0, 0.0, 0.0, 0.0, 0.0, 0.0, 0.0, 0.0, 0.0, 0.0, 0.0, 0.0, 0.0, 0.0, 0.0, 0.0, 0.0, 0.0, 271.97007033741176, 0.0, 0.0, 763.8890994810758, 0.0, 0.0, 797.9680069940039, 0.0, 0.0, 0.0, 0.0, 0.0, 0.0, 0.0, 0.0, 184.3768337382482, 0.0, 0.0, 0.0, 0.0, 0.0, 0.0, 0.0, 0.0, 268.0646376849668, 0.0, 0.0, 0.0, 0.0, 0.0, 0.0, 0.0, 0.0, 0.0, 0.0, 0.0, 0.0, 761.9401674778433, 0.0, 0.0, 0.0, 0.0, 0.0, 0.0, 0.0, 0.0, 0.0, 394.8822808999181, 0.0, 0.0, 0.0, 0.0, 0.0, 0.0, 0.0, 0.0, 0.0, 0.0, 145.7194585427585, 798.8145766365458, 0.0, 0.0, 744.3837612766641, 0.0, 778.8977331410175, 254.17543297693555, 0.0, 150.76179746659955, 0.0, 0.0, 0.0, 0.0, 0.0, 0.0]
INFORMACIÓN : 8apuestaBundle [803.4128399776718, 796.1938521045355, 792.5651683579742, 791.7835455046783, 778.8977331410175]
INFORMACIÓN : 8positionsBundle [1124, 964, 1476, 1212, 703]
INFORMACIÓN : 8levelsBundle [3, 3, 3, 3, 3]
INFORMACIÓN : 8positionsOrdered [1124, 1476, 964, 1212, 703]
INFORMACIÓN : 8levelsOrdered [3, 3, 3, 3, 3]
INFORMACIÓN : 8partialityOrdered [3, 3, 3, 3, 3]
INFORMACIÓN : 8arrivalTimes [7.242038384589319, 27.95701122806387, 76.61616710870827, 82.00133191584277, 95.45495596291647]
INFORMACIÓN : 9historia0[0.0, 764.9136474142316, 0.0, 0.0, 0.0, 0.0, 0.0, 0.0, 0.0, 0.0, 0.0, 0.0, 0.0, 0.0, 0.0, 0.0, 0.0, 0.0, 0.0, 0.0, 0.0, 0.0, 0.0, 0.0, 796.1938521045355, 0.0, 0.0, 245.10859016470408, 0.0, 805.7510554016309, 0.0, 0.0, 0.0, 44.05348403360131, 0.0, 0.0, 41.54923662583383, 0.0, 161.01242589696926, 0.0, 0.0, 0.0, 0.0, 51.668021715127566, 791.7895565366746, 791.7835455046783, 0.0, 170.34504320413666, 0.0, 0.0, 0.0, 0.0, 0.0, 179.8111433816705, 803.4128399776718, 0.0, 250.04259106498847, 0.0, 0.0, 180.28474032585382, 0.0, 0.0, 0.0, 0.0, 0.0, 43.87876994263888, 0.0, 0.0, 0.0, 0.0, 0.0, 0.0, 0.0, 0.0, 275.44126229460414, 0.0, 792.5651683579742, 795.8567697865049, 0.0, 0.0, 0.0, 0.0, 0.0, 0.0, 0.0, 0.0, 0.0, 0.0, 0.0, 0.0, 0.0, 0.0, 0.0, 0.0, 0.0, 0.0, 271.97007033741176, 0.0, 0.0, 763.8890994810758, 0.0, 0.0, 797.9680069940039, 0.0, 746.1363049139568, 0.0, 0.0, 0.0, 0.0, 0.0, 0.0, 0.0, 0.0, 51.668021715127566, 0.0, 0.0, 0.0, 0.0, 1.4584345992025192, 0.0, 268.0646376849668, 0.0, 0.0, 0.0, 0.0, 0.0, 0.0, 0.0, 0.0, 70.24519271805423, 43.69559128585615, 0.0, 0.0, 761.9401674778433, 0.0, 0.0, 0.0, 0.0, 262.6879865411188, 0.0, 0.0, 0.0, 0.0, 0.0, 0.0, 0.0, 0.0, 0.0, 0.0, 0.0, 0.0, 0.0, 0.0, 0.0, 145.7194585427585, 798.8145766365458, 0.0, 0.0, 744.3837612766641, 0.0, 778.8977331410175, 254.17543297693555, 0.0, 0.0, 0.0, 0.0, 0.0, 0.0, 0.0, 0.0]
INFORMACIÓN : 9apuestaBundle [803.4128399776718, 796.1938521045355, 792.5651683579742, 791.7835455046783, 778.8977331410175]
INFORMACIÓN : 9positionsBundle [1124, 964, 1476, 1212, 703]
INFORMACIÓN : 9levelsBundle [3, 3, 3, 3, 3]
INFORMACIÓN : 9positionsOrdered [1124, 1476, 964, 1212, 703]
INFORMACIÓN : 9levelsOrdered [3, 3, 3, 3, 3]
INFORMACIÓN : 9partialityOrdered [3, 3, 3, 3, 3]
INFORMACIÓN : 9arrivalTimes [7.242038384589319, 27.95701122806387, 76.61616710870827, 82.00133191584277, 95.45495596291647]
INFORMACIÓN : 10historia0[0.0, 764.9136474142316, 0.0, 0.0, 0.0, 0.0, 0.0, 0.0, 0.0, 0.0, 0.0, 0.0, 0.0, 0.0, 0.0, 0.0, 0.0, 0.0, 0.0, 0.0, 0.0, 0.0, 0.0, 0.0, 796.1938521045355, 0.0, 0.0, 245.10859016470408, 0.0, 805.7510554016309, 0.0, 0.0, 0.0, 44.05348403360131, 0.0, 0.0, 41.54923662583383, 0.0, 161.01242589696926, 0.0, 0.0, 0.0, 0.0, 51.668021715127566, 791.7895565366746, 791.7835455046783, 0.0, 170.34504320413666, 0.0, 0.0, 0.0, 0.0, 0.0, 179.8111433816705, 803.4128399776718, 0.0, 250.04259106498847, 0.0, 0.0, 180.28474032585382, 0.0, 0.0, 0.0, 0.0, 0.0, 0.0, 0.0, 0.0, 0.0, 0.0, 0.0, 0.0, 0.0, 0.0, 275.44126229460414, 0.0, 792.5651683579742, 795.8567697865049, 0.0, 0.0, 0.0, 0.0, 0.0, 0.0, 0.0, 0.0, 0.0, 0.0, 0.0, 0.0, 0.0, 0.0, 0.0, 0.0, 0.0, 0.0, 271.97007033741176, 0.0, 0.0, 763.8890994810758, 0.0, 0.0, 797.9680069940039, 0.0, 746.1363049139568, 0.0, 0.0, 0.0, 0.0, 0.0, 0.0, 0.0, 0.0, 51.668021715127566, 0.0, 0.0, 0.0, 0.0, 0.0, 0.0, 268.0646376849668, 0.0, 0.0, 0.0, 43.87876994263888, 0.0, 0.0, 0.0, 0.0, 70.24519271805423, 0.0, 0.0, 0.0, 761.9401674778433, 0.0, 0.0, 0.0, 0.0, 262.6879865411188, 0.0, 0.0, 0.0, 58.80867133496771, 0.0, 0.0, 0.0, 0.0, 0.0, 0.0, 0.0, 0.0, 0.0, 0.0, 0.0, 0.0, 798.8145766365458, 0.0, 0.0, 744.3837612766641, 0.0, 778.8977331410175, 254.17543297693555, 0.0, 0.0, 0.0, 0.0, 0.0, 0.0, 0.0, 0.0]
INFORMACIÓN : 10apuestaBundle [803.4128399776718, 796.1938521045355, 792.5651683579742, 791.7835455046783, 778.8977331410175]
INFORMACIÓN : 10positionsBundle [1124, 964, 1476, 1212, 703]
INFORMACIÓN : 10levelsBundle [3, 3, 3, 3, 3]
INFORMACIÓN : 10positionsOrdered [1124, 1476, 964, 1212, 703]
INFORMACIÓN : 10levelsOrdered [3, 3, 3, 3, 3]
INFORMACIÓN : 10partialityOrdered [3, 3, 3, 3, 3]
INFORMACIÓN : 10arrivalTimes [7.242038384589319, 27.95701122806387, 76.61616710870827, 82.00133191584277, 95.45495596291647]
INFORMACIÓN : 11historia0[0.0, 764.9136474142316, 0.0, 0.0, 0.0, 0.0, 0.0, 0.0, 0.0, 0.0, 0.0, 0.0, 0.0, 0.0, 0.0, 0.0, 0.0, 0.0, 0.0, 0.0, 0.0, 0.0, 0.0, 0.0, 796.1938521045355, 0.0, 0.0, 245.10859016470408, 0.0, 805.7510554016309, 0.0, 0.0, 0.0, 44.05348403360131, 0.0, 0.0, 41.54923662583383, 0.0, 161.01242589696926, 0.0, 0.0, 0.0, 0.0, 0.0, 791.7895565366746, 791.7835455046783, 0.0, 170.34504320413666, 0.0, 0.0, 0.0, 0.0, 0.0, 179.8111433816705, 803.4128399776718, 0.0, 250.04259106498847, 0.0, 0.0, 180.28474032585382, 0.0, 0.0, 0.0, 0.0, 0.0, 0.0, 0.0, 0.0, 0.0, 0.0, 0.0, 0.0, 0.0, 0.0, 275.44126229460414, 0.0, 792.5651683579742, 795.8567697865049, 0.0, 0.0, 0.0, 33.23513174892385, 0.0, 0.0, 0.0, 0.0, 0.0, 0.0, 0.0, 0.0, 0.0, 0.0, 0.0, 0.0, 0.0, 0.0, 271.97007033741176, 0.0, 0.0, 763.8890994810758, 0.0, 0.0, 797.9680069940039, 0.0, 746.1363049139568, 0.0, 0.0, 0.0, 0.0, 0.0, 0.0, 0.0, 0.0, 51.668021715127566, 0.0, 0.0, 0.0, 0.0, 0.0, 0.0, 268.0646376849668, 0.0, 0.0, 0.0, 43.87876994263888, 0.0, 0.0, 0.0, 0.0, 70.24519271805423, 0.0, 0.0, 0.0, 761.9401674778433, 0.0, 0.0, 0.0, 0.0, 262.6879865411188, 0.0, 0.0, 0.0, 58.80867133496771, 0.0, 0.0, 0.0, 0.0, 0.0, 0.0, 0.0, 0.0, 0.0, 0.0, 0.0, 0.0, 798.8145766365458, 0.0, 0.0, 744.3837612766641, 0.0, 778.8977331410175, 254.17543297693555, 0.0, 0.0, 0.0, 0.0, 0.0, 0.0, 0.0, 0.0]
INFORMACIÓN : 11apuestaBundle [803.4128399776718, 796.1938521045355, 792.5651683579742, 791.7835455046783, 778.8977331410175]
INFORMACIÓN : 11positionsBundle [1124, 964, 1476, 1212, 703]
INFORMACIÓN : 11levelsBundle [3, 3, 3, 3, 3]
INFORMACIÓN : 11positionsOrdered [1124, 1476, 964, 1212, 703]
INFORMACIÓN : 11levelsOrdered [3, 3, 3, 3, 3]
INFORMACIÓN : 11partialityOrdered [3, 3, 3, 3, 3]
INFORMACIÓN : 11arrivalTimes [7.242038384589319, 27.95701122806387, 76.61616710870827, 82.00133191584277, 95.45495596291647]
INFORMACIÓN : 12historia0[0.0, 764.9136474142316, 0.0, 0.0, 0.0, 0.0, 0.0, 0.0, 0.0, 0.0, 0.0, 0.0, 0.0, 0.0, 0.0, 0.0, 0.0, 0.0, 0.0, 0.0, 0.0, 0.0, 0.0, 0.0, 796.1938521045355, 0.0, 0.0, 245.10859016470408, 0.0, 805.7510554016309, 0.0, 0.0, 0.0, 44.05348403360131, 0.0, 0.0, 41.54923662583383, 0.0, 161.01242589696926, 0.0, 0.0, 0.0, 0.0, 0.0, 791.7895565366746, 791.7835455046783, 0.0, 170.34504320413666, 0.0, 0.0, 0.0, 0.0, 0.0, 179.8111433816705, 803.4128399776718, 0.0, 250.04259106498847, 0.0, 0.0, 180.28474032585382, 0.0, 0.0, 0.0, 0.0, 0.0, 0.0, 0.0, 0.0, 0.0, 0.0, 0.0, 0.0, 0.0, 0.0, 275.44126229460414, 0.0, 792.5651683579742, 795.8567697865049, 0.0, 0.0, 0.0, 0.0, 0.0, 0.0, 0.0, 0.0, 0.0, 0.0, 0.0, 0.0, 0.0, 0.0, 0.0, 0.0, 0.0, 0.0, 271.97007033741176, 0.0, 0.0, 763.8890994810758, 0.0, 0.0, 797.9680069940039, 0.0, 746.1363049139568, 0.0, 0.0, 0.0, 0.0, 0.0, 0.0, 0.0, 0.0, 51.668021715127566, 0.0, 0.0, 0.0, 0.0, 0.0, 0.0, 268.0646376849668, 0.0, 0.0, 0.0, 43.87876994263888, 0.0, 0.0, 0.0, 0.0, 70.24519271805423, 0.0, 0.0, 0.0, 761.9401674778433, 0.0, 0.0, 0.0, 0.0, 262.6879865411188, 0.0, 0.0, 0.0, 58.80867133496771, 0.0, 0.0, 0.0, 0.0, 0.0, 0.0, 0.0, 0.0, 0.0, 0.0, 0.0, 0.0, 798.8145766365458, 0.0, 0.0, 744.3837612766641, 0.0, 778.8977331410175, 254.17543297693555, 0.0, 0.0, 0.0, 0.0, 0.0, 0.0, 0.0, 0.0]
INFORMACIÓN : 12apuestaBundle [803.4128399776718, 796.1938521045355, 792.5651683579742, 791.7835455046783, 778.8977331410175]
INFORMACIÓN : 12positionsBundle [1124, 964, 1476, 1212, 703]
INFORMACIÓN : 12levelsBundle [3, 3, 3, 3, 3]
INFORMACIÓN : 12positionsOrdered [1124, 1476, 964, 1212, 703]
INFORMACIÓN : 12levelsOrdered [3, 3, 3, 3, 3]
INFORMACIÓN : 12partialityOrdered [3, 3, 3, 3, 3]
INFORMACIÓN : 12arrivalTimes [7.242038384589319, 27.95701122806387, 76.61616710870827, 82.00133191584277, 95.45495596291647]
INFORMACIÓN : depSat position 1124 level 3
INFORMACIÓN : depSat position 964 level 3
INFORMACIÓN : depSat position 1212 level 3
INFORMACIÓN : depSat position 703 level 3
INFORMACIÓN : 13historia0[0.0, 764.9136474142316, 0.0, 0.0, 0.0, 0.0, 0.0, 0.0, 0.0, 0.0, 0.0, 0.0, 0.0, 0.0, 0.0, 236.31457118564447, 0.0, 0.0, 0.0, 0.0, 0.0, 0.0, 0.0, 0.0, 0.0, 0.0, 0.0, 245.10859016470408, 0.0, 805.7510554016309, 0.0, 0.0, 0.0, 44.05348403360131, 0.0, 0.0, 41.54923662583383, 0.0, 161.01242589696926, 0.0, 0.0, 0.0, 0.0, 0.0, 791.7895565366746, 0.0, 0.0, 170.34504320413666, 0.0, 0.0, 0.0, 0.0, 0.0, 0.0, 0.0, 0.0, 250.04259106498847, 0.0, 0.0, 180.28474032585382, 0.0, 0.0, 0.0, 0.0, 0.0, 0.0, 0.0, 0.0, 0.0, 0.0, 0.0, 0.0, 0.0, 0.0, 0.0, 0.0, 0.0, 795.8567697865049, 357.15915228717193, 0.0, 0.0, 0.0, 0.0, 0.0, 0.0, 0.0, 0.0, 0.0, 0.0, 0.0, 0.0, 0.0, 0.0, 0.0, 0.0, 0.0, 0.0, 0.0, 0.0, 0.0, 0.0, 0.0, 797.9680069940039, 0.0, 746.1363049139568, 0.0, 357.15915228717193, 0.0, 0.0, 0.0, 0.0, 0.0, 0.0, 51.668021715127566, 0.0, 0.0, 0.0, 0.0, 0.0, 0.0, 0.0, 0.0, 0.0, 0.0, 43.87876994263888, 0.0, 0.0, 0.0, 0.0, 0.0, 0.0, 0.0, 0.0, 0.0, 0.0, 0.0, 0.0, 0.0, 262.6879865411188, 262.2750417589747, 0.0, 0.0, 0.0, 0.0, 0.0, 0.0, 0.0, 0.0, 0.0, 0.0, 0.0, 0.0, 0.0, 0.0, 0.0, 798.8145766365458, 0.0, 0.0, 0.0, 0.0, 0.0, 254.17543297693555, 0.0, 0.0, 0.0, 0.0, 0.0, 0.0, 0.0, 0.0]
INFORMACIÓN : 13apuestaBundle [803.4128399776718, 798.5923985907053, 794.5713391645745, 781.5696413418206, 774.1037158996165]
INFORMACIÓN : 13positionsBundle [1124, 964, 1212, 703, 156]
INFORMACIÓN : 13levelsBundle [3, 3, 3, 3, 3]
INFORMACIÓN : 13positionsOrdered [1124, 964, 1212, 703, 156]
INFORMACIÓN : 13levelsOrdered [3, 3, 3, 3, 3]
INFORMACIÓN : 13partialityOrdered [3, 3, 3, 3, 3]
INFORMACIÓN : 13arrivalTimes [7.242038384589319, 17.68234489349987, 23.067509700634375, 36.521133747708085, 88.3116784308436]
INFORMACIÓN : 14historia0[0.0, 764.9136474142316, 0.0, 0.0, 0.0, 0.0, 0.0, 351.3710555842981, 0.0, 0.0, 0.0, 0.0, 0.0, 0.0, 0.0, 0.0, 0.0, 0.0, 0.0, 364.43229134568514, 0.0, 0.0, 352.94808456912733, 0.0, 798.5923985907053, 0.0, 0.0, 245.10859016470408, 0.0, 805.7510554016309, 0.0, 0.0, 0.0, 44.05348403360131, 0.0, 0.0, 0.0, 0.0, 161.01242589696926, 0.0, 0.0, 0.0, 0.0, 0.0, 791.7895565366746, 794.5713391645745, 0.0, 170.34504320413666, 0.0, 0.0, 0.0, 0.0, 0.0, 0.0, 803.4128399776718, 0.0, 250.04259106498847, 0.0, 0.0, 180.28474032585382, 0.0, 0.0, 0.0, 0.0, 0.0, 0.0, 0.0, 0.0, 0.0, 0.0, 0.0, 0.0, 0.0, 0.0, 0.0, 0.0, 0.0, 795.8567697865049, 0.0, 0.0, 0.0, 0.0, 0.0, 0.0, 0.0, 0.0, 0.0, 0.0, 0.0, 0.0, 0.0, 0.0, 0.0, 0.0, 0.0, 0.0, 0.0, 0.0, 0.0, 0.0, 0.0, 0.0, 797.9680069940039, 0.0, 746.1363049139568, 0.0, 0.0, 0.0, 0.0, 364.47296307301326, 0.0, 0.0, 0.0, 51.668021715127566, 0.0, 0.0, 0.0, 0.0, 0.0, 0.0, 0.0, 0.0, 0.0, 380.6460816986539, 43.87876994263888, 0.0, 0.0, 0.0, 0.0, 0.0, 0.0, 0.0, 0.0, 762.4020769283588, 380.6460816986539, 0.0, 0.0, 0.0, 262.6879865411188, 0.0, 0.0, 0.0, 0.0, 364.43229134568514, 0.0, 364.46263569147936, 0.0, 0.0, 0.0, 352.94808456912733, 0.0, 0.0, 0.0, 0.0, 0.0, 798.8145766365458, 0.0, 0.0, 0.0, 0.0, 781.5696413418206, 254.17543297693555, 0.0, 0.0, 0.0, 0.0, 0.0, 0.0, 0.0, 0.0]
INFORMACIÓN : 14apuestaBundle [803.4128399776718, 798.5923985907053, 794.5713391645745, 781.5696413418206, 771.3046592634792]
INFORMACIÓN : 14positionsBundle [1124, 964, 1212, 703, 743]
INFORMACIÓN : 14levelsBundle [3, 3, 3, 3, 3]
INFORMACIÓN : 14positionsOrdered [1124, 964, 1212, 703, 743]
INFORMACIÓN : 14levelsOrdered [3, 3, 3, 3, 3]
INFORMACIÓN : 14partialityOrdered [3, 3, 3, 3, 3]
INFORMACIÓN : 14arrivalTimes [7.242038384589319, 17.68234489349987, 23.067509700634375, 36.521133747708085, 76.52113374770809]
INFORMACIÓN : 15historia0[0.0, 759.344538999228, 0.0, 0.0, 0.0, 0.0, 0.0, 0.0, 0.0, 0.0, 0.0, 0.0, 0.0, 0.0, 0.0, 0.0, 0.0, 0.0, 0.0, 0.0, 0.0, 0.0, 0.0, 0.0, 798.5923985907053, 0.0, 90.84189763957082, 236.64359952473046, 0.0, 805.9140529806845, 0.0, 0.0, 0.0, 44.05348403360131, 0.0, 0.0, 0.0, 0.0, 161.01242589696926, 0.0, 0.0, 0.0, 0.0, 0.0, 791.7895565366746, 794.5713391645745, 0.0, 170.34504320413666, 0.0, 0.0, 0.0, 0.0, 0.0, 0.0, 803.4128399776718, 0.0, 250.04259106498847, 0.0, 0.0, 180.28474032585382, 0.0, 0.0, 251.56291704403066, 0.0, 0.0, 0.0, 0.0, 0.0, 0.0, 0.0, 0.0, 0.0, 0.0, 0.0, 232.29241529288993, 0.0, 0.0, 795.8567697865049, 0.0, 0.0, 0.0, 0.0, 0.0, 0.0, 0.0, 0.0, 0.0, 0.0, 0.0, 771.3046592634792, 0.0, 0.0, 0.0, 0.0, 0.0, 0.0, 269.17373324241794, 0.0, 0.0, 778.2103561738375, 0.0, 0.0, 797.9680069940039, 0.0, 746.1363049139568, 0.0, 0.0, 0.0, 0.0, 0.0, 0.0, 0.0, 0.0, 51.668021715127566, 0.0, 0.0, 0.0, 365.3380402603377, 0.0, 0.0, 270.42982666227846, 0.0, 0.0, 0.0, 43.87876994263888, 0.0, 0.0, 0.0, 0.0, 0.0, 43.69559128585615, 0.0, 0.0, 762.4020769283588, 0.0, 0.0, 0.0, 0.0, 262.39906101047154, 0.0, 0.0, 0.0, 0.0, 0.0, 0.0, 0.0, 0.0, 0.0, 802.4996386132499, 0.0, 0.0, 0.0, 0.0, 0.0, 0.0, 798.8145766365458, 0.0, 0.0, 0.0, 0.0, 781.5696413418206, 254.17543297693555, 0.0, 0.0, 0.0, 0.0, 0.0, 0.0, 0.0, 0.0]
INFORMACIÓN : 15apuestaBundle [803.4128399776718, 798.5923985907053, 794.5713391645745, 781.5696413418206, 771.3046592634792]
INFORMACIÓN : 15positionsBundle [1124, 964, 1212, 703, 743]
INFORMACIÓN : 15levelsBundle [3, 3, 3, 3, 3]
INFORMACIÓN : 15positionsOrdered [1124, 964, 1212, 703, 743]
INFORMACIÓN : 15levelsOrdered [3, 3, 3, 3, 3]
INFORMACIÓN : 15partialityOrdered [3, 3, 3, 3, 3]
INFORMACIÓN : 15arrivalTimes [7.242038384589319, 17.68234489349987, 23.067509700634375, 36.521133747708085, 76.52113374770809]
INFORMACIÓN : 16historia0[0.0, 0.0, 0.0, 0.0, 0.0, 0.0, 0.0, 0.0, 0.0, 0.0, 0.0, 0.0, 0.0, 0.0, 0.0, 0.0, 0.0, 0.0, 0.0, 0.0, 0.0, 0.0, 0.0, 0.0, 798.5923985907053, 0.0, 0.0, 266.9484857120377, 0.0, 805.9140529806845, 0.0, 0.0, 0.0, 44.05348403360131, 0.0, 0.0, 0.0, 0.0, 161.01242589696926, 0.0, 0.0, 0.0, 0.0, 0.0, 791.7895565366746, 794.5713391645745, 0.0, 170.34504320413666, 0.0, 0.0, 0.0, 0.0, 0.0, 0.0, 803.4128399776718, 0.0, 250.04259106498847, 0.0, 0.0, 180.28474032585382, 0.0, 0.0, 251.56291704403066, 0.0, 0.0, 0.0, 0.0, 0.0, 0.0, 0.0, 0.0, 0.0, 0.0, 0.0, 232.29241529288993, 0.0, 0.0, 795.8567697865049, 0.0, 0.0, 0.0, 0.0, 0.0, 0.0, 0.0, 0.0, 0.0, 0.0, 0.0, 771.3046592634792, 0.0, 0.0, 0.0, 0.0, 0.0, 0.0, 269.17373324241794, 0.0, 0.0, 0.0, 0.0, 0.0, 797.9680069940039, 0.0, 746.1363049139568, 0.0, 0.0, 160.58101342771243, 150.1584093372209, 0.0, 0.0, 184.3768337382482, 0.0, 51.668021715127566, 0.0, 0.0, 0.0, 0.0, 1.4584345992025192, 0.0, 270.42982666227846, 0.0, 0.0, 0.0, 43.87876994263888, 0.0, 0.0, 0.0, 0.0, 0.0, 0.0, 0.0, 0.0, 762.4020769283588, 0.0, 0.0, 0.0, 0.0, 0.0, 0.0, 0.0, 0.0, 0.0, 0.0, 0.0, 0.0, 0.0, 0.0, 802.4996386132499, 0.0, 0.0, 0.0, 0.0, 0.0, 0.0, 798.8145766365458, 0.0, 0.0, 0.0, 0.0, 781.5696413418206, 254.17543297693555, 0.0, 0.0, 0.0, 0.0, 0.0, 0.0, 0.0, 0.0]
INFORMACIÓN : 16apuestaBundle [803.4128399776718, 798.5923985907053, 794.5713391645745, 781.5696413418206, 771.3046592634792]
INFORMACIÓN : 16positionsBundle [1124, 964, 1212, 703, 743]
INFORMACIÓN : 16levelsBundle [3, 3, 3, 3, 3]
INFORMACIÓN : 16positionsOrdered [1124, 964, 1212, 703, 743]
INFORMACIÓN : 16levelsOrdered [3, 3, 3, 3, 3]
INFORMACIÓN : 16partialityOrdered [3, 3, 3, 3, 3]
INFORMACIÓN : 16arrivalTimes [7.242038384589319, 17.68234489349987, 23.067509700634375, 36.521133747708085, 76.52113374770809]
INFORMACIÓN : 17historia0[0.0, 0.0, 0.0, 0.0, 0.0, 0.0, 0.0, 0.0, 0.0, 0.0, 0.0, 0.0, 0.0, 0.0, 0.0, 236.31457118564447, 0.0, 0.0, 0.0, 0.0, 0.0, 0.0, 0.0, 0.0, 798.5923985907053, 0.0, 0.0, 266.9484857120377, 0.0, 805.9140529806845, 0.0, 0.0, 0.0, 0.0, 0.0, 0.0, 0.0, 0.0, 161.01242589696926, 0.0, 0.0, 0.0, 0.0, 0.0, 791.7895565366746, 794.5713391645745, 0.0, 170.34504320413666, 0.0, 0.0, 0.0, 0.0, 0.0, 154.5785653707269, 803.4128399776718, 0.0, 250.04259106498847, 0.0, 0.0, 180.28474032585382, 0.0, 0.0, 251.56291704403066, 0.0, 0.0, 0.0, 0.0, 0.0, 0.0, 0.0, 0.0, 0.0, 0.0, 0.0, 232.29241529288993, 0.0, 0.0, 795.8567697865049, 0.0, 0.0, 0.0, 0.0, 0.0, 0.0, 0.0, 0.0, 0.0, 0.0, 0.0, 771.3046592634792, 0.0, 0.0, 0.0, 0.0, 0.0, 0.0, 269.17373324241794, 0.0, 0.0, 0.0, 0.0, 0.0, 797.9680069940039, 0.0, 746.1363049139568, 0.0, 0.0, 160.58101342771243, 150.1584093372209, 0.0, 0.0, 170.48670673716188, 0.0, 0.0, 0.0, 0.0, 0.0, 0.0, 1.4584345992025192, 0.0, 270.42982666227846, 0.0, 0.0, 0.0, 0.0, 0.0, 0.0, 0.0, 0.0, 0.0, 0.0, 0.0, 0.0, 762.4020769283588, 0.0, 0.0, 0.0, 0.0, 0.0, 0.0, 0.0, 0.0, 0.0, 0.0, 0.0, 0.0, 0.0, 0.0, 802.4996386132499, 0.0, 246.8213954253922, 0.0, 0.0, 0.0, 164.83662775962125, 798.8145766365458, 0.0, 0.0, 0.0, 0.0, 781.5696413418206, 254.17543297693555, 0.0, 150.76179746659955, 0.0, 0.0, 0.0, 0.0, 0.0, 0.0]
INFORMACIÓN : 17apuestaBundle [803.4128399776718, 798.5923985907053, 794.5713391645745, 781.5696413418206, 771.3046592634792]
INFORMACIÓN : 17positionsBundle [1124, 964, 1212, 703, 743]
INFORMACIÓN : 17levelsBundle [3, 3, 3, 3, 3]
INFORMACIÓN : 17positionsOrdered [1124, 964, 1212, 703, 743]
INFORMACIÓN : 17levelsOrdered [3, 3, 3, 3, 3]
INFORMACIÓN : 17partialityOrdered [3, 3, 3, 3, 3]
INFORMACIÓN : 17arrivalTimes [7.242038384589319, 17.68234489349987, 23.067509700634375, 36.521133747708085, 76.52113374770809]
INFORMACIÓN : 18historia0[0.0, 0.0, 0.0, 0.0, 0.0, 0.0, 0.0, 0.0, 0.0, 0.0, 0.0, 0.0, 0.0, 0.0, 0.0, 236.31457118564447, 0.0, 0.0, 0.0, 0.0, 0.0, 0.0, 0.0, 0.0, 798.5923985907053, 0.0, 0.0, 266.9484857120377, 0.0, 805.9140529806845, 0.0, 0.0, 0.0, 0.0, 0.0, 0.0, 0.0, 0.0, 161.01242589696926, 0.0, 0.0, 0.0, 0.0, 0.0, 791.7895565366746, 794.5713391645745, 0.0, 170.34504320413666, 0.0, 0.0, 0.0, 0.0, 0.0, 154.5785653707269, 803.4128399776718, 0.0, 250.04259106498847, 0.0, 0.0, 180.28474032585382, 0.0, 0.0, 251.56291704403066, 0.0, 0.0, 0.0, 0.0, 0.0, 0.0, 0.0, 0.0, 0.0, 0.0, 0.0, 232.29241529288993, 0.0, 0.0, 795.8567697865049, 0.0, 0.0, 0.0, 0.0, 0.0, 0.0, 0.0, 0.0, 0.0, 0.0, 0.0, 771.3046592634792, 0.0, 0.0, 0.0, 0.0, 0.0, 0.0, 269.17373324241794, 0.0, 0.0, 0.0, 0.0, 0.0, 797.9680069940039, 0.0, 746.1363049139568, 0.0, 0.0, 160.58101342771243, 150.1584093372209, 0.0, 0.0, 170.48670673716188, 0.0, 0.0, 0.0, 0.0, 0.0, 0.0, 1.4584345992025192, 0.0, 270.42982666227846, 0.0, 0.0, 0.0, 0.0, 0.0, 0.0, 0.0, 0.0, 0.0, 0.0, 0.0, 0.0, 762.4020769283588, 0.0, 0.0, 0.0, 0.0, 0.0, 0.0, 0.0, 0.0, 0.0, 0.0, 0.0, 0.0, 0.0, 0.0, 802.4996386132499, 0.0, 246.8213954253922, 0.0, 0.0, 0.0, 164.83662775962125, 798.8145766365458, 0.0, 0.0, 0.0, 0.0, 781.5696413418206, 254.17543297693555, 0.0, 150.76179746659955, 0.0, 0.0, 0.0, 0.0, 0.0, 0.0]
INFORMACIÓN : 18apuestaBundle [803.4128399776718, 798.5923985907053, 794.5713391645745, 781.5696413418206, 771.3046592634792]
INFORMACIÓN : 18positionsBundle [1124, 964, 1212, 703, 743]
INFORMACIÓN : 18levelsBundle [3, 3, 3, 3, 3]
INFORMACIÓN : 18positionsOrdered [1124, 964, 1212, 703, 743]
INFORMACIÓN : 18levelsOrdered [3, 3, 3, 3, 3]
INFORMACIÓN : 18partialityOrdered [3, 3, 3, 3, 3]
INFORMACIÓN : 18arrivalTimes [7.242038384589319, 17.68234489349987, 23.067509700634375, 36.521133747708085, 76.52113374770809]
INFORMACIÓN : depSat position 1124 level 3
INFORMACIÓN : depSat position 964 level 3
INFORMACIÓN : depSat position 1212 level 3
INFORMACIÓN : depSat position 703 level 3
INFORMACIÓN : 19historia0[0.0, 0.0, 0.0, 0.0, 0.0, 0.0, 0.0, 0.0, 0.0, 0.0, 0.0, 0.0, 0.0, 0.0, 0.0, 236.31457118564447, 0.0, 0.0, 0.0, 0.0, 0.0, 0.0, 0.0, 0.0, 0.0, 0.0, 0.0, 266.9484857120377, 0.0, 805.9140529806845, 0.0, 0.0, 0.0, 44.05348403360131, 0.0, 0.0, 0.0, 0.0, 0.0, 0.0, 0.0, 0.0, 0.0, 0.0, 0.0, 0.0, 0.0, 0.0, 0.0, 0.0, 0.0, 0.0, 0.0, 154.5785653707269, 0.0, 0.0, 250.04259106498847, 0.0, 0.0, 0.0, 0.0, 0.0, 0.0, 0.0, 0.0, 0.0, 0.0, 0.0, 0.0, 0.0, 0.0, 0.0, 0.0, 0.0, 0.0, 0.0, 0.0, 795.8567697865049, 0.0, 0.0, 0.0, 0.0, 0.0, 0.0, 0.0, 0.0, 0.0, 0.0, 0.0, 0.0, 0.0, 0.0, 0.0, 0.0, 0.0, 0.0, 0.0, 0.0, 0.0, 0.0, 0.0, 0.0, 797.9680069940039, 0.0, 0.0, 0.0, 0.0, 160.58101342771243, 150.1584093372209, 0.0, 0.0, 170.48670673716188, 0.0, 0.0, 0.0, 0.0, 0.0, 0.0, 1.4584345992025192, 0.0, 0.0, 0.0, 0.0, 0.0, 0.0, 0.0, 0.0, 0.0, 0.0, 0.0, 0.0, 0.0, 0.0, 0.0, 0.0, 0.0, 0.0, 0.0, 0.0, 0.0, 0.0, 0.0, 0.0, 0.0, 0.0, 0.0, 0.0, 0.0, 802.4996386132499, 0.0, 246.8213954253922, 0.0, 0.0, 0.0, 164.83662775962125, 798.8145766365458, 0.0, 0.0, 0.0, 0.0, 0.0, 254.17543297693555, 0.0, 150.76179746659955, 0.0, 0.0, 0.0, 0.0, 0.0, 0.0]
INFORMACIÓN : 19apuestaBundle [803.4128399776718, 798.5923985907053, 794.5713391645745, 781.5696413418206, 776.334686157495]
INFORMACIÓN : 19positionsBundle [1124, 964, 1212, 703, 156]
INFORMACIÓN : 19levelsBundle [3, 3, 3, 3, 3]
INFORMACIÓN : 19positionsOrdered [1124, 964, 1212, 703, 156]
INFORMACIÓN : 19levelsOrdered [3, 3, 3, 3, 3]
INFORMACIÓN : 19partialityOrdered [3, 3, 3, 3, 3]
INFORMACIÓN : 19arrivalTimes [7.242038384589319, 17.68234489349987, 23.067509700634375, 36.521133747708085, 47.922887998699466]
INFORMACIÓN : 20historia0[0.0, 0.0, 0.0, 0.0, 0.0, 0.0, 0.0, 0.0, 0.0, 0.0, 346.5353611181365, 0.0, 0.0, 0.0, 0.0, 236.31457118564447, 0.0, 0.0, 0.0, 0.0, 0.0, 0.0, 352.94808456912733, 0.0, 798.5923985907053, 0.0, 0.0, 266.9484857120377, 0.0, 805.9140529806845, 0.0, 0.0, 0.0, 44.05348403360131, 0.0, 0.0, 0.0, 0.0, 153.25488100206167, 0.0, 0.0, 0.0, 0.0, 0.0, 791.9524871376394, 794.5713391645745, 0.0, 0.0, 0.0, 0.0, 0.0, 0.0, 0.0, 154.5785653707269, 803.4128399776718, 0.0, 250.04259106498847, 0.0, 0.0, 0.0, 0.0, 0.0, 0.0, 0.0, 0.0, 0.0, 0.0, 0.0, 0.0, 0.0, 0.0, 0.0, 0.0, 0.0, 0.0, 782.0762383301316, 784.5182666305843, 795.8567697865049, 0.0, 0.0, 0.0, 0.0, 0.0, 351.4013710981394, 0.0, 0.0, 0.0, 0.0, 0.0, 0.0, 0.0, 0.0, 0.0, 0.0, 0.0, 0.0, 0.0, 0.0, 0.0, 0.0, 0.0, 0.0, 797.9680069940039, 0.0, 746.1363049139568, 0.0, 0.0, 160.58101342771243, 150.1584093372209, 0.0, 0.0, 170.48670673716188, 351.4013710981394, 0.0, 0.0, 0.0, 0.0, 356.8186717279216, 0.0, 0.0, 0.0, 0.0, 0.0, 0.0, 0.0, 0.0, 0.0, 0.0, 0.0, 0.0, 0.0, 0.0, 0.0, 762.4020769283588, 0.0, 0.0, 0.0, 0.0, 0.0, 0.0, 0.0, 0.0, 0.0, 0.0, 0.0, 0.0, 0.0, 0.0, 802.4996386132499, 352.94808456912733, 259.60242710075886, 0.0, 0.0, 0.0, 164.83662775962125, 798.8145766365458, 0.0, 0.0, 0.0, 0.0, 781.5696413418206, 254.17543297693555, 0.0, 0.0, 0.0, 0.0, 0.0, 0.0, 0.0, 356.8186717279216]
INFORMACIÓN : 20apuestaBundle [803.4128399776718, 798.5923985907053, 794.5713391645745, 781.5696413418206, 771.3046592634792]
INFORMACIÓN : 20positionsBundle [1124, 964, 1212, 703, 743]
INFORMACIÓN : 20levelsBundle [3, 3, 3, 3, 3]
INFORMACIÓN : 20positionsOrdered [1124, 964, 1212, 703, 743]
INFORMACIÓN : 20levelsOrdered [3, 3, 3, 3, 3]
INFORMACIÓN : 20partialityOrdered [3, 3, 3, 3, 3]
INFORMACIÓN : 20arrivalTimes [7.242038384589319, 17.68234489349987, 23.067509700634375, 36.521133747708085, 76.52113374770809]
INFORMACIÓN : 21historia0[0.0, 0.0, 0.0, 56.16848693992847, 0.0, 0.0, 0.0, 0.0, 0.0, 0.0, 0.0, 0.0, 0.0, 0.0, 0.0, 236.31457118564447, 0.0, 0.0, 0.0, 0.0, 0.0, 0.0, 0.0, 0.0, 798.5923985907053, 0.0, 0.0, 0.0, 0.0, 805.9140529806845, 0.0, 0.0, 0.0, 44.05348403360131, 0.0, 0.0, 0.0, 0.0, 153.25488100206167, 0.0, 0.0, 0.0, 0.0, 0.0, 791.9524871376394, 794.5713391645745, 0.0, 0.0, 0.0, 0.0, 0.0, 57.2154615381221, 0.0, 0.0, 803.4128399776718, 0.0, 250.04259106498847, 0.0, 0.0, 167.08569802285479, 0.0, 0.0, 0.0, 0.0, 0.0, 0.0, 0.0, 0.0, 0.0, 0.0, 0.0, 0.0, 0.0, 0.0, 0.0, 782.0762383301316, 784.5182666305843, 795.8567697865049, 0.0, 0.0, 0.0, 0.0, 0.0, 0.0, 0.0, 0.0, 0.0, 0.0, 0.0, 771.3046592634792, 0.0, 0.0, 0.0, 0.0, 0.0, 0.0, 0.0, 0.0, 0.0, 0.0, 33.691705668315876, 0.0, 797.9680069940039, 0.0, 746.1363049139568, 0.0, 343.77136482094147, 160.58101342771243, 153.59958071675237, 0.0, 0.0, 184.3768337382482, 0.0, 0.0, 0.0, 0.0, 95.16136654277085, 0.0, 1.4584345992025192, 0.0, 0.0, 0.0, 0.0, 0.0, 0.0, 0.0, 0.0, 0.0, 0.0, 0.0, 0.0, 0.0, 0.0, 762.4020769283588, 0.0, 0.0, 0.0, 0.0, 0.0, 0.0, 0.0, 0.0, 0.0, 0.0, 0.0, 0.0, 0.0, 0.0, 0.0, 0.0, 259.60242710075886, 0.0, 0.0, 0.0, 0.0, 798.8145766365458, 0.0, 0.0, 0.0, 0.0, 781.5696413418206, 254.17543297693555, 0.0, 0.0, 0.0, 0.0, 0.0, 0.0, 0.0, 0.0]
INFORMACIÓN : 21apuestaBundle [803.4128399776718, 798.5923985907053, 794.5713391645745, 781.5696413418206, 771.3046592634792]
INFORMACIÓN : 21positionsBundle [1124, 964, 1212, 703, 743]
INFORMACIÓN : 21levelsBundle [3, 3, 3, 3, 3]
INFORMACIÓN : 21positionsOrdered [1124, 964, 1212, 703, 743]
INFORMACIÓN : 21levelsOrdered [3, 3, 3, 3, 3]
INFORMACIÓN : 21partialityOrdered [3, 3, 3, 3, 3]
INFORMACIÓN : 21arrivalTimes [7.242038384589319, 17.68234489349987, 23.067509700634375, 36.521133747708085, 76.52113374770809]
INFORMACIÓN : 22historia0[0.0, 0.0, 0.0, 0.0, 0.0, 0.0, 0.0, 0.0, 0.0, 0.0, 0.0, 0.0, 0.0, 0.0, 0.0, 254.71699655248713, 0.0, 0.0, 0.0, 0.0, 0.0, 0.0, 0.0, 0.0, 798.5923985907053, 0.0, 0.0, 236.64359952473046, 0.0, 805.9140529806845, 0.0, 0.0, 0.0, 44.05348403360131, 0.0, 0.0, 0.0, 0.0, 153.25488100206167, 0.0, 0.0, 0.0, 0.0, 44.52172631809594, 791.9524871376394, 794.5713391645745, 0.0, 0.0, 0.0, 0.0, 0.0, 0.0, 0.0, 154.48734564253346, 803.4128399776718, 0.0, 250.04259106498847, 0.0, 0.0, 167.08569802285479, 0.0, 0.0, 270.98284567201426, 0.0, 0.0, 0.0, 0.0, 0.0, 0.0, 0.0, 0.0, 0.0, 0.0, 0.0, 271.92780419607766, 782.0762383301316, 784.5182666305843, 795.8567697865049, 0.0, 0.0, 0.0, 0.0, 0.0, 0.0, 0.0, 0.0, 0.0, 0.0, 0.0, 771.3046592634792, 0.0, 0.0, 0.0, 0.0, 0.0, 0.0, 0.0, 0.0, 0.0, 0.0, 33.691705668315876, 0.0, 797.9680069940039, 0.0, 746.1363049139568, 0.0, 0.0, 168.32012348902677, 0.0, 0.0, 0.0, 0.0, 0.0, 44.52172631809594, 0.0, 0.0, 95.16136654277085, 0.0, 1.4584345992025192, 0.0, 258.1417773212697, 0.0, 0.0, 0.0, 0.0, 0.0, 0.0, 0.0, 0.0, 90.30073124154889, 0.0, 0.0, 0.0, 762.4020769283588, 0.0, 0.0, 0.0, 0.0, 0.0, 0.0, 0.0, 0.0, 0.0, 0.0, 0.0, 0.0, 0.0, 0.0, 0.0, 0.0, 259.60242710075886, 0.0, 0.0, 0.0, 145.7194585427585, 798.8145766365458, 0.0, 0.0, 0.0, 0.0, 781.5696413418206, 254.17543297693555, 0.0, 0.0, 0.0, 0.0, 0.0, 0.0, 0.0, 0.0]
INFORMACIÓN : 22apuestaBundle [803.4128399776718, 798.5923985907053, 794.5713391645745, 781.5696413418206, 771.3046592634792]
INFORMACIÓN : 22positionsBundle [1124, 964, 1212, 703, 743]
INFORMACIÓN : 22levelsBundle [3, 3, 3, 3, 3]
INFORMACIÓN : 22positionsOrdered [1124, 964, 1212, 703, 743]
INFORMACIÓN : 22levelsOrdered [3, 3, 3, 3, 3]
INFORMACIÓN : 22partialityOrdered [3, 3, 3, 3, 3]
INFORMACIÓN : 22arrivalTimes [7.242038384589319, 17.68234489349987, 23.067509700634375, 36.521133747708085, 76.52113374770809]
INFORMACIÓN : 23historia0[0.0, 0.0, 0.0, 0.0, 0.0, 0.0, 0.0, 0.0, 0.0, 48.50322943172289, 0.0, 0.0, 0.0, 0.0, 0.0, 254.71699655248713, 0.0, 0.0, 0.0, 0.0, 0.0, 0.0, 0.0, 0.0, 798.5923985907053, 0.0, 0.0, 236.64359952473046, 0.0, 805.9140529806845, 0.0, 0.0, 0.0, 44.05348403360131, 0.0, 0.0, 0.0, 0.0, 153.25488100206167, 0.0, 0.0, 0.0, 0.0, 0.0, 791.9524871376394, 794.5713391645745, 0.0, 0.0, 0.0, 0.0, 0.0, 0.0, 0.0, 154.48734564253346, 803.4128399776718, 0.0, 250.04259106498847, 0.0, 0.0, 167.08569802285479, 0.0, 0.0, 270.98284567201426, 0.0, 0.0, 0.0, 0.0, 0.0, 0.0, 0.0, 0.0, 0.0, 0.0, 0.0, 271.92780419607766, 782.0762383301316, 784.5182666305843, 795.8567697865049, 0.0, 0.0, 0.0, 0.0, 0.0, 0.0, 0.0, 0.0, 0.0, 0.0, 0.0, 771.3046592634792, 0.0, 0.0, 0.0, 0.0, 0.0, 0.0, 0.0, 0.0, 0.0, 0.0, 0.0, 0.0, 797.9680069940039, 0.0, 746.1363049139568, 0.0, 0.0, 168.32012348902677, 0.0, 0.0, 0.0, 0.0, 0.0, 0.0, 0.0, 0.0, 95.16136654277085, 0.0, 0.0, 0.0, 258.1417773212697, 0.0, 0.0, 0.0, 0.0, 0.0, 48.50322943172289, 0.0, 0.0, 90.30073124154889, 0.0, 0.0, 0.0, 762.4020769283588, 0.0, 0.0, 0.0, 0.0, 0.0, 0.0, 0.0, 0.0, 0.0, 0.0, 0.0, 0.0, 0.0, 0.0, 0.0, 0.0, 259.60242710075886, 0.0, 0.0, 0.0, 145.7194585427585, 798.8145766365458, 0.0, 0.0, 0.0, 0.0, 781.5696413418206, 254.17543297693555, 0.0, 0.0, 0.0, 0.0, 0.0, 0.0, 0.0, 0.0]
INFORMACIÓN : 23apuestaBundle [803.4128399776718, 798.5923985907053, 794.5713391645745, 781.5696413418206, 771.3046592634792]
INFORMACIÓN : 23positionsBundle [1124, 964, 1212, 703, 743]
INFORMACIÓN : 23levelsBundle [3, 3, 3, 3, 3]
INFORMACIÓN : 23positionsOrdered [1124, 964, 1212, 703, 743]
INFORMACIÓN : 23levelsOrdered [3, 3, 3, 3, 3]
INFORMACIÓN : 23partialityOrdered [3, 3, 3, 3, 3]
INFORMACIÓN : 23arrivalTimes [7.242038384589319, 17.68234489349987, 23.067509700634375, 36.521133747708085, 76.52113374770809]
INFORMACIÓN : 24historia0[0.0, 0.0, 0.0, 0.0, 0.0, 0.0, 0.0, 0.0, 0.0, 48.50322943172289, 0.0, 0.0, 0.0, 0.0, 0.0, 254.71699655248713, 0.0, 0.0, 0.0, 0.0, 0.0, 0.0, 0.0, 0.0, 798.5923985907053, 0.0, 0.0, 236.64359952473046, 0.0, 805.9140529806845, 0.0, 0.0, 0.0, 44.05348403360131, 0.0, 0.0, 0.0, 0.0, 153.25488100206167, 0.0, 0.0, 0.0, 0.0, 44.51164990176994, 791.9524871376394, 794.5713391645745, 0.0, 0.0, 0.0, 0.0, 0.0, 0.0, 0.0, 154.48734564253346, 803.4128399776718, 0.0, 250.04259106498847, 0.0, 0.0, 167.08569802285479, 0.0, 0.0, 270.98284567201426, 0.0, 0.0, 43.87876994263888, 0.0, 0.0, 0.0, 0.0, 0.0, 0.0, 0.0, 0.0, 271.92780419607766, 782.0762383301316, 784.5182666305843, 795.8567697865049, 0.0, 0.0, 0.0, 0.0, 0.0, 0.0, 0.0, 0.0, 0.0, 0.0, 0.0, 771.3046592634792, 0.0, 0.0, 0.0, 0.0, 0.0, 0.0, 0.0, 0.0, 0.0, 0.0, 0.0, 0.0, 797.9680069940039, 0.0, 746.1363049139568, 0.0, 0.0, 168.32012348902677, 0.0, 0.0, 0.0, 0.0, 0.0, 0.0, 0.0, 0.0, 95.16136654277085, 0.0, 0.0, 0.0, 258.1417773212697, 0.0, 0.0, 0.0, 0.0, 0.0, 48.50322943172289, 0.0, 0.0, 90.30073124154889, 0.0, 0.0, 0.0, 762.4020769283588, 0.0, 0.0, 0.0, 0.0, 0.0, 0.0, 0.0, 0.0, 0.0, 0.0, 0.0, 0.0, 0.0, 0.0, 0.0, 0.0, 259.60242710075886, 0.0, 0.0, 0.0, 145.7194585427585, 798.8145766365458, 0.0, 0.0, 0.0, 0.0, 781.5696413418206, 254.17543297693555, 0.0, 0.0, 0.0, 0.0, 0.0, 0.0, 0.0, 0.0]
INFORMACIÓN : 24apuestaBundle [803.4128399776718, 798.5923985907053, 794.5713391645745, 781.5696413418206, 771.3046592634792]
INFORMACIÓN : 24positionsBundle [1124, 964, 1212, 703, 743]
INFORMACIÓN : 24levelsBundle [3, 3, 3, 3, 3]
INFORMACIÓN : 24positionsOrdered [1124, 964, 1212, 703, 743]
INFORMACIÓN : 24levelsOrdered [3, 3, 3, 3, 3]
INFORMACIÓN : 24partialityOrdered [3, 3, 3, 3, 3]
INFORMACIÓN : 24arrivalTimes [7.242038384589319, 17.68234489349987, 23.067509700634375, 36.521133747708085, 76.52113374770809]
INFORMACIÓN : depSat position 1124 level 3
INFORMACIÓN : depSat position 964 level 3
INFORMACIÓN : depSat position 1212 level 3
INFORMACIÓN : depSat position 703 level 3
INFORMACIÓN : 25historia0[0.0, 0.0, 0.0, 0.0, 0.0, 0.0, 0.0, 0.0, 0.0, 0.0, 0.0, 0.0, 0.0, 0.0, 0.0, 254.71699655248713, 0.0, 0.0, 0.0, 0.0, 0.0, 0.0, 0.0, 0.0, 0.0, 0.0, 0.0, 236.64359952473046, 0.0, 805.9140529806845, 0.0, 0.0, 0.0, 0.0, 0.0, 0.0, 0.0, 0.0, 0.0, 0.0, 0.0, 0.0, 0.0, 44.51164990176994, 791.9524871376394, 0.0, 0.0, 0.0, 0.0, 0.0, 0.0, 0.0, 0.0, 154.48734564253346, 0.0, 0.0, 250.04259106498847, 0.0, 0.0, 167.08569802285479, 0.0, 0.0, 0.0, 0.0, 0.0, 43.87876994263888, 0.0, 0.0, 0.0, 0.0, 0.0, 0.0, 0.0, 0.0, 0.0, 0.0, 784.5182666305843, 795.8567697865049, 0.0, 0.0, 0.0, 0.0, 0.0, 0.0, 0.0, 0.0, 0.0, 0.0, 0.0, 0.0, 0.0, 0.0, 0.0, 0.0, 0.0, 0.0, 0.0, 0.0, 0.0, 0.0, 0.0, 0.0, 797.9680069940039, 0.0, 0.0, 0.0, 0.0, 168.32012348902677, 0.0, 0.0, 0.0, 0.0, 0.0, 0.0, 0.0, 0.0, 95.16136654277085, 0.0, 0.0, 0.0, 0.0, 0.0, 0.0, 0.0, 0.0, 0.0, 48.50322943172289, 0.0, 0.0, 90.30073124154889, 0.0, 0.0, 0.0, 0.0, 0.0, 0.0, 0.0, 0.0, 0.0, 0.0, 0.0, 0.0, 0.0, 0.0, 0.0, 0.0, 0.0, 0.0, 0.0, 0.0, 0.0, 0.0, 0.0, 0.0, 145.7194585427585, 798.8145766365458, 0.0, 0.0, 0.0, 0.0, 0.0, 254.17543297693555, 0.0, 0.0, 0.0, 0.0, 0.0, 0.0, 0.0, 0.0]
INFORMACIÓN : 25apuestaBundle [803.4128399776718, 798.5923985907053, 794.5713391645745, 781.5696413418206, 776.334686157495]
INFORMACIÓN : 25positionsBundle [1124, 964, 1212, 703, 156]
INFORMACIÓN : 25levelsBundle [3, 3, 3, 3, 3]
INFORMACIÓN : 25positionsOrdered [1124, 964, 1212, 703, 156]
INFORMACIÓN : 25levelsOrdered [3, 3, 3, 3, 3]
INFORMACIÓN : 25partialityOrdered [3, 3, 3, 3, 3]
INFORMACIÓN : 25arrivalTimes [7.242038384589319, 17.68234489349987, 23.067509700634375, 36.521133747708085, 47.922887998699466]
INFORMACIÓN : 26historia0[0.0, 0.0, 0.0, 0.0, 0.0, 0.0, 0.0, 0.0, 0.0, 0.0, 352.31754405696256, 0.0, 0.0, 0.0, 0.0, 254.71699655248713, 0.0, 0.0, 0.0, 384.9913912811535, 0.0, 0.0, 0.0, 0.0, 798.5923985907053, 0.0, 0.0, 236.64359952473046, 0.0, 805.9140529806845, 0.0, 0.0, 0.0, 0.0, 0.0, 0.0, 0.0, 0.0, 0.0, 0.0, 0.0, 375.2825807302371, 0.0, 0.0, 791.9524871376394, 794.5713391645745, 0.0, 0.0, 0.0, 0.0, 0.0, 0.0, 0.0, 154.48734564253346, 803.4128399776718, 0.0, 250.04259106498847, 0.0, 0.0, 167.08569802285479, 0.0, 0.0, 0.0, 0.0, 0.0, 43.87876994263888, 0.0, 0.0, 0.0, 0.0, 0.0, 0.0, 0.0, 0.0, 0.0, 0.0, 784.5182666305843, 795.8567697865049, 0.0, 0.0, 0.0, 0.0, 0.0, 0.0, 0.0, 0.0, 0.0, 0.0, 0.0, 0.0, 0.0, 0.0, 0.0, 0.0, 0.0, 0.0, 271.97007033741176, 0.0, 0.0, 0.0, 0.0, 0.0, 797.9680069940039, 0.0, 0.0, 0.0, 0.0, 168.32012348902677, 0.0, 0.0, 375.2825807302371, 0.0, 0.0, 0.0, 0.0, 68.57555746939829, 0.0, 365.3380402603377, 0.0, 0.0, 0.0, 0.0, 0.0, 0.0, 0.0, 192.62561513842053, 48.50322943172289, 0.0, 0.0, 0.0, 0.0, 0.0, 0.0, 0.0, 374.2155853812908, 0.0, 0.0, 0.0, 0.0, 0.0, 0.0, 0.0, 0.0, 384.9913912811535, 0.0, 364.46263569147936, 0.0, 0.0, 0.0, 0.0, 0.0, 159.5292838421098, 364.46263569147936, 0.0, 145.7194585427585, 798.8145766365458, 0.0, 0.0, 776.334686157495, 0.0, 781.5696413418206, 254.17543297693555, 0.0, 0.0, 0.0, 0.0, 0.0, 0.0, 0.0, 365.3380402603377]
INFORMACIÓN : 26apuestaBundle [803.4128399776718, 798.5923985907053, 794.5713391645745, 781.5696413418206, 776.334686157495]
INFORMACIÓN : 26positionsBundle [1124, 964, 1212, 703, 156]
INFORMACIÓN : 26levelsBundle [3, 3, 3, 3, 3]
INFORMACIÓN : 26positionsOrdered [1124, 964, 1212, 703, 156]
INFORMACIÓN : 26levelsOrdered [3, 3, 3, 3, 3]
INFORMACIÓN : 26partialityOrdered [3, 3, 3, 3, 3]
INFORMACIÓN : 26arrivalTimes [7.242038384589319, 17.68234489349987, 23.067509700634375, 36.521133747708085, 47.922887998699466]
INFORMACIÓN : 27historia0[0.0, 0.0, 0.0, 0.0, 0.0, 0.0, 0.0, 0.0, 0.0, 0.0, 0.0, 0.0, 0.0, 0.0, 0.0, 254.71699655248713, 0.0, 0.0, 0.0, 0.0, 0.0, 0.0, 0.0, 0.0, 798.5923985907053, 0.0, 0.0, 236.64359952473046, 0.0, 805.9140529806845, 0.0, 0.0, 0.0, 0.0, 0.0, 0.0, 0.0, 0.0, 142.83638330724898, 0.0, 0.0, 375.2825807302371, 0.0, 0.0, 791.9524871376394, 794.5713391645745, 0.0, 0.0, 0.0, 0.0, 0.0, 64.44039538312336, 0.0, 154.48734564253346, 803.4128399776718, 0.0, 250.04259106498847, 0.0, 0.0, 167.08569802285479, 0.0, 0.0, 0.0, 0.0, 0.0, 43.87876994263888, 344.20643018449437, 0.0, 0.0, 0.0, 0.0, 0.0, 0.0, 0.0, 0.0, 0.0, 784.5182666305843, 795.8567697865049, 371.0684666064642, 0.0, 0.0, 0.0, 0.0, 0.0, 0.0, 0.0, 0.0, 0.0, 344.20643018449437, 0.0, 0.0, 0.0, 0.0, 0.0, 0.0, 0.0, 271.97007033741176, 0.0, 0.0, 0.0, 0.0, 0.0, 797.9680069940039, 0.0, 0.0, 0.0, 0.0, 168.32012348902677, 0.0, 0.0, 375.2825807302371, 0.0, 0.0, 0.0, 0.0, 68.57555746939829, 0.0, 0.0, 0.0, 0.0, 0.0, 0.0, 0.0, 0.0, 0.0, 192.62561513842053, 48.50322943172289, 0.0, 0.0, 0.0, 0.0, 0.0, 0.0, 0.0, 0.0, 0.0, 0.0, 0.0, 0.0, 0.0, 0.0, 0.0, 74.17520182738576, 0.0, 0.0, 0.0, 0.0, 0.0, 0.0, 0.0, 0.0, 159.5292838421098, 0.0, 0.0, 145.7194585427585, 798.8145766365458, 0.0, 0.0, 776.334686157495, 0.0, 781.5696413418206, 254.17543297693555, 0.0, 161.69398801861485, 45.85230794792892, 0.0, 0.0, 0.0, 0.0, 365.3380402603377]
INFORMACIÓN : 27apuestaBundle [803.4128399776718, 798.5923985907053, 794.5713391645745, 781.5696413418206, 776.334686157495]
INFORMACIÓN : 27positionsBundle [1124, 964, 1212, 703, 156]
INFORMACIÓN : 27levelsBundle [3, 3, 3, 3, 3]
INFORMACIÓN : 27positionsOrdered [1124, 964, 1212, 703, 156]
INFORMACIÓN : 27levelsOrdered [3, 3, 3, 3, 3]
INFORMACIÓN : 27partialityOrdered [3, 3, 3, 3, 3]
INFORMACIÓN : 27arrivalTimes [7.242038384589319, 17.68234489349987, 23.067509700634375, 36.521133747708085, 47.922887998699466]
INFORMACIÓN : 28historia0[0.0, 0.0, 0.0, 0.0, 0.0, 793.7658918421769, 0.0, 0.0, 0.0, 0.0, 0.0, 0.0, 0.0, 0.0, 0.0, 0.0, 0.0, 0.0, 0.0, 0.0, 0.0, 803.7489086579235, 0.0, 0.0, 798.5923985907053, 0.0, 0.0, 254.17216888211306, 0.0, 805.9140529806845, 0.0, 0.0, 0.0, 44.05348403360131, 0.0, 0.0, 34.42772727853867, 0.0, 142.83638330724898, 0.0, 0.0, 0.0, 0.0, 0.0, 791.9524871376394, 794.5713391645745, 0.0, 0.0, 0.0, 0.0, 0.0, 0.0, 0.0, 179.5390111975978, 803.4128399776718, 0.0, 250.04259106498847, 0.0, 0.0, 167.08569802285479, 0.0, 0.0, 0.0, 0.0, 0.0, 43.87876994263888, 0.0, 0.0, 0.0, 0.0, 0.0, 0.0, 0.0, 0.0, 0.0, 762.8677479750213, 784.5182666305843, 795.8567697865049, 0.0, 0.0, 0.0, 0.0, 0.0, 0.0, 0.0, 0.0, 0.0, 0.0, 0.0, 0.0, 0.0, 0.0, 0.0, 0.0, 64.03604607591137, 0.0, 271.97007033741176, 0.0, 0.0, 0.0, 0.0, 0.0, 797.9680069940039, 0.0, 781.7782590477727, 0.0, 357.15915228717193, 0.0, 0.0, 0.0, 0.0, 0.0, 0.0, 0.0, 0.0, 68.57555746939829, 0.0, 0.0, 0.0, 0.0, 0.0, 806.4495536197614, 0.0, 0.0, 0.0, 192.62561513842053, 0.0, 0.0, 0.0, 70.24519271805423, 0.0, 0.0, 0.0, 0.0, 0.0, 0.0, 0.0, 0.0, 0.0, 277.0269013454392, 0.0, 0.0, 58.80867133496771, 0.0, 0.0, 0.0, 0.0, 0.0, 0.0, 0.0, 0.0, 159.5292838421098, 0.0, 0.0, 164.54984916349576, 798.8145766365458, 0.0, 0.0, 776.334686157495, 0.0, 781.5696413418206, 254.17543297693555, 0.0, 0.0, 0.0, 0.0, 0.0, 0.0, 0.0, 0.0]
INFORMACIÓN : 28apuestaBundle [803.4128399776718, 798.5923985907053, 794.5713391645745, 781.5696413418206, 776.334686157495]
INFORMACIÓN : 28positionsBundle [1124, 964, 1212, 703, 156]
INFORMACIÓN : 28levelsBundle [3, 3, 3, 3, 3]
INFORMACIÓN : 28positionsOrdered [1124, 964, 1212, 703, 156]
INFORMACIÓN : 28levelsOrdered [3, 3, 3, 3, 3]
INFORMACIÓN : 28partialityOrdered [3, 3, 3, 3, 3]
INFORMACIÓN : 28arrivalTimes [7.242038384589319, 17.68234489349987, 23.067509700634375, 36.521133747708085, 47.922887998699466]
INFORMACIÓN : 29historia0[0.0, 0.0, 0.0, 0.0, 0.0, 793.7658918421769, 0.0, 0.0, 0.0, 48.50322943172289, 0.0, 0.0, 0.0, 0.0, 144.841065905003, 0.0, 0.0, 0.0, 0.0, 0.0, 0.0, 803.7489086579235, 0.0, 0.0, 798.5923985907053, 0.0, 0.0, 254.17216888211306, 0.0, 805.9140529806845, 0.0, 0.0, 0.0, 44.05348403360131, 0.0, 0.0, 34.42772727853867, 0.0, 0.0, 0.0, 0.0, 0.0, 0.0, 44.52172631809594, 791.9524871376394, 794.5713391645745, 0.0, 170.34504320413666, 0.0, 0.0, 0.0, 0.0, 0.0, 179.5390111975978, 803.4128399776718, 0.0, 250.04259106498847, 0.0, 0.0, 180.28474032585382, 0.0, 0.0, 0.0, 0.0, 0.0, 0.0, 0.0, 0.0, 0.0, 0.0, 0.0, 0.0, 0.0, 0.0, 0.0, 762.8677479750213, 784.5182666305843, 795.8567697865049, 0.0, 0.0, 0.0, 0.0, 0.0, 0.0, 0.0, 0.0, 0.0, 0.0, 0.0, 0.0, 0.0, 0.0, 0.0, 0.0, 64.03604607591137, 0.0, 271.97007033741176, 0.0, 0.0, 0.0, 0.0, 0.0, 797.9680069940039, 0.0, 781.7782590477727, 0.0, 357.15915228717193, 0.0, 0.0, 0.0, 0.0, 0.0, 0.0, 44.52172631809594, 0.0, 68.57555746939829, 0.0, 0.0, 0.0, 0.0, 0.0, 806.4495536197614, 0.0, 0.0, 0.0, 192.62561513842053, 0.0, 0.0, 0.0, 70.24519271805423, 0.0, 0.0, 0.0, 0.0, 0.0, 0.0, 0.0, 0.0, 0.0, 277.0269013454392, 0.0, 0.0, 0.0, 0.0, 0.0, 0.0, 0.0, 0.0, 0.0, 0.0, 246.8213954253922, 159.5292838421098, 0.0, 0.0, 164.54984916349576, 798.8145766365458, 0.0, 0.0, 776.334686157495, 0.0, 781.5696413418206, 254.17543297693555, 0.0, 161.69398801861485, 0.0, 0.0, 0.0, 0.0, 0.0, 0.0]
INFORMACIÓN : 29apuestaBundle [803.4128399776718, 798.5923985907053, 794.5713391645745, 781.5696413418206, 776.334686157495]
INFORMACIÓN : 29positionsBundle [1124, 964, 1212, 703, 156]
INFORMACIÓN : 29levelsBundle [3, 3, 3, 3, 3]
INFORMACIÓN : 29positionsOrdered [1124, 964, 1212, 703, 156]
INFORMACIÓN : 29levelsOrdered [3, 3, 3, 3, 3]
INFORMACIÓN : 29partialityOrdered [3, 3, 3, 3, 3]
INFORMACIÓN : 29arrivalTimes [7.242038384589319, 17.68234489349987, 23.067509700634375, 36.521133747708085, 47.922887998699466]
INFORMACIÓN : 30historia0[0.0, 0.0, 0.0, 0.0, 0.0, 793.7658918421769, 0.0, 0.0, 0.0, 0.0, 0.0, 0.0, 0.0, 0.0, 144.841065905003, 0.0, 0.0, 0.0, 0.0, 0.0, 0.0, 803.7489086579235, 0.0, 0.0, 798.5923985907053, 0.0, 0.0, 254.17216888211306, 0.0, 805.9140529806845, 0.0, 0.0, 0.0, 44.05348403360131, 0.0, 0.0, 34.42772727853867, 0.0, 0.0, 0.0, 0.0, 0.0, 0.0, 0.0, 791.9524871376394, 794.5713391645745, 0.0, 170.34504320413666, 0.0, 0.0, 0.0, 0.0, 0.0, 179.5390111975978, 803.4128399776718, 0.0, 250.04259106498847, 0.0, 0.0, 180.28474032585382, 0.0, 0.0, 0.0, 0.0, 0.0, 0.0, 0.0, 0.0, 0.0, 0.0, 0.0, 0.0, 0.0, 0.0, 0.0, 762.8677479750213, 784.5182666305843, 795.8567697865049, 0.0, 0.0, 0.0, 0.0, 0.0, 0.0, 0.0, 0.0, 0.0, 0.0, 0.0, 0.0, 0.0, 0.0, 0.0, 0.0, 64.03604607591137, 0.0, 271.97007033741176, 0.0, 0.0, 0.0, 0.0, 0.0, 797.9680069940039, 0.0, 781.7782590477727, 0.0, 357.15915228717193, 0.0, 0.0, 0.0, 0.0, 0.0, 0.0, 0.0, 0.0, 68.57555746939829, 0.0, 0.0, 0.0, 0.0, 0.0, 806.4495536197614, 0.0, 0.0, 0.0, 192.62561513842053, 0.0, 0.0, 0.0, 70.24519271805423, 0.0, 0.0, 0.0, 0.0, 0.0, 0.0, 0.0, 0.0, 0.0, 277.0269013454392, 0.0, 0.0, 0.0, 0.0, 0.0, 0.0, 0.0, 0.0, 0.0, 0.0, 246.8213954253922, 159.5292838421098, 0.0, 0.0, 164.54984916349576, 798.8145766365458, 0.0, 0.0, 776.334686157495, 0.0, 781.5696413418206, 254.17543297693555, 0.0, 161.69398801861485, 0.0, 0.0, 0.0, 0.0, 0.0, 0.0]
INFORMACIÓN : 30apuestaBundle [803.4128399776718, 798.5923985907053, 794.5713391645745, 781.5696413418206, 776.334686157495]
INFORMACIÓN : 30positionsBundle [1124, 964, 1212, 703, 156]
INFORMACIÓN : 30levelsBundle [3, 3, 3, 3, 3]
INFORMACIÓN : 30positionsOrdered [1124, 964, 1212, 703, 156]
INFORMACIÓN : 30levelsOrdered [3, 3, 3, 3, 3]
INFORMACIÓN : 30partialityOrdered [3, 3, 3, 3, 3]
INFORMACIÓN : 30arrivalTimes [7.242038384589319, 17.68234489349987, 23.067509700634375, 36.521133747708085, 47.922887998699466]
INFORMACIÓN : depSat position 1124 level 3
INFORMACIÓN : depSat position 964 level 3
INFORMACIÓN : depSat position 1212 level 3
INFORMACIÓN : depSat position 703 level 3
INFORMACIÓN : depSat position 156 level 3
INFORMACIÓN : 31historia0[0.0, 0.0, 0.0, 0.0, 0.0, 793.7658918421769, 0.0, 0.0, 0.0, 0.0, 0.0, 0.0, 0.0, 0.0, 144.841065905003, 0.0, 0.0, 0.0, 0.0, 0.0, 0.0, 803.7489086579235, 0.0, 0.0, 0.0, 0.0, 0.0, 254.17216888211306, 0.0, 805.9140529806845, 0.0, 0.0, 0.0, 44.05348403360131, 0.0, 0.0, 34.42772727853867, 0.0, 0.0, 0.0, 0.0, 0.0, 0.0, 0.0, 791.9524871376394, 0.0, 0.0, 170.34504320413666, 0.0, 0.0, 0.0, 0.0, 0.0, 179.5390111975978, 0.0, 0.0, 250.04259106498847, 0.0, 0.0, 180.28474032585382, 0.0, 0.0, 0.0, 0.0, 0.0, 0.0, 0.0, 0.0, 0.0, 0.0, 0.0, 0.0, 0.0, 0.0, 0.0, 762.8677479750213, 784.5182666305843, 795.8567697865049, 0.0, 0.0, 0.0, 0.0, 0.0, 0.0, 0.0, 0.0, 0.0, 0.0, 0.0, 0.0, 0.0, 0.0, 0.0, 0.0, 64.03604607591137, 0.0, 0.0, 0.0, 0.0, 0.0, 0.0, 0.0, 797.9680069940039, 0.0, 781.7782590477727, 0.0, 357.15915228717193, 0.0, 0.0, 0.0, 0.0, 0.0, 0.0, 0.0, 0.0, 0.0, 0.0, 0.0, 0.0, 0.0, 0.0, 806.4495536197614, 0.0, 0.0, 0.0, 0.0, 0.0, 0.0, 0.0, 70.24519271805423, 0.0, 0.0, 0.0, 0.0, 0.0, 0.0, 0.0, 0.0, 0.0, 277.0269013454392, 0.0, 0.0, 0.0, 0.0, 0.0, 0.0, 0.0, 0.0, 0.0, 0.0, 246.8213954253922, 0.0, 0.0, 0.0, 164.54984916349576, 798.8145766365458, 0.0, 0.0, 0.0, 0.0, 0.0, 254.17543297693555, 0.0, 161.69398801861485, 0.0, 0.0, 0.0, 0.0, 0.0, 0.0]
INFORMACIÓN : 31apuestaBundle [803.4128399776718, 798.5923985907053, 794.3440639574791, 781.4553809609705, 775.9071624207892]
INFORMACIÓN : 31positionsBundle [1124, 964, 1212, 703, 156]
INFORMACIÓN : 31levelsBundle [3, 3, 3, 3, 3]
INFORMACIÓN : 31positionsOrdered [1124, 964, 1212, 703, 156]
INFORMACIÓN : 31levelsOrdered [3, 3, 3, 3, 3]
INFORMACIÓN : 31partialityOrdered [3, 3, 3, 3, 3]
INFORMACIÓN : 31arrivalTimes [7.242038384589319, 17.68234489349987, 23.067509700634375, 36.521133747708085, 47.922887998699466]
INFORMACIÓN : 32historia0[0.0, 0.0, 0.0, 68.35901442007004, 0.0, 793.7658918421769, 0.0, 0.0, 0.0, 0.0, 0.0, 0.0, 0.0, 0.0, 0.0, 0.0, 0.0, 0.0, 0.0, 0.0, 0.0, 803.7489086579235, 0.0, 0.0, 798.5923985907053, 0.0, 0.0, 254.17216888211306, 0.0, 805.9140529806845, 0.0, 0.0, 0.0, 62.17942427755895, 0.0, 0.0, 52.66260271417957, 0.0, 142.83638330724898, 0.0, 0.0, 0.0, 0.0, 0.0, 791.9524871376394, 794.3440639574791, 0.0, 170.34504320413666, 0.0, 0.0, 0.0, 0.0, 0.0, 179.5390111975978, 803.4128399776718, 0.0, 250.04259106498847, 0.0, 0.0, 180.28474032585382, 0.0, 0.0, 0.0, 0.0, 0.0, 0.0, 0.0, 0.0, 0.0, 0.0, 0.0, 0.0, 0.0, 0.0, 0.0, 762.8677479750213, 784.5182666305843, 795.8567697865049, 0.0, 0.0, 0.0, 0.0, 0.0, 0.0, 0.0, 0.0, 0.0, 0.0, 0.0, 0.0, 0.0, 0.0, 0.0, 0.0, 0.0, 0.0, 0.0, 0.0, 0.0, 0.0, 0.0, 0.0, 797.9680069940039, 0.0, 781.7782590477727, 0.0, 357.15915228717193, 0.0, 0.0, 0.0, 0.0, 0.0, 0.0, 0.0, 0.0, 31.984314070999062, 0.0, 0.0, 0.0, 0.0, 0.0, 806.4495536197614, 0.0, 0.0, 43.87876994263888, 0.0, 0.0, 0.0, 0.0, 70.24519271805423, 0.0, 0.0, 0.0, 0.0, 0.0, 0.0, 0.0, 0.0, 0.0, 277.0269013454392, 0.0, 0.0, 0.0, 364.43229134568514, 0.0, 364.46263569147936, 0.0, 0.0, 0.0, 0.0, 0.0, 0.0, 364.46263569147936, 0.0, 164.54984916349576, 798.8145766365458, 0.0, 0.0, 775.9071624207892, 0.0, 781.4553809609705, 254.17543297693555, 43.688014071452585, 161.69398801861485, 66.84176356553087, 0.0, 0.0, 93.31455674958886, 0.0, 0.0]
INFORMACIÓN : 32apuestaBundle [803.4128399776718, 798.5923985907053, 794.3440639574791, 781.4553809609705, 775.9071624207892]
INFORMACIÓN : 32positionsBundle [1124, 964, 1212, 703, 156]
INFORMACIÓN : 32levelsBundle [3, 3, 3, 3, 3]
INFORMACIÓN : 32positionsOrdered [1124, 964, 1212, 703, 156]
INFORMACIÓN : 32levelsOrdered [3, 3, 3, 3, 3]
INFORMACIÓN : 32partialityOrdered [3, 3, 3, 3, 3]
INFORMACIÓN : 32arrivalTimes [7.242038384589319, 17.68234489349987, 23.067509700634375, 36.521133747708085, 47.922887998699466]
INFORMACIÓN : 33historia0[0.0, 0.0, 0.0, 68.35901442007004, 0.0, 0.0, 0.0, 0.0, 0.0, 0.0, 0.0, 0.0, 0.0, 0.0, 144.841065905003, 0.0, 0.0, 0.0, 0.0, 0.0, 0.0, 0.0, 0.0, 0.0, 798.5923985907053, 0.0, 0.0, 254.17216888211306, 0.0, 805.9140529806845, 0.0, 0.0, 0.0, 62.17942427755895, 0.0, 0.0, 52.66260271417957, 0.0, 0.0, 0.0, 0.0, 0.0, 0.0, 0.0, 791.9524871376394, 794.3440639574791, 0.0, 170.34504320413666, 0.0, 0.0, 0.0, 0.0, 0.0, 179.5390111975978, 803.4128399776718, 0.0, 250.04259106498847, 0.0, 0.0, 180.28474032585382, 0.0, 0.0, 0.0, 0.0, 0.0, 55.839475999377214, 0.0, 0.0, 0.0, 0.0, 0.0, 0.0, 0.0, 0.0, 0.0, 0.0, 784.5182666305843, 795.8567697865049, 0.0, 0.0, 0.0, 0.0, 0.0, 0.0, 0.0, 0.0, 0.0, 0.0, 0.0, 0.0, 0.0, 0.0, 0.0, 0.0, 0.0, 0.0, 0.0, 0.0, 0.0, 0.0, 0.0, 0.0, 797.9680069940039, 0.0, 0.0, 0.0, 357.15915228717193, 0.0, 0.0, 0.0, 0.0, 0.0, 0.0, 51.668021715127566, 0.0, 41.4290628400056, 0.0, 365.3380402603377, 0.0, 0.0, 0.0, 0.0, 0.0, 0.0, 55.839475999377214, 0.0, 0.0, 0.0, 0.0, 70.24519271805423, 0.0, 0.0, 0.0, 0.0, 0.0, 0.0, 0.0, 0.0, 0.0, 277.0269013454392, 0.0, 39.069001679026314, 0.0, 0.0, 0.0, 0.0, 0.0, 0.0, 0.0, 0.0, 246.8213954253922, 0.0, 0.0, 0.0, 164.54984916349576, 798.8145766365458, 0.0, 0.0, 775.9071624207892, 0.0, 781.4553809609705, 254.17543297693555, 0.0, 161.69398801861485, 66.84176356553087, 0.0, 0.0, 0.0, 0.0, 0.0]
INFORMACIÓN : 33apuestaBundle [803.4128399776718, 798.5923985907053, 794.3440639574791, 781.4553809609705, 775.9071624207892]
INFORMACIÓN : 33positionsBundle [1124, 964, 1212, 703, 156]
INFORMACIÓN : 33levelsBundle [3, 3, 3, 3, 3]
INFORMACIÓN : 33positionsOrdered [1124, 964, 1212, 703, 156]
INFORMACIÓN : 33levelsOrdered [3, 3, 3, 3, 3]
INFORMACIÓN : 33partialityOrdered [3, 3, 3, 3, 3]
INFORMACIÓN : 33arrivalTimes [7.242038384589319, 17.68234489349987, 23.067509700634375, 36.521133747708085, 47.922887998699466]
INFORMACIÓN : 34historia0[0.0, 0.0, 0.0, 68.35901442007004, 0.0, 793.7658918421769, 0.0, 0.0, 0.0, 0.0, 0.0, 0.0, 0.0, 0.0, 144.841065905003, 236.31457118564447, 0.0, 0.0, 0.0, 0.0, 0.0, 803.7489086579235, 0.0, 0.0, 798.5923985907053, 0.0, 0.0, 0.0, 0.0, 805.9140529806845, 0.0, 0.0, 0.0, 62.17942427755895, 0.0, 0.0, 52.66260271417957, 0.0, 0.0, 0.0, 0.0, 0.0, 0.0, 0.0, 791.9524871376394, 794.3440639574791, 0.0, 170.34504320413666, 0.0, 0.0, 0.0, 64.44039538312336, 0.0, 0.0, 803.4128399776718, 0.0, 250.04259106498847, 0.0, 0.0, 180.28474032585382, 0.0, 0.0, 0.0, 0.0, 0.0, 0.0, 0.0, 0.0, 0.0, 0.0, 0.0, 0.0, 0.0, 0.0, 0.0, 762.8677479750213, 784.5182666305843, 795.8567697865049, 0.0, 0.0, 0.0, 0.0, 0.0, 0.0, 0.0, 0.0, 0.0, 0.0, 0.0, 0.0, 0.0, 0.0, 0.0, 0.0, 0.0, 0.0, 0.0, 0.0, 0.0, 778.2103561738375, 33.691705668315876, 0.0, 797.9680069940039, 0.0, 781.7782590477727, 0.0, 0.0, 160.58101342771243, 150.1584093372209, 0.0, 0.0, 0.0, 0.0, 0.0, 0.0, 41.4290628400056, 0.0, 365.3380402603377, 0.0, 0.0, 0.0, 806.4495536197614, 0.0, 0.0, 0.0, 0.0, 0.0, 0.0, 0.0, 0.0, 0.0, 254.28246073739865, 279.0352371804788, 0.0, 0.0, 0.0, 0.0, 0.0, 0.0, 0.0, 0.0, 0.0, 0.0, 0.0, 0.0, 0.0, 0.0, 0.0, 0.0, 0.0, 246.8213954253922, 0.0, 0.0, 0.0, 0.0, 798.8145766365458, 0.0, 0.0, 775.9071624207892, 0.0, 781.4553809609705, 254.17543297693555, 0.0, 161.69398801861485, 66.84176356553087, 0.0, 0.0, 0.0, 0.0, 0.0]
INFORMACIÓN : 34apuestaBundle [803.4128399776718, 798.5923985907053, 794.3440639574791, 781.4553809609705, 775.9071624207892]
INFORMACIÓN : 34positionsBundle [1124, 964, 1212, 703, 156]
INFORMACIÓN : 34levelsBundle [3, 3, 3, 3, 3]
INFORMACIÓN : 34positionsOrdered [1124, 964, 1212, 703, 156]
INFORMACIÓN : 34levelsOrdered [3, 3, 3, 3, 3]
INFORMACIÓN : 34partialityOrdered [3, 3, 3, 3, 3]
INFORMACIÓN : 34arrivalTimes [7.242038384589319, 17.68234489349987, 23.067509700634375, 36.521133747708085, 47.922887998699466]
INFORMACIÓN : 35historia0[0.0, 0.0, 0.0, 68.35901442007004, 0.0, 793.7658918421769, 0.0, 0.0, 0.0, 0.0, 0.0, 0.0, 0.0, 0.0, 144.841065905003, 236.31457118564447, 0.0, 0.0, 0.0, 0.0, 0.0, 803.7489086579235, 0.0, 0.0, 798.5923985907053, 0.0, 0.0, 0.0, 0.0, 805.9140529806845, 0.0, 0.0, 0.0, 0.0, 0.0, 0.0, 0.0, 0.0, 0.0, 0.0, 0.0, 0.0, 0.0, 0.0, 791.9524871376394, 794.3440639574791, 0.0, 170.34504320413666, 0.0, 0.0, 0.0, 64.44039538312336, 0.0, 0.0, 803.4128399776718, 0.0, 250.04259106498847, 0.0, 0.0, 180.28474032585382, 0.0, 0.0, 0.0, 0.0, 0.0, 0.0, 0.0, 0.0, 0.0, 0.0, 0.0, 0.0, 0.0, 0.0, 0.0, 762.8677479750213, 784.5182666305843, 795.8567697865049, 0.0, 0.0, 0.0, 0.0, 0.0, 0.0, 0.0, 0.0, 0.0, 0.0, 0.0, 0.0, 0.0, 0.0, 0.0, 0.0, 0.0, 0.0, 0.0, 0.0, 0.0, 778.2103561738375, 48.67559612557658, 0.0, 797.9680069940039, 0.0, 781.7782590477727, 0.0, 0.0, 160.58101342771243, 150.1584093372209, 0.0, 0.0, 170.48670673716188, 0.0, 0.0, 0.0, 0.0, 0.0, 0.0, 1.4584345992025192, 0.0, 0.0, 806.4495536197614, 0.0, 0.0, 0.0, 0.0, 0.0, 0.0, 0.0, 90.30073124154889, 0.0, 254.28246073739865, 279.0352371804788, 0.0, 0.0, 0.0, 0.0, 0.0, 0.0, 0.0, 0.0, 0.0, 0.0, 0.0, 0.0, 0.0, 0.0, 0.0, 0.0, 0.0, 246.8213954253922, 0.0, 0.0, 0.0, 0.0, 798.8145766365458, 0.0, 0.0, 775.9071624207892, 0.0, 781.4553809609705, 254.17543297693555, 0.0, 161.69398801861485, 0.0, 0.0, 0.0, 0.0, 0.0, 0.0]
INFORMACIÓN : 35apuestaBundle [803.4128399776718, 798.5923985907053, 794.3440639574791, 781.4553809609705, 775.9071624207892]
INFORMACIÓN : 35positionsBundle [1124, 964, 1212, 703, 156]
INFORMACIÓN : 35levelsBundle [3, 3, 3, 3, 3]
INFORMACIÓN : 35positionsOrdered [1124, 964, 1212, 703, 156]
INFORMACIÓN : 35levelsOrdered [3, 3, 3, 3, 3]
INFORMACIÓN : 35partialityOrdered [3, 3, 3, 3, 3]
INFORMACIÓN : 35arrivalTimes [7.242038384589319, 17.68234489349987, 23.067509700634375, 36.521133747708085, 47.922887998699466]
INFORMACIÓN : 36historia0[0.0, 0.0, 0.0, 68.35901442007004, 0.0, 793.7658918421769, 0.0, 0.0, 0.0, 0.0, 0.0, 0.0, 0.0, 0.0, 144.841065905003, 236.31457118564447, 0.0, 0.0, 0.0, 0.0, 0.0, 803.7489086579235, 0.0, 0.0, 798.5923985907053, 0.0, 0.0, 0.0, 0.0, 805.9140529806845, 0.0, 0.0, 0.0, 44.05348403360131, 0.0, 0.0, 0.0, 0.0, 0.0, 0.0, 0.0, 0.0, 0.0, 0.0, 791.9524871376394, 794.3440639574791, 0.0, 170.34504320413666, 0.0, 0.0, 0.0, 77.37094769183705, 0.0, 0.0, 803.4128399776718, 0.0, 250.04259106498847, 0.0, 0.0, 180.28474032585382, 0.0, 0.0, 0.0, 0.0, 0.0, 0.0, 0.0, 0.0, 0.0, 0.0, 0.0, 0.0, 0.0, 0.0, 0.0, 762.8677479750213, 784.5182666305843, 795.8567697865049, 0.0, 0.0, 0.0, 0.0, 0.0, 0.0, 0.0, 0.0, 0.0, 0.0, 0.0, 0.0, 0.0, 0.0, 0.0, 0.0, 0.0, 0.0, 0.0, 0.0, 0.0, 778.2103561738375, 48.67559612557658, 0.0, 797.9680069940039, 0.0, 781.7782590477727, 0.0, 0.0, 160.58101342771243, 150.1584093372209, 0.0, 0.0, 170.48670673716188, 0.0, 0.0, 0.0, 0.0, 0.0, 0.0, 0.0, 0.0, 0.0, 806.4495536197614, 0.0, 0.0, 0.0, 0.0, 0.0, 0.0, 0.0, 90.30073124154889, 0.0, 254.28246073739865, 279.0352371804788, 0.0, 0.0, 0.0, 0.0, 0.0, 0.0, 0.0, 0.0, 0.0, 0.0, 0.0, 0.0, 0.0, 0.0, 0.0, 0.0, 0.0, 246.8213954253922, 0.0, 0.0, 0.0, 0.0, 798.8145766365458, 0.0, 0.0, 775.9071624207892, 0.0, 781.4553809609705, 254.17543297693555, 0.0, 161.69398801861485, 0.0, 0.0, 0.0, 0.0, 0.0, 0.0]
INFORMACIÓN : 36apuestaBundle [803.4128399776718, 798.5923985907053, 794.3440639574791, 781.4553809609705, 775.9071624207892]
INFORMACIÓN : 36positionsBundle [1124, 964, 1212, 703, 156]
INFORMACIÓN : 36levelsBundle [3, 3, 3, 3, 3]
INFORMACIÓN : 36positionsOrdered [1124, 964, 1212, 703, 156]
INFORMACIÓN : 36levelsOrdered [3, 3, 3, 3, 3]
INFORMACIÓN : 36partialityOrdered [3, 3, 3, 3, 3]
INFORMACIÓN : 36arrivalTimes [7.242038384589319, 17.68234489349987, 23.067509700634375, 36.521133747708085, 47.922887998699466]
INFORMACIÓN : depSat position 1124 level 3
INFORMACIÓN : depSat position 964 level 3
INFORMACIÓN : depSat position 1212 level 3
INFORMACIÓN : depSat position 703 level 3
INFORMACIÓN : depSat position 156 level 3
INFORMACIÓN : 37historia0[0.0, 0.0, 0.0, 68.35901442007004, 0.0, 793.7658918421769, 0.0, 0.0, 0.0, 0.0, 0.0, 0.0, 0.0, 0.0, 144.841065905003, 236.31457118564447, 0.0, 0.0, 0.0, 0.0, 0.0, 803.7489086579235, 0.0, 0.0, 0.0, 0.0, 0.0, 0.0, 0.0, 805.9140529806845, 0.0, 0.0, 0.0, 44.05348403360131, 0.0, 0.0, 0.0, 0.0, 0.0, 0.0, 0.0, 0.0, 0.0, 0.0, 791.9524871376394, 0.0, 0.0, 170.34504320413666, 0.0, 0.0, 0.0, 77.37094769183705, 0.0, 0.0, 0.0, 0.0, 250.04259106498847, 0.0, 0.0, 180.28474032585382, 0.0, 0.0, 0.0, 0.0, 0.0, 0.0, 0.0, 0.0, 0.0, 0.0, 0.0, 0.0, 0.0, 0.0, 0.0, 762.8677479750213, 784.5182666305843, 795.8567697865049, 0.0, 0.0, 0.0, 0.0, 0.0, 0.0, 0.0, 0.0, 0.0, 0.0, 0.0, 0.0, 0.0, 0.0, 0.0, 0.0, 0.0, 0.0, 0.0, 0.0, 0.0, 778.2103561738375, 48.67559612557658, 0.0, 797.9680069940039, 0.0, 781.7782590477727, 0.0, 0.0, 160.58101342771243, 150.1584093372209, 0.0, 0.0, 170.48670673716188, 0.0, 0.0, 0.0, 0.0, 0.0, 0.0, 0.0, 0.0, 0.0, 806.4495536197614, 0.0, 0.0, 0.0, 0.0, 0.0, 0.0, 0.0, 90.30073124154889, 0.0, 254.28246073739865, 279.0352371804788, 0.0, 0.0, 0.0, 0.0, 0.0, 0.0, 0.0, 0.0, 0.0, 0.0, 0.0, 0.0, 0.0, 0.0, 0.0, 0.0, 0.0, 246.8213954253922, 0.0, 0.0, 0.0, 0.0, 798.8145766365458, 0.0, 0.0, 0.0, 0.0, 0.0, 254.17543297693555, 0.0, 161.69398801861485, 0.0, 0.0, 0.0, 0.0, 0.0, 0.0]
INFORMACIÓN : 37apuestaBundle [803.4128399776718, 798.5923985907053, 794.3440639574791, 781.4553809609705, 775.9071624207892]
INFORMACIÓN : 37positionsBundle [1124, 964, 1212, 703, 156]
INFORMACIÓN : 37levelsBundle [3, 3, 3, 3, 3]
INFORMACIÓN : 37positionsOrdered [1124, 964, 1212, 703, 156]
INFORMACIÓN : 37levelsOrdered [3, 3, 3, 3, 3]
INFORMACIÓN : 37partialityOrdered [3, 3, 3, 3, 3]
INFORMACIÓN : 37arrivalTimes [7.242038384589319, 17.68234489349987, 23.067509700634375, 36.521133747708085, 47.922887998699466]
INFORMACIÓN : 38historia0[0.0, 0.0, 0.0, 68.35901442007004, 0.0, 793.7658918421769, 0.0, 0.0, 0.0, 0.0, 0.0, 0.0, 0.0, 0.0, 144.841065905003, 236.31457118564447, 0.0, 0.0, 0.0, 0.0, 0.0, 803.7489086579235, 0.0, 0.0, 798.5923985907053, 0.0, 0.0, 0.0, 0.0, 805.9140529806845, 0.0, 0.0, 0.0, 44.05348403360131, 0.0, 0.0, 0.0, 0.0, 0.0, 0.0, 0.0, 0.0, 0.0, 0.0, 791.9524871376394, 794.3440639574791, 0.0, 170.34504320413666, 0.0, 0.0, 0.0, 77.37094769183705, 0.0, 0.0, 803.4128399776718, 0.0, 250.04259106498847, 93.31111428907752, 0.0, 180.28474032585382, 0.0, 0.0, 0.0, 0.0, 0.0, 0.0, 0.0, 0.0, 0.0, 0.0, 0.0, 0.0, 0.0, 0.0, 0.0, 762.8677479750213, 784.5182666305843, 795.8567697865049, 0.0, 0.0, 0.0, 0.0, 0.0, 0.0, 0.0, 0.0, 0.0, 0.0, 0.0, 0.0, 0.0, 0.0, 0.0, 0.0, 0.0, 0.0, 0.0, 0.0, 0.0, 778.2103561738375, 48.67559612557658, 0.0, 797.9680069940039, 0.0, 781.7782590477727, 0.0, 0.0, 160.58101342771243, 150.1584093372209, 0.0, 0.0, 170.48670673716188, 0.0, 0.0, 0.0, 0.0, 0.0, 0.0, 0.0, 0.0, 0.0, 806.4495536197614, 0.0, 0.0, 0.0, 0.0, 0.0, 0.0, 0.0, 90.30073124154889, 0.0, 254.28246073739865, 279.0352371804788, 0.0, 0.0, 0.0, 0.0, 0.0, 0.0, 0.0, 0.0, 0.0, 0.0, 0.0, 0.0, 0.0, 0.0, 0.0, 0.0, 0.0, 246.8213954253922, 0.0, 0.0, 0.0, 0.0, 798.8145766365458, 0.0, 0.0, 775.9071624207892, 0.0, 781.4553809609705, 254.17543297693555, 0.0, 161.69398801861485, 0.0, 0.0, 0.0, 0.0, 0.0, 0.0]
INFORMACIÓN : 38apuestaBundle [803.4128399776718, 798.5923985907053, 794.3440639574791, 781.4553809609705, 775.9071624207892]
INFORMACIÓN : 38positionsBundle [1124, 964, 1212, 703, 156]
INFORMACIÓN : 38levelsBundle [3, 3, 3, 3, 3]
INFORMACIÓN : 38positionsOrdered [1124, 964, 1212, 703, 156]
INFORMACIÓN : 38levelsOrdered [3, 3, 3, 3, 3]
INFORMACIÓN : 38partialityOrdered [3, 3, 3, 3, 3]
INFORMACIÓN : 38arrivalTimes [7.242038384589319, 17.68234489349987, 23.067509700634375, 36.521133747708085, 47.922887998699466]
INFORMACIÓN : 39historia0[0.0, 0.0, 0.0, 68.35901442007004, 0.0, 0.0, 0.0, 0.0, 0.0, 0.0, 0.0, 0.0, 0.0, 0.0, 0.0, 236.31457118564447, 0.0, 0.0, 0.0, 0.0, 0.0, 0.0, 0.0, 0.0, 798.5923985907053, 0.0, 0.0, 0.0, 0.0, 805.9140529806845, 0.0, 0.0, 0.0, 0.0, 0.0, 0.0, 0.0, 0.0, 142.83638330724898, 0.0, 0.0, 0.0, 0.0, 0.0, 791.9524871376394, 794.3440639574791, 0.0, 170.34504320413666, 0.0, 0.0, 0.0, 77.37094769183705, 0.0, 0.0, 803.4128399776718, 0.0, 250.04259106498847, 0.0, 0.0, 180.28474032585382, 0.0, 0.0, 0.0, 0.0, 0.0, 0.0, 0.0, 0.0, 0.0, 0.0, 0.0, 0.0, 0.0, 0.0, 0.0, 0.0, 784.5182666305843, 795.8567697865049, 0.0, 0.0, 0.0, 0.0, 0.0, 0.0, 0.0, 0.0, 0.0, 0.0, 0.0, 0.0, 0.0, 0.0, 0.0, 0.0, 0.0, 0.0, 0.0, 0.0, 0.0, 778.2103561738375, 48.67559612557658, 0.0, 797.9680069940039, 0.0, 0.0, 0.0, 0.0, 160.58101342771243, 150.1584093372209, 0.0, 0.0, 170.48670673716188, 0.0, 0.0, 0.0, 0.0, 0.0, 0.0, 0.0, 0.0, 0.0, 0.0, 0.0, 0.0, 0.0, 0.0, 0.0, 0.0, 0.0, 90.30073124154889, 43.69559128585615, 254.28246073739865, 279.0352371804788, 0.0, 0.0, 0.0, 0.0, 0.0, 0.0, 0.0, 0.0, 0.0, 0.0, 0.0, 0.0, 0.0, 0.0, 0.0, 0.0, 0.0, 0.0, 0.0, 0.0, 0.0, 0.0, 798.8145766365458, 0.0, 0.0, 775.9071624207892, 0.0, 781.4553809609705, 254.17543297693555, 0.0, 161.69398801861485, 0.0, 0.0, 0.0, 0.0, 0.0, 0.0]
INFORMACIÓN : 39apuestaBundle [803.4128399776718, 798.5923985907053, 794.3440639574791, 781.4553809609705, 775.9071624207892]
INFORMACIÓN : 39positionsBundle [1124, 964, 1212, 703, 156]
INFORMACIÓN : 39levelsBundle [3, 3, 3, 3, 3]
INFORMACIÓN : 39positionsOrdered [1124, 964, 1212, 703, 156]
INFORMACIÓN : 39levelsOrdered [3, 3, 3, 3, 3]
INFORMACIÓN : 39partialityOrdered [3, 3, 3, 3, 3]
INFORMACIÓN : 39arrivalTimes [7.242038384589319, 17.68234489349987, 23.067509700634375, 36.521133747708085, 47.922887998699466]
INFORMACIÓN : 40historia0[0.0, 0.0, 0.0, 68.35901442007004, 0.0, 793.7658918421769, 0.0, 0.0, 0.0, 0.0, 0.0, 0.0, 0.0, 0.0, 0.0, 254.71699655248713, 0.0, 0.0, 0.0, 0.0, 0.0, 803.7489086579235, 0.0, 0.0, 798.5923985907053, 0.0, 0.0, 0.0, 99.64054022821537, 805.9140529806845, 0.0, 0.0, 0.0, 44.05348403360131, 0.0, 0.0, 0.0, 0.0, 142.83638330724898, 0.0, 0.0, 0.0, 0.0, 0.0, 791.9524871376394, 794.3440639574791, 0.0, 170.34504320413666, 0.0, 0.0, 0.0, 77.37094769183705, 0.0, 0.0, 803.4128399776718, 0.0, 250.04259106498847, 0.0, 0.0, 180.28474032585382, 0.0, 0.0, 0.0, 0.0, 0.0, 0.0, 0.0, 0.0, 0.0, 0.0, 0.0, 0.0, 0.0, 0.0, 0.0, 762.8677479750213, 784.5182666305843, 795.8567697865049, 0.0, 0.0, 0.0, 0.0, 0.0, 0.0, 0.0, 0.0, 0.0, 0.0, 0.0, 0.0, 0.0, 0.0, 0.0, 0.0, 57.093931921049034, 0.0, 0.0, 0.0, 0.0, 763.8890994810758, 48.67559612557658, 0.0, 797.9680069940039, 0.0, 781.7782590477727, 0.0, 0.0, 168.32012348902677, 0.0, 0.0, 0.0, 0.0, 0.0, 0.0, 0.0, 0.0, 0.0, 365.3380402603377, 1.4584345992025192, 0.0, 0.0, 806.4495536197614, 0.0, 0.0, 0.0, 0.0, 0.0, 0.0, 0.0, 0.0, 43.69559128585615, 262.5194475678552, 267.0309329127133, 0.0, 0.0, 0.0, 0.0, 0.0, 0.0, 0.0, 0.0, 0.0, 0.0, 0.0, 265.54008526985695, 0.0, 0.0, 0.0, 0.0, 0.0, 0.0, 0.0, 0.0, 0.0, 0.0, 798.8145766365458, 0.0, 0.0, 775.9071624207892, 0.0, 781.4553809609705, 254.17543297693555, 0.0, 161.69398801861485, 45.85230794792892, 0.0, 0.0, 0.0, 0.0, 365.3380402603377]
INFORMACIÓN : 40apuestaBundle [803.4128399776718, 798.5923985907053, 794.3440639574791, 781.4553809609705, 775.9071624207892]
INFORMACIÓN : 40positionsBundle [1124, 964, 1212, 703, 156]
INFORMACIÓN : 40levelsBundle [3, 3, 3, 3, 3]
INFORMACIÓN : 40positionsOrdered [1124, 964, 1212, 703, 156]
INFORMACIÓN : 40levelsOrdered [3, 3, 3, 3, 3]
INFORMACIÓN : 40partialityOrdered [3, 3, 3, 3, 3]
INFORMACIÓN : 40arrivalTimes [7.242038384589319, 17.68234489349987, 23.067509700634375, 36.521133747708085, 47.922887998699466]
INFORMACIÓN : 41historia0[0.0, 0.0, 0.0, 0.0, 0.0, 793.7658918421769, 0.0, 0.0, 0.0, 0.0, 0.0, 0.0, 0.0, 0.0, 0.0, 254.71699655248713, 0.0, 0.0, 0.0, 0.0, 0.0, 803.7489086579235, 0.0, 0.0, 798.5923985907053, 0.0, 0.0, 0.0, 0.0, 805.9140529806845, 0.0, 0.0, 0.0, 44.05348403360131, 0.0, 0.0, 0.0, 0.0, 142.83638330724898, 0.0, 0.0, 0.0, 0.0, 0.0, 791.9524871376394, 794.3440639574791, 0.0, 170.34504320413666, 0.0, 0.0, 0.0, 0.0, 0.0, 0.0, 803.4128399776718, 0.0, 250.04259106498847, 0.0, 0.0, 180.28474032585382, 0.0, 0.0, 0.0, 0.0, 0.0, 0.0, 0.0, 0.0, 0.0, 0.0, 0.0, 0.0, 0.0, 0.0, 0.0, 762.8677479750213, 784.5182666305843, 795.8567697865049, 0.0, 0.0, 0.0, 0.0, 0.0, 0.0, 0.0, 0.0, 0.0, 0.0, 0.0, 0.0, 0.0, 0.0, 0.0, 0.0, 0.0, 0.0, 0.0, 0.0, 0.0, 763.8890994810758, 48.67559612557658, 0.0, 797.9680069940039, 0.0, 781.7782590477727, 0.0, 0.0, 168.32012348902677, 0.0, 0.0, 0.0, 0.0, 0.0, 0.0, 0.0, 0.0, 0.0, 0.0, 1.4584345992025192, 0.0, 0.0, 806.4495536197614, 0.0, 0.0, 0.0, 0.0, 0.0, 0.0, 0.0, 0.0, 43.69559128585615, 262.5194475678552, 267.0309329127133, 0.0, 0.0, 0.0, 0.0, 0.0, 0.0, 0.0, 0.0, 0.0, 0.0, 0.0, 265.54008526985695, 0.0, 0.0, 0.0, 0.0, 0.0, 0.0, 0.0, 0.0, 0.0, 0.0, 798.8145766365458, 0.0, 0.0, 775.9071624207892, 22.31944632451026, 781.4553809609705, 254.17543297693555, 45.44241980579045, 161.69398801861485, 0.0, 0.0, 0.0, 0.0, 0.0, 0.0]
INFORMACIÓN : 41apuestaBundle [803.4128399776718, 798.5923985907053, 794.3440639574791, 781.4553809609705, 775.9071624207892]
INFORMACIÓN : 41positionsBundle [1124, 964, 1212, 703, 156]
INFORMACIÓN : 41levelsBundle [3, 3, 3, 3, 3]
INFORMACIÓN : 41positionsOrdered [1124, 964, 1212, 703, 156]
INFORMACIÓN : 41levelsOrdered [3, 3, 3, 3, 3]
INFORMACIÓN : 41partialityOrdered [3, 3, 3, 3, 3]
INFORMACIÓN : 41arrivalTimes [7.242038384589319, 17.68234489349987, 23.067509700634375, 36.521133747708085, 47.922887998699466]
INFORMACIÓN : 42historia0[0.0, 0.0, 0.0, 0.0, 0.0, 793.7658918421769, 0.0, 0.0, 0.0, 0.0, 0.0, 0.0, 0.0, 0.0, 0.0, 254.71699655248713, 0.0, 0.0, 0.0, 0.0, 0.0, 803.7489086579235, 0.0, 0.0, 798.5923985907053, 0.0, 0.0, 0.0, 0.0, 805.9140529806845, 0.0, 0.0, 0.0, 44.05348403360131, 0.0, 0.0, 0.0, 0.0, 142.83638330724898, 0.0, 0.0, 0.0, 0.0, 44.52172631809594, 791.9524871376394, 794.3440639574791, 0.0, 170.34504320413666, 0.0, 0.0, 0.0, 57.2154615381221, 0.0, 0.0, 803.4128399776718, 0.0, 250.04259106498847, 0.0, 0.0, 180.28474032585382, 0.0, 0.0, 0.0, 0.0, 0.0, 43.87876994263888, 0.0, 0.0, 0.0, 0.0, 0.0, 0.0, 0.0, 0.0, 270.9325062377243, 762.8677479750213, 784.5182666305843, 795.8567697865049, 0.0, 0.0, 0.0, 0.0, 0.0, 0.0, 0.0, 0.0, 0.0, 0.0, 0.0, 0.0, 0.0, 0.0, 0.0, 0.0, 0.0, 0.0, 271.97007033741176, 0.0, 0.0, 763.8890994810758, 48.67559612557658, 0.0, 797.9680069940039, 0.0, 781.7782590477727, 0.0, 0.0, 168.32012348902677, 0.0, 0.0, 0.0, 0.0, 0.0, 44.52172631809594, 0.0, 0.0, 0.0, 0.0, 0.0, 0.0, 0.0, 806.4495536197614, 0.0, 0.0, 43.87876994263888, 192.62561513842053, 0.0, 0.0, 0.0, 0.0, 0.0, 262.5194475678552, 267.0309329127133, 0.0, 0.0, 0.0, 0.0, 0.0, 0.0, 0.0, 0.0, 0.0, 0.0, 0.0, 265.54008526985695, 0.0, 0.0, 0.0, 0.0, 0.0, 0.0, 159.5292838421098, 0.0, 0.0, 0.0, 798.8145766365458, 0.0, 0.0, 775.9071624207892, 22.31944632451026, 781.4553809609705, 254.17543297693555, 45.44241980579045, 161.69398801861485, 0.0, 0.0, 0.0, 0.0, 0.0, 0.0]
INFORMACIÓN : 42apuestaBundle [803.4128399776718, 798.5923985907053, 794.3440639574791, 781.4553809609705, 775.9071624207892]
INFORMACIÓN : 42positionsBundle [1124, 964, 1212, 703, 156]
INFORMACIÓN : 42levelsBundle [3, 3, 3, 3, 3]
INFORMACIÓN : 42positionsOrdered [1124, 964, 1212, 703, 156]
