----------------------------------------------------------------------
-- Log session for [myBugCoalitionsCCBBAGuaiDEF-10] started on 2018.01.04.03.26.40 --
----------------------------------------------------------------------

INFORMACIÓN : I started
INFORMACIÓN : 0apuestaBundle [671.9864998183225, 620.1365492572318, 553.6724351436349, 547.5067329442479, 547.5067329442479, 539.5210612643261]
INFORMACIÓN : 0positionsBundle [578, 1401, 1266, 548, 548, 380]
INFORMACIÓN : 0levelsBundle [2, 2, 2, 2, 2, 2]
INFORMACIÓN : 0positionsOrdered [578, 1401, 1266, 548, 548, 380]
INFORMACIÓN : 0levelsOrdered [2, 2, 2, 2, 2, 2]
INFORMACIÓN : 0partialityOrdered [2, 2, 2, 2, 2, 2]
INFORMACIÓN : 0arrivalTimes [8.602325267042627, 40.50843753413026, 55.80549607490862, 91.1466901690532, 91.1466901690532, 109.39497775994786]
INFORMACIÓN : I [IR, AB]; lost Test.myBail@6fb5fc5d; POS 1401; sensors [MW]; level 2 I paid 620.1365492572318in favour of7@(myturtles,myturtles,bug)@MK-135 paid 663.3305538531866
INFORMACIÓN : 1historia0[0.0, 0.0, 0.0, 0.0, 0.0, 0.0, 0.0, 0.0, 0.0, 0.0, 0.0, 0.0, 0.0, 0.0, 0.0, 0.0, 0.0, 0.0, 0.0, 0.0, 0.0, 0.0, 0.0, 0.0, 0.0, 0.0, 0.0, 0.0, 0.0, 0.0, 0.0, 0.0, 0.0, 0.0, 0.0, 0.0, 0.0, 0.0, 0.0, 0.0, 0.0, 0.0, 0.0, 0.0, 0.0, 0.0, 0.0, 0.0, 0.0, 0.0, 0.0, 0.0, 0.0, 0.0, 0.0, 663.3305538531866, 0.0, 0.0, 0.0, 0.0, 0.0, 0.0, 0.0, 0.0, 0.0, 0.0, 0.0, 0.0, 0.0, 671.9864998183225, 0.0, 0.0, 0.0, 0.0, 0.0, 0.0, 0.0, 0.0, 0.0, 0.0, 0.0, 0.0, 0.0, 0.0, 0.0, 0.0, 0.0, 0.0, 0.0, 0.0, 0.0, 0.0, 0.0, 0.0, 0.0, 0.0, 0.0, 0.0, 0.0, 0.0, 0.0, 0.0, 0.0, 0.0, 0.0, 0.0, 663.3305538531866, 0.0, 0.0, 0.0, 0.0, 0.0, 0.0, 0.0, 0.0, 0.0, 0.0, 0.0, 0.0, 0.0]
INFORMACIÓN : 1apuestaBundle [671.9864998183225, 607.8199366967938, 607.8199366967938, 595.0688081188555, 563.0476307344179, 563.0476307344179, 527.6468354345516]
INFORMACIÓN : 1positionsBundle [578, 548, 548, 380, 594, 594, 1266]
INFORMACIÓN : 1levelsBundle [2, 2, 2, 2, 2, 2, 2]
INFORMACIÓN : 1positionsOrdered [578, 548, 548, 380, 594, 594, 1266]
INFORMACIÓN : 1levelsOrdered [2, 2, 2, 2, 2, 2, 2]
INFORMACIÓN : 1partialityOrdered [2, 2, 2, 2, 2, 2, 2]
INFORMACIÓN : 1arrivalTimes [8.602325267042627, 28.627309661543414, 28.627309661543414, 46.87559725243807, 61.435817030999104, 61.435817030999104, 92.74076871599615]
INFORMACIÓN : coalSat position 548 level 2
INFORMACIÓN : I [IR, AB]; lost Test.myBail@1e083d5d; POS 548; sensors [AB]; level 2 I paid 607.8199366967938in favour ofnull paid 607.8199366967938
INFORMACIÓN : 2historia0[0.0, 0.0, 0.0, 0.0, 0.0, 0.0, 0.0, 0.0, 0.0, 0.0, 0.0, 0.0, 0.0, 0.0, 0.0, 0.0, 0.0, 0.0, 0.0, 0.0, 0.0, 0.0, 0.0, 0.0, 0.0, 0.0, 0.0, 0.0, 0.0, 558.9462413032805, 0.0, 0.0, 0.0, 0.0, 0.0, 0.0, 0.0, 0.0, 0.0, 0.0, 0.0, 0.0, 0.0, 0.0, 0.0, 0.0, 0.0, 0.0, 0.0, 0.0, 0.0, 0.0, 0.0, 0.0, 0.0, 663.3305538531866, 0.0, 0.0, 0.0, 0.0, 0.0, 0.0, 0.0, 0.0, 0.0, 0.0, 0.0, 0.0, 0.0, 671.9864998183225, 0.0, 0.0, 0.0, 488.25182084857937, 0.0, 0.0, 0.0, 0.0, 0.0, 0.0, 0.0, 0.0, 0.0, 0.0, 0.0, 0.0, 0.0, 0.0, 0.0, 0.0, 500.04005475279064, 0.0, 0.0, 0.0, 558.9462413032805, 0.0, 0.0, 0.0, 0.0, 0.0, 0.0, 0.0, 0.0, 0.0, 0.0, 0.0, 663.3305538531866, 641.3649850077492, 0.0, 500.04005475279064, 0.0, 0.0, 0.0, 0.0, 0.0, 0.0, 0.0, 0.0, 0.0, 0.0]
INFORMACIÓN : 2apuestaBundle [671.9864998183225, 607.8199366967938, 595.0688081188555, 563.0476307344179, 563.0476307344179, 525.8500514475968]
INFORMACIÓN : 2positionsBundle [578, 548, 380, 594, 594, 1266]
INFORMACIÓN : 2levelsBundle [2, 2, 2, 2, 2, 2]
INFORMACIÓN : 2positionsOrdered [578, 548, 380, 594, 594, 1266]
INFORMACIÓN : 2levelsOrdered [2, 2, 2, 2, 2, 2]
INFORMACIÓN : 2partialityOrdered [2, 2, 2, 2, 2, 2]
INFORMACIÓN : 2arrivalTimes [8.602325267042627, 28.627309661543414, 46.87559725243807, 61.435817030999104, 61.435817030999104, 92.74076871599615]
INFORMACIÓN : coalSat position 1266 level 2
INFORMACIÓN : I [IR, AB]; lost Test.myBail@1e083d5d; POS 548; sensors [AB]; level 2 I paid 607.8199366967938in favour of9@(myturtles,myturtles,bug)@MK-135 paid 618.8305257120638
INFORMACIÓN : 3historia0[0.0, 0.0, 0.0, 0.0, 0.0, 0.0, 0.0, 0.0, 0.0, 0.0, 0.0, 0.0, 0.0, 0.0, 0.0, 0.0, 0.0, 573.3495020741801, 0.0, 0.0, 0.0, 0.0, 0.0, 0.0, 0.0, 0.0, 0.0, 0.0, 0.0, 558.9462413032805, 0.0, 0.0, 509.5068751097204, 560.5485878603912, 0.0, 0.0, 509.5068751097204, 573.3495020741801, 618.8305257120638, 0.0, 0.0, 0.0, 0.0, 0.0, 466.29983864978294, 0.0, 0.0, 0.0, 0.0, 0.0, 0.0, 0.0, 0.0, 0.0, 0.0, 663.3305538531866, 0.0, 0.0, 436.8090323055553, 0.0, 0.0, 0.0, 0.0, 613.2073724413464, 0.0, 0.0, 0.0, 459.8581657063488, 0.0, 671.9864998183225, 0.0, 0.0, 0.0, 488.25182084857937, 0.0, 0.0, 0.0, 0.0, 0.0, 0.0, 0.0, 525.0293132074788, 0.0, 0.0, 0.0, 0.0, 0.0, 0.0, 466.29983864978294, 0.0, 500.04005475279064, 0.0, 0.0, 525.0293132074788, 558.9462413032805, 0.0, 0.0, 0.0, 0.0, 0.0, 0.0, 426.37647006074155, 0.0, 0.0, 0.0, 0.0, 663.3305538531866, 641.3649850077492, 0.0, 500.04005475279064, 0.0, 0.0, 459.20845818248154, 0.0, 0.0, 0.0, 0.0, 0.0, 0.0, 0.0]
INFORMACIÓN : 3apuestaBundle [671.9864998183225, 542.2484832490795, 466.45130035469623, 466.45130035469623, 458.6100527343858, 405.5508959752033]
INFORMACIÓN : 3positionsBundle [578, 1266, 531, 531, 318, 2401]
INFORMACIÓN : 3levelsBundle [2, 2, 2, 2, 2, 2]
INFORMACIÓN : 3positionsOrdered [578, 531, 531, 318, 1266, 2401]
INFORMACIÓN : 3levelsOrdered [2, 2, 2, 2, 2, 2]
INFORMACIÓN : 3partialityOrdered [2, 2, 2, 2, 2, 2]
INFORMACIÓN : 3arrivalTimes [8.602325267042627, 11.764602927211007, 11.764602927211007, 39.3066069267079, 88.74076871599615, 116.19982915148812]
INFORMACIÓN : I [IR, AB]; lost Test.myBail@1daa593b; POS 2401; sensors [AB]; level 2 I paid 405.5508959752033in favour of6@(myturtles,myturtles,bug)@MK-135 paid 423.9262636692962
INFORMACIÓN : 4historia0[0.0, 0.0, 0.0, 0.0, 0.0, 458.6100527343858, 0.0, 0.0, 0.0, 466.45130035469623, 0.0, 466.45130035469623, 0.0, 0.0, 0.0, 0.0, 0.0, 573.3495020741801, 0.0, 0.0, 0.0, 0.0, 0.0, 0.0, 0.0, 0.0, 0.0, 0.0, 0.0, 558.9462413032805, 0.0, 0.0, 511.2969472348053, 560.5485878603912, 0.0, 0.0, 0.0, 573.3495020741801, 618.8305257120638, 0.0, 0.0, 0.0, 0.0, 0.0, 466.29983864978294, 0.0, 0.0, 0.0, 0.0, 0.0, 0.0, 0.0, 0.0, 0.0, 0.0, 663.3305538531866, 0.0, 0.0, 0.0, 0.0, 0.0, 423.9262636692962, 0.0, 613.2073724413464, 0.0, 0.0, 0.0, 459.8581657063488, 0.0, 671.9864998183225, 542.2484832490795, 0.0, 0.0, 488.25182084857937, 0.0, 0.0, 0.0, 452.5943158876313, 0.0, 0.0, 0.0, 534.6167186211935, 0.0, 0.0, 0.0, 0.0, 0.0, 0.0, 466.29983864978294, 0.0, 500.04005475279064, 0.0, 0.0, 0.0, 558.9462413032805, 0.0, 0.0, 0.0, 0.0, 0.0, 0.0, 0.0, 0.0, 0.0, 0.0, 0.0, 663.3305538531866, 641.3649850077492, 0.0, 500.04005475279064, 0.0, 0.0, 459.20845818248154, 0.0, 0.0, 0.0, 0.0, 0.0, 0.0, 0.0]
INFORMACIÓN : 4apuestaBundle [671.9864998183225, 542.2484832490795, 466.45130035469623, 466.45130035469623, 458.6100527343858, 416.2305850625031]
INFORMACIÓN : 4positionsBundle [578, 1266, 531, 531, 318, 2401]
INFORMACIÓN : 4levelsBundle [2, 2, 2, 2, 2, 2]
INFORMACIÓN : 4positionsOrdered [578, 531, 531, 318, 1266, 2401]
INFORMACIÓN : 4levelsOrdered [2, 2, 2, 2, 2, 2]
INFORMACIÓN : 4partialityOrdered [2, 2, 2, 2, 2, 2]
INFORMACIÓN : 4arrivalTimes [8.602325267042627, 11.764602927211007, 11.764602927211007, 39.3066069267079, 88.74076871599615, 116.19982915148812]
INFORMACIÓN : coalSat position 2401 level 2
INFORMACIÓN : I [IR, AB]; lost Test.myBail@3ea9f92e; POS 2401; sensors [IR]; level 2 I paid 416.2305850625031in favour ofnull paid 416.2305850625031
INFORMACIÓN : 5historia0[0.0, 0.0, 0.0, 0.0, 0.0, 458.6100527343858, 0.0, 0.0, 0.0, 466.45130035469623, 0.0, 466.45130035469623, 0.0, 0.0, 0.0, 0.0, 0.0, 573.3495020741801, 0.0, 0.0, 373.6371057181161, 0.0, 0.0, 0.0, 0.0, 0.0, 0.0, 0.0, 0.0, 558.9462413032805, 0.0, 0.0, 511.2969472348053, 560.5485878603912, 0.0, 0.0, 509.5068751097204, 573.3495020741801, 618.8305257120638, 0.0, 0.0, 0.0, 0.0, 0.0, 466.29983864978294, 0.0, 0.0, 0.0, 0.0, 0.0, 0.0, 0.0, 0.0, 0.0, 0.0, 663.3305538531866, 0.0, 0.0, 0.0, 0.0, 0.0, 443.4118226771632, 0.0, 613.2073724413464, 0.0, 0.0, 0.0, 459.8581657063488, 0.0, 671.9864998183225, 542.2484832490795, 0.0, 0.0, 488.25182084857937, 0.0, 0.0, 0.0, 452.5943158876313, 373.6371057181161, 0.0, 0.0, 534.6167186211935, 0.0, 0.0, 0.0, 0.0, 0.0, 380.20566565009284, 466.29983864978294, 0.0, 500.04005475279064, 0.0, 0.0, 525.0293132074788, 558.9462413032805, 0.0, 0.0, 0.0, 0.0, 0.0, 0.0, 0.0, 0.0, 377.18951411314674, 0.0, 0.0, 663.3305538531866, 641.3649850077492, 0.0, 500.04005475279064, 0.0, 0.0, 459.20845818248154, 0.0, 0.0, 0.0, 0.0, 0.0, 0.0, 0.0]
INFORMACIÓN : 5apuestaBundle [671.9864998183225, 542.2484832490795, 466.45130035469623, 466.45130035469623, 458.6100527343858, 416.2305850625031]
INFORMACIÓN : 5positionsBundle [578, 1266, 531, 531, 318, 2401]
INFORMACIÓN : 5levelsBundle [2, 2, 2, 2, 2, 2]
INFORMACIÓN : 5positionsOrdered [578, 531, 531, 318, 1266, 2401]
INFORMACIÓN : 5levelsOrdered [2, 2, 2, 2, 2, 2]
INFORMACIÓN : 5partialityOrdered [2, 2, 2, 2, 2, 2]
INFORMACIÓN : 5arrivalTimes [8.602325267042627, 11.764602927211007, 11.764602927211007, 39.3066069267079, 88.74076871599615, 116.19982915148812]
INFORMACIÓN : coalSat position 318 level 2
INFORMACIÓN : I [IR, AB]; lost Test.myBail@427af575; POS 318; sensors [MW]; level 2 I paid 458.6100527343858in favour ofnull paid 458.6100527343858
INFORMACIÓN : 6historia0[0.0, 0.0, 0.0, 0.0, 0.0, 0.0, 0.0, 0.0, 0.0, 466.45130035469623, 0.0, 466.45130035469623, 0.0, 0.0, 0.0, 0.0, 0.0, 573.3495020741801, 0.0, 0.0, 0.0, 0.0, 0.0, 0.0, 0.0, 0.0, 0.0, 0.0, 0.0, 558.9462413032805, 0.0, 0.0, 511.2969472348053, 560.5485878603912, 0.0, 0.0, 509.5068751097204, 573.3495020741801, 618.8305257120638, 0.0, 0.0, 0.0, 0.0, 0.0, 466.29983864978294, 0.0, 0.0, 0.0, 0.0, 0.0, 0.0, 0.0, 0.0, 0.0, 0.0, 663.3305538531866, 0.0, 0.0, 436.8090323055553, 0.0, 0.0, 443.4118226771632, 0.0, 613.2073724413464, 0.0, 0.0, 0.0, 459.8581657063488, 359.5396192771993, 671.9864998183225, 542.2484832490795, 0.0, 0.0, 488.25182084857937, 0.0, 359.5396192771993, 0.0, 452.5943158876313, 0.0, 0.0, 0.0, 534.6167186211935, 0.0, 0.0, 0.0, 0.0, 0.0, 0.0, 466.29983864978294, 0.0, 500.04005475279064, 0.0, 0.0, 525.0293132074788, 558.9462413032805, 0.0, 0.0, 0.0, 0.0, 0.0, 0.0, 426.37647006074155, 0.0, 0.0, 0.0, 0.0, 663.3305538531866, 641.3649850077492, 0.0, 500.04005475279064, 0.0, 0.0, 459.20845818248154, 0.0, 0.0, 0.0, 0.0, 0.0, 0.0, 0.0]
INFORMACIÓN : 6apuestaBundle [671.9864998183225, 542.2484832490795, 466.45130035469623, 466.45130035469623, 458.6100527343858, 402.53868824627193]
INFORMACIÓN : 6positionsBundle [578, 1266, 531, 531, 318, 354]
INFORMACIÓN : 6levelsBundle [2, 2, 2, 2, 2, 2]
INFORMACIÓN : 6positionsOrdered [578, 531, 531, 318, 354, 1266]
INFORMACIÓN : 6levelsOrdered [2, 2, 2, 2, 2, 2]
INFORMACIÓN : 6partialityOrdered [2, 2, 2, 2, 2, 2]
INFORMACIÓN : 6arrivalTimes [8.602325267042627, 11.764602927211007, 11.764602927211007, 39.3066069267079, 53.3422757743261, 88.74076871599615]
INFORMACIÓN : 7historia0[0.0, 0.0, 0.0, 0.0, 0.0, 458.6100527343858, 0.0, 0.0, 0.0, 466.45130035469623, 0.0, 466.45130035469623, 0.0, 0.0, 0.0, 0.0, 0.0, 573.3495020741801, 0.0, 0.0, 402.53868824627193, 0.0, 0.0, 0.0, 0.0, 0.0, 0.0, 0.0, 0.0, 558.9462413032805, 0.0, 0.0, 511.2969472348053, 560.5485878603912, 0.0, 0.0, 509.5068751097204, 573.3495020741801, 618.8305257120638, 0.0, 0.0, 0.0, 0.0, 0.0, 466.29983864978294, 0.0, 0.0, 0.0, 0.0, 0.0, 0.0, 0.0, 0.0, 0.0, 0.0, 663.3305538531866, 0.0, 0.0, 436.8090323055553, 0.0, 0.0, 443.4118226771632, 0.0, 613.2073724413464, 0.0, 0.0, 0.0, 459.8581657063488, 359.5396192771993, 671.9864998183225, 542.2484832490795, 0.0, 0.0, 488.25182084857937, 0.0, 359.5396192771993, 0.0, 452.5943158876313, 0.0, 0.0, 0.0, 534.6167186211935, 0.0, 0.0, 0.0, 0.0, 0.0, 409.79323088600654, 466.29983864978294, 0.0, 500.04005475279064, 0.0, 0.0, 525.0293132074788, 558.9462413032805, 0.0, 0.0, 0.0, 0.0, 0.0, 0.0, 426.37647006074155, 0.0, 377.18951411314674, 0.0, 0.0, 663.3305538531866, 641.3649850077492, 0.0, 500.04005475279064, 0.0, 0.0, 459.20845818248154, 0.0, 0.0, 0.0, 0.0, 0.0, 0.0, 0.0]
INFORMACIÓN : 7apuestaBundle [671.9864998183225, 542.2484832490795, 466.45130035469623, 466.45130035469623, 458.6100527343858, 402.53868824627193]
INFORMACIÓN : 7positionsBundle [578, 1266, 531, 531, 318, 354]
INFORMACIÓN : 7levelsBundle [2, 2, 2, 2, 2, 2]
INFORMACIÓN : 7positionsOrdered [578, 531, 531, 318, 354, 1266]
INFORMACIÓN : 7levelsOrdered [2, 2, 2, 2, 2, 2]
INFORMACIÓN : 7partialityOrdered [2, 2, 2, 2, 2, 2]
INFORMACIÓN : 7arrivalTimes [8.602325267042627, 11.764602927211007, 11.764602927211007, 39.3066069267079, 53.3422757743261, 88.74076871599615]
INFORMACIÓN : depSat position 578 level 2
INFORMACIÓN : I [IR, AB]; lost Test.myBail@45b72a14; POS 578; sensors [MW]; level 2 I paid 671.9864998183225in favour ofnull paid 671.9864998183225
INFORMACIÓN : 8historia0[0.0, 0.0, 0.0, 0.0, 0.0, 0.0, 0.0, 0.0, 0.0, 0.0, 0.0, 0.0, 0.0, 0.0, 0.0, 0.0, 0.0, 573.3495020741801, 0.0, 0.0, 0.0, 0.0, 0.0, 0.0, 0.0, 0.0, 0.0, 0.0, 0.0, 558.9462413032805, 0.0, 0.0, 511.2969472348053, 560.5485878603912, 0.0, 0.0, 509.5068751097204, 573.3495020741801, 618.8305257120638, 0.0, 0.0, 0.0, 0.0, 0.0, 466.29983864978294, 0.0, 0.0, 0.0, 0.0, 0.0, 0.0, 0.0, 0.0, 0.0, 0.0, 663.3305538531866, 0.0, 0.0, 436.8090323055553, 0.0, 0.0, 443.4118226771632, 0.0, 613.2073724413464, 0.0, 0.0, 0.0, 459.8581657063488, 0.0, 0.0, 0.0, 0.0, 0.0, 488.25182084857937, 0.0, 371.21336870529126, 0.0, 452.5943158876313, 0.0, 0.0, 0.0, 534.6167186211935, 0.0, 0.0, 0.0, 0.0, 0.0, 409.79323088600654, 466.29983864978294, 346.19764930632755, 500.04005475279064, 0.0, 0.0, 525.0293132074788, 558.9462413032805, 0.0, 0.0, 0.0, 0.0, 0.0, 0.0, 426.37647006074155, 0.0, 377.18951411314674, 0.0, 0.0, 663.3305538531866, 641.3649850077492, 0.0, 500.04005475279064, 0.0, 0.0, 459.20845818248154, 0.0, 0.0, 0.0, 0.0, 0.0, 0.0, 0.0]
INFORMACIÓN : 8apuestaBundle [671.9864998183225, 539.832895669474, 466.45130035469623, 466.45130035469623, 459.9418212542996, 404.9542758258774]
INFORMACIÓN : 8positionsBundle [578, 1266, 531, 531, 318, 354]
INFORMACIÓN : 8levelsBundle [2, 2, 2, 2, 2, 2]
INFORMACIÓN : 8positionsOrdered [578, 531, 531, 318, 354, 1266]
INFORMACIÓN : 8levelsOrdered [2, 2, 2, 2, 2, 2]
INFORMACIÓN : 8partialityOrdered [2, 2, 2, 2, 2, 2]
INFORMACIÓN : 8arrivalTimes [8.602325267042627, 11.764602927211007, 11.764602927211007, 39.3066069267079, 53.3422757743261, 88.74076871599615]
INFORMACIÓN : 9historia0[0.0, 0.0, 0.0, 0.0, 0.0, 459.9418212542996, 0.0, 0.0, 0.0, 466.45130035469623, 0.0, 466.45130035469623, 0.0, 0.0, 0.0, 0.0, 0.0, 573.3495020741801, 0.0, 0.0, 404.9542758258774, 0.0, 0.0, 0.0, 0.0, 0.0, 0.0, 0.0, 0.0, 558.9462413032805, 0.0, 0.0, 511.2969472348053, 560.5485878603912, 0.0, 0.0, 509.5068751097204, 573.3495020741801, 618.8305257120638, 0.0, 0.0, 0.0, 0.0, 0.0, 0.0, 0.0, 0.0, 0.0, 0.0, 0.0, 0.0, 0.0, 0.0, 0.0, 0.0, 663.3305538531866, 0.0, 0.0, 436.8090323055553, 0.0, 0.0, 443.4118226771632, 0.0, 613.2073724413464, 0.0, 0.0, 0.0, 459.8581657063488, 359.5396192771993, 671.9864998183225, 539.832895669474, 0.0, 0.0, 0.0, 0.0, 371.21336870529126, 0.0, 452.5943158876313, 0.0, 0.0, 0.0, 534.6167186211935, 0.0, 0.0, 0.0, 0.0, 0.0, 0.0, 0.0, 346.19764930632755, 500.04005475279064, 0.0, 0.0, 525.0293132074788, 558.9462413032805, 0.0, 0.0, 0.0, 0.0, 0.0, 0.0, 426.37647006074155, 0.0, 377.18951411314674, 0.0, 0.0, 663.3305538531866, 641.3649850077492, 0.0, 500.04005475279064, 0.0, 0.0, 0.0, 0.0, 0.0, 0.0, 0.0, 0.0, 0.0, 0.0]
