----------------------------------------------------------------------
-- Log session for [myBugCoalitionsCCBBAGuaiDEF-9] started on 2018.01.04.03.26.40 --
----------------------------------------------------------------------

INFORMACIÓN : I started
INFORMACIÓN : 0apuestaBundle [668.8672697249202, 619.7481392744746, 619.7481392744746, 582.5332155769736, 576.027795657069, 563.8455879739331, 563.8455879739331]
INFORMACIÓN : 0positionsBundle [578, 548, 548, 380, 1401, 594, 594]
INFORMACIÓN : 0levelsBundle [2, 2, 2, 2, 2, 2, 2]
INFORMACIÓN : 0positionsOrdered [578, 548, 548, 380, 1401, 594, 594]
INFORMACIÓN : 0levelsOrdered [2, 2, 2, 2, 2, 2, 2]
INFORMACIÓN : 0partialityOrdered [2, 2, 2, 2, 2, 2, 2]
INFORMACIÓN : 0arrivalTimes [10.0, 30.024984394500787, 30.024984394500787, 48.273271985395446, 84.07829956533176, 130.31681165211933, 130.31681165211933]
INFORMACIÓN : I [IR, AB]; lost Test.myBail@45b72a14; POS 578; sensors [MW]; level 2 I paid 668.8672697249202in favour of10@(myturtles,myturtles,bug)@MK-135 paid 671.9864998183225
INFORMACIÓN : 1historia0[0.0, 0.0, 0.0, 0.0, 0.0, 0.0, 0.0, 0.0, 0.0, 0.0, 0.0, 0.0, 0.0, 0.0, 0.0, 0.0, 0.0, 0.0, 0.0, 0.0, 0.0, 0.0, 0.0, 0.0, 0.0, 0.0, 0.0, 0.0, 0.0, 0.0, 0.0, 0.0, 0.0, 0.0, 0.0, 0.0, 0.0, 0.0, 0.0, 0.0, 0.0, 0.0, 0.0, 0.0, 0.0, 0.0, 0.0, 0.0, 0.0, 0.0, 0.0, 0.0, 0.0, 0.0, 0.0, 663.3305538531866, 0.0, 0.0, 0.0, 0.0, 0.0, 0.0, 0.0, 0.0, 0.0, 0.0, 0.0, 0.0, 0.0, 671.9864998183225, 553.6724351436349, 0.0, 0.0, 0.0, 0.0, 0.0, 0.0, 0.0, 0.0, 0.0, 0.0, 0.0, 0.0, 0.0, 0.0, 0.0, 0.0, 0.0, 0.0, 0.0, 0.0, 0.0, 0.0, 0.0, 0.0, 0.0, 0.0, 0.0, 0.0, 0.0, 0.0, 0.0, 0.0, 0.0, 0.0, 0.0, 663.3305538531866, 0.0, 0.0, 0.0, 0.0, 0.0, 0.0, 0.0, 0.0, 0.0, 0.0, 0.0, 0.0, 0.0]
INFORMACIÓN : 1apuestaBundle [619.7481392744746, 619.7481392744746, 582.2368674834875, 573.3495020741801, 573.3495020741801, 525.0293132074788, 525.0293132074788, 509.5068751097204, 509.5068751097204]
INFORMACIÓN : 1positionsBundle [548, 548, 380, 594, 594, 641, 641, 290, 290]
INFORMACIÓN : 1levelsBundle [2, 2, 2, 2, 2, 2, 2, 2, 2]
INFORMACIÓN : 1positionsOrdered [548, 548, 380, 594, 594, 641, 641, 290, 290]
INFORMACIÓN : 1levelsOrdered [2, 2, 2, 2, 2, 2, 2, 2, 2]
INFORMACIÓN : 1partialityOrdered [2, 2, 2, 2, 2, 2, 2, 2, 2]
INFORMACIÓN : 1arrivalTimes [21.93171219946131, 21.93171219946131, 40.179999790355964, 54.740219568917, 54.740219568917, 57.90249722908538, 57.90249722908538, 64.97356504095086, 64.97356504095086]
INFORMACIÓN : coalSat position 548 level 2
INFORMACIÓN : timeSat position 548 level 2
INFORMACIÓN : I [IR, AB]; lost Test.myBail@1e083d5d; POS 548; sensors [AB]; level 2 I paid 619.7481392744746in favour ofnull paid 619.7481392744746
INFORMACIÓN : 2historia0[0.0, 0.0, 0.0, 0.0, 0.0, 0.0, 0.0, 0.0, 0.0, 0.0, 0.0, 0.0, 0.0, 0.0, 0.0, 0.0, 0.0, 0.0, 0.0, 0.0, 0.0, 0.0, 0.0, 0.0, 0.0, 0.0, 0.0, 0.0, 0.0, 558.9462413032805, 0.0, 0.0, 0.0, 0.0, 0.0, 0.0, 0.0, 0.0, 0.0, 0.0, 0.0, 0.0, 0.0, 0.0, 0.0, 0.0, 0.0, 0.0, 0.0, 0.0, 0.0, 0.0, 0.0, 0.0, 0.0, 663.3305538531866, 0.0, 0.0, 0.0, 0.0, 0.0, 0.0, 0.0, 595.0688081188555, 0.0, 0.0, 0.0, 0.0, 0.0, 671.9864998183225, 527.6468354345516, 0.0, 0.0, 488.25182084857937, 0.0, 0.0, 0.0, 0.0, 0.0, 0.0, 0.0, 0.0, 0.0, 0.0, 0.0, 0.0, 0.0, 0.0, 0.0, 0.0, 500.04005475279064, 0.0, 0.0, 0.0, 558.9462413032805, 0.0, 0.0, 0.0, 0.0, 0.0, 0.0, 0.0, 0.0, 0.0, 0.0, 0.0, 663.3305538531866, 641.3649850077492, 0.0, 500.04005475279064, 0.0, 0.0, 0.0, 0.0, 0.0, 0.0, 0.0, 0.0, 0.0, 0.0]
INFORMACIÓN : 2apuestaBundle [618.8305257120638, 613.2073724413464, 573.3495020741801, 573.3495020741801, 525.0293132074788, 525.0293132074788, 509.5068751097204, 509.5068751097204]
INFORMACIÓN : 2positionsBundle [548, 380, 594, 594, 641, 641, 290, 290]
INFORMACIÓN : 2levelsBundle [2, 2, 2, 2, 2, 2, 2, 2]
INFORMACIÓN : 2positionsOrdered [380, 594, 594, 548, 641, 641, 290, 290]
INFORMACIÓN : 2levelsOrdered [2, 2, 2, 2, 2, 2, 2, 2]
INFORMACIÓN : 2partialityOrdered [2, 2, 2, 2, 2, 2, 2, 2]
INFORMACIÓN : 2arrivalTimes [6.324555320336759, 20.884775098897794, 20.884775098897794, 26.024984394500787, 33.30509428378131, 33.30509428378131, 40.376162095646784, 40.376162095646784]
INFORMACIÓN : 3historia0[0.0, 0.0, 0.0, 0.0, 0.0, 0.0, 0.0, 0.0, 0.0, 0.0, 0.0, 0.0, 0.0, 0.0, 0.0, 0.0, 0.0, 573.3495020741801, 0.0, 0.0, 0.0, 0.0, 0.0, 0.0, 0.0, 0.0, 0.0, 0.0, 0.0, 558.9462413032805, 0.0, 0.0, 509.5068751097204, 560.5485878603912, 0.0, 0.0, 509.5068751097204, 573.3495020741801, 618.8305257120638, 0.0, 0.0, 0.0, 0.0, 0.0, 466.29983864978294, 0.0, 0.0, 0.0, 0.0, 0.0, 0.0, 0.0, 0.0, 0.0, 0.0, 663.3305538531866, 0.0, 0.0, 436.8090323055553, 0.0, 0.0, 0.0, 0.0, 613.2073724413464, 0.0, 0.0, 0.0, 459.8581657063488, 0.0, 671.9864998183225, 525.8500514475968, 0.0, 0.0, 488.25182084857937, 0.0, 0.0, 0.0, 0.0, 0.0, 0.0, 0.0, 525.0293132074788, 0.0, 0.0, 0.0, 0.0, 0.0, 0.0, 466.29983864978294, 0.0, 500.04005475279064, 0.0, 0.0, 525.0293132074788, 558.9462413032805, 0.0, 0.0, 0.0, 0.0, 0.0, 0.0, 426.37647006074155, 0.0, 0.0, 0.0, 0.0, 663.3305538531866, 641.3649850077492, 0.0, 500.04005475279064, 0.0, 0.0, 459.20845818248154, 0.0, 0.0, 0.0, 0.0, 0.0, 0.0, 0.0]
INFORMACIÓN : 3apuestaBundle [618.8305257120638, 613.2073724413464, 573.3495020741801, 573.3495020741801, 525.0293132074788, 525.0293132074788, 509.5068751097204, 509.5068751097204]
INFORMACIÓN : 3positionsBundle [548, 380, 594, 594, 641, 641, 290, 290]
INFORMACIÓN : 3levelsBundle [2, 2, 2, 2, 2, 2, 2, 2]
INFORMACIÓN : 3positionsOrdered [380, 594, 594, 548, 641, 641, 290, 290]
INFORMACIÓN : 3levelsOrdered [2, 2, 2, 2, 2, 2, 2, 2]
INFORMACIÓN : 3partialityOrdered [2, 2, 2, 2, 2, 2, 2, 2]
INFORMACIÓN : 3arrivalTimes [6.324555320336759, 20.884775098897794, 20.884775098897794, 26.024984394500787, 33.30509428378131, 33.30509428378131, 40.376162095646784, 40.376162095646784]
INFORMACIÓN : coalSat position 641 level 2
INFORMACIÓN : coalSat position 290 level 2
INFORMACIÓN : I [IR, AB]; lost Test.myBail@4f78bec9; POS 641; sensors [IR]; level 2 I paid 525.0293132074788in favour of8@(myturtles,myturtles,bug)@MK-135 paid 534.6167186211935
INFORMACIÓN : 4historia0[0.0, 0.0, 0.0, 0.0, 0.0, 458.6100527343858, 0.0, 0.0, 0.0, 466.45130035469623, 0.0, 466.45130035469623, 0.0, 0.0, 0.0, 0.0, 0.0, 573.3495020741801, 0.0, 0.0, 0.0, 0.0, 0.0, 0.0, 0.0, 0.0, 0.0, 0.0, 0.0, 558.9462413032805, 0.0, 0.0, 511.2969472348053, 560.5485878603912, 0.0, 0.0, 0.0, 573.3495020741801, 618.8305257120638, 0.0, 0.0, 0.0, 0.0, 0.0, 466.29983864978294, 0.0, 0.0, 0.0, 0.0, 0.0, 0.0, 0.0, 0.0, 0.0, 0.0, 663.3305538531866, 0.0, 0.0, 0.0, 0.0, 0.0, 423.9262636692962, 0.0, 613.2073724413464, 0.0, 0.0, 0.0, 459.8581657063488, 0.0, 671.9864998183225, 542.2484832490795, 0.0, 0.0, 488.25182084857937, 0.0, 0.0, 0.0, 452.5943158876313, 0.0, 0.0, 0.0, 534.6167186211935, 0.0, 0.0, 0.0, 0.0, 0.0, 0.0, 466.29983864978294, 0.0, 500.04005475279064, 0.0, 0.0, 0.0, 558.9462413032805, 0.0, 0.0, 0.0, 0.0, 0.0, 0.0, 0.0, 0.0, 0.0, 0.0, 0.0, 663.3305538531866, 641.3649850077492, 0.0, 500.04005475279064, 0.0, 0.0, 459.20845818248154, 0.0, 0.0, 0.0, 0.0, 0.0, 0.0, 0.0]
INFORMACIÓN : 4apuestaBundle [618.8305257120638, 613.2073724413464, 573.3495020741801, 573.3495020741801, 525.0293132074788, 509.5068751097204]
INFORMACIÓN : 4positionsBundle [548, 380, 594, 594, 641, 290]
INFORMACIÓN : 4levelsBundle [2, 2, 2, 2, 2, 2]
INFORMACIÓN : 4positionsOrdered [380, 594, 594, 548, 641, 290]
INFORMACIÓN : 4levelsOrdered [2, 2, 2, 2, 2, 2]
INFORMACIÓN : 4partialityOrdered [2, 2, 2, 2, 2, 2]
INFORMACIÓN : 4arrivalTimes [6.324555320336759, 20.884775098897794, 20.884775098897794, 26.024984394500787, 33.30509428378131, 40.376162095646784]
INFORMACIÓN : 5historia0[0.0, 0.0, 0.0, 0.0, 0.0, 458.6100527343858, 0.0, 0.0, 0.0, 466.45130035469623, 0.0, 466.45130035469623, 0.0, 0.0, 0.0, 0.0, 0.0, 573.3495020741801, 0.0, 0.0, 373.6371057181161, 0.0, 0.0, 0.0, 0.0, 0.0, 0.0, 0.0, 0.0, 558.9462413032805, 0.0, 0.0, 511.2969472348053, 560.5485878603912, 0.0, 0.0, 509.5068751097204, 573.3495020741801, 618.8305257120638, 0.0, 0.0, 0.0, 0.0, 0.0, 466.29983864978294, 0.0, 0.0, 0.0, 0.0, 0.0, 0.0, 0.0, 0.0, 0.0, 0.0, 663.3305538531866, 0.0, 0.0, 416.2305850625031, 0.0, 0.0, 443.4118226771632, 0.0, 613.2073724413464, 0.0, 0.0, 0.0, 459.8581657063488, 0.0, 671.9864998183225, 542.2484832490795, 0.0, 0.0, 488.25182084857937, 0.0, 0.0, 0.0, 452.5943158876313, 373.6371057181161, 0.0, 0.0, 534.6167186211935, 0.0, 0.0, 0.0, 0.0, 0.0, 380.20566565009284, 466.29983864978294, 0.0, 500.04005475279064, 0.0, 0.0, 525.0293132074788, 558.9462413032805, 0.0, 0.0, 0.0, 0.0, 0.0, 0.0, 0.0, 0.0, 377.18951411314674, 0.0, 0.0, 663.3305538531866, 641.3649850077492, 0.0, 500.04005475279064, 0.0, 0.0, 459.20845818248154, 0.0, 0.0, 0.0, 0.0, 0.0, 0.0, 0.0]
INFORMACIÓN : 5apuestaBundle [618.8305257120638, 613.2073724413464, 573.3495020741801, 573.3495020741801, 525.0293132074788, 509.5068751097204]
INFORMACIÓN : 5positionsBundle [548, 380, 594, 594, 641, 290]
INFORMACIÓN : 5levelsBundle [2, 2, 2, 2, 2, 2]
INFORMACIÓN : 5positionsOrdered [380, 594, 594, 548, 641, 290]
INFORMACIÓN : 5levelsOrdered [2, 2, 2, 2, 2, 2]
INFORMACIÓN : 5partialityOrdered [2, 2, 2, 2, 2, 2]
INFORMACIÓN : 5arrivalTimes [6.324555320336759, 20.884775098897794, 20.884775098897794, 26.024984394500787, 33.30509428378131, 40.376162095646784]
INFORMACIÓN : 6historia0[0.0, 0.0, 0.0, 0.0, 0.0, 458.6100527343858, 0.0, 0.0, 0.0, 466.45130035469623, 0.0, 466.45130035469623, 0.0, 0.0, 0.0, 0.0, 0.0, 573.3495020741801, 0.0, 0.0, 0.0, 0.0, 0.0, 0.0, 0.0, 0.0, 0.0, 0.0, 0.0, 558.9462413032805, 0.0, 0.0, 511.2969472348053, 560.5485878603912, 0.0, 0.0, 509.5068751097204, 573.3495020741801, 618.8305257120638, 0.0, 0.0, 0.0, 0.0, 0.0, 466.29983864978294, 0.0, 0.0, 0.0, 0.0, 0.0, 0.0, 0.0, 0.0, 0.0, 0.0, 663.3305538531866, 0.0, 0.0, 436.8090323055553, 0.0, 0.0, 443.4118226771632, 0.0, 613.2073724413464, 0.0, 0.0, 0.0, 459.8581657063488, 359.5396192771993, 671.9864998183225, 542.2484832490795, 0.0, 0.0, 488.25182084857937, 0.0, 359.5396192771993, 0.0, 452.5943158876313, 0.0, 0.0, 0.0, 534.6167186211935, 0.0, 0.0, 0.0, 0.0, 0.0, 0.0, 466.29983864978294, 0.0, 500.04005475279064, 0.0, 0.0, 525.0293132074788, 558.9462413032805, 0.0, 0.0, 0.0, 0.0, 0.0, 0.0, 426.37647006074155, 0.0, 0.0, 0.0, 0.0, 663.3305538531866, 641.3649850077492, 0.0, 500.04005475279064, 0.0, 0.0, 459.20845818248154, 0.0, 0.0, 0.0, 0.0, 0.0, 0.0, 0.0]
INFORMACIÓN : 6apuestaBundle [618.8305257120638, 613.2073724413464, 573.3495020741801, 573.3495020741801, 525.0293132074788, 509.5068751097204]
INFORMACIÓN : 6positionsBundle [548, 380, 594, 594, 641, 290]
INFORMACIÓN : 6levelsBundle [2, 2, 2, 2, 2, 2]
INFORMACIÓN : 6positionsOrdered [380, 594, 594, 548, 641, 290]
INFORMACIÓN : 6levelsOrdered [2, 2, 2, 2, 2, 2]
INFORMACIÓN : 6partialityOrdered [2, 2, 2, 2, 2, 2]
INFORMACIÓN : 6arrivalTimes [6.324555320336759, 20.884775098897794, 20.884775098897794, 26.024984394500787, 33.30509428378131, 40.376162095646784]
INFORMACIÓN : 7historia0[0.0, 0.0, 0.0, 0.0, 0.0, 458.6100527343858, 0.0, 0.0, 0.0, 466.45130035469623, 0.0, 466.45130035469623, 0.0, 0.0, 0.0, 0.0, 0.0, 573.3495020741801, 0.0, 0.0, 402.53868824627193, 0.0, 0.0, 0.0, 0.0, 0.0, 0.0, 0.0, 0.0, 558.9462413032805, 0.0, 0.0, 511.2969472348053, 560.5485878603912, 0.0, 0.0, 509.5068751097204, 573.3495020741801, 618.8305257120638, 0.0, 0.0, 0.0, 0.0, 0.0, 466.29983864978294, 0.0, 0.0, 0.0, 0.0, 0.0, 0.0, 0.0, 0.0, 0.0, 0.0, 663.3305538531866, 0.0, 0.0, 436.8090323055553, 0.0, 0.0, 443.4118226771632, 0.0, 613.2073724413464, 0.0, 0.0, 0.0, 459.8581657063488, 359.5396192771993, 671.9864998183225, 542.2484832490795, 0.0, 0.0, 488.25182084857937, 0.0, 359.5396192771993, 0.0, 452.5943158876313, 0.0, 0.0, 0.0, 534.6167186211935, 0.0, 0.0, 0.0, 0.0, 0.0, 409.79323088600654, 466.29983864978294, 0.0, 500.04005475279064, 0.0, 0.0, 525.0293132074788, 558.9462413032805, 0.0, 0.0, 0.0, 0.0, 0.0, 0.0, 426.37647006074155, 0.0, 377.18951411314674, 0.0, 0.0, 663.3305538531866, 641.3649850077492, 0.0, 500.04005475279064, 0.0, 0.0, 459.20845818248154, 0.0, 0.0, 0.0, 0.0, 0.0, 0.0, 0.0]
INFORMACIÓN : 7apuestaBundle [618.8305257120638, 613.2073724413464, 573.3495020741801, 573.3495020741801, 525.0293132074788, 509.5068751097204]
INFORMACIÓN : 7positionsBundle [548, 380, 594, 594, 641, 290]
INFORMACIÓN : 7levelsBundle [2, 2, 2, 2, 2, 2]
INFORMACIÓN : 7positionsOrdered [380, 594, 594, 548, 641, 290]
INFORMACIÓN : 7levelsOrdered [2, 2, 2, 2, 2, 2]
INFORMACIÓN : 7partialityOrdered [2, 2, 2, 2, 2, 2]
INFORMACIÓN : 7arrivalTimes [6.324555320336759, 20.884775098897794, 20.884775098897794, 26.024984394500787, 33.30509428378131, 40.376162095646784]
INFORMACIÓN : 8historia0[0.0, 0.0, 0.0, 0.0, 0.0, 458.6100527343858, 0.0, 0.0, 0.0, 466.45130035469623, 0.0, 466.45130035469623, 0.0, 0.0, 0.0, 0.0, 0.0, 573.3495020741801, 0.0, 0.0, 402.53868824627193, 0.0, 0.0, 0.0, 0.0, 0.0, 0.0, 0.0, 0.0, 558.9462413032805, 0.0, 0.0, 511.2969472348053, 560.5485878603912, 0.0, 0.0, 509.5068751097204, 573.3495020741801, 618.8305257120638, 0.0, 0.0, 0.0, 0.0, 0.0, 466.29983864978294, 0.0, 0.0, 0.0, 0.0, 0.0, 0.0, 0.0, 0.0, 0.0, 0.0, 663.3305538531866, 0.0, 0.0, 436.8090323055553, 0.0, 0.0, 443.4118226771632, 0.0, 613.2073724413464, 0.0, 0.0, 0.0, 459.8581657063488, 0.0, 671.9864998183225, 542.2484832490795, 0.0, 0.0, 488.25182084857937, 0.0, 371.21336870529126, 0.0, 452.5943158876313, 0.0, 0.0, 0.0, 534.6167186211935, 0.0, 0.0, 0.0, 0.0, 0.0, 409.79323088600654, 466.29983864978294, 346.19764930632755, 500.04005475279064, 0.0, 0.0, 525.0293132074788, 558.9462413032805, 0.0, 0.0, 0.0, 0.0, 0.0, 0.0, 426.37647006074155, 0.0, 377.18951411314674, 0.0, 0.0, 663.3305538531866, 641.3649850077492, 0.0, 500.04005475279064, 0.0, 0.0, 459.20845818248154, 0.0, 0.0, 0.0, 0.0, 0.0, 0.0, 0.0]
INFORMACIÓN : 8apuestaBundle [618.8305257120638, 613.2073724413464, 573.3495020741801, 573.3495020741801, 525.0293132074788, 509.5068751097204]
INFORMACIÓN : 8positionsBundle [548, 380, 594, 594, 641, 290]
INFORMACIÓN : 8levelsBundle [2, 2, 2, 2, 2, 2]
INFORMACIÓN : 8positionsOrdered [380, 594, 594, 548, 641, 290]
INFORMACIÓN : 8levelsOrdered [2, 2, 2, 2, 2, 2]
INFORMACIÓN : 8partialityOrdered [2, 2, 2, 2, 2, 2]
INFORMACIÓN : 8arrivalTimes [6.324555320336759, 20.884775098897794, 20.884775098897794, 26.024984394500787, 33.30509428378131, 40.376162095646784]
INFORMACIÓN : 9historia0[0.0, 0.0, 0.0, 0.0, 0.0, 459.9418212542996, 0.0, 0.0, 0.0, 466.45130035469623, 0.0, 466.45130035469623, 0.0, 0.0, 0.0, 0.0, 0.0, 573.3495020741801, 0.0, 0.0, 404.9542758258774, 0.0, 0.0, 0.0, 0.0, 0.0, 0.0, 0.0, 0.0, 558.9462413032805, 0.0, 0.0, 511.2969472348053, 560.5485878603912, 0.0, 0.0, 509.5068751097204, 573.3495020741801, 618.8305257120638, 0.0, 0.0, 0.0, 0.0, 0.0, 0.0, 0.0, 0.0, 0.0, 0.0, 0.0, 0.0, 0.0, 0.0, 0.0, 0.0, 663.3305538531866, 0.0, 0.0, 436.8090323055553, 0.0, 0.0, 443.4118226771632, 0.0, 613.2073724413464, 0.0, 0.0, 0.0, 459.8581657063488, 359.5396192771993, 671.9864998183225, 539.832895669474, 0.0, 0.0, 0.0, 0.0, 371.21336870529126, 0.0, 452.5943158876313, 0.0, 0.0, 0.0, 534.6167186211935, 0.0, 0.0, 0.0, 0.0, 0.0, 0.0, 0.0, 346.19764930632755, 500.04005475279064, 0.0, 0.0, 525.0293132074788, 558.9462413032805, 0.0, 0.0, 0.0, 0.0, 0.0, 0.0, 426.37647006074155, 0.0, 377.18951411314674, 0.0, 0.0, 663.3305538531866, 641.3649850077492, 0.0, 500.04005475279064, 0.0, 0.0, 0.0, 0.0, 0.0, 0.0, 0.0, 0.0, 0.0, 0.0]
