----------------------------------------------------------------------
-- Log session for [myBugCoalitionsCCBBAGuaiDEF-22] started on 2017.07.16.18.58.24 --
----------------------------------------------------------------------

INFORMACIÓN : I started
INFORMACIÓN : 0apuestaBundle [1442.156296262052, 1107.1756100272169, 953.9783632919016, 852.0339362660688]
INFORMACIÓN : 0positionsBundle [156, 1414, 140, 1802]
INFORMACIÓN : 0levelsBundle [3, 3, 3, 3]
INFORMACIÓN : 0positionsOrdered [156, 1414, 140, 1802]
INFORMACIÓN : 0levelsOrdered [3, 3, 3, 3]
INFORMACIÓN : 0partialityOrdered [3, 3, 3, 3]
INFORMACIÓN : 0arrivalTimes [15.297058540778355, 41.54586803759173, 78.3154206592922, 129.30561579522004]
INFORMACIÓN : I [AB]; lost Test.myBail@2bd5445; POS 156; sensors [IR, MW]; level 3 I paid 1442.156296262052in favour of11@(myturtles,myturtles,bug)@MK-18723 paid 1449.580268906744
INFORMACIÓN : 1historia0[0.0, 0.0, 0.0, 0.0, 0.0, 0.0, 0.0, 1449.580268906744, 0.0, 0.0, 0.0, 0.0, 0.0, 0.0, 0.0, 0.0, 0.0, 0.0, 0.0, 0.0, 0.0, 0.0, 0.0, 0.0, 0.0, 0.0, 0.0, 0.0, 0.0, 0.0, 0.0, 0.0, 0.0, 0.0, 0.0, 0.0, 0.0, 0.0, 0.0, 0.0, 0.0, 0.0, 0.0, 0.0, 0.0, 0.0, 0.0, 0.0, 0.0, 0.0, 1109.2337970755889, 0.0, 0.0, 1109.2337970755889, 0.0, 0.0, 0.0, 0.0, 0.0, 0.0, 0.0, 0.0, 0.0, 0.0, 0.0, 1109.2337970755889, 0.0, 0.0, 0.0, 0.0, 0.0, 0.0, 0.0, 0.0, 0.0, 0.0, 0.0, 0.0, 0.0, 0.0, 0.0, 0.0, 0.0, 0.0, 0.0, 0.0, 0.0, 0.0, 0.0, 0.0, 0.0, 0.0, 0.0, 0.0, 0.0, 0.0, 0.0, 0.0, 0.0, 0.0, 0.0, 0.0, 0.0, 0.0, 0.0, 0.0, 0.0, 0.0, 0.0, 0.0, 0.0, 0.0, 0.0, 0.0, 0.0, 0.0, 0.0, 0.0, 0.0, 1449.580268906744, 0.0, 0.0, 0.0, 0.0, 0.0, 0.0, 0.0, 0.0, 0.0, 0.0, 0.0, 0.0, 0.0, 0.0, 0.0, 0.0, 0.0, 0.0, 0.0, 0.0, 0.0, 0.0, 0.0, 0.0, 0.0, 0.0, 1449.580268906744, 0.0, 0.0, 0.0, 0.0, 0.0, 0.0, 0.0, 0.0, 0.0]
INFORMACIÓN : 1apuestaBundle [1007.172667634021, 879.6106585473243, 634.6434809019743, 578.6457747716036]
INFORMACIÓN : 1positionsBundle [140, 1802, 1446, 992]
INFORMACIÓN : 1levelsBundle [3, 3, 3, 3]
INFORMACIÓN : 1positionsOrdered [140, 1802, 1446, 992]
INFORMACIÓN : 1levelsOrdered [3, 3, 3, 3]
INFORMACIÓN : 1partialityOrdered [3, 3, 3, 3]
INFORMACIÓN : 1arrivalTimes [19.4164878389476, 70.40668297487545, 115.12804252487125, 124.97690032666735]
INFORMACIÓN : I [AB]; lost Test.myBail@6eb6d042; POS 140; sensors [IR, MW]; level 3 I paid 1007.172667634021in favour of18@(myturtles,myturtles,bug)@MK-18723 paid 980.2031767955635
INFORMACIÓN : 2historia0[915.4499330013982, 0.0, 0.0, 0.0, 0.0, 0.0, 0.0, 1449.580268906744, 0.0, 0.0, 571.8099188970276, 0.0, 0.0, 0.0, 915.4499330013982, 0.0, 0.0, 0.0, 0.0, 0.0, 0.0, 0.0, 0.0, 0.0, 0.0, 0.0, 625.5251389150216, 0.0, 0.0, 0.0, 0.0, 0.0, 688.2142162238241, 0.0, 0.0, 625.5251389150216, 0.0, 0.0, 0.0, 915.4499330013982, 0.0, 0.0, 0.0, 0.0, 0.0, 0.0, 0.0, 0.0, 0.0, 571.8099188970276, 1109.2337970755889, 0.0, 0.0, 1109.2337970755889, 0.0, 0.0, 688.2142162238241, 0.0, 0.0, 0.0, 0.0, 0.0, 0.0, 0.0, 0.0, 1109.2337970755889, 492.04983700856684, 0.0, 0.0, 0.0, 0.0, 0.0, 0.0, 0.0, 0.0, 0.0, 0.0, 0.0, 0.0, 0.0, 0.0, 0.0, 0.0, 0.0, 0.0, 0.0, 0.0, 0.0, 980.2031767955635, 0.0, 0.0, 0.0, 0.0, 0.0, 0.0, 0.0, 0.0, 0.0, 0.0, 0.0, 0.0, 0.0, 0.0, 0.0, 0.0, 0.0, 0.0, 0.0, 0.0, 0.0, 0.0, 0.0, 0.0, 492.04983700856684, 571.8099188970276, 0.0, 0.0, 0.0, 0.0, 1449.580268906744, 0.0, 688.2142162238241, 0.0, 0.0, 0.0, 0.0, 0.0, 0.0, 0.0, 0.0, 0.0, 0.0, 0.0, 0.0, 0.0, 0.0, 0.0, 492.04983700856684, 0.0, 625.5251389150216, 0.0, 0.0, 0.0, 0.0, 980.2031767955635, 0.0, 1449.580268906744, 0.0, 0.0, 0.0, 980.2031767955635, 0.0, 0.0, 0.0, 0.0, 0.0]
INFORMACIÓN : 2apuestaBundle [398.40239167772074, 365.01695745863185, 307.68780215656955, 291.77335947265976]
INFORMACIÓN : 2positionsBundle [2135, 498, 523, 243]
INFORMACIÓN : 2levelsBundle [2, 3, 1, 2]
INFORMACIÓN : 2positionsOrdered [2135, 498, 523, 243]
INFORMACIÓN : 2levelsOrdered [2, 3, 1, 2]
INFORMACIÓN : 2partialityOrdered [2, 3, 1, 2]
INFORMACIÓN : 2arrivalTimes [38.62641583165593, 74.09471153359233, 99.11470353998594, 119.99531655780704]
INFORMACIÓN : I [AB]; lost Test.myBail@9d86224; POS 2135; sensors [IR]; level 2 I paid 398.40239167772074in favour of18@(myturtles,myturtles,bug)@MK-18723 paid 388.1525381285643
INFORMACIÓN : 3historia0[915.4499330013982, 0.0, 0.0, 0.0, 0.0, 0.0, 0.0, 1449.580268906744, 0.0, 0.0, 571.8099188970276, 0.0, 0.0, 0.0, 915.4499330013982, 0.0, 0.0, 0.0, 0.0, 0.0, 0.0, 367.57483686299423, 0.0, 0.0, 388.1525381285643, 0.0, 625.5251389150216, 0.0, 0.0, 0.0, 0.0, 0.0, 688.2142162238241, 0.0, 0.0, 625.5251389150216, 0.0, 0.0, 0.0, 915.4499330013982, 0.0, 0.0, 0.0, 0.0, 0.0, 0.0, 0.0, 0.0, 0.0, 571.8099188970276, 1109.2337970755889, 0.0, 0.0, 1109.2337970755889, 0.0, 0.0, 688.2142162238241, 367.57483686299423, 0.0, 0.0, 0.0, 0.0, 0.0, 0.0, 0.0, 1109.2337970755889, 492.04983700856684, 0.0, 0.0, 0.0, 0.0, 0.0, 0.0, 0.0, 0.0, 0.0, 0.0, 0.0, 0.0, 0.0, 0.0, 0.0, 0.0, 0.0, 0.0, 0.0, 0.0, 367.57483686299423, 980.2031767955635, 0.0, 0.0, 0.0, 0.0, 0.0, 0.0, 0.0, 0.0, 0.0, 0.0, 0.0, 0.0, 0.0, 0.0, 0.0, 0.0, 0.0, 0.0, 0.0, 0.0, 0.0, 0.0, 0.0, 0.0, 492.04983700856684, 571.8099188970276, 0.0, 0.0, 0.0, 0.0, 1449.580268906744, 0.0, 688.2142162238241, 0.0, 0.0, 0.0, 0.0, 0.0, 0.0, 0.0, 0.0, 0.0, 0.0, 0.0, 0.0, 0.0, 0.0, 0.0, 492.04983700856684, 0.0, 625.5251389150216, 0.0, 0.0, 0.0, 0.0, 980.2031767955635, 0.0, 1449.580268906744, 0.0, 0.0, 0.0, 980.2031767955635, 388.1525381285643, 0.0, 0.0, 331.78438469883247, 0.0]
INFORMACIÓN : 3apuestaBundle [359.6632310693309, 323.8150679141205, 251.1003127363506, 168.6960838084634]
INFORMACIÓN : 3positionsBundle [523, 243, 136, 272]
INFORMACIÓN : 3levelsBundle [1, 2, 2, 2]
INFORMACIÓN : 3positionsOrdered [523, 243, 136, 272]
INFORMACIÓN : 3levelsOrdered [1, 2, 2, 2]
INFORMACIÓN : 3partialityOrdered [1, 2, 2, 2]
INFORMACIÓN : 3arrivalTimes [4.47213595499958, 25.35274897282068, 32.6328588621012, 46.95067992537756]
INFORMACIÓN : coalSat position 243 level 2
INFORMACIÓN : timeSat position 243 level 2
INFORMACIÓN : I [AB]; lost Test.myBail@2831960; POS 243; sensors [IR]; level 2 I paid 323.8150679141205in favour ofnull paid 323.8150679141205
INFORMACIÓN : 4historia0[915.4499330013982, 0.0, 0.0, 0.0, 0.0, 0.0, 0.0, 1449.580268906744, 0.0, 0.0, 571.8099188970276, 0.0, 225.17691051110063, 0.0, 915.4499330013982, 0.0, 0.0, 0.0, 0.0, 0.0, 0.0, 367.57483686299423, 0.0, 0.0, 388.1525381285643, 0.0, 625.5251389150216, 0.0, 0.0, 0.0, 0.0, 0.0, 688.2142162238241, 0.0, 0.0, 625.5251389150216, 0.0, 0.0, 0.0, 915.4499330013982, 0.0, 0.0, 0.0, 0.0, 0.0, 0.0, 0.0, 0.0, 0.0, 571.8099188970276, 1109.2337970755889, 0.0, 0.0, 1109.2337970755889, 0.0, 0.0, 688.2142162238241, 367.57483686299423, 0.0, 0.0, 220.25357980063512, 0.0, 0.0, 0.0, 0.0, 1109.2337970755889, 492.04983700856684, 0.0, 0.0, 0.0, 0.0, 0.0, 0.0, 0.0, 0.0, 0.0, 0.0, 0.0, 0.0, 0.0, 0.0, 0.0, 0.0, 0.0, 316.20809586936315, 0.0, 0.0, 367.57483686299423, 980.2031767955635, 0.0, 0.0, 0.0, 0.0, 0.0, 0.0, 0.0, 0.0, 0.0, 0.0, 0.0, 0.0, 0.0, 0.0, 0.0, 0.0, 0.0, 0.0, 0.0, 0.0, 0.0, 0.0, 0.0, 0.0, 492.04983700856684, 571.8099188970276, 0.0, 0.0, 0.0, 0.0, 1449.580268906744, 0.0, 688.2142162238241, 0.0, 0.0, 0.0, 0.0, 0.0, 286.2568663128815, 0.0, 0.0, 0.0, 0.0, 0.0, 0.0, 0.0, 0.0, 0.0, 492.04983700856684, 0.0, 625.5251389150216, 0.0, 0.0, 0.0, 0.0, 980.2031767955635, 0.0, 1449.580268906744, 0.0, 0.0, 0.0, 980.2031767955635, 388.1525381285643, 0.0, 0.0, 359.6632310693309, 0.0]
INFORMACIÓN : 4apuestaBundle [359.6632310693309, 309.10279709939516, 251.1003127363506, 177.63895761398362]
INFORMACIÓN : 4positionsBundle [523, 243, 136, 272]
INFORMACIÓN : 4levelsBundle [1, 2, 2, 2]
INFORMACIÓN : 4positionsOrdered [523, 136, 272, 243]
INFORMACIÓN : 4levelsOrdered [1, 2, 2, 2]
INFORMACIÓN : 4partialityOrdered [1, 2, 2, 2]
INFORMACIÓN : 4arrivalTimes [4.47213595499958, 19.736473477473325, 34.05429454074968, 115.99531655780704]
INFORMACIÓN : 5historia0[915.4499330013982, 0.0, 0.0, 0.0, 0.0, 0.0, 0.0, 1449.580268906744, 0.0, 0.0, 571.8099188970276, 0.0, 0.0, 0.0, 915.4499330013982, 0.0, 0.0, 0.0, 0.0, 0.0, 0.0, 367.57483686299423, 0.0, 0.0, 388.1525381285643, 0.0, 625.5251389150216, 0.0, 258.53019143128114, 0.0, 0.0, 177.63895761398362, 688.2142162238241, 0.0, 0.0, 625.5251389150216, 0.0, 0.0, 0.0, 915.4499330013982, 0.0, 0.0, 0.0, 0.0, 0.0, 0.0, 0.0, 0.0, 0.0, 571.8099188970276, 1109.2337970755889, 0.0, 299.3140410268078, 1109.2337970755889, 0.0, 0.0, 688.2142162238241, 367.57483686299423, 0.0, 0.0, 258.53019143128114, 0.0, 0.0, 0.0, 0.0, 1109.2337970755889, 492.04983700856684, 0.0, 0.0, 0.0, 0.0, 0.0, 0.0, 0.0, 0.0, 0.0, 0.0, 0.0, 0.0, 0.0, 0.0, 0.0, 0.0, 0.0, 316.20809586936315, 0.0, 0.0, 367.57483686299423, 980.2031767955635, 0.0, 0.0, 0.0, 0.0, 0.0, 0.0, 0.0, 0.0, 0.0, 0.0, 0.0, 251.1003127363506, 0.0, 0.0, 0.0, 0.0, 0.0, 0.0, 0.0, 0.0, 0.0, 0.0, 0.0, 0.0, 492.04983700856684, 571.8099188970276, 0.0, 0.0, 0.0, 0.0, 1449.580268906744, 0.0, 688.2142162238241, 0.0, 0.0, 0.0, 0.0, 0.0, 299.3140410268078, 0.0, 0.0, 0.0, 0.0, 0.0, 0.0, 0.0, 0.0, 309.10279709939516, 492.04983700856684, 0.0, 625.5251389150216, 0.0, 0.0, 0.0, 0.0, 980.2031767955635, 0.0, 1449.580268906744, 0.0, 0.0, 0.0, 980.2031767955635, 388.1525381285643, 0.0, 0.0, 359.6632310693309, 0.0]
INFORMACIÓN : 5apuestaBundle [359.6632310693309, 309.10279709939516, 251.1003127363506, 177.63895761398362]
INFORMACIÓN : 5positionsBundle [523, 243, 136, 272]
INFORMACIÓN : 5levelsBundle [1, 2, 2, 2]
INFORMACIÓN : 5positionsOrdered [523, 136, 272, 243]
INFORMACIÓN : 5levelsOrdered [1, 2, 2, 2]
INFORMACIÓN : 5partialityOrdered [1, 2, 2, 2]
INFORMACIÓN : 5arrivalTimes [4.47213595499958, 19.736473477473325, 34.05429454074968, 115.99531655780704]
INFORMACIÓN : coalSat position 136 level 2
INFORMACIÓN : I [AB]; lost Test.myBail@5a4071dc; POS 136; sensors [MW]; level 2 I paid 251.1003127363506in favour ofnull paid 251.1003127363506
INFORMACIÓN : 6historia0[915.4499330013982, 0.0, 0.0, 0.0, 0.0, 0.0, 0.0, 1449.580268906744, 0.0, 0.0, 571.8099188970276, 0.0, 225.17691051110063, 0.0, 915.4499330013982, 0.0, 0.0, 0.0, 0.0, 0.0, 0.0, 367.57483686299423, 0.0, 0.0, 388.1525381285643, 0.0, 625.5251389150216, 0.0, 258.53019143128114, 0.0, 0.0, 0.0, 688.2142162238241, 0.0, 0.0, 625.5251389150216, 0.0, 0.0, 0.0, 915.4499330013982, 0.0, 0.0, 0.0, 0.0, 0.0, 0.0, 0.0, 0.0, 0.0, 571.8099188970276, 1109.2337970755889, 0.0, 299.3140410268078, 1109.2337970755889, 0.0, 0.0, 688.2142162238241, 367.57483686299423, 0.0, 0.0, 258.53019143128114, 0.0, 0.0, 0.0, 0.0, 1109.2337970755889, 492.04983700856684, 205.138629454036, 0.0, 0.0, 0.0, 0.0, 0.0, 0.0, 0.0, 0.0, 0.0, 0.0, 0.0, 0.0, 0.0, 0.0, 0.0, 0.0, 316.20809586936315, 0.0, 0.0, 367.57483686299423, 980.2031767955635, 0.0, 0.0, 259.4342933579021, 0.0, 0.0, 0.0, 0.0, 0.0, 0.0, 0.0, 0.0, 0.0, 0.0, 0.0, 0.0, 0.0, 0.0, 0.0, 0.0, 0.0, 0.0, 0.0, 0.0, 0.0, 492.04983700856684, 571.8099188970276, 0.0, 0.0, 0.0, 0.0, 1449.580268906744, 0.0, 688.2142162238241, 0.0, 0.0, 0.0, 0.0, 0.0, 299.3140410268078, 0.0, 0.0, 0.0, 0.0, 0.0, 0.0, 0.0, 0.0, 309.10279709939516, 492.04983700856684, 0.0, 625.5251389150216, 0.0, 0.0, 0.0, 0.0, 980.2031767955635, 0.0, 1449.580268906744, 0.0, 0.0, 0.0, 980.2031767955635, 388.1525381285643, 159.88457351984982, 0.0, 359.6632310693309, 0.0]
INFORMACIÓN : 6apuestaBundle [359.6632310693309, 309.10279709939516, 251.1003127363506, 177.63895761398362]
INFORMACIÓN : 6positionsBundle [523, 243, 136, 272]
INFORMACIÓN : 6levelsBundle [1, 2, 2, 2]
INFORMACIÓN : 6positionsOrdered [523, 136, 272, 243]
INFORMACIÓN : 6levelsOrdered [1, 2, 2, 2]
INFORMACIÓN : 6partialityOrdered [1, 2, 2, 2]
INFORMACIÓN : 6arrivalTimes [4.47213595499958, 19.736473477473325, 34.05429454074968, 115.99531655780704]
INFORMACIÓN : coalSat position 272 level 2
INFORMACIÓN : I [AB]; lost Test.myBail@129526ba; POS 272; sensors [MW]; level 2 I paid 177.63895761398362in favour ofnull paid 177.63895761398362
INFORMACIÓN : 7historia0[915.4499330013982, 0.0, 0.0, 165.73704373104252, 0.0, 0.0, 0.0, 1449.580268906744, 0.0, 0.0, 571.8099188970276, 0.0, 225.17691051110063, 0.0, 915.4499330013982, 103.30696243085167, 0.0, 0.0, 0.0, 0.0, 0.0, 367.57483686299423, 0.0, 0.0, 388.1525381285643, 0.0, 625.5251389150216, 0.0, 258.53019143128114, 0.0, 0.0, 0.0, 688.2142162238241, 0.0, 0.0, 625.5251389150216, 0.0, 0.0, 0.0, 915.4499330013982, 0.0, 170.1120381929676, 0.0, 0.0, 0.0, 0.0, 0.0, 0.0, 0.0, 571.8099188970276, 1109.2337970755889, 0.0, 299.3140410268078, 1109.2337970755889, 0.0, 0.0, 688.2142162238241, 367.57483686299423, 0.0, 0.0, 258.53019143128114, 0.0, 0.0, 0.0, 0.0, 1109.2337970755889, 492.04983700856684, 205.138629454036, 0.0, 0.0, 0.0, 0.0, 0.0, 0.0, 0.0, 0.0, 0.0, 0.0, 0.0, 0.0, 0.0, 0.0, 0.0, 0.0, 316.20809586936315, 0.0, 0.0, 367.57483686299423, 980.2031767955635, 0.0, 0.0, 259.4342933579021, 0.0, 0.0, 0.0, 0.0, 0.0, 0.0, 0.0, 0.0, 251.1003127363506, 0.0, 0.0, 0.0, 0.0, 0.0, 0.0, 0.0, 0.0, 0.0, 0.0, 0.0, 0.0, 492.04983700856684, 571.8099188970276, 0.0, 0.0, 0.0, 0.0, 1449.580268906744, 0.0, 688.2142162238241, 0.0, 0.0, 0.0, 0.0, 0.0, 299.3140410268078, 0.0, 0.0, 0.0, 0.0, 0.0, 0.0, 0.0, 0.0, 309.10279709939516, 492.04983700856684, 0.0, 625.5251389150216, 0.0, 0.0, 0.0, 0.0, 980.2031767955635, 0.0, 1449.580268906744, 0.0, 0.0, 0.0, 980.2031767955635, 388.1525381285643, 0.0, 0.0, 359.6632310693309, 0.0]
INFORMACIÓN : 7apuestaBundle [359.6632310693309, 309.10279709939516, 251.1003127363506, 177.63895761398362]
INFORMACIÓN : 7positionsBundle [523, 243, 136, 272]
INFORMACIÓN : 7levelsBundle [1, 2, 2, 2]
INFORMACIÓN : 7positionsOrdered [523, 136, 272, 243]
INFORMACIÓN : 7levelsOrdered [1, 2, 2, 2]
INFORMACIÓN : 7partialityOrdered [1, 2, 2, 2]
INFORMACIÓN : 7arrivalTimes [4.47213595499958, 19.736473477473325, 34.05429454074968, 115.99531655780704]
INFORMACIÓN : 8historia0[915.4499330013982, 0.0, 0.0, 165.73704373104252, 0.0, 0.0, 0.0, 1449.580268906744, 0.0, 0.0, 571.8099188970276, 0.0, 225.17691051110063, 0.0, 915.4499330013982, 103.30696243085167, 0.0, 0.0, 0.0, 0.0, 0.0, 367.57483686299423, 0.0, 0.0, 388.1525381285643, 0.0, 625.5251389150216, 0.0, 258.53019143128114, 0.0, 0.0, 177.63895761398362, 688.2142162238241, 0.0, 0.0, 625.5251389150216, 0.0, 0.0, 0.0, 915.4499330013982, 0.0, 170.1120381929676, 0.0, 0.0, 0.0, 0.0, 0.0, 0.0, 0.0, 571.8099188970276, 1109.2337970755889, 0.0, 299.3140410268078, 1109.2337970755889, 0.0, 0.0, 688.2142162238241, 367.57483686299423, 0.0, 0.0, 258.53019143128114, 0.0, 0.0, 0.0, 0.0, 1109.2337970755889, 492.04983700856684, 205.138629454036, 0.0, 0.0, 0.0, 0.0, 0.0, 0.0, 0.0, 0.0, 0.0, 0.0, 0.0, 0.0, 0.0, 0.0, 0.0, 0.0, 316.20809586936315, 0.0, 0.0, 367.57483686299423, 980.2031767955635, 0.0, 0.0, 259.4342933579021, 0.0, 0.0, 0.0, 0.0, 0.0, 0.0, 0.0, 0.0, 251.1003127363506, 0.0, 0.0, 0.0, 0.0, 0.0, 0.0, 0.0, 0.0, 0.0, 0.0, 0.0, 0.0, 492.04983700856684, 571.8099188970276, 0.0, 0.0, 0.0, 0.0, 1449.580268906744, 0.0, 688.2142162238241, 0.0, 0.0, 0.0, 0.0, 0.0, 299.3140410268078, 0.0, 0.0, 0.0, 0.0, 0.0, 0.0, 0.0, 0.0, 309.10279709939516, 492.04983700856684, 0.0, 625.5251389150216, 0.0, 0.0, 0.0, 0.0, 980.2031767955635, 0.0, 1449.580268906744, 0.0, 0.0, 0.0, 980.2031767955635, 388.1525381285643, 159.88457351984982, 0.0, 359.6632310693309, 0.0]
INFORMACIÓN : 8apuestaBundle [359.6632310693309, 309.10279709939516, 251.1003127363506, 177.63895761398362]
INFORMACIÓN : 8positionsBundle [523, 243, 136, 272]
INFORMACIÓN : 8levelsBundle [1, 2, 2, 2]
INFORMACIÓN : 8positionsOrdered [523, 136, 272, 243]
INFORMACIÓN : 8levelsOrdered [1, 2, 2, 2]
INFORMACIÓN : 8partialityOrdered [1, 2, 2, 2]
INFORMACIÓN : 8arrivalTimes [4.47213595499958, 19.736473477473325, 34.05429454074968, 115.99531655780704]
INFORMACIÓN : 9historia0[915.4499330013982, 0.0, 0.0, 165.73704373104252, 0.0, 0.0, 0.0, 1449.580268906744, 0.0, 0.0, 571.8099188970276, 0.0, 225.17691051110063, 0.0, 915.4499330013982, 103.30696243085167, 0.0, 0.0, 0.0, 0.0, 0.0, 367.57483686299423, 0.0, 0.0, 388.1525381285643, 0.0, 625.5251389150216, 0.0, 258.53019143128114, 0.0, 0.0, 177.63895761398362, 688.2142162238241, 0.0, 0.0, 625.5251389150216, 0.0, 0.0, 0.0, 915.4499330013982, 0.0, 170.1120381929676, 0.0, 0.0, 0.0, 0.0, 0.0, 0.0, 0.0, 571.8099188970276, 1109.2337970755889, 0.0, 299.3140410268078, 1109.2337970755889, 0.0, 0.0, 688.2142162238241, 367.57483686299423, 0.0, 0.0, 258.53019143128114, 0.0, 0.0, 0.0, 0.0, 1109.2337970755889, 492.04983700856684, 205.138629454036, 0.0, 0.0, 0.0, 0.0, 0.0, 0.0, 0.0, 0.0, 0.0, 0.0, 0.0, 0.0, 0.0, 0.0, 0.0, 0.0, 316.20809586936315, 0.0, 0.0, 367.57483686299423, 980.2031767955635, 0.0, 0.0, 259.4342933579021, 0.0, 0.0, 0.0, 0.0, 0.0, 0.0, 0.0, 0.0, 251.1003127363506, 0.0, 0.0, 0.0, 0.0, 0.0, 0.0, 0.0, 0.0, 0.0, 0.0, 0.0, 0.0, 492.04983700856684, 571.8099188970276, 0.0, 0.0, 0.0, 0.0, 1449.580268906744, 0.0, 688.2142162238241, 0.0, 0.0, 0.0, 0.0, 0.0, 299.3140410268078, 0.0, 0.0, 0.0, 0.0, 0.0, 0.0, 0.0, 0.0, 309.10279709939516, 492.04983700856684, 0.0, 625.5251389150216, 0.0, 0.0, 0.0, 0.0, 980.2031767955635, 0.0, 1449.580268906744, 0.0, 0.0, 0.0, 980.2031767955635, 388.1525381285643, 159.88457351984982, 0.0, 359.6632310693309, 0.0]
INFORMACIÓN : 9apuestaBundle [359.6632310693309, 309.10279709939516, 251.1003127363506, 177.63895761398362]
INFORMACIÓN : 9positionsBundle [523, 243, 136, 272]
INFORMACIÓN : 9levelsBundle [1, 2, 2, 2]
INFORMACIÓN : 9positionsOrdered [523, 136, 272, 243]
INFORMACIÓN : 9levelsOrdered [1, 2, 2, 2]
INFORMACIÓN : 9partialityOrdered [1, 2, 2, 2]
INFORMACIÓN : 9arrivalTimes [4.47213595499958, 19.736473477473325, 34.05429454074968, 115.99531655780704]
INFORMACIÓN : 10historia1[915.4499330013982, 0.0, 0.0, 165.73704373104252, 0.0, 0.0, 0.0, 1449.580268906744, 0.0, 0.0, 571.8099188970276, 0.0, 225.17691051110063, 0.0, 915.4499330013982, 103.30696243085167, 0.0, 0.0, 0.0, 0.0, 0.0, 367.57483686299423, 0.0, 0.0, 388.1525381285643, 0.0, 625.5251389150216, 0.0, 258.53019143128114, 0.0, 0.0, 177.63895761398362, 688.2142162238241, 0.0, 0.0, 625.5251389150216, 0.0, 0.0, 0.0, 915.4499330013982, 0.0, 170.1120381929676, 0.0, 0.0, 0.0, 0.0, 0.0, 0.0, 0.0, 571.8099188970276, 1109.2337970755889, 0.0, 299.3140410268078, 1109.2337970755889, 0.0, 0.0, 688.2142162238241, 367.57483686299423, 0.0, 0.0, 258.53019143128114, 0.0, 0.0, 0.0, 0.0, 1109.2337970755889, 492.04983700856684, 205.138629454036, 0.0, 0.0, 0.0, 0.0, 0.0, 0.0, 0.0, 0.0, 0.0, 0.0, 0.0, 0.0, 0.0, 0.0, 0.0, 0.0, 316.20809586936315, 0.0, 0.0, 367.57483686299423, 980.2031767955635, 0.0, 0.0, 259.4342933579021, 0.0, 0.0, 0.0, 0.0, 0.0, 0.0, 0.0, 0.0, 251.1003127363506, 0.0, 0.0, 0.0, 0.0, 0.0, 0.0, 0.0, 0.0, 0.0, 0.0, 0.0, 0.0, 492.04983700856684, 571.8099188970276, 0.0, 0.0, 0.0, 0.0, 1449.580268906744, 0.0, 688.2142162238241, 0.0, 0.0, 0.0, 0.0, 0.0, 299.3140410268078, 0.0, 0.0, 0.0, 0.0, 0.0, 0.0, 0.0, 0.0, 309.10279709939516, 492.04983700856684, 0.0, 625.5251389150216, 0.0, 0.0, 0.0, 0.0, 980.2031767955635, 0.0, 1449.580268906744, 0.0, 0.0, 0.0, 980.2031767955635, 388.1525381285643, 159.88457351984982, 0.0, 359.6632310693309, 0.0]
INFORMACIÓN : 10apuestaBundle [359.6632310693309, 309.10279709939516, 251.1003127363506, 177.63895761398362]
INFORMACIÓN : 10positionsBundle [523, 243, 136, 272]
INFORMACIÓN : 10levelsBundle [1, 2, 2, 2]
INFORMACIÓN : 10positionsOrdered [523, 136, 272, 243]
INFORMACIÓN : 10levelsOrdered [1, 2, 2, 2]
INFORMACIÓN : 10partialityOrdered [1, 2, 2, 2]
INFORMACIÓN : 10arrivalTimes [4.47213595499958, 19.736473477473325, 34.05429454074968, 115.99531655780704]
INFORMACIÓN : 11historia2[915.4499330013982, 0.0, 0.0, 165.73704373104252, 0.0, 0.0, 0.0, 1449.580268906744, 0.0, 0.0, 571.8099188970276, 0.0, 225.17691051110063, 0.0, 915.4499330013982, 103.30696243085167, 0.0, 0.0, 0.0, 0.0, 0.0, 367.57483686299423, 0.0, 0.0, 388.1525381285643, 0.0, 625.5251389150216, 0.0, 258.53019143128114, 0.0, 0.0, 177.63895761398362, 688.2142162238241, 0.0, 0.0, 625.5251389150216, 0.0, 0.0, 0.0, 915.4499330013982, 0.0, 170.1120381929676, 0.0, 0.0, 0.0, 0.0, 0.0, 0.0, 0.0, 571.8099188970276, 1109.2337970755889, 0.0, 299.3140410268078, 1109.2337970755889, 0.0, 0.0, 688.2142162238241, 367.57483686299423, 0.0, 0.0, 258.53019143128114, 0.0, 0.0, 0.0, 0.0, 1109.2337970755889, 492.04983700856684, 205.138629454036, 0.0, 0.0, 0.0, 0.0, 0.0, 0.0, 0.0, 0.0, 0.0, 0.0, 0.0, 0.0, 0.0, 0.0, 0.0, 0.0, 316.20809586936315, 0.0, 0.0, 367.57483686299423, 980.2031767955635, 0.0, 0.0, 259.4342933579021, 0.0, 0.0, 0.0, 0.0, 0.0, 0.0, 0.0, 0.0, 251.1003127363506, 0.0, 0.0, 0.0, 0.0, 0.0, 0.0, 0.0, 0.0, 0.0, 0.0, 0.0, 0.0, 492.04983700856684, 571.8099188970276, 0.0, 0.0, 0.0, 0.0, 1449.580268906744, 0.0, 688.2142162238241, 0.0, 0.0, 0.0, 0.0, 0.0, 299.3140410268078, 0.0, 0.0, 0.0, 0.0, 0.0, 0.0, 0.0, 0.0, 309.10279709939516, 492.04983700856684, 0.0, 625.5251389150216, 0.0, 0.0, 0.0, 0.0, 980.2031767955635, 0.0, 1449.580268906744, 0.0, 0.0, 0.0, 980.2031767955635, 388.1525381285643, 159.88457351984982, 0.0, 359.6632310693309, 0.0]
INFORMACIÓN : 11apuestaBundle [359.6632310693309, 309.10279709939516, 251.1003127363506, 177.63895761398362]
INFORMACIÓN : 11positionsBundle [523, 243, 136, 272]
INFORMACIÓN : 11levelsBundle [1, 2, 2, 2]
INFORMACIÓN : 11positionsOrdered [523, 136, 272, 243]
INFORMACIÓN : 11levelsOrdered [1, 2, 2, 2]
INFORMACIÓN : 11partialityOrdered [1, 2, 2, 2]
INFORMACIÓN : 11arrivalTimes [4.47213595499958, 19.736473477473325, 34.05429454074968, 115.99531655780704]
INFORMACIÓN : 12historia3[915.4499330013982, 0.0, 0.0, 165.73704373104252, 0.0, 0.0, 0.0, 1449.580268906744, 0.0, 0.0, 571.8099188970276, 0.0, 225.17691051110063, 0.0, 915.4499330013982, 103.30696243085167, 0.0, 0.0, 0.0, 0.0, 0.0, 367.57483686299423, 0.0, 0.0, 388.1525381285643, 0.0, 625.5251389150216, 0.0, 258.53019143128114, 0.0, 0.0, 177.63895761398362, 688.2142162238241, 0.0, 0.0, 625.5251389150216, 0.0, 0.0, 0.0, 915.4499330013982, 0.0, 170.1120381929676, 0.0, 0.0, 0.0, 0.0, 0.0, 0.0, 0.0, 571.8099188970276, 1109.2337970755889, 0.0, 299.3140410268078, 1109.2337970755889, 0.0, 0.0, 688.2142162238241, 367.57483686299423, 0.0, 0.0, 258.53019143128114, 0.0, 0.0, 0.0, 0.0, 1109.2337970755889, 492.04983700856684, 205.138629454036, 0.0, 0.0, 0.0, 0.0, 0.0, 0.0, 0.0, 0.0, 0.0, 0.0, 0.0, 0.0, 0.0, 0.0, 0.0, 0.0, 316.20809586936315, 0.0, 0.0, 367.57483686299423, 980.2031767955635, 0.0, 0.0, 259.4342933579021, 0.0, 0.0, 0.0, 0.0, 0.0, 0.0, 0.0, 0.0, 251.1003127363506, 0.0, 0.0, 0.0, 0.0, 0.0, 0.0, 0.0, 0.0, 0.0, 0.0, 0.0, 0.0, 492.04983700856684, 571.8099188970276, 0.0, 0.0, 0.0, 0.0, 1449.580268906744, 0.0, 688.2142162238241, 0.0, 0.0, 0.0, 0.0, 0.0, 299.3140410268078, 0.0, 0.0, 0.0, 0.0, 0.0, 0.0, 0.0, 0.0, 309.10279709939516, 492.04983700856684, 0.0, 625.5251389150216, 0.0, 0.0, 0.0, 0.0, 980.2031767955635, 0.0, 1449.580268906744, 0.0, 0.0, 0.0, 980.2031767955635, 388.1525381285643, 159.88457351984982, 0.0, 359.6632310693309, 0.0]
INFORMACIÓN : 12apuestaBundle [359.6632310693309, 309.10279709939516, 251.1003127363506, 177.63895761398362]
INFORMACIÓN : 12positionsBundle [523, 243, 136, 272]
INFORMACIÓN : 12levelsBundle [1, 2, 2, 2]
INFORMACIÓN : 12positionsOrdered [523, 136, 272, 243]
INFORMACIÓN : 12levelsOrdered [1, 2, 2, 2]
INFORMACIÓN : 12partialityOrdered [1, 2, 2, 2]
INFORMACIÓN : 12arrivalTimes [4.47213595499958, 19.736473477473325, 34.05429454074968, 115.99531655780704]
INFORMACIÓN : 13historia4[915.4499330013982, 0.0, 0.0, 165.73704373104252, 0.0, 0.0, 0.0, 1449.580268906744, 0.0, 0.0, 571.8099188970276, 0.0, 225.17691051110063, 0.0, 915.4499330013982, 103.30696243085167, 0.0, 0.0, 0.0, 0.0, 0.0, 367.57483686299423, 0.0, 0.0, 388.1525381285643, 0.0, 625.5251389150216, 0.0, 258.53019143128114, 0.0, 0.0, 177.63895761398362, 688.2142162238241, 0.0, 0.0, 625.5251389150216, 0.0, 0.0, 0.0, 915.4499330013982, 0.0, 170.1120381929676, 0.0, 0.0, 0.0, 0.0, 0.0, 0.0, 0.0, 571.8099188970276, 1109.2337970755889, 0.0, 299.3140410268078, 1109.2337970755889, 0.0, 0.0, 688.2142162238241, 367.57483686299423, 0.0, 0.0, 258.53019143128114, 0.0, 0.0, 0.0, 0.0, 1109.2337970755889, 492.04983700856684, 205.138629454036, 0.0, 0.0, 0.0, 0.0, 0.0, 0.0, 0.0, 0.0, 0.0, 0.0, 0.0, 0.0, 0.0, 0.0, 0.0, 0.0, 316.20809586936315, 0.0, 0.0, 367.57483686299423, 980.2031767955635, 0.0, 0.0, 259.4342933579021, 0.0, 0.0, 0.0, 0.0, 0.0, 0.0, 0.0, 0.0, 251.1003127363506, 0.0, 0.0, 0.0, 0.0, 0.0, 0.0, 0.0, 0.0, 0.0, 0.0, 0.0, 0.0, 492.04983700856684, 571.8099188970276, 0.0, 0.0, 0.0, 0.0, 1449.580268906744, 0.0, 688.2142162238241, 0.0, 0.0, 0.0, 0.0, 0.0, 299.3140410268078, 0.0, 0.0, 0.0, 0.0, 0.0, 0.0, 0.0, 0.0, 309.10279709939516, 492.04983700856684, 0.0, 625.5251389150216, 0.0, 0.0, 0.0, 0.0, 980.2031767955635, 0.0, 1449.580268906744, 0.0, 0.0, 0.0, 980.2031767955635, 388.1525381285643, 159.88457351984982, 0.0, 359.6632310693309, 0.0]
INFORMACIÓN : 13apuestaBundle [359.6632310693309, 309.10279709939516, 251.1003127363506, 177.63895761398362]
INFORMACIÓN : 13positionsBundle [523, 243, 136, 272]
INFORMACIÓN : 13levelsBundle [1, 2, 2, 2]
INFORMACIÓN : 13positionsOrdered [523, 136, 272, 243]
INFORMACIÓN : 13levelsOrdered [1, 2, 2, 2]
INFORMACIÓN : 13partialityOrdered [1, 2, 2, 2]
INFORMACIÓN : 13arrivalTimes [4.47213595499958, 19.736473477473325, 34.05429454074968, 115.99531655780704]
INFORMACIÓN : 14historia5[915.4499330013982, 0.0, 0.0, 165.73704373104252, 0.0, 0.0, 0.0, 1449.580268906744, 0.0, 0.0, 571.8099188970276, 0.0, 225.17691051110063, 0.0, 915.4499330013982, 103.30696243085167, 0.0, 0.0, 0.0, 0.0, 0.0, 367.57483686299423, 0.0, 0.0, 388.1525381285643, 0.0, 625.5251389150216, 0.0, 258.53019143128114, 0.0, 0.0, 177.63895761398362, 688.2142162238241, 0.0, 0.0, 625.5251389150216, 0.0, 0.0, 0.0, 915.4499330013982, 0.0, 170.1120381929676, 0.0, 0.0, 0.0, 0.0, 0.0, 0.0, 0.0, 571.8099188970276, 1109.2337970755889, 0.0, 299.3140410268078, 1109.2337970755889, 0.0, 0.0, 688.2142162238241, 367.57483686299423, 0.0, 0.0, 258.53019143128114, 0.0, 0.0, 0.0, 0.0, 1109.2337970755889, 492.04983700856684, 205.138629454036, 0.0, 0.0, 0.0, 0.0, 0.0, 0.0, 0.0, 0.0, 0.0, 0.0, 0.0, 0.0, 0.0, 0.0, 0.0, 0.0, 316.20809586936315, 0.0, 0.0, 367.57483686299423, 980.2031767955635, 0.0, 0.0, 259.4342933579021, 0.0, 0.0, 0.0, 0.0, 0.0, 0.0, 0.0, 0.0, 251.1003127363506, 0.0, 0.0, 0.0, 0.0, 0.0, 0.0, 0.0, 0.0, 0.0, 0.0, 0.0, 0.0, 492.04983700856684, 571.8099188970276, 0.0, 0.0, 0.0, 0.0, 1449.580268906744, 0.0, 688.2142162238241, 0.0, 0.0, 0.0, 0.0, 0.0, 299.3140410268078, 0.0, 0.0, 0.0, 0.0, 0.0, 0.0, 0.0, 0.0, 309.10279709939516, 492.04983700856684, 0.0, 625.5251389150216, 0.0, 0.0, 0.0, 0.0, 980.2031767955635, 0.0, 1449.580268906744, 0.0, 0.0, 0.0, 980.2031767955635, 388.1525381285643, 159.88457351984982, 0.0, 359.6632310693309, 0.0]
INFORMACIÓN : 14apuestaBundle [359.6632310693309, 309.10279709939516, 251.1003127363506, 177.63895761398362]
INFORMACIÓN : 14positionsBundle [523, 243, 136, 272]
INFORMACIÓN : 14levelsBundle [1, 2, 2, 2]
INFORMACIÓN : 14positionsOrdered [523, 136, 272, 243]
INFORMACIÓN : 14levelsOrdered [1, 2, 2, 2]
INFORMACIÓN : 14partialityOrdered [1, 2, 2, 2]
INFORMACIÓN : 14arrivalTimes [4.47213595499958, 19.736473477473325, 34.05429454074968, 115.99531655780704]
INFORMACIÓN : 15historia6[915.4499330013982, 0.0, 0.0, 165.73704373104252, 0.0, 0.0, 0.0, 1449.580268906744, 0.0, 0.0, 571.8099188970276, 0.0, 225.17691051110063, 0.0, 915.4499330013982, 103.30696243085167, 0.0, 0.0, 0.0, 0.0, 0.0, 367.57483686299423, 0.0, 0.0, 388.1525381285643, 0.0, 625.5251389150216, 0.0, 258.53019143128114, 0.0, 0.0, 177.63895761398362, 688.2142162238241, 0.0, 0.0, 625.5251389150216, 0.0, 0.0, 0.0, 915.4499330013982, 0.0, 170.1120381929676, 0.0, 0.0, 0.0, 0.0, 0.0, 0.0, 0.0, 571.8099188970276, 1109.2337970755889, 0.0, 299.3140410268078, 1109.2337970755889, 0.0, 0.0, 688.2142162238241, 367.57483686299423, 0.0, 0.0, 258.53019143128114, 0.0, 0.0, 0.0, 0.0, 1109.2337970755889, 492.04983700856684, 205.138629454036, 0.0, 0.0, 0.0, 0.0, 0.0, 0.0, 0.0, 0.0, 0.0, 0.0, 0.0, 0.0, 0.0, 0.0, 0.0, 0.0, 316.20809586936315, 0.0, 0.0, 367.57483686299423, 980.2031767955635, 0.0, 0.0, 259.4342933579021, 0.0, 0.0, 0.0, 0.0, 0.0, 0.0, 0.0, 0.0, 251.1003127363506, 0.0, 0.0, 0.0, 0.0, 0.0, 0.0, 0.0, 0.0, 0.0, 0.0, 0.0, 0.0, 492.04983700856684, 571.8099188970276, 0.0, 0.0, 0.0, 0.0, 1449.580268906744, 0.0, 688.2142162238241, 0.0, 0.0, 0.0, 0.0, 0.0, 299.3140410268078, 0.0, 0.0, 0.0, 0.0, 0.0, 0.0, 0.0, 0.0, 309.10279709939516, 492.04983700856684, 0.0, 625.5251389150216, 0.0, 0.0, 0.0, 0.0, 980.2031767955635, 0.0, 1449.580268906744, 0.0, 0.0, 0.0, 980.2031767955635, 388.1525381285643, 159.88457351984982, 0.0, 359.6632310693309, 0.0]
INFORMACIÓN : 15apuestaBundle [359.6632310693309, 309.10279709939516, 251.1003127363506, 177.63895761398362]
INFORMACIÓN : 15positionsBundle [523, 243, 136, 272]
INFORMACIÓN : 15levelsBundle [1, 2, 2, 2]
INFORMACIÓN : 15positionsOrdered [523, 136, 272, 243]
INFORMACIÓN : 15levelsOrdered [1, 2, 2, 2]
INFORMACIÓN : 15partialityOrdered [1, 2, 2, 2]
INFORMACIÓN : 15arrivalTimes [4.47213595499958, 19.736473477473325, 34.05429454074968, 115.99531655780704]
INFORMACIÓN : 16historia7[915.4499330013982, 0.0, 0.0, 165.73704373104252, 0.0, 0.0, 0.0, 1449.580268906744, 0.0, 0.0, 571.8099188970276, 0.0, 225.17691051110063, 0.0, 915.4499330013982, 103.30696243085167, 0.0, 0.0, 0.0, 0.0, 0.0, 367.57483686299423, 0.0, 0.0, 388.1525381285643, 0.0, 625.5251389150216, 0.0, 258.53019143128114, 0.0, 0.0, 177.63895761398362, 688.2142162238241, 0.0, 0.0, 625.5251389150216, 0.0, 0.0, 0.0, 915.4499330013982, 0.0, 170.1120381929676, 0.0, 0.0, 0.0, 0.0, 0.0, 0.0, 0.0, 571.8099188970276, 1109.2337970755889, 0.0, 299.3140410268078, 1109.2337970755889, 0.0, 0.0, 688.2142162238241, 367.57483686299423, 0.0, 0.0, 258.53019143128114, 0.0, 0.0, 0.0, 0.0, 1109.2337970755889, 492.04983700856684, 205.138629454036, 0.0, 0.0, 0.0, 0.0, 0.0, 0.0, 0.0, 0.0, 0.0, 0.0, 0.0, 0.0, 0.0, 0.0, 0.0, 0.0, 316.20809586936315, 0.0, 0.0, 367.57483686299423, 980.2031767955635, 0.0, 0.0, 259.4342933579021, 0.0, 0.0, 0.0, 0.0, 0.0, 0.0, 0.0, 0.0, 251.1003127363506, 0.0, 0.0, 0.0, 0.0, 0.0, 0.0, 0.0, 0.0, 0.0, 0.0, 0.0, 0.0, 492.04983700856684, 571.8099188970276, 0.0, 0.0, 0.0, 0.0, 1449.580268906744, 0.0, 688.2142162238241, 0.0, 0.0, 0.0, 0.0, 0.0, 299.3140410268078, 0.0, 0.0, 0.0, 0.0, 0.0, 0.0, 0.0, 0.0, 309.10279709939516, 492.04983700856684, 0.0, 625.5251389150216, 0.0, 0.0, 0.0, 0.0, 980.2031767955635, 0.0, 1449.580268906744, 0.0, 0.0, 0.0, 980.2031767955635, 388.1525381285643, 159.88457351984982, 0.0, 359.6632310693309, 0.0]
INFORMACIÓN : 16apuestaBundle [359.6632310693309, 309.10279709939516, 251.1003127363506, 177.63895761398362]
INFORMACIÓN : 16positionsBundle [523, 243, 136, 272]
INFORMACIÓN : 16levelsBundle [1, 2, 2, 2]
INFORMACIÓN : 16positionsOrdered [523, 136, 272, 243]
INFORMACIÓN : 16levelsOrdered [1, 2, 2, 2]
INFORMACIÓN : 16partialityOrdered [1, 2, 2, 2]
INFORMACIÓN : 16arrivalTimes [4.47213595499958, 19.736473477473325, 34.05429454074968, 115.99531655780704]
INFORMACIÓN : 17historia8[915.4499330013982, 0.0, 0.0, 165.73704373104252, 0.0, 0.0, 0.0, 1449.580268906744, 0.0, 0.0, 571.8099188970276, 0.0, 225.17691051110063, 0.0, 915.4499330013982, 103.30696243085167, 0.0, 0.0, 0.0, 0.0, 0.0, 367.57483686299423, 0.0, 0.0, 388.1525381285643, 0.0, 625.5251389150216, 0.0, 258.53019143128114, 0.0, 0.0, 177.63895761398362, 688.2142162238241, 0.0, 0.0, 625.5251389150216, 0.0, 0.0, 0.0, 915.4499330013982, 0.0, 170.1120381929676, 0.0, 0.0, 0.0, 0.0, 0.0, 0.0, 0.0, 571.8099188970276, 1109.2337970755889, 0.0, 299.3140410268078, 1109.2337970755889, 0.0, 0.0, 688.2142162238241, 367.57483686299423, 0.0, 0.0, 258.53019143128114, 0.0, 0.0, 0.0, 0.0, 1109.2337970755889, 492.04983700856684, 205.138629454036, 0.0, 0.0, 0.0, 0.0, 0.0, 0.0, 0.0, 0.0, 0.0, 0.0, 0.0, 0.0, 0.0, 0.0, 0.0, 0.0, 316.20809586936315, 0.0, 0.0, 367.57483686299423, 980.2031767955635, 0.0, 0.0, 259.4342933579021, 0.0, 0.0, 0.0, 0.0, 0.0, 0.0, 0.0, 0.0, 251.1003127363506, 0.0, 0.0, 0.0, 0.0, 0.0, 0.0, 0.0, 0.0, 0.0, 0.0, 0.0, 0.0, 492.04983700856684, 571.8099188970276, 0.0, 0.0, 0.0, 0.0, 1449.580268906744, 0.0, 688.2142162238241, 0.0, 0.0, 0.0, 0.0, 0.0, 299.3140410268078, 0.0, 0.0, 0.0, 0.0, 0.0, 0.0, 0.0, 0.0, 309.10279709939516, 492.04983700856684, 0.0, 625.5251389150216, 0.0, 0.0, 0.0, 0.0, 980.2031767955635, 0.0, 1449.580268906744, 0.0, 0.0, 0.0, 980.2031767955635, 388.1525381285643, 159.88457351984982, 0.0, 359.6632310693309, 0.0]
INFORMACIÓN : 17apuestaBundle [359.6632310693309, 309.10279709939516, 251.1003127363506, 177.63895761398362]
INFORMACIÓN : 17positionsBundle [523, 243, 136, 272]
INFORMACIÓN : 17levelsBundle [1, 2, 2, 2]
INFORMACIÓN : 17positionsOrdered [523, 136, 272, 243]
INFORMACIÓN : 17levelsOrdered [1, 2, 2, 2]
INFORMACIÓN : 17partialityOrdered [1, 2, 2, 2]
INFORMACIÓN : 17arrivalTimes [4.47213595499958, 19.736473477473325, 34.05429454074968, 115.99531655780704]
INFORMACIÓN : 18historia9[915.4499330013982, 0.0, 0.0, 165.73704373104252, 0.0, 0.0, 0.0, 1449.580268906744, 0.0, 0.0, 571.8099188970276, 0.0, 225.17691051110063, 0.0, 915.4499330013982, 103.30696243085167, 0.0, 0.0, 0.0, 0.0, 0.0, 367.57483686299423, 0.0, 0.0, 388.1525381285643, 0.0, 625.5251389150216, 0.0, 258.53019143128114, 0.0, 0.0, 177.63895761398362, 688.2142162238241, 0.0, 0.0, 625.5251389150216, 0.0, 0.0, 0.0, 915.4499330013982, 0.0, 170.1120381929676, 0.0, 0.0, 0.0, 0.0, 0.0, 0.0, 0.0, 571.8099188970276, 1109.2337970755889, 0.0, 299.3140410268078, 1109.2337970755889, 0.0, 0.0, 688.2142162238241, 367.57483686299423, 0.0, 0.0, 258.53019143128114, 0.0, 0.0, 0.0, 0.0, 1109.2337970755889, 492.04983700856684, 205.138629454036, 0.0, 0.0, 0.0, 0.0, 0.0, 0.0, 0.0, 0.0, 0.0, 0.0, 0.0, 0.0, 0.0, 0.0, 0.0, 0.0, 316.20809586936315, 0.0, 0.0, 367.57483686299423, 980.2031767955635, 0.0, 0.0, 259.4342933579021, 0.0, 0.0, 0.0, 0.0, 0.0, 0.0, 0.0, 0.0, 251.1003127363506, 0.0, 0.0, 0.0, 0.0, 0.0, 0.0, 0.0, 0.0, 0.0, 0.0, 0.0, 0.0, 492.04983700856684, 571.8099188970276, 0.0, 0.0, 0.0, 0.0, 1449.580268906744, 0.0, 688.2142162238241, 0.0, 0.0, 0.0, 0.0, 0.0, 299.3140410268078, 0.0, 0.0, 0.0, 0.0, 0.0, 0.0, 0.0, 0.0, 309.10279709939516, 492.04983700856684, 0.0, 625.5251389150216, 0.0, 0.0, 0.0, 0.0, 980.2031767955635, 0.0, 1449.580268906744, 0.0, 0.0, 0.0, 980.2031767955635, 388.1525381285643, 159.88457351984982, 0.0, 359.6632310693309, 0.0]
INFORMACIÓN : 18apuestaBundle [359.6632310693309, 309.10279709939516, 251.1003127363506, 177.63895761398362]
INFORMACIÓN : 18positionsBundle [523, 243, 136, 272]
INFORMACIÓN : 18levelsBundle [1, 2, 2, 2]
INFORMACIÓN : 18positionsOrdered [523, 136, 272, 243]
INFORMACIÓN : 18levelsOrdered [1, 2, 2, 2]
INFORMACIÓN : 18partialityOrdered [1, 2, 2, 2]
INFORMACIÓN : 18arrivalTimes [4.47213595499958, 19.736473477473325, 34.05429454074968, 115.99531655780704]
INFORMACIÓN : 19historia10[915.4499330013982, 0.0, 0.0, 165.73704373104252, 0.0, 0.0, 0.0, 1449.580268906744, 0.0, 0.0, 571.8099188970276, 0.0, 225.17691051110063, 0.0, 915.4499330013982, 103.30696243085167, 0.0, 0.0, 0.0, 0.0, 0.0, 367.57483686299423, 0.0, 0.0, 388.1525381285643, 0.0, 625.5251389150216, 0.0, 258.53019143128114, 0.0, 0.0, 177.63895761398362, 688.2142162238241, 0.0, 0.0, 625.5251389150216, 0.0, 0.0, 0.0, 915.4499330013982, 0.0, 170.1120381929676, 0.0, 0.0, 0.0, 0.0, 0.0, 0.0, 0.0, 571.8099188970276, 1109.2337970755889, 0.0, 299.3140410268078, 1109.2337970755889, 0.0, 0.0, 688.2142162238241, 367.57483686299423, 0.0, 0.0, 258.53019143128114, 0.0, 0.0, 0.0, 0.0, 1109.2337970755889, 492.04983700856684, 205.138629454036, 0.0, 0.0, 0.0, 0.0, 0.0, 0.0, 0.0, 0.0, 0.0, 0.0, 0.0, 0.0, 0.0, 0.0, 0.0, 0.0, 316.20809586936315, 0.0, 0.0, 367.57483686299423, 980.2031767955635, 0.0, 0.0, 259.4342933579021, 0.0, 0.0, 0.0, 0.0, 0.0, 0.0, 0.0, 0.0, 251.1003127363506, 0.0, 0.0, 0.0, 0.0, 0.0, 0.0, 0.0, 0.0, 0.0, 0.0, 0.0, 0.0, 492.04983700856684, 571.8099188970276, 0.0, 0.0, 0.0, 0.0, 1449.580268906744, 0.0, 688.2142162238241, 0.0, 0.0, 0.0, 0.0, 0.0, 299.3140410268078, 0.0, 0.0, 0.0, 0.0, 0.0, 0.0, 0.0, 0.0, 309.10279709939516, 492.04983700856684, 0.0, 625.5251389150216, 0.0, 0.0, 0.0, 0.0, 980.2031767955635, 0.0, 1449.580268906744, 0.0, 0.0, 0.0, 980.2031767955635, 388.1525381285643, 159.88457351984982, 0.0, 359.6632310693309, 0.0]
INFORMACIÓN : 19apuestaBundle [359.6632310693309, 309.10279709939516, 251.1003127363506, 177.63895761398362]
INFORMACIÓN : 19positionsBundle [523, 243, 136, 272]
INFORMACIÓN : 19levelsBundle [1, 2, 2, 2]
INFORMACIÓN : 19positionsOrdered [523, 136, 272, 243]
INFORMACIÓN : 19levelsOrdered [1, 2, 2, 2]
INFORMACIÓN : 19partialityOrdered [1, 2, 2, 2]
INFORMACIÓN : 19arrivalTimes [4.47213595499958, 19.736473477473325, 34.05429454074968, 115.99531655780704]
INFORMACIÓN : 20historia11[915.4499330013982, 0.0, 0.0, 165.73704373104252, 0.0, 0.0, 0.0, 1449.580268906744, 0.0, 0.0, 571.8099188970276, 0.0, 225.17691051110063, 0.0, 915.4499330013982, 103.30696243085167, 0.0, 0.0, 0.0, 0.0, 0.0, 367.57483686299423, 0.0, 0.0, 388.1525381285643, 0.0, 625.5251389150216, 0.0, 258.53019143128114, 0.0, 0.0, 177.63895761398362, 688.2142162238241, 0.0, 0.0, 625.5251389150216, 0.0, 0.0, 0.0, 915.4499330013982, 0.0, 170.1120381929676, 0.0, 0.0, 0.0, 0.0, 0.0, 0.0, 0.0, 571.8099188970276, 1109.2337970755889, 0.0, 299.3140410268078, 1109.2337970755889, 0.0, 0.0, 688.2142162238241, 367.57483686299423, 0.0, 0.0, 258.53019143128114, 0.0, 0.0, 0.0, 0.0, 1109.2337970755889, 492.04983700856684, 205.138629454036, 0.0, 0.0, 0.0, 0.0, 0.0, 0.0, 0.0, 0.0, 0.0, 0.0, 0.0, 0.0, 0.0, 0.0, 0.0, 0.0, 316.20809586936315, 0.0, 0.0, 367.57483686299423, 980.2031767955635, 0.0, 0.0, 259.4342933579021, 0.0, 0.0, 0.0, 0.0, 0.0, 0.0, 0.0, 0.0, 251.1003127363506, 0.0, 0.0, 0.0, 0.0, 0.0, 0.0, 0.0, 0.0, 0.0, 0.0, 0.0, 0.0, 492.04983700856684, 571.8099188970276, 0.0, 0.0, 0.0, 0.0, 1449.580268906744, 0.0, 688.2142162238241, 0.0, 0.0, 0.0, 0.0, 0.0, 299.3140410268078, 0.0, 0.0, 0.0, 0.0, 0.0, 0.0, 0.0, 0.0, 309.10279709939516, 492.04983700856684, 0.0, 625.5251389150216, 0.0, 0.0, 0.0, 0.0, 980.2031767955635, 0.0, 1449.580268906744, 0.0, 0.0, 0.0, 980.2031767955635, 388.1525381285643, 159.88457351984982, 0.0, 359.6632310693309, 0.0]
INFORMACIÓN : 20apuestaBundle [359.6632310693309, 309.10279709939516, 251.1003127363506, 177.63895761398362]
INFORMACIÓN : 20positionsBundle [523, 243, 136, 272]
INFORMACIÓN : 20levelsBundle [1, 2, 2, 2]
INFORMACIÓN : 20positionsOrdered [523, 136, 272, 243]
INFORMACIÓN : 20levelsOrdered [1, 2, 2, 2]
INFORMACIÓN : 20partialityOrdered [1, 2, 2, 2]
INFORMACIÓN : 20arrivalTimes [4.47213595499958, 19.736473477473325, 34.05429454074968, 115.99531655780704]
INFORMACIÓN : 21historia12[915.4499330013982, 0.0, 0.0, 165.73704373104252, 0.0, 0.0, 0.0, 1449.580268906744, 0.0, 0.0, 571.8099188970276, 0.0, 225.17691051110063, 0.0, 915.4499330013982, 103.30696243085167, 0.0, 0.0, 0.0, 0.0, 0.0, 367.57483686299423, 0.0, 0.0, 388.1525381285643, 0.0, 625.5251389150216, 0.0, 258.53019143128114, 0.0, 0.0, 177.63895761398362, 688.2142162238241, 0.0, 0.0, 625.5251389150216, 0.0, 0.0, 0.0, 915.4499330013982, 0.0, 170.1120381929676, 0.0, 0.0, 0.0, 0.0, 0.0, 0.0, 0.0, 571.8099188970276, 1109.2337970755889, 0.0, 299.3140410268078, 1109.2337970755889, 0.0, 0.0, 688.2142162238241, 367.57483686299423, 0.0, 0.0, 258.53019143128114, 0.0, 0.0, 0.0, 0.0, 1109.2337970755889, 492.04983700856684, 205.138629454036, 0.0, 0.0, 0.0, 0.0, 0.0, 0.0, 0.0, 0.0, 0.0, 0.0, 0.0, 0.0, 0.0, 0.0, 0.0, 0.0, 316.20809586936315, 0.0, 0.0, 367.57483686299423, 980.2031767955635, 0.0, 0.0, 259.4342933579021, 0.0, 0.0, 0.0, 0.0, 0.0, 0.0, 0.0, 0.0, 251.1003127363506, 0.0, 0.0, 0.0, 0.0, 0.0, 0.0, 0.0, 0.0, 0.0, 0.0, 0.0, 0.0, 492.04983700856684, 571.8099188970276, 0.0, 0.0, 0.0, 0.0, 1449.580268906744, 0.0, 688.2142162238241, 0.0, 0.0, 0.0, 0.0, 0.0, 299.3140410268078, 0.0, 0.0, 0.0, 0.0, 0.0, 0.0, 0.0, 0.0, 309.10279709939516, 492.04983700856684, 0.0, 625.5251389150216, 0.0, 0.0, 0.0, 0.0, 980.2031767955635, 0.0, 1449.580268906744, 0.0, 0.0, 0.0, 980.2031767955635, 388.1525381285643, 159.88457351984982, 0.0, 359.6632310693309, 0.0]
INFORMACIÓN : 21apuestaBundle [359.6632310693309, 309.10279709939516, 251.1003127363506, 177.63895761398362]
INFORMACIÓN : 21positionsBundle [523, 243, 136, 272]
INFORMACIÓN : 21levelsBundle [1, 2, 2, 2]
INFORMACIÓN : 21positionsOrdered [523, 136, 272, 243]
INFORMACIÓN : 21levelsOrdered [1, 2, 2, 2]
INFORMACIÓN : 21partialityOrdered [1, 2, 2, 2]
INFORMACIÓN : 21arrivalTimes [4.47213595499958, 19.736473477473325, 34.05429454074968, 115.99531655780704]
INFORMACIÓN : 22historia13[915.4499330013982, 0.0, 0.0, 165.73704373104252, 0.0, 0.0, 0.0, 1449.580268906744, 0.0, 0.0, 571.8099188970276, 0.0, 225.17691051110063, 0.0, 915.4499330013982, 103.30696243085167, 0.0, 0.0, 0.0, 0.0, 0.0, 367.57483686299423, 0.0, 0.0, 388.1525381285643, 0.0, 625.5251389150216, 0.0, 258.53019143128114, 0.0, 0.0, 177.63895761398362, 688.2142162238241, 0.0, 0.0, 625.5251389150216, 0.0, 0.0, 0.0, 915.4499330013982, 0.0, 170.1120381929676, 0.0, 0.0, 0.0, 0.0, 0.0, 0.0, 0.0, 571.8099188970276, 1109.2337970755889, 0.0, 299.3140410268078, 1109.2337970755889, 0.0, 0.0, 688.2142162238241, 367.57483686299423, 0.0, 0.0, 258.53019143128114, 0.0, 0.0, 0.0, 0.0, 1109.2337970755889, 492.04983700856684, 205.138629454036, 0.0, 0.0, 0.0, 0.0, 0.0, 0.0, 0.0, 0.0, 0.0, 0.0, 0.0, 0.0, 0.0, 0.0, 0.0, 0.0, 316.20809586936315, 0.0, 0.0, 367.57483686299423, 980.2031767955635, 0.0, 0.0, 259.4342933579021, 0.0, 0.0, 0.0, 0.0, 0.0, 0.0, 0.0, 0.0, 251.1003127363506, 0.0, 0.0, 0.0, 0.0, 0.0, 0.0, 0.0, 0.0, 0.0, 0.0, 0.0, 0.0, 492.04983700856684, 571.8099188970276, 0.0, 0.0, 0.0, 0.0, 1449.580268906744, 0.0, 688.2142162238241, 0.0, 0.0, 0.0, 0.0, 0.0, 299.3140410268078, 0.0, 0.0, 0.0, 0.0, 0.0, 0.0, 0.0, 0.0, 309.10279709939516, 492.04983700856684, 0.0, 625.5251389150216, 0.0, 0.0, 0.0, 0.0, 980.2031767955635, 0.0, 1449.580268906744, 0.0, 0.0, 0.0, 980.2031767955635, 388.1525381285643, 159.88457351984982, 0.0, 359.6632310693309, 0.0]
INFORMACIÓN : 22apuestaBundle [359.6632310693309, 309.10279709939516, 251.1003127363506, 177.63895761398362]
INFORMACIÓN : 22positionsBundle [523, 243, 136, 272]
INFORMACIÓN : 22levelsBundle [1, 2, 2, 2]
INFORMACIÓN : 22positionsOrdered [523, 136, 272, 243]
INFORMACIÓN : 22levelsOrdered [1, 2, 2, 2]
INFORMACIÓN : 22partialityOrdered [1, 2, 2, 2]
INFORMACIÓN : 22arrivalTimes [4.47213595499958, 19.736473477473325, 34.05429454074968, 115.99531655780704]
INFORMACIÓN : 23historia14[915.4499330013982, 0.0, 0.0, 165.73704373104252, 0.0, 0.0, 0.0, 1449.580268906744, 0.0, 0.0, 571.8099188970276, 0.0, 225.17691051110063, 0.0, 915.4499330013982, 103.30696243085167, 0.0, 0.0, 0.0, 0.0, 0.0, 367.57483686299423, 0.0, 0.0, 388.1525381285643, 0.0, 625.5251389150216, 0.0, 258.53019143128114, 0.0, 0.0, 177.63895761398362, 688.2142162238241, 0.0, 0.0, 625.5251389150216, 0.0, 0.0, 0.0, 915.4499330013982, 0.0, 170.1120381929676, 0.0, 0.0, 0.0, 0.0, 0.0, 0.0, 0.0, 571.8099188970276, 1109.2337970755889, 0.0, 299.3140410268078, 1109.2337970755889, 0.0, 0.0, 688.2142162238241, 367.57483686299423, 0.0, 0.0, 258.53019143128114, 0.0, 0.0, 0.0, 0.0, 1109.2337970755889, 492.04983700856684, 205.138629454036, 0.0, 0.0, 0.0, 0.0, 0.0, 0.0, 0.0, 0.0, 0.0, 0.0, 0.0, 0.0, 0.0, 0.0, 0.0, 0.0, 316.20809586936315, 0.0, 0.0, 367.57483686299423, 980.2031767955635, 0.0, 0.0, 259.4342933579021, 0.0, 0.0, 0.0, 0.0, 0.0, 0.0, 0.0, 0.0, 251.1003127363506, 0.0, 0.0, 0.0, 0.0, 0.0, 0.0, 0.0, 0.0, 0.0, 0.0, 0.0, 0.0, 492.04983700856684, 571.8099188970276, 0.0, 0.0, 0.0, 0.0, 1449.580268906744, 0.0, 688.2142162238241, 0.0, 0.0, 0.0, 0.0, 0.0, 299.3140410268078, 0.0, 0.0, 0.0, 0.0, 0.0, 0.0, 0.0, 0.0, 309.10279709939516, 492.04983700856684, 0.0, 625.5251389150216, 0.0, 0.0, 0.0, 0.0, 980.2031767955635, 0.0, 1449.580268906744, 0.0, 0.0, 0.0, 980.2031767955635, 388.1525381285643, 159.88457351984982, 0.0, 359.6632310693309, 0.0]
INFORMACIÓN : 23apuestaBundle [359.6632310693309, 309.10279709939516, 251.1003127363506, 177.63895761398362]
INFORMACIÓN : 23positionsBundle [523, 243, 136, 272]
INFORMACIÓN : 23levelsBundle [1, 2, 2, 2]
INFORMACIÓN : 23positionsOrdered [523, 136, 272, 243]
INFORMACIÓN : 23levelsOrdered [1, 2, 2, 2]
INFORMACIÓN : 23partialityOrdered [1, 2, 2, 2]
INFORMACIÓN : 23arrivalTimes [4.47213595499958, 19.736473477473325, 34.05429454074968, 115.99531655780704]
INFORMACIÓN : 24historia15[915.4499330013982, 0.0, 0.0, 165.73704373104252, 0.0, 0.0, 0.0, 1449.580268906744, 0.0, 0.0, 571.8099188970276, 0.0, 225.17691051110063, 0.0, 915.4499330013982, 103.30696243085167, 0.0, 0.0, 0.0, 0.0, 0.0, 367.57483686299423, 0.0, 0.0, 388.1525381285643, 0.0, 625.5251389150216, 0.0, 258.53019143128114, 0.0, 0.0, 177.63895761398362, 688.2142162238241, 0.0, 0.0, 625.5251389150216, 0.0, 0.0, 0.0, 915.4499330013982, 0.0, 170.1120381929676, 0.0, 0.0, 0.0, 0.0, 0.0, 0.0, 0.0, 571.8099188970276, 1109.2337970755889, 0.0, 299.3140410268078, 1109.2337970755889, 0.0, 0.0, 688.2142162238241, 367.57483686299423, 0.0, 0.0, 258.53019143128114, 0.0, 0.0, 0.0, 0.0, 1109.2337970755889, 492.04983700856684, 205.138629454036, 0.0, 0.0, 0.0, 0.0, 0.0, 0.0, 0.0, 0.0, 0.0, 0.0, 0.0, 0.0, 0.0, 0.0, 0.0, 0.0, 316.20809586936315, 0.0, 0.0, 367.57483686299423, 980.2031767955635, 0.0, 0.0, 259.4342933579021, 0.0, 0.0, 0.0, 0.0, 0.0, 0.0, 0.0, 0.0, 251.1003127363506, 0.0, 0.0, 0.0, 0.0, 0.0, 0.0, 0.0, 0.0, 0.0, 0.0, 0.0, 0.0, 492.04983700856684, 571.8099188970276, 0.0, 0.0, 0.0, 0.0, 1449.580268906744, 0.0, 688.2142162238241, 0.0, 0.0, 0.0, 0.0, 0.0, 299.3140410268078, 0.0, 0.0, 0.0, 0.0, 0.0, 0.0, 0.0, 0.0, 309.10279709939516, 492.04983700856684, 0.0, 625.5251389150216, 0.0, 0.0, 0.0, 0.0, 980.2031767955635, 0.0, 1449.580268906744, 0.0, 0.0, 0.0, 980.2031767955635, 388.1525381285643, 159.88457351984982, 0.0, 359.6632310693309, 0.0]
INFORMACIÓN : 24apuestaBundle [359.6632310693309, 309.10279709939516, 251.1003127363506, 177.63895761398362]
INFORMACIÓN : 24positionsBundle [523, 243, 136, 272]
INFORMACIÓN : 24levelsBundle [1, 2, 2, 2]
INFORMACIÓN : 24positionsOrdered [523, 136, 272, 243]
INFORMACIÓN : 24levelsOrdered [1, 2, 2, 2]
INFORMACIÓN : 24partialityOrdered [1, 2, 2, 2]
INFORMACIÓN : 24arrivalTimes [4.47213595499958, 19.736473477473325, 34.05429454074968, 115.99531655780704]
INFORMACIÓN : 25historia16[915.4499330013982, 0.0, 0.0, 165.73704373104252, 0.0, 0.0, 0.0, 1449.580268906744, 0.0, 0.0, 571.8099188970276, 0.0, 225.17691051110063, 0.0, 915.4499330013982, 103.30696243085167, 0.0, 0.0, 0.0, 0.0, 0.0, 367.57483686299423, 0.0, 0.0, 388.1525381285643, 0.0, 625.5251389150216, 0.0, 258.53019143128114, 0.0, 0.0, 177.63895761398362, 688.2142162238241, 0.0, 0.0, 625.5251389150216, 0.0, 0.0, 0.0, 915.4499330013982, 0.0, 170.1120381929676, 0.0, 0.0, 0.0, 0.0, 0.0, 0.0, 0.0, 571.8099188970276, 1109.2337970755889, 0.0, 299.3140410268078, 1109.2337970755889, 0.0, 0.0, 688.2142162238241, 367.57483686299423, 0.0, 0.0, 258.53019143128114, 0.0, 0.0, 0.0, 0.0, 1109.2337970755889, 492.04983700856684, 205.138629454036, 0.0, 0.0, 0.0, 0.0, 0.0, 0.0, 0.0, 0.0, 0.0, 0.0, 0.0, 0.0, 0.0, 0.0, 0.0, 0.0, 316.20809586936315, 0.0, 0.0, 367.57483686299423, 980.2031767955635, 0.0, 0.0, 259.4342933579021, 0.0, 0.0, 0.0, 0.0, 0.0, 0.0, 0.0, 0.0, 251.1003127363506, 0.0, 0.0, 0.0, 0.0, 0.0, 0.0, 0.0, 0.0, 0.0, 0.0, 0.0, 0.0, 492.04983700856684, 571.8099188970276, 0.0, 0.0, 0.0, 0.0, 1449.580268906744, 0.0, 688.2142162238241, 0.0, 0.0, 0.0, 0.0, 0.0, 299.3140410268078, 0.0, 0.0, 0.0, 0.0, 0.0, 0.0, 0.0, 0.0, 309.10279709939516, 492.04983700856684, 0.0, 625.5251389150216, 0.0, 0.0, 0.0, 0.0, 980.2031767955635, 0.0, 1449.580268906744, 0.0, 0.0, 0.0, 980.2031767955635, 388.1525381285643, 159.88457351984982, 0.0, 359.6632310693309, 0.0]
INFORMACIÓN : 25apuestaBundle [359.6632310693309, 309.10279709939516, 251.1003127363506, 177.63895761398362]
INFORMACIÓN : 25positionsBundle [523, 243, 136, 272]
INFORMACIÓN : 25levelsBundle [1, 2, 2, 2]
INFORMACIÓN : 25positionsOrdered [523, 136, 272, 243]
INFORMACIÓN : 25levelsOrdered [1, 2, 2, 2]
INFORMACIÓN : 25partialityOrdered [1, 2, 2, 2]
INFORMACIÓN : 25arrivalTimes [4.47213595499958, 19.736473477473325, 34.05429454074968, 115.99531655780704]
INFORMACIÓN : 26historia17[915.4499330013982, 0.0, 0.0, 165.73704373104252, 0.0, 0.0, 0.0, 1449.580268906744, 0.0, 0.0, 571.8099188970276, 0.0, 225.17691051110063, 0.0, 915.4499330013982, 103.30696243085167, 0.0, 0.0, 0.0, 0.0, 0.0, 367.57483686299423, 0.0, 0.0, 388.1525381285643, 0.0, 625.5251389150216, 0.0, 258.53019143128114, 0.0, 0.0, 177.63895761398362, 688.2142162238241, 0.0, 0.0, 625.5251389150216, 0.0, 0.0, 0.0, 915.4499330013982, 0.0, 170.1120381929676, 0.0, 0.0, 0.0, 0.0, 0.0, 0.0, 0.0, 571.8099188970276, 1109.2337970755889, 0.0, 299.3140410268078, 1109.2337970755889, 0.0, 0.0, 688.2142162238241, 367.57483686299423, 0.0, 0.0, 258.53019143128114, 0.0, 0.0, 0.0, 0.0, 1109.2337970755889, 492.04983700856684, 205.138629454036, 0.0, 0.0, 0.0, 0.0, 0.0, 0.0, 0.0, 0.0, 0.0, 0.0, 0.0, 0.0, 0.0, 0.0, 0.0, 0.0, 316.20809586936315, 0.0, 0.0, 367.57483686299423, 980.2031767955635, 0.0, 0.0, 259.4342933579021, 0.0, 0.0, 0.0, 0.0, 0.0, 0.0, 0.0, 0.0, 251.1003127363506, 0.0, 0.0, 0.0, 0.0, 0.0, 0.0, 0.0, 0.0, 0.0, 0.0, 0.0, 0.0, 492.04983700856684, 571.8099188970276, 0.0, 0.0, 0.0, 0.0, 1449.580268906744, 0.0, 688.2142162238241, 0.0, 0.0, 0.0, 0.0, 0.0, 299.3140410268078, 0.0, 0.0, 0.0, 0.0, 0.0, 0.0, 0.0, 0.0, 309.10279709939516, 492.04983700856684, 0.0, 625.5251389150216, 0.0, 0.0, 0.0, 0.0, 980.2031767955635, 0.0, 1449.580268906744, 0.0, 0.0, 0.0, 980.2031767955635, 388.1525381285643, 159.88457351984982, 0.0, 359.6632310693309, 0.0]
INFORMACIÓN : 26apuestaBundle [359.6632310693309, 309.10279709939516, 251.1003127363506, 177.63895761398362]
INFORMACIÓN : 26positionsBundle [523, 243, 136, 272]
INFORMACIÓN : 26levelsBundle [1, 2, 2, 2]
INFORMACIÓN : 26positionsOrdered [523, 136, 272, 243]
INFORMACIÓN : 26levelsOrdered [1, 2, 2, 2]
INFORMACIÓN : 26partialityOrdered [1, 2, 2, 2]
INFORMACIÓN : 26arrivalTimes [4.47213595499958, 19.736473477473325, 34.05429454074968, 115.99531655780704]
INFORMACIÓN : 27historia18[915.4499330013982, 0.0, 0.0, 165.73704373104252, 0.0, 0.0, 0.0, 1449.580268906744, 0.0, 0.0, 571.8099188970276, 0.0, 225.17691051110063, 0.0, 915.4499330013982, 103.30696243085167, 0.0, 0.0, 0.0, 0.0, 0.0, 367.57483686299423, 0.0, 0.0, 388.1525381285643, 0.0, 625.5251389150216, 0.0, 258.53019143128114, 0.0, 0.0, 177.63895761398362, 688.2142162238241, 0.0, 0.0, 625.5251389150216, 0.0, 0.0, 0.0, 915.4499330013982, 0.0, 170.1120381929676, 0.0, 0.0, 0.0, 0.0, 0.0, 0.0, 0.0, 571.8099188970276, 1109.2337970755889, 0.0, 299.3140410268078, 1109.2337970755889, 0.0, 0.0, 688.2142162238241, 367.57483686299423, 0.0, 0.0, 258.53019143128114, 0.0, 0.0, 0.0, 0.0, 1109.2337970755889, 492.04983700856684, 205.138629454036, 0.0, 0.0, 0.0, 0.0, 0.0, 0.0, 0.0, 0.0, 0.0, 0.0, 0.0, 0.0, 0.0, 0.0, 0.0, 0.0, 316.20809586936315, 0.0, 0.0, 367.57483686299423, 980.2031767955635, 0.0, 0.0, 259.4342933579021, 0.0, 0.0, 0.0, 0.0, 0.0, 0.0, 0.0, 0.0, 251.1003127363506, 0.0, 0.0, 0.0, 0.0, 0.0, 0.0, 0.0, 0.0, 0.0, 0.0, 0.0, 0.0, 492.04983700856684, 571.8099188970276, 0.0, 0.0, 0.0, 0.0, 1449.580268906744, 0.0, 688.2142162238241, 0.0, 0.0, 0.0, 0.0, 0.0, 299.3140410268078, 0.0, 0.0, 0.0, 0.0, 0.0, 0.0, 0.0, 0.0, 309.10279709939516, 492.04983700856684, 0.0, 625.5251389150216, 0.0, 0.0, 0.0, 0.0, 980.2031767955635, 0.0, 1449.580268906744, 0.0, 0.0, 0.0, 980.2031767955635, 388.1525381285643, 159.88457351984982, 0.0, 359.6632310693309, 0.0]
INFORMACIÓN : 27apuestaBundle [359.6632310693309, 309.10279709939516, 251.1003127363506, 177.63895761398362]
INFORMACIÓN : 27positionsBundle [523, 243, 136, 272]
INFORMACIÓN : 27levelsBundle [1, 2, 2, 2]
INFORMACIÓN : 27positionsOrdered [523, 136, 272, 243]
INFORMACIÓN : 27levelsOrdered [1, 2, 2, 2]
INFORMACIÓN : 27partialityOrdered [1, 2, 2, 2]
INFORMACIÓN : 27arrivalTimes [4.47213595499958, 19.736473477473325, 34.05429454074968, 115.99531655780704]
INFORMACIÓN : 28historia19[915.4499330013982, 0.0, 0.0, 165.73704373104252, 0.0, 0.0, 0.0, 1449.580268906744, 0.0, 0.0, 571.8099188970276, 0.0, 225.17691051110063, 0.0, 915.4499330013982, 103.30696243085167, 0.0, 0.0, 0.0, 0.0, 0.0, 367.57483686299423, 0.0, 0.0, 388.1525381285643, 0.0, 625.5251389150216, 0.0, 258.53019143128114, 0.0, 0.0, 177.63895761398362, 688.2142162238241, 0.0, 0.0, 625.5251389150216, 0.0, 0.0, 0.0, 915.4499330013982, 0.0, 170.1120381929676, 0.0, 0.0, 0.0, 0.0, 0.0, 0.0, 0.0, 571.8099188970276, 1109.2337970755889, 0.0, 299.3140410268078, 1109.2337970755889, 0.0, 0.0, 688.2142162238241, 367.57483686299423, 0.0, 0.0, 258.53019143128114, 0.0, 0.0, 0.0, 0.0, 1109.2337970755889, 492.04983700856684, 205.138629454036, 0.0, 0.0, 0.0, 0.0, 0.0, 0.0, 0.0, 0.0, 0.0, 0.0, 0.0, 0.0, 0.0, 0.0, 0.0, 0.0, 316.20809586936315, 0.0, 0.0, 367.57483686299423, 980.2031767955635, 0.0, 0.0, 259.4342933579021, 0.0, 0.0, 0.0, 0.0, 0.0, 0.0, 0.0, 0.0, 251.1003127363506, 0.0, 0.0, 0.0, 0.0, 0.0, 0.0, 0.0, 0.0, 0.0, 0.0, 0.0, 0.0, 492.04983700856684, 571.8099188970276, 0.0, 0.0, 0.0, 0.0, 1449.580268906744, 0.0, 688.2142162238241, 0.0, 0.0, 0.0, 0.0, 0.0, 299.3140410268078, 0.0, 0.0, 0.0, 0.0, 0.0, 0.0, 0.0, 0.0, 309.10279709939516, 492.04983700856684, 0.0, 625.5251389150216, 0.0, 0.0, 0.0, 0.0, 980.2031767955635, 0.0, 1449.580268906744, 0.0, 0.0, 0.0, 980.2031767955635, 388.1525381285643, 159.88457351984982, 0.0, 359.6632310693309, 0.0]
INFORMACIÓN : 28apuestaBundle [359.6632310693309, 309.10279709939516, 251.1003127363506, 177.63895761398362]
INFORMACIÓN : 28positionsBundle [523, 243, 136, 272]
INFORMACIÓN : 28levelsBundle [1, 2, 2, 2]
INFORMACIÓN : 28positionsOrdered [523, 136, 272, 243]
INFORMACIÓN : 28levelsOrdered [1, 2, 2, 2]
INFORMACIÓN : 28partialityOrdered [1, 2, 2, 2]
INFORMACIÓN : 28arrivalTimes [4.47213595499958, 19.736473477473325, 34.05429454074968, 115.99531655780704]
INFORMACIÓN : 29historia20[915.4499330013982, 0.0, 0.0, 165.73704373104252, 0.0, 0.0, 0.0, 1449.580268906744, 0.0, 0.0, 571.8099188970276, 0.0, 225.17691051110063, 0.0, 915.4499330013982, 103.30696243085167, 0.0, 0.0, 0.0, 0.0, 0.0, 367.57483686299423, 0.0, 0.0, 388.1525381285643, 0.0, 625.5251389150216, 0.0, 258.53019143128114, 0.0, 0.0, 177.63895761398362, 688.2142162238241, 0.0, 0.0, 625.5251389150216, 0.0, 0.0, 0.0, 915.4499330013982, 0.0, 170.1120381929676, 0.0, 0.0, 0.0, 0.0, 0.0, 0.0, 0.0, 571.8099188970276, 1109.2337970755889, 0.0, 299.3140410268078, 1109.2337970755889, 0.0, 0.0, 688.2142162238241, 367.57483686299423, 0.0, 0.0, 258.53019143128114, 0.0, 0.0, 0.0, 0.0, 1109.2337970755889, 492.04983700856684, 205.138629454036, 0.0, 0.0, 0.0, 0.0, 0.0, 0.0, 0.0, 0.0, 0.0, 0.0, 0.0, 0.0, 0.0, 0.0, 0.0, 0.0, 316.20809586936315, 0.0, 0.0, 367.57483686299423, 980.2031767955635, 0.0, 0.0, 259.4342933579021, 0.0, 0.0, 0.0, 0.0, 0.0, 0.0, 0.0, 0.0, 251.1003127363506, 0.0, 0.0, 0.0, 0.0, 0.0, 0.0, 0.0, 0.0, 0.0, 0.0, 0.0, 0.0, 492.04983700856684, 571.8099188970276, 0.0, 0.0, 0.0, 0.0, 1449.580268906744, 0.0, 688.2142162238241, 0.0, 0.0, 0.0, 0.0, 0.0, 299.3140410268078, 0.0, 0.0, 0.0, 0.0, 0.0, 0.0, 0.0, 0.0, 309.10279709939516, 492.04983700856684, 0.0, 625.5251389150216, 0.0, 0.0, 0.0, 0.0, 980.2031767955635, 0.0, 1449.580268906744, 0.0, 0.0, 0.0, 980.2031767955635, 388.1525381285643, 159.88457351984982, 0.0, 359.6632310693309, 0.0]
INFORMACIÓN : 29apuestaBundle [359.6632310693309, 309.10279709939516, 251.1003127363506, 177.63895761398362]
INFORMACIÓN : 29positionsBundle [523, 243, 136, 272]
INFORMACIÓN : 29levelsBundle [1, 2, 2, 2]
INFORMACIÓN : 29positionsOrdered [523, 136, 272, 243]
INFORMACIÓN : 29levelsOrdered [1, 2, 2, 2]
INFORMACIÓN : 29partialityOrdered [1, 2, 2, 2]
INFORMACIÓN : 29arrivalTimes [4.47213595499958, 19.736473477473325, 34.05429454074968, 115.99531655780704]
INFORMACIÓN : 30historia21[915.4499330013982, 0.0, 0.0, 165.73704373104252, 0.0, 0.0, 0.0, 1449.580268906744, 0.0, 0.0, 571.8099188970276, 0.0, 225.17691051110063, 0.0, 915.4499330013982, 103.30696243085167, 0.0, 0.0, 0.0, 0.0, 0.0, 367.57483686299423, 0.0, 0.0, 388.1525381285643, 0.0, 625.5251389150216, 0.0, 258.53019143128114, 0.0, 0.0, 177.63895761398362, 688.2142162238241, 0.0, 0.0, 625.5251389150216, 0.0, 0.0, 0.0, 915.4499330013982, 0.0, 170.1120381929676, 0.0, 0.0, 0.0, 0.0, 0.0, 0.0, 0.0, 571.8099188970276, 1109.2337970755889, 0.0, 299.3140410268078, 1109.2337970755889, 0.0, 0.0, 688.2142162238241, 367.57483686299423, 0.0, 0.0, 258.53019143128114, 0.0, 0.0, 0.0, 0.0, 1109.2337970755889, 492.04983700856684, 205.138629454036, 0.0, 0.0, 0.0, 0.0, 0.0, 0.0, 0.0, 0.0, 0.0, 0.0, 0.0, 0.0, 0.0, 0.0, 0.0, 0.0, 316.20809586936315, 0.0, 0.0, 367.57483686299423, 980.2031767955635, 0.0, 0.0, 259.4342933579021, 0.0, 0.0, 0.0, 0.0, 0.0, 0.0, 0.0, 0.0, 251.1003127363506, 0.0, 0.0, 0.0, 0.0, 0.0, 0.0, 0.0, 0.0, 0.0, 0.0, 0.0, 0.0, 492.04983700856684, 571.8099188970276, 0.0, 0.0, 0.0, 0.0, 1449.580268906744, 0.0, 688.2142162238241, 0.0, 0.0, 0.0, 0.0, 0.0, 299.3140410268078, 0.0, 0.0, 0.0, 0.0, 0.0, 0.0, 0.0, 0.0, 309.10279709939516, 492.04983700856684, 0.0, 625.5251389150216, 0.0, 0.0, 0.0, 0.0, 980.2031767955635, 0.0, 1449.580268906744, 0.0, 0.0, 0.0, 980.2031767955635, 388.1525381285643, 159.88457351984982, 0.0, 359.6632310693309, 0.0]
INFORMACIÓN : 30apuestaBundle [359.6632310693309, 309.10279709939516, 251.1003127363506, 177.63895761398362]
INFORMACIÓN : 30positionsBundle [523, 243, 136, 272]
INFORMACIÓN : 30levelsBundle [1, 2, 2, 2]
INFORMACIÓN : 30positionsOrdered [523, 136, 272, 243]
INFORMACIÓN : 30levelsOrdered [1, 2, 2, 2]
INFORMACIÓN : 30partialityOrdered [1, 2, 2, 2]
INFORMACIÓN : 30arrivalTimes [4.47213595499958, 19.736473477473325, 34.05429454074968, 115.99531655780704]
INFORMACIÓN : 31historia22[915.4499330013982, 0.0, 0.0, 165.73704373104252, 0.0, 0.0, 0.0, 1449.580268906744, 0.0, 0.0, 571.8099188970276, 0.0, 225.17691051110063, 0.0, 915.4499330013982, 103.30696243085167, 0.0, 0.0, 0.0, 0.0, 0.0, 367.57483686299423, 0.0, 0.0, 388.1525381285643, 0.0, 625.5251389150216, 0.0, 258.53019143128114, 0.0, 0.0, 177.63895761398362, 688.2142162238241, 0.0, 0.0, 625.5251389150216, 0.0, 0.0, 0.0, 915.4499330013982, 0.0, 170.1120381929676, 0.0, 0.0, 0.0, 0.0, 0.0, 0.0, 0.0, 571.8099188970276, 1109.2337970755889, 0.0, 299.3140410268078, 1109.2337970755889, 0.0, 0.0, 688.2142162238241, 367.57483686299423, 0.0, 0.0, 258.53019143128114, 0.0, 0.0, 0.0, 0.0, 1109.2337970755889, 492.04983700856684, 205.138629454036, 0.0, 0.0, 0.0, 0.0, 0.0, 0.0, 0.0, 0.0, 0.0, 0.0, 0.0, 0.0, 0.0, 0.0, 0.0, 0.0, 316.20809586936315, 0.0, 0.0, 367.57483686299423, 980.2031767955635, 0.0, 0.0, 259.4342933579021, 0.0, 0.0, 0.0, 0.0, 0.0, 0.0, 0.0, 0.0, 251.1003127363506, 0.0, 0.0, 0.0, 0.0, 0.0, 0.0, 0.0, 0.0, 0.0, 0.0, 0.0, 0.0, 492.04983700856684, 571.8099188970276, 0.0, 0.0, 0.0, 0.0, 1449.580268906744, 0.0, 688.2142162238241, 0.0, 0.0, 0.0, 0.0, 0.0, 299.3140410268078, 0.0, 0.0, 0.0, 0.0, 0.0, 0.0, 0.0, 0.0, 309.10279709939516, 492.04983700856684, 0.0, 625.5251389150216, 0.0, 0.0, 0.0, 0.0, 980.2031767955635, 0.0, 1449.580268906744, 0.0, 0.0, 0.0, 980.2031767955635, 388.1525381285643, 159.88457351984982, 0.0, 359.6632310693309, 0.0]
INFORMACIÓN : 31apuestaBundle [359.6632310693309, 309.10279709939516, 251.1003127363506, 177.63895761398362]
INFORMACIÓN : 31positionsBundle [523, 243, 136, 272]
INFORMACIÓN : 31levelsBundle [1, 2, 2, 2]
INFORMACIÓN : 31positionsOrdered [523, 136, 272, 243]
INFORMACIÓN : 31levelsOrdered [1, 2, 2, 2]
INFORMACIÓN : 31partialityOrdered [1, 2, 2, 2]
INFORMACIÓN : 31arrivalTimes [4.47213595499958, 19.736473477473325, 34.05429454074968, 115.99531655780704]
INFORMACIÓN : 32historia23[915.4499330013982, 0.0, 0.0, 165.73704373104252, 0.0, 0.0, 0.0, 1449.580268906744, 0.0, 0.0, 571.8099188970276, 0.0, 225.17691051110063, 0.0, 915.4499330013982, 103.30696243085167, 0.0, 0.0, 0.0, 0.0, 0.0, 367.57483686299423, 0.0, 0.0, 388.1525381285643, 0.0, 625.5251389150216, 0.0, 258.53019143128114, 0.0, 0.0, 177.63895761398362, 688.2142162238241, 0.0, 0.0, 625.5251389150216, 0.0, 0.0, 0.0, 915.4499330013982, 0.0, 170.1120381929676, 0.0, 0.0, 0.0, 0.0, 0.0, 0.0, 0.0, 571.8099188970276, 1109.2337970755889, 0.0, 299.3140410268078, 1109.2337970755889, 0.0, 0.0, 688.2142162238241, 367.57483686299423, 0.0, 0.0, 258.53019143128114, 0.0, 0.0, 0.0, 0.0, 1109.2337970755889, 492.04983700856684, 205.138629454036, 0.0, 0.0, 0.0, 0.0, 0.0, 0.0, 0.0, 0.0, 0.0, 0.0, 0.0, 0.0, 0.0, 0.0, 0.0, 0.0, 316.20809586936315, 0.0, 0.0, 367.57483686299423, 980.2031767955635, 0.0, 0.0, 259.4342933579021, 0.0, 0.0, 0.0, 0.0, 0.0, 0.0, 0.0, 0.0, 251.1003127363506, 0.0, 0.0, 0.0, 0.0, 0.0, 0.0, 0.0, 0.0, 0.0, 0.0, 0.0, 0.0, 492.04983700856684, 571.8099188970276, 0.0, 0.0, 0.0, 0.0, 1449.580268906744, 0.0, 688.2142162238241, 0.0, 0.0, 0.0, 0.0, 0.0, 299.3140410268078, 0.0, 0.0, 0.0, 0.0, 0.0, 0.0, 0.0, 0.0, 309.10279709939516, 492.04983700856684, 0.0, 625.5251389150216, 0.0, 0.0, 0.0, 0.0, 980.2031767955635, 0.0, 1449.580268906744, 0.0, 0.0, 0.0, 980.2031767955635, 388.1525381285643, 159.88457351984982, 0.0, 359.6632310693309, 0.0]
INFORMACIÓN : 32apuestaBundle [359.6632310693309, 309.10279709939516, 251.1003127363506, 177.63895761398362]
INFORMACIÓN : 32positionsBundle [523, 243, 136, 272]
INFORMACIÓN : 32levelsBundle [1, 2, 2, 2]
INFORMACIÓN : 32positionsOrdered [523, 136, 272, 243]
INFORMACIÓN : 32levelsOrdered [1, 2, 2, 2]
INFORMACIÓN : 32partialityOrdered [1, 2, 2, 2]
INFORMACIÓN : 32arrivalTimes [4.47213595499958, 19.736473477473325, 34.05429454074968, 115.99531655780704]
INFORMACIÓN : 33historia24[915.4499330013982, 0.0, 0.0, 165.73704373104252, 0.0, 0.0, 0.0, 1449.580268906744, 0.0, 0.0, 571.8099188970276, 0.0, 225.17691051110063, 0.0, 915.4499330013982, 103.30696243085167, 0.0, 0.0, 0.0, 0.0, 0.0, 367.57483686299423, 0.0, 0.0, 388.1525381285643, 0.0, 625.5251389150216, 0.0, 258.53019143128114, 0.0, 0.0, 177.63895761398362, 688.2142162238241, 0.0, 0.0, 625.5251389150216, 0.0, 0.0, 0.0, 915.4499330013982, 0.0, 170.1120381929676, 0.0, 0.0, 0.0, 0.0, 0.0, 0.0, 0.0, 571.8099188970276, 1109.2337970755889, 0.0, 299.3140410268078, 1109.2337970755889, 0.0, 0.0, 688.2142162238241, 367.57483686299423, 0.0, 0.0, 258.53019143128114, 0.0, 0.0, 0.0, 0.0, 1109.2337970755889, 492.04983700856684, 205.138629454036, 0.0, 0.0, 0.0, 0.0, 0.0, 0.0, 0.0, 0.0, 0.0, 0.0, 0.0, 0.0, 0.0, 0.0, 0.0, 0.0, 316.20809586936315, 0.0, 0.0, 367.57483686299423, 980.2031767955635, 0.0, 0.0, 259.4342933579021, 0.0, 0.0, 0.0, 0.0, 0.0, 0.0, 0.0, 0.0, 251.1003127363506, 0.0, 0.0, 0.0, 0.0, 0.0, 0.0, 0.0, 0.0, 0.0, 0.0, 0.0, 0.0, 492.04983700856684, 571.8099188970276, 0.0, 0.0, 0.0, 0.0, 1449.580268906744, 0.0, 688.2142162238241, 0.0, 0.0, 0.0, 0.0, 0.0, 299.3140410268078, 0.0, 0.0, 0.0, 0.0, 0.0, 0.0, 0.0, 0.0, 309.10279709939516, 492.04983700856684, 0.0, 625.5251389150216, 0.0, 0.0, 0.0, 0.0, 980.2031767955635, 0.0, 1449.580268906744, 0.0, 0.0, 0.0, 980.2031767955635, 388.1525381285643, 159.88457351984982, 0.0, 359.6632310693309, 0.0]
INFORMACIÓN : 33apuestaBundle [359.6632310693309, 309.10279709939516, 251.1003127363506, 177.63895761398362]
INFORMACIÓN : 33positionsBundle [523, 243, 136, 272]
INFORMACIÓN : 33levelsBundle [1, 2, 2, 2]
INFORMACIÓN : 33positionsOrdered [523, 136, 272, 243]
INFORMACIÓN : 33levelsOrdered [1, 2, 2, 2]
INFORMACIÓN : 33partialityOrdered [1, 2, 2, 2]
INFORMACIÓN : 33arrivalTimes [4.47213595499958, 19.736473477473325, 34.05429454074968, 115.99531655780704]
INFORMACIÓN : 34historia25[915.4499330013982, 0.0, 0.0, 165.73704373104252, 0.0, 0.0, 0.0, 1449.580268906744, 0.0, 0.0, 571.8099188970276, 0.0, 225.17691051110063, 0.0, 915.4499330013982, 103.30696243085167, 0.0, 0.0, 0.0, 0.0, 0.0, 367.57483686299423, 0.0, 0.0, 388.1525381285643, 0.0, 625.5251389150216, 0.0, 258.53019143128114, 0.0, 0.0, 177.63895761398362, 688.2142162238241, 0.0, 0.0, 625.5251389150216, 0.0, 0.0, 0.0, 915.4499330013982, 0.0, 170.1120381929676, 0.0, 0.0, 0.0, 0.0, 0.0, 0.0, 0.0, 571.8099188970276, 1109.2337970755889, 0.0, 299.3140410268078, 1109.2337970755889, 0.0, 0.0, 688.2142162238241, 367.57483686299423, 0.0, 0.0, 258.53019143128114, 0.0, 0.0, 0.0, 0.0, 1109.2337970755889, 492.04983700856684, 205.138629454036, 0.0, 0.0, 0.0, 0.0, 0.0, 0.0, 0.0, 0.0, 0.0, 0.0, 0.0, 0.0, 0.0, 0.0, 0.0, 0.0, 316.20809586936315, 0.0, 0.0, 367.57483686299423, 980.2031767955635, 0.0, 0.0, 259.4342933579021, 0.0, 0.0, 0.0, 0.0, 0.0, 0.0, 0.0, 0.0, 251.1003127363506, 0.0, 0.0, 0.0, 0.0, 0.0, 0.0, 0.0, 0.0, 0.0, 0.0, 0.0, 0.0, 492.04983700856684, 571.8099188970276, 0.0, 0.0, 0.0, 0.0, 1449.580268906744, 0.0, 688.2142162238241, 0.0, 0.0, 0.0, 0.0, 0.0, 299.3140410268078, 0.0, 0.0, 0.0, 0.0, 0.0, 0.0, 0.0, 0.0, 309.10279709939516, 492.04983700856684, 0.0, 625.5251389150216, 0.0, 0.0, 0.0, 0.0, 980.2031767955635, 0.0, 1449.580268906744, 0.0, 0.0, 0.0, 980.2031767955635, 388.1525381285643, 159.88457351984982, 0.0, 359.6632310693309, 0.0]
INFORMACIÓN : 34apuestaBundle [359.6632310693309, 309.10279709939516, 251.1003127363506, 177.63895761398362]
INFORMACIÓN : 34positionsBundle [523, 243, 136, 272]
INFORMACIÓN : 34levelsBundle [1, 2, 2, 2]
INFORMACIÓN : 34positionsOrdered [523, 136, 272, 243]
INFORMACIÓN : 34levelsOrdered [1, 2, 2, 2]
INFORMACIÓN : 34partialityOrdered [1, 2, 2, 2]
INFORMACIÓN : 34arrivalTimes [4.47213595499958, 19.736473477473325, 34.05429454074968, 115.99531655780704]
INFORMACIÓN : 35historia26[915.4499330013982, 0.0, 0.0, 165.73704373104252, 0.0, 0.0, 0.0, 1449.580268906744, 0.0, 0.0, 571.8099188970276, 0.0, 225.17691051110063, 0.0, 915.4499330013982, 103.30696243085167, 0.0, 0.0, 0.0, 0.0, 0.0, 367.57483686299423, 0.0, 0.0, 388.1525381285643, 0.0, 625.5251389150216, 0.0, 258.53019143128114, 0.0, 0.0, 177.63895761398362, 688.2142162238241, 0.0, 0.0, 625.5251389150216, 0.0, 0.0, 0.0, 915.4499330013982, 0.0, 170.1120381929676, 0.0, 0.0, 0.0, 0.0, 0.0, 0.0, 0.0, 571.8099188970276, 1109.2337970755889, 0.0, 299.3140410268078, 1109.2337970755889, 0.0, 0.0, 688.2142162238241, 367.57483686299423, 0.0, 0.0, 258.53019143128114, 0.0, 0.0, 0.0, 0.0, 1109.2337970755889, 492.04983700856684, 205.138629454036, 0.0, 0.0, 0.0, 0.0, 0.0, 0.0, 0.0, 0.0, 0.0, 0.0, 0.0, 0.0, 0.0, 0.0, 0.0, 0.0, 316.20809586936315, 0.0, 0.0, 367.57483686299423, 980.2031767955635, 0.0, 0.0, 259.4342933579021, 0.0, 0.0, 0.0, 0.0, 0.0, 0.0, 0.0, 0.0, 251.1003127363506, 0.0, 0.0, 0.0, 0.0, 0.0, 0.0, 0.0, 0.0, 0.0, 0.0, 0.0, 0.0, 492.04983700856684, 571.8099188970276, 0.0, 0.0, 0.0, 0.0, 1449.580268906744, 0.0, 688.2142162238241, 0.0, 0.0, 0.0, 0.0, 0.0, 299.3140410268078, 0.0, 0.0, 0.0, 0.0, 0.0, 0.0, 0.0, 0.0, 309.10279709939516, 492.04983700856684, 0.0, 625.5251389150216, 0.0, 0.0, 0.0, 0.0, 980.2031767955635, 0.0, 1449.580268906744, 0.0, 0.0, 0.0, 980.2031767955635, 388.1525381285643, 159.88457351984982, 0.0, 359.6632310693309, 0.0]
INFORMACIÓN : 35apuestaBundle [359.6632310693309, 309.10279709939516, 251.1003127363506, 177.63895761398362]
INFORMACIÓN : 35positionsBundle [523, 243, 136, 272]
INFORMACIÓN : 35levelsBundle [1, 2, 2, 2]
INFORMACIÓN : 35positionsOrdered [523, 136, 272, 243]
INFORMACIÓN : 35levelsOrdered [1, 2, 2, 2]
INFORMACIÓN : 35partialityOrdered [1, 2, 2, 2]
INFORMACIÓN : 35arrivalTimes [4.47213595499958, 19.736473477473325, 34.05429454074968, 115.99531655780704]
INFORMACIÓN : 36historia27[915.4499330013982, 0.0, 0.0, 165.73704373104252, 0.0, 0.0, 0.0, 1449.580268906744, 0.0, 0.0, 571.8099188970276, 0.0, 225.17691051110063, 0.0, 915.4499330013982, 103.30696243085167, 0.0, 0.0, 0.0, 0.0, 0.0, 367.57483686299423, 0.0, 0.0, 388.1525381285643, 0.0, 625.5251389150216, 0.0, 258.53019143128114, 0.0, 0.0, 177.63895761398362, 688.2142162238241, 0.0, 0.0, 625.5251389150216, 0.0, 0.0, 0.0, 915.4499330013982, 0.0, 170.1120381929676, 0.0, 0.0, 0.0, 0.0, 0.0, 0.0, 0.0, 571.8099188970276, 1109.2337970755889, 0.0, 299.3140410268078, 1109.2337970755889, 0.0, 0.0, 688.2142162238241, 367.57483686299423, 0.0, 0.0, 258.53019143128114, 0.0, 0.0, 0.0, 0.0, 1109.2337970755889, 492.04983700856684, 205.138629454036, 0.0, 0.0, 0.0, 0.0, 0.0, 0.0, 0.0, 0.0, 0.0, 0.0, 0.0, 0.0, 0.0, 0.0, 0.0, 0.0, 316.20809586936315, 0.0, 0.0, 367.57483686299423, 980.2031767955635, 0.0, 0.0, 259.4342933579021, 0.0, 0.0, 0.0, 0.0, 0.0, 0.0, 0.0, 0.0, 251.1003127363506, 0.0, 0.0, 0.0, 0.0, 0.0, 0.0, 0.0, 0.0, 0.0, 0.0, 0.0, 0.0, 492.04983700856684, 571.8099188970276, 0.0, 0.0, 0.0, 0.0, 1449.580268906744, 0.0, 688.2142162238241, 0.0, 0.0, 0.0, 0.0, 0.0, 299.3140410268078, 0.0, 0.0, 0.0, 0.0, 0.0, 0.0, 0.0, 0.0, 309.10279709939516, 492.04983700856684, 0.0, 625.5251389150216, 0.0, 0.0, 0.0, 0.0, 980.2031767955635, 0.0, 1449.580268906744, 0.0, 0.0, 0.0, 980.2031767955635, 388.1525381285643, 159.88457351984982, 0.0, 359.6632310693309, 0.0]
INFORMACIÓN : 36apuestaBundle [359.6632310693309, 309.10279709939516, 251.1003127363506, 177.63895761398362]
INFORMACIÓN : 36positionsBundle [523, 243, 136, 272]
INFORMACIÓN : 36levelsBundle [1, 2, 2, 2]
INFORMACIÓN : 36positionsOrdered [523, 136, 272, 243]
INFORMACIÓN : 36levelsOrdered [1, 2, 2, 2]
INFORMACIÓN : 36partialityOrdered [1, 2, 2, 2]
INFORMACIÓN : 36arrivalTimes [4.47213595499958, 19.736473477473325, 34.05429454074968, 115.99531655780704]
INFORMACIÓN : 37historia28[915.4499330013982, 0.0, 0.0, 165.73704373104252, 0.0, 0.0, 0.0, 1449.580268906744, 0.0, 0.0, 571.8099188970276, 0.0, 225.17691051110063, 0.0, 915.4499330013982, 103.30696243085167, 0.0, 0.0, 0.0, 0.0, 0.0, 367.57483686299423, 0.0, 0.0, 388.1525381285643, 0.0, 625.5251389150216, 0.0, 258.53019143128114, 0.0, 0.0, 177.63895761398362, 688.2142162238241, 0.0, 0.0, 625.5251389150216, 0.0, 0.0, 0.0, 915.4499330013982, 0.0, 170.1120381929676, 0.0, 0.0, 0.0, 0.0, 0.0, 0.0, 0.0, 571.8099188970276, 1109.2337970755889, 0.0, 299.3140410268078, 1109.2337970755889, 0.0, 0.0, 688.2142162238241, 367.57483686299423, 0.0, 0.0, 258.53019143128114, 0.0, 0.0, 0.0, 0.0, 1109.2337970755889, 492.04983700856684, 205.138629454036, 0.0, 0.0, 0.0, 0.0, 0.0, 0.0, 0.0, 0.0, 0.0, 0.0, 0.0, 0.0, 0.0, 0.0, 0.0, 0.0, 316.20809586936315, 0.0, 0.0, 367.57483686299423, 980.2031767955635, 0.0, 0.0, 259.4342933579021, 0.0, 0.0, 0.0, 0.0, 0.0, 0.0, 0.0, 0.0, 251.1003127363506, 0.0, 0.0, 0.0, 0.0, 0.0, 0.0, 0.0, 0.0, 0.0, 0.0, 0.0, 0.0, 492.04983700856684, 571.8099188970276, 0.0, 0.0, 0.0, 0.0, 1449.580268906744, 0.0, 688.2142162238241, 0.0, 0.0, 0.0, 0.0, 0.0, 299.3140410268078, 0.0, 0.0, 0.0, 0.0, 0.0, 0.0, 0.0, 0.0, 309.10279709939516, 492.04983700856684, 0.0, 625.5251389150216, 0.0, 0.0, 0.0, 0.0, 980.2031767955635, 0.0, 1449.580268906744, 0.0, 0.0, 0.0, 980.2031767955635, 388.1525381285643, 159.88457351984982, 0.0, 359.6632310693309, 0.0]
INFORMACIÓN : 37apuestaBundle [359.6632310693309, 309.10279709939516, 251.1003127363506, 177.63895761398362]
INFORMACIÓN : 37positionsBundle [523, 243, 136, 272]
INFORMACIÓN : 37levelsBundle [1, 2, 2, 2]
INFORMACIÓN : 37positionsOrdered [523, 136, 272, 243]
INFORMACIÓN : 37levelsOrdered [1, 2, 2, 2]
INFORMACIÓN : 37partialityOrdered [1, 2, 2, 2]
INFORMACIÓN : 37arrivalTimes [4.47213595499958, 19.736473477473325, 34.05429454074968, 115.99531655780704]
INFORMACIÓN : 38historia29[915.4499330013982, 0.0, 0.0, 165.73704373104252, 0.0, 0.0, 0.0, 1449.580268906744, 0.0, 0.0, 571.8099188970276, 0.0, 225.17691051110063, 0.0, 915.4499330013982, 103.30696243085167, 0.0, 0.0, 0.0, 0.0, 0.0, 367.57483686299423, 0.0, 0.0, 388.1525381285643, 0.0, 625.5251389150216, 0.0, 258.53019143128114, 0.0, 0.0, 177.63895761398362, 688.2142162238241, 0.0, 0.0, 625.5251389150216, 0.0, 0.0, 0.0, 915.4499330013982, 0.0, 170.1120381929676, 0.0, 0.0, 0.0, 0.0, 0.0, 0.0, 0.0, 571.8099188970276, 1109.2337970755889, 0.0, 299.3140410268078, 1109.2337970755889, 0.0, 0.0, 688.2142162238241, 367.57483686299423, 0.0, 0.0, 258.53019143128114, 0.0, 0.0, 0.0, 0.0, 1109.2337970755889, 492.04983700856684, 205.138629454036, 0.0, 0.0, 0.0, 0.0, 0.0, 0.0, 0.0, 0.0, 0.0, 0.0, 0.0, 0.0, 0.0, 0.0, 0.0, 0.0, 316.20809586936315, 0.0, 0.0, 367.57483686299423, 980.2031767955635, 0.0, 0.0, 259.4342933579021, 0.0, 0.0, 0.0, 0.0, 0.0, 0.0, 0.0, 0.0, 251.1003127363506, 0.0, 0.0, 0.0, 0.0, 0.0, 0.0, 0.0, 0.0, 0.0, 0.0, 0.0, 0.0, 492.04983700856684, 571.8099188970276, 0.0, 0.0, 0.0, 0.0, 1449.580268906744, 0.0, 688.2142162238241, 0.0, 0.0, 0.0, 0.0, 0.0, 299.3140410268078, 0.0, 0.0, 0.0, 0.0, 0.0, 0.0, 0.0, 0.0, 309.10279709939516, 492.04983700856684, 0.0, 625.5251389150216, 0.0, 0.0, 0.0, 0.0, 980.2031767955635, 0.0, 1449.580268906744, 0.0, 0.0, 0.0, 980.2031767955635, 388.1525381285643, 159.88457351984982, 0.0, 359.6632310693309, 0.0]
INFORMACIÓN : 38apuestaBundle [359.6632310693309, 309.10279709939516, 251.1003127363506, 177.63895761398362]
INFORMACIÓN : 38positionsBundle [523, 243, 136, 272]
INFORMACIÓN : 38levelsBundle [1, 2, 2, 2]
INFORMACIÓN : 38positionsOrdered [523, 136, 272, 243]
INFORMACIÓN : 38levelsOrdered [1, 2, 2, 2]
INFORMACIÓN : 38partialityOrdered [1, 2, 2, 2]
INFORMACIÓN : 38arrivalTimes [4.47213595499958, 19.736473477473325, 34.05429454074968, 115.99531655780704]
INFORMACIÓN : 39historia30[915.4499330013982, 0.0, 0.0, 165.73704373104252, 0.0, 0.0, 0.0, 1449.580268906744, 0.0, 0.0, 571.8099188970276, 0.0, 225.17691051110063, 0.0, 915.4499330013982, 103.30696243085167, 0.0, 0.0, 0.0, 0.0, 0.0, 367.57483686299423, 0.0, 0.0, 388.1525381285643, 0.0, 625.5251389150216, 0.0, 258.53019143128114, 0.0, 0.0, 177.63895761398362, 688.2142162238241, 0.0, 0.0, 625.5251389150216, 0.0, 0.0, 0.0, 915.4499330013982, 0.0, 170.1120381929676, 0.0, 0.0, 0.0, 0.0, 0.0, 0.0, 0.0, 571.8099188970276, 1109.2337970755889, 0.0, 299.3140410268078, 1109.2337970755889, 0.0, 0.0, 688.2142162238241, 367.57483686299423, 0.0, 0.0, 258.53019143128114, 0.0, 0.0, 0.0, 0.0, 1109.2337970755889, 492.04983700856684, 205.138629454036, 0.0, 0.0, 0.0, 0.0, 0.0, 0.0, 0.0, 0.0, 0.0, 0.0, 0.0, 0.0, 0.0, 0.0, 0.0, 0.0, 316.20809586936315, 0.0, 0.0, 367.57483686299423, 980.2031767955635, 0.0, 0.0, 259.4342933579021, 0.0, 0.0, 0.0, 0.0, 0.0, 0.0, 0.0, 0.0, 251.1003127363506, 0.0, 0.0, 0.0, 0.0, 0.0, 0.0, 0.0, 0.0, 0.0, 0.0, 0.0, 0.0, 492.04983700856684, 571.8099188970276, 0.0, 0.0, 0.0, 0.0, 1449.580268906744, 0.0, 688.2142162238241, 0.0, 0.0, 0.0, 0.0, 0.0, 299.3140410268078, 0.0, 0.0, 0.0, 0.0, 0.0, 0.0, 0.0, 0.0, 309.10279709939516, 492.04983700856684, 0.0, 625.5251389150216, 0.0, 0.0, 0.0, 0.0, 980.2031767955635, 0.0, 1449.580268906744, 0.0, 0.0, 0.0, 980.2031767955635, 388.1525381285643, 159.88457351984982, 0.0, 359.6632310693309, 0.0]
INFORMACIÓN : 39apuestaBundle [359.6632310693309, 309.10279709939516, 251.1003127363506, 177.63895761398362]
INFORMACIÓN : 39positionsBundle [523, 243, 136, 272]
INFORMACIÓN : 39levelsBundle [1, 2, 2, 2]
INFORMACIÓN : 39positionsOrdered [523, 136, 272, 243]
INFORMACIÓN : 39levelsOrdered [1, 2, 2, 2]
INFORMACIÓN : 39partialityOrdered [1, 2, 2, 2]
INFORMACIÓN : 39arrivalTimes [4.47213595499958, 19.736473477473325, 34.05429454074968, 115.99531655780704]
INFORMACIÓN : 40historia31[915.4499330013982, 0.0, 0.0, 165.73704373104252, 0.0, 0.0, 0.0, 1449.580268906744, 0.0, 0.0, 571.8099188970276, 0.0, 225.17691051110063, 0.0, 915.4499330013982, 103.30696243085167, 0.0, 0.0, 0.0, 0.0, 0.0, 367.57483686299423, 0.0, 0.0, 388.1525381285643, 0.0, 625.5251389150216, 0.0, 258.53019143128114, 0.0, 0.0, 177.63895761398362, 688.2142162238241, 0.0, 0.0, 625.5251389150216, 0.0, 0.0, 0.0, 915.4499330013982, 0.0, 170.1120381929676, 0.0, 0.0, 0.0, 0.0, 0.0, 0.0, 0.0, 571.8099188970276, 1109.2337970755889, 0.0, 299.3140410268078, 1109.2337970755889, 0.0, 0.0, 688.2142162238241, 367.57483686299423, 0.0, 0.0, 258.53019143128114, 0.0, 0.0, 0.0, 0.0, 1109.2337970755889, 492.04983700856684, 205.138629454036, 0.0, 0.0, 0.0, 0.0, 0.0, 0.0, 0.0, 0.0, 0.0, 0.0, 0.0, 0.0, 0.0, 0.0, 0.0, 0.0, 316.20809586936315, 0.0, 0.0, 367.57483686299423, 980.2031767955635, 0.0, 0.0, 259.4342933579021, 0.0, 0.0, 0.0, 0.0, 0.0, 0.0, 0.0, 0.0, 251.1003127363506, 0.0, 0.0, 0.0, 0.0, 0.0, 0.0, 0.0, 0.0, 0.0, 0.0, 0.0, 0.0, 492.04983700856684, 571.8099188970276, 0.0, 0.0, 0.0, 0.0, 1449.580268906744, 0.0, 688.2142162238241, 0.0, 0.0, 0.0, 0.0, 0.0, 299.3140410268078, 0.0, 0.0, 0.0, 0.0, 0.0, 0.0, 0.0, 0.0, 309.10279709939516, 492.04983700856684, 0.0, 625.5251389150216, 0.0, 0.0, 0.0, 0.0, 980.2031767955635, 0.0, 1449.580268906744, 0.0, 0.0, 0.0, 980.2031767955635, 388.1525381285643, 159.88457351984982, 0.0, 359.6632310693309, 0.0]
INFORMACIÓN : 40apuestaBundle [359.6632310693309, 309.10279709939516, 251.1003127363506, 177.63895761398362]
INFORMACIÓN : 40positionsBundle [523, 243, 136, 272]
INFORMACIÓN : 40levelsBundle [1, 2, 2, 2]
INFORMACIÓN : 40positionsOrdered [523, 136, 272, 243]
INFORMACIÓN : 40levelsOrdered [1, 2, 2, 2]
INFORMACIÓN : 40partialityOrdered [1, 2, 2, 2]
INFORMACIÓN : 40arrivalTimes [4.47213595499958, 19.736473477473325, 34.05429454074968, 115.99531655780704]
INFORMACIÓN : 41historia32[915.4499330013982, 0.0, 0.0, 165.73704373104252, 0.0, 0.0, 0.0, 1449.580268906744, 0.0, 0.0, 571.8099188970276, 0.0, 225.17691051110063, 0.0, 915.4499330013982, 103.30696243085167, 0.0, 0.0, 0.0, 0.0, 0.0, 367.57483686299423, 0.0, 0.0, 388.1525381285643, 0.0, 625.5251389150216, 0.0, 258.53019143128114, 0.0, 0.0, 177.63895761398362, 688.2142162238241, 0.0, 0.0, 625.5251389150216, 0.0, 0.0, 0.0, 915.4499330013982, 0.0, 170.1120381929676, 0.0, 0.0, 0.0, 0.0, 0.0, 0.0, 0.0, 571.8099188970276, 1109.2337970755889, 0.0, 299.3140410268078, 1109.2337970755889, 0.0, 0.0, 688.2142162238241, 367.57483686299423, 0.0, 0.0, 258.53019143128114, 0.0, 0.0, 0.0, 0.0, 1109.2337970755889, 492.04983700856684, 205.138629454036, 0.0, 0.0, 0.0, 0.0, 0.0, 0.0, 0.0, 0.0, 0.0, 0.0, 0.0, 0.0, 0.0, 0.0, 0.0, 0.0, 316.20809586936315, 0.0, 0.0, 367.57483686299423, 980.2031767955635, 0.0, 0.0, 259.4342933579021, 0.0, 0.0, 0.0, 0.0, 0.0, 0.0, 0.0, 0.0, 251.1003127363506, 0.0, 0.0, 0.0, 0.0, 0.0, 0.0, 0.0, 0.0, 0.0, 0.0, 0.0, 0.0, 492.04983700856684, 571.8099188970276, 0.0, 0.0, 0.0, 0.0, 1449.580268906744, 0.0, 688.2142162238241, 0.0, 0.0, 0.0, 0.0, 0.0, 299.3140410268078, 0.0, 0.0, 0.0, 0.0, 0.0, 0.0, 0.0, 0.0, 309.10279709939516, 492.04983700856684, 0.0, 625.5251389150216, 0.0, 0.0, 0.0, 0.0, 980.2031767955635, 0.0, 1449.580268906744, 0.0, 0.0, 0.0, 980.2031767955635, 388.1525381285643, 159.88457351984982, 0.0, 359.6632310693309, 0.0]
INFORMACIÓN : 41apuestaBundle [359.6632310693309, 309.10279709939516, 251.1003127363506, 177.63895761398362]
INFORMACIÓN : 41positionsBundle [523, 243, 136, 272]
INFORMACIÓN : 41levelsBundle [1, 2, 2, 2]
INFORMACIÓN : 41positionsOrdered [523, 136, 272, 243]
INFORMACIÓN : 41levelsOrdered [1, 2, 2, 2]
INFORMACIÓN : 41partialityOrdered [1, 2, 2, 2]
INFORMACIÓN : 41arrivalTimes [4.47213595499958, 19.736473477473325, 34.05429454074968, 115.99531655780704]
INFORMACIÓN : 42historia33[915.4499330013982, 0.0, 0.0, 165.73704373104252, 0.0, 0.0, 0.0, 1449.580268906744, 0.0, 0.0, 571.8099188970276, 0.0, 225.17691051110063, 0.0, 915.4499330013982, 103.30696243085167, 0.0, 0.0, 0.0, 0.0, 0.0, 367.57483686299423, 0.0, 0.0, 388.1525381285643, 0.0, 625.5251389150216, 0.0, 258.53019143128114, 0.0, 0.0, 177.63895761398362, 688.2142162238241, 0.0, 0.0, 625.5251389150216, 0.0, 0.0, 0.0, 915.4499330013982, 0.0, 170.1120381929676, 0.0, 0.0, 0.0, 0.0, 0.0, 0.0, 0.0, 571.8099188970276, 1109.2337970755889, 0.0, 299.3140410268078, 1109.2337970755889, 0.0, 0.0, 688.2142162238241, 367.57483686299423, 0.0, 0.0, 258.53019143128114, 0.0, 0.0, 0.0, 0.0, 1109.2337970755889, 492.04983700856684, 205.138629454036, 0.0, 0.0, 0.0, 0.0, 0.0, 0.0, 0.0, 0.0, 0.0, 0.0, 0.0, 0.0, 0.0, 0.0, 0.0, 0.0, 316.20809586936315, 0.0, 0.0, 367.57483686299423, 980.2031767955635, 0.0, 0.0, 259.4342933579021, 0.0, 0.0, 0.0, 0.0, 0.0, 0.0, 0.0, 0.0, 251.1003127363506, 0.0, 0.0, 0.0, 0.0, 0.0, 0.0, 0.0, 0.0, 0.0, 0.0, 0.0, 0.0, 492.04983700856684, 571.8099188970276, 0.0, 0.0, 0.0, 0.0, 1449.580268906744, 0.0, 688.2142162238241, 0.0, 0.0, 0.0, 0.0, 0.0, 299.3140410268078, 0.0, 0.0, 0.0, 0.0, 0.0, 0.0, 0.0, 0.0, 309.10279709939516, 492.04983700856684, 0.0, 625.5251389150216, 0.0, 0.0, 0.0, 0.0, 980.2031767955635, 0.0, 1449.580268906744, 0.0, 0.0, 0.0, 980.2031767955635, 388.1525381285643, 159.88457351984982, 0.0, 359.6632310693309, 0.0]
INFORMACIÓN : 42apuestaBundle [359.6632310693309, 309.10279709939516, 251.1003127363506, 177.63895761398362]
INFORMACIÓN : 42positionsBundle [523, 243, 136, 272]
INFORMACIÓN : 42levelsBundle [1, 2, 2, 2]
INFORMACIÓN : 42positionsOrdered [523, 136, 272, 243]
INFORMACIÓN : 42levelsOrdered [1, 2, 2, 2]
INFORMACIÓN : 42partialityOrdered [1, 2, 2, 2]
INFORMACIÓN : 42arrivalTimes [4.47213595499958, 19.736473477473325, 34.05429454074968, 115.99531655780704]
INFORMACIÓN : 43historia34[915.4499330013982, 0.0, 0.0, 165.73704373104252, 0.0, 0.0, 0.0, 1449.580268906744, 0.0, 0.0, 571.8099188970276, 0.0, 225.17691051110063, 0.0, 915.4499330013982, 103.30696243085167, 0.0, 0.0, 0.0, 0.0, 0.0, 367.57483686299423, 0.0, 0.0, 388.1525381285643, 0.0, 625.5251389150216, 0.0, 258.53019143128114, 0.0, 0.0, 177.63895761398362, 688.2142162238241, 0.0, 0.0, 625.5251389150216, 0.0, 0.0, 0.0, 915.4499330013982, 0.0, 170.1120381929676, 0.0, 0.0, 0.0, 0.0, 0.0, 0.0, 0.0, 571.8099188970276, 1109.2337970755889, 0.0, 299.3140410268078, 1109.2337970755889, 0.0, 0.0, 688.2142162238241, 367.57483686299423, 0.0, 0.0, 258.53019143128114, 0.0, 0.0, 0.0, 0.0, 1109.2337970755889, 492.04983700856684, 205.138629454036, 0.0, 0.0, 0.0, 0.0, 0.0, 0.0, 0.0, 0.0, 0.0, 0.0, 0.0, 0.0, 0.0, 0.0, 0.0, 0.0, 316.20809586936315, 0.0, 0.0, 367.57483686299423, 980.2031767955635, 0.0, 0.0, 259.4342933579021, 0.0, 0.0, 0.0, 0.0, 0.0, 0.0, 0.0, 0.0, 251.1003127363506, 0.0, 0.0, 0.0, 0.0, 0.0, 0.0, 0.0, 0.0, 0.0, 0.0, 0.0, 0.0, 492.04983700856684, 571.8099188970276, 0.0, 0.0, 0.0, 0.0, 1449.580268906744, 0.0, 688.2142162238241, 0.0, 0.0, 0.0, 0.0, 0.0, 299.3140410268078, 0.0, 0.0, 0.0, 0.0, 0.0, 0.0, 0.0, 0.0, 309.10279709939516, 492.04983700856684, 0.0, 625.5251389150216, 0.0, 0.0, 0.0, 0.0, 980.2031767955635, 0.0, 1449.580268906744, 0.0, 0.0, 0.0, 980.2031767955635, 388.1525381285643, 159.88457351984982, 0.0, 359.6632310693309, 0.0]
INFORMACIÓN : 43apuestaBundle [359.6632310693309, 309.10279709939516, 251.1003127363506, 177.63895761398362]
INFORMACIÓN : 43positionsBundle [523, 243, 136, 272]
INFORMACIÓN : 43levelsBundle [1, 2, 2, 2]
INFORMACIÓN : 43positionsOrdered [523, 136, 272, 243]
INFORMACIÓN : 43levelsOrdered [1, 2, 2, 2]
INFORMACIÓN : 43partialityOrdered [1, 2, 2, 2]
INFORMACIÓN : 43arrivalTimes [4.47213595499958, 19.736473477473325, 34.05429454074968, 115.99531655780704]
INFORMACIÓN : 44historia35[915.4499330013982, 0.0, 0.0, 165.73704373104252, 0.0, 0.0, 0.0, 1449.580268906744, 0.0, 0.0, 571.8099188970276, 0.0, 225.17691051110063, 0.0, 915.4499330013982, 103.30696243085167, 0.0, 0.0, 0.0, 0.0, 0.0, 367.57483686299423, 0.0, 0.0, 388.1525381285643, 0.0, 625.5251389150216, 0.0, 258.53019143128114, 0.0, 0.0, 177.63895761398362, 688.2142162238241, 0.0, 0.0, 625.5251389150216, 0.0, 0.0, 0.0, 915.4499330013982, 0.0, 170.1120381929676, 0.0, 0.0, 0.0, 0.0, 0.0, 0.0, 0.0, 571.8099188970276, 1109.2337970755889, 0.0, 299.3140410268078, 1109.2337970755889, 0.0, 0.0, 688.2142162238241, 367.57483686299423, 0.0, 0.0, 258.53019143128114, 0.0, 0.0, 0.0, 0.0, 1109.2337970755889, 492.04983700856684, 205.138629454036, 0.0, 0.0, 0.0, 0.0, 0.0, 0.0, 0.0, 0.0, 0.0, 0.0, 0.0, 0.0, 0.0, 0.0, 0.0, 0.0, 316.20809586936315, 0.0, 0.0, 367.57483686299423, 980.2031767955635, 0.0, 0.0, 259.4342933579021, 0.0, 0.0, 0.0, 0.0, 0.0, 0.0, 0.0, 0.0, 251.1003127363506, 0.0, 0.0, 0.0, 0.0, 0.0, 0.0, 0.0, 0.0, 0.0, 0.0, 0.0, 0.0, 492.04983700856684, 571.8099188970276, 0.0, 0.0, 0.0, 0.0, 1449.580268906744, 0.0, 688.2142162238241, 0.0, 0.0, 0.0, 0.0, 0.0, 299.3140410268078, 0.0, 0.0, 0.0, 0.0, 0.0, 0.0, 0.0, 0.0, 309.10279709939516, 492.04983700856684, 0.0, 625.5251389150216, 0.0, 0.0, 0.0, 0.0, 980.2031767955635, 0.0, 1449.580268906744, 0.0, 0.0, 0.0, 980.2031767955635, 388.1525381285643, 159.88457351984982, 0.0, 359.6632310693309, 0.0]
INFORMACIÓN : 44apuestaBundle [359.6632310693309, 309.10279709939516, 251.1003127363506, 177.63895761398362]
INFORMACIÓN : 44positionsBundle [523, 243, 136, 272]
INFORMACIÓN : 44levelsBundle [1, 2, 2, 2]
INFORMACIÓN : 44positionsOrdered [523, 136, 272, 243]
INFORMACIÓN : 44levelsOrdered [1, 2, 2, 2]
INFORMACIÓN : 44partialityOrdered [1, 2, 2, 2]
INFORMACIÓN : 44arrivalTimes [4.47213595499958, 19.736473477473325, 34.05429454074968, 115.99531655780704]
INFORMACIÓN : 45historia36[915.4499330013982, 0.0, 0.0, 165.73704373104252, 0.0, 0.0, 0.0, 1449.580268906744, 0.0, 0.0, 571.8099188970276, 0.0, 225.17691051110063, 0.0, 915.4499330013982, 103.30696243085167, 0.0, 0.0, 0.0, 0.0, 0.0, 367.57483686299423, 0.0, 0.0, 388.1525381285643, 0.0, 625.5251389150216, 0.0, 258.53019143128114, 0.0, 0.0, 177.63895761398362, 688.2142162238241, 0.0, 0.0, 625.5251389150216, 0.0, 0.0, 0.0, 915.4499330013982, 0.0, 170.1120381929676, 0.0, 0.0, 0.0, 0.0, 0.0, 0.0, 0.0, 571.8099188970276, 1109.2337970755889, 0.0, 299.3140410268078, 1109.2337970755889, 0.0, 0.0, 688.2142162238241, 367.57483686299423, 0.0, 0.0, 258.53019143128114, 0.0, 0.0, 0.0, 0.0, 1109.2337970755889, 492.04983700856684, 205.138629454036, 0.0, 0.0, 0.0, 0.0, 0.0, 0.0, 0.0, 0.0, 0.0, 0.0, 0.0, 0.0, 0.0, 0.0, 0.0, 0.0, 316.20809586936315, 0.0, 0.0, 367.57483686299423, 980.2031767955635, 0.0, 0.0, 259.4342933579021, 0.0, 0.0, 0.0, 0.0, 0.0, 0.0, 0.0, 0.0, 251.1003127363506, 0.0, 0.0, 0.0, 0.0, 0.0, 0.0, 0.0, 0.0, 0.0, 0.0, 0.0, 0.0, 492.04983700856684, 571.8099188970276, 0.0, 0.0, 0.0, 0.0, 1449.580268906744, 0.0, 688.2142162238241, 0.0, 0.0, 0.0, 0.0, 0.0, 299.3140410268078, 0.0, 0.0, 0.0, 0.0, 0.0, 0.0, 0.0, 0.0, 309.10279709939516, 492.04983700856684, 0.0, 625.5251389150216, 0.0, 0.0, 0.0, 0.0, 980.2031767955635, 0.0, 1449.580268906744, 0.0, 0.0, 0.0, 980.2031767955635, 388.1525381285643, 159.88457351984982, 0.0, 359.6632310693309, 0.0]
INFORMACIÓN : 45apuestaBundle [359.6632310693309, 309.10279709939516, 251.1003127363506, 177.63895761398362]
INFORMACIÓN : 45positionsBundle [523, 243, 136, 272]
INFORMACIÓN : 45levelsBundle [1, 2, 2, 2]
INFORMACIÓN : 45positionsOrdered [523, 136, 272, 243]
INFORMACIÓN : 45levelsOrdered [1, 2, 2, 2]
INFORMACIÓN : 45partialityOrdered [1, 2, 2, 2]
INFORMACIÓN : 45arrivalTimes [4.47213595499958, 19.736473477473325, 34.05429454074968, 115.99531655780704]
INFORMACIÓN : 46historia37[915.4499330013982, 0.0, 0.0, 165.73704373104252, 0.0, 0.0, 0.0, 1449.580268906744, 0.0, 0.0, 571.8099188970276, 0.0, 225.17691051110063, 0.0, 915.4499330013982, 103.30696243085167, 0.0, 0.0, 0.0, 0.0, 0.0, 367.57483686299423, 0.0, 0.0, 388.1525381285643, 0.0, 625.5251389150216, 0.0, 258.53019143128114, 0.0, 0.0, 177.63895761398362, 688.2142162238241, 0.0, 0.0, 625.5251389150216, 0.0, 0.0, 0.0, 915.4499330013982, 0.0, 170.1120381929676, 0.0, 0.0, 0.0, 0.0, 0.0, 0.0, 0.0, 571.8099188970276, 1109.2337970755889, 0.0, 299.3140410268078, 1109.2337970755889, 0.0, 0.0, 688.2142162238241, 367.57483686299423, 0.0, 0.0, 258.53019143128114, 0.0, 0.0, 0.0, 0.0, 1109.2337970755889, 492.04983700856684, 205.138629454036, 0.0, 0.0, 0.0, 0.0, 0.0, 0.0, 0.0, 0.0, 0.0, 0.0, 0.0, 0.0, 0.0, 0.0, 0.0, 0.0, 316.20809586936315, 0.0, 0.0, 367.57483686299423, 980.2031767955635, 0.0, 0.0, 259.4342933579021, 0.0, 0.0, 0.0, 0.0, 0.0, 0.0, 0.0, 0.0, 251.1003127363506, 0.0, 0.0, 0.0, 0.0, 0.0, 0.0, 0.0, 0.0, 0.0, 0.0, 0.0, 0.0, 492.04983700856684, 571.8099188970276, 0.0, 0.0, 0.0, 0.0, 1449.580268906744, 0.0, 688.2142162238241, 0.0, 0.0, 0.0, 0.0, 0.0, 299.3140410268078, 0.0, 0.0, 0.0, 0.0, 0.0, 0.0, 0.0, 0.0, 309.10279709939516, 492.04983700856684, 0.0, 625.5251389150216, 0.0, 0.0, 0.0, 0.0, 980.2031767955635, 0.0, 1449.580268906744, 0.0, 0.0, 0.0, 980.2031767955635, 388.1525381285643, 159.88457351984982, 0.0, 359.6632310693309, 0.0]
