----------------------------------------------------------------------
-- Log session for [myBugCoalitionsCCBBAGuaiDEF-20] started on 2017.07.16.18.58.24 --
----------------------------------------------------------------------

INFORMACIÓN : I started
INFORMACIÓN : 0apuestaBundle [1428.129419343144, 1103.2933762090474, 950.5680631591918, 848.9050391496248]
INFORMACIÓN : 0positionsBundle [156, 1414, 140, 1802]
INFORMACIÓN : 0levelsBundle [3, 3, 3, 3]
INFORMACIÓN : 0positionsOrdered [156, 1414, 140, 1802]
INFORMACIÓN : 0levelsOrdered [3, 3, 3, 3]
INFORMACIÓN : 0partialityOrdered [3, 3, 3, 3]
INFORMACIÓN : 0arrivalTimes [22.090722034374522, 48.3395315311879, 85.10908415288837, 136.0992792888162]
INFORMACIÓN : coalSat position 140 level 3
INFORMACIÓN : coalSat position 1802 level 3
INFORMACIÓN : I [IR]; lost Test.myBail@26164c1c; POS 156; sensors [AB, MW]; level 3 I paid 1428.129419343144in favour of11@(myturtles,myturtles,bug)@MK-18723 paid 1449.580268906744
INFORMACIÓN : 1historia0[0.0, 0.0, 0.0, 0.0, 0.0, 0.0, 0.0, 1449.580268906744, 0.0, 0.0, 0.0, 0.0, 0.0, 0.0, 852.0339362660688, 0.0, 0.0, 0.0, 0.0, 0.0, 0.0, 0.0, 0.0, 0.0, 0.0, 0.0, 0.0, 0.0, 0.0, 0.0, 0.0, 0.0, 0.0, 0.0, 0.0, 0.0, 0.0, 0.0, 0.0, 0.0, 0.0, 0.0, 0.0, 0.0, 0.0, 0.0, 0.0, 0.0, 0.0, 0.0, 1109.2337970755889, 0.0, 0.0, 1109.2337970755889, 0.0, 0.0, 0.0, 0.0, 0.0, 0.0, 0.0, 0.0, 0.0, 0.0, 0.0, 1109.2337970755889, 0.0, 0.0, 0.0, 0.0, 0.0, 0.0, 0.0, 0.0, 0.0, 0.0, 0.0, 0.0, 0.0, 0.0, 0.0, 0.0, 0.0, 0.0, 0.0, 0.0, 0.0, 0.0, 0.0, 0.0, 0.0, 0.0, 0.0, 0.0, 0.0, 0.0, 0.0, 0.0, 0.0, 0.0, 0.0, 0.0, 0.0, 0.0, 0.0, 0.0, 0.0, 0.0, 0.0, 0.0, 0.0, 0.0, 0.0, 0.0, 0.0, 0.0, 0.0, 0.0, 0.0, 1449.580268906744, 0.0, 0.0, 0.0, 0.0, 0.0, 0.0, 0.0, 0.0, 0.0, 0.0, 0.0, 0.0, 0.0, 0.0, 0.0, 0.0, 0.0, 0.0, 0.0, 0.0, 0.0, 0.0, 0.0, 0.0, 953.9783632919016, 0.0, 1449.580268906744, 0.0, 0.0, 0.0, 0.0, 0.0, 0.0, 0.0, 0.0, 0.0]
INFORMACIÓN : 1apuestaBundle [987.9551481182784, 852.9570852934319, 660.897603997679, 629.2040646486448]
INFORMACIÓN : 1positionsBundle [140, 1802, 1446, 992]
INFORMACIÓN : 1levelsBundle [3, 3, 3, 3]
INFORMACIÓN : 1positionsOrdered [1446, 992, 140, 1802]
INFORMACIÓN : 1levelsOrdered [3, 3, 3, 3]
INFORMACIÓN : 1partialityOrdered [3, 3, 3, 3]
INFORMACIÓN : 1arrivalTimes [32.449961479175904, 42.29881928097201, 76.3154206592922, 127.30561579522005]
INFORMACIÓN : I [IR]; lost Test.myBail@7e76608c; POS 140; sensors [AB, MW]; level 3 I paid 987.9551481182784in favour of18@(myturtles,myturtles,bug)@MK-18723 paid 980.2031767955635
INFORMACIÓN : 2historia0[915.4499330013982, 0.0, 0.0, 0.0, 0.0, 0.0, 0.0, 1449.580268906744, 0.0, 0.0, 571.8099188970276, 0.0, 0.0, 0.0, 915.4499330013982, 0.0, 0.0, 0.0, 0.0, 0.0, 0.0, 0.0, 0.0, 0.0, 0.0, 0.0, 625.5251389150216, 0.0, 0.0, 0.0, 0.0, 0.0, 688.2142162238241, 0.0, 0.0, 625.5251389150216, 0.0, 0.0, 0.0, 915.4499330013982, 0.0, 0.0, 0.0, 0.0, 0.0, 0.0, 0.0, 0.0, 0.0, 571.8099188970276, 1109.2337970755889, 0.0, 0.0, 1109.2337970755889, 0.0, 0.0, 688.2142162238241, 0.0, 0.0, 0.0, 0.0, 0.0, 0.0, 0.0, 0.0, 1109.2337970755889, 492.04983700856684, 0.0, 0.0, 0.0, 0.0, 0.0, 0.0, 0.0, 0.0, 0.0, 0.0, 0.0, 0.0, 0.0, 0.0, 0.0, 0.0, 0.0, 0.0, 0.0, 0.0, 0.0, 980.2031767955635, 0.0, 0.0, 0.0, 0.0, 0.0, 0.0, 0.0, 0.0, 0.0, 0.0, 0.0, 0.0, 0.0, 0.0, 0.0, 0.0, 0.0, 0.0, 0.0, 0.0, 0.0, 0.0, 0.0, 0.0, 492.04983700856684, 571.8099188970276, 0.0, 0.0, 0.0, 0.0, 1449.580268906744, 0.0, 688.2142162238241, 0.0, 0.0, 0.0, 0.0, 0.0, 0.0, 0.0, 0.0, 0.0, 0.0, 0.0, 0.0, 0.0, 0.0, 0.0, 492.04983700856684, 0.0, 625.5251389150216, 0.0, 0.0, 0.0, 0.0, 980.2031767955635, 0.0, 1449.580268906744, 0.0, 0.0, 0.0, 980.2031767955635, 0.0, 0.0, 0.0, 0.0, 0.0]
INFORMACIÓN : 2apuestaBundle [394.6359695291846, 393.77572987737904, 305.7325200526264, 293.30260723650804]
INFORMACIÓN : 2positionsBundle [498, 2135, 2080, 243]
INFORMACIÓN : 2levelsBundle [3, 2, 2, 2]
INFORMACIÓN : 2positionsOrdered [498, 2135, 2080, 243]
INFORMACIÓN : 2levelsOrdered [3, 2, 2, 2]
INFORMACIÓN : 2partialityOrdered [3, 2, 2, 2]
INFORMACIÓN : 2arrivalTimes [21.540659228538015, 57.00895493047442, 62.1079744440672, 101.32531754632237]
INFORMACIÓN : coalSat position 243 level 2
INFORMACIÓN : timeSat position 243 level 2
INFORMACIÓN : I [IR]; lost Test.myBail@6b06e919; POS 498; sensors [AB, MW]; level 3 I paid 394.6359695291846in favour of18@(myturtles,myturtles,bug)@MK-18723 paid 367.57483686299423
INFORMACIÓN : 3historia0[915.4499330013982, 0.0, 0.0, 0.0, 0.0, 0.0, 0.0, 1449.580268906744, 0.0, 0.0, 571.8099188970276, 0.0, 0.0, 0.0, 915.4499330013982, 0.0, 0.0, 0.0, 0.0, 0.0, 0.0, 367.57483686299423, 0.0, 0.0, 388.1525381285643, 0.0, 625.5251389150216, 0.0, 0.0, 0.0, 0.0, 0.0, 688.2142162238241, 0.0, 0.0, 625.5251389150216, 0.0, 0.0, 0.0, 915.4499330013982, 0.0, 0.0, 0.0, 0.0, 0.0, 0.0, 0.0, 0.0, 0.0, 571.8099188970276, 1109.2337970755889, 0.0, 0.0, 1109.2337970755889, 0.0, 0.0, 688.2142162238241, 367.57483686299423, 0.0, 0.0, 0.0, 0.0, 0.0, 0.0, 0.0, 1109.2337970755889, 492.04983700856684, 0.0, 0.0, 0.0, 0.0, 0.0, 0.0, 0.0, 0.0, 0.0, 0.0, 0.0, 0.0, 0.0, 0.0, 0.0, 0.0, 0.0, 0.0, 0.0, 0.0, 367.57483686299423, 980.2031767955635, 0.0, 0.0, 0.0, 0.0, 0.0, 0.0, 0.0, 0.0, 0.0, 0.0, 0.0, 0.0, 0.0, 0.0, 0.0, 0.0, 0.0, 0.0, 0.0, 0.0, 0.0, 0.0, 0.0, 0.0, 492.04983700856684, 571.8099188970276, 0.0, 0.0, 0.0, 0.0, 1449.580268906744, 0.0, 688.2142162238241, 0.0, 0.0, 0.0, 0.0, 0.0, 0.0, 0.0, 0.0, 0.0, 0.0, 0.0, 0.0, 0.0, 0.0, 291.77335947265976, 492.04983700856684, 0.0, 625.5251389150216, 0.0, 0.0, 0.0, 0.0, 980.2031767955635, 0.0, 1449.580268906744, 0.0, 0.0, 0.0, 980.2031767955635, 388.1525381285643, 0.0, 0.0, 331.78438469883247, 0.0]
INFORMACIÓN : 3apuestaBundle [316.20809586936315, 286.2568663128815, 225.17691051110063, 220.25357980063512]
INFORMACIÓN : 3positionsBundle [243, 2080, 1336, 309]
INFORMACIÓN : 3levelsBundle [2, 2, 1, 2]
INFORMACIÓN : 3positionsOrdered [309, 243, 2080, 1336]
INFORMACIÓN : 3levelsOrdered [2, 2, 2, 1]
INFORMACIÓN : 3partialityOrdered [2, 2, 2, 1]
INFORMACIÓN : 3arrivalTimes [19.6468827043885, 117.99531655780704, 157.2126596600622, 173.36815408146572]
INFORMACIÓN : 4historia0[915.4499330013982, 0.0, 0.0, 0.0, 0.0, 0.0, 0.0, 1449.580268906744, 0.0, 0.0, 571.8099188970276, 0.0, 225.17691051110063, 0.0, 915.4499330013982, 0.0, 0.0, 0.0, 0.0, 0.0, 0.0, 367.57483686299423, 0.0, 0.0, 388.1525381285643, 0.0, 625.5251389150216, 0.0, 0.0, 0.0, 0.0, 168.6960838084634, 688.2142162238241, 0.0, 0.0, 625.5251389150216, 0.0, 0.0, 0.0, 915.4499330013982, 0.0, 0.0, 0.0, 0.0, 0.0, 0.0, 0.0, 0.0, 0.0, 571.8099188970276, 1109.2337970755889, 0.0, 0.0, 1109.2337970755889, 0.0, 0.0, 688.2142162238241, 367.57483686299423, 0.0, 0.0, 220.25357980063512, 0.0, 0.0, 0.0, 0.0, 1109.2337970755889, 492.04983700856684, 0.0, 0.0, 0.0, 0.0, 0.0, 0.0, 0.0, 0.0, 0.0, 0.0, 0.0, 0.0, 0.0, 0.0, 0.0, 0.0, 0.0, 316.20809586936315, 0.0, 0.0, 367.57483686299423, 980.2031767955635, 0.0, 0.0, 0.0, 0.0, 0.0, 0.0, 0.0, 0.0, 0.0, 0.0, 0.0, 251.1003127363506, 0.0, 0.0, 0.0, 0.0, 0.0, 0.0, 0.0, 0.0, 0.0, 0.0, 0.0, 0.0, 492.04983700856684, 571.8099188970276, 0.0, 0.0, 0.0, 0.0, 1449.580268906744, 0.0, 688.2142162238241, 0.0, 0.0, 0.0, 0.0, 0.0, 286.2568663128815, 0.0, 0.0, 0.0, 0.0, 0.0, 0.0, 0.0, 0.0, 323.8150679141205, 492.04983700856684, 0.0, 625.5251389150216, 0.0, 0.0, 0.0, 0.0, 980.2031767955635, 0.0, 1449.580268906744, 0.0, 0.0, 0.0, 980.2031767955635, 388.1525381285643, 0.0, 0.0, 359.6632310693309, 0.0]
INFORMACIÓN : 4apuestaBundle [316.20809586936315, 286.2568663128815, 225.17691051110063, 220.25357980063512]
INFORMACIÓN : 4positionsBundle [243, 2080, 1336, 309]
INFORMACIÓN : 4levelsBundle [2, 2, 1, 2]
INFORMACIÓN : 4positionsOrdered [309, 243, 2080, 1336]
INFORMACIÓN : 4levelsOrdered [2, 2, 2, 1]
INFORMACIÓN : 4partialityOrdered [2, 2, 2, 1]
INFORMACIÓN : 4arrivalTimes [19.6468827043885, 117.99531655780704, 157.2126596600622, 173.36815408146572]
INFORMACIÓN : I [IR]; lost Test.myBail@22c8381a; POS 2080; sensors [MW]; level 2 I paid 286.2568663128815in favour of18@(myturtles,myturtles,bug)@MK-18723 paid 299.3140410268078
INFORMACIÓN : 5historia0[915.4499330013982, 0.0, 0.0, 0.0, 0.0, 0.0, 0.0, 1449.580268906744, 0.0, 0.0, 571.8099188970276, 0.0, 0.0, 0.0, 915.4499330013982, 0.0, 0.0, 0.0, 0.0, 0.0, 0.0, 367.57483686299423, 0.0, 0.0, 388.1525381285643, 0.0, 625.5251389150216, 0.0, 258.53019143128114, 0.0, 0.0, 177.63895761398362, 688.2142162238241, 0.0, 0.0, 625.5251389150216, 0.0, 0.0, 0.0, 915.4499330013982, 0.0, 0.0, 0.0, 0.0, 0.0, 0.0, 0.0, 0.0, 0.0, 571.8099188970276, 1109.2337970755889, 0.0, 299.3140410268078, 1109.2337970755889, 0.0, 0.0, 688.2142162238241, 367.57483686299423, 0.0, 0.0, 258.53019143128114, 0.0, 0.0, 0.0, 0.0, 1109.2337970755889, 492.04983700856684, 0.0, 0.0, 0.0, 0.0, 0.0, 0.0, 0.0, 0.0, 0.0, 0.0, 0.0, 0.0, 0.0, 0.0, 0.0, 0.0, 0.0, 316.20809586936315, 0.0, 0.0, 367.57483686299423, 980.2031767955635, 0.0, 0.0, 0.0, 0.0, 0.0, 0.0, 0.0, 0.0, 0.0, 0.0, 0.0, 251.1003127363506, 0.0, 0.0, 0.0, 0.0, 0.0, 0.0, 0.0, 0.0, 0.0, 0.0, 0.0, 0.0, 492.04983700856684, 571.8099188970276, 0.0, 0.0, 0.0, 0.0, 1449.580268906744, 0.0, 688.2142162238241, 0.0, 0.0, 0.0, 0.0, 0.0, 299.3140410268078, 0.0, 0.0, 0.0, 0.0, 0.0, 0.0, 0.0, 0.0, 309.10279709939516, 492.04983700856684, 0.0, 625.5251389150216, 0.0, 0.0, 0.0, 0.0, 980.2031767955635, 0.0, 1449.580268906744, 0.0, 0.0, 0.0, 980.2031767955635, 388.1525381285643, 0.0, 0.0, 359.6632310693309, 0.0]
INFORMACIÓN : 5apuestaBundle [316.20809586936315, 225.17691051110063, 205.138629454036, 159.88457351984982]
INFORMACIÓN : 5positionsBundle [243, 1336, 824, 55]
INFORMACIÓN : 5levelsBundle [2, 1, 1, 2]
INFORMACIÓN : 5positionsOrdered [1336, 824, 55, 243]
INFORMACIÓN : 5levelsOrdered [1, 1, 2, 2]
INFORMACIÓN : 5partialityOrdered [1, 1, 2, 2]
INFORMACIÓN : 5arrivalTimes [26.248809496813376, 41.86930884862669, 66.0767457224471, 117.99531655780704]
INFORMACIÓN : 6historia0[915.4499330013982, 0.0, 0.0, 0.0, 0.0, 0.0, 0.0, 1449.580268906744, 0.0, 0.0, 571.8099188970276, 0.0, 225.17691051110063, 0.0, 915.4499330013982, 0.0, 0.0, 0.0, 0.0, 0.0, 0.0, 367.57483686299423, 0.0, 0.0, 388.1525381285643, 0.0, 625.5251389150216, 0.0, 258.53019143128114, 0.0, 0.0, 177.63895761398362, 688.2142162238241, 0.0, 0.0, 625.5251389150216, 0.0, 0.0, 0.0, 915.4499330013982, 0.0, 0.0, 0.0, 0.0, 0.0, 0.0, 0.0, 0.0, 0.0, 571.8099188970276, 1109.2337970755889, 0.0, 299.3140410268078, 1109.2337970755889, 0.0, 0.0, 688.2142162238241, 367.57483686299423, 0.0, 0.0, 258.53019143128114, 0.0, 0.0, 0.0, 0.0, 1109.2337970755889, 492.04983700856684, 205.138629454036, 0.0, 0.0, 0.0, 0.0, 0.0, 0.0, 0.0, 0.0, 0.0, 0.0, 0.0, 0.0, 0.0, 0.0, 0.0, 0.0, 316.20809586936315, 0.0, 0.0, 367.57483686299423, 980.2031767955635, 0.0, 0.0, 259.4342933579021, 0.0, 0.0, 0.0, 0.0, 0.0, 0.0, 0.0, 0.0, 251.1003127363506, 0.0, 0.0, 0.0, 0.0, 0.0, 0.0, 0.0, 0.0, 0.0, 0.0, 0.0, 0.0, 492.04983700856684, 571.8099188970276, 0.0, 0.0, 0.0, 0.0, 1449.580268906744, 0.0, 688.2142162238241, 0.0, 0.0, 0.0, 0.0, 0.0, 299.3140410268078, 0.0, 0.0, 0.0, 0.0, 0.0, 0.0, 0.0, 0.0, 309.10279709939516, 492.04983700856684, 0.0, 625.5251389150216, 0.0, 0.0, 0.0, 0.0, 980.2031767955635, 0.0, 1449.580268906744, 0.0, 0.0, 0.0, 980.2031767955635, 388.1525381285643, 159.88457351984982, 0.0, 359.6632310693309, 0.0]
INFORMACIÓN : 6apuestaBundle [316.20809586936315, 225.17691051110063, 205.138629454036, 159.88457351984982]
INFORMACIÓN : 6positionsBundle [243, 1336, 824, 55]
INFORMACIÓN : 6levelsBundle [2, 1, 1, 2]
INFORMACIÓN : 6positionsOrdered [1336, 824, 55, 243]
INFORMACIÓN : 6levelsOrdered [1, 1, 2, 2]
INFORMACIÓN : 6partialityOrdered [1, 1, 2, 2]
INFORMACIÓN : 6arrivalTimes [26.248809496813376, 41.86930884862669, 66.0767457224471, 117.99531655780704]
INFORMACIÓN : coalSat position 55 level 2
INFORMACIÓN : I [IR]; lost Test.myBail@e0badf7; POS 55; sensors [MW]; level 2 I paid 159.88457351984982in favour ofnull paid 159.88457351984982
INFORMACIÓN : 7historia0[915.4499330013982, 0.0, 0.0, 165.73704373104252, 0.0, 0.0, 0.0, 1449.580268906744, 0.0, 0.0, 571.8099188970276, 0.0, 225.17691051110063, 0.0, 915.4499330013982, 103.30696243085167, 0.0, 0.0, 0.0, 0.0, 0.0, 367.57483686299423, 0.0, 0.0, 388.1525381285643, 0.0, 625.5251389150216, 0.0, 258.53019143128114, 0.0, 0.0, 177.63895761398362, 688.2142162238241, 0.0, 0.0, 625.5251389150216, 0.0, 0.0, 0.0, 915.4499330013982, 0.0, 170.1120381929676, 0.0, 0.0, 0.0, 0.0, 0.0, 0.0, 0.0, 571.8099188970276, 1109.2337970755889, 0.0, 299.3140410268078, 1109.2337970755889, 0.0, 0.0, 688.2142162238241, 367.57483686299423, 0.0, 0.0, 258.53019143128114, 0.0, 0.0, 0.0, 0.0, 1109.2337970755889, 492.04983700856684, 205.138629454036, 0.0, 0.0, 0.0, 0.0, 0.0, 0.0, 0.0, 0.0, 0.0, 0.0, 0.0, 0.0, 0.0, 0.0, 0.0, 0.0, 316.20809586936315, 0.0, 0.0, 367.57483686299423, 980.2031767955635, 0.0, 0.0, 259.4342933579021, 0.0, 0.0, 0.0, 0.0, 0.0, 0.0, 0.0, 0.0, 251.1003127363506, 0.0, 0.0, 0.0, 0.0, 0.0, 0.0, 0.0, 0.0, 0.0, 0.0, 0.0, 0.0, 492.04983700856684, 571.8099188970276, 0.0, 0.0, 0.0, 0.0, 1449.580268906744, 0.0, 688.2142162238241, 0.0, 0.0, 0.0, 0.0, 0.0, 299.3140410268078, 0.0, 0.0, 0.0, 0.0, 0.0, 0.0, 0.0, 0.0, 309.10279709939516, 492.04983700856684, 0.0, 625.5251389150216, 0.0, 0.0, 0.0, 0.0, 980.2031767955635, 0.0, 1449.580268906744, 0.0, 0.0, 0.0, 980.2031767955635, 388.1525381285643, 0.0, 0.0, 359.6632310693309, 0.0]
INFORMACIÓN : 7apuestaBundle [316.20809586936315, 225.17691051110063, 205.138629454036, 159.88457351984982]
INFORMACIÓN : 7positionsBundle [243, 1336, 824, 55]
INFORMACIÓN : 7levelsBundle [2, 1, 1, 2]
INFORMACIÓN : 7positionsOrdered [1336, 824, 55, 243]
INFORMACIÓN : 7levelsOrdered [1, 1, 2, 2]
INFORMACIÓN : 7partialityOrdered [1, 1, 2, 2]
INFORMACIÓN : 7arrivalTimes [26.248809496813376, 41.86930884862669, 66.0767457224471, 117.99531655780704]
INFORMACIÓN : 8historia0[915.4499330013982, 0.0, 0.0, 165.73704373104252, 0.0, 0.0, 0.0, 1449.580268906744, 0.0, 0.0, 571.8099188970276, 0.0, 225.17691051110063, 0.0, 915.4499330013982, 103.30696243085167, 0.0, 0.0, 0.0, 0.0, 0.0, 367.57483686299423, 0.0, 0.0, 388.1525381285643, 0.0, 625.5251389150216, 0.0, 258.53019143128114, 0.0, 0.0, 177.63895761398362, 688.2142162238241, 0.0, 0.0, 625.5251389150216, 0.0, 0.0, 0.0, 915.4499330013982, 0.0, 170.1120381929676, 0.0, 0.0, 0.0, 0.0, 0.0, 0.0, 0.0, 571.8099188970276, 1109.2337970755889, 0.0, 299.3140410268078, 1109.2337970755889, 0.0, 0.0, 688.2142162238241, 367.57483686299423, 0.0, 0.0, 258.53019143128114, 0.0, 0.0, 0.0, 0.0, 1109.2337970755889, 492.04983700856684, 205.138629454036, 0.0, 0.0, 0.0, 0.0, 0.0, 0.0, 0.0, 0.0, 0.0, 0.0, 0.0, 0.0, 0.0, 0.0, 0.0, 0.0, 316.20809586936315, 0.0, 0.0, 367.57483686299423, 980.2031767955635, 0.0, 0.0, 259.4342933579021, 0.0, 0.0, 0.0, 0.0, 0.0, 0.0, 0.0, 0.0, 251.1003127363506, 0.0, 0.0, 0.0, 0.0, 0.0, 0.0, 0.0, 0.0, 0.0, 0.0, 0.0, 0.0, 492.04983700856684, 571.8099188970276, 0.0, 0.0, 0.0, 0.0, 1449.580268906744, 0.0, 688.2142162238241, 0.0, 0.0, 0.0, 0.0, 0.0, 299.3140410268078, 0.0, 0.0, 0.0, 0.0, 0.0, 0.0, 0.0, 0.0, 309.10279709939516, 492.04983700856684, 0.0, 625.5251389150216, 0.0, 0.0, 0.0, 0.0, 980.2031767955635, 0.0, 1449.580268906744, 0.0, 0.0, 0.0, 980.2031767955635, 388.1525381285643, 159.88457351984982, 0.0, 359.6632310693309, 0.0]
INFORMACIÓN : 8apuestaBundle [316.20809586936315, 225.17691051110063, 205.138629454036, 159.88457351984982]
INFORMACIÓN : 8positionsBundle [243, 1336, 824, 55]
INFORMACIÓN : 8levelsBundle [2, 1, 1, 2]
INFORMACIÓN : 8positionsOrdered [1336, 824, 55, 243]
INFORMACIÓN : 8levelsOrdered [1, 1, 2, 2]
INFORMACIÓN : 8partialityOrdered [1, 1, 2, 2]
INFORMACIÓN : 8arrivalTimes [26.248809496813376, 41.86930884862669, 66.0767457224471, 117.99531655780704]
INFORMACIÓN : 9historia0[915.4499330013982, 0.0, 0.0, 165.73704373104252, 0.0, 0.0, 0.0, 1449.580268906744, 0.0, 0.0, 571.8099188970276, 0.0, 225.17691051110063, 0.0, 915.4499330013982, 103.30696243085167, 0.0, 0.0, 0.0, 0.0, 0.0, 367.57483686299423, 0.0, 0.0, 388.1525381285643, 0.0, 625.5251389150216, 0.0, 258.53019143128114, 0.0, 0.0, 177.63895761398362, 688.2142162238241, 0.0, 0.0, 625.5251389150216, 0.0, 0.0, 0.0, 915.4499330013982, 0.0, 170.1120381929676, 0.0, 0.0, 0.0, 0.0, 0.0, 0.0, 0.0, 571.8099188970276, 1109.2337970755889, 0.0, 299.3140410268078, 1109.2337970755889, 0.0, 0.0, 688.2142162238241, 367.57483686299423, 0.0, 0.0, 258.53019143128114, 0.0, 0.0, 0.0, 0.0, 1109.2337970755889, 492.04983700856684, 205.138629454036, 0.0, 0.0, 0.0, 0.0, 0.0, 0.0, 0.0, 0.0, 0.0, 0.0, 0.0, 0.0, 0.0, 0.0, 0.0, 0.0, 316.20809586936315, 0.0, 0.0, 367.57483686299423, 980.2031767955635, 0.0, 0.0, 259.4342933579021, 0.0, 0.0, 0.0, 0.0, 0.0, 0.0, 0.0, 0.0, 251.1003127363506, 0.0, 0.0, 0.0, 0.0, 0.0, 0.0, 0.0, 0.0, 0.0, 0.0, 0.0, 0.0, 492.04983700856684, 571.8099188970276, 0.0, 0.0, 0.0, 0.0, 1449.580268906744, 0.0, 688.2142162238241, 0.0, 0.0, 0.0, 0.0, 0.0, 299.3140410268078, 0.0, 0.0, 0.0, 0.0, 0.0, 0.0, 0.0, 0.0, 309.10279709939516, 492.04983700856684, 0.0, 625.5251389150216, 0.0, 0.0, 0.0, 0.0, 980.2031767955635, 0.0, 1449.580268906744, 0.0, 0.0, 0.0, 980.2031767955635, 388.1525381285643, 159.88457351984982, 0.0, 359.6632310693309, 0.0]
INFORMACIÓN : 9apuestaBundle [316.20809586936315, 225.17691051110063, 205.138629454036, 159.88457351984982]
INFORMACIÓN : 9positionsBundle [243, 1336, 824, 55]
INFORMACIÓN : 9levelsBundle [2, 1, 1, 2]
INFORMACIÓN : 9positionsOrdered [1336, 824, 55, 243]
INFORMACIÓN : 9levelsOrdered [1, 1, 2, 2]
INFORMACIÓN : 9partialityOrdered [1, 1, 2, 2]
INFORMACIÓN : 9arrivalTimes [26.248809496813376, 41.86930884862669, 66.0767457224471, 117.99531655780704]
INFORMACIÓN : 10historia1[915.4499330013982, 0.0, 0.0, 165.73704373104252, 0.0, 0.0, 0.0, 1449.580268906744, 0.0, 0.0, 571.8099188970276, 0.0, 225.17691051110063, 0.0, 915.4499330013982, 103.30696243085167, 0.0, 0.0, 0.0, 0.0, 0.0, 367.57483686299423, 0.0, 0.0, 388.1525381285643, 0.0, 625.5251389150216, 0.0, 258.53019143128114, 0.0, 0.0, 177.63895761398362, 688.2142162238241, 0.0, 0.0, 625.5251389150216, 0.0, 0.0, 0.0, 915.4499330013982, 0.0, 170.1120381929676, 0.0, 0.0, 0.0, 0.0, 0.0, 0.0, 0.0, 571.8099188970276, 1109.2337970755889, 0.0, 299.3140410268078, 1109.2337970755889, 0.0, 0.0, 688.2142162238241, 367.57483686299423, 0.0, 0.0, 258.53019143128114, 0.0, 0.0, 0.0, 0.0, 1109.2337970755889, 492.04983700856684, 205.138629454036, 0.0, 0.0, 0.0, 0.0, 0.0, 0.0, 0.0, 0.0, 0.0, 0.0, 0.0, 0.0, 0.0, 0.0, 0.0, 0.0, 316.20809586936315, 0.0, 0.0, 367.57483686299423, 980.2031767955635, 0.0, 0.0, 259.4342933579021, 0.0, 0.0, 0.0, 0.0, 0.0, 0.0, 0.0, 0.0, 251.1003127363506, 0.0, 0.0, 0.0, 0.0, 0.0, 0.0, 0.0, 0.0, 0.0, 0.0, 0.0, 0.0, 492.04983700856684, 571.8099188970276, 0.0, 0.0, 0.0, 0.0, 1449.580268906744, 0.0, 688.2142162238241, 0.0, 0.0, 0.0, 0.0, 0.0, 299.3140410268078, 0.0, 0.0, 0.0, 0.0, 0.0, 0.0, 0.0, 0.0, 309.10279709939516, 492.04983700856684, 0.0, 625.5251389150216, 0.0, 0.0, 0.0, 0.0, 980.2031767955635, 0.0, 1449.580268906744, 0.0, 0.0, 0.0, 980.2031767955635, 388.1525381285643, 159.88457351984982, 0.0, 359.6632310693309, 0.0]
INFORMACIÓN : 10apuestaBundle [316.20809586936315, 225.17691051110063, 205.138629454036, 159.88457351984982]
INFORMACIÓN : 10positionsBundle [243, 1336, 824, 55]
INFORMACIÓN : 10levelsBundle [2, 1, 1, 2]
INFORMACIÓN : 10positionsOrdered [1336, 824, 55, 243]
INFORMACIÓN : 10levelsOrdered [1, 1, 2, 2]
INFORMACIÓN : 10partialityOrdered [1, 1, 2, 2]
INFORMACIÓN : 10arrivalTimes [26.248809496813376, 41.86930884862669, 66.0767457224471, 117.99531655780704]
INFORMACIÓN : 11historia2[915.4499330013982, 0.0, 0.0, 165.73704373104252, 0.0, 0.0, 0.0, 1449.580268906744, 0.0, 0.0, 571.8099188970276, 0.0, 225.17691051110063, 0.0, 915.4499330013982, 103.30696243085167, 0.0, 0.0, 0.0, 0.0, 0.0, 367.57483686299423, 0.0, 0.0, 388.1525381285643, 0.0, 625.5251389150216, 0.0, 258.53019143128114, 0.0, 0.0, 177.63895761398362, 688.2142162238241, 0.0, 0.0, 625.5251389150216, 0.0, 0.0, 0.0, 915.4499330013982, 0.0, 170.1120381929676, 0.0, 0.0, 0.0, 0.0, 0.0, 0.0, 0.0, 571.8099188970276, 1109.2337970755889, 0.0, 299.3140410268078, 1109.2337970755889, 0.0, 0.0, 688.2142162238241, 367.57483686299423, 0.0, 0.0, 258.53019143128114, 0.0, 0.0, 0.0, 0.0, 1109.2337970755889, 492.04983700856684, 205.138629454036, 0.0, 0.0, 0.0, 0.0, 0.0, 0.0, 0.0, 0.0, 0.0, 0.0, 0.0, 0.0, 0.0, 0.0, 0.0, 0.0, 316.20809586936315, 0.0, 0.0, 367.57483686299423, 980.2031767955635, 0.0, 0.0, 259.4342933579021, 0.0, 0.0, 0.0, 0.0, 0.0, 0.0, 0.0, 0.0, 251.1003127363506, 0.0, 0.0, 0.0, 0.0, 0.0, 0.0, 0.0, 0.0, 0.0, 0.0, 0.0, 0.0, 492.04983700856684, 571.8099188970276, 0.0, 0.0, 0.0, 0.0, 1449.580268906744, 0.0, 688.2142162238241, 0.0, 0.0, 0.0, 0.0, 0.0, 299.3140410268078, 0.0, 0.0, 0.0, 0.0, 0.0, 0.0, 0.0, 0.0, 309.10279709939516, 492.04983700856684, 0.0, 625.5251389150216, 0.0, 0.0, 0.0, 0.0, 980.2031767955635, 0.0, 1449.580268906744, 0.0, 0.0, 0.0, 980.2031767955635, 388.1525381285643, 159.88457351984982, 0.0, 359.6632310693309, 0.0]
INFORMACIÓN : 11apuestaBundle [316.20809586936315, 225.17691051110063, 205.138629454036, 159.88457351984982]
INFORMACIÓN : 11positionsBundle [243, 1336, 824, 55]
INFORMACIÓN : 11levelsBundle [2, 1, 1, 2]
INFORMACIÓN : 11positionsOrdered [1336, 824, 55, 243]
INFORMACIÓN : 11levelsOrdered [1, 1, 2, 2]
INFORMACIÓN : 11partialityOrdered [1, 1, 2, 2]
INFORMACIÓN : 11arrivalTimes [26.248809496813376, 41.86930884862669, 66.0767457224471, 117.99531655780704]
INFORMACIÓN : 12historia3[915.4499330013982, 0.0, 0.0, 165.73704373104252, 0.0, 0.0, 0.0, 1449.580268906744, 0.0, 0.0, 571.8099188970276, 0.0, 225.17691051110063, 0.0, 915.4499330013982, 103.30696243085167, 0.0, 0.0, 0.0, 0.0, 0.0, 367.57483686299423, 0.0, 0.0, 388.1525381285643, 0.0, 625.5251389150216, 0.0, 258.53019143128114, 0.0, 0.0, 177.63895761398362, 688.2142162238241, 0.0, 0.0, 625.5251389150216, 0.0, 0.0, 0.0, 915.4499330013982, 0.0, 170.1120381929676, 0.0, 0.0, 0.0, 0.0, 0.0, 0.0, 0.0, 571.8099188970276, 1109.2337970755889, 0.0, 299.3140410268078, 1109.2337970755889, 0.0, 0.0, 688.2142162238241, 367.57483686299423, 0.0, 0.0, 258.53019143128114, 0.0, 0.0, 0.0, 0.0, 1109.2337970755889, 492.04983700856684, 205.138629454036, 0.0, 0.0, 0.0, 0.0, 0.0, 0.0, 0.0, 0.0, 0.0, 0.0, 0.0, 0.0, 0.0, 0.0, 0.0, 0.0, 316.20809586936315, 0.0, 0.0, 367.57483686299423, 980.2031767955635, 0.0, 0.0, 259.4342933579021, 0.0, 0.0, 0.0, 0.0, 0.0, 0.0, 0.0, 0.0, 251.1003127363506, 0.0, 0.0, 0.0, 0.0, 0.0, 0.0, 0.0, 0.0, 0.0, 0.0, 0.0, 0.0, 492.04983700856684, 571.8099188970276, 0.0, 0.0, 0.0, 0.0, 1449.580268906744, 0.0, 688.2142162238241, 0.0, 0.0, 0.0, 0.0, 0.0, 299.3140410268078, 0.0, 0.0, 0.0, 0.0, 0.0, 0.0, 0.0, 0.0, 309.10279709939516, 492.04983700856684, 0.0, 625.5251389150216, 0.0, 0.0, 0.0, 0.0, 980.2031767955635, 0.0, 1449.580268906744, 0.0, 0.0, 0.0, 980.2031767955635, 388.1525381285643, 159.88457351984982, 0.0, 359.6632310693309, 0.0]
INFORMACIÓN : 12apuestaBundle [316.20809586936315, 225.17691051110063, 205.138629454036, 159.88457351984982]
INFORMACIÓN : 12positionsBundle [243, 1336, 824, 55]
INFORMACIÓN : 12levelsBundle [2, 1, 1, 2]
INFORMACIÓN : 12positionsOrdered [1336, 824, 55, 243]
INFORMACIÓN : 12levelsOrdered [1, 1, 2, 2]
INFORMACIÓN : 12partialityOrdered [1, 1, 2, 2]
INFORMACIÓN : 12arrivalTimes [26.248809496813376, 41.86930884862669, 66.0767457224471, 117.99531655780704]
INFORMACIÓN : 13historia4[915.4499330013982, 0.0, 0.0, 165.73704373104252, 0.0, 0.0, 0.0, 1449.580268906744, 0.0, 0.0, 571.8099188970276, 0.0, 225.17691051110063, 0.0, 915.4499330013982, 103.30696243085167, 0.0, 0.0, 0.0, 0.0, 0.0, 367.57483686299423, 0.0, 0.0, 388.1525381285643, 0.0, 625.5251389150216, 0.0, 258.53019143128114, 0.0, 0.0, 177.63895761398362, 688.2142162238241, 0.0, 0.0, 625.5251389150216, 0.0, 0.0, 0.0, 915.4499330013982, 0.0, 170.1120381929676, 0.0, 0.0, 0.0, 0.0, 0.0, 0.0, 0.0, 571.8099188970276, 1109.2337970755889, 0.0, 299.3140410268078, 1109.2337970755889, 0.0, 0.0, 688.2142162238241, 367.57483686299423, 0.0, 0.0, 258.53019143128114, 0.0, 0.0, 0.0, 0.0, 1109.2337970755889, 492.04983700856684, 205.138629454036, 0.0, 0.0, 0.0, 0.0, 0.0, 0.0, 0.0, 0.0, 0.0, 0.0, 0.0, 0.0, 0.0, 0.0, 0.0, 0.0, 316.20809586936315, 0.0, 0.0, 367.57483686299423, 980.2031767955635, 0.0, 0.0, 259.4342933579021, 0.0, 0.0, 0.0, 0.0, 0.0, 0.0, 0.0, 0.0, 251.1003127363506, 0.0, 0.0, 0.0, 0.0, 0.0, 0.0, 0.0, 0.0, 0.0, 0.0, 0.0, 0.0, 492.04983700856684, 571.8099188970276, 0.0, 0.0, 0.0, 0.0, 1449.580268906744, 0.0, 688.2142162238241, 0.0, 0.0, 0.0, 0.0, 0.0, 299.3140410268078, 0.0, 0.0, 0.0, 0.0, 0.0, 0.0, 0.0, 0.0, 309.10279709939516, 492.04983700856684, 0.0, 625.5251389150216, 0.0, 0.0, 0.0, 0.0, 980.2031767955635, 0.0, 1449.580268906744, 0.0, 0.0, 0.0, 980.2031767955635, 388.1525381285643, 159.88457351984982, 0.0, 359.6632310693309, 0.0]
INFORMACIÓN : 13apuestaBundle [316.20809586936315, 225.17691051110063, 205.138629454036, 159.88457351984982]
INFORMACIÓN : 13positionsBundle [243, 1336, 824, 55]
INFORMACIÓN : 13levelsBundle [2, 1, 1, 2]
INFORMACIÓN : 13positionsOrdered [1336, 824, 55, 243]
INFORMACIÓN : 13levelsOrdered [1, 1, 2, 2]
INFORMACIÓN : 13partialityOrdered [1, 1, 2, 2]
INFORMACIÓN : 13arrivalTimes [26.248809496813376, 41.86930884862669, 66.0767457224471, 117.99531655780704]
INFORMACIÓN : 14historia5[915.4499330013982, 0.0, 0.0, 165.73704373104252, 0.0, 0.0, 0.0, 1449.580268906744, 0.0, 0.0, 571.8099188970276, 0.0, 225.17691051110063, 0.0, 915.4499330013982, 103.30696243085167, 0.0, 0.0, 0.0, 0.0, 0.0, 367.57483686299423, 0.0, 0.0, 388.1525381285643, 0.0, 625.5251389150216, 0.0, 258.53019143128114, 0.0, 0.0, 177.63895761398362, 688.2142162238241, 0.0, 0.0, 625.5251389150216, 0.0, 0.0, 0.0, 915.4499330013982, 0.0, 170.1120381929676, 0.0, 0.0, 0.0, 0.0, 0.0, 0.0, 0.0, 571.8099188970276, 1109.2337970755889, 0.0, 299.3140410268078, 1109.2337970755889, 0.0, 0.0, 688.2142162238241, 367.57483686299423, 0.0, 0.0, 258.53019143128114, 0.0, 0.0, 0.0, 0.0, 1109.2337970755889, 492.04983700856684, 205.138629454036, 0.0, 0.0, 0.0, 0.0, 0.0, 0.0, 0.0, 0.0, 0.0, 0.0, 0.0, 0.0, 0.0, 0.0, 0.0, 0.0, 316.20809586936315, 0.0, 0.0, 367.57483686299423, 980.2031767955635, 0.0, 0.0, 259.4342933579021, 0.0, 0.0, 0.0, 0.0, 0.0, 0.0, 0.0, 0.0, 251.1003127363506, 0.0, 0.0, 0.0, 0.0, 0.0, 0.0, 0.0, 0.0, 0.0, 0.0, 0.0, 0.0, 492.04983700856684, 571.8099188970276, 0.0, 0.0, 0.0, 0.0, 1449.580268906744, 0.0, 688.2142162238241, 0.0, 0.0, 0.0, 0.0, 0.0, 299.3140410268078, 0.0, 0.0, 0.0, 0.0, 0.0, 0.0, 0.0, 0.0, 309.10279709939516, 492.04983700856684, 0.0, 625.5251389150216, 0.0, 0.0, 0.0, 0.0, 980.2031767955635, 0.0, 1449.580268906744, 0.0, 0.0, 0.0, 980.2031767955635, 388.1525381285643, 159.88457351984982, 0.0, 359.6632310693309, 0.0]
INFORMACIÓN : 14apuestaBundle [316.20809586936315, 225.17691051110063, 205.138629454036, 159.88457351984982]
INFORMACIÓN : 14positionsBundle [243, 1336, 824, 55]
INFORMACIÓN : 14levelsBundle [2, 1, 1, 2]
INFORMACIÓN : 14positionsOrdered [1336, 824, 55, 243]
INFORMACIÓN : 14levelsOrdered [1, 1, 2, 2]
INFORMACIÓN : 14partialityOrdered [1, 1, 2, 2]
INFORMACIÓN : 14arrivalTimes [26.248809496813376, 41.86930884862669, 66.0767457224471, 117.99531655780704]
INFORMACIÓN : 15historia6[915.4499330013982, 0.0, 0.0, 165.73704373104252, 0.0, 0.0, 0.0, 1449.580268906744, 0.0, 0.0, 571.8099188970276, 0.0, 225.17691051110063, 0.0, 915.4499330013982, 103.30696243085167, 0.0, 0.0, 0.0, 0.0, 0.0, 367.57483686299423, 0.0, 0.0, 388.1525381285643, 0.0, 625.5251389150216, 0.0, 258.53019143128114, 0.0, 0.0, 177.63895761398362, 688.2142162238241, 0.0, 0.0, 625.5251389150216, 0.0, 0.0, 0.0, 915.4499330013982, 0.0, 170.1120381929676, 0.0, 0.0, 0.0, 0.0, 0.0, 0.0, 0.0, 571.8099188970276, 1109.2337970755889, 0.0, 299.3140410268078, 1109.2337970755889, 0.0, 0.0, 688.2142162238241, 367.57483686299423, 0.0, 0.0, 258.53019143128114, 0.0, 0.0, 0.0, 0.0, 1109.2337970755889, 492.04983700856684, 205.138629454036, 0.0, 0.0, 0.0, 0.0, 0.0, 0.0, 0.0, 0.0, 0.0, 0.0, 0.0, 0.0, 0.0, 0.0, 0.0, 0.0, 316.20809586936315, 0.0, 0.0, 367.57483686299423, 980.2031767955635, 0.0, 0.0, 259.4342933579021, 0.0, 0.0, 0.0, 0.0, 0.0, 0.0, 0.0, 0.0, 251.1003127363506, 0.0, 0.0, 0.0, 0.0, 0.0, 0.0, 0.0, 0.0, 0.0, 0.0, 0.0, 0.0, 492.04983700856684, 571.8099188970276, 0.0, 0.0, 0.0, 0.0, 1449.580268906744, 0.0, 688.2142162238241, 0.0, 0.0, 0.0, 0.0, 0.0, 299.3140410268078, 0.0, 0.0, 0.0, 0.0, 0.0, 0.0, 0.0, 0.0, 309.10279709939516, 492.04983700856684, 0.0, 625.5251389150216, 0.0, 0.0, 0.0, 0.0, 980.2031767955635, 0.0, 1449.580268906744, 0.0, 0.0, 0.0, 980.2031767955635, 388.1525381285643, 159.88457351984982, 0.0, 359.6632310693309, 0.0]
INFORMACIÓN : 15apuestaBundle [316.20809586936315, 225.17691051110063, 205.138629454036, 159.88457351984982]
INFORMACIÓN : 15positionsBundle [243, 1336, 824, 55]
INFORMACIÓN : 15levelsBundle [2, 1, 1, 2]
INFORMACIÓN : 15positionsOrdered [1336, 824, 55, 243]
INFORMACIÓN : 15levelsOrdered [1, 1, 2, 2]
INFORMACIÓN : 15partialityOrdered [1, 1, 2, 2]
INFORMACIÓN : 15arrivalTimes [26.248809496813376, 41.86930884862669, 66.0767457224471, 117.99531655780704]
INFORMACIÓN : 16historia7[915.4499330013982, 0.0, 0.0, 165.73704373104252, 0.0, 0.0, 0.0, 1449.580268906744, 0.0, 0.0, 571.8099188970276, 0.0, 225.17691051110063, 0.0, 915.4499330013982, 103.30696243085167, 0.0, 0.0, 0.0, 0.0, 0.0, 367.57483686299423, 0.0, 0.0, 388.1525381285643, 0.0, 625.5251389150216, 0.0, 258.53019143128114, 0.0, 0.0, 177.63895761398362, 688.2142162238241, 0.0, 0.0, 625.5251389150216, 0.0, 0.0, 0.0, 915.4499330013982, 0.0, 170.1120381929676, 0.0, 0.0, 0.0, 0.0, 0.0, 0.0, 0.0, 571.8099188970276, 1109.2337970755889, 0.0, 299.3140410268078, 1109.2337970755889, 0.0, 0.0, 688.2142162238241, 367.57483686299423, 0.0, 0.0, 258.53019143128114, 0.0, 0.0, 0.0, 0.0, 1109.2337970755889, 492.04983700856684, 205.138629454036, 0.0, 0.0, 0.0, 0.0, 0.0, 0.0, 0.0, 0.0, 0.0, 0.0, 0.0, 0.0, 0.0, 0.0, 0.0, 0.0, 316.20809586936315, 0.0, 0.0, 367.57483686299423, 980.2031767955635, 0.0, 0.0, 259.4342933579021, 0.0, 0.0, 0.0, 0.0, 0.0, 0.0, 0.0, 0.0, 251.1003127363506, 0.0, 0.0, 0.0, 0.0, 0.0, 0.0, 0.0, 0.0, 0.0, 0.0, 0.0, 0.0, 492.04983700856684, 571.8099188970276, 0.0, 0.0, 0.0, 0.0, 1449.580268906744, 0.0, 688.2142162238241, 0.0, 0.0, 0.0, 0.0, 0.0, 299.3140410268078, 0.0, 0.0, 0.0, 0.0, 0.0, 0.0, 0.0, 0.0, 309.10279709939516, 492.04983700856684, 0.0, 625.5251389150216, 0.0, 0.0, 0.0, 0.0, 980.2031767955635, 0.0, 1449.580268906744, 0.0, 0.0, 0.0, 980.2031767955635, 388.1525381285643, 159.88457351984982, 0.0, 359.6632310693309, 0.0]
INFORMACIÓN : 16apuestaBundle [316.20809586936315, 225.17691051110063, 205.138629454036, 159.88457351984982]
INFORMACIÓN : 16positionsBundle [243, 1336, 824, 55]
INFORMACIÓN : 16levelsBundle [2, 1, 1, 2]
INFORMACIÓN : 16positionsOrdered [1336, 824, 55, 243]
INFORMACIÓN : 16levelsOrdered [1, 1, 2, 2]
INFORMACIÓN : 16partialityOrdered [1, 1, 2, 2]
INFORMACIÓN : 16arrivalTimes [26.248809496813376, 41.86930884862669, 66.0767457224471, 117.99531655780704]
INFORMACIÓN : 17historia8[915.4499330013982, 0.0, 0.0, 165.73704373104252, 0.0, 0.0, 0.0, 1449.580268906744, 0.0, 0.0, 571.8099188970276, 0.0, 225.17691051110063, 0.0, 915.4499330013982, 103.30696243085167, 0.0, 0.0, 0.0, 0.0, 0.0, 367.57483686299423, 0.0, 0.0, 388.1525381285643, 0.0, 625.5251389150216, 0.0, 258.53019143128114, 0.0, 0.0, 177.63895761398362, 688.2142162238241, 0.0, 0.0, 625.5251389150216, 0.0, 0.0, 0.0, 915.4499330013982, 0.0, 170.1120381929676, 0.0, 0.0, 0.0, 0.0, 0.0, 0.0, 0.0, 571.8099188970276, 1109.2337970755889, 0.0, 299.3140410268078, 1109.2337970755889, 0.0, 0.0, 688.2142162238241, 367.57483686299423, 0.0, 0.0, 258.53019143128114, 0.0, 0.0, 0.0, 0.0, 1109.2337970755889, 492.04983700856684, 205.138629454036, 0.0, 0.0, 0.0, 0.0, 0.0, 0.0, 0.0, 0.0, 0.0, 0.0, 0.0, 0.0, 0.0, 0.0, 0.0, 0.0, 316.20809586936315, 0.0, 0.0, 367.57483686299423, 980.2031767955635, 0.0, 0.0, 259.4342933579021, 0.0, 0.0, 0.0, 0.0, 0.0, 0.0, 0.0, 0.0, 251.1003127363506, 0.0, 0.0, 0.0, 0.0, 0.0, 0.0, 0.0, 0.0, 0.0, 0.0, 0.0, 0.0, 492.04983700856684, 571.8099188970276, 0.0, 0.0, 0.0, 0.0, 1449.580268906744, 0.0, 688.2142162238241, 0.0, 0.0, 0.0, 0.0, 0.0, 299.3140410268078, 0.0, 0.0, 0.0, 0.0, 0.0, 0.0, 0.0, 0.0, 309.10279709939516, 492.04983700856684, 0.0, 625.5251389150216, 0.0, 0.0, 0.0, 0.0, 980.2031767955635, 0.0, 1449.580268906744, 0.0, 0.0, 0.0, 980.2031767955635, 388.1525381285643, 159.88457351984982, 0.0, 359.6632310693309, 0.0]
INFORMACIÓN : 17apuestaBundle [316.20809586936315, 225.17691051110063, 205.138629454036, 159.88457351984982]
INFORMACIÓN : 17positionsBundle [243, 1336, 824, 55]
INFORMACIÓN : 17levelsBundle [2, 1, 1, 2]
INFORMACIÓN : 17positionsOrdered [1336, 824, 55, 243]
INFORMACIÓN : 17levelsOrdered [1, 1, 2, 2]
INFORMACIÓN : 17partialityOrdered [1, 1, 2, 2]
INFORMACIÓN : 17arrivalTimes [26.248809496813376, 41.86930884862669, 66.0767457224471, 117.99531655780704]
INFORMACIÓN : 18historia9[915.4499330013982, 0.0, 0.0, 165.73704373104252, 0.0, 0.0, 0.0, 1449.580268906744, 0.0, 0.0, 571.8099188970276, 0.0, 225.17691051110063, 0.0, 915.4499330013982, 103.30696243085167, 0.0, 0.0, 0.0, 0.0, 0.0, 367.57483686299423, 0.0, 0.0, 388.1525381285643, 0.0, 625.5251389150216, 0.0, 258.53019143128114, 0.0, 0.0, 177.63895761398362, 688.2142162238241, 0.0, 0.0, 625.5251389150216, 0.0, 0.0, 0.0, 915.4499330013982, 0.0, 170.1120381929676, 0.0, 0.0, 0.0, 0.0, 0.0, 0.0, 0.0, 571.8099188970276, 1109.2337970755889, 0.0, 299.3140410268078, 1109.2337970755889, 0.0, 0.0, 688.2142162238241, 367.57483686299423, 0.0, 0.0, 258.53019143128114, 0.0, 0.0, 0.0, 0.0, 1109.2337970755889, 492.04983700856684, 205.138629454036, 0.0, 0.0, 0.0, 0.0, 0.0, 0.0, 0.0, 0.0, 0.0, 0.0, 0.0, 0.0, 0.0, 0.0, 0.0, 0.0, 316.20809586936315, 0.0, 0.0, 367.57483686299423, 980.2031767955635, 0.0, 0.0, 259.4342933579021, 0.0, 0.0, 0.0, 0.0, 0.0, 0.0, 0.0, 0.0, 251.1003127363506, 0.0, 0.0, 0.0, 0.0, 0.0, 0.0, 0.0, 0.0, 0.0, 0.0, 0.0, 0.0, 492.04983700856684, 571.8099188970276, 0.0, 0.0, 0.0, 0.0, 1449.580268906744, 0.0, 688.2142162238241, 0.0, 0.0, 0.0, 0.0, 0.0, 299.3140410268078, 0.0, 0.0, 0.0, 0.0, 0.0, 0.0, 0.0, 0.0, 309.10279709939516, 492.04983700856684, 0.0, 625.5251389150216, 0.0, 0.0, 0.0, 0.0, 980.2031767955635, 0.0, 1449.580268906744, 0.0, 0.0, 0.0, 980.2031767955635, 388.1525381285643, 159.88457351984982, 0.0, 359.6632310693309, 0.0]
INFORMACIÓN : 18apuestaBundle [316.20809586936315, 225.17691051110063, 205.138629454036, 159.88457351984982]
INFORMACIÓN : 18positionsBundle [243, 1336, 824, 55]
INFORMACIÓN : 18levelsBundle [2, 1, 1, 2]
INFORMACIÓN : 18positionsOrdered [1336, 824, 55, 243]
INFORMACIÓN : 18levelsOrdered [1, 1, 2, 2]
INFORMACIÓN : 18partialityOrdered [1, 1, 2, 2]
INFORMACIÓN : 18arrivalTimes [26.248809496813376, 41.86930884862669, 66.0767457224471, 117.99531655780704]
INFORMACIÓN : 19historia10[915.4499330013982, 0.0, 0.0, 165.73704373104252, 0.0, 0.0, 0.0, 1449.580268906744, 0.0, 0.0, 571.8099188970276, 0.0, 225.17691051110063, 0.0, 915.4499330013982, 103.30696243085167, 0.0, 0.0, 0.0, 0.0, 0.0, 367.57483686299423, 0.0, 0.0, 388.1525381285643, 0.0, 625.5251389150216, 0.0, 258.53019143128114, 0.0, 0.0, 177.63895761398362, 688.2142162238241, 0.0, 0.0, 625.5251389150216, 0.0, 0.0, 0.0, 915.4499330013982, 0.0, 170.1120381929676, 0.0, 0.0, 0.0, 0.0, 0.0, 0.0, 0.0, 571.8099188970276, 1109.2337970755889, 0.0, 299.3140410268078, 1109.2337970755889, 0.0, 0.0, 688.2142162238241, 367.57483686299423, 0.0, 0.0, 258.53019143128114, 0.0, 0.0, 0.0, 0.0, 1109.2337970755889, 492.04983700856684, 205.138629454036, 0.0, 0.0, 0.0, 0.0, 0.0, 0.0, 0.0, 0.0, 0.0, 0.0, 0.0, 0.0, 0.0, 0.0, 0.0, 0.0, 316.20809586936315, 0.0, 0.0, 367.57483686299423, 980.2031767955635, 0.0, 0.0, 259.4342933579021, 0.0, 0.0, 0.0, 0.0, 0.0, 0.0, 0.0, 0.0, 251.1003127363506, 0.0, 0.0, 0.0, 0.0, 0.0, 0.0, 0.0, 0.0, 0.0, 0.0, 0.0, 0.0, 492.04983700856684, 571.8099188970276, 0.0, 0.0, 0.0, 0.0, 1449.580268906744, 0.0, 688.2142162238241, 0.0, 0.0, 0.0, 0.0, 0.0, 299.3140410268078, 0.0, 0.0, 0.0, 0.0, 0.0, 0.0, 0.0, 0.0, 309.10279709939516, 492.04983700856684, 0.0, 625.5251389150216, 0.0, 0.0, 0.0, 0.0, 980.2031767955635, 0.0, 1449.580268906744, 0.0, 0.0, 0.0, 980.2031767955635, 388.1525381285643, 159.88457351984982, 0.0, 359.6632310693309, 0.0]
INFORMACIÓN : 19apuestaBundle [316.20809586936315, 225.17691051110063, 205.138629454036, 159.88457351984982]
INFORMACIÓN : 19positionsBundle [243, 1336, 824, 55]
INFORMACIÓN : 19levelsBundle [2, 1, 1, 2]
INFORMACIÓN : 19positionsOrdered [1336, 824, 55, 243]
INFORMACIÓN : 19levelsOrdered [1, 1, 2, 2]
INFORMACIÓN : 19partialityOrdered [1, 1, 2, 2]
INFORMACIÓN : 19arrivalTimes [26.248809496813376, 41.86930884862669, 66.0767457224471, 117.99531655780704]
INFORMACIÓN : 20historia11[915.4499330013982, 0.0, 0.0, 165.73704373104252, 0.0, 0.0, 0.0, 1449.580268906744, 0.0, 0.0, 571.8099188970276, 0.0, 225.17691051110063, 0.0, 915.4499330013982, 103.30696243085167, 0.0, 0.0, 0.0, 0.0, 0.0, 367.57483686299423, 0.0, 0.0, 388.1525381285643, 0.0, 625.5251389150216, 0.0, 258.53019143128114, 0.0, 0.0, 177.63895761398362, 688.2142162238241, 0.0, 0.0, 625.5251389150216, 0.0, 0.0, 0.0, 915.4499330013982, 0.0, 170.1120381929676, 0.0, 0.0, 0.0, 0.0, 0.0, 0.0, 0.0, 571.8099188970276, 1109.2337970755889, 0.0, 299.3140410268078, 1109.2337970755889, 0.0, 0.0, 688.2142162238241, 367.57483686299423, 0.0, 0.0, 258.53019143128114, 0.0, 0.0, 0.0, 0.0, 1109.2337970755889, 492.04983700856684, 205.138629454036, 0.0, 0.0, 0.0, 0.0, 0.0, 0.0, 0.0, 0.0, 0.0, 0.0, 0.0, 0.0, 0.0, 0.0, 0.0, 0.0, 316.20809586936315, 0.0, 0.0, 367.57483686299423, 980.2031767955635, 0.0, 0.0, 259.4342933579021, 0.0, 0.0, 0.0, 0.0, 0.0, 0.0, 0.0, 0.0, 251.1003127363506, 0.0, 0.0, 0.0, 0.0, 0.0, 0.0, 0.0, 0.0, 0.0, 0.0, 0.0, 0.0, 492.04983700856684, 571.8099188970276, 0.0, 0.0, 0.0, 0.0, 1449.580268906744, 0.0, 688.2142162238241, 0.0, 0.0, 0.0, 0.0, 0.0, 299.3140410268078, 0.0, 0.0, 0.0, 0.0, 0.0, 0.0, 0.0, 0.0, 309.10279709939516, 492.04983700856684, 0.0, 625.5251389150216, 0.0, 0.0, 0.0, 0.0, 980.2031767955635, 0.0, 1449.580268906744, 0.0, 0.0, 0.0, 980.2031767955635, 388.1525381285643, 159.88457351984982, 0.0, 359.6632310693309, 0.0]
INFORMACIÓN : 20apuestaBundle [316.20809586936315, 225.17691051110063, 205.138629454036, 159.88457351984982]
INFORMACIÓN : 20positionsBundle [243, 1336, 824, 55]
INFORMACIÓN : 20levelsBundle [2, 1, 1, 2]
INFORMACIÓN : 20positionsOrdered [1336, 824, 55, 243]
INFORMACIÓN : 20levelsOrdered [1, 1, 2, 2]
INFORMACIÓN : 20partialityOrdered [1, 1, 2, 2]
INFORMACIÓN : 20arrivalTimes [26.248809496813376, 41.86930884862669, 66.0767457224471, 117.99531655780704]
INFORMACIÓN : 21historia12[915.4499330013982, 0.0, 0.0, 165.73704373104252, 0.0, 0.0, 0.0, 1449.580268906744, 0.0, 0.0, 571.8099188970276, 0.0, 225.17691051110063, 0.0, 915.4499330013982, 103.30696243085167, 0.0, 0.0, 0.0, 0.0, 0.0, 367.57483686299423, 0.0, 0.0, 388.1525381285643, 0.0, 625.5251389150216, 0.0, 258.53019143128114, 0.0, 0.0, 177.63895761398362, 688.2142162238241, 0.0, 0.0, 625.5251389150216, 0.0, 0.0, 0.0, 915.4499330013982, 0.0, 170.1120381929676, 0.0, 0.0, 0.0, 0.0, 0.0, 0.0, 0.0, 571.8099188970276, 1109.2337970755889, 0.0, 299.3140410268078, 1109.2337970755889, 0.0, 0.0, 688.2142162238241, 367.57483686299423, 0.0, 0.0, 258.53019143128114, 0.0, 0.0, 0.0, 0.0, 1109.2337970755889, 492.04983700856684, 205.138629454036, 0.0, 0.0, 0.0, 0.0, 0.0, 0.0, 0.0, 0.0, 0.0, 0.0, 0.0, 0.0, 0.0, 0.0, 0.0, 0.0, 316.20809586936315, 0.0, 0.0, 367.57483686299423, 980.2031767955635, 0.0, 0.0, 259.4342933579021, 0.0, 0.0, 0.0, 0.0, 0.0, 0.0, 0.0, 0.0, 251.1003127363506, 0.0, 0.0, 0.0, 0.0, 0.0, 0.0, 0.0, 0.0, 0.0, 0.0, 0.0, 0.0, 492.04983700856684, 571.8099188970276, 0.0, 0.0, 0.0, 0.0, 1449.580268906744, 0.0, 688.2142162238241, 0.0, 0.0, 0.0, 0.0, 0.0, 299.3140410268078, 0.0, 0.0, 0.0, 0.0, 0.0, 0.0, 0.0, 0.0, 309.10279709939516, 492.04983700856684, 0.0, 625.5251389150216, 0.0, 0.0, 0.0, 0.0, 980.2031767955635, 0.0, 1449.580268906744, 0.0, 0.0, 0.0, 980.2031767955635, 388.1525381285643, 159.88457351984982, 0.0, 359.6632310693309, 0.0]
INFORMACIÓN : 21apuestaBundle [316.20809586936315, 225.17691051110063, 205.138629454036, 159.88457351984982]
INFORMACIÓN : 21positionsBundle [243, 1336, 824, 55]
INFORMACIÓN : 21levelsBundle [2, 1, 1, 2]
INFORMACIÓN : 21positionsOrdered [1336, 824, 55, 243]
INFORMACIÓN : 21levelsOrdered [1, 1, 2, 2]
INFORMACIÓN : 21partialityOrdered [1, 1, 2, 2]
INFORMACIÓN : 21arrivalTimes [26.248809496813376, 41.86930884862669, 66.0767457224471, 117.99531655780704]
INFORMACIÓN : 22historia13[915.4499330013982, 0.0, 0.0, 165.73704373104252, 0.0, 0.0, 0.0, 1449.580268906744, 0.0, 0.0, 571.8099188970276, 0.0, 225.17691051110063, 0.0, 915.4499330013982, 103.30696243085167, 0.0, 0.0, 0.0, 0.0, 0.0, 367.57483686299423, 0.0, 0.0, 388.1525381285643, 0.0, 625.5251389150216, 0.0, 258.53019143128114, 0.0, 0.0, 177.63895761398362, 688.2142162238241, 0.0, 0.0, 625.5251389150216, 0.0, 0.0, 0.0, 915.4499330013982, 0.0, 170.1120381929676, 0.0, 0.0, 0.0, 0.0, 0.0, 0.0, 0.0, 571.8099188970276, 1109.2337970755889, 0.0, 299.3140410268078, 1109.2337970755889, 0.0, 0.0, 688.2142162238241, 367.57483686299423, 0.0, 0.0, 258.53019143128114, 0.0, 0.0, 0.0, 0.0, 1109.2337970755889, 492.04983700856684, 205.138629454036, 0.0, 0.0, 0.0, 0.0, 0.0, 0.0, 0.0, 0.0, 0.0, 0.0, 0.0, 0.0, 0.0, 0.0, 0.0, 0.0, 316.20809586936315, 0.0, 0.0, 367.57483686299423, 980.2031767955635, 0.0, 0.0, 259.4342933579021, 0.0, 0.0, 0.0, 0.0, 0.0, 0.0, 0.0, 0.0, 251.1003127363506, 0.0, 0.0, 0.0, 0.0, 0.0, 0.0, 0.0, 0.0, 0.0, 0.0, 0.0, 0.0, 492.04983700856684, 571.8099188970276, 0.0, 0.0, 0.0, 0.0, 1449.580268906744, 0.0, 688.2142162238241, 0.0, 0.0, 0.0, 0.0, 0.0, 299.3140410268078, 0.0, 0.0, 0.0, 0.0, 0.0, 0.0, 0.0, 0.0, 309.10279709939516, 492.04983700856684, 0.0, 625.5251389150216, 0.0, 0.0, 0.0, 0.0, 980.2031767955635, 0.0, 1449.580268906744, 0.0, 0.0, 0.0, 980.2031767955635, 388.1525381285643, 159.88457351984982, 0.0, 359.6632310693309, 0.0]
INFORMACIÓN : 22apuestaBundle [316.20809586936315, 225.17691051110063, 205.138629454036, 159.88457351984982]
INFORMACIÓN : 22positionsBundle [243, 1336, 824, 55]
INFORMACIÓN : 22levelsBundle [2, 1, 1, 2]
INFORMACIÓN : 22positionsOrdered [1336, 824, 55, 243]
INFORMACIÓN : 22levelsOrdered [1, 1, 2, 2]
INFORMACIÓN : 22partialityOrdered [1, 1, 2, 2]
INFORMACIÓN : 22arrivalTimes [26.248809496813376, 41.86930884862669, 66.0767457224471, 117.99531655780704]
INFORMACIÓN : 23historia14[915.4499330013982, 0.0, 0.0, 165.73704373104252, 0.0, 0.0, 0.0, 1449.580268906744, 0.0, 0.0, 571.8099188970276, 0.0, 225.17691051110063, 0.0, 915.4499330013982, 103.30696243085167, 0.0, 0.0, 0.0, 0.0, 0.0, 367.57483686299423, 0.0, 0.0, 388.1525381285643, 0.0, 625.5251389150216, 0.0, 258.53019143128114, 0.0, 0.0, 177.63895761398362, 688.2142162238241, 0.0, 0.0, 625.5251389150216, 0.0, 0.0, 0.0, 915.4499330013982, 0.0, 170.1120381929676, 0.0, 0.0, 0.0, 0.0, 0.0, 0.0, 0.0, 571.8099188970276, 1109.2337970755889, 0.0, 299.3140410268078, 1109.2337970755889, 0.0, 0.0, 688.2142162238241, 367.57483686299423, 0.0, 0.0, 258.53019143128114, 0.0, 0.0, 0.0, 0.0, 1109.2337970755889, 492.04983700856684, 205.138629454036, 0.0, 0.0, 0.0, 0.0, 0.0, 0.0, 0.0, 0.0, 0.0, 0.0, 0.0, 0.0, 0.0, 0.0, 0.0, 0.0, 316.20809586936315, 0.0, 0.0, 367.57483686299423, 980.2031767955635, 0.0, 0.0, 259.4342933579021, 0.0, 0.0, 0.0, 0.0, 0.0, 0.0, 0.0, 0.0, 251.1003127363506, 0.0, 0.0, 0.0, 0.0, 0.0, 0.0, 0.0, 0.0, 0.0, 0.0, 0.0, 0.0, 492.04983700856684, 571.8099188970276, 0.0, 0.0, 0.0, 0.0, 1449.580268906744, 0.0, 688.2142162238241, 0.0, 0.0, 0.0, 0.0, 0.0, 299.3140410268078, 0.0, 0.0, 0.0, 0.0, 0.0, 0.0, 0.0, 0.0, 309.10279709939516, 492.04983700856684, 0.0, 625.5251389150216, 0.0, 0.0, 0.0, 0.0, 980.2031767955635, 0.0, 1449.580268906744, 0.0, 0.0, 0.0, 980.2031767955635, 388.1525381285643, 159.88457351984982, 0.0, 359.6632310693309, 0.0]
INFORMACIÓN : 23apuestaBundle [316.20809586936315, 225.17691051110063, 205.138629454036, 159.88457351984982]
INFORMACIÓN : 23positionsBundle [243, 1336, 824, 55]
INFORMACIÓN : 23levelsBundle [2, 1, 1, 2]
INFORMACIÓN : 23positionsOrdered [1336, 824, 55, 243]
INFORMACIÓN : 23levelsOrdered [1, 1, 2, 2]
INFORMACIÓN : 23partialityOrdered [1, 1, 2, 2]
INFORMACIÓN : 23arrivalTimes [26.248809496813376, 41.86930884862669, 66.0767457224471, 117.99531655780704]
INFORMACIÓN : 24historia15[915.4499330013982, 0.0, 0.0, 165.73704373104252, 0.0, 0.0, 0.0, 1449.580268906744, 0.0, 0.0, 571.8099188970276, 0.0, 225.17691051110063, 0.0, 915.4499330013982, 103.30696243085167, 0.0, 0.0, 0.0, 0.0, 0.0, 367.57483686299423, 0.0, 0.0, 388.1525381285643, 0.0, 625.5251389150216, 0.0, 258.53019143128114, 0.0, 0.0, 177.63895761398362, 688.2142162238241, 0.0, 0.0, 625.5251389150216, 0.0, 0.0, 0.0, 915.4499330013982, 0.0, 170.1120381929676, 0.0, 0.0, 0.0, 0.0, 0.0, 0.0, 0.0, 571.8099188970276, 1109.2337970755889, 0.0, 299.3140410268078, 1109.2337970755889, 0.0, 0.0, 688.2142162238241, 367.57483686299423, 0.0, 0.0, 258.53019143128114, 0.0, 0.0, 0.0, 0.0, 1109.2337970755889, 492.04983700856684, 205.138629454036, 0.0, 0.0, 0.0, 0.0, 0.0, 0.0, 0.0, 0.0, 0.0, 0.0, 0.0, 0.0, 0.0, 0.0, 0.0, 0.0, 316.20809586936315, 0.0, 0.0, 367.57483686299423, 980.2031767955635, 0.0, 0.0, 259.4342933579021, 0.0, 0.0, 0.0, 0.0, 0.0, 0.0, 0.0, 0.0, 251.1003127363506, 0.0, 0.0, 0.0, 0.0, 0.0, 0.0, 0.0, 0.0, 0.0, 0.0, 0.0, 0.0, 492.04983700856684, 571.8099188970276, 0.0, 0.0, 0.0, 0.0, 1449.580268906744, 0.0, 688.2142162238241, 0.0, 0.0, 0.0, 0.0, 0.0, 299.3140410268078, 0.0, 0.0, 0.0, 0.0, 0.0, 0.0, 0.0, 0.0, 309.10279709939516, 492.04983700856684, 0.0, 625.5251389150216, 0.0, 0.0, 0.0, 0.0, 980.2031767955635, 0.0, 1449.580268906744, 0.0, 0.0, 0.0, 980.2031767955635, 388.1525381285643, 159.88457351984982, 0.0, 359.6632310693309, 0.0]
INFORMACIÓN : 24apuestaBundle [316.20809586936315, 225.17691051110063, 205.138629454036, 159.88457351984982]
INFORMACIÓN : 24positionsBundle [243, 1336, 824, 55]
INFORMACIÓN : 24levelsBundle [2, 1, 1, 2]
INFORMACIÓN : 24positionsOrdered [1336, 824, 55, 243]
INFORMACIÓN : 24levelsOrdered [1, 1, 2, 2]
INFORMACIÓN : 24partialityOrdered [1, 1, 2, 2]
INFORMACIÓN : 24arrivalTimes [26.248809496813376, 41.86930884862669, 66.0767457224471, 117.99531655780704]
INFORMACIÓN : 25historia16[915.4499330013982, 0.0, 0.0, 165.73704373104252, 0.0, 0.0, 0.0, 1449.580268906744, 0.0, 0.0, 571.8099188970276, 0.0, 225.17691051110063, 0.0, 915.4499330013982, 103.30696243085167, 0.0, 0.0, 0.0, 0.0, 0.0, 367.57483686299423, 0.0, 0.0, 388.1525381285643, 0.0, 625.5251389150216, 0.0, 258.53019143128114, 0.0, 0.0, 177.63895761398362, 688.2142162238241, 0.0, 0.0, 625.5251389150216, 0.0, 0.0, 0.0, 915.4499330013982, 0.0, 170.1120381929676, 0.0, 0.0, 0.0, 0.0, 0.0, 0.0, 0.0, 571.8099188970276, 1109.2337970755889, 0.0, 299.3140410268078, 1109.2337970755889, 0.0, 0.0, 688.2142162238241, 367.57483686299423, 0.0, 0.0, 258.53019143128114, 0.0, 0.0, 0.0, 0.0, 1109.2337970755889, 492.04983700856684, 205.138629454036, 0.0, 0.0, 0.0, 0.0, 0.0, 0.0, 0.0, 0.0, 0.0, 0.0, 0.0, 0.0, 0.0, 0.0, 0.0, 0.0, 316.20809586936315, 0.0, 0.0, 367.57483686299423, 980.2031767955635, 0.0, 0.0, 259.4342933579021, 0.0, 0.0, 0.0, 0.0, 0.0, 0.0, 0.0, 0.0, 251.1003127363506, 0.0, 0.0, 0.0, 0.0, 0.0, 0.0, 0.0, 0.0, 0.0, 0.0, 0.0, 0.0, 492.04983700856684, 571.8099188970276, 0.0, 0.0, 0.0, 0.0, 1449.580268906744, 0.0, 688.2142162238241, 0.0, 0.0, 0.0, 0.0, 0.0, 299.3140410268078, 0.0, 0.0, 0.0, 0.0, 0.0, 0.0, 0.0, 0.0, 309.10279709939516, 492.04983700856684, 0.0, 625.5251389150216, 0.0, 0.0, 0.0, 0.0, 980.2031767955635, 0.0, 1449.580268906744, 0.0, 0.0, 0.0, 980.2031767955635, 388.1525381285643, 159.88457351984982, 0.0, 359.6632310693309, 0.0]
INFORMACIÓN : 25apuestaBundle [316.20809586936315, 225.17691051110063, 205.138629454036, 159.88457351984982]
INFORMACIÓN : 25positionsBundle [243, 1336, 824, 55]
INFORMACIÓN : 25levelsBundle [2, 1, 1, 2]
INFORMACIÓN : 25positionsOrdered [1336, 824, 55, 243]
INFORMACIÓN : 25levelsOrdered [1, 1, 2, 2]
INFORMACIÓN : 25partialityOrdered [1, 1, 2, 2]
INFORMACIÓN : 25arrivalTimes [26.248809496813376, 41.86930884862669, 66.0767457224471, 117.99531655780704]
INFORMACIÓN : 26historia17[915.4499330013982, 0.0, 0.0, 165.73704373104252, 0.0, 0.0, 0.0, 1449.580268906744, 0.0, 0.0, 571.8099188970276, 0.0, 225.17691051110063, 0.0, 915.4499330013982, 103.30696243085167, 0.0, 0.0, 0.0, 0.0, 0.0, 367.57483686299423, 0.0, 0.0, 388.1525381285643, 0.0, 625.5251389150216, 0.0, 258.53019143128114, 0.0, 0.0, 177.63895761398362, 688.2142162238241, 0.0, 0.0, 625.5251389150216, 0.0, 0.0, 0.0, 915.4499330013982, 0.0, 170.1120381929676, 0.0, 0.0, 0.0, 0.0, 0.0, 0.0, 0.0, 571.8099188970276, 1109.2337970755889, 0.0, 299.3140410268078, 1109.2337970755889, 0.0, 0.0, 688.2142162238241, 367.57483686299423, 0.0, 0.0, 258.53019143128114, 0.0, 0.0, 0.0, 0.0, 1109.2337970755889, 492.04983700856684, 205.138629454036, 0.0, 0.0, 0.0, 0.0, 0.0, 0.0, 0.0, 0.0, 0.0, 0.0, 0.0, 0.0, 0.0, 0.0, 0.0, 0.0, 316.20809586936315, 0.0, 0.0, 367.57483686299423, 980.2031767955635, 0.0, 0.0, 259.4342933579021, 0.0, 0.0, 0.0, 0.0, 0.0, 0.0, 0.0, 0.0, 251.1003127363506, 0.0, 0.0, 0.0, 0.0, 0.0, 0.0, 0.0, 0.0, 0.0, 0.0, 0.0, 0.0, 492.04983700856684, 571.8099188970276, 0.0, 0.0, 0.0, 0.0, 1449.580268906744, 0.0, 688.2142162238241, 0.0, 0.0, 0.0, 0.0, 0.0, 299.3140410268078, 0.0, 0.0, 0.0, 0.0, 0.0, 0.0, 0.0, 0.0, 309.10279709939516, 492.04983700856684, 0.0, 625.5251389150216, 0.0, 0.0, 0.0, 0.0, 980.2031767955635, 0.0, 1449.580268906744, 0.0, 0.0, 0.0, 980.2031767955635, 388.1525381285643, 159.88457351984982, 0.0, 359.6632310693309, 0.0]
INFORMACIÓN : 26apuestaBundle [316.20809586936315, 225.17691051110063, 205.138629454036, 159.88457351984982]
INFORMACIÓN : 26positionsBundle [243, 1336, 824, 55]
INFORMACIÓN : 26levelsBundle [2, 1, 1, 2]
INFORMACIÓN : 26positionsOrdered [1336, 824, 55, 243]
INFORMACIÓN : 26levelsOrdered [1, 1, 2, 2]
INFORMACIÓN : 26partialityOrdered [1, 1, 2, 2]
INFORMACIÓN : 26arrivalTimes [26.248809496813376, 41.86930884862669, 66.0767457224471, 117.99531655780704]
INFORMACIÓN : 27historia18[915.4499330013982, 0.0, 0.0, 165.73704373104252, 0.0, 0.0, 0.0, 1449.580268906744, 0.0, 0.0, 571.8099188970276, 0.0, 225.17691051110063, 0.0, 915.4499330013982, 103.30696243085167, 0.0, 0.0, 0.0, 0.0, 0.0, 367.57483686299423, 0.0, 0.0, 388.1525381285643, 0.0, 625.5251389150216, 0.0, 258.53019143128114, 0.0, 0.0, 177.63895761398362, 688.2142162238241, 0.0, 0.0, 625.5251389150216, 0.0, 0.0, 0.0, 915.4499330013982, 0.0, 170.1120381929676, 0.0, 0.0, 0.0, 0.0, 0.0, 0.0, 0.0, 571.8099188970276, 1109.2337970755889, 0.0, 299.3140410268078, 1109.2337970755889, 0.0, 0.0, 688.2142162238241, 367.57483686299423, 0.0, 0.0, 258.53019143128114, 0.0, 0.0, 0.0, 0.0, 1109.2337970755889, 492.04983700856684, 205.138629454036, 0.0, 0.0, 0.0, 0.0, 0.0, 0.0, 0.0, 0.0, 0.0, 0.0, 0.0, 0.0, 0.0, 0.0, 0.0, 0.0, 316.20809586936315, 0.0, 0.0, 367.57483686299423, 980.2031767955635, 0.0, 0.0, 259.4342933579021, 0.0, 0.0, 0.0, 0.0, 0.0, 0.0, 0.0, 0.0, 251.1003127363506, 0.0, 0.0, 0.0, 0.0, 0.0, 0.0, 0.0, 0.0, 0.0, 0.0, 0.0, 0.0, 492.04983700856684, 571.8099188970276, 0.0, 0.0, 0.0, 0.0, 1449.580268906744, 0.0, 688.2142162238241, 0.0, 0.0, 0.0, 0.0, 0.0, 299.3140410268078, 0.0, 0.0, 0.0, 0.0, 0.0, 0.0, 0.0, 0.0, 309.10279709939516, 492.04983700856684, 0.0, 625.5251389150216, 0.0, 0.0, 0.0, 0.0, 980.2031767955635, 0.0, 1449.580268906744, 0.0, 0.0, 0.0, 980.2031767955635, 388.1525381285643, 159.88457351984982, 0.0, 359.6632310693309, 0.0]
INFORMACIÓN : 27apuestaBundle [316.20809586936315, 225.17691051110063, 205.138629454036, 159.88457351984982]
INFORMACIÓN : 27positionsBundle [243, 1336, 824, 55]
INFORMACIÓN : 27levelsBundle [2, 1, 1, 2]
INFORMACIÓN : 27positionsOrdered [1336, 824, 55, 243]
INFORMACIÓN : 27levelsOrdered [1, 1, 2, 2]
INFORMACIÓN : 27partialityOrdered [1, 1, 2, 2]
INFORMACIÓN : 27arrivalTimes [26.248809496813376, 41.86930884862669, 66.0767457224471, 117.99531655780704]
INFORMACIÓN : 28historia19[915.4499330013982, 0.0, 0.0, 165.73704373104252, 0.0, 0.0, 0.0, 1449.580268906744, 0.0, 0.0, 571.8099188970276, 0.0, 225.17691051110063, 0.0, 915.4499330013982, 103.30696243085167, 0.0, 0.0, 0.0, 0.0, 0.0, 367.57483686299423, 0.0, 0.0, 388.1525381285643, 0.0, 625.5251389150216, 0.0, 258.53019143128114, 0.0, 0.0, 177.63895761398362, 688.2142162238241, 0.0, 0.0, 625.5251389150216, 0.0, 0.0, 0.0, 915.4499330013982, 0.0, 170.1120381929676, 0.0, 0.0, 0.0, 0.0, 0.0, 0.0, 0.0, 571.8099188970276, 1109.2337970755889, 0.0, 299.3140410268078, 1109.2337970755889, 0.0, 0.0, 688.2142162238241, 367.57483686299423, 0.0, 0.0, 258.53019143128114, 0.0, 0.0, 0.0, 0.0, 1109.2337970755889, 492.04983700856684, 205.138629454036, 0.0, 0.0, 0.0, 0.0, 0.0, 0.0, 0.0, 0.0, 0.0, 0.0, 0.0, 0.0, 0.0, 0.0, 0.0, 0.0, 316.20809586936315, 0.0, 0.0, 367.57483686299423, 980.2031767955635, 0.0, 0.0, 259.4342933579021, 0.0, 0.0, 0.0, 0.0, 0.0, 0.0, 0.0, 0.0, 251.1003127363506, 0.0, 0.0, 0.0, 0.0, 0.0, 0.0, 0.0, 0.0, 0.0, 0.0, 0.0, 0.0, 492.04983700856684, 571.8099188970276, 0.0, 0.0, 0.0, 0.0, 1449.580268906744, 0.0, 688.2142162238241, 0.0, 0.0, 0.0, 0.0, 0.0, 299.3140410268078, 0.0, 0.0, 0.0, 0.0, 0.0, 0.0, 0.0, 0.0, 309.10279709939516, 492.04983700856684, 0.0, 625.5251389150216, 0.0, 0.0, 0.0, 0.0, 980.2031767955635, 0.0, 1449.580268906744, 0.0, 0.0, 0.0, 980.2031767955635, 388.1525381285643, 159.88457351984982, 0.0, 359.6632310693309, 0.0]
INFORMACIÓN : 28apuestaBundle [316.20809586936315, 225.17691051110063, 205.138629454036, 159.88457351984982]
INFORMACIÓN : 28positionsBundle [243, 1336, 824, 55]
INFORMACIÓN : 28levelsBundle [2, 1, 1, 2]
INFORMACIÓN : 28positionsOrdered [1336, 824, 55, 243]
INFORMACIÓN : 28levelsOrdered [1, 1, 2, 2]
INFORMACIÓN : 28partialityOrdered [1, 1, 2, 2]
INFORMACIÓN : 28arrivalTimes [26.248809496813376, 41.86930884862669, 66.0767457224471, 117.99531655780704]
INFORMACIÓN : 29historia20[915.4499330013982, 0.0, 0.0, 165.73704373104252, 0.0, 0.0, 0.0, 1449.580268906744, 0.0, 0.0, 571.8099188970276, 0.0, 225.17691051110063, 0.0, 915.4499330013982, 103.30696243085167, 0.0, 0.0, 0.0, 0.0, 0.0, 367.57483686299423, 0.0, 0.0, 388.1525381285643, 0.0, 625.5251389150216, 0.0, 258.53019143128114, 0.0, 0.0, 177.63895761398362, 688.2142162238241, 0.0, 0.0, 625.5251389150216, 0.0, 0.0, 0.0, 915.4499330013982, 0.0, 170.1120381929676, 0.0, 0.0, 0.0, 0.0, 0.0, 0.0, 0.0, 571.8099188970276, 1109.2337970755889, 0.0, 299.3140410268078, 1109.2337970755889, 0.0, 0.0, 688.2142162238241, 367.57483686299423, 0.0, 0.0, 258.53019143128114, 0.0, 0.0, 0.0, 0.0, 1109.2337970755889, 492.04983700856684, 205.138629454036, 0.0, 0.0, 0.0, 0.0, 0.0, 0.0, 0.0, 0.0, 0.0, 0.0, 0.0, 0.0, 0.0, 0.0, 0.0, 0.0, 316.20809586936315, 0.0, 0.0, 367.57483686299423, 980.2031767955635, 0.0, 0.0, 259.4342933579021, 0.0, 0.0, 0.0, 0.0, 0.0, 0.0, 0.0, 0.0, 251.1003127363506, 0.0, 0.0, 0.0, 0.0, 0.0, 0.0, 0.0, 0.0, 0.0, 0.0, 0.0, 0.0, 492.04983700856684, 571.8099188970276, 0.0, 0.0, 0.0, 0.0, 1449.580268906744, 0.0, 688.2142162238241, 0.0, 0.0, 0.0, 0.0, 0.0, 299.3140410268078, 0.0, 0.0, 0.0, 0.0, 0.0, 0.0, 0.0, 0.0, 309.10279709939516, 492.04983700856684, 0.0, 625.5251389150216, 0.0, 0.0, 0.0, 0.0, 980.2031767955635, 0.0, 1449.580268906744, 0.0, 0.0, 0.0, 980.2031767955635, 388.1525381285643, 159.88457351984982, 0.0, 359.6632310693309, 0.0]
INFORMACIÓN : 29apuestaBundle [316.20809586936315, 225.17691051110063, 205.138629454036, 159.88457351984982]
INFORMACIÓN : 29positionsBundle [243, 1336, 824, 55]
INFORMACIÓN : 29levelsBundle [2, 1, 1, 2]
INFORMACIÓN : 29positionsOrdered [1336, 824, 55, 243]
INFORMACIÓN : 29levelsOrdered [1, 1, 2, 2]
INFORMACIÓN : 29partialityOrdered [1, 1, 2, 2]
INFORMACIÓN : 29arrivalTimes [26.248809496813376, 41.86930884862669, 66.0767457224471, 117.99531655780704]
INFORMACIÓN : 30historia21[915.4499330013982, 0.0, 0.0, 165.73704373104252, 0.0, 0.0, 0.0, 1449.580268906744, 0.0, 0.0, 571.8099188970276, 0.0, 225.17691051110063, 0.0, 915.4499330013982, 103.30696243085167, 0.0, 0.0, 0.0, 0.0, 0.0, 367.57483686299423, 0.0, 0.0, 388.1525381285643, 0.0, 625.5251389150216, 0.0, 258.53019143128114, 0.0, 0.0, 177.63895761398362, 688.2142162238241, 0.0, 0.0, 625.5251389150216, 0.0, 0.0, 0.0, 915.4499330013982, 0.0, 170.1120381929676, 0.0, 0.0, 0.0, 0.0, 0.0, 0.0, 0.0, 571.8099188970276, 1109.2337970755889, 0.0, 299.3140410268078, 1109.2337970755889, 0.0, 0.0, 688.2142162238241, 367.57483686299423, 0.0, 0.0, 258.53019143128114, 0.0, 0.0, 0.0, 0.0, 1109.2337970755889, 492.04983700856684, 205.138629454036, 0.0, 0.0, 0.0, 0.0, 0.0, 0.0, 0.0, 0.0, 0.0, 0.0, 0.0, 0.0, 0.0, 0.0, 0.0, 0.0, 316.20809586936315, 0.0, 0.0, 367.57483686299423, 980.2031767955635, 0.0, 0.0, 259.4342933579021, 0.0, 0.0, 0.0, 0.0, 0.0, 0.0, 0.0, 0.0, 251.1003127363506, 0.0, 0.0, 0.0, 0.0, 0.0, 0.0, 0.0, 0.0, 0.0, 0.0, 0.0, 0.0, 492.04983700856684, 571.8099188970276, 0.0, 0.0, 0.0, 0.0, 1449.580268906744, 0.0, 688.2142162238241, 0.0, 0.0, 0.0, 0.0, 0.0, 299.3140410268078, 0.0, 0.0, 0.0, 0.0, 0.0, 0.0, 0.0, 0.0, 309.10279709939516, 492.04983700856684, 0.0, 625.5251389150216, 0.0, 0.0, 0.0, 0.0, 980.2031767955635, 0.0, 1449.580268906744, 0.0, 0.0, 0.0, 980.2031767955635, 388.1525381285643, 159.88457351984982, 0.0, 359.6632310693309, 0.0]
INFORMACIÓN : 30apuestaBundle [316.20809586936315, 225.17691051110063, 205.138629454036, 159.88457351984982]
INFORMACIÓN : 30positionsBundle [243, 1336, 824, 55]
INFORMACIÓN : 30levelsBundle [2, 1, 1, 2]
INFORMACIÓN : 30positionsOrdered [1336, 824, 55, 243]
INFORMACIÓN : 30levelsOrdered [1, 1, 2, 2]
INFORMACIÓN : 30partialityOrdered [1, 1, 2, 2]
INFORMACIÓN : 30arrivalTimes [26.248809496813376, 41.86930884862669, 66.0767457224471, 117.99531655780704]
INFORMACIÓN : 31historia22[915.4499330013982, 0.0, 0.0, 165.73704373104252, 0.0, 0.0, 0.0, 1449.580268906744, 0.0, 0.0, 571.8099188970276, 0.0, 225.17691051110063, 0.0, 915.4499330013982, 103.30696243085167, 0.0, 0.0, 0.0, 0.0, 0.0, 367.57483686299423, 0.0, 0.0, 388.1525381285643, 0.0, 625.5251389150216, 0.0, 258.53019143128114, 0.0, 0.0, 177.63895761398362, 688.2142162238241, 0.0, 0.0, 625.5251389150216, 0.0, 0.0, 0.0, 915.4499330013982, 0.0, 170.1120381929676, 0.0, 0.0, 0.0, 0.0, 0.0, 0.0, 0.0, 571.8099188970276, 1109.2337970755889, 0.0, 299.3140410268078, 1109.2337970755889, 0.0, 0.0, 688.2142162238241, 367.57483686299423, 0.0, 0.0, 258.53019143128114, 0.0, 0.0, 0.0, 0.0, 1109.2337970755889, 492.04983700856684, 205.138629454036, 0.0, 0.0, 0.0, 0.0, 0.0, 0.0, 0.0, 0.0, 0.0, 0.0, 0.0, 0.0, 0.0, 0.0, 0.0, 0.0, 316.20809586936315, 0.0, 0.0, 367.57483686299423, 980.2031767955635, 0.0, 0.0, 259.4342933579021, 0.0, 0.0, 0.0, 0.0, 0.0, 0.0, 0.0, 0.0, 251.1003127363506, 0.0, 0.0, 0.0, 0.0, 0.0, 0.0, 0.0, 0.0, 0.0, 0.0, 0.0, 0.0, 492.04983700856684, 571.8099188970276, 0.0, 0.0, 0.0, 0.0, 1449.580268906744, 0.0, 688.2142162238241, 0.0, 0.0, 0.0, 0.0, 0.0, 299.3140410268078, 0.0, 0.0, 0.0, 0.0, 0.0, 0.0, 0.0, 0.0, 309.10279709939516, 492.04983700856684, 0.0, 625.5251389150216, 0.0, 0.0, 0.0, 0.0, 980.2031767955635, 0.0, 1449.580268906744, 0.0, 0.0, 0.0, 980.2031767955635, 388.1525381285643, 159.88457351984982, 0.0, 359.6632310693309, 0.0]
INFORMACIÓN : 31apuestaBundle [316.20809586936315, 225.17691051110063, 205.138629454036, 159.88457351984982]
INFORMACIÓN : 31positionsBundle [243, 1336, 824, 55]
INFORMACIÓN : 31levelsBundle [2, 1, 1, 2]
INFORMACIÓN : 31positionsOrdered [1336, 824, 55, 243]
INFORMACIÓN : 31levelsOrdered [1, 1, 2, 2]
INFORMACIÓN : 31partialityOrdered [1, 1, 2, 2]
INFORMACIÓN : 31arrivalTimes [26.248809496813376, 41.86930884862669, 66.0767457224471, 117.99531655780704]
INFORMACIÓN : 32historia23[915.4499330013982, 0.0, 0.0, 165.73704373104252, 0.0, 0.0, 0.0, 1449.580268906744, 0.0, 0.0, 571.8099188970276, 0.0, 225.17691051110063, 0.0, 915.4499330013982, 103.30696243085167, 0.0, 0.0, 0.0, 0.0, 0.0, 367.57483686299423, 0.0, 0.0, 388.1525381285643, 0.0, 625.5251389150216, 0.0, 258.53019143128114, 0.0, 0.0, 177.63895761398362, 688.2142162238241, 0.0, 0.0, 625.5251389150216, 0.0, 0.0, 0.0, 915.4499330013982, 0.0, 170.1120381929676, 0.0, 0.0, 0.0, 0.0, 0.0, 0.0, 0.0, 571.8099188970276, 1109.2337970755889, 0.0, 299.3140410268078, 1109.2337970755889, 0.0, 0.0, 688.2142162238241, 367.57483686299423, 0.0, 0.0, 258.53019143128114, 0.0, 0.0, 0.0, 0.0, 1109.2337970755889, 492.04983700856684, 205.138629454036, 0.0, 0.0, 0.0, 0.0, 0.0, 0.0, 0.0, 0.0, 0.0, 0.0, 0.0, 0.0, 0.0, 0.0, 0.0, 0.0, 316.20809586936315, 0.0, 0.0, 367.57483686299423, 980.2031767955635, 0.0, 0.0, 259.4342933579021, 0.0, 0.0, 0.0, 0.0, 0.0, 0.0, 0.0, 0.0, 251.1003127363506, 0.0, 0.0, 0.0, 0.0, 0.0, 0.0, 0.0, 0.0, 0.0, 0.0, 0.0, 0.0, 492.04983700856684, 571.8099188970276, 0.0, 0.0, 0.0, 0.0, 1449.580268906744, 0.0, 688.2142162238241, 0.0, 0.0, 0.0, 0.0, 0.0, 299.3140410268078, 0.0, 0.0, 0.0, 0.0, 0.0, 0.0, 0.0, 0.0, 309.10279709939516, 492.04983700856684, 0.0, 625.5251389150216, 0.0, 0.0, 0.0, 0.0, 980.2031767955635, 0.0, 1449.580268906744, 0.0, 0.0, 0.0, 980.2031767955635, 388.1525381285643, 159.88457351984982, 0.0, 359.6632310693309, 0.0]
INFORMACIÓN : 32apuestaBundle [316.20809586936315, 225.17691051110063, 205.138629454036, 159.88457351984982]
INFORMACIÓN : 32positionsBundle [243, 1336, 824, 55]
INFORMACIÓN : 32levelsBundle [2, 1, 1, 2]
INFORMACIÓN : 32positionsOrdered [1336, 824, 55, 243]
INFORMACIÓN : 32levelsOrdered [1, 1, 2, 2]
INFORMACIÓN : 32partialityOrdered [1, 1, 2, 2]
INFORMACIÓN : 32arrivalTimes [26.248809496813376, 41.86930884862669, 66.0767457224471, 117.99531655780704]
INFORMACIÓN : 33historia24[915.4499330013982, 0.0, 0.0, 165.73704373104252, 0.0, 0.0, 0.0, 1449.580268906744, 0.0, 0.0, 571.8099188970276, 0.0, 225.17691051110063, 0.0, 915.4499330013982, 103.30696243085167, 0.0, 0.0, 0.0, 0.0, 0.0, 367.57483686299423, 0.0, 0.0, 388.1525381285643, 0.0, 625.5251389150216, 0.0, 258.53019143128114, 0.0, 0.0, 177.63895761398362, 688.2142162238241, 0.0, 0.0, 625.5251389150216, 0.0, 0.0, 0.0, 915.4499330013982, 0.0, 170.1120381929676, 0.0, 0.0, 0.0, 0.0, 0.0, 0.0, 0.0, 571.8099188970276, 1109.2337970755889, 0.0, 299.3140410268078, 1109.2337970755889, 0.0, 0.0, 688.2142162238241, 367.57483686299423, 0.0, 0.0, 258.53019143128114, 0.0, 0.0, 0.0, 0.0, 1109.2337970755889, 492.04983700856684, 205.138629454036, 0.0, 0.0, 0.0, 0.0, 0.0, 0.0, 0.0, 0.0, 0.0, 0.0, 0.0, 0.0, 0.0, 0.0, 0.0, 0.0, 316.20809586936315, 0.0, 0.0, 367.57483686299423, 980.2031767955635, 0.0, 0.0, 259.4342933579021, 0.0, 0.0, 0.0, 0.0, 0.0, 0.0, 0.0, 0.0, 251.1003127363506, 0.0, 0.0, 0.0, 0.0, 0.0, 0.0, 0.0, 0.0, 0.0, 0.0, 0.0, 0.0, 492.04983700856684, 571.8099188970276, 0.0, 0.0, 0.0, 0.0, 1449.580268906744, 0.0, 688.2142162238241, 0.0, 0.0, 0.0, 0.0, 0.0, 299.3140410268078, 0.0, 0.0, 0.0, 0.0, 0.0, 0.0, 0.0, 0.0, 309.10279709939516, 492.04983700856684, 0.0, 625.5251389150216, 0.0, 0.0, 0.0, 0.0, 980.2031767955635, 0.0, 1449.580268906744, 0.0, 0.0, 0.0, 980.2031767955635, 388.1525381285643, 159.88457351984982, 0.0, 359.6632310693309, 0.0]
INFORMACIÓN : 33apuestaBundle [316.20809586936315, 225.17691051110063, 205.138629454036, 159.88457351984982]
INFORMACIÓN : 33positionsBundle [243, 1336, 824, 55]
INFORMACIÓN : 33levelsBundle [2, 1, 1, 2]
INFORMACIÓN : 33positionsOrdered [1336, 824, 55, 243]
INFORMACIÓN : 33levelsOrdered [1, 1, 2, 2]
INFORMACIÓN : 33partialityOrdered [1, 1, 2, 2]
INFORMACIÓN : 33arrivalTimes [26.248809496813376, 41.86930884862669, 66.0767457224471, 117.99531655780704]
INFORMACIÓN : 34historia25[915.4499330013982, 0.0, 0.0, 165.73704373104252, 0.0, 0.0, 0.0, 1449.580268906744, 0.0, 0.0, 571.8099188970276, 0.0, 225.17691051110063, 0.0, 915.4499330013982, 103.30696243085167, 0.0, 0.0, 0.0, 0.0, 0.0, 367.57483686299423, 0.0, 0.0, 388.1525381285643, 0.0, 625.5251389150216, 0.0, 258.53019143128114, 0.0, 0.0, 177.63895761398362, 688.2142162238241, 0.0, 0.0, 625.5251389150216, 0.0, 0.0, 0.0, 915.4499330013982, 0.0, 170.1120381929676, 0.0, 0.0, 0.0, 0.0, 0.0, 0.0, 0.0, 571.8099188970276, 1109.2337970755889, 0.0, 299.3140410268078, 1109.2337970755889, 0.0, 0.0, 688.2142162238241, 367.57483686299423, 0.0, 0.0, 258.53019143128114, 0.0, 0.0, 0.0, 0.0, 1109.2337970755889, 492.04983700856684, 205.138629454036, 0.0, 0.0, 0.0, 0.0, 0.0, 0.0, 0.0, 0.0, 0.0, 0.0, 0.0, 0.0, 0.0, 0.0, 0.0, 0.0, 316.20809586936315, 0.0, 0.0, 367.57483686299423, 980.2031767955635, 0.0, 0.0, 259.4342933579021, 0.0, 0.0, 0.0, 0.0, 0.0, 0.0, 0.0, 0.0, 251.1003127363506, 0.0, 0.0, 0.0, 0.0, 0.0, 0.0, 0.0, 0.0, 0.0, 0.0, 0.0, 0.0, 492.04983700856684, 571.8099188970276, 0.0, 0.0, 0.0, 0.0, 1449.580268906744, 0.0, 688.2142162238241, 0.0, 0.0, 0.0, 0.0, 0.0, 299.3140410268078, 0.0, 0.0, 0.0, 0.0, 0.0, 0.0, 0.0, 0.0, 309.10279709939516, 492.04983700856684, 0.0, 625.5251389150216, 0.0, 0.0, 0.0, 0.0, 980.2031767955635, 0.0, 1449.580268906744, 0.0, 0.0, 0.0, 980.2031767955635, 388.1525381285643, 159.88457351984982, 0.0, 359.6632310693309, 0.0]
INFORMACIÓN : 34apuestaBundle [316.20809586936315, 225.17691051110063, 205.138629454036, 159.88457351984982]
INFORMACIÓN : 34positionsBundle [243, 1336, 824, 55]
INFORMACIÓN : 34levelsBundle [2, 1, 1, 2]
INFORMACIÓN : 34positionsOrdered [1336, 824, 55, 243]
INFORMACIÓN : 34levelsOrdered [1, 1, 2, 2]
INFORMACIÓN : 34partialityOrdered [1, 1, 2, 2]
INFORMACIÓN : 34arrivalTimes [26.248809496813376, 41.86930884862669, 66.0767457224471, 117.99531655780704]
INFORMACIÓN : 35historia26[915.4499330013982, 0.0, 0.0, 165.73704373104252, 0.0, 0.0, 0.0, 1449.580268906744, 0.0, 0.0, 571.8099188970276, 0.0, 225.17691051110063, 0.0, 915.4499330013982, 103.30696243085167, 0.0, 0.0, 0.0, 0.0, 0.0, 367.57483686299423, 0.0, 0.0, 388.1525381285643, 0.0, 625.5251389150216, 0.0, 258.53019143128114, 0.0, 0.0, 177.63895761398362, 688.2142162238241, 0.0, 0.0, 625.5251389150216, 0.0, 0.0, 0.0, 915.4499330013982, 0.0, 170.1120381929676, 0.0, 0.0, 0.0, 0.0, 0.0, 0.0, 0.0, 571.8099188970276, 1109.2337970755889, 0.0, 299.3140410268078, 1109.2337970755889, 0.0, 0.0, 688.2142162238241, 367.57483686299423, 0.0, 0.0, 258.53019143128114, 0.0, 0.0, 0.0, 0.0, 1109.2337970755889, 492.04983700856684, 205.138629454036, 0.0, 0.0, 0.0, 0.0, 0.0, 0.0, 0.0, 0.0, 0.0, 0.0, 0.0, 0.0, 0.0, 0.0, 0.0, 0.0, 316.20809586936315, 0.0, 0.0, 367.57483686299423, 980.2031767955635, 0.0, 0.0, 259.4342933579021, 0.0, 0.0, 0.0, 0.0, 0.0, 0.0, 0.0, 0.0, 251.1003127363506, 0.0, 0.0, 0.0, 0.0, 0.0, 0.0, 0.0, 0.0, 0.0, 0.0, 0.0, 0.0, 492.04983700856684, 571.8099188970276, 0.0, 0.0, 0.0, 0.0, 1449.580268906744, 0.0, 688.2142162238241, 0.0, 0.0, 0.0, 0.0, 0.0, 299.3140410268078, 0.0, 0.0, 0.0, 0.0, 0.0, 0.0, 0.0, 0.0, 309.10279709939516, 492.04983700856684, 0.0, 625.5251389150216, 0.0, 0.0, 0.0, 0.0, 980.2031767955635, 0.0, 1449.580268906744, 0.0, 0.0, 0.0, 980.2031767955635, 388.1525381285643, 159.88457351984982, 0.0, 359.6632310693309, 0.0]
INFORMACIÓN : 35apuestaBundle [316.20809586936315, 225.17691051110063, 205.138629454036, 159.88457351984982]
INFORMACIÓN : 35positionsBundle [243, 1336, 824, 55]
INFORMACIÓN : 35levelsBundle [2, 1, 1, 2]
INFORMACIÓN : 35positionsOrdered [1336, 824, 55, 243]
INFORMACIÓN : 35levelsOrdered [1, 1, 2, 2]
INFORMACIÓN : 35partialityOrdered [1, 1, 2, 2]
INFORMACIÓN : 35arrivalTimes [26.248809496813376, 41.86930884862669, 66.0767457224471, 117.99531655780704]
INFORMACIÓN : 36historia27[915.4499330013982, 0.0, 0.0, 165.73704373104252, 0.0, 0.0, 0.0, 1449.580268906744, 0.0, 0.0, 571.8099188970276, 0.0, 225.17691051110063, 0.0, 915.4499330013982, 103.30696243085167, 0.0, 0.0, 0.0, 0.0, 0.0, 367.57483686299423, 0.0, 0.0, 388.1525381285643, 0.0, 625.5251389150216, 0.0, 258.53019143128114, 0.0, 0.0, 177.63895761398362, 688.2142162238241, 0.0, 0.0, 625.5251389150216, 0.0, 0.0, 0.0, 915.4499330013982, 0.0, 170.1120381929676, 0.0, 0.0, 0.0, 0.0, 0.0, 0.0, 0.0, 571.8099188970276, 1109.2337970755889, 0.0, 299.3140410268078, 1109.2337970755889, 0.0, 0.0, 688.2142162238241, 367.57483686299423, 0.0, 0.0, 258.53019143128114, 0.0, 0.0, 0.0, 0.0, 1109.2337970755889, 492.04983700856684, 205.138629454036, 0.0, 0.0, 0.0, 0.0, 0.0, 0.0, 0.0, 0.0, 0.0, 0.0, 0.0, 0.0, 0.0, 0.0, 0.0, 0.0, 316.20809586936315, 0.0, 0.0, 367.57483686299423, 980.2031767955635, 0.0, 0.0, 259.4342933579021, 0.0, 0.0, 0.0, 0.0, 0.0, 0.0, 0.0, 0.0, 251.1003127363506, 0.0, 0.0, 0.0, 0.0, 0.0, 0.0, 0.0, 0.0, 0.0, 0.0, 0.0, 0.0, 492.04983700856684, 571.8099188970276, 0.0, 0.0, 0.0, 0.0, 1449.580268906744, 0.0, 688.2142162238241, 0.0, 0.0, 0.0, 0.0, 0.0, 299.3140410268078, 0.0, 0.0, 0.0, 0.0, 0.0, 0.0, 0.0, 0.0, 309.10279709939516, 492.04983700856684, 0.0, 625.5251389150216, 0.0, 0.0, 0.0, 0.0, 980.2031767955635, 0.0, 1449.580268906744, 0.0, 0.0, 0.0, 980.2031767955635, 388.1525381285643, 159.88457351984982, 0.0, 359.6632310693309, 0.0]
INFORMACIÓN : 36apuestaBundle [316.20809586936315, 225.17691051110063, 205.138629454036, 159.88457351984982]
INFORMACIÓN : 36positionsBundle [243, 1336, 824, 55]
INFORMACIÓN : 36levelsBundle [2, 1, 1, 2]
INFORMACIÓN : 36positionsOrdered [1336, 824, 55, 243]
INFORMACIÓN : 36levelsOrdered [1, 1, 2, 2]
INFORMACIÓN : 36partialityOrdered [1, 1, 2, 2]
INFORMACIÓN : 36arrivalTimes [26.248809496813376, 41.86930884862669, 66.0767457224471, 117.99531655780704]
INFORMACIÓN : 37historia28[915.4499330013982, 0.0, 0.0, 165.73704373104252, 0.0, 0.0, 0.0, 1449.580268906744, 0.0, 0.0, 571.8099188970276, 0.0, 225.17691051110063, 0.0, 915.4499330013982, 103.30696243085167, 0.0, 0.0, 0.0, 0.0, 0.0, 367.57483686299423, 0.0, 0.0, 388.1525381285643, 0.0, 625.5251389150216, 0.0, 258.53019143128114, 0.0, 0.0, 177.63895761398362, 688.2142162238241, 0.0, 0.0, 625.5251389150216, 0.0, 0.0, 0.0, 915.4499330013982, 0.0, 170.1120381929676, 0.0, 0.0, 0.0, 0.0, 0.0, 0.0, 0.0, 571.8099188970276, 1109.2337970755889, 0.0, 299.3140410268078, 1109.2337970755889, 0.0, 0.0, 688.2142162238241, 367.57483686299423, 0.0, 0.0, 258.53019143128114, 0.0, 0.0, 0.0, 0.0, 1109.2337970755889, 492.04983700856684, 205.138629454036, 0.0, 0.0, 0.0, 0.0, 0.0, 0.0, 0.0, 0.0, 0.0, 0.0, 0.0, 0.0, 0.0, 0.0, 0.0, 0.0, 316.20809586936315, 0.0, 0.0, 367.57483686299423, 980.2031767955635, 0.0, 0.0, 259.4342933579021, 0.0, 0.0, 0.0, 0.0, 0.0, 0.0, 0.0, 0.0, 251.1003127363506, 0.0, 0.0, 0.0, 0.0, 0.0, 0.0, 0.0, 0.0, 0.0, 0.0, 0.0, 0.0, 492.04983700856684, 571.8099188970276, 0.0, 0.0, 0.0, 0.0, 1449.580268906744, 0.0, 688.2142162238241, 0.0, 0.0, 0.0, 0.0, 0.0, 299.3140410268078, 0.0, 0.0, 0.0, 0.0, 0.0, 0.0, 0.0, 0.0, 309.10279709939516, 492.04983700856684, 0.0, 625.5251389150216, 0.0, 0.0, 0.0, 0.0, 980.2031767955635, 0.0, 1449.580268906744, 0.0, 0.0, 0.0, 980.2031767955635, 388.1525381285643, 159.88457351984982, 0.0, 359.6632310693309, 0.0]
INFORMACIÓN : 37apuestaBundle [316.20809586936315, 225.17691051110063, 205.138629454036, 159.88457351984982]
INFORMACIÓN : 37positionsBundle [243, 1336, 824, 55]
INFORMACIÓN : 37levelsBundle [2, 1, 1, 2]
INFORMACIÓN : 37positionsOrdered [1336, 824, 55, 243]
INFORMACIÓN : 37levelsOrdered [1, 1, 2, 2]
INFORMACIÓN : 37partialityOrdered [1, 1, 2, 2]
INFORMACIÓN : 37arrivalTimes [26.248809496813376, 41.86930884862669, 66.0767457224471, 117.99531655780704]
INFORMACIÓN : 38historia29[915.4499330013982, 0.0, 0.0, 165.73704373104252, 0.0, 0.0, 0.0, 1449.580268906744, 0.0, 0.0, 571.8099188970276, 0.0, 225.17691051110063, 0.0, 915.4499330013982, 103.30696243085167, 0.0, 0.0, 0.0, 0.0, 0.0, 367.57483686299423, 0.0, 0.0, 388.1525381285643, 0.0, 625.5251389150216, 0.0, 258.53019143128114, 0.0, 0.0, 177.63895761398362, 688.2142162238241, 0.0, 0.0, 625.5251389150216, 0.0, 0.0, 0.0, 915.4499330013982, 0.0, 170.1120381929676, 0.0, 0.0, 0.0, 0.0, 0.0, 0.0, 0.0, 571.8099188970276, 1109.2337970755889, 0.0, 299.3140410268078, 1109.2337970755889, 0.0, 0.0, 688.2142162238241, 367.57483686299423, 0.0, 0.0, 258.53019143128114, 0.0, 0.0, 0.0, 0.0, 1109.2337970755889, 492.04983700856684, 205.138629454036, 0.0, 0.0, 0.0, 0.0, 0.0, 0.0, 0.0, 0.0, 0.0, 0.0, 0.0, 0.0, 0.0, 0.0, 0.0, 0.0, 316.20809586936315, 0.0, 0.0, 367.57483686299423, 980.2031767955635, 0.0, 0.0, 259.4342933579021, 0.0, 0.0, 0.0, 0.0, 0.0, 0.0, 0.0, 0.0, 251.1003127363506, 0.0, 0.0, 0.0, 0.0, 0.0, 0.0, 0.0, 0.0, 0.0, 0.0, 0.0, 0.0, 492.04983700856684, 571.8099188970276, 0.0, 0.0, 0.0, 0.0, 1449.580268906744, 0.0, 688.2142162238241, 0.0, 0.0, 0.0, 0.0, 0.0, 299.3140410268078, 0.0, 0.0, 0.0, 0.0, 0.0, 0.0, 0.0, 0.0, 309.10279709939516, 492.04983700856684, 0.0, 625.5251389150216, 0.0, 0.0, 0.0, 0.0, 980.2031767955635, 0.0, 1449.580268906744, 0.0, 0.0, 0.0, 980.2031767955635, 388.1525381285643, 159.88457351984982, 0.0, 359.6632310693309, 0.0]
INFORMACIÓN : 38apuestaBundle [316.20809586936315, 225.17691051110063, 205.138629454036, 159.88457351984982]
INFORMACIÓN : 38positionsBundle [243, 1336, 824, 55]
INFORMACIÓN : 38levelsBundle [2, 1, 1, 2]
INFORMACIÓN : 38positionsOrdered [1336, 824, 55, 243]
INFORMACIÓN : 38levelsOrdered [1, 1, 2, 2]
INFORMACIÓN : 38partialityOrdered [1, 1, 2, 2]
INFORMACIÓN : 38arrivalTimes [26.248809496813376, 41.86930884862669, 66.0767457224471, 117.99531655780704]
INFORMACIÓN : 39historia30[915.4499330013982, 0.0, 0.0, 165.73704373104252, 0.0, 0.0, 0.0, 1449.580268906744, 0.0, 0.0, 571.8099188970276, 0.0, 225.17691051110063, 0.0, 915.4499330013982, 103.30696243085167, 0.0, 0.0, 0.0, 0.0, 0.0, 367.57483686299423, 0.0, 0.0, 388.1525381285643, 0.0, 625.5251389150216, 0.0, 258.53019143128114, 0.0, 0.0, 177.63895761398362, 688.2142162238241, 0.0, 0.0, 625.5251389150216, 0.0, 0.0, 0.0, 915.4499330013982, 0.0, 170.1120381929676, 0.0, 0.0, 0.0, 0.0, 0.0, 0.0, 0.0, 571.8099188970276, 1109.2337970755889, 0.0, 299.3140410268078, 1109.2337970755889, 0.0, 0.0, 688.2142162238241, 367.57483686299423, 0.0, 0.0, 258.53019143128114, 0.0, 0.0, 0.0, 0.0, 1109.2337970755889, 492.04983700856684, 205.138629454036, 0.0, 0.0, 0.0, 0.0, 0.0, 0.0, 0.0, 0.0, 0.0, 0.0, 0.0, 0.0, 0.0, 0.0, 0.0, 0.0, 316.20809586936315, 0.0, 0.0, 367.57483686299423, 980.2031767955635, 0.0, 0.0, 259.4342933579021, 0.0, 0.0, 0.0, 0.0, 0.0, 0.0, 0.0, 0.0, 251.1003127363506, 0.0, 0.0, 0.0, 0.0, 0.0, 0.0, 0.0, 0.0, 0.0, 0.0, 0.0, 0.0, 492.04983700856684, 571.8099188970276, 0.0, 0.0, 0.0, 0.0, 1449.580268906744, 0.0, 688.2142162238241, 0.0, 0.0, 0.0, 0.0, 0.0, 299.3140410268078, 0.0, 0.0, 0.0, 0.0, 0.0, 0.0, 0.0, 0.0, 309.10279709939516, 492.04983700856684, 0.0, 625.5251389150216, 0.0, 0.0, 0.0, 0.0, 980.2031767955635, 0.0, 1449.580268906744, 0.0, 0.0, 0.0, 980.2031767955635, 388.1525381285643, 159.88457351984982, 0.0, 359.6632310693309, 0.0]
INFORMACIÓN : 39apuestaBundle [316.20809586936315, 225.17691051110063, 205.138629454036, 159.88457351984982]
INFORMACIÓN : 39positionsBundle [243, 1336, 824, 55]
INFORMACIÓN : 39levelsBundle [2, 1, 1, 2]
INFORMACIÓN : 39positionsOrdered [1336, 824, 55, 243]
INFORMACIÓN : 39levelsOrdered [1, 1, 2, 2]
INFORMACIÓN : 39partialityOrdered [1, 1, 2, 2]
INFORMACIÓN : 39arrivalTimes [26.248809496813376, 41.86930884862669, 66.0767457224471, 117.99531655780704]
INFORMACIÓN : 40historia31[915.4499330013982, 0.0, 0.0, 165.73704373104252, 0.0, 0.0, 0.0, 1449.580268906744, 0.0, 0.0, 571.8099188970276, 0.0, 225.17691051110063, 0.0, 915.4499330013982, 103.30696243085167, 0.0, 0.0, 0.0, 0.0, 0.0, 367.57483686299423, 0.0, 0.0, 388.1525381285643, 0.0, 625.5251389150216, 0.0, 258.53019143128114, 0.0, 0.0, 177.63895761398362, 688.2142162238241, 0.0, 0.0, 625.5251389150216, 0.0, 0.0, 0.0, 915.4499330013982, 0.0, 170.1120381929676, 0.0, 0.0, 0.0, 0.0, 0.0, 0.0, 0.0, 571.8099188970276, 1109.2337970755889, 0.0, 299.3140410268078, 1109.2337970755889, 0.0, 0.0, 688.2142162238241, 367.57483686299423, 0.0, 0.0, 258.53019143128114, 0.0, 0.0, 0.0, 0.0, 1109.2337970755889, 492.04983700856684, 205.138629454036, 0.0, 0.0, 0.0, 0.0, 0.0, 0.0, 0.0, 0.0, 0.0, 0.0, 0.0, 0.0, 0.0, 0.0, 0.0, 0.0, 316.20809586936315, 0.0, 0.0, 367.57483686299423, 980.2031767955635, 0.0, 0.0, 259.4342933579021, 0.0, 0.0, 0.0, 0.0, 0.0, 0.0, 0.0, 0.0, 251.1003127363506, 0.0, 0.0, 0.0, 0.0, 0.0, 0.0, 0.0, 0.0, 0.0, 0.0, 0.0, 0.0, 492.04983700856684, 571.8099188970276, 0.0, 0.0, 0.0, 0.0, 1449.580268906744, 0.0, 688.2142162238241, 0.0, 0.0, 0.0, 0.0, 0.0, 299.3140410268078, 0.0, 0.0, 0.0, 0.0, 0.0, 0.0, 0.0, 0.0, 309.10279709939516, 492.04983700856684, 0.0, 625.5251389150216, 0.0, 0.0, 0.0, 0.0, 980.2031767955635, 0.0, 1449.580268906744, 0.0, 0.0, 0.0, 980.2031767955635, 388.1525381285643, 159.88457351984982, 0.0, 359.6632310693309, 0.0]
INFORMACIÓN : 40apuestaBundle [316.20809586936315, 225.17691051110063, 205.138629454036, 159.88457351984982]
INFORMACIÓN : 40positionsBundle [243, 1336, 824, 55]
INFORMACIÓN : 40levelsBundle [2, 1, 1, 2]
INFORMACIÓN : 40positionsOrdered [1336, 824, 55, 243]
INFORMACIÓN : 40levelsOrdered [1, 1, 2, 2]
INFORMACIÓN : 40partialityOrdered [1, 1, 2, 2]
INFORMACIÓN : 40arrivalTimes [26.248809496813376, 41.86930884862669, 66.0767457224471, 117.99531655780704]
INFORMACIÓN : 41historia32[915.4499330013982, 0.0, 0.0, 165.73704373104252, 0.0, 0.0, 0.0, 1449.580268906744, 0.0, 0.0, 571.8099188970276, 0.0, 225.17691051110063, 0.0, 915.4499330013982, 103.30696243085167, 0.0, 0.0, 0.0, 0.0, 0.0, 367.57483686299423, 0.0, 0.0, 388.1525381285643, 0.0, 625.5251389150216, 0.0, 258.53019143128114, 0.0, 0.0, 177.63895761398362, 688.2142162238241, 0.0, 0.0, 625.5251389150216, 0.0, 0.0, 0.0, 915.4499330013982, 0.0, 170.1120381929676, 0.0, 0.0, 0.0, 0.0, 0.0, 0.0, 0.0, 571.8099188970276, 1109.2337970755889, 0.0, 299.3140410268078, 1109.2337970755889, 0.0, 0.0, 688.2142162238241, 367.57483686299423, 0.0, 0.0, 258.53019143128114, 0.0, 0.0, 0.0, 0.0, 1109.2337970755889, 492.04983700856684, 205.138629454036, 0.0, 0.0, 0.0, 0.0, 0.0, 0.0, 0.0, 0.0, 0.0, 0.0, 0.0, 0.0, 0.0, 0.0, 0.0, 0.0, 316.20809586936315, 0.0, 0.0, 367.57483686299423, 980.2031767955635, 0.0, 0.0, 259.4342933579021, 0.0, 0.0, 0.0, 0.0, 0.0, 0.0, 0.0, 0.0, 251.1003127363506, 0.0, 0.0, 0.0, 0.0, 0.0, 0.0, 0.0, 0.0, 0.0, 0.0, 0.0, 0.0, 492.04983700856684, 571.8099188970276, 0.0, 0.0, 0.0, 0.0, 1449.580268906744, 0.0, 688.2142162238241, 0.0, 0.0, 0.0, 0.0, 0.0, 299.3140410268078, 0.0, 0.0, 0.0, 0.0, 0.0, 0.0, 0.0, 0.0, 309.10279709939516, 492.04983700856684, 0.0, 625.5251389150216, 0.0, 0.0, 0.0, 0.0, 980.2031767955635, 0.0, 1449.580268906744, 0.0, 0.0, 0.0, 980.2031767955635, 388.1525381285643, 159.88457351984982, 0.0, 359.6632310693309, 0.0]
INFORMACIÓN : 41apuestaBundle [316.20809586936315, 225.17691051110063, 205.138629454036, 159.88457351984982]
INFORMACIÓN : 41positionsBundle [243, 1336, 824, 55]
INFORMACIÓN : 41levelsBundle [2, 1, 1, 2]
INFORMACIÓN : 41positionsOrdered [1336, 824, 55, 243]
INFORMACIÓN : 41levelsOrdered [1, 1, 2, 2]
INFORMACIÓN : 41partialityOrdered [1, 1, 2, 2]
INFORMACIÓN : 41arrivalTimes [26.248809496813376, 41.86930884862669, 66.0767457224471, 117.99531655780704]
INFORMACIÓN : 42historia33[915.4499330013982, 0.0, 0.0, 165.73704373104252, 0.0, 0.0, 0.0, 1449.580268906744, 0.0, 0.0, 571.8099188970276, 0.0, 225.17691051110063, 0.0, 915.4499330013982, 103.30696243085167, 0.0, 0.0, 0.0, 0.0, 0.0, 367.57483686299423, 0.0, 0.0, 388.1525381285643, 0.0, 625.5251389150216, 0.0, 258.53019143128114, 0.0, 0.0, 177.63895761398362, 688.2142162238241, 0.0, 0.0, 625.5251389150216, 0.0, 0.0, 0.0, 915.4499330013982, 0.0, 170.1120381929676, 0.0, 0.0, 0.0, 0.0, 0.0, 0.0, 0.0, 571.8099188970276, 1109.2337970755889, 0.0, 299.3140410268078, 1109.2337970755889, 0.0, 0.0, 688.2142162238241, 367.57483686299423, 0.0, 0.0, 258.53019143128114, 0.0, 0.0, 0.0, 0.0, 1109.2337970755889, 492.04983700856684, 205.138629454036, 0.0, 0.0, 0.0, 0.0, 0.0, 0.0, 0.0, 0.0, 0.0, 0.0, 0.0, 0.0, 0.0, 0.0, 0.0, 0.0, 316.20809586936315, 0.0, 0.0, 367.57483686299423, 980.2031767955635, 0.0, 0.0, 259.4342933579021, 0.0, 0.0, 0.0, 0.0, 0.0, 0.0, 0.0, 0.0, 251.1003127363506, 0.0, 0.0, 0.0, 0.0, 0.0, 0.0, 0.0, 0.0, 0.0, 0.0, 0.0, 0.0, 492.04983700856684, 571.8099188970276, 0.0, 0.0, 0.0, 0.0, 1449.580268906744, 0.0, 688.2142162238241, 0.0, 0.0, 0.0, 0.0, 0.0, 299.3140410268078, 0.0, 0.0, 0.0, 0.0, 0.0, 0.0, 0.0, 0.0, 309.10279709939516, 492.04983700856684, 0.0, 625.5251389150216, 0.0, 0.0, 0.0, 0.0, 980.2031767955635, 0.0, 1449.580268906744, 0.0, 0.0, 0.0, 980.2031767955635, 388.1525381285643, 159.88457351984982, 0.0, 359.6632310693309, 0.0]
INFORMACIÓN : 42apuestaBundle [316.20809586936315, 225.17691051110063, 205.138629454036, 159.88457351984982]
INFORMACIÓN : 42positionsBundle [243, 1336, 824, 55]
INFORMACIÓN : 42levelsBundle [2, 1, 1, 2]
INFORMACIÓN : 42positionsOrdered [1336, 824, 55, 243]
INFORMACIÓN : 42levelsOrdered [1, 1, 2, 2]
INFORMACIÓN : 42partialityOrdered [1, 1, 2, 2]
INFORMACIÓN : 42arrivalTimes [26.248809496813376, 41.86930884862669, 66.0767457224471, 117.99531655780704]
INFORMACIÓN : 43historia34[915.4499330013982, 0.0, 0.0, 165.73704373104252, 0.0, 0.0, 0.0, 1449.580268906744, 0.0, 0.0, 571.8099188970276, 0.0, 225.17691051110063, 0.0, 915.4499330013982, 103.30696243085167, 0.0, 0.0, 0.0, 0.0, 0.0, 367.57483686299423, 0.0, 0.0, 388.1525381285643, 0.0, 625.5251389150216, 0.0, 258.53019143128114, 0.0, 0.0, 177.63895761398362, 688.2142162238241, 0.0, 0.0, 625.5251389150216, 0.0, 0.0, 0.0, 915.4499330013982, 0.0, 170.1120381929676, 0.0, 0.0, 0.0, 0.0, 0.0, 0.0, 0.0, 571.8099188970276, 1109.2337970755889, 0.0, 299.3140410268078, 1109.2337970755889, 0.0, 0.0, 688.2142162238241, 367.57483686299423, 0.0, 0.0, 258.53019143128114, 0.0, 0.0, 0.0, 0.0, 1109.2337970755889, 492.04983700856684, 205.138629454036, 0.0, 0.0, 0.0, 0.0, 0.0, 0.0, 0.0, 0.0, 0.0, 0.0, 0.0, 0.0, 0.0, 0.0, 0.0, 0.0, 316.20809586936315, 0.0, 0.0, 367.57483686299423, 980.2031767955635, 0.0, 0.0, 259.4342933579021, 0.0, 0.0, 0.0, 0.0, 0.0, 0.0, 0.0, 0.0, 251.1003127363506, 0.0, 0.0, 0.0, 0.0, 0.0, 0.0, 0.0, 0.0, 0.0, 0.0, 0.0, 0.0, 492.04983700856684, 571.8099188970276, 0.0, 0.0, 0.0, 0.0, 1449.580268906744, 0.0, 688.2142162238241, 0.0, 0.0, 0.0, 0.0, 0.0, 299.3140410268078, 0.0, 0.0, 0.0, 0.0, 0.0, 0.0, 0.0, 0.0, 309.10279709939516, 492.04983700856684, 0.0, 625.5251389150216, 0.0, 0.0, 0.0, 0.0, 980.2031767955635, 0.0, 1449.580268906744, 0.0, 0.0, 0.0, 980.2031767955635, 388.1525381285643, 159.88457351984982, 0.0, 359.6632310693309, 0.0]
INFORMACIÓN : 43apuestaBundle [316.20809586936315, 225.17691051110063, 205.138629454036, 159.88457351984982]
INFORMACIÓN : 43positionsBundle [243, 1336, 824, 55]
INFORMACIÓN : 43levelsBundle [2, 1, 1, 2]
INFORMACIÓN : 43positionsOrdered [1336, 824, 55, 243]
INFORMACIÓN : 43levelsOrdered [1, 1, 2, 2]
INFORMACIÓN : 43partialityOrdered [1, 1, 2, 2]
INFORMACIÓN : 43arrivalTimes [26.248809496813376, 41.86930884862669, 66.0767457224471, 117.99531655780704]
INFORMACIÓN : 44historia35[915.4499330013982, 0.0, 0.0, 165.73704373104252, 0.0, 0.0, 0.0, 1449.580268906744, 0.0, 0.0, 571.8099188970276, 0.0, 225.17691051110063, 0.0, 915.4499330013982, 103.30696243085167, 0.0, 0.0, 0.0, 0.0, 0.0, 367.57483686299423, 0.0, 0.0, 388.1525381285643, 0.0, 625.5251389150216, 0.0, 258.53019143128114, 0.0, 0.0, 177.63895761398362, 688.2142162238241, 0.0, 0.0, 625.5251389150216, 0.0, 0.0, 0.0, 915.4499330013982, 0.0, 170.1120381929676, 0.0, 0.0, 0.0, 0.0, 0.0, 0.0, 0.0, 571.8099188970276, 1109.2337970755889, 0.0, 299.3140410268078, 1109.2337970755889, 0.0, 0.0, 688.2142162238241, 367.57483686299423, 0.0, 0.0, 258.53019143128114, 0.0, 0.0, 0.0, 0.0, 1109.2337970755889, 492.04983700856684, 205.138629454036, 0.0, 0.0, 0.0, 0.0, 0.0, 0.0, 0.0, 0.0, 0.0, 0.0, 0.0, 0.0, 0.0, 0.0, 0.0, 0.0, 316.20809586936315, 0.0, 0.0, 367.57483686299423, 980.2031767955635, 0.0, 0.0, 259.4342933579021, 0.0, 0.0, 0.0, 0.0, 0.0, 0.0, 0.0, 0.0, 251.1003127363506, 0.0, 0.0, 0.0, 0.0, 0.0, 0.0, 0.0, 0.0, 0.0, 0.0, 0.0, 0.0, 492.04983700856684, 571.8099188970276, 0.0, 0.0, 0.0, 0.0, 1449.580268906744, 0.0, 688.2142162238241, 0.0, 0.0, 0.0, 0.0, 0.0, 299.3140410268078, 0.0, 0.0, 0.0, 0.0, 0.0, 0.0, 0.0, 0.0, 309.10279709939516, 492.04983700856684, 0.0, 625.5251389150216, 0.0, 0.0, 0.0, 0.0, 980.2031767955635, 0.0, 1449.580268906744, 0.0, 0.0, 0.0, 980.2031767955635, 388.1525381285643, 159.88457351984982, 0.0, 359.6632310693309, 0.0]
INFORMACIÓN : 44apuestaBundle [316.20809586936315, 225.17691051110063, 205.138629454036, 159.88457351984982]
INFORMACIÓN : 44positionsBundle [243, 1336, 824, 55]
INFORMACIÓN : 44levelsBundle [2, 1, 1, 2]
INFORMACIÓN : 44positionsOrdered [1336, 824, 55, 243]
INFORMACIÓN : 44levelsOrdered [1, 1, 2, 2]
INFORMACIÓN : 44partialityOrdered [1, 1, 2, 2]
INFORMACIÓN : 44arrivalTimes [26.248809496813376, 41.86930884862669, 66.0767457224471, 117.99531655780704]
INFORMACIÓN : 45historia36[915.4499330013982, 0.0, 0.0, 165.73704373104252, 0.0, 0.0, 0.0, 1449.580268906744, 0.0, 0.0, 571.8099188970276, 0.0, 225.17691051110063, 0.0, 915.4499330013982, 103.30696243085167, 0.0, 0.0, 0.0, 0.0, 0.0, 367.57483686299423, 0.0, 0.0, 388.1525381285643, 0.0, 625.5251389150216, 0.0, 258.53019143128114, 0.0, 0.0, 177.63895761398362, 688.2142162238241, 0.0, 0.0, 625.5251389150216, 0.0, 0.0, 0.0, 915.4499330013982, 0.0, 170.1120381929676, 0.0, 0.0, 0.0, 0.0, 0.0, 0.0, 0.0, 571.8099188970276, 1109.2337970755889, 0.0, 299.3140410268078, 1109.2337970755889, 0.0, 0.0, 688.2142162238241, 367.57483686299423, 0.0, 0.0, 258.53019143128114, 0.0, 0.0, 0.0, 0.0, 1109.2337970755889, 492.04983700856684, 205.138629454036, 0.0, 0.0, 0.0, 0.0, 0.0, 0.0, 0.0, 0.0, 0.0, 0.0, 0.0, 0.0, 0.0, 0.0, 0.0, 0.0, 316.20809586936315, 0.0, 0.0, 367.57483686299423, 980.2031767955635, 0.0, 0.0, 259.4342933579021, 0.0, 0.0, 0.0, 0.0, 0.0, 0.0, 0.0, 0.0, 251.1003127363506, 0.0, 0.0, 0.0, 0.0, 0.0, 0.0, 0.0, 0.0, 0.0, 0.0, 0.0, 0.0, 492.04983700856684, 571.8099188970276, 0.0, 0.0, 0.0, 0.0, 1449.580268906744, 0.0, 688.2142162238241, 0.0, 0.0, 0.0, 0.0, 0.0, 299.3140410268078, 0.0, 0.0, 0.0, 0.0, 0.0, 0.0, 0.0, 0.0, 309.10279709939516, 492.04983700856684, 0.0, 625.5251389150216, 0.0, 0.0, 0.0, 0.0, 980.2031767955635, 0.0, 1449.580268906744, 0.0, 0.0, 0.0, 980.2031767955635, 388.1525381285643, 159.88457351984982, 0.0, 359.6632310693309, 0.0]
INFORMACIÓN : 45apuestaBundle [316.20809586936315, 225.17691051110063, 205.138629454036, 159.88457351984982]
INFORMACIÓN : 45positionsBundle [243, 1336, 824, 55]
INFORMACIÓN : 45levelsBundle [2, 1, 1, 2]
INFORMACIÓN : 45positionsOrdered [1336, 824, 55, 243]
INFORMACIÓN : 45levelsOrdered [1, 1, 2, 2]
INFORMACIÓN : 45partialityOrdered [1, 1, 2, 2]
INFORMACIÓN : 45arrivalTimes [26.248809496813376, 41.86930884862669, 66.0767457224471, 117.99531655780704]
INFORMACIÓN : 46historia37[915.4499330013982, 0.0, 0.0, 165.73704373104252, 0.0, 0.0, 0.0, 1449.580268906744, 0.0, 0.0, 571.8099188970276, 0.0, 225.17691051110063, 0.0, 915.4499330013982, 103.30696243085167, 0.0, 0.0, 0.0, 0.0, 0.0, 367.57483686299423, 0.0, 0.0, 388.1525381285643, 0.0, 625.5251389150216, 0.0, 258.53019143128114, 0.0, 0.0, 177.63895761398362, 688.2142162238241, 0.0, 0.0, 625.5251389150216, 0.0, 0.0, 0.0, 915.4499330013982, 0.0, 170.1120381929676, 0.0, 0.0, 0.0, 0.0, 0.0, 0.0, 0.0, 571.8099188970276, 1109.2337970755889, 0.0, 299.3140410268078, 1109.2337970755889, 0.0, 0.0, 688.2142162238241, 367.57483686299423, 0.0, 0.0, 258.53019143128114, 0.0, 0.0, 0.0, 0.0, 1109.2337970755889, 492.04983700856684, 205.138629454036, 0.0, 0.0, 0.0, 0.0, 0.0, 0.0, 0.0, 0.0, 0.0, 0.0, 0.0, 0.0, 0.0, 0.0, 0.0, 0.0, 316.20809586936315, 0.0, 0.0, 367.57483686299423, 980.2031767955635, 0.0, 0.0, 259.4342933579021, 0.0, 0.0, 0.0, 0.0, 0.0, 0.0, 0.0, 0.0, 251.1003127363506, 0.0, 0.0, 0.0, 0.0, 0.0, 0.0, 0.0, 0.0, 0.0, 0.0, 0.0, 0.0, 492.04983700856684, 571.8099188970276, 0.0, 0.0, 0.0, 0.0, 1449.580268906744, 0.0, 688.2142162238241, 0.0, 0.0, 0.0, 0.0, 0.0, 299.3140410268078, 0.0, 0.0, 0.0, 0.0, 0.0, 0.0, 0.0, 0.0, 309.10279709939516, 492.04983700856684, 0.0, 625.5251389150216, 0.0, 0.0, 0.0, 0.0, 980.2031767955635, 0.0, 1449.580268906744, 0.0, 0.0, 0.0, 980.2031767955635, 388.1525381285643, 159.88457351984982, 0.0, 359.6632310693309, 0.0]
