----------------------------------------------------------------------
-- Log session for [myBugCoalitionsCCBBAGuaiDEF-6] started on 2018.01.04.00.38.40 --
----------------------------------------------------------------------

INFORMACIÓN : I started
INFORMACIÓN : 0apuestaBundle [653.983380562264, 635.6600353439501, 588.6254475295838, 579.8402932322277, 579.8402932322277, 571.2170311249386]
INFORMACIÓN : 0positionsBundle [1723, 873, 322, 109, 109, 1868]
INFORMACIÓN : 0levelsBundle [2, 2, 2, 2, 2, 2]
INFORMACIÓN : 0positionsOrdered [1723, 873, 322, 109, 109, 1868]
INFORMACIÓN : 0levelsOrdered [2, 2, 2, 2, 2, 2]
INFORMACIÓN : 0partialityOrdered [2, 2, 2, 2, 2, 2]
INFORMACIÓN : 0arrivalTimes [5.0, 22.0, 33.04536101718726, 46.64683152592271, 46.64683152592271, 82.78545352510801]
INFORMACIÓN : coalSat position 1868 level 2
INFORMACIÓN : I [IR, MW]; lost Test.myBail@a7ce73e; POS 1723; sensors [AB]; level 2 I paid 653.983380562264in favour of10@(myturtles,myturtles,bug)@MK-15 paid 592.3757330017775
INFORMACIÓN : 1historia0[0.0, 0.0, 0.0, 0.0, 0.0, 0.0, 0.0, 0.0, 0.0, 0.0, 0.0, 0.0, 0.0, 0.0, 653.8815085260079, 0.0, 592.3757330017775, 531.3639090952861, 0.0, 0.0, 0.0, 0.0, 653.8815085260079, 0.0, 0.0, 0.0, 0.0, 0.0, 622.1487565402552, 592.3757330017775, 0.0, 0.0, 0.0, 0.0, 0.0, 0.0, 0.0, 0.0, 544.8698030344399, 0.0, 0.0, 0.0, 0.0, 0.0, 0.0, 0.0, 0.0, 0.0, 0.0, 0.0, 0.0, 0.0, 0.0, 0.0, 0.0, 0.0, 0.0, 0.0, 0.0, 0.0, 0.0, 0.0, 0.0, 0.0, 0.0, 0.0, 0.0, 0.0, 0.0, 0.0, 0.0, 0.0, 0.0, 0.0, 0.0, 0.0, 538.8035836335548, 0.0, 0.0, 0.0, 0.0, 0.0, 0.0, 0.0, 0.0, 0.0, 0.0, 0.0, 0.0, 0.0, 0.0, 0.0, 0.0, 0.0, 0.0, 0.0, 0.0, 0.0, 0.0, 0.0, 531.3639090952861, 0.0, 622.1487565402552, 0.0, 0.0, 0.0, 0.0, 0.0, 0.0, 0.0, 0.0, 0.0]
INFORMACIÓN : 1apuestaBundle [593.1546808508459, 566.5883351401338, 566.5883351401338, 549.5763741406811, 477.0288966468511, 476.65740233277097]
INFORMACIÓN : 1positionsBundle [1868, 109, 109, 2422, 1699, 2312]
INFORMACIÓN : 1levelsBundle [2, 2, 2, 2, 2, 2]
INFORMACIÓN : 1positionsOrdered [2422, 1699, 1868, 109, 109, 2312]
INFORMACIÓN : 1levelsOrdered [2, 2, 2, 2, 2, 2]
INFORMACIÓN : 1partialityOrdered [2, 2, 2, 2, 2, 2]
INFORMACIÓN : 1arrivalTimes [10.198039027185569, 41.084929450146575, 74.58662170141291, 110.72524370059821, 110.72524370059821, 154.8273978429981]
INFORMACIÓN : I [IR, MW]; lost Test.myBail@781eed42; POS 1868; sensors [AB]; level 2 I paid 593.1546808508459in favour of7@(myturtles,myturtles,bug)@MK-15 paid 521.5333174029656
INFORMACIÓN : 2historia0[0.0, 0.0, 0.0, 504.7012946310516, 0.0, 0.0, 0.0, 0.0, 0.0, 0.0, 0.0, 0.0, 473.9249571789702, 0.0, 653.8815085260079, 0.0, 584.6301783607236, 552.5842104767511, 0.0, 0.0, 0.0, 0.0, 653.8815085260079, 0.0, 0.0, 0.0, 0.0, 0.0, 622.1487565402552, 584.6301783607236, 0.0, 0.0, 0.0, 0.0, 0.0, 0.0, 0.0, 0.0, 520.633208870199, 0.0, 0.0, 0.0, 0.0, 0.0, 0.0, 473.9249571789702, 0.0, 521.5333174029656, 0.0, 0.0, 0.0, 0.0, 0.0, 0.0, 0.0, 0.0, 0.0, 0.0, 0.0, 0.0, 484.6213247547021, 0.0, 0.0, 0.0, 0.0, 0.0, 0.0, 0.0, 0.0, 0.0, 0.0, 0.0, 0.0, 0.0, 0.0, 0.0, 521.5333174029656, 0.0, 0.0, 520.633208870199, 0.0, 632.6260543100589, 0.0, 0.0, 0.0, 0.0, 0.0, 0.0, 484.6213247547021, 0.0, 0.0, 504.7012946310516, 0.0, 632.6260543100589, 0.0, 0.0, 0.0, 0.0, 0.0, 0.0, 552.5842104767511, 0.0, 622.1487565402552, 0.0, 0.0, 0.0, 0.0, 0.0, 0.0, 0.0, 0.0, 0.0]
INFORMACIÓN : 2apuestaBundle [494.20164851810614, 494.20164851810614, 468.6418022125797, 444.4958393956033, 421.4019526083089, 415.7119927269109]
INFORMACIÓN : 2positionsBundle [1268, 1268, 2312, 787, 1075, 2080]
INFORMACIÓN : 2levelsBundle [2, 2, 2, 2, 2, 2]
INFORMACIÓN : 2positionsOrdered [1268, 1268, 2312, 787, 1075, 2080]
INFORMACIÓN : 2levelsOrdered [2, 2, 2, 2, 2, 2]
INFORMACIÓN : 2partialityOrdered [2, 2, 2, 2, 2, 2]
INFORMACIÓN : 2arrivalTimes [13.152946437965905, 13.152946437965905, 34.99327610580746, 74.81789160928722, 88.23429947428596, 108.84982760237426]
INFORMACIÓN : I [IR, MW]; lost Test.myBail@44ba9af0; POS 787; sensors [AB]; level 2 I paid 444.4958393956033in favour of8@(myturtles,myturtles,bug)@MK-15 paid 473.75831489872803
INFORMACIÓN : 3historia0[0.0, 0.0, 0.0, 509.81145923248687, 0.0, 0.0, 468.6418022125797, 0.0, 0.0, 0.0, 0.0, 0.0, 473.9249571789702, 0.0, 653.8815085260079, 473.75831489872803, 602.6950390122728, 550.0664932366961, 472.216682244103, 0.0, 0.0, 0.0, 653.8815085260079, 0.0, 0.0, 0.0, 494.20164851810614, 0.0, 622.1487565402552, 602.6950390122728, 0.0, 0.0, 473.75831489872803, 0.0, 0.0, 0.0, 0.0, 0.0, 556.0602877836146, 0.0, 0.0, 0.0, 0.0, 0.0, 0.0, 473.9249571789702, 0.0, 521.5333174029656, 0.0, 0.0, 0.0, 0.0, 0.0, 0.0, 0.0, 0.0, 0.0, 0.0, 0.0, 0.0, 515.5950362831657, 0.0, 0.0, 0.0, 0.0, 0.0, 0.0, 0.0, 0.0, 0.0, 0.0, 0.0, 0.0, 0.0, 0.0, 0.0, 521.5333174029656, 0.0, 0.0, 556.0602877836146, 0.0, 632.6260543100589, 0.0, 0.0, 0.0, 0.0, 0.0, 0.0, 515.5950362831657, 0.0, 0.0, 509.81145923248687, 0.0, 632.6260543100589, 0.0, 0.0, 0.0, 0.0, 472.216682244103, 0.0, 550.0664932366961, 0.0, 622.1487565402552, 0.0, 0.0, 0.0, 0.0, 0.0, 0.0, 0.0, 494.20164851810614, 0.0]
INFORMACIÓN : 3apuestaBundle [494.20164851810614, 494.20164851810614, 468.6418022125797, 421.4019526083089, 415.7119927269109, 401.4900377289687, 401.4900377289687]
INFORMACIÓN : 3positionsBundle [1268, 1268, 2312, 1075, 2080, 239, 239]
INFORMACIÓN : 3levelsBundle [2, 2, 2, 2, 2, 2, 2]
INFORMACIÓN : 3positionsOrdered [1268, 1268, 2312, 1075, 2080, 239, 239]
INFORMACIÓN : 3levelsOrdered [2, 2, 2, 2, 2, 2, 2]
INFORMACIÓN : 3partialityOrdered [2, 2, 2, 2, 2, 2, 2]
INFORMACIÓN : 3arrivalTimes [13.152946437965905, 13.152946437965905, 34.99327610580746, 63.1712817130182, 83.7868098411065, 121.86567537042605, 121.86567537042605]
INFORMACIÓN : I [IR, MW]; lost Test.myBail@33e393a5; POS 1075; sensors [AB]; level 2 I paid 421.4019526083089in favour of7@(myturtles,myturtles,bug)@MK-15 paid 401.05984694985
INFORMACIÓN : 4historia0[0.0, 308.7308910109673, 0.0, 509.81145923248687, 0.0, 0.0, 468.6418022125797, 0.0, 0.0, 0.0, 0.0, 0.0, 473.9249571789702, 0.0, 653.8815085260079, 473.75831489872803, 602.6950390122728, 550.0664932366961, 450.8310651380957, 0.0, 369.82383362217485, 0.0, 653.8815085260079, 0.0, 0.0, 0.0, 494.20164851810614, 0.0, 622.1487565402552, 602.6950390122728, 401.05984694985, 0.0, 473.75831489872803, 0.0, 0.0, 0.0, 0.0, 0.0, 556.0602877836146, 0.0, 0.0, 0.0, 0.0, 0.0, 401.05984694985, 473.9249571789702, 0.0, 521.5333174029656, 0.0, 0.0, 0.0, 0.0, 0.0, 0.0, 0.0, 372.8588399345832, 0.0, 407.43076808485563, 0.0, 0.0, 515.5950362831657, 0.0, 0.0, 0.0, 0.0, 0.0, 407.43076808485563, 0.0, 0.0, 369.82383362217485, 0.0, 0.0, 0.0, 0.0, 0.0, 0.0, 521.5333174029656, 0.0, 0.0, 556.0602877836146, 0.0, 632.6260543100589, 0.0, 0.0, 0.0, 0.0, 0.0, 0.0, 515.5950362831657, 0.0, 0.0, 509.81145923248687, 0.0, 632.6260543100589, 0.0, 0.0, 0.0, 0.0, 450.8310651380957, 0.0, 550.0664932366961, 0.0, 622.1487565402552, 0.0, 0.0, 0.0, 0.0, 0.0, 0.0, 0.0, 494.20164851810614, 372.8588399345832]
INFORMACIÓN : 4apuestaBundle [494.20164851810614, 494.20164851810614, 468.6418022125797, 415.7119927269109, 387.73385723714364, 383.17615726631175, 383.17615726631175]
INFORMACIÓN : 4positionsBundle [1268, 1268, 2312, 2080, 2141, 2032, 2032]
INFORMACIÓN : 4levelsBundle [2, 2, 2, 2, 2, 2, 2]
INFORMACIÓN : 4positionsOrdered [1268, 1268, 2312, 2080, 2141, 2032, 2032]
INFORMACIÓN : 4levelsOrdered [2, 2, 2, 2, 2, 2, 2]
INFORMACIÓN : 4partialityOrdered [2, 2, 2, 2, 2, 2, 2]
INFORMACIÓN : 4arrivalTimes [13.152946437965905, 13.152946437965905, 34.99327610580746, 53.674817798076866, 64.72017881526412, 73.939723272557, 73.939723272557]
INFORMACIÓN : I [IR, MW]; lost Test.myBail@11ff5d1f; POS 2080; sensors [AB]; level 2 I paid 415.7119927269109in favour of10@(myturtles,myturtles,bug)@MK-15 paid 408.00601023418074
INFORMACIÓN : 5historia0[0.0, 308.7308910109673, 0.0, 509.81145923248687, 0.0, 0.0, 468.6418022125797, 0.0, 0.0, 0.0, 0.0, 0.0, 473.9249571789702, 0.0, 653.8815085260079, 473.75831489872803, 602.6950390122728, 550.0664932366961, 450.8310651380957, 0.0, 369.82383362217485, 0.0, 653.8815085260079, 0.0, 0.0, 0.0, 494.20164851810614, 0.0, 622.1487565402552, 602.6950390122728, 401.05984694985, 0.0, 473.75831489872803, 0.0, 0.0, 0.0, 0.0, 0.0, 556.0602877836146, 0.0, 0.0, 0.0, 0.0, 369.3424427113671, 401.05984694985, 473.9249571789702, 369.3424427113671, 521.5333174029656, 0.0, 0.0, 0.0, 0.0, 0.0, 0.0, 0.0, 372.8588399345832, 0.0, 407.43076808485563, 0.0, 0.0, 515.5950362831657, 0.0, 0.0, 0.0, 0.0, 408.00601023418074, 407.43076808485563, 0.0, 0.0, 369.82383362217485, 0.0, 0.0, 0.0, 0.0, 0.0, 0.0, 521.5333174029656, 0.0, 0.0, 556.0602877836146, 0.0, 632.6260543100589, 0.0, 0.0, 0.0, 0.0, 0.0, 0.0, 515.5950362831657, 0.0, 0.0, 509.81145923248687, 0.0, 632.6260543100589, 408.00601023418074, 0.0, 0.0, 0.0, 450.8310651380957, 0.0, 550.0664932366961, 0.0, 622.1487565402552, 0.0, 0.0, 0.0, 0.0, 0.0, 0.0, 0.0, 494.20164851810614, 372.8588399345832]
INFORMACIÓN : 5apuestaBundle [494.20164851810614, 494.20164851810614, 468.6418022125797, 383.17615726631175, 383.17615726631175, 341.16868883474854, 340.89306044440605]
INFORMACIÓN : 5positionsBundle [1268, 1268, 2312, 2032, 2032, 2186, 1440]
INFORMACIÓN : 5levelsBundle [2, 2, 2, 2, 2, 2, 2]
INFORMACIÓN : 5positionsOrdered [1268, 1268, 2312, 2032, 2032, 2186, 1440]
INFORMACIÓN : 5levelsOrdered [2, 2, 2, 2, 2, 2, 2]
INFORMACIÓN : 5partialityOrdered [2, 2, 2, 2, 2, 2, 2]
INFORMACIÓN : 5arrivalTimes [13.152946437965905, 13.152946437965905, 34.99327610580746, 55.87388912362856, 55.87388912362856, 60.87388912362856, 76.39806381988858]
INFORMACIÓN : I [IR, MW]; lost Test.myBail@3787d590; POS 1440; sensors [AB]; level 2 I paid 340.89306044440605in favour of10@(myturtles,myturtles,bug)@MK-15 paid 328.1740930008311
INFORMACIÓN : 6historia0[0.0, 349.4174770883789, 0.0, 509.81145923248687, 0.0, 0.0, 468.6418022125797, 0.0, 0.0, 328.1740930008311, 0.0, 0.0, 473.9249571789702, 328.1740930008311, 653.8815085260079, 473.75831489872803, 602.6950390122728, 550.0664932366961, 450.8310651380957, 0.0, 369.82383362217485, 0.0, 653.8815085260079, 349.4174770883789, 0.0, 0.0, 494.20164851810614, 0.0, 622.1487565402552, 602.6950390122728, 401.05984694985, 0.0, 473.75831489872803, 0.0, 0.0, 341.16868883474854, 0.0, 0.0, 556.0602877836146, 0.0, 0.0, 0.0, 0.0, 369.3424427113671, 401.05984694985, 473.9249571789702, 369.3424427113671, 521.5333174029656, 0.0, 0.0, 0.0, 0.0, 0.0, 0.0, 0.0, 372.8588399345832, 0.0, 407.43076808485563, 0.0, 0.0, 515.5950362831657, 0.0, 0.0, 0.0, 0.0, 408.00601023418074, 407.43076808485563, 0.0, 0.0, 369.82383362217485, 0.0, 0.0, 0.0, 0.0, 0.0, 0.0, 521.5333174029656, 0.0, 383.17615726631175, 556.0602877836146, 0.0, 632.6260543100589, 0.0, 0.0, 0.0, 0.0, 0.0, 0.0, 515.5950362831657, 383.17615726631175, 0.0, 509.81145923248687, 0.0, 632.6260543100589, 408.00601023418074, 0.0, 0.0, 0.0, 450.8310651380957, 0.0, 550.0664932366961, 0.0, 622.1487565402552, 0.0, 0.0, 0.0, 0.0, 0.0, 0.0, 0.0, 494.20164851810614, 372.8588399345832]
INFORMACIÓN : 6apuestaBundle [494.20164851810614, 494.20164851810614, 468.6418022125797, 383.17615726631175, 383.17615726631175, 341.16868883474854, 325.75286751257, 325.75286751257]
INFORMACIÓN : 6positionsBundle [1268, 1268, 2312, 2032, 2032, 2186, 1849, 1849]
INFORMACIÓN : 6levelsBundle [2, 2, 2, 2, 2, 2, 2, 2]
INFORMACIÓN : 6positionsOrdered [1268, 1268, 2312, 2032, 2032, 2186, 1849, 1849]
INFORMACIÓN : 6levelsOrdered [2, 2, 2, 2, 2, 2, 2, 2]
INFORMACIÓN : 6partialityOrdered [2, 2, 2, 2, 2, 2, 2, 2]
INFORMACIÓN : 6arrivalTimes [13.152946437965905, 13.152946437965905, 34.99327610580746, 55.87388912362856, 55.87388912362856, 60.87388912362856, 75.63871218386195, 75.63871218386195]
