----------------------------------------------------------------------
-- Log session for [myBugCoalitionsCCBBAGuaiDEF-53] started on 2017.07.13.18.44.53 --
----------------------------------------------------------------------

INFORMACIÓN : I started
INFORMACIÓN : 0apuestaBundle [801.4881682433237, 789.5914062764683, 788.5993622406776, 780.3634872220246, 763.9044960372148]
INFORMACIÓN : 0positionsBundle [1575, 1809, 1909, 1127, 1090]
INFORMACIÓN : 0levelsBundle [3, 3, 3, 3, 3]
INFORMACIÓN : 0positionsOrdered [1575, 1809, 1909, 1127, 1090]
INFORMACIÓN : 0levelsOrdered [3, 3, 3, 3, 3]
INFORMACIÓN : 0partialityOrdered [3, 3, 3, 3, 3]
INFORMACIÓN : 0arrivalTimes [8.602325267042627, 25.365379881282838, 27.365379881282838, 51.44856903886743, 64.48697384927273]
INFORMACIÓN : I [AB]; lost Test.myBail@3f91c78e; POS 1127; sensors [IR, MW]; level 3 I paid 780.3634872220246in favour of58@(myturtles,myturtles,bug)@MK-18425 paid 788.9497895286595
INFORMACIÓN : 1historia0[0.0, 0.0, 0.0, 0.0, 0.0, 0.0, 801.4881682433237, 0.0, 0.0, 0.0, 0.0, 0.0, 0.0, 0.0, 0.0, 0.0, 801.4881682433237, 0.0, 782.0475249518556, 788.9497895286595, 788.9497895286595, 0.0, 0.0, 776.5215011110208, 0.0, 788.5993622406776, 0.0, 0.0, 0.0, 782.0475249518556, 0.0, 0.0, 0.0, 0.0, 0.0, 0.0, 0.0, 0.0, 0.0, 0.0, 0.0, 0.0, 0.0, 0.0, 0.0, 0.0, 0.0, 0.0, 0.0, 0.0, 0.0, 0.0, 0.0, 0.0, 0.0, 783.7802783669965, 0.0, 0.0, 0.0, 0.0, 783.7802783669965, 0.0, 0.0, 789.5914062764683, 0.0, 0.0, 788.5993622406776, 0.0, 0.0, 0.0, 801.4881682433237, 0.0, 788.9497895286595, 0.0, 789.5914062764683, 776.5215011110208, 0.0, 0.0, 0.0, 0.0, 0.0, 0.0, 0.0, 0.0, 0.0, 0.0, 0.0, 0.0, 0.0, 0.0, 0.0, 0.0, 0.0, 0.0, 0.0, 789.5914062764683, 0.0, 0.0, 0.0, 0.0, 0.0, 0.0, 0.0, 0.0, 0.0, 0.0, 0.0, 0.0, 0.0, 0.0, 0.0, 0.0, 0.0, 0.0, 776.5215011110208, 0.0, 0.0, 0.0, 0.0, 0.0, 0.0, 0.0, 0.0, 0.0, 0.0, 0.0, 0.0, 0.0, 0.0, 0.0, 0.0, 0.0, 782.0475249518556, 0.0, 0.0, 0.0, 0.0, 0.0, 0.0, 0.0, 788.5993622406776, 0.0, 0.0, 0.0, 0.0, 0.0, 0.0, 0.0, 0.0, 0.0, 0.0, 783.7802783669965, 0.0, 0.0, 0.0, 0.0, 0.0, 0.0, 0.0, 0.0, 0.0, 0.0, 0.0, 0.0, 0.0, 0.0, 0.0, 0.0, 0.0, 0.0]
INFORMACIÓN : 1apuestaBundle [801.4881682433237, 789.5914062764683, 788.5993622406776, 760.2617469317524, 357.66001420888483, 357.66001420888483]
INFORMACIÓN : 1positionsBundle [1575, 1809, 1909, 1896, 1090, 1090]
INFORMACIÓN : 1levelsBundle [3, 3, 3, 3, 2, 2]
INFORMACIÓN : 1positionsOrdered [1575, 1809, 1909, 1896, 1090, 1090]
INFORMACIÓN : 1levelsOrdered [3, 3, 3, 3, 2, 2]
INFORMACIÓN : 1partialityOrdered [3, 3, 3, 3, 3, 3]
INFORMACIÓN : 1arrivalTimes [8.602325267042627, 25.365379881282838, 27.365379881282838, 64.37889092792634, 81.4668984185614, 81.4668984185614]
INFORMACIÓN : mutexSat position 1090 level 2
INFORMACIÓN : mutexSat position 1090 level 2
INFORMACIÓN : I [AB]; lost Test.myBail@169a498c; POS 1090; sensors [IR]; level 2 I paid 357.66001420888483in favour ofnull paid 357.66001420888483
INFORMACIÓN : 2historia0[0.0, 0.0, 0.0, 0.0, 0.0, 0.0, 801.4881682433237, 0.0, 0.0, 0.0, 0.0, 0.0, 0.0, 0.0, 0.0, 0.0, 801.4881682433237, 0.0, 0.0, 788.9497895286595, 788.9497895286595, 0.0, 0.0, 776.5215011110208, 0.0, 788.5993622406776, 0.0, 0.0, 0.0, 0.0, 0.0, 0.0, 0.0, 0.0, 0.0, 771.0028739106186, 0.0, 0.0, 277.50550157536105, 0.0, 0.0, 0.0, 0.0, 0.0, 0.0, 0.0, 0.0, 0.0, 0.0, 0.0, 277.50550157536105, 0.0, 0.0, 0.0, 0.0, 0.0, 282.9302736335176, 0.0, 0.0, 0.0, 0.0, 0.0, 0.0, 789.5914062764683, 0.0, 0.0, 788.5993622406776, 0.0, 0.0, 0.0, 801.4881682433237, 0.0, 788.9497895286595, 0.0, 789.5914062764683, 776.5215011110208, 0.0, 0.0, 0.0, 771.0028739106186, 0.0, 0.0, 0.0, 0.0, 376.8131204317831, 760.2617469317524, 0.0, 0.0, 771.0028739106186, 0.0, 0.0, 0.0, 0.0, 0.0, 0.0, 789.5914062764683, 0.0, 0.0, 0.0, 0.0, 0.0, 0.0, 0.0, 0.0, 0.0, 0.0, 0.0, 0.0, 0.0, 0.0, 0.0, 0.0, 0.0, 0.0, 776.5215011110208, 0.0, 0.0, 0.0, 0.0, 0.0, 0.0, 0.0, 0.0, 0.0, 0.0, 0.0, 0.0, 0.0, 0.0, 0.0, 0.0, 0.0, 0.0, 0.0, 0.0, 760.2617469317524, 0.0, 0.0, 0.0, 0.0, 788.5993622406776, 760.2617469317524, 285.303064943912, 0.0, 0.0, 0.0, 0.0, 0.0, 0.0, 0.0, 0.0, 0.0, 0.0, 0.0, 0.0, 0.0, 0.0, 0.0, 0.0, 0.0, 0.0, 0.0, 0.0, 376.8131204317831, 0.0, 0.0, 0.0, 0.0, 0.0, 0.0]
INFORMACIÓN : 2apuestaBundle [801.4881682433237, 789.5914062764683, 788.5993622406776, 760.2617469317524, 354.1404295687796, 354.1404295687796]
INFORMACIÓN : 2positionsBundle [1575, 1809, 1909, 1896, 71, 71]
INFORMACIÓN : 2levelsBundle [3, 3, 3, 3, 2, 2]
INFORMACIÓN : 2positionsOrdered [1575, 1809, 1909, 1896, 71, 71]
INFORMACIÓN : 2levelsOrdered [3, 3, 3, 3, 2, 2]
INFORMACIÓN : 2partialityOrdered [3, 3, 3, 3, 3, 3]
INFORMACIÓN : 2arrivalTimes [8.602325267042627, 25.365379881282838, 27.365379881282838, 64.37889092792634, 108.2081049295486, 108.2081049295486]
INFORMACIÓN : mutexSat position 71 level 2
INFORMACIÓN : mutexSat position 71 level 2
INFORMACIÓN : I [AB]; lost Test.myBail@7d082d1a; POS 71; sensors [IR]; level 2 I paid 354.1404295687796in favour ofnull paid 354.1404295687796
INFORMACIÓN : 3historia0[0.0, 0.0, 0.0, 0.0, 0.0, 0.0, 801.4881682433237, 0.0, 0.0, 0.0, 0.0, 0.0, 0.0, 0.0, 0.0, 364.0683523802367, 801.4881682433237, 0.0, 782.0475249518556, 788.9497895286595, 788.9497895286595, 0.0, 0.0, 776.5215011110208, 273.40088046753317, 788.5993622406776, 0.0, 0.0, 0.0, 0.0, 0.0, 0.0, 0.0, 375.1302093643976, 0.0, 0.0, 375.1302093643976, 0.0, 0.0, 0.0, 0.0, 0.0, 0.0, 0.0, 0.0, 0.0, 0.0, 0.0, 0.0, 0.0, 0.0, 0.0, 0.0, 0.0, 0.0, 0.0, 282.9302736335176, 376.8131204317831, 364.0683523802367, 0.0, 0.0, 0.0, 0.0, 789.5914062764683, 0.0, 0.0, 788.5993622406776, 375.1302093643976, 0.0, 0.0, 801.4881682433237, 0.0, 788.9497895286595, 0.0, 789.5914062764683, 776.5215011110208, 0.0, 0.0, 0.0, 0.0, 0.0, 0.0, 376.8131204317831, 0.0, 376.8131204317831, 760.2617469317524, 0.0, 0.0, 0.0, 0.0, 0.0, 0.0, 0.0, 0.0, 0.0, 789.5914062764683, 0.0, 0.0, 0.0, 0.0, 0.0, 0.0, 0.0, 0.0, 0.0, 0.0, 0.0, 0.0, 0.0, 0.0, 0.0, 0.0, 0.0, 273.40088046753317, 0.0, 0.0, 0.0, 0.0, 0.0, 0.0, 0.0, 0.0, 0.0, 0.0, 0.0, 0.0, 0.0, 0.0, 0.0, 0.0, 0.0, 0.0, 0.0, 0.0, 0.0, 760.2617469317524, 0.0, 0.0, 0.0, 0.0, 788.5993622406776, 760.2617469317524, 285.303064943912, 0.0, 0.0, 0.0, 0.0, 0.0, 0.0, 0.0, 0.0, 0.0, 0.0, 0.0, 0.0, 0.0, 0.0, 0.0, 0.0, 235.9724062558946, 0.0, 0.0, 0.0, 0.0, 0.0, 375.1302093643976, 0.0, 0.0, 0.0, 0.0]
INFORMACIÓN : 3apuestaBundle [801.4881682433237, 789.5914062764683, 788.5993622406776, 760.2617469317524, 285.303064943912]
INFORMACIÓN : 3positionsBundle [1575, 1809, 1909, 1896, 1968]
INFORMACIÓN : 3levelsBundle [3, 3, 3, 3, 2]
INFORMACIÓN : 3positionsOrdered [1575, 1809, 1909, 1896, 1968]
INFORMACIÓN : 3levelsOrdered [3, 3, 3, 3, 2]
INFORMACIÓN : 3partialityOrdered [3, 3, 3, 3, 2]
INFORMACIÓN : 3arrivalTimes [8.602325267042627, 25.365379881282838, 27.365379881282838, 64.37889092792634, 92.45022862316273]
INFORMACIÓN : 4historia0[0.0, 0.0, 0.0, 0.0, 0.0, 0.0, 801.4881682433237, 0.0, 0.0, 0.0, 0.0, 0.0, 0.0, 0.0, 0.0, 0.0, 801.4881682433237, 0.0, 782.0475249518556, 788.9497895286595, 788.9497895286595, 0.0, 364.0683523802367, 776.5215011110208, 273.40088046753317, 788.5993622406776, 0.0, 0.0, 0.0, 780.5056369861964, 0.0, 0.0, 0.0, 0.0, 0.0, 758.9925724326891, 0.0, 0.0, 0.0, 0.0, 0.0, 0.0, 0.0, 0.0, 232.32419531276753, 0.0, 0.0, 0.0, 0.0, 0.0, 0.0, 0.0, 0.0, 0.0, 0.0, 780.65968823121, 282.9302736335176, 376.8131204317831, 0.0, 0.0, 780.65968823121, 0.0, 0.0, 789.5914062764683, 0.0, 0.0, 788.5993622406776, 0.0, 0.0, 0.0, 801.4881682433237, 0.0, 788.9497895286595, 0.0, 789.5914062764683, 776.5215011110208, 0.0, 0.0, 0.0, 0.0, 0.0, 0.0, 0.0, 0.0, 0.0, 760.2617469317524, 0.0, 0.0, 0.0, 0.0, 0.0, 0.0, 0.0, 0.0, 0.0, 789.5914062764683, 0.0, 0.0, 0.0, 0.0, 0.0, 0.0, 0.0, 0.0, 0.0, 0.0, 0.0, 0.0, 0.0, 0.0, 0.0, 0.0, 0.0, 273.40088046753317, 765.1389471315381, 0.0, 0.0, 0.0, 0.0, 0.0, 0.0, 0.0, 0.0, 0.0, 267.6548883365018, 0.0, 0.0, 0.0, 0.0, 0.0, 0.0, 0.0, 0.0, 0.0, 0.0, 760.2617469317524, 0.0, 0.0, 0.0, 0.0, 788.5993622406776, 760.2617469317524, 285.303064943912, 0.0, 0.0, 0.0, 0.0, 0.0, 0.0, 285.303064943912, 0.0, 780.65968823121, 0.0, 0.0, 0.0, 0.0, 364.0683523802367, 0.0, 0.0, 236.99866245506882, 0.0, 0.0, 161.1671888664846, 0.0, 0.0, 0.0, 0.0, 0.0, 0.0, 0.0]
INFORMACIÓN : 4apuestaBundle [801.4881682433237, 789.5914062764683, 788.5993622406776, 760.2617469317524, 285.303064943912]
INFORMACIÓN : 4positionsBundle [1575, 1809, 1909, 1896, 1968]
INFORMACIÓN : 4levelsBundle [3, 3, 3, 3, 2]
INFORMACIÓN : 4positionsOrdered [1575, 1809, 1909, 1896, 1968]
INFORMACIÓN : 4levelsOrdered [3, 3, 3, 3, 2]
INFORMACIÓN : 4partialityOrdered [3, 3, 3, 3, 2]
INFORMACIÓN : 4arrivalTimes [8.602325267042627, 25.365379881282838, 27.365379881282838, 64.37889092792634, 92.45022862316273]
