----------------------------------------------------------------------
-- Log session for [myBugCoalitionsCCBBAGuaiDEF-9] started on 2017.07.14.17.17.58 --
----------------------------------------------------------------------

INFORMACIÓN : I started
INFORMACIÓN : 0apuestaBundle [1466.8183068162743, 1124.556220209948, 977.8261958556782, 928.3671630091451]
INFORMACIÓN : 0positionsBundle [1717, 376, 98, 250]
INFORMACIÓN : 0levelsBundle [3, 3, 3, 3]
INFORMACIÓN : 0positionsOrdered [1717, 376, 98, 250]
INFORMACIÓN : 0levelsOrdered [3, 3, 3, 3]
INFORMACIÓN : 0partialityOrdered [3, 3, 3, 3]
INFORMACIÓN : 0arrivalTimes [4.715775030822772, 33.17627397233819, 55.97978247432094, 104.14616078949012]
INFORMACIÓN : coalSat position 1717 level 3
INFORMACIÓN : timeSat position 1717 level 3
INFORMACIÓN : coalSat position 376 level 3
INFORMACIÓN : timeSat position 376 level 3
INFORMACIÓN : coalSat position 98 level 3
INFORMACIÓN : timeSat position 98 level 3
INFORMACIÓN : I [MW]; lost Test.myBail@efcf1eb; POS 1717; sensors [AB, IR]; level 3 I paid 1466.8183068162743in favour ofnull paid 1466.8183068162743
INFORMACIÓN : 1historia0[0.0, 1117.1573433900771, 0.0, 0.0, 1104.9178617512232, 0.0, 965.5239378451693, 0.0, 0.0, 0.0, 0.0, 0.0, 0.0, 0.0, 0.0, 0.0, 0.0, 0.0, 0.0, 0.0, 0.0, 0.0, 0.0, 0.0, 0.0, 0.0, 0.0, 0.0, 0.0, 0.0, 0.0, 0.0, 0.0, 0.0, 0.0, 0.0, 0.0, 0.0, 0.0, 0.0, 0.0, 0.0, 0.0, 0.0, 0.0, 0.0, 0.0, 0.0, 0.0, 0.0, 0.0, 0.0, 1449.2355944913938, 0.0, 0.0, 0.0, 0.0, 0.0, 0.0, 0.0, 0.0, 0.0, 0.0, 0.0, 0.0, 0.0, 0.0, 0.0, 0.0, 0.0, 0.0, 0.0, 0.0, 0.0, 0.0, 0.0, 0.0, 0.0, 0.0, 0.0, 0.0, 0.0, 0.0, 1465.7354006891571, 0.0, 0.0, 0.0, 0.0, 0.0, 0.0, 0.0, 0.0, 0.0, 909.887847023919, 927.1602144461023, 0.0, 0.0, 0.0, 0.0, 0.0, 0.0, 0.0, 0.0, 0.0, 0.0, 0.0, 0.0, 0.0, 0.0, 0.0, 0.0, 0.0, 0.0, 0.0, 0.0, 0.0, 0.0, 0.0, 0.0, 0.0, 0.0, 0.0, 0.0, 0.0, 0.0, 0.0, 976.4991804018075, 0.0, 0.0, 0.0, 0.0, 0.0, 0.0, 0.0, 0.0, 0.0, 0.0, 0.0, 0.0, 0.0, 0.0, 0.0, 0.0, 0.0, 0.0, 0.0, 0.0, 0.0, 0.0, 932.6551656150152, 0.0, 0.0, 0.0, 0.0, 0.0, 0.0, 0.0, 0.0, 0.0, 0.0, 0.0, 0.0, 0.0, 0.0, 0.0, 0.0, 0.0, 0.0, 0.0, 0.0]
