----------------------------------------------------------------------
-- Log session for [myBugCoalitionsCCBBAGuaiDEF-11] started on 2017.07.14.17.17.58 --
----------------------------------------------------------------------

INFORMACIÓN : I started
INFORMACIÓN : 0apuestaBundle [1449.2355944913938, 1104.9178617512232, 965.5239378451693, 909.887847023919]
INFORMACIÓN : 0positionsBundle [1717, 376, 98, 250]
INFORMACIÓN : 0levelsBundle [3, 3, 3, 3]
INFORMACIÓN : 0positionsOrdered [1717, 376, 98, 250]
INFORMACIÓN : 0levelsOrdered [3, 3, 3, 3]
INFORMACIÓN : 0partialityOrdered [3, 3, 3, 3]
INFORMACIÓN : 0arrivalTimes [16.589383199101864, 45.04988214061728, 67.85339064260003, 116.01976895776922]
INFORMACIÓN : coalSat position 1717 level 3
INFORMACIÓN : coalSat position 376 level 3
INFORMACIÓN : coalSat position 98 level 3
INFORMACIÓN : coalSat position 250 level 3
INFORMACIÓN : I [IR]; lost Test.myBail@641eb951; POS 1717; sensors [AB, MW]; level 3 I paid 1449.2355944913938in favour ofnull paid 1449.2355944913938
INFORMACIÓN : 1historia0[0.0, 1117.1573433900771, 0.0, 0.0, 0.0, 0.0, 0.0, 0.0, 0.0, 0.0, 0.0, 0.0, 0.0, 0.0, 0.0, 0.0, 1447.6215987420849, 0.0, 0.0, 0.0, 0.0, 0.0, 0.0, 0.0, 0.0, 0.0, 0.0, 0.0, 0.0, 0.0, 0.0, 0.0, 0.0, 0.0, 0.0, 0.0, 0.0, 0.0, 0.0, 0.0, 0.0, 0.0, 0.0, 0.0, 0.0, 0.0, 0.0, 0.0, 0.0, 0.0, 0.0, 0.0, 0.0, 0.0, 0.0, 0.0, 0.0, 0.0, 0.0, 0.0, 0.0, 0.0, 0.0, 0.0, 0.0, 0.0, 0.0, 0.0, 0.0, 0.0, 0.0, 0.0, 0.0, 0.0, 0.0, 0.0, 0.0, 0.0, 0.0, 0.0, 0.0, 0.0, 0.0, 1465.7354006891571, 0.0, 0.0, 0.0, 0.0, 0.0, 0.0, 0.0, 0.0, 0.0, 0.0, 927.1602144461023, 0.0, 0.0, 0.0, 0.0, 0.0, 0.0, 0.0, 0.0, 0.0, 0.0, 0.0, 0.0, 0.0, 0.0, 0.0, 1123.9053275196814, 0.0, 0.0, 0.0, 0.0, 0.0, 0.0, 0.0, 0.0, 0.0, 0.0, 0.0, 0.0, 0.0, 0.0, 0.0, 971.5649824137397, 0.0, 0.0, 0.0, 0.0, 0.0, 0.0, 0.0, 0.0, 0.0, 0.0, 0.0, 0.0, 0.0, 0.0, 0.0, 0.0, 0.0, 0.0, 977.1517479426432, 0.0, 0.0, 0.0, 932.6551656150152, 0.0, 0.0, 0.0, 0.0, 0.0, 0.0, 0.0, 0.0, 0.0, 0.0, 0.0, 0.0, 0.0, 0.0, 0.0, 0.0, 0.0, 0.0, 0.0, 0.0]
