----------------------------------------------------------------------
-- Log session for [myBugCoalitionsCCBBAGuaiDEF-347] started on 2017.07.13.00.58.53 --
----------------------------------------------------------------------

INFORMACIÓN : I started
INFORMACIÓN : 0apuestaBundle [804.2267973857469, 801.551141316709, 790.9420953413801, 790.1530822201258, 784.9438844829688]
INFORMACIÓN : 0positionsBundle [1542, 1692, 899, 798, 2046]
INFORMACIÓN : 0levelsBundle [3, 3, 3, 3, 3]
INFORMACIÓN : 0positionsOrdered [1542, 1692, 899, 798, 2046]
INFORMACIÓN : 0levelsOrdered [3, 3, 3, 3, 3]
INFORMACIÓN : 0partialityOrdered [3, 3, 3, 3, 3]
INFORMACIÓN : 0arrivalTimes [6.666766566675576, 9.666766566675577, 27.131015763248556, 29.367083740748345, 54.44695614871725]
INFORMACIÓN : timeSat position 1542 level 3
INFORMACIÓN : timeSat position 1692 level 3
INFORMACIÓN : 1historia0[0.0, 0.0, 0.0, 0.0, 0.0, 0.0, 0.0, 0.0, 0.0, 0.0, 0.0, 0.0, 0.0, 0.0, 0.0, 0.0, 0.0, 0.0, 0.0, 0.0, 0.0, 0.0, 0.0, 0.0, 0.0, 0.0, 0.0, 0.0, 0.0, 0.0, 0.0, 0.0, 0.0, 0.0, 0.0, 0.0, 0.0, 0.0, 0.0, 0.0, 0.0, 0.0, 0.0, 0.0, 0.0, 0.0, 0.0, 0.0, 0.0, 0.0, 0.0, 0.0, 0.0, 0.0, 0.0, 0.0, 0.0, 0.0, 0.0, 0.0, 0.0, 0.0, 0.0, 0.0, 0.0, 750.2740415479075, 0.0, 0.0, 0.0, 0.0, 0.0, 0.0, 751.7653232930074, 0.0, 0.0, 0.0, 0.0, 0.0, 0.0, 0.0, 0.0, 0.0, 0.0, 0.0, 0.0, 0.0, 0.0, 0.0, 0.0, 0.0, 0.0, 0.0, 0.0, 0.0, 0.0, 0.0, 0.0, 0.0, 0.0, 0.0, 0.0, 0.0, 0.0, 0.0, 0.0, 0.0, 0.0, 0.0, 0.0, 0.0, 0.0, 0.0, 0.0, 0.0, 0.0, 0.0, 0.0, 0.0, 0.0, 0.0, 0.0, 0.0, 0.0, 0.0, 0.0, 0.0, 0.0, 0.0, 0.0, 0.0, 0.0, 0.0, 0.0, 0.0, 0.0, 0.0, 0.0, 0.0, 798.7180194032237, 0.0, 0.0, 0.0, 753.0961617471136, 0.0, 0.0, 0.0, 756.9491085337742, 0.0, 0.0, 0.0, 0.0, 0.0, 0.0, 0.0, 0.0, 0.0, 0.0, 0.0, 0.0, 0.0, 0.0, 0.0, 0.0, 0.0, 0.0, 0.0, 0.0, 0.0, 0.0]
INFORMACIÓN : 1apuestaBundle [800.6917936942327, 798.2154299885785, 790.2920462239636, 788.0676453629844, 785.2048017647944]
INFORMACIÓN : 1positionsBundle [1542, 1692, 2046, 899, 798]
INFORMACIÓN : 1levelsBundle [3, 3, 3, 3, 3]
INFORMACIÓN : 1positionsOrdered [899, 798, 1692, 1542, 2046]
INFORMACIÓN : 1levelsOrdered [3, 3, 3, 3, 3]
INFORMACIÓN : 1partialityOrdered [3, 3, 3, 3, 3]
INFORMACIÓN : 1arrivalTimes [16.05608933147696, 18.29215730897675, 90.52043179976344, 93.52043179976344, 104.29076141403245]
INFORMACIÓN : 2historia0[0.0, 0.0, 0.0, 0.0, 0.0, 0.0, 0.0, 0.0, 0.0, 0.0, 0.0, 0.0, 0.0, 0.0, 0.0, 0.0, 0.0, 0.0, 0.0, 0.0, 0.0, 0.0, 0.0, 0.0, 0.0, 0.0, 0.0, 0.0, 0.0, 0.0, 0.0, 0.0, 0.0, 0.0, 0.0, 0.0, 0.0, 0.0, 0.0, 0.0, 0.0, 0.0, 790.2920462239636, 0.0, 0.0, 0.0, 0.0, 0.0, 0.0, 0.0, 0.0, 0.0, 0.0, 0.0, 0.0, 0.0, 0.0, 0.0, 0.0, 0.0, 0.0, 0.0, 0.0, 0.0, 0.0, 750.2740415479075, 0.0, 0.0, 0.0, 0.0, 0.0, 0.0, 751.7653232930074, 0.0, 0.0, 0.0, 0.0, 0.0, 0.0, 0.0, 0.0, 0.0, 0.0, 0.0, 0.0, 0.0, 0.0, 0.0, 0.0, 0.0, 0.0, 0.0, 0.0, 0.0, 0.0, 0.0, 0.0, 0.0, 0.0, 0.0, 0.0, 0.0, 0.0, 0.0, 0.0, 0.0, 0.0, 0.0, 788.0676453629844, 0.0, 0.0, 0.0, 0.0, 0.0, 0.0, 0.0, 0.0, 0.0, 0.0, 0.0, 0.0, 0.0, 0.0, 0.0, 0.0, 0.0, 0.0, 0.0, 0.0, 785.2048017647944, 0.0, 0.0, 0.0, 800.6917936942327, 0.0, 0.0, 0.0, 0.0, 798.7180194032237, 0.0, 0.0, 0.0, 753.0961617471136, 0.0, 0.0, 0.0, 756.9491085337742, 0.0, 798.2154299885785, 0.0, 0.0, 0.0, 0.0, 0.0, 0.0, 0.0, 0.0, 0.0, 0.0, 0.0, 0.0, 0.0, 0.0, 0.0, 0.0, 0.0, 0.0, 0.0, 0.0]
INFORMACIÓN : 2apuestaBundle [800.6917936942327, 798.2154299885785, 790.2920462239636, 788.0676453629844, 785.2048017647944]
INFORMACIÓN : 2positionsBundle [1542, 1692, 2046, 899, 798]
INFORMACIÓN : 2levelsBundle [3, 3, 3, 3, 3]
INFORMACIÓN : 2positionsOrdered [899, 798, 1692, 1542, 2046]
INFORMACIÓN : 2levelsOrdered [3, 3, 3, 3, 3]
INFORMACIÓN : 2partialityOrdered [3, 3, 3, 3, 3]
INFORMACIÓN : 2arrivalTimes [16.05608933147696, 18.29215730897675, 90.52043179976344, 93.52043179976344, 104.29076141403245]
INFORMACIÓN : 3historia0[0.0, 0.0, 0.0, 0.0, 0.0, 0.0, 0.0, 0.0, 0.0, 0.0, 0.0, 0.0, 0.0, 0.0, 0.0, 0.0, 0.0, 0.0, 0.0, 0.0, 0.0, 0.0, 0.0, 0.0, 0.0, 0.0, 0.0, 0.0, 0.0, 0.0, 0.0, 0.0, 0.0, 0.0, 0.0, 0.0, 0.0, 0.0, 0.0, 0.0, 0.0, 0.0, 790.2920462239636, 0.0, 0.0, 0.0, 0.0, 0.0, 0.0, 0.0, 0.0, 0.0, 0.0, 0.0, 0.0, 0.0, 0.0, 0.0, 0.0, 0.0, 0.0, 0.0, 0.0, 0.0, 0.0, 750.2740415479075, 0.0, 0.0, 0.0, 0.0, 0.0, 0.0, 751.7653232930074, 801.8182784537813, 0.0, 0.0, 0.0, 0.0, 267.8888368574152, 0.0, 0.0, 0.0, 0.0, 0.0, 0.0, 0.0, 0.0, 0.0, 0.0, 0.0, 0.0, 0.0, 0.0, 0.0, 0.0, 0.0, 0.0, 0.0, 0.0, 0.0, 0.0, 0.0, 0.0, 0.0, 0.0, 0.0, 0.0, 755.1684615227558, 788.0676453629844, 0.0, 0.0, 0.0, 0.0, 0.0, 0.0, 0.0, 0.0, 0.0, 0.0, 0.0, 0.0, 0.0, 0.0, 0.0, 0.0, 0.0, 0.0, 0.0, 0.0, 785.2048017647944, 783.4253218261068, 0.0, 0.0, 800.6917936942327, 0.0, 0.0, 0.0, 0.0, 798.7180194032237, 0.0, 0.0, 0.0, 753.0961617471136, 0.0, 0.0, 0.0, 756.9491085337742, 0.0, 798.2154299885785, 0.0, 0.0, 0.0, 0.0, 0.0, 269.4118149498678, 0.0, 0.0, 0.0, 0.0, 0.0, 0.0, 0.0, 0.0, 0.0, 0.0, 0.0, 0.0, 0.0, 0.0]
INFORMACIÓN : 3apuestaBundle [800.6917936942327, 798.2154299885785, 790.2920462239636, 788.0676453629844, 785.2048017647944]
INFORMACIÓN : 3positionsBundle [1542, 1692, 2046, 899, 798]
INFORMACIÓN : 3levelsBundle [3, 3, 3, 3, 3]
INFORMACIÓN : 3positionsOrdered [899, 798, 1692, 1542, 2046]
INFORMACIÓN : 3levelsOrdered [3, 3, 3, 3, 3]
INFORMACIÓN : 3partialityOrdered [3, 3, 3, 3, 3]
INFORMACIÓN : 3arrivalTimes [16.05608933147696, 18.29215730897675, 90.52043179976344, 93.52043179976344, 104.29076141403245]
INFORMACIÓN : 4historia0[0.0, 0.0, 741.4475728217138, 0.0, 769.0880265315126, 0.0, 0.0, 0.0, 0.0, 0.0, 0.0, 0.0, 0.0, 0.0, 0.0, 0.0, 0.0, 0.0, 0.0, 0.0, 0.0, 0.0, 0.0, 0.0, 0.0, 0.0, 0.0, 0.0, 0.0, 0.0, 0.0, 0.0, 0.0, 0.0, 0.0, 0.0, 0.0, 0.0, 0.0, 0.0, 0.0, 0.0, 790.2920462239636, 0.0, 0.0, 0.0, 0.0, 0.0, 0.0, 0.0, 0.0, 0.0, 0.0, 0.0, 0.0, 0.0, 0.0, 0.0, 0.0, 0.0, 0.0, 0.0, 0.0, 266.9386109163672, 0.0, 750.2740415479075, 0.0, 0.0, 0.0, 0.0, 0.0, 0.0, 751.7653232930074, 801.8182784537813, 0.0, 0.0, 0.0, 0.0, 267.8888368574152, 0.0, 0.0, 0.0, 0.0, 0.0, 0.0, 0.0, 0.0, 0.0, 0.0, 0.0, 0.0, 0.0, 0.0, 0.0, 0.0, 0.0, 0.0, 0.0, 0.0, 0.0, 0.0, 766.9028966613095, 0.0, 0.0, 0.0, 0.0, 0.0, 755.1684615227558, 788.0676453629844, 0.0, 0.0, 0.0, 0.0, 0.0, 0.0, 0.0, 0.0, 808.7518959262451, 0.0, 0.0, 0.0, 0.0, 0.0, 0.0, 0.0, 0.0, 0.0, 0.0, 0.0, 785.2048017647944, 783.4253218261068, 0.0, 0.0, 800.6917936942327, 0.0, 0.0, 0.0, 0.0, 798.7180194032237, 0.0, 0.0, 0.0, 753.0961617471136, 0.0, 0.0, 0.0, 756.9491085337742, 0.0, 798.2154299885785, 0.0, 0.0, 0.0, 0.0, 0.0, 269.4118149498678, 0.0, 0.0, 0.0, 0.0, 0.0, 0.0, 0.0, 0.0, 0.0, 0.0, 0.0, 0.0, 0.0, 0.0]
INFORMACIÓN : 4apuestaBundle [800.6917936942327, 798.2154299885785, 790.2920462239636, 788.0676453629844, 785.2048017647944]
INFORMACIÓN : 4positionsBundle [1542, 1692, 2046, 899, 798]
INFORMACIÓN : 4levelsBundle [3, 3, 3, 3, 3]
INFORMACIÓN : 4positionsOrdered [899, 798, 1692, 1542, 2046]
INFORMACIÓN : 4levelsOrdered [3, 3, 3, 3, 3]
INFORMACIÓN : 4partialityOrdered [3, 3, 3, 3, 3]
INFORMACIÓN : 4arrivalTimes [16.05608933147696, 18.29215730897675, 90.52043179976344, 93.52043179976344, 104.29076141403245]
INFORMACIÓN : 5historia0[0.0, 0.0, 741.4475728217138, 0.0, 769.0880265315126, 0.0, 0.0, 0.0, 0.0, 0.0, 0.0, 0.0, 0.0, 0.0, 0.0, 0.0, 0.0, 0.0, 0.0, 0.0, 0.0, 0.0, 0.0, 0.0, 0.0, 0.0, 0.0, 0.0, 0.0, 0.0, 0.0, 0.0, 0.0, 0.0, 0.0, 0.0, 0.0, 0.0, 0.0, 0.0, 0.0, 0.0, 790.2920462239636, 0.0, 0.0, 0.0, 0.0, 0.0, 0.0, 0.0, 0.0, 0.0, 0.0, 0.0, 0.0, 0.0, 0.0, 0.0, 0.0, 0.0, 0.0, 0.0, 0.0, 266.9386109163672, 0.0, 750.2740415479075, 0.0, 0.0, 0.0, 0.0, 0.0, 0.0, 751.7653232930074, 801.8182784537813, 0.0, 0.0, 0.0, 0.0, 267.8888368574152, 0.0, 0.0, 0.0, 0.0, 0.0, 0.0, 0.0, 0.0, 0.0, 0.0, 0.0, 0.0, 0.0, 0.0, 0.0, 0.0, 0.0, 0.0, 0.0, 0.0, 0.0, 0.0, 766.9028966613095, 0.0, 0.0, 0.0, 0.0, 0.0, 755.1684615227558, 788.0676453629844, 0.0, 0.0, 0.0, 0.0, 0.0, 0.0, 0.0, 0.0, 808.7518959262451, 0.0, 0.0, 0.0, 0.0, 0.0, 0.0, 0.0, 0.0, 0.0, 0.0, 0.0, 785.2048017647944, 783.4253218261068, 0.0, 0.0, 800.6917936942327, 0.0, 0.0, 0.0, 0.0, 798.7180194032237, 0.0, 0.0, 0.0, 753.0961617471136, 0.0, 0.0, 0.0, 756.9491085337742, 0.0, 798.2154299885785, 0.0, 0.0, 0.0, 0.0, 0.0, 269.4118149498678, 0.0, 0.0, 0.0, 0.0, 0.0, 0.0, 0.0, 0.0, 0.0, 0.0, 0.0, 0.0, 0.0, 0.0]
INFORMACIÓN : 5apuestaBundle [800.6917936942327, 798.2154299885785, 790.2920462239636, 788.0676453629844, 785.2048017647944]
INFORMACIÓN : 5positionsBundle [1542, 1692, 2046, 899, 798]
INFORMACIÓN : 5levelsBundle [3, 3, 3, 3, 3]
INFORMACIÓN : 5positionsOrdered [899, 798, 1692, 1542, 2046]
INFORMACIÓN : 5levelsOrdered [3, 3, 3, 3, 3]
INFORMACIÓN : 5partialityOrdered [3, 3, 3, 3, 3]
INFORMACIÓN : 5arrivalTimes [16.05608933147696, 18.29215730897675, 90.52043179976344, 93.52043179976344, 104.29076141403245]
INFORMACIÓN : 6historia0[0.0, 0.0, 741.4475728217138, 0.0, 769.0880265315126, 0.0, 0.0, 0.0, 0.0, 0.0, 0.0, 0.0, 0.0, 0.0, 0.0, 0.0, 0.0, 0.0, 0.0, 0.0, 0.0, 0.0, 0.0, 0.0, 0.0, 0.0, 0.0, 0.0, 0.0, 0.0, 0.0, 0.0, 0.0, 0.0, 0.0, 0.0, 0.0, 0.0, 0.0, 0.0, 0.0, 0.0, 790.2920462239636, 0.0, 0.0, 0.0, 0.0, 0.0, 0.0, 0.0, 0.0, 0.0, 0.0, 0.0, 0.0, 0.0, 0.0, 0.0, 0.0, 0.0, 0.0, 0.0, 0.0, 266.9386109163672, 0.0, 750.2740415479075, 0.0, 0.0, 0.0, 0.0, 0.0, 0.0, 751.7653232930074, 801.8182784537813, 0.0, 0.0, 0.0, 0.0, 267.8888368574152, 0.0, 0.0, 0.0, 0.0, 0.0, 0.0, 0.0, 0.0, 0.0, 0.0, 0.0, 0.0, 0.0, 0.0, 0.0, 0.0, 0.0, 0.0, 0.0, 0.0, 0.0, 0.0, 766.9028966613095, 0.0, 0.0, 0.0, 0.0, 0.0, 755.1684615227558, 788.0676453629844, 0.0, 0.0, 0.0, 0.0, 0.0, 0.0, 0.0, 0.0, 808.7518959262451, 0.0, 0.0, 0.0, 0.0, 0.0, 0.0, 0.0, 0.0, 0.0, 0.0, 0.0, 785.2048017647944, 783.4253218261068, 0.0, 0.0, 800.6917936942327, 0.0, 0.0, 0.0, 0.0, 798.7180194032237, 0.0, 0.0, 0.0, 753.0961617471136, 0.0, 0.0, 0.0, 756.9491085337742, 0.0, 798.2154299885785, 0.0, 0.0, 0.0, 0.0, 0.0, 269.4118149498678, 0.0, 0.0, 0.0, 0.0, 0.0, 0.0, 0.0, 0.0, 0.0, 0.0, 0.0, 0.0, 0.0, 0.0]
INFORMACIÓN : 6apuestaBundle [800.6917936942327, 798.2154299885785, 790.2920462239636, 788.0676453629844, 785.2048017647944]
INFORMACIÓN : 6positionsBundle [1542, 1692, 2046, 899, 798]
INFORMACIÓN : 6levelsBundle [3, 3, 3, 3, 3]
INFORMACIÓN : 6positionsOrdered [899, 798, 1692, 1542, 2046]
INFORMACIÓN : 6levelsOrdered [3, 3, 3, 3, 3]
INFORMACIÓN : 6partialityOrdered [3, 3, 3, 3, 3]
INFORMACIÓN : 6arrivalTimes [16.05608933147696, 18.29215730897675, 90.52043179976344, 93.52043179976344, 104.29076141403245]
INFORMACIÓN : depSat position 1542 level 3
INFORMACIÓN : depSat position 1692 level 3
INFORMACIÓN : depSat position 2046 level 3
INFORMACIÓN : depSat position 899 level 3
INFORMACIÓN : depSat position 798 level 3
INFORMACIÓN : 7historia0[0.0, 0.0, 741.4475728217138, 0.0, 769.0880265315126, 0.0, 0.0, 0.0, 0.0, 0.0, 0.0, 0.0, 0.0, 0.0, 0.0, 0.0, 0.0, 0.0, 0.0, 0.0, 0.0, 0.0, 0.0, 0.0, 0.0, 0.0, 0.0, 0.0, 0.0, 0.0, 0.0, 0.0, 0.0, 0.0, 0.0, 0.0, 0.0, 0.0, 0.0, 0.0, 0.0, 0.0, 0.0, 0.0, 0.0, 0.0, 0.0, 0.0, 0.0, 0.0, 0.0, 0.0, 0.0, 0.0, 0.0, 0.0, 0.0, 0.0, 0.0, 0.0, 0.0, 0.0, 0.0, 266.9386109163672, 0.0, 748.3779263872981, 0.0, 0.0, 0.0, 0.0, 0.0, 0.0, 749.9479011572861, 801.8182784537813, 0.0, 0.0, 0.0, 0.0, 267.8888368574152, 0.0, 0.0, 0.0, 0.0, 0.0, 0.0, 0.0, 0.0, 0.0, 0.0, 0.0, 0.0, 0.0, 0.0, 0.0, 0.0, 0.0, 0.0, 0.0, 0.0, 0.0, 0.0, 766.9028966613095, 0.0, 0.0, 0.0, 0.0, 0.0, 755.1684615227558, 0.0, 0.0, 0.0, 0.0, 0.0, 0.0, 0.0, 0.0, 0.0, 808.7518959262451, 0.0, 0.0, 0.0, 0.0, 0.0, 0.0, 0.0, 0.0, 0.0, 0.0, 0.0, 0.0, 783.4253218261068, 0.0, 0.0, 0.0, 0.0, 0.0, 0.0, 0.0, 798.7180194032237, 0.0, 0.0, 0.0, 752.4772811801018, 0.0, 0.0, 0.0, 756.9491085337742, 0.0, 0.0, 0.0, 0.0, 0.0, 0.0, 0.0, 269.4118149498678, 0.0, 0.0, 0.0, 0.0, 0.0, 0.0, 0.0, 0.0, 0.0, 0.0, 0.0, 0.0, 0.0, 0.0]
INFORMACIÓN : 7apuestaBundle [800.6917936942327, 798.2154299885785, 790.2920462239636, 788.0676453629844, 785.2048017647944]
INFORMACIÓN : 7positionsBundle [1542, 1692, 2046, 899, 798]
INFORMACIÓN : 7levelsBundle [3, 3, 3, 3, 3]
INFORMACIÓN : 7positionsOrdered [899, 798, 1692, 1542, 2046]
INFORMACIÓN : 7levelsOrdered [3, 3, 3, 3, 3]
INFORMACIÓN : 7partialityOrdered [3, 3, 3, 3, 3]
INFORMACIÓN : 7arrivalTimes [16.05608933147696, 18.29215730897675, 90.52043179976344, 93.52043179976344, 104.29076141403245]
INFORMACIÓN : 8historia0[0.0, 0.0, 741.4475728217138, 0.0, 769.0880265315126, 0.0, 0.0, 0.0, 0.0, 0.0, 0.0, 0.0, 0.0, 0.0, 0.0, 0.0, 0.0, 0.0, 0.0, 0.0, 0.0, 0.0, 0.0, 0.0, 0.0, 0.0, 0.0, 0.0, 0.0, 0.0, 0.0, 0.0, 0.0, 0.0, 0.0, 0.0, 0.0, 0.0, 0.0, 0.0, 0.0, 0.0, 790.2920462239636, 0.0, 0.0, 0.0, 0.0, 0.0, 0.0, 0.0, 0.0, 0.0, 0.0, 0.0, 0.0, 0.0, 0.0, 0.0, 0.0, 0.0, 0.0, 0.0, 0.0, 266.9386109163672, 0.0, 748.3779263872981, 0.0, 0.0, 0.0, 0.0, 0.0, 0.0, 749.9479011572861, 801.8182784537813, 0.0, 0.0, 0.0, 0.0, 0.0, 0.0, 0.0, 0.0, 0.0, 0.0, 0.0, 0.0, 0.0, 0.0, 0.0, 0.0, 0.0, 0.0, 0.0, 0.0, 0.0, 0.0, 0.0, 0.0, 0.0, 0.0, 0.0, 766.9028966613095, 0.0, 0.0, 0.0, 0.0, 0.0, 0.0, 788.0676453629844, 0.0, 0.0, 0.0, 0.0, 0.0, 0.0, 0.0, 0.0, 808.7518959262451, 0.0, 0.0, 0.0, 0.0, 0.0, 0.0, 0.0, 0.0, 0.0, 0.0, 0.0, 785.2048017647944, 783.4253218261068, 0.0, 0.0, 800.6917936942327, 0.0, 0.0, 0.0, 0.0, 798.7180194032237, 0.0, 0.0, 0.0, 752.4772811801018, 0.0, 0.0, 0.0, 756.9491085337742, 0.0, 798.2154299885785, 0.0, 0.0, 0.0, 0.0, 0.0, 0.0, 0.0, 0.0, 0.0, 0.0, 0.0, 0.0, 0.0, 0.0, 0.0, 0.0, 0.0, 0.0, 0.0, 0.0]
INFORMACIÓN : 8apuestaBundle [800.6917936942327, 798.2154299885785, 790.2920462239636, 788.0676453629844, 785.2048017647944]
INFORMACIÓN : 8positionsBundle [1542, 1692, 2046, 899, 798]
INFORMACIÓN : 8levelsBundle [3, 3, 3, 3, 3]
INFORMACIÓN : 8positionsOrdered [899, 798, 1692, 1542, 2046]
INFORMACIÓN : 8levelsOrdered [3, 3, 3, 3, 3]
INFORMACIÓN : 8partialityOrdered [3, 3, 3, 3, 3]
INFORMACIÓN : 8arrivalTimes [16.05608933147696, 18.29215730897675, 90.52043179976344, 93.52043179976344, 104.29076141403245]
INFORMACIÓN : 9historia0[0.0, 0.0, 0.0, 0.0, 0.0, 0.0, 0.0, 0.0, 0.0, 0.0, 0.0, 0.0, 0.0, 0.0, 0.0, 0.0, 0.0, 0.0, 244.8244632018451, 0.0, 0.0, 0.0, 0.0, 0.0, 0.0, 0.0, 0.0, 0.0, 0.0, 0.0, 262.1597083434946, 0.0, 0.0, 0.0, 0.0, 0.0, 0.0, 0.0, 0.0, 0.0, 0.0, 0.0, 790.2920462239636, 0.0, 0.0, 0.0, 0.0, 0.0, 0.0, 0.0, 0.0, 0.0, 0.0, 0.0, 0.0, 0.0, 0.0, 0.0, 0.0, 0.0, 0.0, 0.0, 0.0, 0.0, 0.0, 748.3779263872981, 0.0, 0.0, 0.0, 0.0, 0.0, 0.0, 749.9479011572861, 801.8182784537813, 0.0, 0.0, 0.0, 0.0, 0.0, 0.0, 0.0, 0.0, 0.0, 259.7186468726562, 0.0, 0.0, 0.0, 0.0, 0.0, 0.0, 0.0, 0.0, 0.0, 0.0, 0.0, 0.0, 0.0, 0.0, 0.0, 0.0, 0.0, 0.0, 0.0, 0.0, 0.0, 0.0, 0.0, 0.0, 788.0676453629844, 0.0, 0.0, 0.0, 0.0, 0.0, 0.0, 0.0, 0.0, 0.0, 0.0, 0.0, 0.0, 0.0, 0.0, 0.0, 0.0, 0.0, 0.0, 0.0, 0.0, 785.2048017647944, 783.4253218261068, 0.0, 0.0, 800.6917936942327, 0.0, 0.0, 0.0, 0.0, 798.7180194032237, 0.0, 0.0, 0.0, 752.4772811801018, 0.0, 0.0, 0.0, 756.9491085337742, 0.0, 798.2154299885785, 0.0, 0.0, 0.0, 0.0, 0.0, 0.0, 0.0, 0.0, 0.0, 0.0, 0.0, 0.0, 0.0, 0.0, 0.0, 0.0, 0.0, 0.0, 0.0, 0.0]
INFORMACIÓN : 9apuestaBundle [800.6917936942327, 798.2154299885785, 790.2920462239636, 788.0676453629844, 785.2048017647944]
INFORMACIÓN : 9positionsBundle [1542, 1692, 2046, 899, 798]
INFORMACIÓN : 9levelsBundle [3, 3, 3, 3, 3]
INFORMACIÓN : 9positionsOrdered [899, 798, 1692, 1542, 2046]
INFORMACIÓN : 9levelsOrdered [3, 3, 3, 3, 3]
INFORMACIÓN : 9partialityOrdered [3, 3, 3, 3, 3]
INFORMACIÓN : 9arrivalTimes [16.05608933147696, 18.29215730897675, 90.52043179976344, 93.52043179976344, 104.29076141403245]
INFORMACIÓN : 10historia0[0.0, 0.0, 742.2777448288524, 0.0, 769.0880265315126, 0.0, 0.0, 0.0, 0.0, 0.0, 0.0, 0.0, 0.0, 0.0, 0.0, 0.0, 0.0, 0.0, 244.8244632018451, 0.0, 0.0, 0.0, 0.0, 0.0, 0.0, 0.0, 0.0, 0.0, 0.0, 0.0, 262.1597083434946, 0.0, 0.0, 0.0, 0.0, 0.0, 0.0, 0.0, 0.0, 0.0, 0.0, 0.0, 790.2920462239636, 0.0, 0.0, 0.0, 0.0, 0.0, 0.0, 0.0, 0.0, 0.0, 0.0, 0.0, 0.0, 0.0, 0.0, 0.0, 0.0, 0.0, 0.0, 0.0, 0.0, 267.88883685741484, 0.0, 748.3779263872981, 0.0, 0.0, 0.0, 0.0, 0.0, 0.0, 749.9479011572861, 801.8182784537813, 0.0, 0.0, 0.0, 0.0, 0.0, 0.0, 0.0, 0.0, 0.0, 259.7186468726562, 0.0, 0.0, 0.0, 0.0, 0.0, 0.0, 0.0, 0.0, 0.0, 0.0, 0.0, 0.0, 0.0, 0.0, 0.0, 0.0, 0.0, 766.9028966613095, 0.0, 0.0, 0.0, 0.0, 0.0, 0.0, 788.0676453629844, 0.0, 0.0, 0.0, 0.0, 0.0, 0.0, 0.0, 0.0, 808.7518959262451, 0.0, 0.0, 0.0, 0.0, 0.0, 0.0, 0.0, 0.0, 0.0, 0.0, 0.0, 785.2048017647944, 783.4253218261068, 0.0, 0.0, 800.6917936942327, 0.0, 0.0, 0.0, 0.0, 798.7180194032237, 0.0, 0.0, 0.0, 752.4772811801018, 0.0, 0.0, 0.0, 756.9491085337742, 0.0, 798.2154299885785, 0.0, 0.0, 0.0, 0.0, 0.0, 0.0, 0.0, 0.0, 0.0, 0.0, 0.0, 0.0, 0.0, 0.0, 0.0, 0.0, 0.0, 0.0, 0.0, 0.0]
INFORMACIÓN : 10apuestaBundle [800.6917936942327, 798.2154299885785, 790.2920462239636, 788.0676453629844, 785.2048017647944]
INFORMACIÓN : 10positionsBundle [1542, 1692, 2046, 899, 798]
INFORMACIÓN : 10levelsBundle [3, 3, 3, 3, 3]
INFORMACIÓN : 10positionsOrdered [899, 798, 1692, 1542, 2046]
INFORMACIÓN : 10levelsOrdered [3, 3, 3, 3, 3]
INFORMACIÓN : 10partialityOrdered [3, 3, 3, 3, 3]
INFORMACIÓN : 10arrivalTimes [16.05608933147696, 18.29215730897675, 90.52043179976344, 93.52043179976344, 104.29076141403245]
INFORMACIÓN : 11historia0[0.0, 0.0, 742.2777448288524, 0.0, 769.0880265315126, 0.0, 0.0, 0.0, 0.0, 0.0, 0.0, 0.0, 0.0, 0.0, 0.0, 0.0, 0.0, 0.0, 244.8244632018451, 0.0, 0.0, 0.0, 0.0, 0.0, 0.0, 0.0, 0.0, 0.0, 0.0, 0.0, 262.1597083434946, 0.0, 0.0, 0.0, 0.0, 0.0, 0.0, 0.0, 0.0, 0.0, 0.0, 0.0, 790.2920462239636, 0.0, 0.0, 0.0, 0.0, 0.0, 0.0, 0.0, 0.0, 0.0, 0.0, 0.0, 0.0, 0.0, 0.0, 0.0, 0.0, 0.0, 0.0, 0.0, 0.0, 267.88883685741484, 0.0, 748.3779263872981, 0.0, 0.0, 0.0, 0.0, 0.0, 0.0, 749.9479011572861, 801.8182784537813, 0.0, 0.0, 0.0, 0.0, 0.0, 0.0, 0.0, 0.0, 0.0, 259.7186468726562, 0.0, 0.0, 0.0, 0.0, 0.0, 0.0, 0.0, 0.0, 0.0, 0.0, 0.0, 0.0, 0.0, 0.0, 0.0, 0.0, 0.0, 766.9028966613095, 0.0, 0.0, 0.0, 0.0, 0.0, 0.0, 788.0676453629844, 0.0, 0.0, 0.0, 0.0, 0.0, 0.0, 0.0, 0.0, 808.7518959262451, 0.0, 0.0, 0.0, 0.0, 0.0, 0.0, 0.0, 0.0, 0.0, 0.0, 0.0, 785.2048017647944, 783.4253218261068, 0.0, 0.0, 800.6917936942327, 0.0, 0.0, 0.0, 0.0, 798.7180194032237, 0.0, 0.0, 0.0, 752.4772811801018, 0.0, 0.0, 0.0, 756.9491085337742, 0.0, 798.2154299885785, 0.0, 0.0, 0.0, 0.0, 0.0, 0.0, 0.0, 0.0, 0.0, 0.0, 0.0, 0.0, 0.0, 0.0, 0.0, 0.0, 0.0, 0.0, 0.0, 0.0]
INFORMACIÓN : 11apuestaBundle [800.6917936942327, 798.2154299885785, 790.2920462239636, 788.0676453629844, 785.2048017647944]
INFORMACIÓN : 11positionsBundle [1542, 1692, 2046, 899, 798]
INFORMACIÓN : 11levelsBundle [3, 3, 3, 3, 3]
INFORMACIÓN : 11positionsOrdered [899, 798, 1692, 1542, 2046]
INFORMACIÓN : 11levelsOrdered [3, 3, 3, 3, 3]
INFORMACIÓN : 11partialityOrdered [3, 3, 3, 3, 3]
INFORMACIÓN : 11arrivalTimes [16.05608933147696, 18.29215730897675, 90.52043179976344, 93.52043179976344, 104.29076141403245]
INFORMACIÓN : 12historia0[0.0, 0.0, 742.2777448288524, 0.0, 769.0880265315126, 0.0, 0.0, 0.0, 0.0, 0.0, 0.0, 0.0, 0.0, 0.0, 0.0, 0.0, 0.0, 0.0, 244.8244632018451, 0.0, 0.0, 0.0, 0.0, 0.0, 0.0, 0.0, 0.0, 0.0, 0.0, 0.0, 262.1597083434946, 0.0, 0.0, 0.0, 0.0, 0.0, 0.0, 0.0, 0.0, 0.0, 0.0, 0.0, 790.2920462239636, 0.0, 0.0, 0.0, 0.0, 0.0, 0.0, 0.0, 0.0, 0.0, 0.0, 0.0, 0.0, 0.0, 0.0, 0.0, 0.0, 0.0, 0.0, 0.0, 0.0, 267.88883685741484, 0.0, 748.3779263872981, 0.0, 0.0, 0.0, 0.0, 0.0, 0.0, 749.9479011572861, 801.8182784537813, 0.0, 0.0, 0.0, 0.0, 0.0, 0.0, 0.0, 0.0, 0.0, 259.7186468726562, 0.0, 0.0, 0.0, 0.0, 0.0, 0.0, 0.0, 0.0, 0.0, 0.0, 0.0, 0.0, 0.0, 0.0, 0.0, 0.0, 0.0, 766.9028966613095, 0.0, 0.0, 0.0, 0.0, 0.0, 0.0, 788.0676453629844, 0.0, 0.0, 0.0, 0.0, 0.0, 0.0, 0.0, 0.0, 808.7518959262451, 0.0, 0.0, 0.0, 0.0, 0.0, 0.0, 0.0, 0.0, 0.0, 0.0, 0.0, 785.2048017647944, 783.4253218261068, 0.0, 0.0, 800.6917936942327, 0.0, 0.0, 0.0, 0.0, 798.7180194032237, 0.0, 0.0, 0.0, 752.4772811801018, 0.0, 0.0, 0.0, 756.9491085337742, 0.0, 798.2154299885785, 0.0, 0.0, 0.0, 0.0, 0.0, 0.0, 0.0, 0.0, 0.0, 0.0, 0.0, 0.0, 0.0, 0.0, 0.0, 0.0, 0.0, 0.0, 0.0, 0.0]
INFORMACIÓN : 12apuestaBundle [800.6917936942327, 798.2154299885785, 790.2920462239636, 788.0676453629844, 785.2048017647944]
INFORMACIÓN : 12positionsBundle [1542, 1692, 2046, 899, 798]
INFORMACIÓN : 12levelsBundle [3, 3, 3, 3, 3]
INFORMACIÓN : 12positionsOrdered [899, 798, 1692, 1542, 2046]
INFORMACIÓN : 12levelsOrdered [3, 3, 3, 3, 3]
INFORMACIÓN : 12partialityOrdered [3, 3, 3, 3, 3]
INFORMACIÓN : 12arrivalTimes [16.05608933147696, 18.29215730897675, 90.52043179976344, 93.52043179976344, 104.29076141403245]
INFORMACIÓN : depSat position 1542 level 3
INFORMACIÓN : depSat position 1692 level 3
INFORMACIÓN : depSat position 2046 level 3
INFORMACIÓN : depSat position 899 level 3
INFORMACIÓN : depSat position 798 level 3
INFORMACIÓN : 13historia0[0.0, 0.0, 742.2777448288524, 0.0, 769.0880265315126, 0.0, 0.0, 0.0, 0.0, 0.0, 0.0, 0.0, 0.0, 0.0, 0.0, 0.0, 0.0, 0.0, 244.8244632018451, 0.0, 0.0, 0.0, 0.0, 0.0, 0.0, 0.0, 0.0, 0.0, 0.0, 0.0, 262.1597083434946, 0.0, 0.0, 0.0, 0.0, 0.0, 0.0, 0.0, 0.0, 0.0, 0.0, 0.0, 0.0, 0.0, 0.0, 0.0, 0.0, 0.0, 0.0, 0.0, 0.0, 0.0, 0.0, 0.0, 0.0, 0.0, 0.0, 0.0, 0.0, 0.0, 0.0, 0.0, 0.0, 267.88883685741484, 0.0, 748.3779263872981, 0.0, 0.0, 0.0, 0.0, 0.0, 0.0, 749.9479011572861, 801.8182784537813, 0.0, 0.0, 0.0, 0.0, 0.0, 0.0, 0.0, 0.0, 0.0, 259.7186468726562, 0.0, 0.0, 0.0, 0.0, 0.0, 0.0, 0.0, 0.0, 0.0, 0.0, 0.0, 0.0, 0.0, 0.0, 0.0, 0.0, 0.0, 766.9028966613095, 0.0, 0.0, 0.0, 0.0, 0.0, 0.0, 0.0, 0.0, 0.0, 0.0, 0.0, 0.0, 0.0, 0.0, 0.0, 808.7518959262451, 0.0, 0.0, 0.0, 0.0, 0.0, 0.0, 0.0, 0.0, 0.0, 0.0, 0.0, 0.0, 783.4253218261068, 0.0, 0.0, 0.0, 0.0, 0.0, 0.0, 0.0, 798.7180194032237, 0.0, 0.0, 0.0, 752.4772811801018, 0.0, 0.0, 0.0, 756.9491085337742, 0.0, 0.0, 0.0, 0.0, 0.0, 0.0, 0.0, 0.0, 0.0, 0.0, 0.0, 0.0, 0.0, 0.0, 0.0, 0.0, 0.0, 0.0, 0.0, 0.0, 0.0, 0.0]
INFORMACIÓN : 13apuestaBundle [800.6917936942327, 798.2154299885785, 790.2920462239636, 788.0676453629844, 785.2048017647944]
INFORMACIÓN : 13positionsBundle [1542, 1692, 2046, 899, 798]
INFORMACIÓN : 13levelsBundle [3, 3, 3, 3, 3]
INFORMACIÓN : 13positionsOrdered [899, 798, 1692, 1542, 2046]
INFORMACIÓN : 13levelsOrdered [3, 3, 3, 3, 3]
INFORMACIÓN : 13partialityOrdered [3, 3, 3, 3, 3]
INFORMACIÓN : 13arrivalTimes [16.05608933147696, 18.29215730897675, 90.52043179976344, 93.52043179976344, 104.29076141403245]
INFORMACIÓN : 14historia0[0.0, 0.0, 742.2777448288524, 0.0, 769.0880265315126, 0.0, 0.0, 0.0, 0.0, 0.0, 0.0, 0.0, 0.0, 0.0, 0.0, 0.0, 0.0, 0.0, 0.0, 0.0, 0.0, 0.0, 0.0, 0.0, 0.0, 0.0, 0.0, 0.0, 0.0, 0.0, 0.0, 0.0, 0.0, 0.0, 0.0, 0.0, 0.0, 0.0, 0.0, 0.0, 0.0, 0.0, 790.2920462239636, 0.0, 0.0, 0.0, 0.0, 0.0, 0.0, 0.0, 0.0, 0.0, 0.0, 0.0, 0.0, 0.0, 0.0, 0.0, 0.0, 0.0, 0.0, 0.0, 0.0, 267.88883685741484, 0.0, 748.3779263872981, 0.0, 0.0, 0.0, 0.0, 0.0, 0.0, 749.9479011572861, 801.8182784537813, 0.0, 0.0, 0.0, 0.0, 0.0, 0.0, 0.0, 0.0, 0.0, 0.0, 0.0, 0.0, 0.0, 0.0, 0.0, 0.0, 0.0, 0.0, 0.0, 0.0, 0.0, 0.0, 0.0, 0.0, 0.0, 0.0, 0.0, 766.9028966613095, 0.0, 0.0, 0.0, 0.0, 0.0, 0.0, 788.0676453629844, 0.0, 0.0, 0.0, 0.0, 0.0, 0.0, 0.0, 0.0, 808.7518959262451, 0.0, 0.0, 0.0, 0.0, 0.0, 0.0, 0.0, 0.0, 0.0, 0.0, 0.0, 785.2048017647944, 783.4253218261068, 0.0, 0.0, 800.6917936942327, 0.0, 0.0, 0.0, 0.0, 798.7180194032237, 0.0, 0.0, 0.0, 752.4772811801018, 0.0, 282.89737174499686, 0.0, 756.9491085337742, 250.54094228255383, 798.2154299885785, 0.0, 0.0, 0.0, 795.7950575749368, 0.0, 0.0, 0.0, 0.0, 0.0, 0.0, 0.0, 0.0, 0.0, 0.0, 0.0, 0.0, 0.0, 0.0, 0.0, 0.0]
INFORMACIÓN : 14apuestaBundle [800.6917936942327, 798.2154299885785, 790.2920462239636, 788.0676453629844, 785.2048017647944]
INFORMACIÓN : 14positionsBundle [1542, 1692, 2046, 899, 798]
INFORMACIÓN : 14levelsBundle [3, 3, 3, 3, 3]
INFORMACIÓN : 14positionsOrdered [899, 798, 1692, 1542, 2046]
INFORMACIÓN : 14levelsOrdered [3, 3, 3, 3, 3]
INFORMACIÓN : 14partialityOrdered [3, 3, 3, 3, 3]
INFORMACIÓN : 14arrivalTimes [16.05608933147696, 18.29215730897675, 90.52043179976344, 93.52043179976344, 104.29076141403245]
INFORMACIÓN : 15historia0[0.0, 0.0, 0.0, 0.0, 0.0, 0.0, 0.0, 0.0, 0.0, 0.0, 0.0, 0.0, 0.0, 0.0, 0.0, 0.0, 179.17738681246124, 0.0, 0.0, 0.0, 0.0, 0.0, 0.0, 0.0, 0.0, 0.0, 0.0, 0.0, 0.0, 0.0, 0.0, 0.0, 0.0, 0.0, 159.74927776460413, 0.0, 0.0, 0.0, 0.0, 0.0, 0.0, 0.0, 790.2920462239636, 0.0, 0.0, 0.0, 0.0, 0.0, 0.0, 0.0, 0.0, 0.0, 0.0, 0.0, 0.0, 0.0, 0.0, 0.0, 0.0, 0.0, 0.0, 0.0, 0.0, 0.0, 0.0, 0.0, 0.0, 0.0, 0.0, 0.0, 0.0, 0.0, 0.0, 801.8182784537813, 0.0, 0.0, 0.0, 0.0, 0.0, 0.0, 0.0, 230.10365988083151, 0.0, 0.0, 0.0, 0.0, 0.0, 0.0, 0.0, 0.0, 0.0, 0.0, 0.0, 0.0, 0.0, 0.0, 0.0, 0.0, 0.0, 0.0, 0.0, 0.0, 169.90542388341441, 0.0, 0.0, 0.0, 0.0, 0.0, 788.0676453629844, 0.0, 0.0, 0.0, 0.0, 0.0, 0.0, 0.0, 0.0, 0.0, 0.0, 0.0, 0.0, 0.0, 0.0, 0.0, 0.0, 0.0, 0.0, 0.0, 0.0, 785.2048017647944, 783.4253218261068, 0.0, 0.0, 800.6917936942327, 0.0, 0.0, 0.0, 0.0, 798.7180194032237, 0.0, 0.0, 0.0, 752.4772811801018, 0.0, 0.0, 0.0, 756.9491085337742, 278.151440430506, 798.2154299885785, 0.0, 0.0, 0.0, 795.7950575749368, 0.0, 0.0, 0.0, 0.0, 0.0, 0.0, 0.0, 0.0, 0.0, 0.0, 0.0, 0.0, 0.0, 0.0, 0.0, 0.0]
INFORMACIÓN : 15apuestaBundle [800.6917936942327, 798.2154299885785, 790.2920462239636, 788.0676453629844, 785.2048017647944]
INFORMACIÓN : 15positionsBundle [1542, 1692, 2046, 899, 798]
INFORMACIÓN : 15levelsBundle [3, 3, 3, 3, 3]
INFORMACIÓN : 15positionsOrdered [899, 798, 1692, 1542, 2046]
INFORMACIÓN : 15levelsOrdered [3, 3, 3, 3, 3]
INFORMACIÓN : 15partialityOrdered [3, 3, 3, 3, 3]
INFORMACIÓN : 15arrivalTimes [16.05608933147696, 18.29215730897675, 90.52043179976344, 93.52043179976344, 104.29076141403245]
INFORMACIÓN : 16historia0[0.0, 0.0, 742.2777448288524, 0.0, 769.0880265315126, 0.0, 0.0, 0.0, 0.0, 0.0, 0.0, 0.0, 0.0, 0.0, 0.0, 0.0, 179.17738681246124, 0.0, 0.0, 0.0, 0.0, 0.0, 0.0, 0.0, 0.0, 0.0, 0.0, 0.0, 0.0, 0.0, 0.0, 0.0, 0.0, 0.0, 159.74927776460413, 0.0, 0.0, 0.0, 0.0, 0.0, 0.0, 0.0, 790.2920462239636, 0.0, 0.0, 0.0, 0.0, 0.0, 0.0, 0.0, 0.0, 0.0, 0.0, 0.0, 0.0, 0.0, 0.0, 0.0, 0.0, 0.0, 0.0, 0.0, 0.0, 267.88883685741484, 0.0, 0.0, 0.0, 0.0, 0.0, 0.0, 0.0, 0.0, 0.0, 801.8182784537813, 0.0, 0.0, 0.0, 0.0, 0.0, 0.0, 0.0, 230.10365988083151, 0.0, 0.0, 0.0, 0.0, 0.0, 0.0, 0.0, 0.0, 0.0, 0.0, 0.0, 0.0, 0.0, 0.0, 0.0, 0.0, 0.0, 0.0, 0.0, 766.9028966613095, 169.90542388341441, 0.0, 0.0, 0.0, 0.0, 0.0, 788.0676453629844, 0.0, 0.0, 0.0, 0.0, 0.0, 0.0, 0.0, 0.0, 808.7518959262451, 0.0, 0.0, 0.0, 0.0, 0.0, 0.0, 0.0, 0.0, 0.0, 0.0, 0.0, 785.2048017647944, 783.4253218261068, 0.0, 0.0, 800.6917936942327, 0.0, 0.0, 0.0, 0.0, 798.7180194032237, 0.0, 0.0, 0.0, 752.4772811801018, 0.0, 0.0, 0.0, 756.9491085337742, 278.151440430506, 798.2154299885785, 0.0, 0.0, 0.0, 795.7950575749368, 0.0, 0.0, 0.0, 0.0, 0.0, 0.0, 0.0, 0.0, 0.0, 0.0, 0.0, 0.0, 0.0, 0.0, 0.0, 0.0]
INFORMACIÓN : 16apuestaBundle [800.6917936942327, 798.2154299885785, 790.2920462239636, 788.0676453629844, 785.2048017647944]
INFORMACIÓN : 16positionsBundle [1542, 1692, 2046, 899, 798]
INFORMACIÓN : 16levelsBundle [3, 3, 3, 3, 3]
INFORMACIÓN : 16positionsOrdered [899, 798, 1692, 1542, 2046]
INFORMACIÓN : 16levelsOrdered [3, 3, 3, 3, 3]
INFORMACIÓN : 16partialityOrdered [3, 3, 3, 3, 3]
INFORMACIÓN : 16arrivalTimes [16.05608933147696, 18.29215730897675, 90.52043179976344, 93.52043179976344, 104.29076141403245]
INFORMACIÓN : 17historia0[0.0, 0.0, 742.2777448288524, 0.0, 769.0880265315126, 0.0, 0.0, 163.1339803770928, 0.0, 0.0, 0.0, 0.0, 0.0, 0.0, 167.0938846233305, 0.0, 179.17738681246124, 0.0, 0.0, 0.0, 0.0, 0.0, 0.0, 0.0, 0.0, 0.0, 0.0, 0.0, 0.0, 0.0, 0.0, 0.0, 0.0, 0.0, 159.74927776460413, 0.0, 0.0, 0.0, 0.0, 0.0, 0.0, 0.0, 790.2920462239636, 0.0, 0.0, 0.0, 0.0, 0.0, 0.0, 0.0, 0.0, 0.0, 0.0, 0.0, 0.0, 0.0, 0.0, 0.0, 0.0, 0.0, 0.0, 0.0, 0.0, 267.88883685741484, 162.76396730940394, 0.0, 0.0, 0.0, 0.0, 0.0, 0.0, 0.0, 0.0, 801.8182784537813, 0.0, 0.0, 0.0, 0.0, 0.0, 0.0, 0.0, 230.10365988083151, 0.0, 0.0, 0.0, 0.0, 0.0, 0.0, 0.0, 0.0, 0.0, 0.0, 0.0, 0.0, 0.0, 0.0, 0.0, 0.0, 0.0, 0.0, 0.0, 766.9028966613095, 169.90542388341441, 0.0, 0.0, 0.0, 0.0, 0.0, 788.0676453629844, 0.0, 0.0, 0.0, 0.0, 0.0, 0.0, 0.0, 0.0, 808.7518959262451, 0.0, 0.0, 0.0, 0.0, 0.0, 0.0, 0.0, 0.0, 0.0, 0.0, 0.0, 785.2048017647944, 783.4253218261068, 0.0, 0.0, 800.6917936942327, 0.0, 0.0, 0.0, 0.0, 798.7180194032237, 0.0, 0.0, 0.0, 752.4772811801018, 0.0, 282.89737174499686, 0.0, 756.9491085337742, 278.151440430506, 798.2154299885785, 0.0, 0.0, 0.0, 795.7950575749368, 0.0, 0.0, 0.0, 0.0, 0.0, 0.0, 0.0, 0.0, 0.0, 0.0, 0.0, 0.0, 0.0, 0.0, 0.0, 0.0]
INFORMACIÓN : 17apuestaBundle [800.6917936942327, 798.2154299885785, 790.2920462239636, 788.0676453629844, 785.2048017647944]
INFORMACIÓN : 17positionsBundle [1542, 1692, 2046, 899, 798]
INFORMACIÓN : 17levelsBundle [3, 3, 3, 3, 3]
INFORMACIÓN : 17positionsOrdered [899, 798, 1692, 1542, 2046]
INFORMACIÓN : 17levelsOrdered [3, 3, 3, 3, 3]
INFORMACIÓN : 17partialityOrdered [3, 3, 3, 3, 3]
INFORMACIÓN : 17arrivalTimes [16.05608933147696, 18.29215730897675, 90.52043179976344, 93.52043179976344, 104.29076141403245]
INFORMACIÓN : 18historia0[0.0, 0.0, 742.2777448288524, 0.0, 769.0880265315126, 0.0, 0.0, 163.1339803770928, 0.0, 0.0, 0.0, 0.0, 0.0, 0.0, 167.0938846233305, 0.0, 179.17738681246124, 0.0, 0.0, 0.0, 0.0, 0.0, 0.0, 0.0, 0.0, 0.0, 0.0, 0.0, 0.0, 0.0, 0.0, 0.0, 0.0, 0.0, 159.74927776460413, 0.0, 0.0, 0.0, 0.0, 0.0, 0.0, 0.0, 790.2920462239636, 0.0, 0.0, 0.0, 0.0, 0.0, 0.0, 0.0, 0.0, 0.0, 0.0, 0.0, 0.0, 0.0, 0.0, 0.0, 0.0, 0.0, 0.0, 0.0, 0.0, 267.88883685741484, 162.76396730940394, 0.0, 0.0, 0.0, 0.0, 0.0, 0.0, 0.0, 0.0, 801.8182784537813, 0.0, 0.0, 0.0, 0.0, 0.0, 0.0, 0.0, 230.10365988083151, 0.0, 0.0, 0.0, 0.0, 0.0, 0.0, 0.0, 0.0, 0.0, 0.0, 0.0, 0.0, 0.0, 0.0, 0.0, 0.0, 0.0, 0.0, 0.0, 766.9028966613095, 169.90542388341441, 0.0, 0.0, 0.0, 0.0, 0.0, 788.0676453629844, 0.0, 0.0, 0.0, 0.0, 0.0, 0.0, 0.0, 0.0, 808.7518959262451, 0.0, 0.0, 0.0, 0.0, 0.0, 0.0, 0.0, 0.0, 0.0, 0.0, 0.0, 785.2048017647944, 783.4253218261068, 0.0, 0.0, 800.6917936942327, 0.0, 0.0, 0.0, 0.0, 798.7180194032237, 0.0, 0.0, 0.0, 752.4772811801018, 0.0, 282.89737174499686, 0.0, 756.9491085337742, 278.151440430506, 798.2154299885785, 0.0, 0.0, 0.0, 795.7950575749368, 0.0, 0.0, 0.0, 0.0, 0.0, 0.0, 0.0, 0.0, 0.0, 0.0, 0.0, 0.0, 0.0, 0.0, 0.0, 0.0]
INFORMACIÓN : 18apuestaBundle [800.6917936942327, 798.2154299885785, 790.2920462239636, 788.0676453629844, 785.2048017647944]
INFORMACIÓN : 18positionsBundle [1542, 1692, 2046, 899, 798]
INFORMACIÓN : 18levelsBundle [3, 3, 3, 3, 3]
INFORMACIÓN : 18positionsOrdered [899, 798, 1692, 1542, 2046]
INFORMACIÓN : 18levelsOrdered [3, 3, 3, 3, 3]
INFORMACIÓN : 18partialityOrdered [3, 3, 3, 3, 3]
INFORMACIÓN : 18arrivalTimes [16.05608933147696, 18.29215730897675, 90.52043179976344, 93.52043179976344, 104.29076141403245]
INFORMACIÓN : depSat position 1542 level 3
INFORMACIÓN : depSat position 1692 level 3
INFORMACIÓN : depSat position 2046 level 3
INFORMACIÓN : depSat position 899 level 3
INFORMACIÓN : depSat position 798 level 3
INFORMACIÓN : 19historia0[0.0, 0.0, 742.2777448288524, 0.0, 769.0880265315126, 0.0, 0.0, 0.0, 0.0, 0.0, 0.0, 0.0, 0.0, 0.0, 0.0, 0.0, 0.0, 0.0, 0.0, 0.0, 0.0, 0.0, 0.0, 0.0, 0.0, 0.0, 0.0, 0.0, 0.0, 0.0, 0.0, 0.0, 0.0, 0.0, 159.74927776460413, 0.0, 0.0, 0.0, 0.0, 0.0, 0.0, 0.0, 0.0, 0.0, 0.0, 0.0, 0.0, 0.0, 0.0, 0.0, 0.0, 0.0, 0.0, 0.0, 0.0, 0.0, 0.0, 0.0, 0.0, 0.0, 0.0, 0.0, 0.0, 267.88883685741484, 0.0, 748.3779263872981, 0.0, 0.0, 0.0, 0.0, 0.0, 0.0, 749.9479011572861, 801.8182784537813, 0.0, 0.0, 0.0, 0.0, 0.0, 0.0, 0.0, 230.10365988083151, 0.0, 0.0, 0.0, 0.0, 0.0, 0.0, 0.0, 0.0, 0.0, 0.0, 0.0, 0.0, 0.0, 0.0, 0.0, 0.0, 0.0, 0.0, 0.0, 766.9028966613095, 169.90542388341441, 0.0, 0.0, 0.0, 0.0, 0.0, 0.0, 0.0, 0.0, 0.0, 0.0, 0.0, 0.0, 0.0, 0.0, 808.7518959262451, 0.0, 0.0, 0.0, 0.0, 0.0, 0.0, 0.0, 0.0, 0.0, 0.0, 0.0, 0.0, 783.4253218261068, 0.0, 0.0, 0.0, 0.0, 0.0, 0.0, 0.0, 798.7180194032237, 0.0, 0.0, 0.0, 752.4772811801018, 0.0, 0.0, 0.0, 756.9491085337742, 0.0, 0.0, 0.0, 0.0, 0.0, 0.0, 0.0, 0.0, 0.0, 0.0, 0.0, 0.0, 0.0, 0.0, 0.0, 0.0, 0.0, 0.0, 0.0, 0.0, 0.0, 0.0]
INFORMACIÓN : 19apuestaBundle [800.6917936942327, 798.2154299885785, 790.2920462239636, 788.0676453629844, 785.2048017647944]
INFORMACIÓN : 19positionsBundle [1542, 1692, 2046, 899, 798]
INFORMACIÓN : 19levelsBundle [3, 3, 3, 3, 3]
INFORMACIÓN : 19positionsOrdered [899, 798, 1692, 1542, 2046]
INFORMACIÓN : 19levelsOrdered [3, 3, 3, 3, 3]
INFORMACIÓN : 19partialityOrdered [3, 3, 3, 3, 3]
INFORMACIÓN : 19arrivalTimes [16.05608933147696, 18.29215730897675, 90.52043179976344, 93.52043179976344, 104.29076141403245]
INFORMACIÓN : 20historia0[0.0, 0.0, 742.2777448288524, 0.0, 769.0880265315126, 0.0, 0.0, 0.0, 0.0, 0.0, 0.0, 0.0, 0.0, 0.0, 0.0, 0.0, 0.0, 0.0, 0.0, 0.0, 0.0, 0.0, 0.0, 0.0, 0.0, 0.0, 0.0, 0.0, 0.0, 0.0, 0.0, 0.0, 0.0, 0.0, 0.0, 0.0, 278.0522986896891, 0.0, 0.0, 0.0, 0.0, 0.0, 790.2920462239636, 0.0, 0.0, 0.0, 0.0, 0.0, 0.0, 0.0, 0.0, 0.0, 0.0, 0.0, 0.0, 0.0, 0.0, 0.0, 0.0, 0.0, 0.0, 0.0, 0.0, 267.88883685741484, 0.0, 748.3779263872981, 0.0, 0.0, 0.0, 0.0, 0.0, 0.0, 749.9479011572861, 801.8182784537813, 0.0, 0.0, 0.0, 0.0, 0.0, 0.0, 0.0, 0.0, 0.0, 0.0, 0.0, 0.0, 0.0, 0.0, 0.0, 0.0, 0.0, 0.0, 0.0, 0.0, 0.0, 0.0, 0.0, 0.0, 0.0, 0.0, 0.0, 766.9028966613095, 0.0, 0.0, 0.0, 0.0, 0.0, 0.0, 788.0676453629844, 0.0, 0.0, 0.0, 0.0, 0.0, 0.0, 0.0, 0.0, 808.7518959262451, 0.0, 0.0, 0.0, 0.0, 0.0, 0.0, 0.0, 0.0, 0.0, 0.0, 0.0, 785.2048017647944, 783.4253218261068, 0.0, 0.0, 800.6917936942327, 0.0, 0.0, 0.0, 0.0, 798.7180194032237, 0.0, 0.0, 0.0, 752.4772811801018, 0.0, 282.89737174499686, 0.0, 756.9491085337742, 0.0, 798.2154299885785, 0.0, 0.0, 0.0, 795.7950575749368, 0.0, 0.0, 0.0, 0.0, 0.0, 0.0, 0.0, 0.0, 0.0, 0.0, 0.0, 0.0, 0.0, 0.0, 0.0, 0.0]
INFORMACIÓN : 20apuestaBundle [800.6917936942327, 798.2154299885785, 790.2920462239636, 788.0676453629844, 785.2048017647944]
INFORMACIÓN : 20positionsBundle [1542, 1692, 2046, 899, 798]
INFORMACIÓN : 20levelsBundle [3, 3, 3, 3, 3]
INFORMACIÓN : 20positionsOrdered [899, 798, 1692, 1542, 2046]
INFORMACIÓN : 20levelsOrdered [3, 3, 3, 3, 3]
INFORMACIÓN : 20partialityOrdered [3, 3, 3, 3, 3]
INFORMACIÓN : 20arrivalTimes [16.05608933147696, 18.29215730897675, 90.52043179976344, 93.52043179976344, 104.29076141403245]
INFORMACIÓN : 21historia0[0.0, 0.0, 0.0, 0.0, 0.0, 0.0, 0.0, 0.0, 0.0, 0.0, 0.0, 0.0, 0.0, 0.0, 0.0, 0.0, 0.0, 0.0, 0.0, 0.0, 0.0, 0.0, 0.0, 0.0, 0.0, 0.0, 0.0, 0.0, 0.0, 0.0, 0.0, 0.0, 0.0, 0.0, 0.0, 0.0, 0.0, 0.0, 0.0, 0.0, 0.0, 0.0, 790.2920462239636, 0.0, 0.0, 0.0, 0.0, 0.0, 0.0, 0.0, 0.0, 0.0, 0.0, 0.0, 0.0, 0.0, 0.0, 0.0, 0.0, 0.0, 0.0, 0.0, 0.0, 0.0, 0.0, 0.0, 0.0, 0.0, 0.0, 0.0, 0.0, 0.0, 0.0, 801.8182784537813, 0.0, 0.0, 0.0, 0.0, 0.0, 0.0, 0.0, 0.0, 0.0, 0.0, 0.0, 0.0, 0.0, 0.0, 0.0, 0.0, 0.0, 259.4676215835112, 0.0, 0.0, 127.86207182171393, 0.0, 0.0, 0.0, 0.0, 0.0, 0.0, 0.0, 0.0, 0.0, 0.0, 0.0, 0.0, 0.0, 788.0676453629844, 0.0, 0.0, 0.0, 0.0, 0.0, 0.0, 0.0, 0.0, 0.0, 0.0, 0.0, 0.0, 0.0, 0.0, 0.0, 0.0, 0.0, 0.0, 0.0, 0.0, 785.2048017647944, 783.4253218261068, 0.0, 68.40242899473651, 800.6917936942327, 0.0, 0.0, 0.0, 0.0, 798.7180194032237, 0.0, 0.0, 0.0, 752.4772811801018, 68.40242899473651, 0.0, 0.0, 756.9491085337742, 278.151440430506, 798.2154299885785, 0.0, 0.0, 0.0, 795.7950575749368, 0.0, 269.4118149498678, 0.0, 0.0, 0.0, 0.0, 0.0, 0.0, 0.0, 0.0, 0.0, 0.0, 0.0, 0.0, 0.0, 0.0]
INFORMACIÓN : 21apuestaBundle [800.6917936942327, 798.2154299885785, 790.2920462239636, 788.0676453629844, 785.2048017647944]
INFORMACIÓN : 21positionsBundle [1542, 1692, 2046, 899, 798]
INFORMACIÓN : 21levelsBundle [3, 3, 3, 3, 3]
INFORMACIÓN : 21positionsOrdered [899, 798, 1692, 1542, 2046]
INFORMACIÓN : 21levelsOrdered [3, 3, 3, 3, 3]
INFORMACIÓN : 21partialityOrdered [3, 3, 3, 3, 3]
INFORMACIÓN : 21arrivalTimes [16.05608933147696, 18.29215730897675, 90.52043179976344, 93.52043179976344, 104.29076141403245]
INFORMACIÓN : 22historia0[0.0, 0.0, 742.2777448288524, 0.0, 769.0880265315126, 0.0, 0.0, 0.0, 0.0, 0.0, 0.0, 0.0, 0.0, 0.0, 0.0, 0.0, 0.0, 0.0, 0.0, 0.0, 0.0, 0.0, 0.0, 0.0, 0.0, 0.0, 0.0, 0.0, 0.0, 0.0, 0.0, 0.0, 0.0, 0.0, 0.0, 0.0, 0.0, 0.0, 0.0, 0.0, 0.0, 0.0, 790.2920462239636, 0.0, 0.0, 0.0, 0.0, 0.0, 0.0, 0.0, 0.0, 0.0, 0.0, 0.0, 0.0, 0.0, 0.0, 0.0, 0.0, 0.0, 0.0, 0.0, 0.0, 267.88883685741484, 0.0, 0.0, 0.0, 0.0, 0.0, 0.0, 0.0, 0.0, 0.0, 801.8182784537813, 0.0, 0.0, 0.0, 0.0, 0.0, 0.0, 0.0, 0.0, 0.0, 0.0, 0.0, 0.0, 0.0, 0.0, 0.0, 0.0, 0.0, 259.4676215835112, 0.0, 0.0, 127.86207182171393, 0.0, 0.0, 0.0, 0.0, 0.0, 0.0, 766.9028966613095, 0.0, 0.0, 0.0, 0.0, 0.0, 0.0, 788.0676453629844, 0.0, 0.0, 0.0, 0.0, 0.0, 0.0, 0.0, 0.0, 808.7518959262451, 0.0, 0.0, 0.0, 0.0, 0.0, 0.0, 0.0, 0.0, 0.0, 0.0, 0.0, 785.2048017647944, 783.4253218261068, 0.0, 68.40242899473651, 800.6917936942327, 0.0, 0.0, 0.0, 0.0, 798.7180194032237, 0.0, 0.0, 0.0, 752.4772811801018, 68.40242899473651, 0.0, 0.0, 756.9491085337742, 278.151440430506, 798.2154299885785, 0.0, 0.0, 0.0, 795.7950575749368, 0.0, 269.4118149498678, 0.0, 0.0, 0.0, 0.0, 0.0, 0.0, 0.0, 0.0, 0.0, 0.0, 0.0, 0.0, 0.0, 0.0]
INFORMACIÓN : 22apuestaBundle [800.6917936942327, 798.2154299885785, 790.2920462239636, 788.0676453629844, 785.2048017647944]
INFORMACIÓN : 22positionsBundle [1542, 1692, 2046, 899, 798]
INFORMACIÓN : 22levelsBundle [3, 3, 3, 3, 3]
INFORMACIÓN : 22positionsOrdered [899, 798, 1692, 1542, 2046]
INFORMACIÓN : 22levelsOrdered [3, 3, 3, 3, 3]
INFORMACIÓN : 22partialityOrdered [3, 3, 3, 3, 3]
INFORMACIÓN : 22arrivalTimes [16.05608933147696, 18.29215730897675, 90.52043179976344, 93.52043179976344, 104.29076141403245]
INFORMACIÓN : 23historia0[0.0, 0.0, 742.2777448288524, 0.0, 769.0880265315126, 0.0, 0.0, 0.0, 0.0, 0.0, 0.0, 0.0, 0.0, 0.0, 167.0938846233305, 0.0, 0.0, 0.0, 0.0, 0.0, 0.0, 0.0, 0.0, 0.0, 0.0, 0.0, 0.0, 0.0, 0.0, 0.0, 0.0, 0.0, 0.0, 0.0, 0.0, 0.0, 278.0522986896891, 0.0, 0.0, 0.0, 0.0, 0.0, 790.2920462239636, 0.0, 0.0, 0.0, 0.0, 0.0, 0.0, 0.0, 0.0, 0.0, 0.0, 0.0, 0.0, 0.0, 0.0, 0.0, 0.0, 0.0, 0.0, 0.0, 0.0, 267.88883685741484, 0.0, 0.0, 0.0, 0.0, 0.0, 0.0, 0.0, 0.0, 0.0, 801.8182784537813, 0.0, 0.0, 0.0, 0.0, 0.0, 0.0, 0.0, 0.0, 169.95514281176838, 0.0, 0.0, 0.0, 0.0, 0.0, 0.0, 0.0, 0.0, 259.4676215835112, 0.0, 0.0, 127.86207182171393, 0.0, 0.0, 0.0, 0.0, 0.0, 0.0, 766.9028966613095, 0.0, 0.0, 0.0, 0.0, 0.0, 0.0, 788.0676453629844, 0.0, 0.0, 0.0, 0.0, 0.0, 0.0, 0.0, 0.0, 808.7518959262451, 0.0, 0.0, 0.0, 0.0, 0.0, 0.0, 0.0, 0.0, 0.0, 0.0, 0.0, 785.2048017647944, 783.4253218261068, 0.0, 68.40242899473651, 800.6917936942327, 0.0, 0.0, 0.0, 0.0, 798.7180194032237, 0.0, 0.0, 0.0, 752.4772811801018, 68.40242899473651, 282.89737174499686, 0.0, 756.9491085337742, 278.151440430506, 798.2154299885785, 0.0, 0.0, 0.0, 795.7950575749368, 0.0, 269.4118149498678, 0.0, 0.0, 0.0, 0.0, 0.0, 0.0, 0.0, 0.0, 0.0, 0.0, 0.0, 0.0, 0.0, 0.0]
INFORMACIÓN : 23apuestaBundle [800.6917936942327, 798.2154299885785, 790.2920462239636, 788.0676453629844, 785.2048017647944]
INFORMACIÓN : 23positionsBundle [1542, 1692, 2046, 899, 798]
INFORMACIÓN : 23levelsBundle [3, 3, 3, 3, 3]
INFORMACIÓN : 23positionsOrdered [899, 798, 1692, 1542, 2046]
INFORMACIÓN : 23levelsOrdered [3, 3, 3, 3, 3]
INFORMACIÓN : 23partialityOrdered [3, 3, 3, 3, 3]
INFORMACIÓN : 23arrivalTimes [16.05608933147696, 18.29215730897675, 90.52043179976344, 93.52043179976344, 104.29076141403245]
INFORMACIÓN : 24historia0[0.0, 0.0, 742.2777448288524, 0.0, 769.0880265315126, 0.0, 0.0, 0.0, 0.0, 0.0, 0.0, 0.0, 0.0, 0.0, 167.0938846233305, 0.0, 0.0, 0.0, 0.0, 0.0, 0.0, 0.0, 0.0, 0.0, 0.0, 0.0, 0.0, 0.0, 0.0, 0.0, 0.0, 0.0, 0.0, 0.0, 0.0, 0.0, 278.0522986896891, 0.0, 0.0, 0.0, 0.0, 0.0, 790.2920462239636, 0.0, 0.0, 0.0, 0.0, 0.0, 0.0, 0.0, 0.0, 0.0, 0.0, 0.0, 0.0, 0.0, 0.0, 0.0, 0.0, 0.0, 0.0, 0.0, 0.0, 267.88883685741484, 0.0, 0.0, 0.0, 0.0, 0.0, 0.0, 0.0, 0.0, 0.0, 801.8182784537813, 0.0, 0.0, 0.0, 0.0, 0.0, 0.0, 0.0, 0.0, 169.95514281176838, 0.0, 0.0, 0.0, 0.0, 0.0, 0.0, 0.0, 0.0, 259.4676215835112, 0.0, 0.0, 127.86207182171393, 0.0, 0.0, 0.0, 0.0, 0.0, 0.0, 766.9028966613095, 0.0, 0.0, 0.0, 0.0, 0.0, 0.0, 788.0676453629844, 0.0, 0.0, 0.0, 0.0, 0.0, 0.0, 0.0, 0.0, 808.7518959262451, 0.0, 0.0, 0.0, 0.0, 0.0, 0.0, 0.0, 0.0, 0.0, 0.0, 0.0, 785.2048017647944, 783.4253218261068, 0.0, 68.40242899473651, 800.6917936942327, 0.0, 0.0, 0.0, 0.0, 798.7180194032237, 0.0, 0.0, 0.0, 752.4772811801018, 68.40242899473651, 282.89737174499686, 0.0, 756.9491085337742, 278.151440430506, 798.2154299885785, 0.0, 0.0, 0.0, 795.7950575749368, 0.0, 269.4118149498678, 0.0, 0.0, 0.0, 0.0, 0.0, 0.0, 0.0, 0.0, 0.0, 0.0, 0.0, 0.0, 0.0, 0.0]
INFORMACIÓN : 24apuestaBundle [800.6917936942327, 798.2154299885785, 790.2920462239636, 788.0676453629844, 785.2048017647944]
INFORMACIÓN : 24positionsBundle [1542, 1692, 2046, 899, 798]
INFORMACIÓN : 24levelsBundle [3, 3, 3, 3, 3]
INFORMACIÓN : 24positionsOrdered [899, 798, 1692, 1542, 2046]
INFORMACIÓN : 24levelsOrdered [3, 3, 3, 3, 3]
INFORMACIÓN : 24partialityOrdered [3, 3, 3, 3, 3]
INFORMACIÓN : 24arrivalTimes [16.05608933147696, 18.29215730897675, 90.52043179976344, 93.52043179976344, 104.29076141403245]
INFORMACIÓN : depSat position 1542 level 3
INFORMACIÓN : depSat position 1692 level 3
INFORMACIÓN : depSat position 2046 level 3
INFORMACIÓN : depSat position 899 level 3
INFORMACIÓN : depSat position 798 level 3
INFORMACIÓN : 25historia0[0.0, 0.0, 742.2777448288524, 0.0, 769.0880265315126, 0.0, 0.0, 0.0, 0.0, 0.0, 0.0, 0.0, 0.0, 0.0, 0.0, 0.0, 0.0, 0.0, 0.0, 0.0, 0.0, 0.0, 0.0, 0.0, 0.0, 0.0, 0.0, 0.0, 0.0, 0.0, 0.0, 0.0, 0.0, 0.0, 0.0, 0.0, 0.0, 0.0, 0.0, 0.0, 0.0, 0.0, 0.0, 0.0, 0.0, 0.0, 0.0, 0.0, 0.0, 0.0, 0.0, 0.0, 0.0, 0.0, 0.0, 0.0, 0.0, 0.0, 0.0, 0.0, 0.0, 0.0, 0.0, 267.88883685741484, 0.0, 748.3779263872981, 0.0, 0.0, 0.0, 0.0, 0.0, 0.0, 749.9479011572861, 801.8182784537813, 0.0, 0.0, 0.0, 0.0, 0.0, 0.0, 0.0, 0.0, 0.0, 0.0, 0.0, 0.0, 0.0, 0.0, 0.0, 0.0, 0.0, 0.0, 0.0, 0.0, 127.86207182171393, 0.0, 0.0, 0.0, 0.0, 0.0, 0.0, 766.9028966613095, 0.0, 0.0, 0.0, 0.0, 0.0, 0.0, 0.0, 0.0, 0.0, 0.0, 0.0, 0.0, 0.0, 0.0, 0.0, 808.7518959262451, 0.0, 0.0, 0.0, 0.0, 0.0, 0.0, 0.0, 0.0, 0.0, 0.0, 0.0, 0.0, 783.4253218261068, 0.0, 68.40242899473651, 0.0, 0.0, 0.0, 0.0, 0.0, 798.7180194032237, 0.0, 0.0, 0.0, 752.4772811801018, 68.40242899473651, 0.0, 0.0, 756.9491085337742, 0.0, 0.0, 0.0, 0.0, 0.0, 0.0, 0.0, 269.4118149498678, 0.0, 0.0, 0.0, 0.0, 0.0, 0.0, 0.0, 0.0, 0.0, 0.0, 0.0, 0.0, 0.0, 0.0]
INFORMACIÓN : 25apuestaBundle [800.6917936942327, 798.2154299885785, 790.2920462239636, 788.0676453629844, 785.2048017647944]
INFORMACIÓN : 25positionsBundle [1542, 1692, 2046, 899, 798]
INFORMACIÓN : 25levelsBundle [3, 3, 3, 3, 3]
INFORMACIÓN : 25positionsOrdered [899, 798, 1692, 1542, 2046]
INFORMACIÓN : 25levelsOrdered [3, 3, 3, 3, 3]
INFORMACIÓN : 25partialityOrdered [3, 3, 3, 3, 3]
INFORMACIÓN : 25arrivalTimes [16.05608933147696, 18.29215730897675, 90.52043179976344, 93.52043179976344, 104.29076141403245]
INFORMACIÓN : 26historia0[755.8617844010641, 751.3801398898687, 742.2777448288524, 0.0, 769.0880265315126, 0.0, 0.0, 0.0, 0.0, 0.0, 0.0, 0.0, 0.0, 0.0, 0.0, 0.0, 0.0, 0.0, 0.0, 0.0, 0.0, 0.0, 0.0, 0.0, 0.0, 0.0, 0.0, 0.0, 0.0, 0.0, 0.0, 0.0, 0.0, 0.0, 0.0, 0.0, 278.0522986896891, 0.0, 0.0, 0.0, 0.0, 806.4356421181228, 790.2920462239636, 0.0, 0.0, 0.0, 0.0, 754.6029967837652, 0.0, 0.0, 0.0, 0.0, 0.0, 0.0, 0.0, 0.0, 0.0, 0.0, 0.0, 0.0, 0.0, 0.0, 0.0, 267.88883685741484, 0.0, 748.3779263872981, 0.0, 0.0, 0.0, 0.0, 0.0, 0.0, 749.9479011572861, 801.8182784537813, 0.0, 0.0, 0.0, 0.0, 0.0, 0.0, 0.0, 0.0, 0.0, 262.70975883646076, 0.0, 0.0, 0.0, 0.0, 0.0, 0.0, 0.0, 0.0, 0.0, 0.0, 0.0, 0.0, 0.0, 0.0, 0.0, 0.0, 0.0, 766.9028966613095, 0.0, 0.0, 0.0, 0.0, 0.0, 0.0, 788.0676453629844, 0.0, 0.0, 0.0, 0.0, 0.0, 0.0, 0.0, 0.0, 808.7518959262451, 0.0, 0.0, 0.0, 0.0, 0.0, 0.0, 0.0, 0.0, 0.0, 0.0, 0.0, 785.2048017647944, 783.4253218261068, 0.0, 0.0, 800.6917936942327, 0.0, 0.0, 0.0, 0.0, 798.7180194032237, 0.0, 0.0, 0.0, 752.4772811801018, 0.0, 282.89737174499686, 0.0, 756.9491085337742, 0.0, 798.2154299885785, 0.0, 0.0, 0.0, 795.7950575749368, 0.0, 0.0, 0.0, 0.0, 0.0, 0.0, 0.0, 0.0, 0.0, 0.0, 0.0, 0.0, 0.0, 0.0, 0.0, 0.0]
INFORMACIÓN : 26apuestaBundle [800.6917936942327, 798.2154299885785, 790.2920462239636, 788.0676453629844, 785.2048017647944]
INFORMACIÓN : 26positionsBundle [1542, 1692, 2046, 899, 798]
INFORMACIÓN : 26levelsBundle [3, 3, 3, 3, 3]
INFORMACIÓN : 26positionsOrdered [899, 798, 1692, 1542, 2046]
INFORMACIÓN : 26levelsOrdered [3, 3, 3, 3, 3]
INFORMACIÓN : 26partialityOrdered [3, 3, 3, 3, 3]
INFORMACIÓN : 26arrivalTimes [16.05608933147696, 18.29215730897675, 90.52043179976344, 93.52043179976344, 104.29076141403245]
INFORMACIÓN : 27historia0[755.8617844010641, 751.3801398898687, 0.0, 0.0, 769.0880265315126, 0.0, 0.0, 0.0, 0.0, 0.0, 0.0, 0.0, 0.0, 0.0, 0.0, 0.0, 0.0, 0.0, 0.0, 0.0, 0.0, 0.0, 0.0, 0.0, 0.0, 0.0, 0.0, 0.0, 0.0, 0.0, 262.1597083434946, 0.0, 0.0, 0.0, 0.0, 0.0, 0.0, 0.0, 0.0, 0.0, 0.0, 806.4356421181228, 790.2920462239636, 0.0, 0.0, 0.0, 0.0, 754.6029967837652, 0.0, 0.0, 0.0, 0.0, 0.0, 0.0, 0.0, 0.0, 0.0, 0.0, 0.0, 0.0, 0.0, 66.54571885338555, 0.0, 0.0, 0.0, 0.0, 0.0, 0.0, 0.0, 0.0, 0.0, 0.0, 0.0, 801.8182784537813, 0.0, 0.0, 0.0, 0.0, 0.0, 0.0, 0.0, 0.0, 0.0, 262.70975883646076, 0.0, 0.0, 0.0, 0.0, 0.0, 0.0, 0.0, 259.4676215835112, 0.0, 0.0, 0.0, 0.0, 0.0, 0.0, 0.0, 0.0, 0.0, 766.9028966613095, 0.0, 0.0, 0.0, 0.0, 0.0, 0.0, 788.0676453629844, 0.0, 0.0, 0.0, 0.0, 0.0, 0.0, 0.0, 0.0, 808.7518959262451, 0.0, 0.0, 0.0, 0.0, 0.0, 0.0, 0.0, 0.0, 0.0, 0.0, 0.0, 785.2048017647944, 783.4253218261068, 0.0, 0.0, 800.6917936942327, 0.0, 0.0, 0.0, 0.0, 798.7180194032237, 0.0, 0.0, 0.0, 752.4772811801018, 68.40242899473651, 0.0, 0.0, 756.9491085337742, 278.151440430506, 798.2154299885785, 0.0, 0.0, 0.0, 795.7950575749368, 0.0, 0.0, 0.0, 0.0, 0.0, 0.0, 0.0, 0.0, 0.0, 0.0, 0.0, 0.0, 0.0, 0.0, 0.0, 0.0]
INFORMACIÓN : 27apuestaBundle [800.6917936942327, 798.2154299885785, 790.2920462239636, 788.0676453629844, 785.2048017647944]
INFORMACIÓN : 27positionsBundle [1542, 1692, 2046, 899, 798]
INFORMACIÓN : 27levelsBundle [3, 3, 3, 3, 3]
INFORMACIÓN : 27positionsOrdered [899, 798, 1692, 1542, 2046]
INFORMACIÓN : 27levelsOrdered [3, 3, 3, 3, 3]
INFORMACIÓN : 27partialityOrdered [3, 3, 3, 3, 3]
INFORMACIÓN : 27arrivalTimes [16.05608933147696, 18.29215730897675, 90.52043179976344, 93.52043179976344, 104.29076141403245]
INFORMACIÓN : 28historia0[755.8617844010641, 751.3801398898687, 0.0, 0.0, 769.0880265315126, 0.0, 0.0, 0.0, 0.0, 0.0, 0.0, 0.0, 0.0, 0.0, 0.0, 0.0, 0.0, 0.0, 0.0, 0.0, 0.0, 0.0, 0.0, 0.0, 0.0, 336.3324985202413, 0.0, 0.0, 0.0, 0.0, 0.0, 0.0, 0.0, 0.0, 0.0, 0.0, 0.0, 0.0, 0.0, 0.0, 0.0, 806.4356421181228, 790.2920462239636, 0.0, 0.0, 0.0, 0.0, 754.6029967837652, 0.0, 0.0, 0.0, 0.0, 0.0, 0.0, 0.0, 0.0, 0.0, 0.0, 0.0, 0.0, 0.0, 0.0, 0.0, 0.0, 0.0, 0.0, 336.3324985202413, 0.0, 0.0, 0.0, 0.0, 0.0, 0.0, 801.8182784537813, 0.0, 0.0, 0.0, 0.0, 0.0, 0.0, 0.0, 0.0, 0.0, 262.70975883646076, 0.0, 0.0, 0.0, 0.0, 0.0, 0.0, 0.0, 259.4676215835112, 0.0, 0.0, 0.0, 0.0, 0.0, 230.10365988083117, 0.0, 0.0, 0.0, 766.9028966613095, 0.0, 0.0, 345.37242064965506, 0.0, 0.0, 0.0, 788.0676453629844, 0.0, 0.0, 0.0, 0.0, 0.0, 0.0, 0.0, 0.0, 808.7518959262451, 0.0, 0.0, 0.0, 0.0, 0.0, 0.0, 0.0, 0.0, 0.0, 0.0, 0.0, 785.2048017647944, 783.4253218261068, 0.0, 0.0, 800.6917936942327, 0.0, 0.0, 0.0, 0.0, 798.7180194032237, 0.0, 0.0, 0.0, 752.4772811801018, 0.0, 0.0, 0.0, 756.9491085337742, 278.151440430506, 798.2154299885785, 0.0, 0.0, 0.0, 795.7950575749368, 0.0, 0.0, 0.0, 0.0, 0.0, 0.0, 0.0, 0.0, 0.0, 0.0, 0.0, 0.0, 0.0, 0.0, 0.0, 0.0]
INFORMACIÓN : 28apuestaBundle [800.6917936942327, 798.2154299885785, 790.2920462239636, 788.0676453629844, 785.2048017647944]
INFORMACIÓN : 28positionsBundle [1542, 1692, 2046, 899, 798]
INFORMACIÓN : 28levelsBundle [3, 3, 3, 3, 3]
INFORMACIÓN : 28positionsOrdered [899, 798, 1692, 1542, 2046]
INFORMACIÓN : 28levelsOrdered [3, 3, 3, 3, 3]
INFORMACIÓN : 28partialityOrdered [3, 3, 3, 3, 3]
INFORMACIÓN : 28arrivalTimes [16.05608933147696, 18.29215730897675, 90.52043179976344, 93.52043179976344, 104.29076141403245]
INFORMACIÓN : 29historia0[755.8617844010641, 751.3801398898687, 0.0, 0.0, 769.0880265315126, 0.0, 0.0, 0.0, 0.0, 0.0, 0.0, 0.0, 0.0, 0.0, 0.0, 0.0, 0.0, 349.4512291057257, 0.0, 0.0, 0.0, 0.0, 0.0, 0.0, 0.0, 0.0, 0.0, 0.0, 0.0, 0.0, 0.0, 0.0, 0.0, 0.0, 0.0, 0.0, 0.0, 0.0, 0.0, 0.0, 0.0, 806.4356421181228, 790.2920462239636, 0.0, 0.0, 0.0, 0.0, 754.6029967837652, 0.0, 0.0, 0.0, 0.0, 0.0, 0.0, 0.0, 0.0, 0.0, 0.0, 0.0, 0.0, 0.0, 0.0, 0.0, 267.88883685741484, 0.0, 0.0, 0.0, 0.0, 0.0, 0.0, 0.0, 0.0, 0.0, 801.8182784537813, 0.0, 0.0, 0.0, 0.0, 0.0, 0.0, 0.0, 0.0, 0.0, 262.70975883646076, 0.0, 0.0, 0.0, 0.0, 0.0, 0.0, 0.0, 259.4676215835112, 0.0, 0.0, 0.0, 0.0, 0.0, 230.10365988083117, 0.0, 0.0, 0.0, 766.9028966613095, 169.90542388341441, 0.0, 0.0, 0.0, 0.0, 0.0, 788.0676453629844, 0.0, 0.0, 0.0, 0.0, 0.0, 0.0, 0.0, 0.0, 808.7518959262451, 0.0, 0.0, 0.0, 0.0, 0.0, 0.0, 0.0, 0.0, 0.0, 0.0, 0.0, 785.2048017647944, 783.4253218261068, 0.0, 0.0, 800.6917936942327, 0.0, 0.0, 0.0, 0.0, 798.7180194032237, 0.0, 0.0, 0.0, 752.4772811801018, 0.0, 0.0, 0.0, 756.9491085337742, 278.151440430506, 798.2154299885785, 0.0, 0.0, 0.0, 795.7950575749368, 0.0, 269.4118149498678, 0.0, 0.0, 0.0, 0.0, 0.0, 0.0, 0.0, 0.0, 0.0, 0.0, 0.0, 0.0, 0.0, 0.0]
INFORMACIÓN : 29apuestaBundle [800.6917936942327, 798.2154299885785, 790.2920462239636, 788.0676453629844, 785.2048017647944]
INFORMACIÓN : 29positionsBundle [1542, 1692, 2046, 899, 798]
INFORMACIÓN : 29levelsBundle [3, 3, 3, 3, 3]
INFORMACIÓN : 29positionsOrdered [899, 798, 1692, 1542, 2046]
INFORMACIÓN : 29levelsOrdered [3, 3, 3, 3, 3]
INFORMACIÓN : 29partialityOrdered [3, 3, 3, 3, 3]
INFORMACIÓN : 29arrivalTimes [16.05608933147696, 18.29215730897675, 90.52043179976344, 93.52043179976344, 104.29076141403245]
INFORMACIÓN : 30historia0[755.8617844010641, 751.3801398898687, 0.0, 0.0, 769.0880265315126, 0.0, 0.0, 0.0, 0.0, 0.0, 0.0, 0.0, 0.0, 0.0, 0.0, 0.0, 0.0, 349.4512291057257, 0.0, 0.0, 0.0, 0.0, 0.0, 0.0, 0.0, 0.0, 0.0, 0.0, 0.0, 0.0, 0.0, 0.0, 0.0, 0.0, 0.0, 0.0, 278.0522986896891, 0.0, 0.0, 0.0, 0.0, 806.4356421181228, 790.2920462239636, 0.0, 0.0, 0.0, 0.0, 754.6029967837652, 0.0, 0.0, 0.0, 0.0, 0.0, 0.0, 0.0, 0.0, 0.0, 0.0, 0.0, 0.0, 0.0, 0.0, 0.0, 267.88883685741484, 0.0, 0.0, 0.0, 0.0, 0.0, 0.0, 0.0, 0.0, 790.7483086044344, 801.8182784537813, 0.0, 0.0, 0.0, 0.0, 0.0, 0.0, 0.0, 0.0, 0.0, 262.70975883646076, 0.0, 0.0, 0.0, 0.0, 0.0, 0.0, 0.0, 259.4676215835112, 0.0, 0.0, 0.0, 0.0, 0.0, 230.10365988083117, 0.0, 0.0, 0.0, 766.9028966613095, 169.90542388341441, 0.0, 0.0, 0.0, 0.0, 0.0, 788.0676453629844, 0.0, 0.0, 0.0, 0.0, 0.0, 0.0, 0.0, 0.0, 808.7518959262451, 0.0, 0.0, 0.0, 0.0, 0.0, 0.0, 0.0, 0.0, 0.0, 0.0, 0.0, 785.2048017647944, 783.4253218261068, 0.0, 0.0, 800.6917936942327, 0.0, 0.0, 0.0, 0.0, 798.7180194032237, 0.0, 0.0, 0.0, 752.4772811801018, 0.0, 282.89737174499686, 0.0, 756.9491085337742, 278.151440430506, 798.2154299885785, 0.0, 0.0, 0.0, 795.7950575749368, 0.0, 269.4118149498678, 0.0, 0.0, 0.0, 0.0, 0.0, 0.0, 0.0, 0.0, 0.0, 0.0, 0.0, 0.0, 0.0, 0.0]
INFORMACIÓN : 30apuestaBundle [800.6917936942327, 798.2154299885785, 790.2920462239636, 788.0676453629844, 785.2048017647944]
INFORMACIÓN : 30positionsBundle [1542, 1692, 2046, 899, 798]
INFORMACIÓN : 30levelsBundle [3, 3, 3, 3, 3]
INFORMACIÓN : 30positionsOrdered [899, 798, 1692, 1542, 2046]
INFORMACIÓN : 30levelsOrdered [3, 3, 3, 3, 3]
INFORMACIÓN : 30partialityOrdered [3, 3, 3, 3, 3]
INFORMACIÓN : 30arrivalTimes [16.05608933147696, 18.29215730897675, 90.52043179976344, 93.52043179976344, 104.29076141403245]
INFORMACIÓN : depSat position 899 level 3
INFORMACIÓN : depSat position 798 level 3
INFORMACIÓN : 31historia0[755.8617844010641, 751.3801398898687, 0.0, 0.0, 769.0880265315126, 0.0, 0.0, 0.0, 0.0, 0.0, 0.0, 0.0, 0.0, 0.0, 0.0, 0.0, 0.0, 349.4512291057257, 0.0, 0.0, 0.0, 0.0, 0.0, 0.0, 0.0, 0.0, 0.0, 0.0, 0.0, 0.0, 0.0, 0.0, 0.0, 0.0, 0.0, 0.0, 278.0522986896891, 0.0, 0.0, 0.0, 0.0, 806.4356421181228, 790.2920462239636, 0.0, 0.0, 0.0, 0.0, 754.6029967837652, 0.0, 0.0, 0.0, 0.0, 0.0, 0.0, 0.0, 0.0, 0.0, 0.0, 0.0, 0.0, 0.0, 0.0, 0.0, 267.88883685741484, 0.0, 0.0, 0.0, 0.0, 0.0, 0.0, 0.0, 0.0, 790.7483086044344, 801.8182784537813, 0.0, 0.0, 0.0, 0.0, 0.0, 0.0, 0.0, 0.0, 0.0, 0.0, 0.0, 0.0, 0.0, 0.0, 0.0, 0.0, 0.0, 0.0, 0.0, 0.0, 0.0, 0.0, 0.0, 230.10365988083117, 0.0, 0.0, 0.0, 766.9028966613095, 169.90542388341441, 0.0, 0.0, 0.0, 0.0, 0.0, 0.0, 0.0, 322.4001598503944, 0.0, 0.0, 0.0, 0.0, 0.0, 0.0, 808.7518959262451, 0.0, 0.0, 0.0, 0.0, 0.0, 0.0, 0.0, 0.0, 0.0, 0.0, 0.0, 0.0, 783.4253218261068, 0.0, 0.0, 800.6917936942327, 0.0, 0.0, 0.0, 0.0, 798.7180194032237, 0.0, 0.0, 0.0, 752.4772811801018, 0.0, 282.89737174499686, 0.0, 756.9491085337742, 278.151440430506, 798.2154299885785, 0.0, 0.0, 0.0, 795.7950575749368, 0.0, 269.4118149498678, 0.0, 0.0, 0.0, 0.0, 0.0, 0.0, 0.0, 0.0, 0.0, 0.0, 0.0, 0.0, 0.0, 0.0]
INFORMACIÓN : 31apuestaBundle [800.6917936942327, 798.2154299885785, 790.2920462239636, 766.1392457145048, 380.86904942558067, 380.86904942558067]
INFORMACIÓN : 31positionsBundle [1542, 1692, 2046, 192, 899, 899]
INFORMACIÓN : 31levelsBundle [3, 3, 3, 3, 2, 2]
INFORMACIÓN : 31positionsOrdered [1692, 1542, 2046, 192, 899, 899]
INFORMACIÓN : 31levelsOrdered [3, 3, 3, 3, 2, 2]
INFORMACIÓN : 31partialityOrdered [3, 3, 3, 3, 3, 3]
INFORMACIÓN : 31arrivalTimes [90.52043179976344, 93.52043179976344, 104.29076141403245, 141.50634954588924, 157.15882538838775, 157.15882538838775]
INFORMACIÓN : depSat position 1542 level 3
INFORMACIÓN : 32historia0[755.8617844010641, 0.0, 0.0, 0.0, 769.0880265315126, 0.0, 0.0, 0.0, 0.0, 0.0, 0.0, 0.0, 0.0, 0.0, 0.0, 0.0, 141.12598603092238, 0.0, 0.0, 0.0, 0.0, 0.0, 0.0, 0.0, 0.0, 0.0, 0.0, 0.0, 0.0, 0.0, 0.0, 0.0, 0.0, 0.0, 0.0, 0.0, 278.0522986896891, 0.0, 0.0, 0.0, 0.0, 806.4356421181228, 0.0, 0.0, 0.0, 0.0, 0.0, 0.0, 0.0, 0.0, 0.0, 0.0, 0.0, 0.0, 0.0, 0.0, 0.0, 0.0, 0.0, 0.0, 0.0, 0.0, 0.0, 267.88883685741484, 0.0, 0.0, 0.0, 0.0, 0.0, 0.0, 0.0, 0.0, 790.7483086044344, 801.8182784537813, 0.0, 0.0, 0.0, 0.0, 0.0, 0.0, 0.0, 0.0, 0.0, 0.0, 0.0, 0.0, 0.0, 0.0, 0.0, 0.0, 0.0, 0.0, 0.0, 0.0, 0.0, 0.0, 0.0, 230.10365988083117, 0.0, 0.0, 0.0, 766.9028966613095, 0.0, 0.0, 0.0, 0.0, 0.0, 0.0, 0.0, 0.0, 322.4001598503944, 0.0, 0.0, 0.0, 0.0, 0.0, 0.0, 808.7518959262451, 0.0, 0.0, 0.0, 0.0, 0.0, 0.0, 0.0, 0.0, 0.0, 0.0, 0.0, 0.0, 783.4253218261068, 0.0, 0.0, 0.0, 0.0, 0.0, 0.0, 0.0, 798.7180194032237, 0.0, 0.0, 0.0, 752.4772811801018, 0.0, 282.89737174499686, 0.0, 756.9491085337742, 278.151440430506, 0.0, 0.0, 0.0, 0.0, 795.7950575749368, 0.0, 0.0, 0.0, 0.0, 0.0, 0.0, 0.0, 0.0, 0.0, 0.0, 0.0, 0.0, 0.0, 0.0, 0.0, 0.0]
INFORMACIÓN : 32apuestaBundle [804.2267973857469, 798.2966633022496, 790.9420953413801, 790.1530822201258, 775.1874211662356]
INFORMACIÓN : 32positionsBundle [1542, 1692, 899, 798, 192]
INFORMACIÓN : 32levelsBundle [3, 3, 3, 3, 3]
INFORMACIÓN : 32positionsOrdered [1542, 1692, 899, 798, 192]
INFORMACIÓN : 32levelsOrdered [3, 3, 3, 3, 3]
INFORMACIÓN : 32partialityOrdered [3, 3, 3, 3, 3]
INFORMACIÓN : 32arrivalTimes [6.666766566675576, 88.52043179976344, 105.98468099633642, 108.22074897383621, 121.63715683883495]
INFORMACIÓN : 33historia0[755.8617844010641, 0.0, 775.1874211662356, 0.0, 769.0880265315126, 0.0, 0.0, 0.0, 0.0, 0.0, 0.0, 0.0, 0.0, 0.0, 0.0, 0.0, 141.12598603092238, 0.0, 0.0, 0.0, 0.0, 0.0, 0.0, 0.0, 0.0, 0.0, 0.0, 0.0, 0.0, 0.0, 0.0, 0.0, 0.0, 0.0, 0.0, 0.0, 278.0522986896891, 0.0, 0.0, 0.0, 0.0, 806.4356421181228, 0.0, 0.0, 0.0, 0.0, 0.0, 0.0, 0.0, 0.0, 0.0, 0.0, 0.0, 0.0, 0.0, 0.0, 0.0, 0.0, 0.0, 0.0, 0.0, 0.0, 0.0, 267.88883685741484, 0.0, 0.0, 0.0, 0.0, 0.0, 0.0, 0.0, 0.0, 790.7483086044344, 801.8182784537813, 343.9353590628862, 0.0, 0.0, 0.0, 0.0, 0.0, 0.0, 0.0, 0.0, 0.0, 0.0, 0.0, 0.0, 0.0, 0.0, 0.0, 0.0, 0.0, 0.0, 0.0, 0.0, 0.0, 0.0, 230.10365988083117, 0.0, 0.0, 0.0, 766.9028966613095, 0.0, 0.0, 0.0, 343.9353590628862, 0.0, 0.0, 790.9420953413801, 0.0, 0.0, 0.0, 0.0, 0.0, 0.0, 327.17941743232853, 0.0, 808.7518959262451, 0.0, 0.0, 0.0, 0.0, 0.0, 0.0, 0.0, 0.0, 0.0, 0.0, 0.0, 790.1530822201258, 783.4253218261068, 0.0, 0.0, 804.2267973857469, 0.0, 0.0, 0.0, 0.0, 798.7180194032237, 0.0, 0.0, 0.0, 752.4772811801018, 0.0, 282.89737174499686, 0.0, 756.9491085337742, 0.0, 798.2966633022496, 0.0, 0.0, 0.0, 795.7950575749368, 0.0, 0.0, 0.0, 0.0, 0.0, 0.0, 0.0, 0.0, 0.0, 0.0, 0.0, 0.0, 0.0, 0.0, 0.0, 0.0]
INFORMACIÓN : 33apuestaBundle [804.2267973857469, 798.2966633022496, 790.9420953413801, 790.1530822201258, 775.1874211662356]
INFORMACIÓN : 33positionsBundle [1542, 1692, 899, 798, 192]
INFORMACIÓN : 33levelsBundle [3, 3, 3, 3, 3]
INFORMACIÓN : 33positionsOrdered [1542, 1692, 899, 798, 192]
INFORMACIÓN : 33levelsOrdered [3, 3, 3, 3, 3]
INFORMACIÓN : 33partialityOrdered [3, 3, 3, 3, 3]
INFORMACIÓN : 33arrivalTimes [6.666766566675576, 88.52043179976344, 105.98468099633642, 108.22074897383621, 121.63715683883495]
INFORMACIÓN : 34historia0[755.8617844010641, 0.0, 775.1874211662356, 0.0, 769.0880265315126, 0.0, 0.0, 0.0, 0.0, 0.0, 0.0, 0.0, 0.0, 0.0, 0.0, 0.0, 179.17738681246124, 0.0, 0.0, 0.0, 0.0, 0.0, 0.0, 0.0, 0.0, 0.0, 0.0, 0.0, 0.0, 0.0, 262.1597083434946, 0.0, 0.0, 0.0, 185.42678683281736, 0.0, 278.0522986896891, 0.0, 0.0, 0.0, 0.0, 806.4356421181228, 0.0, 0.0, 0.0, 0.0, 0.0, 0.0, 0.0, 0.0, 0.0, 0.0, 0.0, 0.0, 0.0, 0.0, 0.0, 0.0, 0.0, 0.0, 0.0, 0.0, 175.04694834167412, 0.0, 0.0, 0.0, 0.0, 0.0, 0.0, 0.0, 0.0, 0.0, 790.7483086044344, 801.8182784537813, 0.0, 0.0, 0.0, 0.0, 0.0, 0.0, 0.0, 0.0, 0.0, 259.7186468726562, 0.0, 0.0, 0.0, 0.0, 0.0, 0.0, 0.0, 0.0, 0.0, 0.0, 0.0, 0.0, 0.0, 0.0, 0.0, 0.0, 0.0, 766.9028966613095, 172.23781233310697, 0.0, 0.0, 0.0, 0.0, 755.1684615227558, 790.9420953413801, 0.0, 0.0, 0.0, 0.0, 0.0, 0.0, 0.0, 0.0, 808.7518959262451, 0.0, 0.0, 0.0, 0.0, 0.0, 0.0, 0.0, 0.0, 0.0, 0.0, 0.0, 790.1530822201258, 783.4253218261068, 0.0, 0.0, 804.2267973857469, 0.0, 0.0, 0.0, 0.0, 798.7180194032237, 0.0, 0.0, 0.0, 752.4772811801018, 0.0, 282.89737174499686, 0.0, 756.9491085337742, 0.0, 798.2966633022496, 0.0, 0.0, 0.0, 795.7950575749368, 0.0, 240.47075572616697, 0.0, 0.0, 0.0, 0.0, 0.0, 0.0, 0.0, 0.0, 0.0, 0.0, 0.0, 0.0, 0.0, 0.0]
INFORMACIÓN : 34apuestaBundle [804.2267973857469, 798.2966633022496, 790.9420953413801, 790.1530822201258, 775.1874211662356]
INFORMACIÓN : 34positionsBundle [1542, 1692, 899, 798, 192]
INFORMACIÓN : 34levelsBundle [3, 3, 3, 3, 3]
INFORMACIÓN : 34positionsOrdered [1542, 1692, 899, 798, 192]
INFORMACIÓN : 34levelsOrdered [3, 3, 3, 3, 3]
INFORMACIÓN : 34partialityOrdered [3, 3, 3, 3, 3]
INFORMACIÓN : 34arrivalTimes [6.666766566675576, 88.52043179976344, 105.98468099633642, 108.22074897383621, 121.63715683883495]
INFORMACIÓN : 35historia0[755.8617844010641, 0.0, 775.1874211662356, 0.0, 769.0880265315126, 0.0, 0.0, 0.0, 64.73449118774988, 0.0, 0.0, 0.0, 0.0, 0.0, 0.0, 0.0, 179.17738681246124, 0.0, 0.0, 0.0, 0.0, 0.0, 0.0, 0.0, 0.0, 0.0, 0.0, 0.0, 0.0, 0.0, 262.1597083434946, 0.0, 0.0, 0.0, 185.42678683281736, 0.0, 0.0, 0.0, 0.0, 0.0, 0.0, 806.4356421181228, 0.0, 0.0, 0.0, 0.0, 0.0, 0.0, 0.0, 0.0, 0.0, 0.0, 0.0, 0.0, 0.0, 0.0, 0.0, 0.0, 0.0, 0.0, 0.0, 0.0, 175.04694834167412, 0.0, 0.0, 0.0, 0.0, 0.0, 0.0, 0.0, 0.0, 0.0, 790.7483086044344, 801.8182784537813, 0.0, 0.0, 0.0, 0.0, 0.0, 0.0, 0.0, 0.0, 0.0, 259.7186468726562, 0.0, 0.0, 0.0, 0.0, 0.0, 0.0, 0.0, 0.0, 0.0, 0.0, 0.0, 0.0, 0.0, 0.0, 0.0, 130.07483642403417, 0.0, 766.9028966613095, 172.23781233310697, 0.0, 0.0, 0.0, 0.0, 755.1684615227558, 790.9420953413801, 0.0, 0.0, 0.0, 0.0, 0.0, 0.0, 0.0, 0.0, 808.7518959262451, 0.0, 0.0, 0.0, 0.0, 0.0, 0.0, 0.0, 0.0, 0.0, 0.0, 0.0, 790.1530822201258, 783.4253218261068, 0.0, 0.0, 804.2267973857469, 0.0, 0.0, 0.0, 0.0, 798.7180194032237, 0.0, 0.0, 0.0, 752.4772811801018, 0.0, 0.0, 0.0, 756.9491085337742, 0.0, 798.2966633022496, 0.0, 0.0, 0.0, 795.7950575749368, 0.0, 240.47075572616697, 0.0, 0.0, 0.0, 0.0, 0.0, 0.0, 0.0, 0.0, 0.0, 0.0, 0.0, 0.0, 0.0, 0.0]
INFORMACIÓN : 35apuestaBundle [804.2267973857469, 798.2966633022496, 790.9420953413801, 790.1530822201258, 775.1874211662356]
INFORMACIÓN : 35positionsBundle [1542, 1692, 899, 798, 192]
INFORMACIÓN : 35levelsBundle [3, 3, 3, 3, 3]
INFORMACIÓN : 35positionsOrdered [1542, 1692, 899, 798, 192]
INFORMACIÓN : 35levelsOrdered [3, 3, 3, 3, 3]
INFORMACIÓN : 35partialityOrdered [3, 3, 3, 3, 3]
INFORMACIÓN : 35arrivalTimes [6.666766566675576, 88.52043179976344, 105.98468099633642, 108.22074897383621, 121.63715683883495]
INFORMACIÓN : 36historia0[755.8617844010641, 0.0, 775.1874211662356, 0.0, 769.0880265315126, 0.0, 0.0, 0.0, 64.73449118774988, 0.0, 0.0, 0.0, 0.0, 0.0, 0.0, 0.0, 179.17738681246124, 0.0, 0.0, 0.0, 0.0, 0.0, 0.0, 0.0, 0.0, 0.0, 0.0, 0.0, 0.0, 0.0, 262.1597083434946, 0.0, 0.0, 0.0, 185.42678683281736, 0.0, 0.0, 0.0, 0.0, 0.0, 0.0, 806.4356421181228, 0.0, 0.0, 0.0, 0.0, 0.0, 0.0, 0.0, 0.0, 0.0, 0.0, 0.0, 0.0, 0.0, 0.0, 0.0, 0.0, 0.0, 0.0, 0.0, 0.0, 175.04694834167412, 0.0, 0.0, 0.0, 0.0, 0.0, 0.0, 0.0, 0.0, 0.0, 790.7483086044344, 801.8182784537813, 0.0, 0.0, 0.0, 0.0, 0.0, 0.0, 0.0, 0.0, 0.0, 259.7186468726562, 0.0, 0.0, 0.0, 0.0, 0.0, 0.0, 0.0, 0.0, 0.0, 0.0, 0.0, 0.0, 0.0, 0.0, 0.0, 130.07483642403417, 0.0, 766.9028966613095, 172.23781233310697, 0.0, 0.0, 0.0, 0.0, 755.1684615227558, 790.9420953413801, 0.0, 0.0, 0.0, 0.0, 0.0, 0.0, 0.0, 0.0, 808.7518959262451, 0.0, 0.0, 0.0, 0.0, 0.0, 0.0, 79.12311971753435, 0.0, 0.0, 0.0, 0.0, 790.1530822201258, 783.4253218261068, 0.0, 0.0, 804.2267973857469, 0.0, 0.0, 0.0, 0.0, 798.7180194032237, 0.0, 0.0, 0.0, 752.4772811801018, 0.0, 0.0, 86.78190643429745, 756.9491085337742, 247.42360425534548, 798.2966633022496, 0.0, 0.0, 0.0, 795.7950575749368, 0.0, 240.47075572616697, 0.0, 0.0, 0.0, 0.0, 0.0, 0.0, 0.0, 0.0, 0.0, 0.0, 0.0, 0.0, 0.0, 0.0]
INFORMACIÓN : 36apuestaBundle [804.2267973857469, 798.2966633022496, 790.9420953413801, 790.1530822201258, 775.1874211662356]
INFORMACIÓN : 36positionsBundle [1542, 1692, 899, 798, 192]
INFORMACIÓN : 36levelsBundle [3, 3, 3, 3, 3]
INFORMACIÓN : 36positionsOrdered [1542, 1692, 899, 798, 192]
INFORMACIÓN : 36levelsOrdered [3, 3, 3, 3, 3]
INFORMACIÓN : 36partialityOrdered [3, 3, 3, 3, 3]
INFORMACIÓN : 36arrivalTimes [6.666766566675576, 88.52043179976344, 105.98468099633642, 108.22074897383621, 121.63715683883495]
INFORMACIÓN : 37historia0[755.8617844010641, 0.0, 775.1874211662356, 0.0, 769.0880265315126, 0.0, 0.0, 0.0, 64.73449118774988, 0.0, 0.0, 0.0, 0.0, 0.0, 0.0, 0.0, 179.17738681246124, 0.0, 0.0, 0.0, 0.0, 0.0, 0.0, 0.0, 0.0, 0.0, 0.0, 0.0, 0.0, 0.0, 262.1597083434946, 0.0, 0.0, 0.0, 185.42678683281736, 0.0, 0.0, 0.0, 0.0, 0.0, 0.0, 806.4356421181228, 0.0, 0.0, 0.0, 0.0, 0.0, 0.0, 0.0, 0.0, 0.0, 0.0, 0.0, 0.0, 0.0, 0.0, 0.0, 0.0, 0.0, 0.0, 0.0, 0.0, 175.04694834167412, 0.0, 0.0, 0.0, 0.0, 0.0, 0.0, 0.0, 0.0, 0.0, 790.7483086044344, 801.8182784537813, 0.0, 0.0, 0.0, 0.0, 0.0, 0.0, 0.0, 0.0, 0.0, 259.7186468726562, 0.0, 0.0, 0.0, 0.0, 0.0, 0.0, 0.0, 0.0, 0.0, 0.0, 0.0, 0.0, 0.0, 0.0, 0.0, 130.07483642403417, 0.0, 766.9028966613095, 172.23781233310697, 0.0, 0.0, 0.0, 0.0, 755.1684615227558, 790.9420953413801, 0.0, 0.0, 0.0, 0.0, 0.0, 0.0, 0.0, 0.0, 808.7518959262451, 0.0, 0.0, 0.0, 0.0, 0.0, 0.0, 79.12311971753435, 0.0, 0.0, 0.0, 0.0, 790.1530822201258, 783.4253218261068, 0.0, 0.0, 804.2267973857469, 0.0, 0.0, 0.0, 0.0, 798.7180194032237, 0.0, 0.0, 0.0, 752.4772811801018, 0.0, 0.0, 86.78190643429745, 756.9491085337742, 247.42360425534548, 798.2966633022496, 0.0, 0.0, 0.0, 795.7950575749368, 0.0, 240.47075572616697, 0.0, 0.0, 0.0, 0.0, 0.0, 0.0, 0.0, 0.0, 0.0, 0.0, 0.0, 0.0, 0.0, 0.0]
INFORMACIÓN : 37apuestaBundle [804.2267973857469, 798.2966633022496, 790.9420953413801, 790.1530822201258, 775.1874211662356]
INFORMACIÓN : 37positionsBundle [1542, 1692, 899, 798, 192]
INFORMACIÓN : 37levelsBundle [3, 3, 3, 3, 3]
INFORMACIÓN : 37positionsOrdered [1542, 1692, 899, 798, 192]
INFORMACIÓN : 37levelsOrdered [3, 3, 3, 3, 3]
INFORMACIÓN : 37partialityOrdered [3, 3, 3, 3, 3]
INFORMACIÓN : 37arrivalTimes [6.666766566675576, 88.52043179976344, 105.98468099633642, 108.22074897383621, 121.63715683883495]
INFORMACIÓN : depSat position 1542 level 3
INFORMACIÓN : depSat position 899 level 3
INFORMACIÓN : depSat position 798 level 3
INFORMACIÓN : depSat position 192 level 3
INFORMACIÓN : 38historia0[755.8617844010641, 0.0, 0.0, 0.0, 769.0880265315126, 0.0, 0.0, 0.0, 64.73449118774988, 0.0, 0.0, 0.0, 0.0, 0.0, 0.0, 0.0, 179.17738681246124, 0.0, 0.0, 0.0, 0.0, 0.0, 0.0, 0.0, 0.0, 0.0, 0.0, 0.0, 0.0, 0.0, 262.1597083434946, 0.0, 0.0, 0.0, 185.42678683281736, 0.0, 0.0, 0.0, 0.0, 0.0, 0.0, 806.4356421181228, 0.0, 0.0, 0.0, 0.0, 0.0, 0.0, 0.0, 0.0, 0.0, 0.0, 0.0, 0.0, 0.0, 0.0, 0.0, 0.0, 0.0, 0.0, 0.0, 0.0, 175.04694834167412, 0.0, 0.0, 0.0, 0.0, 0.0, 0.0, 0.0, 0.0, 0.0, 0.0, 801.8182784537813, 0.0, 0.0, 0.0, 0.0, 0.0, 0.0, 0.0, 0.0, 0.0, 259.7186468726562, 0.0, 0.0, 0.0, 0.0, 0.0, 0.0, 0.0, 0.0, 0.0, 0.0, 0.0, 0.0, 0.0, 0.0, 0.0, 130.07483642403417, 0.0, 766.9028966613095, 172.23781233310697, 0.0, 0.0, 0.0, 0.0, 755.1684615227558, 0.0, 0.0, 0.0, 0.0, 0.0, 0.0, 0.0, 0.0, 0.0, 808.7518959262451, 0.0, 0.0, 0.0, 0.0, 0.0, 0.0, 0.0, 0.0, 0.0, 0.0, 0.0, 0.0, 783.4253218261068, 0.0, 0.0, 0.0, 0.0, 0.0, 0.0, 0.0, 798.7180194032237, 0.0, 0.0, 0.0, 752.4772811801018, 0.0, 0.0, 0.0, 756.9491085337742, 0.0, 0.0, 0.0, 0.0, 0.0, 0.0, 0.0, 240.47075572616697, 0.0, 0.0, 0.0, 0.0, 0.0, 0.0, 0.0, 0.0, 0.0, 0.0, 0.0, 0.0, 0.0, 0.0]
INFORMACIÓN : 38apuestaBundle [804.2267973857469, 798.2966633022496, 790.9420953413801, 790.2920462239636, 790.1530822201258]
INFORMACIÓN : 38positionsBundle [1542, 1692, 899, 2046, 798]
INFORMACIÓN : 38levelsBundle [3, 3, 3, 3, 3]
INFORMACIÓN : 38positionsOrdered [1542, 2046, 1692, 899, 798]
INFORMACIÓN : 38levelsOrdered [3, 3, 3, 3, 3]
INFORMACIÓN : 38partialityOrdered [3, 3, 3, 3, 3]
INFORMACIÓN : 38arrivalTimes [6.666766566675576, 17.437096180944582, 88.52043179976344, 105.98468099633642, 108.22074897383621]
