----------------------------------------------------------------------
-- Log session for [myBugCoalitionsCCBBAGuaiDEF-370] started on 2017.07.13.00.58.55 --
----------------------------------------------------------------------

INFORMACIÓN : I started
INFORMACIÓN : 0apuestaBundle [808.9657847039678, 769.3012831716778, 767.8978620739604, 746.976976934304, 745.7784169625113]
INFORMACIÓN : 0positionsBundle [1906, 352, 522, 1542, 798]
INFORMACIÓN : 0levelsBundle [3, 3, 3, 3, 3]
INFORMACIÓN : 0positionsOrdered [1906, 352, 522, 1542, 798]
INFORMACIÓN : 0levelsOrdered [3, 3, 3, 3, 3]
INFORMACIÓN : 0partialityOrdered [3, 3, 3, 3, 3]
INFORMACIÓN : 0arrivalTimes [3.3174819769942325, 34.5744811931698, 54.798229609326484, 83.08250085678839, 99.2379952781919]
INFORMACIÓN : timeSat position 1906 level 3
INFORMACIÓN : timeSat position 352 level 3
INFORMACIÓN : timeSat position 522 level 3
INFORMACIÓN : 1historia0[0.0, 0.0, 0.0, 0.0, 0.0, 0.0, 0.0, 0.0, 0.0, 0.0, 0.0, 0.0, 0.0, 0.0, 0.0, 0.0, 0.0, 0.0, 0.0, 0.0, 0.0, 0.0, 0.0, 0.0, 0.0, 0.0, 0.0, 0.0, 0.0, 0.0, 0.0, 0.0, 0.0, 0.0, 0.0, 0.0, 0.0, 0.0, 0.0, 0.0, 0.0, 0.0, 790.2920462239636, 0.0, 0.0, 0.0, 0.0, 0.0, 0.0, 0.0, 0.0, 0.0, 0.0, 0.0, 0.0, 0.0, 0.0, 0.0, 0.0, 0.0, 0.0, 0.0, 0.0, 0.0, 0.0, 750.2740415479075, 0.0, 0.0, 0.0, 0.0, 0.0, 0.0, 751.7653232930074, 801.8182784537813, 0.0, 0.0, 0.0, 0.0, 267.8888368574152, 0.0, 0.0, 0.0, 0.0, 0.0, 0.0, 0.0, 0.0, 0.0, 0.0, 0.0, 0.0, 0.0, 0.0, 0.0, 0.0, 0.0, 0.0, 0.0, 0.0, 0.0, 0.0, 0.0, 0.0, 0.0, 0.0, 0.0, 0.0, 755.1684615227558, 788.0676453629844, 0.0, 0.0, 0.0, 0.0, 0.0, 0.0, 0.0, 0.0, 0.0, 0.0, 0.0, 0.0, 0.0, 0.0, 0.0, 0.0, 0.0, 0.0, 0.0, 0.0, 785.2048017647944, 783.4253218261068, 0.0, 0.0, 800.6917936942327, 0.0, 0.0, 0.0, 0.0, 798.7180194032237, 0.0, 0.0, 0.0, 753.0961617471136, 0.0, 0.0, 0.0, 756.9491085337742, 0.0, 798.2154299885785, 0.0, 0.0, 0.0, 0.0, 0.0, 269.4118149498678, 0.0, 0.0, 0.0, 0.0, 0.0, 0.0, 0.0, 0.0, 0.0, 0.0, 0.0, 0.0, 0.0, 0.0]
INFORMACIÓN : 1apuestaBundle [808.7518959262451, 769.0880265315126, 766.9028966613095, 741.4475728217138, 266.9386109163672]
INFORMACIÓN : 1positionsBundle [1906, 352, 522, 192, 1561]
INFORMACIÓN : 1levelsBundle [3, 3, 3, 3, 2]
INFORMACIÓN : 1positionsOrdered [1906, 352, 522, 192, 1561]
INFORMACIÓN : 1levelsOrdered [3, 3, 3, 3, 2]
INFORMACIÓN : 1partialityOrdered [3, 3, 3, 3, 2]
INFORMACIÓN : 1arrivalTimes [8.56018285917484, 39.81718207535041, 60.0409304915071, 81.23055059192419, 127.9114255684346]
INFORMACIÓN : 2historia0[0.0, 0.0, 741.4475728217138, 0.0, 769.0880265315126, 0.0, 0.0, 0.0, 0.0, 0.0, 0.0, 0.0, 0.0, 0.0, 0.0, 0.0, 0.0, 0.0, 0.0, 0.0, 0.0, 0.0, 0.0, 0.0, 0.0, 0.0, 0.0, 0.0, 0.0, 0.0, 0.0, 0.0, 0.0, 0.0, 0.0, 0.0, 0.0, 0.0, 0.0, 0.0, 0.0, 0.0, 790.2920462239636, 0.0, 0.0, 0.0, 0.0, 0.0, 0.0, 0.0, 0.0, 0.0, 0.0, 0.0, 0.0, 0.0, 0.0, 0.0, 0.0, 0.0, 0.0, 0.0, 0.0, 266.9386109163672, 0.0, 750.2740415479075, 0.0, 0.0, 0.0, 0.0, 0.0, 0.0, 751.7653232930074, 801.8182784537813, 0.0, 0.0, 0.0, 0.0, 267.8888368574152, 0.0, 0.0, 0.0, 0.0, 0.0, 0.0, 0.0, 0.0, 0.0, 0.0, 0.0, 0.0, 0.0, 0.0, 0.0, 0.0, 0.0, 0.0, 0.0, 0.0, 0.0, 0.0, 766.9028966613095, 0.0, 0.0, 0.0, 0.0, 0.0, 755.1684615227558, 788.0676453629844, 0.0, 0.0, 0.0, 0.0, 0.0, 0.0, 0.0, 0.0, 808.7518959262451, 0.0, 0.0, 0.0, 0.0, 0.0, 0.0, 0.0, 0.0, 0.0, 0.0, 0.0, 785.2048017647944, 783.4253218261068, 0.0, 0.0, 800.6917936942327, 0.0, 0.0, 0.0, 0.0, 798.7180194032237, 0.0, 0.0, 0.0, 753.0961617471136, 0.0, 0.0, 0.0, 756.9491085337742, 0.0, 798.2154299885785, 0.0, 0.0, 0.0, 0.0, 0.0, 269.4118149498678, 0.0, 0.0, 0.0, 0.0, 0.0, 0.0, 0.0, 0.0, 0.0, 0.0, 0.0, 0.0, 0.0, 0.0]
INFORMACIÓN : 2apuestaBundle [808.7518959262451, 769.0880265315126, 766.9028966613095, 741.4475728217138, 266.9386109163672]
INFORMACIÓN : 2positionsBundle [1906, 352, 522, 192, 1561]
INFORMACIÓN : 2levelsBundle [3, 3, 3, 3, 2]
INFORMACIÓN : 2positionsOrdered [1906, 352, 522, 192, 1561]
INFORMACIÓN : 2levelsOrdered [3, 3, 3, 3, 2]
INFORMACIÓN : 2partialityOrdered [3, 3, 3, 3, 2]
INFORMACIÓN : 2arrivalTimes [8.56018285917484, 39.81718207535041, 60.0409304915071, 81.23055059192419, 127.9114255684346]
INFORMACIÓN : 3historia0[0.0, 0.0, 741.4475728217138, 0.0, 769.0880265315126, 0.0, 0.0, 0.0, 0.0, 0.0, 0.0, 0.0, 0.0, 0.0, 0.0, 0.0, 0.0, 0.0, 0.0, 0.0, 0.0, 0.0, 0.0, 0.0, 0.0, 0.0, 0.0, 0.0, 0.0, 0.0, 0.0, 0.0, 0.0, 0.0, 0.0, 0.0, 0.0, 0.0, 0.0, 0.0, 0.0, 0.0, 790.2920462239636, 0.0, 0.0, 0.0, 0.0, 0.0, 0.0, 0.0, 0.0, 0.0, 0.0, 0.0, 0.0, 0.0, 0.0, 0.0, 0.0, 0.0, 0.0, 0.0, 0.0, 266.9386109163672, 0.0, 750.2740415479075, 0.0, 0.0, 0.0, 0.0, 0.0, 0.0, 751.7653232930074, 801.8182784537813, 0.0, 0.0, 0.0, 0.0, 267.8888368574152, 0.0, 0.0, 0.0, 0.0, 0.0, 0.0, 0.0, 0.0, 0.0, 0.0, 0.0, 0.0, 0.0, 0.0, 0.0, 0.0, 0.0, 0.0, 0.0, 0.0, 0.0, 0.0, 766.9028966613095, 0.0, 0.0, 0.0, 0.0, 0.0, 755.1684615227558, 788.0676453629844, 0.0, 0.0, 0.0, 0.0, 0.0, 0.0, 0.0, 0.0, 808.7518959262451, 0.0, 0.0, 0.0, 0.0, 0.0, 0.0, 0.0, 0.0, 0.0, 0.0, 0.0, 785.2048017647944, 783.4253218261068, 0.0, 0.0, 800.6917936942327, 0.0, 0.0, 0.0, 0.0, 798.7180194032237, 0.0, 0.0, 0.0, 753.0961617471136, 0.0, 0.0, 0.0, 756.9491085337742, 0.0, 798.2154299885785, 0.0, 0.0, 0.0, 0.0, 0.0, 269.4118149498678, 0.0, 0.0, 0.0, 0.0, 0.0, 0.0, 0.0, 0.0, 0.0, 0.0, 0.0, 0.0, 0.0, 0.0]
INFORMACIÓN : 3apuestaBundle [808.7518959262451, 769.0880265315126, 766.9028966613095, 741.4475728217138, 266.9386109163672]
INFORMACIÓN : 3positionsBundle [1906, 352, 522, 192, 1561]
INFORMACIÓN : 3levelsBundle [3, 3, 3, 3, 2]
INFORMACIÓN : 3positionsOrdered [1906, 352, 522, 192, 1561]
INFORMACIÓN : 3levelsOrdered [3, 3, 3, 3, 2]
INFORMACIÓN : 3partialityOrdered [3, 3, 3, 3, 2]
INFORMACIÓN : 3arrivalTimes [8.56018285917484, 39.81718207535041, 60.0409304915071, 81.23055059192419, 127.9114255684346]
INFORMACIÓN : 4historia0[0.0, 0.0, 741.4475728217138, 0.0, 769.0880265315126, 0.0, 0.0, 0.0, 0.0, 0.0, 0.0, 0.0, 0.0, 0.0, 0.0, 0.0, 0.0, 0.0, 0.0, 0.0, 0.0, 0.0, 0.0, 0.0, 0.0, 0.0, 0.0, 0.0, 0.0, 0.0, 0.0, 0.0, 0.0, 0.0, 0.0, 0.0, 0.0, 0.0, 0.0, 0.0, 0.0, 0.0, 790.2920462239636, 0.0, 0.0, 0.0, 0.0, 0.0, 0.0, 0.0, 0.0, 0.0, 0.0, 0.0, 0.0, 0.0, 0.0, 0.0, 0.0, 0.0, 0.0, 0.0, 0.0, 266.9386109163672, 0.0, 750.2740415479075, 0.0, 0.0, 0.0, 0.0, 0.0, 0.0, 751.7653232930074, 801.8182784537813, 0.0, 0.0, 0.0, 0.0, 267.8888368574152, 0.0, 0.0, 0.0, 0.0, 0.0, 0.0, 0.0, 0.0, 0.0, 0.0, 0.0, 0.0, 0.0, 0.0, 0.0, 0.0, 0.0, 0.0, 0.0, 0.0, 0.0, 0.0, 766.9028966613095, 0.0, 0.0, 0.0, 0.0, 0.0, 755.1684615227558, 788.0676453629844, 0.0, 0.0, 0.0, 0.0, 0.0, 0.0, 0.0, 0.0, 808.7518959262451, 0.0, 0.0, 0.0, 0.0, 0.0, 0.0, 0.0, 0.0, 0.0, 0.0, 0.0, 785.2048017647944, 783.4253218261068, 0.0, 0.0, 800.6917936942327, 0.0, 0.0, 0.0, 0.0, 798.7180194032237, 0.0, 0.0, 0.0, 753.0961617471136, 0.0, 0.0, 0.0, 756.9491085337742, 0.0, 798.2154299885785, 0.0, 0.0, 0.0, 0.0, 0.0, 269.4118149498678, 0.0, 0.0, 0.0, 0.0, 0.0, 0.0, 0.0, 0.0, 0.0, 0.0, 0.0, 0.0, 0.0, 0.0]
INFORMACIÓN : 4apuestaBundle [808.7518959262451, 769.0880265315126, 766.9028966613095, 741.4475728217138, 266.9386109163672]
INFORMACIÓN : 4positionsBundle [1906, 352, 522, 192, 1561]
INFORMACIÓN : 4levelsBundle [3, 3, 3, 3, 2]
INFORMACIÓN : 4positionsOrdered [1906, 352, 522, 192, 1561]
INFORMACIÓN : 4levelsOrdered [3, 3, 3, 3, 2]
INFORMACIÓN : 4partialityOrdered [3, 3, 3, 3, 2]
INFORMACIÓN : 4arrivalTimes [8.56018285917484, 39.81718207535041, 60.0409304915071, 81.23055059192419, 127.9114255684346]
INFORMACIÓN : 5historia0[0.0, 0.0, 741.4475728217138, 0.0, 769.0880265315126, 0.0, 0.0, 0.0, 0.0, 0.0, 0.0, 0.0, 0.0, 0.0, 0.0, 0.0, 0.0, 0.0, 0.0, 0.0, 0.0, 0.0, 0.0, 0.0, 0.0, 0.0, 0.0, 0.0, 0.0, 0.0, 0.0, 0.0, 0.0, 0.0, 0.0, 0.0, 0.0, 0.0, 0.0, 0.0, 0.0, 0.0, 790.2920462239636, 0.0, 0.0, 0.0, 0.0, 0.0, 0.0, 0.0, 0.0, 0.0, 0.0, 0.0, 0.0, 0.0, 0.0, 0.0, 0.0, 0.0, 0.0, 0.0, 0.0, 266.9386109163672, 0.0, 748.3779263872981, 0.0, 0.0, 0.0, 0.0, 0.0, 0.0, 749.9479011572861, 801.8182784537813, 0.0, 0.0, 0.0, 0.0, 267.8888368574152, 0.0, 0.0, 0.0, 0.0, 0.0, 0.0, 0.0, 0.0, 0.0, 0.0, 0.0, 0.0, 0.0, 0.0, 0.0, 0.0, 0.0, 0.0, 0.0, 0.0, 0.0, 0.0, 766.9028966613095, 0.0, 0.0, 0.0, 0.0, 0.0, 755.1684615227558, 788.0676453629844, 0.0, 0.0, 0.0, 0.0, 0.0, 0.0, 0.0, 0.0, 808.7518959262451, 0.0, 0.0, 0.0, 0.0, 0.0, 0.0, 0.0, 0.0, 0.0, 0.0, 0.0, 785.2048017647944, 783.4253218261068, 0.0, 0.0, 800.6917936942327, 0.0, 0.0, 0.0, 0.0, 798.7180194032237, 0.0, 0.0, 0.0, 752.4772811801018, 0.0, 0.0, 0.0, 756.9491085337742, 0.0, 798.2154299885785, 0.0, 0.0, 0.0, 0.0, 0.0, 269.4118149498678, 0.0, 0.0, 0.0, 0.0, 0.0, 0.0, 0.0, 0.0, 0.0, 0.0, 0.0, 0.0, 0.0, 0.0]
INFORMACIÓN : 5apuestaBundle [808.7518959262451, 769.0880265315126, 766.9028966613095, 741.4475728217138, 266.9386109163672]
INFORMACIÓN : 5positionsBundle [1906, 352, 522, 192, 1561]
INFORMACIÓN : 5levelsBundle [3, 3, 3, 3, 2]
INFORMACIÓN : 5positionsOrdered [1906, 352, 522, 192, 1561]
INFORMACIÓN : 5levelsOrdered [3, 3, 3, 3, 2]
INFORMACIÓN : 5partialityOrdered [3, 3, 3, 3, 2]
INFORMACIÓN : 5arrivalTimes [8.56018285917484, 39.81718207535041, 60.0409304915071, 81.23055059192419, 127.9114255684346]
INFORMACIÓN : 6historia0[0.0, 0.0, 741.4475728217138, 0.0, 769.0880265315126, 0.0, 0.0, 0.0, 0.0, 0.0, 0.0, 0.0, 0.0, 0.0, 0.0, 0.0, 0.0, 0.0, 0.0, 0.0, 0.0, 0.0, 0.0, 0.0, 0.0, 0.0, 0.0, 0.0, 0.0, 0.0, 0.0, 0.0, 0.0, 0.0, 0.0, 0.0, 0.0, 0.0, 0.0, 0.0, 0.0, 0.0, 790.2920462239636, 0.0, 0.0, 0.0, 0.0, 0.0, 0.0, 0.0, 0.0, 0.0, 0.0, 0.0, 0.0, 0.0, 0.0, 0.0, 0.0, 0.0, 0.0, 0.0, 0.0, 266.9386109163672, 0.0, 748.3779263872981, 0.0, 0.0, 0.0, 0.0, 0.0, 0.0, 749.9479011572861, 801.8182784537813, 0.0, 0.0, 0.0, 0.0, 0.0, 0.0, 0.0, 0.0, 0.0, 0.0, 0.0, 0.0, 0.0, 0.0, 0.0, 0.0, 0.0, 0.0, 0.0, 0.0, 0.0, 0.0, 0.0, 0.0, 0.0, 0.0, 0.0, 766.9028966613095, 0.0, 0.0, 0.0, 0.0, 0.0, 0.0, 788.0676453629844, 0.0, 0.0, 0.0, 0.0, 0.0, 0.0, 0.0, 0.0, 808.7518959262451, 0.0, 0.0, 0.0, 0.0, 0.0, 0.0, 0.0, 0.0, 0.0, 0.0, 0.0, 785.2048017647944, 783.4253218261068, 0.0, 0.0, 800.6917936942327, 0.0, 0.0, 0.0, 0.0, 798.7180194032237, 0.0, 0.0, 0.0, 752.4772811801018, 0.0, 0.0, 0.0, 756.9491085337742, 0.0, 798.2154299885785, 0.0, 0.0, 0.0, 0.0, 0.0, 0.0, 0.0, 0.0, 0.0, 0.0, 0.0, 0.0, 0.0, 0.0, 0.0, 0.0, 0.0, 0.0, 0.0, 0.0]
INFORMACIÓN : 6apuestaBundle [808.7518959262451, 769.0880265315126, 766.9028966613095, 741.4475728217138, 266.9386109163672]
INFORMACIÓN : 6positionsBundle [1906, 352, 522, 192, 1561]
INFORMACIÓN : 6levelsBundle [3, 3, 3, 3, 2]
INFORMACIÓN : 6positionsOrdered [1906, 352, 522, 192, 1561]
INFORMACIÓN : 6levelsOrdered [3, 3, 3, 3, 2]
INFORMACIÓN : 6partialityOrdered [3, 3, 3, 3, 2]
INFORMACIÓN : 6arrivalTimes [8.56018285917484, 39.81718207535041, 60.0409304915071, 81.23055059192419, 127.9114255684346]
INFORMACIÓN : depSat position 1906 level 3
INFORMACIÓN : depSat position 192 level 3
INFORMACIÓN : 7historia0[0.0, 0.0, 0.0, 0.0, 0.0, 0.0, 0.0, 0.0, 0.0, 0.0, 0.0, 0.0, 0.0, 0.0, 0.0, 0.0, 0.0, 0.0, 244.8244632018451, 0.0, 0.0, 0.0, 0.0, 0.0, 0.0, 0.0, 0.0, 0.0, 0.0, 0.0, 262.1597083434946, 0.0, 0.0, 0.0, 0.0, 0.0, 0.0, 0.0, 0.0, 0.0, 0.0, 0.0, 790.2920462239636, 0.0, 0.0, 0.0, 0.0, 0.0, 0.0, 0.0, 0.0, 0.0, 0.0, 0.0, 0.0, 0.0, 0.0, 0.0, 0.0, 0.0, 0.0, 0.0, 0.0, 0.0, 0.0, 748.3779263872981, 0.0, 0.0, 0.0, 0.0, 0.0, 0.0, 749.9479011572861, 801.8182784537813, 0.0, 0.0, 0.0, 0.0, 0.0, 0.0, 0.0, 0.0, 0.0, 259.7186468726562, 0.0, 0.0, 0.0, 0.0, 0.0, 0.0, 0.0, 0.0, 0.0, 0.0, 0.0, 0.0, 0.0, 0.0, 0.0, 0.0, 0.0, 0.0, 0.0, 0.0, 0.0, 0.0, 0.0, 0.0, 788.0676453629844, 0.0, 0.0, 0.0, 0.0, 0.0, 0.0, 0.0, 0.0, 0.0, 0.0, 0.0, 0.0, 0.0, 0.0, 0.0, 0.0, 0.0, 0.0, 0.0, 0.0, 785.2048017647944, 783.4253218261068, 0.0, 0.0, 800.6917936942327, 0.0, 0.0, 0.0, 0.0, 798.7180194032237, 0.0, 0.0, 0.0, 752.4772811801018, 0.0, 0.0, 0.0, 756.9491085337742, 0.0, 798.2154299885785, 0.0, 0.0, 0.0, 0.0, 0.0, 0.0, 0.0, 0.0, 0.0, 0.0, 0.0, 0.0, 0.0, 0.0, 0.0, 0.0, 0.0, 0.0, 0.0, 0.0]
INFORMACIÓN : 7apuestaBundle [808.7518959262451, 769.0880265315126, 766.9028966613095, 742.2777448288524, 267.88883685741484]
INFORMACIÓN : 7positionsBundle [1906, 352, 522, 192, 1561]
INFORMACIÓN : 7levelsBundle [3, 3, 3, 3, 2]
INFORMACIÓN : 7positionsOrdered [1906, 352, 522, 192, 1561]
INFORMACIÓN : 7levelsOrdered [3, 3, 3, 3, 2]
INFORMACIÓN : 7partialityOrdered [3, 3, 3, 3, 2]
INFORMACIÓN : 7arrivalTimes [8.56018285917484, 39.81718207535041, 60.0409304915071, 81.23055059192419, 123.00374774033503]
INFORMACIÓN : 8historia0[0.0, 0.0, 742.2777448288524, 0.0, 769.0880265315126, 0.0, 0.0, 0.0, 0.0, 0.0, 0.0, 0.0, 0.0, 0.0, 0.0, 0.0, 0.0, 0.0, 244.8244632018451, 0.0, 0.0, 0.0, 0.0, 0.0, 0.0, 0.0, 0.0, 0.0, 0.0, 0.0, 262.1597083434946, 0.0, 0.0, 0.0, 0.0, 0.0, 0.0, 0.0, 0.0, 0.0, 0.0, 0.0, 790.2920462239636, 0.0, 0.0, 0.0, 0.0, 0.0, 0.0, 0.0, 0.0, 0.0, 0.0, 0.0, 0.0, 0.0, 0.0, 0.0, 0.0, 0.0, 0.0, 0.0, 0.0, 267.88883685741484, 0.0, 748.3779263872981, 0.0, 0.0, 0.0, 0.0, 0.0, 0.0, 749.9479011572861, 801.8182784537813, 0.0, 0.0, 0.0, 0.0, 0.0, 0.0, 0.0, 0.0, 0.0, 259.7186468726562, 0.0, 0.0, 0.0, 0.0, 0.0, 0.0, 0.0, 0.0, 0.0, 0.0, 0.0, 0.0, 0.0, 0.0, 0.0, 0.0, 0.0, 766.9028966613095, 0.0, 0.0, 0.0, 0.0, 0.0, 0.0, 788.0676453629844, 0.0, 0.0, 0.0, 0.0, 0.0, 0.0, 0.0, 0.0, 808.7518959262451, 0.0, 0.0, 0.0, 0.0, 0.0, 0.0, 0.0, 0.0, 0.0, 0.0, 0.0, 785.2048017647944, 783.4253218261068, 0.0, 0.0, 800.6917936942327, 0.0, 0.0, 0.0, 0.0, 798.7180194032237, 0.0, 0.0, 0.0, 752.4772811801018, 0.0, 0.0, 0.0, 756.9491085337742, 0.0, 798.2154299885785, 0.0, 0.0, 0.0, 0.0, 0.0, 0.0, 0.0, 0.0, 0.0, 0.0, 0.0, 0.0, 0.0, 0.0, 0.0, 0.0, 0.0, 0.0, 0.0, 0.0]
INFORMACIÓN : 8apuestaBundle [808.7518959262451, 769.0880265315126, 766.9028966613095, 742.2777448288524, 267.88883685741484]
INFORMACIÓN : 8positionsBundle [1906, 352, 522, 192, 1561]
INFORMACIÓN : 8levelsBundle [3, 3, 3, 3, 2]
INFORMACIÓN : 8positionsOrdered [1906, 352, 522, 192, 1561]
INFORMACIÓN : 8levelsOrdered [3, 3, 3, 3, 2]
INFORMACIÓN : 8partialityOrdered [3, 3, 3, 3, 2]
INFORMACIÓN : 8arrivalTimes [8.56018285917484, 39.81718207535041, 60.0409304915071, 81.23055059192419, 123.00374774033503]
INFORMACIÓN : 9historia0[0.0, 0.0, 742.2777448288524, 0.0, 769.0880265315126, 0.0, 0.0, 0.0, 0.0, 0.0, 0.0, 0.0, 0.0, 0.0, 0.0, 0.0, 0.0, 0.0, 244.8244632018451, 0.0, 0.0, 0.0, 0.0, 0.0, 0.0, 0.0, 0.0, 0.0, 0.0, 0.0, 262.1597083434946, 0.0, 0.0, 0.0, 0.0, 0.0, 0.0, 0.0, 0.0, 0.0, 0.0, 0.0, 790.2920462239636, 0.0, 0.0, 0.0, 0.0, 0.0, 0.0, 0.0, 0.0, 0.0, 0.0, 0.0, 0.0, 0.0, 0.0, 0.0, 0.0, 0.0, 0.0, 0.0, 0.0, 267.88883685741484, 0.0, 748.3779263872981, 0.0, 0.0, 0.0, 0.0, 0.0, 0.0, 749.9479011572861, 801.8182784537813, 0.0, 0.0, 0.0, 0.0, 0.0, 0.0, 0.0, 0.0, 0.0, 259.7186468726562, 0.0, 0.0, 0.0, 0.0, 0.0, 0.0, 0.0, 0.0, 0.0, 0.0, 0.0, 0.0, 0.0, 0.0, 0.0, 0.0, 0.0, 766.9028966613095, 0.0, 0.0, 0.0, 0.0, 0.0, 0.0, 788.0676453629844, 0.0, 0.0, 0.0, 0.0, 0.0, 0.0, 0.0, 0.0, 808.7518959262451, 0.0, 0.0, 0.0, 0.0, 0.0, 0.0, 0.0, 0.0, 0.0, 0.0, 0.0, 785.2048017647944, 783.4253218261068, 0.0, 0.0, 800.6917936942327, 0.0, 0.0, 0.0, 0.0, 798.7180194032237, 0.0, 0.0, 0.0, 752.4772811801018, 0.0, 0.0, 0.0, 756.9491085337742, 0.0, 798.2154299885785, 0.0, 0.0, 0.0, 0.0, 0.0, 0.0, 0.0, 0.0, 0.0, 0.0, 0.0, 0.0, 0.0, 0.0, 0.0, 0.0, 0.0, 0.0, 0.0, 0.0]
INFORMACIÓN : 9apuestaBundle [808.7518959262451, 769.0880265315126, 766.9028966613095, 742.2777448288524, 267.88883685741484]
INFORMACIÓN : 9positionsBundle [1906, 352, 522, 192, 1561]
INFORMACIÓN : 9levelsBundle [3, 3, 3, 3, 2]
INFORMACIÓN : 9positionsOrdered [1906, 352, 522, 192, 1561]
INFORMACIÓN : 9levelsOrdered [3, 3, 3, 3, 2]
INFORMACIÓN : 9partialityOrdered [3, 3, 3, 3, 2]
INFORMACIÓN : 9arrivalTimes [8.56018285917484, 39.81718207535041, 60.0409304915071, 81.23055059192419, 123.00374774033503]
INFORMACIÓN : 10historia0[0.0, 0.0, 742.2777448288524, 0.0, 769.0880265315126, 0.0, 0.0, 0.0, 0.0, 0.0, 0.0, 0.0, 0.0, 0.0, 0.0, 0.0, 0.0, 0.0, 244.8244632018451, 0.0, 0.0, 0.0, 0.0, 0.0, 0.0, 0.0, 0.0, 0.0, 0.0, 0.0, 262.1597083434946, 0.0, 0.0, 0.0, 0.0, 0.0, 0.0, 0.0, 0.0, 0.0, 0.0, 0.0, 790.2920462239636, 0.0, 0.0, 0.0, 0.0, 0.0, 0.0, 0.0, 0.0, 0.0, 0.0, 0.0, 0.0, 0.0, 0.0, 0.0, 0.0, 0.0, 0.0, 0.0, 0.0, 267.88883685741484, 0.0, 748.3779263872981, 0.0, 0.0, 0.0, 0.0, 0.0, 0.0, 749.9479011572861, 801.8182784537813, 0.0, 0.0, 0.0, 0.0, 0.0, 0.0, 0.0, 0.0, 0.0, 259.7186468726562, 0.0, 0.0, 0.0, 0.0, 0.0, 0.0, 0.0, 0.0, 0.0, 0.0, 0.0, 0.0, 0.0, 0.0, 0.0, 0.0, 0.0, 766.9028966613095, 0.0, 0.0, 0.0, 0.0, 0.0, 0.0, 788.0676453629844, 0.0, 0.0, 0.0, 0.0, 0.0, 0.0, 0.0, 0.0, 808.7518959262451, 0.0, 0.0, 0.0, 0.0, 0.0, 0.0, 0.0, 0.0, 0.0, 0.0, 0.0, 785.2048017647944, 783.4253218261068, 0.0, 0.0, 800.6917936942327, 0.0, 0.0, 0.0, 0.0, 798.7180194032237, 0.0, 0.0, 0.0, 752.4772811801018, 0.0, 0.0, 0.0, 756.9491085337742, 0.0, 798.2154299885785, 0.0, 0.0, 0.0, 0.0, 0.0, 0.0, 0.0, 0.0, 0.0, 0.0, 0.0, 0.0, 0.0, 0.0, 0.0, 0.0, 0.0, 0.0, 0.0, 0.0]
INFORMACIÓN : 10apuestaBundle [808.7518959262451, 769.0880265315126, 766.9028966613095, 742.2777448288524, 267.88883685741484]
INFORMACIÓN : 10positionsBundle [1906, 352, 522, 192, 1561]
INFORMACIÓN : 10levelsBundle [3, 3, 3, 3, 2]
INFORMACIÓN : 10positionsOrdered [1906, 352, 522, 192, 1561]
INFORMACIÓN : 10levelsOrdered [3, 3, 3, 3, 2]
INFORMACIÓN : 10partialityOrdered [3, 3, 3, 3, 2]
INFORMACIÓN : 10arrivalTimes [8.56018285917484, 39.81718207535041, 60.0409304915071, 81.23055059192419, 123.00374774033503]
INFORMACIÓN : 11historia0[0.0, 0.0, 742.2777448288524, 0.0, 769.0880265315126, 0.0, 0.0, 0.0, 0.0, 0.0, 0.0, 0.0, 0.0, 0.0, 0.0, 0.0, 0.0, 0.0, 244.8244632018451, 0.0, 0.0, 0.0, 0.0, 0.0, 0.0, 0.0, 0.0, 0.0, 0.0, 0.0, 262.1597083434946, 0.0, 0.0, 0.0, 0.0, 0.0, 0.0, 0.0, 0.0, 0.0, 0.0, 0.0, 790.2920462239636, 0.0, 0.0, 0.0, 0.0, 0.0, 0.0, 0.0, 769.2175798756986, 0.0, 0.0, 0.0, 0.0, 0.0, 0.0, 0.0, 0.0, 0.0, 0.0, 0.0, 0.0, 267.88883685741484, 0.0, 748.3779263872981, 0.0, 0.0, 0.0, 0.0, 0.0, 0.0, 749.9479011572861, 801.8182784537813, 0.0, 0.0, 0.0, 0.0, 0.0, 0.0, 0.0, 0.0, 0.0, 259.7186468726562, 0.0, 0.0, 0.0, 0.0, 0.0, 0.0, 0.0, 0.0, 0.0, 766.965040092801, 0.0, 0.0, 0.0, 0.0, 0.0, 0.0, 0.0, 766.9028966613095, 0.0, 0.0, 0.0, 0.0, 0.0, 0.0, 788.0676453629844, 0.0, 0.0, 0.0, 0.0, 0.0, 0.0, 0.0, 0.0, 808.7518959262451, 0.0, 0.0, 0.0, 0.0, 0.0, 0.0, 0.0, 0.0, 0.0, 0.0, 0.0, 785.2048017647944, 783.4253218261068, 0.0, 0.0, 800.6917936942327, 0.0, 0.0, 0.0, 0.0, 798.7180194032237, 0.0, 0.0, 0.0, 752.4772811801018, 0.0, 0.0, 0.0, 756.9491085337742, 0.0, 798.2154299885785, 0.0, 0.0, 0.0, 799.5507551666133, 0.0, 0.0, 0.0, 0.0, 0.0, 0.0, 0.0, 0.0, 0.0, 0.0, 0.0, 0.0, 0.0, 0.0, 0.0, 0.0]
INFORMACIÓN : 11apuestaBundle [808.7518959262451, 769.0880265315126, 766.9028966613095, 742.2777448288524, 267.88883685741484]
INFORMACIÓN : 11positionsBundle [1906, 352, 522, 192, 1561]
INFORMACIÓN : 11levelsBundle [3, 3, 3, 3, 2]
INFORMACIÓN : 11positionsOrdered [1906, 352, 522, 192, 1561]
INFORMACIÓN : 11levelsOrdered [3, 3, 3, 3, 2]
INFORMACIÓN : 11partialityOrdered [3, 3, 3, 3, 2]
INFORMACIÓN : 11arrivalTimes [8.56018285917484, 39.81718207535041, 60.0409304915071, 81.23055059192419, 123.00374774033503]
INFORMACIÓN : 12historia0[0.0, 0.0, 742.2777448288524, 0.0, 769.0880265315126, 0.0, 0.0, 0.0, 0.0, 0.0, 0.0, 0.0, 0.0, 0.0, 0.0, 0.0, 0.0, 0.0, 0.0, 0.0, 0.0, 0.0, 0.0, 0.0, 0.0, 0.0, 0.0, 0.0, 0.0, 0.0, 0.0, 0.0, 0.0, 0.0, 0.0, 0.0, 0.0, 0.0, 0.0, 0.0, 0.0, 0.0, 790.2920462239636, 0.0, 0.0, 0.0, 0.0, 0.0, 0.0, 0.0, 0.0, 0.0, 0.0, 0.0, 0.0, 0.0, 0.0, 0.0, 0.0, 0.0, 0.0, 0.0, 0.0, 267.88883685741484, 0.0, 748.3779263872981, 0.0, 0.0, 0.0, 0.0, 0.0, 0.0, 749.9479011572861, 801.8182784537813, 0.0, 0.0, 0.0, 0.0, 0.0, 0.0, 0.0, 0.0, 0.0, 0.0, 0.0, 0.0, 0.0, 0.0, 0.0, 0.0, 0.0, 0.0, 0.0, 0.0, 0.0, 0.0, 0.0, 0.0, 0.0, 0.0, 0.0, 766.9028966613095, 0.0, 0.0, 0.0, 0.0, 0.0, 0.0, 788.0676453629844, 0.0, 0.0, 0.0, 0.0, 0.0, 0.0, 0.0, 0.0, 808.7518959262451, 0.0, 0.0, 0.0, 0.0, 0.0, 0.0, 0.0, 0.0, 0.0, 0.0, 0.0, 785.2048017647944, 783.4253218261068, 0.0, 0.0, 800.6917936942327, 0.0, 0.0, 0.0, 0.0, 798.7180194032237, 0.0, 0.0, 0.0, 752.4772811801018, 0.0, 282.89737174499686, 0.0, 756.9491085337742, 250.54094228255383, 798.2154299885785, 0.0, 0.0, 0.0, 795.7950575749368, 0.0, 0.0, 0.0, 0.0, 0.0, 0.0, 0.0, 0.0, 0.0, 0.0, 0.0, 0.0, 0.0, 0.0, 0.0, 0.0]
INFORMACIÓN : 12apuestaBundle [808.7518959262451, 769.0880265315126, 766.9028966613095, 742.2777448288524, 267.88883685741484]
INFORMACIÓN : 12positionsBundle [1906, 352, 522, 192, 1561]
INFORMACIÓN : 12levelsBundle [3, 3, 3, 3, 2]
INFORMACIÓN : 12positionsOrdered [1906, 352, 522, 192, 1561]
INFORMACIÓN : 12levelsOrdered [3, 3, 3, 3, 2]
INFORMACIÓN : 12partialityOrdered [3, 3, 3, 3, 2]
INFORMACIÓN : 12arrivalTimes [8.56018285917484, 39.81718207535041, 60.0409304915071, 81.23055059192419, 123.00374774033503]
INFORMACIÓN : depSat position 1906 level 3
INFORMACIÓN : depSat position 192 level 3
INFORMACIÓN : depSat position 1561 level 2
INFORMACIÓN : 13historia0[0.0, 0.0, 0.0, 0.0, 0.0, 0.0, 0.0, 0.0, 0.0, 0.0, 0.0, 0.0, 0.0, 0.0, 0.0, 0.0, 179.17738681246124, 0.0, 0.0, 0.0, 0.0, 0.0, 0.0, 0.0, 0.0, 0.0, 0.0, 0.0, 0.0, 0.0, 0.0, 0.0, 0.0, 0.0, 159.74927776460413, 0.0, 0.0, 0.0, 0.0, 0.0, 0.0, 0.0, 790.2920462239636, 0.0, 0.0, 0.0, 0.0, 0.0, 0.0, 0.0, 0.0, 0.0, 0.0, 0.0, 0.0, 0.0, 0.0, 0.0, 0.0, 0.0, 0.0, 0.0, 0.0, 0.0, 0.0, 0.0, 0.0, 0.0, 0.0, 0.0, 0.0, 0.0, 0.0, 801.8182784537813, 0.0, 0.0, 0.0, 0.0, 0.0, 0.0, 0.0, 230.10365988083151, 0.0, 0.0, 0.0, 0.0, 0.0, 0.0, 0.0, 0.0, 0.0, 0.0, 0.0, 0.0, 0.0, 0.0, 0.0, 0.0, 0.0, 0.0, 0.0, 0.0, 169.90542388341441, 0.0, 0.0, 0.0, 0.0, 0.0, 788.0676453629844, 0.0, 0.0, 0.0, 0.0, 0.0, 0.0, 0.0, 0.0, 0.0, 0.0, 0.0, 0.0, 0.0, 0.0, 0.0, 0.0, 0.0, 0.0, 0.0, 0.0, 785.2048017647944, 783.4253218261068, 0.0, 0.0, 800.6917936942327, 0.0, 0.0, 0.0, 0.0, 798.7180194032237, 0.0, 0.0, 0.0, 752.4772811801018, 0.0, 282.89737174499686, 0.0, 756.9491085337742, 278.151440430506, 798.2154299885785, 0.0, 0.0, 0.0, 795.7950575749368, 0.0, 0.0, 0.0, 0.0, 0.0, 0.0, 0.0, 0.0, 0.0, 0.0, 0.0, 0.0, 0.0, 0.0, 0.0, 0.0]
INFORMACIÓN : 13apuestaBundle [808.7518959262451, 769.0880265315126, 766.9028966613095, 742.2777448288524, 267.88883685741484]
INFORMACIÓN : 13positionsBundle [1906, 352, 522, 192, 1561]
INFORMACIÓN : 13levelsBundle [3, 3, 3, 3, 2]
INFORMACIÓN : 13positionsOrdered [1906, 352, 522, 192, 1561]
INFORMACIÓN : 13levelsOrdered [3, 3, 3, 3, 2]
INFORMACIÓN : 13partialityOrdered [3, 3, 3, 3, 2]
INFORMACIÓN : 13arrivalTimes [8.56018285917484, 39.81718207535041, 60.0409304915071, 81.23055059192419, 123.00374774033503]
INFORMACIÓN : 14historia0[0.0, 0.0, 742.2777448288524, 0.0, 769.0880265315126, 0.0, 0.0, 163.1339803770928, 0.0, 0.0, 0.0, 0.0, 0.0, 0.0, 167.0938846233305, 0.0, 179.17738681246124, 0.0, 0.0, 0.0, 0.0, 0.0, 0.0, 0.0, 0.0, 0.0, 0.0, 0.0, 0.0, 0.0, 0.0, 0.0, 0.0, 0.0, 159.74927776460413, 0.0, 0.0, 0.0, 0.0, 0.0, 0.0, 0.0, 790.2920462239636, 0.0, 0.0, 0.0, 0.0, 0.0, 0.0, 0.0, 0.0, 0.0, 0.0, 0.0, 0.0, 0.0, 0.0, 0.0, 0.0, 0.0, 0.0, 0.0, 0.0, 267.88883685741484, 0.0, 0.0, 0.0, 0.0, 0.0, 0.0, 0.0, 0.0, 0.0, 801.8182784537813, 0.0, 0.0, 0.0, 0.0, 0.0, 0.0, 0.0, 230.10365988083151, 169.95514281176838, 0.0, 0.0, 0.0, 0.0, 0.0, 0.0, 0.0, 0.0, 0.0, 0.0, 0.0, 0.0, 0.0, 0.0, 0.0, 0.0, 0.0, 0.0, 766.9028966613095, 169.90542388341441, 0.0, 345.37242064965506, 0.0, 0.0, 0.0, 788.0676453629844, 0.0, 345.37242064965506, 0.0, 0.0, 0.0, 0.0, 0.0, 0.0, 808.7518959262451, 0.0, 0.0, 0.0, 0.0, 0.0, 0.0, 0.0, 0.0, 0.0, 0.0, 0.0, 785.2048017647944, 783.4253218261068, 0.0, 0.0, 800.6917936942327, 0.0, 0.0, 0.0, 0.0, 798.7180194032237, 0.0, 0.0, 0.0, 752.4772811801018, 0.0, 0.0, 0.0, 756.9491085337742, 278.151440430506, 798.2154299885785, 0.0, 0.0, 0.0, 795.7950575749368, 0.0, 0.0, 0.0, 0.0, 0.0, 0.0, 0.0, 0.0, 0.0, 0.0, 0.0, 0.0, 0.0, 0.0, 0.0, 0.0]
INFORMACIÓN : 14apuestaBundle [808.7518959262451, 769.0880265315126, 766.9028966613095, 742.2777448288524, 267.88883685741484]
INFORMACIÓN : 14positionsBundle [1906, 352, 522, 192, 1561]
INFORMACIÓN : 14levelsBundle [3, 3, 3, 3, 2]
INFORMACIÓN : 14positionsOrdered [1906, 352, 522, 192, 1561]
INFORMACIÓN : 14levelsOrdered [3, 3, 3, 3, 2]
INFORMACIÓN : 14partialityOrdered [3, 3, 3, 3, 2]
INFORMACIÓN : 14arrivalTimes [8.56018285917484, 39.81718207535041, 60.0409304915071, 81.23055059192419, 123.00374774033503]
INFORMACIÓN : 15historia0[0.0, 0.0, 742.2777448288524, 0.0, 769.0880265315126, 0.0, 0.0, 163.1339803770928, 0.0, 0.0, 0.0, 0.0, 0.0, 0.0, 167.0938846233305, 0.0, 179.17738681246124, 0.0, 0.0, 0.0, 0.0, 0.0, 0.0, 0.0, 0.0, 0.0, 0.0, 0.0, 0.0, 0.0, 0.0, 0.0, 0.0, 0.0, 159.74927776460413, 0.0, 0.0, 0.0, 0.0, 0.0, 0.0, 0.0, 790.2920462239636, 0.0, 0.0, 0.0, 0.0, 0.0, 0.0, 0.0, 0.0, 0.0, 0.0, 0.0, 0.0, 0.0, 0.0, 0.0, 0.0, 0.0, 0.0, 0.0, 0.0, 267.88883685741484, 162.76396730940394, 0.0, 0.0, 0.0, 0.0, 0.0, 0.0, 0.0, 0.0, 801.8182784537813, 0.0, 0.0, 0.0, 0.0, 0.0, 0.0, 0.0, 230.10365988083151, 0.0, 0.0, 0.0, 0.0, 0.0, 0.0, 0.0, 0.0, 0.0, 0.0, 0.0, 0.0, 0.0, 0.0, 0.0, 0.0, 0.0, 0.0, 0.0, 766.9028966613095, 169.90542388341441, 0.0, 0.0, 0.0, 0.0, 0.0, 788.0676453629844, 0.0, 0.0, 0.0, 0.0, 0.0, 0.0, 0.0, 0.0, 808.7518959262451, 0.0, 0.0, 0.0, 0.0, 0.0, 0.0, 0.0, 0.0, 0.0, 0.0, 0.0, 785.2048017647944, 783.4253218261068, 0.0, 0.0, 800.6917936942327, 0.0, 0.0, 0.0, 0.0, 798.7180194032237, 0.0, 0.0, 0.0, 752.4772811801018, 0.0, 282.89737174499686, 0.0, 756.9491085337742, 278.151440430506, 798.2154299885785, 0.0, 0.0, 0.0, 795.7950575749368, 0.0, 0.0, 0.0, 0.0, 0.0, 0.0, 0.0, 0.0, 0.0, 0.0, 0.0, 0.0, 0.0, 0.0, 0.0, 0.0]
INFORMACIÓN : 15apuestaBundle [808.7518959262451, 769.0880265315126, 766.9028966613095, 742.2777448288524, 267.88883685741484]
INFORMACIÓN : 15positionsBundle [1906, 352, 522, 192, 1561]
INFORMACIÓN : 15levelsBundle [3, 3, 3, 3, 2]
INFORMACIÓN : 15positionsOrdered [1906, 352, 522, 192, 1561]
INFORMACIÓN : 15levelsOrdered [3, 3, 3, 3, 2]
INFORMACIÓN : 15partialityOrdered [3, 3, 3, 3, 2]
INFORMACIÓN : 15arrivalTimes [8.56018285917484, 39.81718207535041, 60.0409304915071, 81.23055059192419, 123.00374774033503]
INFORMACIÓN : 16historia0[0.0, 0.0, 742.2777448288524, 0.0, 769.0880265315126, 0.0, 0.0, 163.1339803770928, 0.0, 0.0, 0.0, 0.0, 0.0, 0.0, 167.0938846233305, 0.0, 179.17738681246124, 0.0, 0.0, 0.0, 0.0, 0.0, 0.0, 0.0, 0.0, 0.0, 0.0, 0.0, 0.0, 0.0, 0.0, 0.0, 0.0, 0.0, 159.74927776460413, 0.0, 0.0, 0.0, 0.0, 0.0, 0.0, 0.0, 790.2920462239636, 0.0, 0.0, 0.0, 0.0, 0.0, 0.0, 0.0, 0.0, 0.0, 0.0, 0.0, 0.0, 0.0, 0.0, 0.0, 0.0, 0.0, 0.0, 0.0, 0.0, 267.88883685741484, 162.76396730940394, 0.0, 0.0, 0.0, 0.0, 0.0, 0.0, 0.0, 0.0, 801.8182784537813, 0.0, 0.0, 0.0, 0.0, 0.0, 0.0, 0.0, 230.10365988083151, 0.0, 0.0, 0.0, 0.0, 0.0, 0.0, 0.0, 0.0, 0.0, 0.0, 0.0, 0.0, 0.0, 0.0, 0.0, 0.0, 0.0, 0.0, 0.0, 766.9028966613095, 169.90542388341441, 0.0, 0.0, 0.0, 0.0, 0.0, 788.0676453629844, 0.0, 0.0, 0.0, 0.0, 0.0, 0.0, 0.0, 0.0, 808.7518959262451, 0.0, 0.0, 0.0, 0.0, 0.0, 0.0, 0.0, 0.0, 0.0, 0.0, 0.0, 785.2048017647944, 783.4253218261068, 0.0, 0.0, 800.6917936942327, 0.0, 0.0, 0.0, 0.0, 798.7180194032237, 0.0, 0.0, 0.0, 752.4772811801018, 0.0, 282.89737174499686, 0.0, 756.9491085337742, 278.151440430506, 798.2154299885785, 0.0, 0.0, 0.0, 795.7950575749368, 0.0, 0.0, 0.0, 0.0, 0.0, 0.0, 0.0, 0.0, 0.0, 0.0, 0.0, 0.0, 0.0, 0.0, 0.0, 0.0]
INFORMACIÓN : 16apuestaBundle [808.7518959262451, 769.0880265315126, 766.9028966613095, 742.2777448288524, 267.88883685741484]
INFORMACIÓN : 16positionsBundle [1906, 352, 522, 192, 1561]
INFORMACIÓN : 16levelsBundle [3, 3, 3, 3, 2]
INFORMACIÓN : 16positionsOrdered [1906, 352, 522, 192, 1561]
INFORMACIÓN : 16levelsOrdered [3, 3, 3, 3, 2]
INFORMACIÓN : 16partialityOrdered [3, 3, 3, 3, 2]
INFORMACIÓN : 16arrivalTimes [8.56018285917484, 39.81718207535041, 60.0409304915071, 81.23055059192419, 123.00374774033503]
INFORMACIÓN : 17historia0[0.0, 0.0, 742.2777448288524, 0.0, 769.0880265315126, 0.0, 0.0, 163.1339803770928, 0.0, 0.0, 0.0, 0.0, 0.0, 0.0, 167.0938846233305, 0.0, 0.0, 0.0, 0.0, 0.0, 0.0, 0.0, 0.0, 0.0, 0.0, 0.0, 0.0, 0.0, 0.0, 0.0, 0.0, 0.0, 0.0, 0.0, 159.74927776460413, 0.0, 0.0, 0.0, 0.0, 0.0, 0.0, 0.0, 790.2920462239636, 0.0, 0.0, 0.0, 0.0, 0.0, 0.0, 0.0, 0.0, 0.0, 0.0, 0.0, 0.0, 0.0, 0.0, 0.0, 0.0, 0.0, 0.0, 0.0, 0.0, 267.88883685741484, 162.76396730940394, 748.3779263872981, 0.0, 0.0, 0.0, 0.0, 0.0, 0.0, 749.9479011572861, 801.8182784537813, 0.0, 0.0, 0.0, 0.0, 0.0, 0.0, 0.0, 230.10365988083151, 0.0, 0.0, 0.0, 0.0, 0.0, 0.0, 0.0, 0.0, 0.0, 0.0, 0.0, 0.0, 0.0, 0.0, 0.0, 0.0, 0.0, 0.0, 0.0, 766.9028966613095, 169.90542388341441, 0.0, 0.0, 0.0, 0.0, 0.0, 788.0676453629844, 0.0, 0.0, 0.0, 0.0, 0.0, 0.0, 0.0, 0.0, 808.7518959262451, 0.0, 0.0, 0.0, 0.0, 0.0, 0.0, 0.0, 0.0, 0.0, 0.0, 0.0, 785.2048017647944, 783.4253218261068, 0.0, 0.0, 800.6917936942327, 0.0, 0.0, 0.0, 0.0, 798.7180194032237, 0.0, 0.0, 0.0, 752.4772811801018, 0.0, 282.89737174499686, 0.0, 756.9491085337742, 0.0, 798.2154299885785, 0.0, 0.0, 0.0, 795.7950575749368, 0.0, 0.0, 0.0, 0.0, 0.0, 0.0, 0.0, 0.0, 0.0, 0.0, 0.0, 0.0, 0.0, 0.0, 0.0, 0.0]
INFORMACIÓN : 17apuestaBundle [808.7518959262451, 769.0880265315126, 766.9028966613095, 742.2777448288524, 267.88883685741484]
INFORMACIÓN : 17positionsBundle [1906, 352, 522, 192, 1561]
INFORMACIÓN : 17levelsBundle [3, 3, 3, 3, 2]
INFORMACIÓN : 17positionsOrdered [1906, 352, 522, 192, 1561]
INFORMACIÓN : 17levelsOrdered [3, 3, 3, 3, 2]
INFORMACIÓN : 17partialityOrdered [3, 3, 3, 3, 2]
INFORMACIÓN : 17arrivalTimes [8.56018285917484, 39.81718207535041, 60.0409304915071, 81.23055059192419, 123.00374774033503]
INFORMACIÓN : 18historia0[0.0, 0.0, 742.2777448288524, 0.0, 769.0880265315126, 0.0, 0.0, 0.0, 0.0, 0.0, 0.0, 0.0, 0.0, 0.0, 0.0, 0.0, 0.0, 0.0, 0.0, 0.0, 0.0, 0.0, 0.0, 0.0, 0.0, 0.0, 0.0, 0.0, 0.0, 0.0, 0.0, 0.0, 0.0, 0.0, 0.0, 0.0, 278.0522986896891, 0.0, 0.0, 0.0, 0.0, 0.0, 790.2920462239636, 0.0, 0.0, 0.0, 0.0, 0.0, 0.0, 0.0, 0.0, 0.0, 0.0, 0.0, 0.0, 0.0, 0.0, 0.0, 0.0, 0.0, 0.0, 0.0, 0.0, 267.88883685741484, 0.0, 748.3779263872981, 0.0, 0.0, 0.0, 0.0, 0.0, 0.0, 749.9479011572861, 801.8182784537813, 0.0, 0.0, 0.0, 0.0, 0.0, 0.0, 0.0, 0.0, 0.0, 0.0, 0.0, 0.0, 0.0, 0.0, 0.0, 0.0, 0.0, 0.0, 0.0, 0.0, 0.0, 0.0, 0.0, 0.0, 0.0, 0.0, 0.0, 766.9028966613095, 0.0, 0.0, 0.0, 0.0, 0.0, 0.0, 788.0676453629844, 0.0, 0.0, 0.0, 0.0, 0.0, 0.0, 0.0, 0.0, 808.7518959262451, 0.0, 0.0, 0.0, 0.0, 0.0, 0.0, 0.0, 0.0, 0.0, 0.0, 0.0, 785.2048017647944, 783.4253218261068, 0.0, 0.0, 800.6917936942327, 0.0, 0.0, 0.0, 0.0, 798.7180194032237, 0.0, 0.0, 0.0, 752.4772811801018, 0.0, 282.89737174499686, 0.0, 756.9491085337742, 0.0, 798.2154299885785, 0.0, 0.0, 0.0, 795.7950575749368, 0.0, 0.0, 0.0, 0.0, 0.0, 0.0, 0.0, 0.0, 0.0, 0.0, 0.0, 0.0, 0.0, 0.0, 0.0, 0.0]
INFORMACIÓN : 18apuestaBundle [808.7518959262451, 769.0880265315126, 766.9028966613095, 742.2777448288524, 267.88883685741484]
INFORMACIÓN : 18positionsBundle [1906, 352, 522, 192, 1561]
INFORMACIÓN : 18levelsBundle [3, 3, 3, 3, 2]
INFORMACIÓN : 18positionsOrdered [1906, 352, 522, 192, 1561]
INFORMACIÓN : 18levelsOrdered [3, 3, 3, 3, 2]
INFORMACIÓN : 18partialityOrdered [3, 3, 3, 3, 2]
INFORMACIÓN : 18arrivalTimes [8.56018285917484, 39.81718207535041, 60.0409304915071, 81.23055059192419, 123.00374774033503]
INFORMACIÓN : depSat position 1906 level 3
INFORMACIÓN : depSat position 192 level 3
INFORMACIÓN : depSat position 1561 level 2
INFORMACIÓN : 19historia0[0.0, 0.0, 0.0, 0.0, 0.0, 0.0, 0.0, 0.0, 0.0, 0.0, 0.0, 0.0, 0.0, 0.0, 0.0, 0.0, 0.0, 0.0, 0.0, 0.0, 0.0, 0.0, 0.0, 0.0, 0.0, 0.0, 0.0, 0.0, 0.0, 0.0, 0.0, 0.0, 0.0, 0.0, 0.0, 0.0, 278.0522986896891, 0.0, 0.0, 0.0, 0.0, 0.0, 790.2920462239636, 0.0, 0.0, 0.0, 0.0, 0.0, 0.0, 0.0, 0.0, 0.0, 0.0, 0.0, 0.0, 0.0, 0.0, 0.0, 0.0, 0.0, 0.0, 0.0, 0.0, 0.0, 0.0, 0.0, 0.0, 0.0, 0.0, 0.0, 0.0, 0.0, 0.0, 801.8182784537813, 0.0, 0.0, 0.0, 0.0, 0.0, 0.0, 0.0, 0.0, 0.0, 0.0, 0.0, 0.0, 0.0, 0.0, 0.0, 0.0, 0.0, 259.4676215835112, 0.0, 0.0, 127.86207182171393, 0.0, 0.0, 0.0, 0.0, 0.0, 0.0, 0.0, 0.0, 0.0, 0.0, 0.0, 0.0, 0.0, 788.0676453629844, 0.0, 0.0, 0.0, 0.0, 0.0, 0.0, 0.0, 0.0, 0.0, 0.0, 0.0, 0.0, 0.0, 0.0, 0.0, 0.0, 0.0, 0.0, 0.0, 0.0, 785.2048017647944, 783.4253218261068, 0.0, 68.40242899473651, 800.6917936942327, 0.0, 0.0, 0.0, 0.0, 798.7180194032237, 0.0, 0.0, 0.0, 752.4772811801018, 68.40242899473651, 282.89737174499686, 0.0, 756.9491085337742, 278.151440430506, 798.2154299885785, 0.0, 0.0, 0.0, 795.7950575749368, 0.0, 269.4118149498678, 0.0, 0.0, 0.0, 0.0, 0.0, 0.0, 0.0, 0.0, 0.0, 0.0, 0.0, 0.0, 0.0, 0.0]
INFORMACIÓN : 19apuestaBundle [808.7518959262451, 769.0880265315126, 766.9028966613095, 742.2777448288524, 267.88883685741484]
INFORMACIÓN : 19positionsBundle [1906, 352, 522, 192, 1561]
INFORMACIÓN : 19levelsBundle [3, 3, 3, 3, 2]
INFORMACIÓN : 19positionsOrdered [1906, 352, 522, 192, 1561]
INFORMACIÓN : 19levelsOrdered [3, 3, 3, 3, 2]
INFORMACIÓN : 19partialityOrdered [3, 3, 3, 3, 2]
INFORMACIÓN : 19arrivalTimes [8.56018285917484, 39.81718207535041, 60.0409304915071, 81.23055059192419, 123.00374774033503]
INFORMACIÓN : 20historia0[0.0, 0.0, 742.2777448288524, 0.0, 769.0880265315126, 0.0, 0.0, 0.0, 0.0, 0.0, 0.0, 0.0, 0.0, 0.0, 0.0, 0.0, 0.0, 0.0, 0.0, 0.0, 0.0, 0.0, 0.0, 0.0, 0.0, 0.0, 0.0, 0.0, 0.0, 0.0, 0.0, 0.0, 0.0, 0.0, 0.0, 0.0, 0.0, 0.0, 0.0, 0.0, 0.0, 0.0, 790.2920462239636, 0.0, 0.0, 0.0, 0.0, 0.0, 0.0, 0.0, 0.0, 0.0, 0.0, 0.0, 0.0, 0.0, 0.0, 0.0, 0.0, 0.0, 0.0, 0.0, 0.0, 267.88883685741484, 0.0, 0.0, 0.0, 0.0, 0.0, 0.0, 0.0, 0.0, 0.0, 801.8182784537813, 0.0, 0.0, 0.0, 0.0, 0.0, 0.0, 0.0, 0.0, 169.95514281176838, 0.0, 0.0, 0.0, 0.0, 0.0, 0.0, 0.0, 0.0, 259.4676215835112, 0.0, 0.0, 127.86207182171393, 0.0, 0.0, 0.0, 0.0, 0.0, 0.0, 766.9028966613095, 0.0, 0.0, 345.37242064965506, 0.0, 0.0, 0.0, 788.0676453629844, 0.0, 345.37242064965506, 0.0, 0.0, 0.0, 0.0, 0.0, 0.0, 808.7518959262451, 0.0, 0.0, 0.0, 0.0, 0.0, 0.0, 0.0, 0.0, 0.0, 0.0, 0.0, 785.2048017647944, 783.4253218261068, 0.0, 68.40242899473651, 800.6917936942327, 0.0, 0.0, 0.0, 0.0, 798.7180194032237, 0.0, 0.0, 0.0, 752.4772811801018, 68.40242899473651, 0.0, 0.0, 756.9491085337742, 278.151440430506, 798.2154299885785, 0.0, 0.0, 0.0, 795.7950575749368, 0.0, 269.4118149498678, 269.94033239286216, 0.0, 0.0, 0.0, 0.0, 0.0, 0.0, 0.0, 0.0, 0.0, 0.0, 0.0, 0.0, 0.0]
INFORMACIÓN : 20apuestaBundle [808.7518959262451, 769.0880265315126, 766.9028966613095, 742.2777448288524, 267.88883685741484]
INFORMACIÓN : 20positionsBundle [1906, 352, 522, 192, 1561]
INFORMACIÓN : 20levelsBundle [3, 3, 3, 3, 2]
INFORMACIÓN : 20positionsOrdered [1906, 352, 522, 192, 1561]
INFORMACIÓN : 20levelsOrdered [3, 3, 3, 3, 2]
INFORMACIÓN : 20partialityOrdered [3, 3, 3, 3, 2]
INFORMACIÓN : 20arrivalTimes [8.56018285917484, 39.81718207535041, 60.0409304915071, 81.23055059192419, 123.00374774033503]
INFORMACIÓN : 21historia0[0.0, 0.0, 742.2777448288524, 0.0, 769.0880265315126, 0.0, 0.0, 0.0, 0.0, 0.0, 0.0, 0.0, 0.0, 0.0, 167.0938846233305, 0.0, 0.0, 0.0, 0.0, 0.0, 0.0, 0.0, 0.0, 0.0, 0.0, 0.0, 0.0, 0.0, 0.0, 0.0, 0.0, 0.0, 0.0, 0.0, 0.0, 0.0, 278.0522986896891, 0.0, 0.0, 0.0, 0.0, 0.0, 790.2920462239636, 0.0, 0.0, 0.0, 0.0, 0.0, 0.0, 0.0, 0.0, 0.0, 0.0, 0.0, 0.0, 0.0, 0.0, 0.0, 0.0, 0.0, 0.0, 0.0, 0.0, 267.88883685741484, 0.0, 0.0, 0.0, 0.0, 0.0, 0.0, 0.0, 0.0, 0.0, 801.8182784537813, 0.0, 0.0, 0.0, 0.0, 0.0, 0.0, 0.0, 0.0, 169.95514281176838, 0.0, 0.0, 0.0, 0.0, 0.0, 0.0, 0.0, 0.0, 259.4676215835112, 0.0, 0.0, 127.86207182171393, 0.0, 0.0, 0.0, 0.0, 0.0, 0.0, 766.9028966613095, 0.0, 0.0, 0.0, 0.0, 0.0, 0.0, 788.0676453629844, 0.0, 0.0, 0.0, 0.0, 0.0, 0.0, 0.0, 0.0, 808.7518959262451, 0.0, 0.0, 0.0, 0.0, 0.0, 0.0, 0.0, 0.0, 0.0, 0.0, 0.0, 785.2048017647944, 783.4253218261068, 0.0, 68.40242899473651, 800.6917936942327, 0.0, 0.0, 0.0, 0.0, 798.7180194032237, 0.0, 0.0, 0.0, 752.4772811801018, 68.40242899473651, 282.89737174499686, 0.0, 756.9491085337742, 278.151440430506, 798.2154299885785, 0.0, 0.0, 0.0, 795.7950575749368, 0.0, 269.4118149498678, 0.0, 0.0, 0.0, 0.0, 0.0, 0.0, 0.0, 0.0, 0.0, 0.0, 0.0, 0.0, 0.0, 0.0]
INFORMACIÓN : 21apuestaBundle [808.7518959262451, 769.0880265315126, 766.9028966613095, 742.2777448288524, 267.88883685741484]
INFORMACIÓN : 21positionsBundle [1906, 352, 522, 192, 1561]
INFORMACIÓN : 21levelsBundle [3, 3, 3, 3, 2]
INFORMACIÓN : 21positionsOrdered [1906, 352, 522, 192, 1561]
INFORMACIÓN : 21levelsOrdered [3, 3, 3, 3, 2]
INFORMACIÓN : 21partialityOrdered [3, 3, 3, 3, 2]
INFORMACIÓN : 21arrivalTimes [8.56018285917484, 39.81718207535041, 60.0409304915071, 81.23055059192419, 123.00374774033503]
INFORMACIÓN : 22historia0[0.0, 0.0, 742.2777448288524, 0.0, 769.0880265315126, 0.0, 0.0, 0.0, 0.0, 0.0, 0.0, 0.0, 0.0, 0.0, 167.0938846233305, 0.0, 0.0, 0.0, 0.0, 0.0, 0.0, 0.0, 0.0, 0.0, 0.0, 0.0, 0.0, 0.0, 0.0, 0.0, 0.0, 0.0, 0.0, 0.0, 0.0, 0.0, 278.0522986896891, 0.0, 0.0, 0.0, 0.0, 0.0, 790.2920462239636, 0.0, 0.0, 0.0, 0.0, 0.0, 0.0, 0.0, 0.0, 0.0, 0.0, 0.0, 0.0, 0.0, 0.0, 0.0, 0.0, 0.0, 0.0, 0.0, 0.0, 267.88883685741484, 0.0, 0.0, 0.0, 0.0, 0.0, 0.0, 0.0, 0.0, 0.0, 801.8182784537813, 0.0, 0.0, 0.0, 0.0, 0.0, 0.0, 0.0, 0.0, 169.95514281176838, 0.0, 0.0, 0.0, 0.0, 0.0, 0.0, 0.0, 0.0, 259.4676215835112, 0.0, 0.0, 127.86207182171393, 0.0, 0.0, 0.0, 0.0, 0.0, 0.0, 766.9028966613095, 0.0, 0.0, 0.0, 0.0, 0.0, 0.0, 788.0676453629844, 0.0, 0.0, 0.0, 0.0, 0.0, 0.0, 0.0, 0.0, 808.7518959262451, 0.0, 0.0, 0.0, 0.0, 0.0, 0.0, 0.0, 0.0, 0.0, 0.0, 0.0, 785.2048017647944, 783.4253218261068, 0.0, 68.40242899473651, 800.6917936942327, 0.0, 0.0, 0.0, 0.0, 798.7180194032237, 0.0, 0.0, 0.0, 752.4772811801018, 68.40242899473651, 282.89737174499686, 0.0, 756.9491085337742, 278.151440430506, 798.2154299885785, 0.0, 0.0, 0.0, 795.7950575749368, 0.0, 269.4118149498678, 0.0, 0.0, 0.0, 0.0, 0.0, 0.0, 0.0, 0.0, 0.0, 0.0, 0.0, 0.0, 0.0, 0.0]
INFORMACIÓN : 22apuestaBundle [808.7518959262451, 769.0880265315126, 766.9028966613095, 742.2777448288524, 267.88883685741484]
INFORMACIÓN : 22positionsBundle [1906, 352, 522, 192, 1561]
INFORMACIÓN : 22levelsBundle [3, 3, 3, 3, 2]
INFORMACIÓN : 22positionsOrdered [1906, 352, 522, 192, 1561]
INFORMACIÓN : 22levelsOrdered [3, 3, 3, 3, 2]
INFORMACIÓN : 22partialityOrdered [3, 3, 3, 3, 2]
INFORMACIÓN : 22arrivalTimes [8.56018285917484, 39.81718207535041, 60.0409304915071, 81.23055059192419, 123.00374774033503]
INFORMACIÓN : 23historia0[750.5268212568008, 0.0, 742.2777448288524, 0.0, 769.0880265315126, 0.0, 0.0, 0.0, 0.0, 0.0, 0.0, 0.0, 0.0, 0.0, 167.0938846233305, 0.0, 0.0, 0.0, 0.0, 0.0, 0.0, 0.0, 0.0, 0.0, 0.0, 0.0, 0.0, 0.0, 0.0, 0.0, 0.0, 0.0, 0.0, 0.0, 0.0, 0.0, 278.0522986896891, 0.0, 0.0, 0.0, 0.0, 806.5807434676625, 790.2920462239636, 0.0, 0.0, 0.0, 0.0, 752.7423294673208, 0.0, 0.0, 0.0, 0.0, 0.0, 0.0, 0.0, 0.0, 0.0, 0.0, 0.0, 0.0, 0.0, 0.0, 0.0, 267.88883685741484, 0.0, 748.3779263872981, 0.0, 0.0, 0.0, 0.0, 0.0, 0.0, 749.9479011572861, 801.8182784537813, 0.0, 0.0, 0.0, 0.0, 0.0, 0.0, 0.0, 0.0, 169.95514281176838, 0.0, 0.0, 0.0, 0.0, 0.0, 0.0, 0.0, 0.0, 0.0, 0.0, 0.0, 127.86207182171393, 0.0, 0.0, 0.0, 0.0, 0.0, 0.0, 766.9028966613095, 0.0, 0.0, 0.0, 0.0, 0.0, 0.0, 788.0676453629844, 0.0, 0.0, 0.0, 0.0, 0.0, 0.0, 0.0, 0.0, 808.7518959262451, 0.0, 0.0, 0.0, 0.0, 0.0, 0.0, 0.0, 0.0, 0.0, 0.0, 0.0, 785.2048017647944, 783.4253218261068, 0.0, 68.40242899473651, 800.6917936942327, 0.0, 0.0, 0.0, 0.0, 798.7180194032237, 0.0, 0.0, 0.0, 752.4772811801018, 68.40242899473651, 282.89737174499686, 0.0, 756.9491085337742, 0.0, 798.2154299885785, 0.0, 0.0, 0.0, 795.7950575749368, 0.0, 269.4118149498678, 0.0, 0.0, 0.0, 0.0, 0.0, 0.0, 0.0, 0.0, 0.0, 0.0, 0.0, 0.0, 0.0, 0.0]
INFORMACIÓN : 23apuestaBundle [808.7518959262451, 769.0880265315126, 766.9028966613095, 742.2777448288524, 267.88883685741484]
INFORMACIÓN : 23positionsBundle [1906, 352, 522, 192, 1561]
INFORMACIÓN : 23levelsBundle [3, 3, 3, 3, 2]
INFORMACIÓN : 23positionsOrdered [1906, 352, 522, 192, 1561]
INFORMACIÓN : 23levelsOrdered [3, 3, 3, 3, 2]
INFORMACIÓN : 23partialityOrdered [3, 3, 3, 3, 2]
INFORMACIÓN : 23arrivalTimes [8.56018285917484, 39.81718207535041, 60.0409304915071, 81.23055059192419, 123.00374774033503]
INFORMACIÓN : 24historia0[755.8617844010641, 751.3801398898687, 742.2777448288524, 0.0, 769.0880265315126, 0.0, 0.0, 0.0, 0.0, 0.0, 0.0, 0.0, 0.0, 0.0, 0.0, 0.0, 0.0, 0.0, 0.0, 0.0, 0.0, 0.0, 0.0, 0.0, 0.0, 0.0, 0.0, 0.0, 0.0, 0.0, 0.0, 0.0, 0.0, 0.0, 0.0, 0.0, 278.0522986896891, 0.0, 0.0, 0.0, 0.0, 806.4356421181228, 790.2920462239636, 0.0, 0.0, 0.0, 0.0, 754.6029967837652, 0.0, 0.0, 0.0, 0.0, 0.0, 0.0, 0.0, 0.0, 0.0, 0.0, 0.0, 0.0, 0.0, 0.0, 0.0, 267.88883685741484, 0.0, 748.3779263872981, 0.0, 0.0, 0.0, 0.0, 0.0, 0.0, 749.9479011572861, 801.8182784537813, 0.0, 0.0, 0.0, 0.0, 0.0, 0.0, 0.0, 0.0, 0.0, 262.70975883646076, 0.0, 0.0, 0.0, 0.0, 0.0, 0.0, 0.0, 0.0, 0.0, 0.0, 0.0, 0.0, 0.0, 0.0, 0.0, 0.0, 0.0, 766.9028966613095, 0.0, 0.0, 0.0, 0.0, 0.0, 0.0, 788.0676453629844, 0.0, 0.0, 0.0, 0.0, 0.0, 0.0, 0.0, 0.0, 808.7518959262451, 0.0, 0.0, 0.0, 0.0, 0.0, 0.0, 0.0, 0.0, 0.0, 0.0, 0.0, 785.2048017647944, 783.4253218261068, 0.0, 0.0, 800.6917936942327, 0.0, 0.0, 0.0, 0.0, 798.7180194032237, 0.0, 0.0, 0.0, 752.4772811801018, 0.0, 282.89737174499686, 0.0, 756.9491085337742, 0.0, 798.2154299885785, 0.0, 0.0, 0.0, 795.7950575749368, 0.0, 0.0, 269.94033239286216, 0.0, 0.0, 0.0, 0.0, 0.0, 0.0, 0.0, 0.0, 0.0, 0.0, 0.0, 0.0, 0.0]
INFORMACIÓN : 24apuestaBundle [808.7518959262451, 769.0880265315126, 766.9028966613095, 742.2777448288524, 267.88883685741484]
INFORMACIÓN : 24positionsBundle [1906, 352, 522, 192, 1561]
INFORMACIÓN : 24levelsBundle [3, 3, 3, 3, 2]
INFORMACIÓN : 24positionsOrdered [1906, 352, 522, 192, 1561]
INFORMACIÓN : 24levelsOrdered [3, 3, 3, 3, 2]
INFORMACIÓN : 24partialityOrdered [3, 3, 3, 3, 2]
INFORMACIÓN : 24arrivalTimes [8.56018285917484, 39.81718207535041, 60.0409304915071, 81.23055059192419, 123.00374774033503]
INFORMACIÓN : depSat position 192 level 3
INFORMACIÓN : depSat position 1561 level 2
INFORMACIÓN : 25historia0[755.8617844010641, 751.3801398898687, 0.0, 0.0, 769.0880265315126, 0.0, 0.0, 0.0, 0.0, 0.0, 0.0, 0.0, 0.0, 0.0, 0.0, 0.0, 0.0, 0.0, 0.0, 0.0, 0.0, 0.0, 0.0, 0.0, 0.0, 0.0, 0.0, 0.0, 0.0, 0.0, 262.1597083434946, 0.0, 0.0, 0.0, 0.0, 0.0, 278.0522986896891, 0.0, 0.0, 0.0, 0.0, 806.4356421181228, 790.2920462239636, 0.0, 0.0, 0.0, 0.0, 754.6029967837652, 0.0, 0.0, 0.0, 0.0, 0.0, 0.0, 0.0, 0.0, 0.0, 0.0, 0.0, 0.0, 0.0, 66.54571885338555, 0.0, 0.0, 0.0, 0.0, 0.0, 0.0, 0.0, 0.0, 0.0, 0.0, 0.0, 801.8182784537813, 0.0, 0.0, 0.0, 0.0, 0.0, 0.0, 0.0, 0.0, 0.0, 262.70975883646076, 0.0, 0.0, 0.0, 0.0, 0.0, 0.0, 0.0, 0.0, 0.0, 0.0, 0.0, 0.0, 0.0, 0.0, 0.0, 0.0, 0.0, 766.9028966613095, 0.0, 0.0, 0.0, 0.0, 0.0, 0.0, 788.0676453629844, 0.0, 0.0, 0.0, 0.0, 0.0, 0.0, 0.0, 0.0, 808.7518959262451, 0.0, 0.0, 0.0, 0.0, 0.0, 0.0, 0.0, 0.0, 0.0, 0.0, 0.0, 785.2048017647944, 783.4253218261068, 0.0, 0.0, 800.6917936942327, 0.0, 0.0, 0.0, 0.0, 798.7180194032237, 0.0, 0.0, 0.0, 752.4772811801018, 68.40242899473651, 282.89737174499686, 0.0, 756.9491085337742, 278.151440430506, 798.2154299885785, 0.0, 0.0, 0.0, 795.7950575749368, 0.0, 0.0, 0.0, 0.0, 0.0, 0.0, 0.0, 0.0, 0.0, 0.0, 0.0, 0.0, 0.0, 0.0, 0.0, 0.0]
INFORMACIÓN : 25apuestaBundle [808.7518959262451, 769.0880265315126, 766.9028966613095, 336.3324985202413, 336.3324985202413, 230.10365988083117]
INFORMACIÓN : 25positionsBundle [1906, 352, 522, 192, 192, 1748]
INFORMACIÓN : 25levelsBundle [3, 3, 3, 2, 2, 2]
INFORMACIÓN : 25positionsOrdered [1906, 352, 522, 192, 192, 1748]
INFORMACIÓN : 25levelsOrdered [3, 3, 3, 2, 2, 2]
INFORMACIÓN : 25partialityOrdered [3, 3, 3, 3, 3, 2]
INFORMACIÓN : 25arrivalTimes [8.56018285917484, 39.81718207535041, 60.0409304915071, 81.23055059192419, 81.23055059192419, 112.80585739961808]
INFORMACIÓN : mutexSat position 192 level 2
INFORMACIÓN : timeSat position 192 level 2
INFORMACIÓN : 26historia0[755.8617844010641, 751.3801398898687, 0.0, 0.0, 769.0880265315126, 0.0, 0.0, 163.1339803770928, 0.0, 0.0, 0.0, 0.0, 0.0, 0.0, 167.0938846233305, 0.0, 0.0, 0.0, 0.0, 0.0, 0.0, 0.0, 0.0, 0.0, 0.0, 0.0, 0.0, 0.0, 0.0, 0.0, 0.0, 0.0, 0.0, 0.0, 0.0, 0.0, 0.0, 0.0, 0.0, 0.0, 0.0, 806.4356421181228, 790.2920462239636, 0.0, 0.0, 0.0, 0.0, 754.6029967837652, 0.0, 0.0, 0.0, 0.0, 0.0, 0.0, 0.0, 0.0, 0.0, 0.0, 0.0, 0.0, 0.0, 0.0, 0.0, 0.0, 0.0, 0.0, 0.0, 0.0, 0.0, 0.0, 0.0, 0.0, 0.0, 801.8182784537813, 0.0, 0.0, 0.0, 0.0, 0.0, 0.0, 0.0, 0.0, 169.95514281176838, 262.70975883646076, 0.0, 0.0, 0.0, 0.0, 0.0, 0.0, 0.0, 259.4676215835112, 0.0, 0.0, 0.0, 0.0, 0.0, 0.0, 0.0, 0.0, 0.0, 766.9028966613095, 0.0, 0.0, 345.37242064965506, 0.0, 0.0, 0.0, 788.0676453629844, 0.0, 345.37242064965506, 0.0, 0.0, 0.0, 0.0, 0.0, 0.0, 808.7518959262451, 0.0, 0.0, 0.0, 0.0, 0.0, 0.0, 0.0, 0.0, 0.0, 0.0, 0.0, 785.2048017647944, 783.4253218261068, 0.0, 0.0, 800.6917936942327, 0.0, 0.0, 0.0, 0.0, 798.7180194032237, 0.0, 0.0, 0.0, 752.4772811801018, 0.0, 0.0, 0.0, 756.9491085337742, 278.151440430506, 798.2154299885785, 0.0, 0.0, 0.0, 795.7950575749368, 0.0, 0.0, 0.0, 0.0, 0.0, 0.0, 0.0, 0.0, 0.0, 0.0, 0.0, 0.0, 0.0, 0.0, 0.0, 0.0]
INFORMACIÓN : 26apuestaBundle [808.7518959262451, 769.0880265315126, 766.9028966613095, 267.88883685741484, 230.10365988083117]
INFORMACIÓN : 26positionsBundle [1906, 352, 522, 1561, 1748]
INFORMACIÓN : 26levelsBundle [3, 3, 3, 2, 2]
INFORMACIÓN : 26positionsOrdered [1906, 352, 522, 1561, 1748]
INFORMACIÓN : 26levelsOrdered [3, 3, 3, 2, 2]
INFORMACIÓN : 26partialityOrdered [3, 3, 3, 2, 2]
INFORMACIÓN : 26arrivalTimes [8.56018285917484, 39.81718207535041, 60.0409304915071, 83.74746967376649, 120.86889206030766]
INFORMACIÓN : 27historia0[755.8617844010641, 751.3801398898687, 0.0, 0.0, 769.0880265315126, 0.0, 0.0, 163.1339803770928, 0.0, 0.0, 0.0, 0.0, 0.0, 0.0, 0.0, 0.0, 141.12598603092238, 349.4512291057257, 0.0, 0.0, 0.0, 0.0, 0.0, 0.0, 0.0, 0.0, 0.0, 0.0, 0.0, 0.0, 0.0, 0.0, 0.0, 0.0, 0.0, 0.0, 0.0, 0.0, 0.0, 0.0, 0.0, 806.4356421181228, 790.2920462239636, 0.0, 0.0, 0.0, 0.0, 754.6029967837652, 0.0, 0.0, 0.0, 0.0, 0.0, 0.0, 0.0, 0.0, 0.0, 0.0, 0.0, 0.0, 0.0, 0.0, 0.0, 267.88883685741484, 162.76396730940394, 0.0, 0.0, 0.0, 0.0, 0.0, 0.0, 0.0, 0.0, 801.8182784537813, 0.0, 0.0, 0.0, 0.0, 0.0, 0.0, 0.0, 0.0, 0.0, 262.70975883646076, 0.0, 0.0, 0.0, 0.0, 0.0, 0.0, 0.0, 259.4676215835112, 0.0, 0.0, 0.0, 0.0, 0.0, 230.10365988083117, 0.0, 0.0, 0.0, 766.9028966613095, 169.90542388341441, 0.0, 345.37242064965506, 0.0, 0.0, 0.0, 788.0676453629844, 0.0, 0.0, 0.0, 0.0, 0.0, 0.0, 0.0, 0.0, 808.7518959262451, 0.0, 0.0, 0.0, 0.0, 0.0, 0.0, 0.0, 0.0, 0.0, 0.0, 0.0, 785.2048017647944, 783.4253218261068, 0.0, 0.0, 800.6917936942327, 0.0, 0.0, 0.0, 0.0, 798.7180194032237, 0.0, 0.0, 0.0, 752.4772811801018, 0.0, 0.0, 0.0, 756.9491085337742, 278.151440430506, 798.2154299885785, 0.0, 0.0, 0.0, 795.7950575749368, 0.0, 269.4118149498678, 0.0, 0.0, 0.0, 0.0, 0.0, 0.0, 0.0, 0.0, 0.0, 0.0, 0.0, 0.0, 0.0, 0.0]
INFORMACIÓN : 27apuestaBundle [808.7518959262451, 769.0880265315126, 766.9028966613095, 267.88883685741484, 230.10365988083117]
INFORMACIÓN : 27positionsBundle [1906, 352, 522, 1561, 1748]
INFORMACIÓN : 27levelsBundle [3, 3, 3, 2, 2]
INFORMACIÓN : 27positionsOrdered [1906, 352, 522, 1561, 1748]
INFORMACIÓN : 27levelsOrdered [3, 3, 3, 2, 2]
INFORMACIÓN : 27partialityOrdered [3, 3, 3, 2, 2]
INFORMACIÓN : 27arrivalTimes [8.56018285917484, 39.81718207535041, 60.0409304915071, 83.74746967376649, 120.86889206030766]
INFORMACIÓN : 28historia0[755.8617844010641, 751.3801398898687, 0.0, 0.0, 769.0880265315126, 0.0, 0.0, 0.0, 0.0, 0.0, 0.0, 0.0, 0.0, 0.0, 0.0, 0.0, 0.0, 349.4512291057257, 0.0, 0.0, 0.0, 0.0, 0.0, 0.0, 0.0, 0.0, 0.0, 0.0, 0.0, 0.0, 0.0, 0.0, 0.0, 0.0, 0.0, 0.0, 278.0522986896891, 0.0, 0.0, 0.0, 0.0, 806.4356421181228, 790.2920462239636, 0.0, 0.0, 0.0, 0.0, 754.6029967837652, 0.0, 0.0, 0.0, 0.0, 0.0, 0.0, 0.0, 0.0, 0.0, 0.0, 0.0, 0.0, 0.0, 0.0, 0.0, 267.88883685741484, 0.0, 0.0, 0.0, 0.0, 0.0, 0.0, 0.0, 0.0, 790.7483086044344, 801.8182784537813, 0.0, 0.0, 0.0, 0.0, 0.0, 0.0, 0.0, 0.0, 0.0, 262.70975883646076, 0.0, 0.0, 0.0, 0.0, 0.0, 0.0, 0.0, 259.4676215835112, 0.0, 0.0, 0.0, 0.0, 0.0, 230.10365988083117, 0.0, 0.0, 0.0, 766.9028966613095, 169.90542388341441, 0.0, 0.0, 0.0, 0.0, 0.0, 788.0676453629844, 0.0, 0.0, 0.0, 0.0, 0.0, 0.0, 0.0, 0.0, 808.7518959262451, 0.0, 0.0, 0.0, 0.0, 0.0, 0.0, 0.0, 0.0, 0.0, 0.0, 0.0, 785.2048017647944, 783.4253218261068, 0.0, 0.0, 800.6917936942327, 0.0, 0.0, 0.0, 0.0, 798.7180194032237, 0.0, 0.0, 0.0, 752.4772811801018, 0.0, 282.89737174499686, 0.0, 756.9491085337742, 278.151440430506, 798.2154299885785, 0.0, 0.0, 0.0, 795.7950575749368, 0.0, 269.4118149498678, 0.0, 0.0, 0.0, 0.0, 0.0, 0.0, 0.0, 0.0, 0.0, 0.0, 0.0, 0.0, 0.0, 0.0]
INFORMACIÓN : 28apuestaBundle [808.7518959262451, 769.0880265315126, 766.9028966613095, 267.88883685741484, 230.10365988083117]
INFORMACIÓN : 28positionsBundle [1906, 352, 522, 1561, 1748]
INFORMACIÓN : 28levelsBundle [3, 3, 3, 2, 2]
INFORMACIÓN : 28positionsOrdered [1906, 352, 522, 1561, 1748]
INFORMACIÓN : 28levelsOrdered [3, 3, 3, 2, 2]
INFORMACIÓN : 28partialityOrdered [3, 3, 3, 2, 2]
INFORMACIÓN : 28arrivalTimes [8.56018285917484, 39.81718207535041, 60.0409304915071, 83.74746967376649, 120.86889206030766]
INFORMACIÓN : 29historia0[755.8617844010641, 751.3801398898687, 0.0, 0.0, 769.0880265315126, 0.0, 0.0, 0.0, 0.0, 0.0, 0.0, 0.0, 0.0, 0.0, 0.0, 0.0, 0.0, 349.4512291057257, 0.0, 0.0, 0.0, 0.0, 0.0, 0.0, 0.0, 0.0, 0.0, 0.0, 0.0, 0.0, 0.0, 0.0, 0.0, 0.0, 0.0, 0.0, 278.0522986896891, 0.0, 0.0, 0.0, 0.0, 806.4356421181228, 790.2920462239636, 0.0, 0.0, 0.0, 0.0, 754.6029967837652, 0.0, 0.0, 0.0, 0.0, 0.0, 0.0, 0.0, 0.0, 0.0, 0.0, 0.0, 0.0, 0.0, 0.0, 0.0, 267.88883685741484, 0.0, 0.0, 0.0, 0.0, 0.0, 0.0, 0.0, 0.0, 790.7483086044344, 801.8182784537813, 0.0, 0.0, 0.0, 0.0, 0.0, 0.0, 0.0, 0.0, 0.0, 262.70975883646076, 0.0, 0.0, 0.0, 0.0, 0.0, 0.0, 0.0, 0.0, 0.0, 0.0, 0.0, 0.0, 0.0, 230.10365988083117, 0.0, 0.0, 0.0, 766.9028966613095, 169.90542388341441, 0.0, 0.0, 0.0, 0.0, 0.0, 788.0676453629844, 0.0, 322.4001598503944, 0.0, 0.0, 0.0, 0.0, 0.0, 0.0, 808.7518959262451, 0.0, 0.0, 0.0, 0.0, 0.0, 0.0, 0.0, 0.0, 0.0, 0.0, 0.0, 785.2048017647944, 783.4253218261068, 0.0, 0.0, 800.6917936942327, 0.0, 0.0, 0.0, 0.0, 798.7180194032237, 0.0, 0.0, 0.0, 752.4772811801018, 0.0, 282.89737174499686, 0.0, 756.9491085337742, 278.151440430506, 798.2154299885785, 0.0, 0.0, 0.0, 795.7950575749368, 0.0, 269.4118149498678, 0.0, 0.0, 0.0, 0.0, 0.0, 0.0, 0.0, 0.0, 0.0, 0.0, 0.0, 0.0, 0.0, 0.0]
INFORMACIÓN : 29apuestaBundle [808.7518959262451, 769.0880265315126, 766.9028966613095, 267.88883685741484, 230.10365988083117]
INFORMACIÓN : 29positionsBundle [1906, 352, 522, 1561, 1748]
INFORMACIÓN : 29levelsBundle [3, 3, 3, 2, 2]
INFORMACIÓN : 29positionsOrdered [1906, 352, 522, 1561, 1748]
INFORMACIÓN : 29levelsOrdered [3, 3, 3, 2, 2]
INFORMACIÓN : 29partialityOrdered [3, 3, 3, 2, 2]
INFORMACIÓN : 29arrivalTimes [8.56018285917484, 39.81718207535041, 60.0409304915071, 83.74746967376649, 120.86889206030766]
INFORMACIÓN : 30historia0[755.8617844010641, 751.3801398898687, 766.1392457145048, 0.0, 769.0880265315126, 0.0, 0.0, 0.0, 0.0, 0.0, 0.0, 0.0, 0.0, 0.0, 0.0, 0.0, 141.12598603092238, 0.0, 0.0, 0.0, 0.0, 0.0, 0.0, 0.0, 0.0, 0.0, 0.0, 0.0, 0.0, 0.0, 0.0, 0.0, 0.0, 0.0, 0.0, 0.0, 278.0522986896891, 0.0, 0.0, 0.0, 380.86904942558067, 806.4356421181228, 790.2920462239636, 0.0, 0.0, 0.0, 0.0, 754.6029967837652, 0.0, 0.0, 0.0, 0.0, 0.0, 0.0, 0.0, 380.86904942558067, 0.0, 0.0, 0.0, 0.0, 0.0, 0.0, 0.0, 267.88883685741484, 0.0, 0.0, 0.0, 0.0, 0.0, 0.0, 0.0, 0.0, 790.7483086044344, 801.8182784537813, 0.0, 0.0, 0.0, 0.0, 0.0, 0.0, 0.0, 242.03710160972946, 0.0, 0.0, 0.0, 0.0, 0.0, 0.0, 0.0, 0.0, 0.0, 0.0, 0.0, 0.0, 0.0, 0.0, 0.0, 230.10365988083117, 0.0, 0.0, 0.0, 766.9028966613095, 0.0, 0.0, 0.0, 0.0, 0.0, 0.0, 0.0, 0.0, 322.4001598503944, 0.0, 0.0, 0.0, 0.0, 0.0, 0.0, 808.7518959262451, 0.0, 0.0, 0.0, 0.0, 0.0, 0.0, 0.0, 0.0, 0.0, 0.0, 0.0, 0.0, 783.4253218261068, 0.0, 0.0, 800.6917936942327, 0.0, 0.0, 0.0, 0.0, 798.7180194032237, 0.0, 0.0, 0.0, 752.4772811801018, 0.0, 282.89737174499686, 0.0, 756.9491085337742, 278.151440430506, 798.2154299885785, 0.0, 0.0, 0.0, 795.7950575749368, 0.0, 0.0, 0.0, 0.0, 0.0, 0.0, 0.0, 0.0, 0.0, 0.0, 0.0, 0.0, 0.0, 0.0, 0.0, 0.0]
INFORMACIÓN : 30apuestaBundle [808.7518959262451, 769.0880265315126, 766.9028966613095, 267.88883685741484, 230.10365988083117]
INFORMACIÓN : 30positionsBundle [1906, 352, 522, 1561, 1748]
INFORMACIÓN : 30levelsBundle [3, 3, 3, 2, 2]
INFORMACIÓN : 30positionsOrdered [1906, 352, 522, 1561, 1748]
INFORMACIÓN : 30levelsOrdered [3, 3, 3, 2, 2]
INFORMACIÓN : 30partialityOrdered [3, 3, 3, 2, 2]
INFORMACIÓN : 30arrivalTimes [8.56018285917484, 39.81718207535041, 60.0409304915071, 83.74746967376649, 120.86889206030766]
INFORMACIÓN : 31historia0[755.8617844010641, 0.0, 775.1874211662356, 0.0, 769.0880265315126, 0.0, 0.0, 0.0, 0.0, 0.0, 0.0, 0.0, 0.0, 0.0, 0.0, 0.0, 141.12598603092238, 0.0, 0.0, 0.0, 0.0, 0.0, 0.0, 0.0, 0.0, 0.0, 0.0, 0.0, 0.0, 0.0, 0.0, 0.0, 0.0, 0.0, 0.0, 0.0, 278.0522986896891, 0.0, 0.0, 0.0, 0.0, 806.4356421181228, 0.0, 0.0, 0.0, 0.0, 0.0, 0.0, 0.0, 0.0, 0.0, 0.0, 0.0, 0.0, 0.0, 0.0, 0.0, 0.0, 0.0, 0.0, 0.0, 0.0, 0.0, 267.88883685741484, 0.0, 0.0, 0.0, 0.0, 0.0, 0.0, 0.0, 0.0, 790.7483086044344, 801.8182784537813, 343.9353590628862, 0.0, 0.0, 0.0, 0.0, 0.0, 0.0, 0.0, 0.0, 0.0, 334.16927157040544, 0.0, 0.0, 0.0, 0.0, 0.0, 0.0, 0.0, 0.0, 0.0, 0.0, 0.0, 0.0, 230.10365988083117, 0.0, 0.0, 0.0, 766.9028966613095, 0.0, 0.0, 0.0, 343.9353590628862, 0.0, 0.0, 790.9420953413801, 0.0, 0.0, 0.0, 333.9516769302908, 0.0, 0.0, 327.17941743232853, 0.0, 808.7518959262451, 0.0, 0.0, 0.0, 0.0, 0.0, 333.9516769302908, 0.0, 0.0, 0.0, 0.0, 0.0, 790.1530822201258, 783.4253218261068, 0.0, 0.0, 804.2267973857469, 0.0, 0.0, 0.0, 0.0, 798.7180194032237, 0.0, 0.0, 0.0, 752.4772811801018, 0.0, 282.89737174499686, 0.0, 756.9491085337742, 0.0, 798.2966633022496, 0.0, 0.0, 0.0, 795.7950575749368, 0.0, 240.47075572616697, 0.0, 0.0, 0.0, 0.0, 0.0, 0.0, 0.0, 0.0, 0.0, 0.0, 0.0, 0.0, 0.0, 0.0]
INFORMACIÓN : 31apuestaBundle [808.7518959262451, 769.0880265315126, 766.9028966613095, 267.88883685741484, 230.10365988083117]
INFORMACIÓN : 31positionsBundle [1906, 352, 522, 1561, 1748]
INFORMACIÓN : 31levelsBundle [3, 3, 3, 2, 2]
INFORMACIÓN : 31positionsOrdered [1906, 352, 522, 1561, 1748]
INFORMACIÓN : 31levelsOrdered [3, 3, 3, 2, 2]
INFORMACIÓN : 31partialityOrdered [3, 3, 3, 2, 2]
INFORMACIÓN : 31arrivalTimes [8.56018285917484, 39.81718207535041, 60.0409304915071, 83.74746967376649, 120.86889206030766]
INFORMACIÓN : depSat position 1561 level 2
INFORMACIÓN : 32historia0[755.8617844010641, 0.0, 775.1874211662356, 0.0, 769.0880265315126, 0.0, 0.0, 0.0, 0.0, 0.0, 0.0, 0.0, 0.0, 0.0, 0.0, 0.0, 179.17738681246124, 0.0, 0.0, 0.0, 0.0, 0.0, 0.0, 0.0, 0.0, 0.0, 0.0, 0.0, 0.0, 0.0, 262.1597083434946, 0.0, 0.0, 0.0, 185.42678683281736, 0.0, 278.0522986896891, 0.0, 0.0, 0.0, 0.0, 806.4356421181228, 0.0, 0.0, 0.0, 0.0, 0.0, 0.0, 0.0, 0.0, 0.0, 0.0, 0.0, 0.0, 0.0, 0.0, 0.0, 0.0, 0.0, 0.0, 0.0, 0.0, 175.04694834167412, 0.0, 0.0, 0.0, 0.0, 0.0, 0.0, 0.0, 0.0, 0.0, 790.7483086044344, 801.8182784537813, 0.0, 0.0, 0.0, 0.0, 0.0, 0.0, 0.0, 0.0, 0.0, 259.7186468726562, 0.0, 0.0, 0.0, 0.0, 0.0, 0.0, 0.0, 0.0, 0.0, 0.0, 0.0, 0.0, 0.0, 0.0, 0.0, 0.0, 0.0, 766.9028966613095, 172.23781233310697, 0.0, 0.0, 0.0, 0.0, 755.1684615227558, 790.9420953413801, 0.0, 0.0, 0.0, 0.0, 0.0, 0.0, 0.0, 0.0, 808.7518959262451, 0.0, 0.0, 0.0, 0.0, 0.0, 0.0, 0.0, 0.0, 0.0, 0.0, 0.0, 790.1530822201258, 783.4253218261068, 0.0, 0.0, 804.2267973857469, 0.0, 0.0, 0.0, 0.0, 798.7180194032237, 0.0, 0.0, 0.0, 752.4772811801018, 0.0, 282.89737174499686, 0.0, 756.9491085337742, 0.0, 798.2966633022496, 0.0, 0.0, 0.0, 795.7950575749368, 0.0, 240.47075572616697, 0.0, 0.0, 0.0, 0.0, 0.0, 0.0, 0.0, 0.0, 0.0, 0.0, 0.0, 0.0, 0.0, 0.0]
INFORMACIÓN : 32apuestaBundle [808.7518959262451, 769.0880265315126, 766.9028966613095, 130.07483642403417, 64.73449118774988]
INFORMACIÓN : 32positionsBundle [1906, 352, 522, 2141, 1561]
INFORMACIÓN : 32levelsBundle [3, 3, 3, 1, 1]
INFORMACIÓN : 32positionsOrdered [1906, 352, 522, 2141, 1561]
INFORMACIÓN : 32levelsOrdered [3, 3, 3, 1, 1]
INFORMACIÓN : 32partialityOrdered [3, 3, 3, 1, 2]
INFORMACIÓN : 32arrivalTimes [8.56018285917484, 39.81718207535041, 60.0409304915071, 97.25651862336389, 129.2096092407048]
INFORMACIÓN : 33historia0[755.8617844010641, 0.0, 775.1874211662356, 0.0, 769.0880265315126, 0.0, 0.0, 0.0, 64.73449118774988, 0.0, 0.0, 0.0, 0.0, 0.0, 0.0, 0.0, 179.17738681246124, 0.0, 0.0, 0.0, 0.0, 0.0, 0.0, 0.0, 0.0, 0.0, 0.0, 0.0, 0.0, 0.0, 262.1597083434946, 0.0, 0.0, 0.0, 185.42678683281736, 0.0, 278.0522986896891, 0.0, 0.0, 0.0, 0.0, 806.4356421181228, 0.0, 0.0, 0.0, 0.0, 0.0, 0.0, 0.0, 0.0, 0.0, 0.0, 0.0, 0.0, 0.0, 0.0, 0.0, 0.0, 0.0, 0.0, 0.0, 0.0, 175.04694834167412, 0.0, 0.0, 0.0, 0.0, 0.0, 0.0, 0.0, 0.0, 0.0, 790.7483086044344, 801.8182784537813, 0.0, 0.0, 0.0, 0.0, 0.0, 0.0, 0.0, 0.0, 0.0, 259.7186468726562, 0.0, 0.0, 0.0, 0.0, 0.0, 0.0, 0.0, 0.0, 0.0, 0.0, 0.0, 0.0, 0.0, 0.0, 0.0, 130.07483642403417, 0.0, 766.9028966613095, 172.23781233310697, 0.0, 0.0, 0.0, 0.0, 755.1684615227558, 790.9420953413801, 0.0, 0.0, 0.0, 0.0, 0.0, 0.0, 0.0, 0.0, 808.7518959262451, 0.0, 0.0, 0.0, 0.0, 0.0, 0.0, 0.0, 0.0, 0.0, 0.0, 0.0, 790.1530822201258, 783.4253218261068, 0.0, 0.0, 804.2267973857469, 0.0, 0.0, 0.0, 0.0, 798.7180194032237, 0.0, 0.0, 0.0, 752.4772811801018, 0.0, 282.89737174499686, 0.0, 756.9491085337742, 247.42360425534548, 798.2966633022496, 0.0, 0.0, 0.0, 795.7950575749368, 0.0, 240.47075572616697, 0.0, 0.0, 0.0, 0.0, 0.0, 0.0, 0.0, 0.0, 0.0, 0.0, 0.0, 0.0, 0.0, 0.0]
INFORMACIÓN : 33apuestaBundle [808.7518959262451, 769.0880265315126, 766.9028966613095, 130.07483642403417, 64.73449118774988]
INFORMACIÓN : 33positionsBundle [1906, 352, 522, 2141, 1561]
INFORMACIÓN : 33levelsBundle [3, 3, 3, 1, 1]
INFORMACIÓN : 33positionsOrdered [1906, 352, 522, 2141, 1561]
INFORMACIÓN : 33levelsOrdered [3, 3, 3, 1, 1]
INFORMACIÓN : 33partialityOrdered [3, 3, 3, 1, 2]
INFORMACIÓN : 33arrivalTimes [8.56018285917484, 39.81718207535041, 60.0409304915071, 97.25651862336389, 129.2096092407048]
INFORMACIÓN : 34historia0[755.8617844010641, 0.0, 775.1874211662356, 0.0, 769.0880265315126, 0.0, 0.0, 0.0, 64.73449118774988, 0.0, 0.0, 0.0, 0.0, 0.0, 0.0, 0.0, 179.17738681246124, 0.0, 0.0, 0.0, 0.0, 0.0, 0.0, 0.0, 0.0, 0.0, 0.0, 0.0, 0.0, 0.0, 262.1597083434946, 0.0, 0.0, 0.0, 185.42678683281736, 0.0, 0.0, 0.0, 0.0, 0.0, 0.0, 806.4356421181228, 0.0, 0.0, 0.0, 0.0, 0.0, 0.0, 0.0, 0.0, 0.0, 0.0, 0.0, 0.0, 0.0, 0.0, 0.0, 0.0, 0.0, 0.0, 0.0, 0.0, 175.04694834167412, 0.0, 0.0, 0.0, 0.0, 0.0, 0.0, 0.0, 0.0, 0.0, 790.7483086044344, 801.8182784537813, 0.0, 0.0, 0.0, 0.0, 0.0, 0.0, 0.0, 0.0, 0.0, 259.7186468726562, 0.0, 0.0, 0.0, 0.0, 0.0, 0.0, 0.0, 0.0, 0.0, 0.0, 0.0, 0.0, 0.0, 0.0, 0.0, 130.07483642403417, 0.0, 766.9028966613095, 172.23781233310697, 0.0, 0.0, 0.0, 0.0, 755.1684615227558, 790.9420953413801, 0.0, 0.0, 0.0, 0.0, 0.0, 0.0, 0.0, 0.0, 808.7518959262451, 0.0, 0.0, 0.0, 0.0, 0.0, 0.0, 79.12311971753435, 0.0, 0.0, 0.0, 0.0, 790.1530822201258, 783.4253218261068, 0.0, 0.0, 804.2267973857469, 0.0, 0.0, 0.0, 0.0, 798.7180194032237, 0.0, 0.0, 0.0, 752.4772811801018, 0.0, 0.0, 86.78190643429745, 756.9491085337742, 247.42360425534548, 798.2966633022496, 0.0, 0.0, 0.0, 795.7950575749368, 0.0, 240.47075572616697, 0.0, 0.0, 0.0, 0.0, 0.0, 0.0, 0.0, 0.0, 0.0, 0.0, 0.0, 0.0, 0.0, 0.0]
INFORMACIÓN : 34apuestaBundle [808.7518959262451, 769.0880265315126, 766.9028966613095, 130.07483642403417, 64.73449118774988]
INFORMACIÓN : 34positionsBundle [1906, 352, 522, 2141, 1561]
INFORMACIÓN : 34levelsBundle [3, 3, 3, 1, 1]
INFORMACIÓN : 34positionsOrdered [1906, 352, 522, 2141, 1561]
INFORMACIÓN : 34levelsOrdered [3, 3, 3, 1, 1]
INFORMACIÓN : 34partialityOrdered [3, 3, 3, 1, 2]
INFORMACIÓN : 34arrivalTimes [8.56018285917484, 39.81718207535041, 60.0409304915071, 97.25651862336389, 129.2096092407048]
INFORMACIÓN : 35historia0[755.8617844010641, 0.0, 775.1874211662356, 0.0, 769.0880265315126, 0.0, 0.0, 0.0, 64.73449118774988, 0.0, 0.0, 0.0, 0.0, 0.0, 0.0, 0.0, 179.17738681246124, 0.0, 0.0, 0.0, 0.0, 0.0, 0.0, 0.0, 0.0, 0.0, 0.0, 0.0, 0.0, 0.0, 262.1597083434946, 0.0, 0.0, 0.0, 185.42678683281736, 0.0, 0.0, 0.0, 0.0, 0.0, 0.0, 806.4356421181228, 0.0, 0.0, 0.0, 0.0, 0.0, 0.0, 0.0, 0.0, 0.0, 0.0, 0.0, 0.0, 0.0, 0.0, 0.0, 0.0, 0.0, 0.0, 0.0, 0.0, 175.04694834167412, 0.0, 0.0, 0.0, 0.0, 0.0, 0.0, 0.0, 0.0, 0.0, 790.7483086044344, 801.8182784537813, 0.0, 0.0, 0.0, 0.0, 0.0, 0.0, 0.0, 0.0, 0.0, 259.7186468726562, 0.0, 0.0, 0.0, 0.0, 0.0, 0.0, 0.0, 0.0, 0.0, 0.0, 0.0, 0.0, 0.0, 0.0, 0.0, 130.07483642403417, 0.0, 766.9028966613095, 172.23781233310697, 0.0, 0.0, 0.0, 0.0, 755.1684615227558, 790.9420953413801, 0.0, 0.0, 0.0, 0.0, 0.0, 0.0, 0.0, 0.0, 808.7518959262451, 0.0, 0.0, 0.0, 0.0, 0.0, 0.0, 79.12311971753435, 0.0, 0.0, 0.0, 0.0, 790.1530822201258, 783.4253218261068, 0.0, 0.0, 804.2267973857469, 0.0, 0.0, 0.0, 0.0, 798.7180194032237, 0.0, 0.0, 0.0, 752.4772811801018, 0.0, 0.0, 86.78190643429745, 756.9491085337742, 247.42360425534548, 798.2966633022496, 0.0, 0.0, 0.0, 795.7950575749368, 0.0, 240.47075572616697, 0.0, 0.0, 0.0, 0.0, 0.0, 0.0, 0.0, 0.0, 0.0, 0.0, 0.0, 0.0, 0.0, 0.0]
INFORMACIÓN : 35apuestaBundle [808.7518959262451, 769.0880265315126, 766.9028966613095, 130.07483642403417, 64.73449118774988]
INFORMACIÓN : 35positionsBundle [1906, 352, 522, 2141, 1561]
INFORMACIÓN : 35levelsBundle [3, 3, 3, 1, 1]
INFORMACIÓN : 35positionsOrdered [1906, 352, 522, 2141, 1561]
INFORMACIÓN : 35levelsOrdered [3, 3, 3, 1, 1]
INFORMACIÓN : 35partialityOrdered [3, 3, 3, 1, 2]
INFORMACIÓN : 35arrivalTimes [8.56018285917484, 39.81718207535041, 60.0409304915071, 97.25651862336389, 129.2096092407048]
INFORMACIÓN : 36historia1[755.8617844010641, 0.0, 775.1874211662356, 0.0, 769.0880265315126, 0.0, 0.0, 0.0, 64.73449118774988, 0.0, 0.0, 0.0, 0.0, 0.0, 0.0, 0.0, 179.17738681246124, 0.0, 0.0, 0.0, 0.0, 0.0, 0.0, 0.0, 0.0, 0.0, 0.0, 0.0, 0.0, 0.0, 262.1597083434946, 0.0, 0.0, 0.0, 185.42678683281736, 0.0, 0.0, 0.0, 0.0, 0.0, 0.0, 806.4356421181228, 0.0, 0.0, 0.0, 0.0, 0.0, 0.0, 0.0, 0.0, 0.0, 0.0, 0.0, 0.0, 0.0, 0.0, 0.0, 0.0, 0.0, 0.0, 0.0, 0.0, 175.04694834167412, 0.0, 0.0, 0.0, 0.0, 0.0, 0.0, 0.0, 0.0, 0.0, 790.7483086044344, 801.8182784537813, 0.0, 0.0, 0.0, 0.0, 0.0, 0.0, 0.0, 0.0, 0.0, 259.7186468726562, 0.0, 0.0, 0.0, 0.0, 0.0, 0.0, 0.0, 0.0, 0.0, 0.0, 0.0, 0.0, 0.0, 0.0, 0.0, 130.07483642403417, 0.0, 766.9028966613095, 172.23781233310697, 0.0, 0.0, 0.0, 0.0, 755.1684615227558, 790.9420953413801, 0.0, 0.0, 0.0, 0.0, 0.0, 0.0, 0.0, 0.0, 808.7518959262451, 0.0, 0.0, 0.0, 0.0, 0.0, 0.0, 79.12311971753435, 0.0, 0.0, 0.0, 0.0, 790.1530822201258, 783.4253218261068, 0.0, 0.0, 804.2267973857469, 0.0, 0.0, 0.0, 0.0, 798.7180194032237, 0.0, 0.0, 0.0, 752.4772811801018, 0.0, 0.0, 86.78190643429745, 756.9491085337742, 247.42360425534548, 798.2966633022496, 0.0, 0.0, 0.0, 795.7950575749368, 0.0, 240.47075572616697, 0.0, 0.0, 0.0, 0.0, 0.0, 0.0, 0.0, 0.0, 0.0, 0.0, 0.0, 0.0, 0.0, 0.0]
INFORMACIÓN : 36apuestaBundle [808.7518959262451, 769.0880265315126, 766.9028966613095, 130.07483642403417, 64.73449118774988]
INFORMACIÓN : 36positionsBundle [1906, 352, 522, 2141, 1561]
INFORMACIÓN : 36levelsBundle [3, 3, 3, 1, 1]
INFORMACIÓN : 36positionsOrdered [1906, 352, 522, 2141, 1561]
INFORMACIÓN : 36levelsOrdered [3, 3, 3, 1, 1]
INFORMACIÓN : 36partialityOrdered [3, 3, 3, 1, 2]
INFORMACIÓN : 36arrivalTimes [8.56018285917484, 39.81718207535041, 60.0409304915071, 97.25651862336389, 129.2096092407048]
