----------------------------------------------------------------------
-- Log session for [myBugCoalitionsCCBBAGuaiDEF-380] started on 2017.07.13.00.59.00 --
----------------------------------------------------------------------

INFORMACIÓN : I started
INFORMACIÓN : 0apuestaBundle [777.6514613723056, 763.312628353427, 763.0341234381688, 758.6397226753005, 752.5363597339236]
INFORMACIÓN : 0positionsBundle [1282, 865, 2038, 761, 1716]
INFORMACIÓN : 0levelsBundle [3, 3, 3, 3, 3]
INFORMACIÓN : 0positionsOrdered [1282, 865, 2038, 761, 1716]
INFORMACIÓN : 0levelsOrdered [3, 3, 3, 3, 3]
INFORMACIÓN : 0partialityOrdered [3, 3, 3, 3, 3]
INFORMACIÓN : 0arrivalTimes [25.450112855130058, 44.23840708318599, 76.76531901776718, 113.56205800371538, 133.20894070810388]
INFORMACIÓN : 1historia0[0.0, 0.0, 0.0, 0.0, 0.0, 0.0, 0.0, 0.0, 0.0, 0.0, 0.0, 0.0, 810.0447549494035, 0.0, 0.0, 0.0, 762.5233260693507, 0.0, 0.0, 0.0, 0.0, 0.0, 0.0, 752.5363597339236, 0.0, 0.0, 0.0, 0.0, 0.0, 763.0341234381688, 0.0, 0.0, 0.0, 0.0, 0.0, 801.6508712085833, 0.0, 0.0, 777.6685130311453, 0.0, 0.0, 0.0, 0.0, 0.0, 0.0, 790.1337792136959, 0.0, 0.0, 0.0, 0.0, 0.0, 758.6397226753005, 0.0, 0.0, 0.0, 0.0, 0.0, 0.0, 0.0, 0.0, 0.0, 0.0, 0.0, 0.0, 0.0, 0.0, 0.0, 0.0, 0.0, 760.4787757254044, 0.0, 0.0, 0.0, 0.0, 0.0, 0.0, 0.0, 0.0, 0.0, 0.0, 0.0, 772.8072615246479, 0.0, 0.0, 0.0, 777.6514613723056, 0.0, 0.0, 0.0, 0.0, 0.0, 0.0, 0.0, 0.0, 0.0, 0.0, 0.0, 0.0, 0.0, 0.0, 0.0, 0.0, 0.0, 763.312628353427, 0.0, 0.0, 0.0, 0.0, 0.0, 0.0, 0.0, 0.0, 0.0, 0.0, 0.0, 0.0, 0.0, 0.0, 0.0, 0.0, 0.0, 0.0, 0.0, 0.0, 0.0, 776.922938544834, 0.0, 0.0, 0.0, 0.0, 0.0, 0.0, 0.0, 792.5515965232639, 0.0, 0.0, 0.0, 0.0, 0.0, 0.0, 0.0, 0.0, 0.0, 0.0, 0.0, 0.0, 781.1977675804692, 0.0, 0.0, 0.0, 0.0, 0.0, 0.0, 0.0, 0.0, 0.0, 0.0, 0.0, 0.0, 0.0, 0.0, 0.0, 0.0, 0.0, 0.0, 0.0, 0.0, 0.0, 0.0, 0.0]
INFORMACIÓN : 1apuestaBundle [777.6514613723056, 763.312628353427, 763.0341234381688, 758.6397226753005, 752.5363597339236]
INFORMACIÓN : 1positionsBundle [1282, 865, 2038, 761, 1716]
INFORMACIÓN : 1levelsBundle [3, 3, 3, 3, 3]
INFORMACIÓN : 1positionsOrdered [1282, 865, 2038, 761, 1716]
INFORMACIÓN : 1levelsOrdered [3, 3, 3, 3, 3]
INFORMACIÓN : 1partialityOrdered [3, 3, 3, 3, 3]
INFORMACIÓN : 1arrivalTimes [25.450112855130058, 44.23840708318599, 76.76531901776718, 113.56205800371538, 133.20894070810388]
INFORMACIÓN : 2historia0[0.0, 0.0, 0.0, 0.0, 0.0, 0.0, 0.0, 0.0, 0.0, 0.0, 0.0, 0.0, 809.1925533678897, 0.0, 0.0, 0.0, 0.0, 0.0, 0.0, 0.0, 790.921022666322, 0.0, 0.0, 752.5363597339236, 0.0, 0.0, 0.0, 0.0, 0.0, 763.0341234381688, 0.0, 0.0, 0.0, 0.0, 0.0, 0.0, 0.0, 0.0, 782.7414137067756, 259.3488607887136, 0.0, 0.0, 0.0, 0.0, 0.0, 0.0, 0.0, 0.0, 0.0, 0.0, 0.0, 758.6397226753005, 0.0, 0.0, 0.0, 0.0, 0.0, 0.0, 0.0, 0.0, 0.0, 0.0, 0.0, 0.0, 0.0, 0.0, 0.0, 0.0, 0.0, 0.0, 0.0, 0.0, 0.0, 0.0, 0.0, 0.0, 774.9575159501746, 0.0, 0.0, 0.0, 0.0, 0.0, 0.0, 0.0, 0.0, 777.6514613723056, 0.0, 0.0, 0.0, 0.0, 0.0, 0.0, 0.0, 0.0, 0.0, 0.0, 0.0, 0.0, 0.0, 0.0, 0.0, 0.0, 0.0, 763.312628353427, 0.0, 0.0, 0.0, 0.0, 0.0, 0.0, 0.0, 0.0, 0.0, 0.0, 0.0, 0.0, 0.0, 0.0, 0.0, 0.0, 0.0, 0.0, 0.0, 0.0, 0.0, 0.0, 0.0, 0.0, 0.0, 0.0, 0.0, 0.0, 0.0, 793.0180542171238, 0.0, 0.0, 0.0, 0.0, 0.0, 0.0, 0.0, 0.0, 0.0, 0.0, 0.0, 275.28814894039954, 0.0, 0.0, 0.0, 0.0, 0.0, 0.0, 0.0, 0.0, 783.8786445727935, 0.0, 0.0, 0.0, 0.0, 0.0, 0.0, 285.8970578726778, 0.0, 0.0, 0.0, 0.0, 0.0, 0.0, 0.0, 0.0]
INFORMACIÓN : 2apuestaBundle [777.6514613723056, 763.312628353427, 763.0341234381688, 758.6397226753005, 752.5363597339236]
INFORMACIÓN : 2positionsBundle [1282, 865, 2038, 761, 1716]
INFORMACIÓN : 2levelsBundle [3, 3, 3, 3, 3]
INFORMACIÓN : 2positionsOrdered [1282, 865, 2038, 761, 1716]
INFORMACIÓN : 2levelsOrdered [3, 3, 3, 3, 3]
INFORMACIÓN : 2partialityOrdered [3, 3, 3, 3, 3]
INFORMACIÓN : 2arrivalTimes [25.450112855130058, 44.23840708318599, 76.76531901776718, 113.56205800371538, 133.20894070810388]
INFORMACIÓN : 3historia0[0.0, 0.0, 0.0, 0.0, 0.0, 0.0, 0.0, 0.0, 0.0, 0.0, 0.0, 0.0, 809.1925533678897, 0.0, 0.0, 0.0, 802.2990133870696, 0.0, 0.0, 0.0, 0.0, 0.0, 0.0, 752.5363597339236, 0.0, 0.0, 0.0, 0.0, 236.01383973832327, 763.0341234381688, 0.0, 0.0, 0.0, 0.0, 0.0, 0.0, 0.0, 0.0, 782.7414137067756, 0.0, 0.0, 0.0, 0.0, 0.0, 0.0, 0.0, 0.0, 0.0, 0.0, 0.0, 0.0, 758.6397226753005, 0.0, 0.0, 0.0, 0.0, 0.0, 0.0, 0.0, 0.0, 0.0, 0.0, 0.0, 0.0, 0.0, 0.0, 0.0, 0.0, 0.0, 812.2240443749638, 0.0, 0.0, 0.0, 0.0, 0.0, 0.0, 774.9575159501746, 0.0, 0.0, 0.0, 0.0, 0.0, 0.0, 0.0, 0.0, 777.6514613723056, 0.0, 0.0, 0.0, 0.0, 0.0, 0.0, 0.0, 0.0, 0.0, 0.0, 0.0, 0.0, 0.0, 231.49708560080566, 0.0, 0.0, 0.0, 763.312628353427, 0.0, 0.0, 0.0, 0.0, 0.0, 0.0, 0.0, 0.0, 0.0, 0.0, 0.0, 0.0, 0.0, 0.0, 771.0847198400372, 0.0, 0.0, 0.0, 0.0, 0.0, 0.0, 0.0, 0.0, 0.0, 0.0, 0.0, 0.0, 0.0, 0.0, 793.0180542171238, 0.0, 0.0, 0.0, 0.0, 0.0, 0.0, 0.0, 0.0, 0.0, 0.0, 0.0, 0.0, 0.0, 0.0, 0.0, 0.0, 0.0, 0.0, 0.0, 0.0, 783.8786445727935, 0.0, 0.0, 0.0, 230.2449815961354, 0.0, 0.0, 285.8970578726778, 767.0859870016991, 0.0, 0.0, 0.0, 0.0, 0.0, 0.0, 0.0]
INFORMACIÓN : 3apuestaBundle [777.6514613723056, 763.312628353427, 763.0341234381688, 758.6397226753005, 752.5363597339236]
INFORMACIÓN : 3positionsBundle [1282, 865, 2038, 761, 1716]
INFORMACIÓN : 3levelsBundle [3, 3, 3, 3, 3]
INFORMACIÓN : 3positionsOrdered [1282, 865, 2038, 761, 1716]
INFORMACIÓN : 3levelsOrdered [3, 3, 3, 3, 3]
INFORMACIÓN : 3partialityOrdered [3, 3, 3, 3, 3]
INFORMACIÓN : 3arrivalTimes [25.450112855130058, 44.23840708318599, 76.76531901776718, 113.56205800371538, 133.20894070810388]
INFORMACIÓN : 4historia0[0.0, 0.0, 0.0, 0.0, 0.0, 0.0, 0.0, 0.0, 0.0, 0.0, 0.0, 0.0, 809.1925533678897, 0.0, 0.0, 0.0, 802.2990133870696, 0.0, 0.0, 178.3521901920301, 0.0, 0.0, 0.0, 752.5363597339236, 0.0, 0.0, 0.0, 0.0, 0.0, 763.0341234381688, 0.0, 0.0, 0.0, 0.0, 0.0, 0.0, 0.0, 0.0, 782.7414137067756, 268.8947245540726, 0.0, 0.0, 0.0, 0.0, 0.0, 0.0, 0.0, 0.0, 0.0, 0.0, 0.0, 758.6397226753005, 0.0, 0.0, 0.0, 0.0, 0.0, 0.0, 0.0, 0.0, 0.0, 0.0, 0.0, 0.0, 0.0, 0.0, 0.0, 0.0, 0.0, 812.2240443749638, 0.0, 0.0, 166.30691744721616, 0.0, 0.0, 0.0, 774.9575159501746, 0.0, 0.0, 0.0, 0.0, 0.0, 0.0, 0.0, 0.0, 777.6514613723056, 0.0, 0.0, 0.0, 0.0, 0.0, 0.0, 0.0, 0.0, 0.0, 0.0, 0.0, 0.0, 0.0, 0.0, 0.0, 0.0, 0.0, 763.312628353427, 0.0, 0.0, 0.0, 0.0, 0.0, 0.0, 0.0, 0.0, 0.0, 0.0, 0.0, 0.0, 0.0, 0.0, 771.0847198400372, 0.0, 0.0, 0.0, 0.0, 0.0, 0.0, 0.0, 0.0, 0.0, 0.0, 0.0, 0.0, 0.0, 0.0, 793.0180542171238, 0.0, 0.0, 0.0, 0.0, 0.0, 0.0, 0.0, 0.0, 0.0, 0.0, 0.0, 275.28814894039954, 0.0, 0.0, 0.0, 0.0, 0.0, 0.0, 0.0, 0.0, 783.8786445727935, 0.0, 0.0, 0.0, 230.2449815961354, 0.0, 0.0, 285.8970578726778, 767.0859870016991, 0.0, 0.0, 0.0, 0.0, 0.0, 0.0, 0.0]
INFORMACIÓN : 4apuestaBundle [777.6514613723056, 763.312628353427, 763.0341234381688, 758.6397226753005, 752.5363597339236]
INFORMACIÓN : 4positionsBundle [1282, 865, 2038, 761, 1716]
INFORMACIÓN : 4levelsBundle [3, 3, 3, 3, 3]
INFORMACIÓN : 4positionsOrdered [1282, 865, 2038, 761, 1716]
INFORMACIÓN : 4levelsOrdered [3, 3, 3, 3, 3]
INFORMACIÓN : 4partialityOrdered [3, 3, 3, 3, 3]
INFORMACIÓN : 4arrivalTimes [25.450112855130058, 44.23840708318599, 76.76531901776718, 113.56205800371538, 133.20894070810388]
INFORMACIÓN : 5historia0[0.0, 0.0, 0.0, 0.0, 0.0, 0.0, 0.0, 0.0, 0.0, 0.0, 0.0, 0.0, 809.1925533678897, 0.0, 0.0, 0.0, 802.2990133870696, 0.0, 0.0, 178.3521901920301, 0.0, 0.0, 0.0, 752.5363597339236, 0.0, 0.0, 0.0, 0.0, 0.0, 763.0341234381688, 0.0, 0.0, 0.0, 0.0, 0.0, 0.0, 0.0, 0.0, 782.7414137067756, 268.8947245540726, 0.0, 0.0, 0.0, 0.0, 0.0, 0.0, 0.0, 0.0, 0.0, 0.0, 0.0, 758.6397226753005, 0.0, 0.0, 0.0, 0.0, 0.0, 0.0, 0.0, 0.0, 0.0, 0.0, 0.0, 0.0, 0.0, 0.0, 0.0, 0.0, 0.0, 812.2240443749638, 0.0, 0.0, 166.30691744721616, 0.0, 0.0, 0.0, 774.9575159501746, 0.0, 0.0, 0.0, 0.0, 0.0, 0.0, 0.0, 0.0, 777.6514613723056, 0.0, 0.0, 0.0, 0.0, 0.0, 0.0, 0.0, 0.0, 0.0, 0.0, 0.0, 0.0, 0.0, 0.0, 0.0, 0.0, 0.0, 763.312628353427, 0.0, 0.0, 0.0, 0.0, 0.0, 0.0, 0.0, 0.0, 0.0, 0.0, 0.0, 0.0, 0.0, 0.0, 771.0847198400372, 0.0, 0.0, 0.0, 0.0, 0.0, 0.0, 0.0, 0.0, 0.0, 0.0, 0.0, 0.0, 0.0, 0.0, 793.0180542171238, 0.0, 0.0, 0.0, 0.0, 0.0, 0.0, 0.0, 0.0, 0.0, 0.0, 0.0, 275.28814894039954, 0.0, 0.0, 0.0, 0.0, 0.0, 0.0, 0.0, 0.0, 783.8786445727935, 0.0, 0.0, 0.0, 230.2449815961354, 0.0, 0.0, 285.8970578726778, 767.0859870016991, 0.0, 0.0, 0.0, 0.0, 0.0, 0.0, 0.0]
INFORMACIÓN : 5apuestaBundle [777.6514613723056, 763.312628353427, 763.0341234381688, 758.6397226753005, 752.5363597339236]
INFORMACIÓN : 5positionsBundle [1282, 865, 2038, 761, 1716]
INFORMACIÓN : 5levelsBundle [3, 3, 3, 3, 3]
INFORMACIÓN : 5positionsOrdered [1282, 865, 2038, 761, 1716]
INFORMACIÓN : 5levelsOrdered [3, 3, 3, 3, 3]
INFORMACIÓN : 5partialityOrdered [3, 3, 3, 3, 3]
INFORMACIÓN : 5arrivalTimes [25.450112855130058, 44.23840708318599, 76.76531901776718, 113.56205800371538, 133.20894070810388]
INFORMACIÓN : depSat position 1282 level 3
INFORMACIÓN : 6historia0[0.0, 0.0, 0.0, 0.0, 0.0, 0.0, 0.0, 0.0, 0.0, 0.0, 0.0, 0.0, 809.1925533678897, 0.0, 0.0, 0.0, 802.2990133870696, 0.0, 0.0, 178.3521901920301, 0.0, 0.0, 0.0, 0.0, 0.0, 0.0, 0.0, 0.0, 0.0, 0.0, 0.0, 0.0, 0.0, 0.0, 0.0, 0.0, 0.0, 0.0, 782.7414137067756, 268.8947245540726, 0.0, 0.0, 0.0, 0.0, 0.0, 0.0, 0.0, 0.0, 0.0, 0.0, 0.0, 0.0, 0.0, 0.0, 0.0, 0.0, 0.0, 0.0, 0.0, 0.0, 0.0, 0.0, 0.0, 0.0, 0.0, 0.0, 0.0, 0.0, 0.0, 812.2240443749638, 0.0, 0.0, 166.30691744721616, 0.0, 0.0, 0.0, 774.9575159501746, 0.0, 0.0, 0.0, 0.0, 0.0, 0.0, 0.0, 0.0, 0.0, 0.0, 0.0, 0.0, 0.0, 0.0, 0.0, 0.0, 0.0, 0.0, 0.0, 0.0, 0.0, 0.0, 0.0, 0.0, 0.0, 0.0, 0.0, 0.0, 0.0, 0.0, 0.0, 0.0, 0.0, 0.0, 0.0, 0.0, 0.0, 0.0, 0.0, 0.0, 0.0, 771.0847198400372, 0.0, 0.0, 0.0, 0.0, 0.0, 0.0, 0.0, 0.0, 0.0, 0.0, 0.0, 0.0, 0.0, 0.0, 793.0180542171238, 0.0, 0.0, 0.0, 0.0, 0.0, 0.0, 0.0, 0.0, 0.0, 0.0, 0.0, 275.28814894039954, 0.0, 0.0, 0.0, 0.0, 0.0, 0.0, 0.0, 0.0, 783.8786445727935, 0.0, 0.0, 0.0, 230.2449815961354, 0.0, 0.0, 285.8970578726778, 767.0859870016991, 0.0, 0.0, 0.0, 0.0, 0.0, 0.0, 0.0]
INFORMACIÓN : 6apuestaBundle [777.6514613723056, 763.1234140338103, 763.0341234381688, 755.7713662848183, 752.5363597339236]
INFORMACIÓN : 6positionsBundle [1282, 865, 2038, 761, 1716]
INFORMACIÓN : 6levelsBundle [3, 3, 3, 3, 3]
INFORMACIÓN : 6positionsOrdered [1282, 865, 2038, 761, 1716]
INFORMACIÓN : 6levelsOrdered [3, 3, 3, 3, 3]
INFORMACIÓN : 6partialityOrdered [3, 3, 3, 3, 3]
INFORMACIÓN : 6arrivalTimes [25.450112855130058, 44.23840708318599, 76.76531901776718, 113.56205800371538, 133.20894070810388]
INFORMACIÓN : 7historia0[0.0, 0.0, 0.0, 0.0, 0.0, 0.0, 0.0, 0.0, 0.0, 0.0, 0.0, 0.0, 809.1925533678897, 0.0, 0.0, 0.0, 802.2990133870696, 0.0, 0.0, 178.3521901920301, 0.0, 0.0, 0.0, 752.5363597339236, 0.0, 0.0, 0.0, 0.0, 0.0, 763.0341234381688, 0.0, 0.0, 0.0, 0.0, 0.0, 0.0, 0.0, 0.0, 782.7414137067756, 268.8947245540726, 0.0, 0.0, 0.0, 0.0, 0.0, 0.0, 0.0, 0.0, 0.0, 0.0, 0.0, 755.7713662848183, 0.0, 0.0, 0.0, 0.0, 0.0, 0.0, 0.0, 0.0, 0.0, 0.0, 0.0, 0.0, 0.0, 0.0, 0.0, 0.0, 0.0, 812.2240443749638, 0.0, 0.0, 166.30691744721616, 0.0, 0.0, 0.0, 774.9575159501746, 0.0, 0.0, 0.0, 0.0, 0.0, 0.0, 0.0, 0.0, 777.6514613723056, 0.0, 0.0, 0.0, 0.0, 0.0, 0.0, 0.0, 0.0, 0.0, 0.0, 0.0, 0.0, 0.0, 0.0, 0.0, 0.0, 0.0, 763.1234140338103, 0.0, 0.0, 0.0, 0.0, 0.0, 0.0, 0.0, 0.0, 0.0, 0.0, 0.0, 0.0, 0.0, 0.0, 771.0847198400372, 0.0, 0.0, 0.0, 0.0, 0.0, 0.0, 0.0, 0.0, 0.0, 0.0, 0.0, 0.0, 0.0, 0.0, 793.0180542171238, 0.0, 0.0, 0.0, 0.0, 0.0, 0.0, 0.0, 0.0, 0.0, 0.0, 0.0, 275.28814894039954, 0.0, 0.0, 0.0, 0.0, 0.0, 0.0, 0.0, 0.0, 783.8786445727935, 0.0, 0.0, 0.0, 230.2449815961354, 0.0, 0.0, 285.8970578726778, 767.0859870016991, 0.0, 0.0, 0.0, 0.0, 0.0, 0.0, 0.0]
INFORMACIÓN : 7apuestaBundle [777.6514613723056, 763.1234140338103, 763.0341234381688, 755.7713662848183, 752.5363597339236]
INFORMACIÓN : 7positionsBundle [1282, 865, 2038, 761, 1716]
INFORMACIÓN : 7levelsBundle [3, 3, 3, 3, 3]
INFORMACIÓN : 7positionsOrdered [1282, 865, 2038, 761, 1716]
INFORMACIÓN : 7levelsOrdered [3, 3, 3, 3, 3]
INFORMACIÓN : 7partialityOrdered [3, 3, 3, 3, 3]
INFORMACIÓN : 7arrivalTimes [25.450112855130058, 44.23840708318599, 76.76531901776718, 113.56205800371538, 133.20894070810388]
INFORMACIÓN : 8historia0[0.0, 0.0, 0.0, 0.0, 0.0, 0.0, 0.0, 0.0, 0.0, 0.0, 0.0, 0.0, 809.1925533678897, 0.0, 0.0, 0.0, 802.2990133870696, 0.0, 0.0, 0.0, 789.6818120156652, 0.0, 0.0, 752.5363597339236, 0.0, 0.0, 0.0, 0.0, 0.0, 763.0341234381688, 0.0, 0.0, 0.0, 0.0, 0.0, 799.28766978194, 0.0, 0.0, 775.4764866966054, 0.0, 0.0, 0.0, 0.0, 0.0, 0.0, 787.7681854304875, 0.0, 0.0, 0.0, 0.0, 0.0, 755.7713662848183, 0.0, 0.0, 0.0, 0.0, 0.0, 0.0, 0.0, 0.0, 0.0, 0.0, 0.0, 0.0, 0.0, 0.0, 0.0, 0.0, 0.0, 812.2240443749638, 0.0, 0.0, 0.0, 0.0, 0.0, 0.0, 0.0, 0.0, 0.0, 0.0, 0.0, 0.0, 0.0, 0.0, 0.0, 777.6514613723056, 0.0, 0.0, 0.0, 0.0, 0.0, 768.2677050776479, 0.0, 0.0, 0.0, 0.0, 0.0, 0.0, 0.0, 0.0, 0.0, 0.0, 0.0, 763.1234140338103, 0.0, 0.0, 0.0, 0.0, 0.0, 0.0, 0.0, 0.0, 0.0, 0.0, 0.0, 0.0, 0.0, 0.0, 0.0, 0.0, 0.0, 0.0, 0.0, 0.0, 0.0, 776.922938544834, 0.0, 0.0, 0.0, 0.0, 0.0, 0.0, 0.0, 791.5823282761027, 0.0, 0.0, 0.0, 0.0, 0.0, 0.0, 0.0, 0.0, 0.0, 0.0, 0.0, 0.0, 777.6414936405079, 0.0, 0.0, 0.0, 0.0, 0.0, 0.0, 0.0, 0.0, 0.0, 0.0, 0.0, 0.0, 0.0, 0.0, 0.0, 767.0859870016991, 0.0, 0.0, 0.0, 0.0, 0.0, 0.0, 0.0]
INFORMACIÓN : 8apuestaBundle [777.6514613723056, 763.1234140338103, 763.0341234381688, 755.7713662848183, 752.5363597339236]
INFORMACIÓN : 8positionsBundle [1282, 865, 2038, 761, 1716]
INFORMACIÓN : 8levelsBundle [3, 3, 3, 3, 3]
INFORMACIÓN : 8positionsOrdered [1282, 865, 2038, 761, 1716]
INFORMACIÓN : 8levelsOrdered [3, 3, 3, 3, 3]
INFORMACIÓN : 8partialityOrdered [3, 3, 3, 3, 3]
INFORMACIÓN : 8arrivalTimes [25.450112855130058, 44.23840708318599, 76.76531901776718, 113.56205800371538, 133.20894070810388]
INFORMACIÓN : 9historia0[0.0, 0.0, 0.0, 0.0, 0.0, 0.0, 0.0, 0.0, 0.0, 0.0, 0.0, 0.0, 809.1925533678897, 0.0, 0.0, 0.0, 802.2990133870696, 0.0, 0.0, 0.0, 0.0, 0.0, 0.0, 752.5363597339236, 0.0, 0.0, 0.0, 0.0, 0.0, 763.0341234381688, 0.0, 0.0, 0.0, 0.0, 0.0, 799.28766978194, 0.0, 0.0, 775.4764866966054, 268.8947245540726, 0.0, 0.0, 0.0, 0.0, 0.0, 787.7681854304875, 0.0, 0.0, 0.0, 0.0, 0.0, 755.7713662848183, 0.0, 0.0, 0.0, 0.0, 0.0, 0.0, 0.0, 0.0, 0.0, 0.0, 0.0, 0.0, 0.0, 0.0, 0.0, 0.0, 0.0, 812.2240443749638, 0.0, 0.0, 0.0, 0.0, 0.0, 0.0, 0.0, 0.0, 0.0, 0.0, 0.0, 769.1279164120623, 0.0, 0.0, 0.0, 777.6514613723056, 0.0, 0.0, 0.0, 0.0, 0.0, 768.2677050776479, 0.0, 0.0, 0.0, 0.0, 0.0, 0.0, 0.0, 0.0, 0.0, 0.0, 0.0, 763.1234140338103, 0.0, 0.0, 0.0, 0.0, 0.0, 0.0, 0.0, 0.0, 0.0, 0.0, 0.0, 0.0, 0.0, 0.0, 0.0, 0.0, 0.0, 0.0, 0.0, 0.0, 0.0, 776.922938544834, 0.0, 0.0, 0.0, 0.0, 0.0, 0.0, 0.0, 791.5823282761027, 0.0, 0.0, 0.0, 0.0, 0.0, 0.0, 0.0, 0.0, 0.0, 0.0, 0.0, 275.28814894039954, 777.6414936405079, 0.0, 0.0, 0.0, 0.0, 0.0, 0.0, 0.0, 0.0, 0.0, 0.0, 0.0, 0.0, 0.0, 0.0, 0.0, 767.0859870016991, 0.0, 0.0, 0.0, 0.0, 0.0, 0.0, 0.0]
INFORMACIÓN : 9apuestaBundle [777.6514613723056, 763.1234140338103, 763.0341234381688, 755.7713662848183, 752.5363597339236]
INFORMACIÓN : 9positionsBundle [1282, 865, 2038, 761, 1716]
INFORMACIÓN : 9levelsBundle [3, 3, 3, 3, 3]
INFORMACIÓN : 9positionsOrdered [1282, 865, 2038, 761, 1716]
INFORMACIÓN : 9levelsOrdered [3, 3, 3, 3, 3]
INFORMACIÓN : 9partialityOrdered [3, 3, 3, 3, 3]
INFORMACIÓN : 9arrivalTimes [25.450112855130058, 44.23840708318599, 76.76531901776718, 113.56205800371538, 133.20894070810388]
INFORMACIÓN : 10historia0[0.0, 0.0, 0.0, 0.0, 0.0, 0.0, 0.0, 0.0, 0.0, 0.0, 0.0, 0.0, 809.1925533678897, 0.0, 0.0, 0.0, 802.2990133870696, 0.0, 0.0, 0.0, 0.0, 0.0, 0.0, 752.5363597339236, 0.0, 0.0, 0.0, 0.0, 255.27137221853945, 763.0341234381688, 0.0, 0.0, 0.0, 0.0, 0.0, 799.28766978194, 0.0, 0.0, 775.4764866966054, 268.8947245540726, 0.0, 0.0, 0.0, 0.0, 0.0, 787.7681854304875, 0.0, 0.0, 0.0, 0.0, 0.0, 755.7713662848183, 0.0, 0.0, 0.0, 0.0, 0.0, 0.0, 0.0, 0.0, 0.0, 0.0, 0.0, 0.0, 0.0, 0.0, 0.0, 0.0, 0.0, 812.2240443749638, 0.0, 0.0, 0.0, 0.0, 0.0, 0.0, 0.0, 0.0, 0.0, 0.0, 0.0, 769.1279164120623, 0.0, 0.0, 0.0, 777.6514613723056, 0.0, 0.0, 0.0, 0.0, 0.0, 768.2677050776479, 0.0, 0.0, 0.0, 0.0, 0.0, 0.0, 0.0, 0.0, 0.0, 0.0, 0.0, 763.1234140338103, 0.0, 0.0, 0.0, 0.0, 0.0, 0.0, 0.0, 0.0, 0.0, 0.0, 0.0, 0.0, 0.0, 0.0, 0.0, 0.0, 0.0, 0.0, 0.0, 0.0, 0.0, 776.922938544834, 0.0, 0.0, 0.0, 0.0, 0.0, 0.0, 0.0, 791.5823282761027, 0.0, 0.0, 0.0, 0.0, 0.0, 0.0, 0.0, 0.0, 0.0, 0.0, 0.0, 275.28814894039954, 777.6414936405079, 0.0, 0.0, 0.0, 0.0, 0.0, 0.0, 0.0, 0.0, 0.0, 0.0, 0.0, 0.0, 0.0, 0.0, 0.0, 767.0859870016991, 0.0, 0.0, 0.0, 0.0, 0.0, 0.0, 0.0]
INFORMACIÓN : 10apuestaBundle [777.6514613723056, 763.1234140338103, 763.0341234381688, 755.7713662848183, 752.5363597339236]
INFORMACIÓN : 10positionsBundle [1282, 865, 2038, 761, 1716]
INFORMACIÓN : 10levelsBundle [3, 3, 3, 3, 3]
INFORMACIÓN : 10positionsOrdered [1282, 865, 2038, 761, 1716]
INFORMACIÓN : 10levelsOrdered [3, 3, 3, 3, 3]
INFORMACIÓN : 10partialityOrdered [3, 3, 3, 3, 3]
INFORMACIÓN : 10arrivalTimes [25.450112855130058, 44.23840708318599, 76.76531901776718, 113.56205800371538, 133.20894070810388]
INFORMACIÓN : 11historia0[0.0, 0.0, 0.0, 0.0, 0.0, 0.0, 0.0, 0.0, 0.0, 0.0, 0.0, 0.0, 809.1925533678897, 0.0, 0.0, 0.0, 802.2990133870696, 0.0, 0.0, 0.0, 0.0, 0.0, 0.0, 752.5363597339236, 0.0, 0.0, 0.0, 0.0, 255.27137221853945, 763.0341234381688, 0.0, 0.0, 0.0, 0.0, 0.0, 799.28766978194, 0.0, 0.0, 775.4764866966054, 268.8947245540726, 0.0, 0.0, 0.0, 0.0, 0.0, 787.7681854304875, 0.0, 0.0, 0.0, 0.0, 0.0, 755.7713662848183, 0.0, 0.0, 0.0, 0.0, 0.0, 0.0, 0.0, 0.0, 0.0, 0.0, 0.0, 0.0, 0.0, 0.0, 0.0, 0.0, 0.0, 812.2240443749638, 0.0, 0.0, 0.0, 0.0, 0.0, 0.0, 0.0, 0.0, 0.0, 0.0, 0.0, 769.1279164120623, 0.0, 0.0, 0.0, 777.6514613723056, 0.0, 0.0, 0.0, 0.0, 0.0, 768.2677050776479, 0.0, 0.0, 0.0, 0.0, 0.0, 0.0, 0.0, 0.0, 0.0, 0.0, 0.0, 763.1234140338103, 0.0, 0.0, 0.0, 0.0, 0.0, 0.0, 0.0, 0.0, 0.0, 0.0, 0.0, 0.0, 0.0, 0.0, 0.0, 0.0, 0.0, 0.0, 0.0, 0.0, 0.0, 776.922938544834, 0.0, 0.0, 0.0, 0.0, 0.0, 0.0, 0.0, 791.5823282761027, 0.0, 0.0, 0.0, 0.0, 0.0, 0.0, 0.0, 0.0, 0.0, 0.0, 0.0, 275.28814894039954, 777.6414936405079, 0.0, 0.0, 0.0, 0.0, 0.0, 0.0, 0.0, 0.0, 0.0, 0.0, 0.0, 0.0, 0.0, 0.0, 0.0, 767.0859870016991, 0.0, 0.0, 0.0, 0.0, 0.0, 0.0, 0.0]
INFORMACIÓN : 11apuestaBundle [777.6514613723056, 763.1234140338103, 763.0341234381688, 755.7713662848183, 752.5363597339236]
INFORMACIÓN : 11positionsBundle [1282, 865, 2038, 761, 1716]
INFORMACIÓN : 11levelsBundle [3, 3, 3, 3, 3]
INFORMACIÓN : 11positionsOrdered [1282, 865, 2038, 761, 1716]
INFORMACIÓN : 11levelsOrdered [3, 3, 3, 3, 3]
INFORMACIÓN : 11partialityOrdered [3, 3, 3, 3, 3]
INFORMACIÓN : 11arrivalTimes [25.450112855130058, 44.23840708318599, 76.76531901776718, 113.56205800371538, 133.20894070810388]
INFORMACIÓN : 12historia0[0.0, 0.0, 0.0, 0.0, 0.0, 0.0, 0.0, 0.0, 0.0, 0.0, 0.0, 0.0, 809.1925533678897, 0.0, 0.0, 0.0, 802.2990133870696, 0.0, 0.0, 0.0, 0.0, 0.0, 0.0, 752.5363597339236, 0.0, 0.0, 0.0, 0.0, 255.27137221853945, 763.0341234381688, 0.0, 0.0, 0.0, 0.0, 0.0, 799.28766978194, 0.0, 0.0, 775.4764866966054, 268.8947245540726, 0.0, 0.0, 0.0, 0.0, 0.0, 787.7681854304875, 0.0, 0.0, 0.0, 0.0, 0.0, 755.7713662848183, 0.0, 0.0, 0.0, 0.0, 0.0, 0.0, 0.0, 0.0, 0.0, 0.0, 0.0, 0.0, 0.0, 0.0, 0.0, 0.0, 0.0, 812.2240443749638, 0.0, 0.0, 0.0, 0.0, 0.0, 0.0, 798.3165843036929, 0.0, 0.0, 0.0, 0.0, 769.1279164120623, 0.0, 0.0, 0.0, 777.6514613723056, 0.0, 0.0, 0.0, 0.0, 0.0, 768.2677050776479, 0.0, 0.0, 0.0, 0.0, 0.0, 0.0, 0.0, 0.0, 0.0, 0.0, 0.0, 763.1234140338103, 0.0, 0.0, 0.0, 0.0, 0.0, 0.0, 0.0, 0.0, 0.0, 0.0, 0.0, 0.0, 0.0, 0.0, 0.0, 0.0, 0.0, 0.0, 0.0, 0.0, 0.0, 776.922938544834, 0.0, 0.0, 0.0, 0.0, 0.0, 0.0, 0.0, 791.5823282761027, 0.0, 0.0, 0.0, 0.0, 0.0, 0.0, 0.0, 0.0, 0.0, 0.0, 0.0, 275.28814894039954, 777.6414936405079, 0.0, 0.0, 0.0, 0.0, 0.0, 0.0, 0.0, 804.5723199715338, 0.0, 0.0, 0.0, 0.0, 0.0, 0.0, 0.0, 767.0859870016991, 0.0, 0.0, 0.0, 0.0, 0.0, 0.0, 0.0]
INFORMACIÓN : 12apuestaBundle [777.6514613723056, 763.1234140338103, 763.0341234381688, 755.7713662848183, 752.5363597339236]
INFORMACIÓN : 12positionsBundle [1282, 865, 2038, 761, 1716]
INFORMACIÓN : 12levelsBundle [3, 3, 3, 3, 3]
INFORMACIÓN : 12positionsOrdered [1282, 865, 2038, 761, 1716]
INFORMACIÓN : 12levelsOrdered [3, 3, 3, 3, 3]
INFORMACIÓN : 12partialityOrdered [3, 3, 3, 3, 3]
INFORMACIÓN : 12arrivalTimes [25.450112855130058, 44.23840708318599, 76.76531901776718, 113.56205800371538, 133.20894070810388]
INFORMACIÓN : depSat position 865 level 3
INFORMACIÓN : 13historia0[0.0, 0.0, 0.0, 0.0, 0.0, 0.0, 0.0, 0.0, 0.0, 0.0, 0.0, 0.0, 809.1925533678897, 0.0, 0.0, 0.0, 802.2990133870696, 0.0, 0.0, 0.0, 0.0, 0.0, 0.0, 0.0, 0.0, 0.0, 0.0, 0.0, 255.27137221853945, 0.0, 0.0, 0.0, 0.0, 0.0, 0.0, 799.28766978194, 0.0, 0.0, 775.4764866966054, 268.8947245540726, 0.0, 0.0, 0.0, 0.0, 0.0, 787.7681854304875, 0.0, 0.0, 0.0, 0.0, 0.0, 0.0, 0.0, 0.0, 0.0, 0.0, 0.0, 0.0, 0.0, 0.0, 0.0, 0.0, 0.0, 0.0, 0.0, 0.0, 0.0, 0.0, 0.0, 812.2240443749638, 0.0, 0.0, 0.0, 0.0, 0.0, 0.0, 794.2204174306614, 0.0, 0.0, 0.0, 0.0, 769.1279164120623, 0.0, 0.0, 0.0, 777.6514613723056, 0.0, 0.0, 0.0, 0.0, 0.0, 768.2677050776479, 0.0, 0.0, 0.0, 0.0, 0.0, 0.0, 0.0, 0.0, 0.0, 0.0, 0.0, 0.0, 0.0, 0.0, 0.0, 0.0, 0.0, 0.0, 0.0, 0.0, 0.0, 0.0, 0.0, 0.0, 0.0, 0.0, 0.0, 0.0, 0.0, 0.0, 0.0, 0.0, 0.0, 776.922938544834, 0.0, 0.0, 0.0, 0.0, 0.0, 0.0, 0.0, 791.5823282761027, 0.0, 0.0, 0.0, 0.0, 0.0, 0.0, 0.0, 0.0, 0.0, 0.0, 0.0, 275.28814894039954, 777.6414936405079, 0.0, 0.0, 0.0, 0.0, 0.0, 0.0, 0.0, 803.1126948306127, 0.0, 0.0, 0.0, 0.0, 0.0, 0.0, 0.0, 767.0859870016991, 0.0, 0.0, 0.0, 0.0, 281.23552013320403, 0.0, 0.0]
INFORMACIÓN : 13apuestaBundle [777.6514613723056, 255.03502979385894, 173.12580461016964, 127.57340781562786, 75.28515686329612]
INFORMACIÓN : 13positionsBundle [1282, 1986, 780, 1854, 834]
INFORMACIÓN : 13levelsBundle [3, 2, 1, 3, 1]
INFORMACIÓN : 13positionsOrdered [1282, 1986, 780, 1854, 834]
INFORMACIÓN : 13levelsOrdered [3, 2, 1, 3, 1]
INFORMACIÓN : 13partialityOrdered [3, 2, 1, 3, 2]
INFORMACIÓN : 13arrivalTimes [25.450112855130058, 40.01033263369109, 64.74896638739705, 98.80773911924985, 135.42740596645095]
INFORMACIÓN : 14historia0[0.0, 0.0, 0.0, 0.0, 0.0, 0.0, 0.0, 0.0, 0.0, 0.0, 0.0, 127.57340781562786, 809.1925533678897, 0.0, 0.0, 0.0, 802.2990133870696, 0.0, 0.0, 0.0, 786.5656202705093, 0.0, 0.0, 0.0, 0.0, 0.0, 0.0, 0.0, 0.0, 0.0, 0.0, 0.0, 0.0, 0.0, 0.0, 799.28766978194, 0.0, 0.0, 0.0, 0.0, 0.0, 0.0, 0.0, 0.0, 0.0, 787.7681854304875, 0.0, 0.0, 0.0, 0.0, 0.0, 0.0, 75.28515686329612, 0.0, 359.09535170609547, 0.0, 0.0, 0.0, 369.81809685387276, 0.0, 0.0, 0.0, 0.0, 0.0, 0.0, 0.0, 173.12580461016964, 0.0, 0.0, 812.2240443749638, 255.03502979385894, 0.0, 0.0, 0.0, 0.0, 0.0, 794.2204174306614, 0.0, 0.0, 359.09535170609547, 0.0, 787.0306108687194, 0.0, 0.0, 0.0, 777.6514613723056, 0.0, 0.0, 0.0, 0.0, 0.0, 0.0, 0.0, 0.0, 0.0, 0.0, 0.0, 0.0, 0.0, 0.0, 0.0, 0.0, 0.0, 0.0, 0.0, 0.0, 0.0, 0.0, 0.0, 0.0, 0.0, 0.0, 0.0, 0.0, 0.0, 0.0, 0.0, 0.0, 769.1423256112653, 0.0, 0.0, 0.0, 0.0, 0.0, 0.0, 0.0, 0.0, 0.0, 0.0, 0.0, 369.81809685387276, 0.0, 0.0, 0.0, 0.0, 0.0, 0.0, 0.0, 0.0, 0.0, 0.0, 0.0, 0.0, 0.0, 0.0, 0.0, 0.0, 0.0, 0.0, 0.0, 0.0, 0.0, 0.0, 0.0, 803.1126948306127, 0.0, 0.0, 0.0, 0.0, 0.0, 0.0, 0.0, 0.0, 0.0, 0.0, 0.0, 0.0, 281.23552013320403, 0.0, 0.0]
INFORMACIÓN : 14apuestaBundle [777.6514613723056, 255.03502979385894, 173.12580461016964, 127.57340781562786, 75.28515686329612]
INFORMACIÓN : 14positionsBundle [1282, 1986, 780, 1854, 834]
INFORMACIÓN : 14levelsBundle [3, 2, 1, 3, 1]
INFORMACIÓN : 14positionsOrdered [1282, 1986, 780, 1854, 834]
INFORMACIÓN : 14levelsOrdered [3, 2, 1, 3, 1]
INFORMACIÓN : 14partialityOrdered [3, 2, 1, 3, 2]
INFORMACIÓN : 14arrivalTimes [25.450112855130058, 40.01033263369109, 64.74896638739705, 98.80773911924985, 135.42740596645095]
INFORMACIÓN : mutexSat position 834 level 1
INFORMACIÓN : 15historia0[0.0, 0.0, 0.0, 0.0, 0.0, 0.0, 0.0, 0.0, 0.0, 0.0, 0.0, 127.57340781562786, 809.1925533678897, 0.0, 0.0, 0.0, 802.2990133870696, 0.0, 0.0, 0.0, 786.5656202705093, 0.0, 0.0, 0.0, 0.0, 0.0, 0.0, 0.0, 236.01383973832327, 0.0, 0.0, 0.0, 0.0, 0.0, 0.0, 799.28766978194, 0.0, 0.0, 0.0, 259.3488607887136, 0.0, 0.0, 0.0, 0.0, 0.0, 787.7681854304875, 0.0, 0.0, 0.0, 0.0, 0.0, 0.0, 0.0, 0.0, 0.0, 0.0, 0.0, 0.0, 369.81809685387276, 0.0, 0.0, 0.0, 0.0, 0.0, 0.0, 0.0, 173.12580461016964, 0.0, 0.0, 812.2240443749638, 255.03502979385894, 0.0, 0.0, 0.0, 0.0, 0.0, 794.2204174306614, 0.0, 0.0, 0.0, 0.0, 787.0306108687194, 0.0, 0.0, 0.0, 777.6514613723056, 0.0, 0.0, 0.0, 0.0, 0.0, 0.0, 0.0, 0.0, 0.0, 0.0, 0.0, 381.19582532979734, 0.0, 231.49708560080566, 0.0, 0.0, 0.0, 0.0, 0.0, 0.0, 0.0, 363.7834520365378, 0.0, 0.0, 0.0, 0.0, 0.0, 0.0, 0.0, 0.0, 0.0, 0.0, 769.1423256112653, 0.0, 0.0, 0.0, 0.0, 0.0, 0.0, 0.0, 0.0, 0.0, 0.0, 363.7834520365378, 369.81809685387276, 0.0, 0.0, 0.0, 0.0, 0.0, 0.0, 0.0, 0.0, 0.0, 0.0, 0.0, 0.0, 0.0, 0.0, 0.0, 0.0, 0.0, 282.5876927447503, 0.0, 0.0, 0.0, 0.0, 0.0, 803.1126948306127, 0.0, 0.0, 0.0, 230.2449815961354, 0.0, 0.0, 283.65398683661624, 0.0, 0.0, 0.0, 0.0, 0.0, 0.0, 0.0, 0.0]
INFORMACIÓN : 15apuestaBundle [777.6514613723056, 255.03502979385894, 173.12580461016964, 127.57340781562786, 44.2726400118482]
INFORMACIÓN : 15positionsBundle [1282, 1986, 780, 1854, 508]
INFORMACIÓN : 15levelsBundle [3, 2, 1, 3, 1]
INFORMACIÓN : 15positionsOrdered [1282, 1986, 780, 1854, 508]
INFORMACIÓN : 15levelsOrdered [3, 2, 1, 3, 1]
INFORMACIÓN : 15partialityOrdered [3, 2, 1, 3, 2]
INFORMACIÓN : 15arrivalTimes [25.450112855130058, 40.01033263369109, 64.74896638739705, 98.80773911924985, 126.10242724716221]
INFORMACIÓN : 16historia0[0.0, 44.2726400118482, 0.0, 0.0, 0.0, 0.0, 0.0, 0.0, 0.0, 0.0, 0.0, 127.57340781562786, 809.1925533678897, 277.73964784505534, 245.85930692925467, 0.0, 802.2990133870696, 0.0, 0.0, 0.0, 786.5656202705093, 0.0, 0.0, 0.0, 0.0, 0.0, 0.0, 0.0, 236.01383973832327, 0.0, 0.0, 0.0, 0.0, 0.0, 0.0, 799.28766978194, 0.0, 0.0, 0.0, 0.0, 0.0, 0.0, 0.0, 0.0, 0.0, 787.7681854304875, 0.0, 0.0, 0.0, 0.0, 0.0, 0.0, 0.0, 0.0, 0.0, 0.0, 0.0, 0.0, 0.0, 0.0, 0.0, 0.0, 0.0, 0.0, 0.0, 0.0, 173.12580461016964, 0.0, 0.0, 812.2240443749638, 255.03502979385894, 0.0, 0.0, 0.0, 0.0, 0.0, 794.2204174306614, 0.0, 0.0, 0.0, 0.0, 787.0306108687194, 0.0, 0.0, 0.0, 777.6514613723056, 0.0, 0.0, 0.0, 0.0, 0.0, 0.0, 0.0, 0.0, 0.0, 0.0, 0.0, 381.19582532979734, 0.0, 231.49708560080566, 0.0, 0.0, 0.0, 0.0, 0.0, 0.0, 0.0, 0.0, 0.0, 176.10421446631642, 0.0, 0.0, 281.71757101074667, 0.0, 0.0, 0.0, 180.86046746204477, 0.0, 769.1423256112653, 0.0, 0.0, 0.0, 0.0, 0.0, 0.0, 0.0, 0.0, 0.0, 0.0, 0.0, 0.0, 0.0, 0.0, 0.0, 0.0, 0.0, 0.0, 0.0, 0.0, 0.0, 0.0, 0.0, 0.0, 0.0, 0.0, 0.0, 0.0, 0.0, 282.5876927447503, 0.0, 0.0, 0.0, 0.0, 0.0, 803.1126948306127, 0.0, 0.0, 0.0, 230.2449815961354, 0.0, 0.0, 0.0, 0.0, 0.0, 0.0, 0.0, 0.0, 0.0, 0.0, 0.0]
INFORMACIÓN : 16apuestaBundle [777.6514613723056, 255.03502979385894, 173.12580461016964, 127.57340781562786, 44.2726400118482]
INFORMACIÓN : 16positionsBundle [1282, 1986, 780, 1854, 508]
INFORMACIÓN : 16levelsBundle [3, 2, 1, 3, 1]
INFORMACIÓN : 16positionsOrdered [1282, 1986, 780, 1854, 508]
INFORMACIÓN : 16levelsOrdered [3, 2, 1, 3, 1]
INFORMACIÓN : 16partialityOrdered [3, 2, 1, 3, 2]
INFORMACIÓN : 16arrivalTimes [25.450112855130058, 40.01033263369109, 64.74896638739705, 98.80773911924985, 126.10242724716221]
INFORMACIÓN : 17historia0[0.0, 44.2726400118482, 0.0, 0.0, 0.0, 0.0, 0.0, 0.0, 0.0, 0.0, 0.0, 127.57340781562786, 809.1925533678897, 277.73964784505534, 245.85930692925467, 0.0, 802.2990133870696, 0.0, 0.0, 0.0, 786.5656202705093, 0.0, 0.0, 0.0, 0.0, 0.0, 0.0, 0.0, 236.01383973832327, 0.0, 0.0, 0.0, 0.0, 0.0, 0.0, 799.28766978194, 0.0, 0.0, 0.0, 0.0, 0.0, 0.0, 0.0, 0.0, 0.0, 787.7681854304875, 0.0, 0.0, 0.0, 0.0, 0.0, 0.0, 0.0, 0.0, 0.0, 0.0, 0.0, 0.0, 0.0, 0.0, 0.0, 0.0, 0.0, 0.0, 0.0, 0.0, 173.12580461016964, 0.0, 0.0, 812.2240443749638, 255.03502979385894, 0.0, 0.0, 0.0, 0.0, 0.0, 794.2204174306614, 0.0, 0.0, 0.0, 0.0, 787.0306108687194, 0.0, 0.0, 0.0, 777.6514613723056, 0.0, 0.0, 0.0, 0.0, 0.0, 0.0, 0.0, 0.0, 0.0, 0.0, 0.0, 381.19582532979734, 0.0, 231.49708560080566, 0.0, 0.0, 0.0, 0.0, 0.0, 0.0, 0.0, 0.0, 0.0, 176.10421446631642, 0.0, 0.0, 281.71757101074667, 0.0, 0.0, 0.0, 180.86046746204477, 0.0, 769.1423256112653, 0.0, 0.0, 0.0, 0.0, 0.0, 0.0, 0.0, 0.0, 0.0, 0.0, 0.0, 0.0, 0.0, 0.0, 0.0, 0.0, 0.0, 0.0, 0.0, 0.0, 0.0, 0.0, 0.0, 0.0, 0.0, 381.19582532979734, 0.0, 0.0, 0.0, 282.5876927447503, 0.0, 0.0, 0.0, 0.0, 0.0, 803.1126948306127, 0.0, 0.0, 0.0, 230.2449815961354, 0.0, 0.0, 0.0, 0.0, 0.0, 0.0, 0.0, 0.0, 0.0, 0.0, 0.0]
INFORMACIÓN : 17apuestaBundle [777.6514613723056, 255.03502979385894, 173.12580461016964, 127.57340781562786, 44.2726400118482]
INFORMACIÓN : 17positionsBundle [1282, 1986, 780, 1854, 508]
INFORMACIÓN : 17levelsBundle [3, 2, 1, 3, 1]
INFORMACIÓN : 17positionsOrdered [1282, 1986, 780, 1854, 508]
INFORMACIÓN : 17levelsOrdered [3, 2, 1, 3, 1]
INFORMACIÓN : 17partialityOrdered [3, 2, 1, 3, 2]
INFORMACIÓN : 17arrivalTimes [25.450112855130058, 40.01033263369109, 64.74896638739705, 98.80773911924985, 126.10242724716221]
INFORMACIÓN : depSat position 1282 level 3
INFORMACIÓN : 18historia0[0.0, 0.0, 0.0, 0.0, 0.0, 0.0, 0.0, 0.0, 0.0, 0.0, 0.0, 0.0, 809.1925533678897, 277.73964784505534, 245.85930692925467, 0.0, 802.2990133870696, 0.0, 0.0, 0.0, 786.5656202705093, 0.0, 0.0, 0.0, 0.0, 0.0, 0.0, 0.0, 236.01383973832327, 0.0, 0.0, 0.0, 0.0, 0.0, 0.0, 799.28766978194, 0.0, 0.0, 0.0, 0.0, 0.0, 0.0, 0.0, 0.0, 0.0, 787.7681854304875, 0.0, 0.0, 0.0, 0.0, 0.0, 0.0, 0.0, 0.0, 0.0, 0.0, 0.0, 0.0, 0.0, 0.0, 0.0, 0.0, 0.0, 0.0, 0.0, 0.0, 0.0, 0.0, 0.0, 812.2240443749638, 0.0, 0.0, 0.0, 0.0, 0.0, 0.0, 794.2204174306614, 0.0, 0.0, 0.0, 0.0, 787.0306108687194, 0.0, 0.0, 0.0, 0.0, 0.0, 0.0, 0.0, 0.0, 0.0, 0.0, 0.0, 0.0, 0.0, 0.0, 0.0, 381.19582532979734, 0.0, 231.49708560080566, 0.0, 0.0, 0.0, 0.0, 0.0, 0.0, 0.0, 0.0, 0.0, 176.10421446631642, 0.0, 0.0, 281.71757101074667, 0.0, 0.0, 0.0, 180.86046746204477, 0.0, 769.1423256112653, 0.0, 0.0, 0.0, 0.0, 0.0, 0.0, 0.0, 0.0, 0.0, 0.0, 0.0, 0.0, 0.0, 0.0, 0.0, 0.0, 0.0, 0.0, 0.0, 0.0, 0.0, 0.0, 0.0, 0.0, 0.0, 381.19582532979734, 0.0, 0.0, 0.0, 282.5876927447503, 0.0, 0.0, 0.0, 0.0, 0.0, 803.1126948306127, 0.0, 0.0, 0.0, 230.2449815961354, 0.0, 0.0, 0.0, 0.0, 0.0, 0.0, 0.0, 0.0, 0.0, 0.0, 0.0]
INFORMACIÓN : 18apuestaBundle [777.6514613723056, 761.5314004175125, 755.7713662848183, 749.1294970221688, 748.5908009317684]
INFORMACIÓN : 18positionsBundle [1282, 2038, 761, 1716, 1614]
INFORMACIÓN : 18levelsBundle [3, 3, 3, 3, 3]
INFORMACIÓN : 18positionsOrdered [1282, 2038, 761, 1716, 1614]
INFORMACIÓN : 18levelsOrdered [3, 3, 3, 3, 3]
INFORMACIÓN : 18partialityOrdered [3, 3, 3, 3, 3]
INFORMACIÓN : 18arrivalTimes [25.450112855130058, 72.76531901776718, 109.56205800371538, 129.20894070810388, 132.03736783285007]
INFORMACIÓN : timeSat position 761 level 3
INFORMACIÓN : 19historia0[0.0, 0.0, 0.0, 0.0, 0.0, 0.0, 0.0, 0.0, 0.0, 0.0, 0.0, 0.0, 810.0447549494035, 0.0, 0.0, 0.0, 802.2990133870696, 0.0, 0.0, 0.0, 786.5656202705093, 0.0, 0.0, 0.0, 0.0, 0.0, 0.0, 0.0, 0.0, 761.5314004175125, 0.0, 0.0, 0.0, 0.0, 0.0, 799.3689683911836, 0.0, 0.0, 0.0, 259.3488607887136, 0.0, 0.0, 0.0, 0.0, 0.0, 790.1337792136959, 0.0, 0.0, 0.0, 0.0, 0.0, 0.0, 0.0, 0.0, 0.0, 0.0, 0.0, 0.0, 0.0, 0.0, 0.0, 0.0, 0.0, 0.0, 0.0, 0.0, 0.0, 0.0, 0.0, 812.2240443749638, 0.0, 0.0, 0.0, 0.0, 0.0, 0.0, 798.3165843036929, 0.0, 0.0, 0.0, 0.0, 787.0306108687194, 0.0, 0.0, 0.0, 777.6514613723056, 0.0, 0.0, 0.0, 0.0, 0.0, 768.2676729216128, 0.0, 0.0, 0.0, 0.0, 0.0, 0.0, 0.0, 0.0, 0.0, 0.0, 0.0, 0.0, 0.0, 0.0, 0.0, 0.0, 0.0, 0.0, 0.0, 0.0, 0.0, 0.0, 0.0, 0.0, 0.0, 0.0, 769.1423256112653, 0.0, 0.0, 0.0, 0.0, 0.0, 0.0, 776.922938544834, 0.0, 0.0, 0.0, 0.0, 0.0, 0.0, 0.0, 791.6635510532077, 0.0, 0.0, 0.0, 0.0, 0.0, 0.0, 0.0, 0.0, 0.0, 0.0, 0.0, 0.0, 0.0, 0.0, 0.0, 0.0, 0.0, 0.0, 0.0, 0.0, 803.2755796750954, 0.0, 0.0, 0.0, 0.0, 0.0, 0.0, 0.0, 750.8743904553313, 0.0, 0.0, 0.0, 0.0, 0.0, 0.0, 0.0]
INFORMACIÓN : 19apuestaBundle [777.6514613723056, 761.5314004175125, 279.0012061121828, 255.88647563902822, 255.02727556162074]
INFORMACIÓN : 19positionsBundle [1282, 2038, 834, 1219, 1986]
INFORMACIÓN : 19levelsBundle [3, 3, 2, 2, 2]
INFORMACIÓN : 19positionsOrdered [1282, 834, 2038, 1986, 1219]
INFORMACIÓN : 19levelsOrdered [3, 2, 3, 2, 2]
INFORMACIÓN : 19partialityOrdered [3, 2, 3, 2, 2]
INFORMACIÓN : 19arrivalTimes [25.450112855130058, 34.66965731242294, 72.76531901776718, 75.00138699526697, 134.2736932611296]
INFORMACIÓN : 20historia0[0.0, 0.0, 0.0, 0.0, 0.0, 0.0, 0.0, 0.0, 0.0, 0.0, 0.0, 0.0, 809.1925533678897, 0.0, 0.0, 0.0, 802.2990133870696, 0.0, 0.0, 0.0, 790.921022666322, 0.0, 0.0, 0.0, 0.0, 0.0, 0.0, 0.0, 0.0, 761.5314004175125, 0.0, 0.0, 0.0, 0.0, 0.0, 799.3689683911836, 0.0, 0.0, 775.6387519027703, 259.3488607887136, 0.0, 0.0, 0.0, 0.0, 0.0, 787.9307226287594, 0.0, 0.0, 0.0, 0.0, 0.0, 0.0, 0.0, 0.0, 373.99280901749, 0.0, 0.0, 0.0, 0.0, 0.0, 0.0, 255.88647563902822, 0.0, 0.0, 0.0, 0.0, 0.0, 0.0, 0.0, 812.2240443749638, 255.02727556162074, 0.0, 0.0, 0.0, 0.0, 0.0, 0.0, 0.0, 0.0, 0.0, 0.0, 791.281852344089, 0.0, 0.0, 0.0, 777.6514613723056, 0.0, 0.0, 0.0, 0.0, 0.0, 768.2676729216128, 0.0, 0.0, 0.0, 384.0606015670436, 0.0, 0.0, 0.0, 0.0, 384.0606015670436, 0.0, 0.0, 0.0, 0.0, 0.0, 0.0, 0.0, 0.0, 0.0, 0.0, 0.0, 0.0, 0.0, 279.0012061121828, 0.0, 0.0, 0.0, 0.0, 0.0, 0.0, 0.0, 0.0, 0.0, 0.0, 0.0, 0.0, 381.3179610690337, 0.0, 0.0, 0.0, 0.0, 0.0, 791.6635510532077, 0.0, 0.0, 0.0, 0.0, 0.0, 0.0, 0.0, 0.0, 0.0, 0.0, 0.0, 0.0, 779.1674788576711, 0.0, 0.0, 0.0, 0.0, 0.0, 0.0, 0.0, 803.2755796750954, 0.0, 0.0, 0.0, 0.0, 0.0, 0.0, 0.0, 0.0, 0.0, 0.0, 381.3179610690337, 0.0, 0.0, 0.0, 764.5525640145147]
INFORMACIÓN : 20apuestaBundle [777.6514613723056, 761.5314004175125, 279.0012061121828, 255.88647563902822, 255.02727556162074]
INFORMACIÓN : 20positionsBundle [1282, 2038, 834, 1219, 1986]
INFORMACIÓN : 20levelsBundle [3, 3, 2, 2, 2]
INFORMACIÓN : 20positionsOrdered [1282, 834, 2038, 1986, 1219]
INFORMACIÓN : 20levelsOrdered [3, 2, 3, 2, 2]
INFORMACIÓN : 20partialityOrdered [3, 2, 3, 2, 2]
INFORMACIÓN : 20arrivalTimes [25.450112855130058, 34.66965731242294, 72.76531901776718, 75.00138699526697, 134.2736932611296]
INFORMACIÓN : 21historia0[0.0, 0.0, 0.0, 0.0, 0.0, 0.0, 0.0, 0.0, 0.0, 0.0, 0.0, 0.0, 809.1925533678897, 0.0, 278.38334396754044, 0.0, 798.0817912826562, 0.0, 0.0, 0.0, 781.5429922893607, 0.0, 0.0, 0.0, 0.0, 0.0, 0.0, 0.0, 0.0, 761.5314004175125, 0.0, 0.0, 0.0, 0.0, 0.0, 799.3689683911836, 0.0, 0.0, 775.6387519027703, 259.3488607887136, 0.0, 0.0, 0.0, 0.0, 0.0, 787.9307226287594, 0.0, 0.0, 0.0, 0.0, 0.0, 0.0, 0.0, 0.0, 0.0, 0.0, 0.0, 0.0, 0.0, 0.0, 0.0, 255.88647563902822, 0.0, 0.0, 0.0, 0.0, 0.0, 0.0, 0.0, 808.0036612781823, 255.02727556162074, 0.0, 0.0, 0.0, 0.0, 0.0, 0.0, 0.0, 0.0, 0.0, 0.0, 778.6035921610392, 0.0, 0.0, 0.0, 777.6514613723056, 0.0, 0.0, 0.0, 0.0, 0.0, 768.2676729216128, 0.0, 0.0, 0.0, 0.0, 0.0, 0.0, 0.0, 0.0, 0.0, 0.0, 0.0, 0.0, 0.0, 0.0, 0.0, 363.8646787526776, 0.0, 0.0, 0.0, 0.0, 0.0, 0.0, 279.0012061121828, 0.0, 0.0, 0.0, 0.0, 0.0, 0.0, 0.0, 0.0, 0.0, 0.0, 762.7738205975201, 0.0, 0.0, 0.0, 363.8646787526776, 0.0, 0.0, 0.0, 791.6635510532077, 0.0, 0.0, 0.0, 0.0, 0.0, 0.0, 0.0, 0.0, 0.0, 0.0, 0.0, 0.0, 779.1674788576711, 0.0, 0.0, 0.0, 0.0, 0.0, 0.0, 0.0, 803.2755796750954, 0.0, 0.0, 0.0, 0.0, 0.0, 0.0, 0.0, 765.8012817716678, 0.0, 0.0, 0.0, 0.0, 0.0, 0.0, 764.5525640145147]
INFORMACIÓN : 21apuestaBundle [777.6514613723056, 761.5314004175125, 279.0012061121828, 255.88647563902822, 255.02727556162074]
INFORMACIÓN : 21positionsBundle [1282, 2038, 834, 1219, 1986]
INFORMACIÓN : 21levelsBundle [3, 3, 2, 2, 2]
INFORMACIÓN : 21positionsOrdered [1282, 834, 2038, 1986, 1219]
INFORMACIÓN : 21levelsOrdered [3, 2, 3, 2, 2]
INFORMACIÓN : 21partialityOrdered [3, 2, 3, 2, 2]
INFORMACIÓN : 21arrivalTimes [25.450112855130058, 34.66965731242294, 72.76531901776718, 75.00138699526697, 134.2736932611296]
INFORMACIÓN : 22historia0[0.0, 0.0, 0.0, 0.0, 0.0, 0.0, 0.0, 0.0, 0.0, 0.0, 0.0, 0.0, 809.1925533678897, 0.0, 279.9542449122614, 0.0, 798.0817912826562, 0.0, 0.0, 0.0, 781.5429922893607, 0.0, 0.0, 0.0, 0.0, 0.0, 0.0, 0.0, 0.0, 761.5314004175125, 0.0, 0.0, 0.0, 0.0, 0.0, 799.3689683911836, 0.0, 0.0, 775.6387519027703, 0.0, 0.0, 0.0, 0.0, 0.0, 0.0, 787.9307226287594, 0.0, 0.0, 0.0, 0.0, 0.0, 0.0, 0.0, 0.0, 0.0, 0.0, 0.0, 0.0, 0.0, 0.0, 0.0, 255.88647563902822, 0.0, 0.0, 0.0, 0.0, 0.0, 0.0, 0.0, 808.0036612781823, 255.02727556162074, 0.0, 0.0, 0.0, 0.0, 0.0, 0.0, 0.0, 0.0, 0.0, 0.0, 778.6035921610392, 0.0, 0.0, 0.0, 777.6514613723056, 0.0, 0.0, 0.0, 0.0, 0.0, 768.2676729216128, 0.0, 0.0, 0.0, 0.0, 0.0, 0.0, 0.0, 231.49708560080566, 0.0, 0.0, 0.0, 0.0, 0.0, 0.0, 0.0, 0.0, 0.0, 0.0, 0.0, 0.0, 274.19765014784286, 0.0, 279.0012061121828, 0.0, 0.0, 0.0, 0.0, 0.0, 0.0, 0.0, 0.0, 0.0, 0.0, 0.0, 0.0, 0.0, 0.0, 0.0, 0.0, 0.0, 0.0, 791.6635510532077, 0.0, 0.0, 0.0, 0.0, 0.0, 0.0, 0.0, 0.0, 0.0, 0.0, 0.0, 0.0, 779.1674788576711, 0.0, 0.0, 0.0, 0.0, 0.0, 0.0, 0.0, 803.2755796750954, 0.0, 0.0, 0.0, 230.2449815961354, 0.0, 0.0, 0.0, 765.8012817716678, 0.0, 0.0, 0.0, 0.0, 278.69374183099285, 0.0, 764.5525640145147]
INFORMACIÓN : 22apuestaBundle [777.6514613723056, 761.5314004175125, 279.0012061121828, 255.88647563902822, 255.02727556162074]
INFORMACIÓN : 22positionsBundle [1282, 2038, 834, 1219, 1986]
INFORMACIÓN : 22levelsBundle [3, 3, 2, 2, 2]
INFORMACIÓN : 22positionsOrdered [1282, 834, 2038, 1986, 1219]
INFORMACIÓN : 22levelsOrdered [3, 2, 3, 2, 2]
INFORMACIÓN : 22partialityOrdered [3, 2, 3, 2, 2]
INFORMACIÓN : 22arrivalTimes [25.450112855130058, 34.66965731242294, 72.76531901776718, 75.00138699526697, 134.2736932611296]
INFORMACIÓN : 23historia0[0.0, 0.0, 0.0, 0.0, 0.0, 0.0, 0.0, 0.0, 0.0, 0.0, 0.0, 0.0, 809.1925533678897, 0.0, 279.9542449122614, 0.0, 798.0817912826562, 0.0, 0.0, 0.0, 781.5429922893607, 0.0, 0.0, 0.0, 0.0, 0.0, 0.0, 0.0, 0.0, 761.5314004175125, 0.0, 0.0, 0.0, 0.0, 0.0, 799.3689683911836, 0.0, 0.0, 0.0, 0.0, 0.0, 0.0, 0.0, 0.0, 0.0, 787.9307226287594, 0.0, 0.0, 0.0, 0.0, 0.0, 0.0, 0.0, 0.0, 0.0, 0.0, 0.0, 0.0, 0.0, 0.0, 0.0, 255.88647563902822, 0.0, 0.0, 0.0, 0.0, 0.0, 0.0, 0.0, 808.0036612781823, 255.02727556162074, 0.0, 0.0, 0.0, 0.0, 0.0, 0.0, 0.0, 0.0, 0.0, 0.0, 778.6035921610392, 0.0, 0.0, 0.0, 777.6514613723056, 0.0, 0.0, 0.0, 0.0, 0.0, 768.2676729216128, 0.0, 0.0, 0.0, 0.0, 0.0, 0.0, 0.0, 231.49708560080566, 0.0, 0.0, 0.0, 0.0, 0.0, 0.0, 0.0, 0.0, 0.0, 0.0, 0.0, 0.0, 281.71757101074667, 0.0, 279.0012061121828, 0.0, 0.0, 0.0, 0.0, 0.0, 0.0, 0.0, 0.0, 0.0, 0.0, 0.0, 0.0, 0.0, 0.0, 0.0, 0.0, 0.0, 0.0, 791.6635510532077, 0.0, 0.0, 0.0, 0.0, 0.0, 0.0, 0.0, 0.0, 0.0, 0.0, 0.0, 0.0, 779.1674788576711, 0.0, 0.0, 0.0, 0.0, 0.0, 0.0, 762.5433392704276, 803.2755796750954, 0.0, 0.0, 0.0, 230.2449815961354, 0.0, 0.0, 0.0, 765.8012817716678, 0.0, 0.0, 0.0, 0.0, 278.69374183099285, 0.0, 0.0]
INFORMACIÓN : 23apuestaBundle [777.6514613723056, 761.5314004175125, 279.0012061121828, 255.88647563902822, 255.02727556162074]
INFORMACIÓN : 23positionsBundle [1282, 2038, 834, 1219, 1986]
INFORMACIÓN : 23levelsBundle [3, 3, 2, 2, 2]
INFORMACIÓN : 23positionsOrdered [1282, 834, 2038, 1986, 1219]
INFORMACIÓN : 23levelsOrdered [3, 2, 3, 2, 2]
INFORMACIÓN : 23partialityOrdered [3, 2, 3, 2, 2]
INFORMACIÓN : 23arrivalTimes [25.450112855130058, 34.66965731242294, 72.76531901776718, 75.00138699526697, 134.2736932611296]
INFORMACIÓN : 24historia0[0.0, 0.0, 0.0, 173.9176873162006, 0.0, 789.0738847564533, 0.0, 0.0, 0.0, 0.0, 0.0, 0.0, 809.1925533678897, 0.0, 0.0, 781.2347903846344, 798.0817912826562, 0.0, 0.0, 0.0, 781.5429922893607, 0.0, 0.0, 785.7007113307936, 0.0, 0.0, 0.0, 0.0, 0.0, 761.5314004175125, 0.0, 0.0, 0.0, 0.0, 0.0, 799.3689683911836, 0.0, 0.0, 0.0, 0.0, 0.0, 0.0, 0.0, 0.0, 0.0, 787.9307226287594, 0.0, 0.0, 0.0, 0.0, 0.0, 808.0651084651261, 0.0, 0.0, 0.0, 0.0, 0.0, 0.0, 0.0, 0.0, 0.0, 255.88647563902822, 0.0, 0.0, 0.0, 0.0, 0.0, 0.0, 0.0, 808.0036612781823, 255.02727556162074, 0.0, 0.0, 0.0, 0.0, 0.0, 798.3165843036929, 0.0, 0.0, 0.0, 0.0, 778.6035921610392, 0.0, 0.0, 0.0, 777.6514613723056, 0.0, 0.0, 0.0, 0.0, 0.0, 768.2676729216128, 0.0, 0.0, 0.0, 0.0, 0.0, 0.0, 0.0, 231.49708560080566, 0.0, 0.0, 0.0, 806.3926972649806, 0.0, 0.0, 0.0, 0.0, 0.0, 176.10421446631642, 0.0, 0.0, 281.71757101074667, 0.0, 279.0012061121828, 0.0, 0.0, 0.0, 0.0, 0.0, 0.0, 0.0, 0.0, 0.0, 0.0, 0.0, 0.0, 0.0, 0.0, 0.0, 0.0, 0.0, 0.0, 791.6635510532077, 0.0, 0.0, 0.0, 0.0, 0.0, 0.0, 0.0, 0.0, 0.0, 170.12684669309385, 0.0, 0.0, 779.1674788576711, 0.0, 0.0, 0.0, 0.0, 0.0, 0.0, 762.5433392704276, 803.2755796750954, 0.0, 0.0, 0.0, 230.2449815961354, 0.0, 0.0, 0.0, 765.8012817716678, 0.0, 0.0, 0.0, 0.0, 0.0, 0.0, 0.0]
INFORMACIÓN : 24apuestaBundle [777.6514613723056, 761.5314004175125, 279.0012061121828, 255.88647563902822, 255.02727556162074]
INFORMACIÓN : 24positionsBundle [1282, 2038, 834, 1219, 1986]
INFORMACIÓN : 24levelsBundle [3, 3, 2, 2, 2]
INFORMACIÓN : 24positionsOrdered [1282, 834, 2038, 1986, 1219]
INFORMACIÓN : 24levelsOrdered [3, 2, 3, 2, 2]
INFORMACIÓN : 24partialityOrdered [3, 2, 3, 2, 2]
INFORMACIÓN : 24arrivalTimes [25.450112855130058, 34.66965731242294, 72.76531901776718, 75.00138699526697, 134.2736932611296]
INFORMACIÓN : depSat position 834 level 2
INFORMACIÓN : depSat position 1986 level 2
INFORMACIÓN : 25historia0[0.0, 0.0, 0.0, 0.0, 0.0, 786.1792947057329, 0.0, 0.0, 0.0, 0.0, 0.0, 0.0, 809.1925533678897, 0.0, 282.2265484814982, 778.1489213757432, 798.0817912826562, 0.0, 0.0, 181.19286299850597, 781.5429922893607, 0.0, 0.0, 0.0, 0.0, 0.0, 0.0, 0.0, 0.0, 761.5314004175125, 0.0, 0.0, 0.0, 0.0, 0.0, 799.3689683911836, 0.0, 0.0, 0.0, 0.0, 0.0, 0.0, 0.0, 0.0, 0.0, 787.9307226287594, 0.0, 0.0, 0.0, 0.0, 0.0, 807.3538220336752, 0.0, 0.0, 0.0, 0.0, 0.0, 0.0, 0.0, 0.0, 0.0, 0.0, 0.0, 0.0, 0.0, 0.0, 0.0, 767.1212129591718, 0.0, 808.0036612781823, 0.0, 0.0, 0.0, 0.0, 0.0, 0.0, 0.0, 0.0, 0.0, 0.0, 0.0, 778.6035921610392, 0.0, 0.0, 0.0, 777.6514613723056, 0.0, 0.0, 0.0, 0.0, 0.0, 0.0, 0.0, 350.2185697444313, 0.0, 0.0, 0.0, 385.5293594954454, 0.0, 0.0, 0.0, 0.0, 0.0, 806.3926972649806, 0.0, 0.0, 0.0, 0.0, 0.0, 0.0, 0.0, 0.0, 281.71757101074667, 0.0, 0.0, 0.0, 0.0, 0.0, 0.0, 0.0, 0.0, 0.0, 0.0, 0.0, 0.0, 762.7738205975202, 0.0, 0.0, 0.0, 0.0, 0.0, 0.0, 0.0, 0.0, 0.0, 0.0, 0.0, 0.0, 0.0, 0.0, 0.0, 0.0, 0.0, 0.0, 385.5293594954454, 0.0, 779.1674788576711, 0.0, 0.0, 0.0, 0.0, 0.0, 0.0, 762.5433392704276, 804.5721730868852, 0.0, 0.0, 0.0, 0.0, 0.0, 0.0, 0.0, 765.8012817716678, 350.2185697444313, 0.0, 0.0, 0.0, 281.23552013320403, 0.0, 0.0]
INFORMACIÓN : 25apuestaBundle [777.6514613723056, 761.5314004175125, 173.12580461016964, 75.28515686329612, 52.51539118069185]
INFORMACIÓN : 25positionsBundle [1282, 2038, 780, 834, 1219]
INFORMACIÓN : 25levelsBundle [3, 3, 1, 1, 1]
INFORMACIÓN : 25positionsOrdered [1282, 780, 834, 2038, 1219]
INFORMACIÓN : 25levelsOrdered [3, 1, 1, 3, 1]
INFORMACIÓN : 25partialityOrdered [3, 1, 2, 3, 2]
INFORMACIÓN : 25arrivalTimes [25.450112855130058, 35.64815188231563, 39.77125750793329, 72.76531901776718, 97.60480371451563]
INFORMACIÓN : 26historia0[0.0, 0.0, 0.0, 0.0, 0.0, 786.1792947057329, 0.0, 0.0, 0.0, 160.73222416195088, 0.0, 0.0, 809.1925533678897, 0.0, 246.11908119260056, 778.1489213757432, 798.0817912826562, 0.0, 0.0, 181.19286299850597, 781.5429922893607, 0.0, 0.0, 0.0, 0.0, 0.0, 0.0, 0.0, 0.0, 761.5314004175125, 0.0, 0.0, 0.0, 0.0, 0.0, 799.3689683911836, 0.0, 0.0, 789.2423041272149, 0.0, 0.0, 0.0, 0.0, 0.0, 0.0, 787.9307226287594, 0.0, 0.0, 0.0, 0.0, 0.0, 807.3538220336752, 75.28515686329612, 0.0, 0.0, 0.0, 0.0, 0.0, 369.81809685387276, 0.0, 0.0, 0.0, 0.0, 0.0, 0.0, 0.0, 173.12580461016964, 767.1212129591718, 0.0, 808.0036612781823, 0.0, 0.0, 166.30691744721616, 0.0, 0.0, 0.0, 0.0, 0.0, 0.0, 0.0, 0.0, 778.6035921610392, 0.0, 0.0, 0.0, 777.6514613723056, 0.0, 0.0, 0.0, 0.0, 0.0, 0.0, 0.0, 0.0, 0.0, 0.0, 0.0, 385.5293594954454, 0.0, 0.0, 0.0, 0.0, 0.0, 806.3926972649806, 0.0, 0.0, 0.0, 0.0, 0.0, 0.0, 0.0, 0.0, 0.0, 0.0, 0.0, 0.0, 0.0, 0.0, 0.0, 0.0, 0.0, 0.0, 0.0, 0.0, 0.0, 0.0, 0.0, 0.0, 0.0, 0.0, 0.0, 0.0, 0.0, 0.0, 0.0, 0.0, 0.0, 0.0, 0.0, 0.0, 0.0, 0.0, 0.0, 0.0, 385.5293594954454, 0.0, 0.0, 0.0, 0.0, 0.0, 0.0, 0.0, 0.0, 0.0, 803.8610623453422, 0.0, 0.0, 0.0, 0.0, 0.0, 52.51539118069185, 0.0, 765.8012817716678, 0.0, 0.0, 0.0, 0.0, 245.16296439169855, 0.0, 778.7573214591097]
INFORMACIÓN : 26apuestaBundle [777.6514613723056, 761.5314004175125, 173.12580461016964, 75.28515686329612, 52.51539118069185]
INFORMACIÓN : 26positionsBundle [1282, 2038, 780, 834, 1219]
INFORMACIÓN : 26levelsBundle [3, 3, 1, 1, 1]
INFORMACIÓN : 26positionsOrdered [1282, 780, 834, 2038, 1219]
INFORMACIÓN : 26levelsOrdered [3, 1, 1, 3, 1]
INFORMACIÓN : 26partialityOrdered [3, 1, 2, 3, 2]
INFORMACIÓN : 26arrivalTimes [25.450112855130058, 35.64815188231563, 39.77125750793329, 72.76531901776718, 97.60480371451563]
INFORMACIÓN : 27historia0[0.0, 0.0, 0.0, 0.0, 0.0, 786.1792947057329, 0.0, 0.0, 0.0, 160.73222416195088, 0.0, 0.0, 809.1925533678897, 0.0, 246.11908119260056, 778.1489213757432, 798.0817912826562, 0.0, 0.0, 0.0, 781.5429922893607, 0.0, 0.0, 0.0, 0.0, 0.0, 0.0, 0.0, 0.0, 761.5314004175125, 0.0, 0.0, 0.0, 0.0, 0.0, 799.3689683911836, 0.0, 0.0, 789.2423041272149, 0.0, 0.0, 0.0, 0.0, 0.0, 0.0, 787.9307226287594, 149.2314129921927, 0.0, 0.0, 0.0, 0.0, 807.3538220336752, 75.28515686329612, 0.0, 0.0, 0.0, 0.0, 0.0, 369.81809685387276, 0.0, 0.0, 0.0, 0.0, 0.0, 0.0, 0.0, 173.12580461016964, 767.1212129591718, 0.0, 808.0036612781823, 0.0, 0.0, 0.0, 0.0, 0.0, 0.0, 0.0, 0.0, 0.0, 0.0, 0.0, 778.6035921610392, 0.0, 0.0, 0.0, 777.6514613723056, 0.0, 0.0, 0.0, 0.0, 0.0, 768.2676729216128, 0.0, 0.0, 0.0, 0.0, 0.0, 385.5293594954454, 0.0, 0.0, 0.0, 0.0, 0.0, 806.3926972649806, 0.0, 0.0, 0.0, 0.0, 0.0, 0.0, 0.0, 0.0, 0.0, 0.0, 0.0, 0.0, 0.0, 0.0, 0.0, 0.0, 0.0, 0.0, 0.0, 0.0, 0.0, 0.0, 0.0, 0.0, 0.0, 0.0, 0.0, 0.0, 0.0, 0.0, 0.0, 0.0, 0.0, 0.0, 0.0, 0.0, 0.0, 0.0, 0.0, 0.0, 0.0, 0.0, 786.6146424606976, 0.0, 0.0, 0.0, 0.0, 0.0, 0.0, 768.3054550001001, 803.8610623453422, 0.0, 0.0, 0.0, 0.0, 0.0, 52.51539118069185, 0.0, 765.8012817716678, 0.0, 0.0, 0.0, 0.0, 245.16296439169855, 0.0, 778.7573214591097]
INFORMACIÓN : 27apuestaBundle [777.6514613723056, 761.5314004175125, 173.12580461016964, 75.28515686329612, 52.51539118069185]
INFORMACIÓN : 27positionsBundle [1282, 2038, 780, 834, 1219]
INFORMACIÓN : 27levelsBundle [3, 3, 1, 1, 1]
INFORMACIÓN : 27positionsOrdered [1282, 780, 834, 2038, 1219]
INFORMACIÓN : 27levelsOrdered [3, 1, 1, 3, 1]
INFORMACIÓN : 27partialityOrdered [3, 1, 2, 3, 2]
INFORMACIÓN : 27arrivalTimes [25.450112855130058, 35.64815188231563, 39.77125750793329, 72.76531901776718, 97.60480371451563]
INFORMACIÓN : 28historia0[0.0, 0.0, 0.0, 0.0, 0.0, 786.1792947057329, 0.0, 0.0, 0.0, 160.73222416195088, 0.0, 0.0, 809.1925533678897, 0.0, 246.11908119260056, 778.1489213757432, 798.0817912826562, 0.0, 0.0, 0.0, 781.5429922893607, 0.0, 0.0, 0.0, 0.0, 0.0, 0.0, 0.0, 0.0, 761.5314004175125, 0.0, 0.0, 0.0, 0.0, 0.0, 799.3689683911836, 0.0, 0.0, 789.2423041272149, 0.0, 0.0, 0.0, 0.0, 0.0, 0.0, 787.9307226287594, 149.2314129921927, 0.0, 0.0, 0.0, 0.0, 807.3538220336752, 75.28515686329612, 0.0, 0.0, 0.0, 0.0, 0.0, 369.81809685387276, 0.0, 0.0, 0.0, 0.0, 0.0, 0.0, 0.0, 173.12580461016964, 767.1212129591718, 0.0, 808.0036612781823, 0.0, 0.0, 0.0, 0.0, 0.0, 0.0, 0.0, 0.0, 0.0, 0.0, 0.0, 0.0, 0.0, 0.0, 0.0, 777.6514613723056, 0.0, 0.0, 0.0, 0.0, 0.0, 768.2676729216128, 0.0, 0.0, 0.0, 0.0, 0.0, 385.5293594954454, 0.0, 246.76274130322463, 0.0, 0.0, 0.0, 806.3926972649806, 0.0, 0.0, 0.0, 0.0, 0.0, 0.0, 0.0, 0.0, 0.0, 0.0, 0.0, 0.0, 0.0, 0.0, 0.0, 0.0, 0.0, 0.0, 0.0, 0.0, 0.0, 0.0, 0.0, 0.0, 0.0, 0.0, 0.0, 0.0, 0.0, 0.0, 0.0, 0.0, 0.0, 0.0, 0.0, 0.0, 0.0, 0.0, 0.0, 0.0, 0.0, 0.0, 786.6146424606976, 0.0, 0.0, 0.0, 0.0, 0.0, 0.0, 768.3054550001001, 803.8610623453422, 0.0, 0.0, 0.0, 249.896601101309, 0.0, 52.51539118069185, 0.0, 0.0, 0.0, 0.0, 0.0, 0.0, 245.16296439169855, 0.0, 778.7573214591097]
INFORMACIÓN : 28apuestaBundle [777.6514613723056, 761.5314004175125, 173.12580461016964, 75.28515686329612, 52.51539118069185]
INFORMACIÓN : 28positionsBundle [1282, 2038, 780, 834, 1219]
INFORMACIÓN : 28levelsBundle [3, 3, 1, 1, 1]
INFORMACIÓN : 28positionsOrdered [1282, 780, 834, 2038, 1219]
INFORMACIÓN : 28levelsOrdered [3, 1, 1, 3, 1]
INFORMACIÓN : 28partialityOrdered [3, 1, 2, 3, 2]
INFORMACIÓN : 28arrivalTimes [25.450112855130058, 35.64815188231563, 39.77125750793329, 72.76531901776718, 97.60480371451563]
INFORMACIÓN : 29historia0[0.0, 0.0, 0.0, 0.0, 0.0, 786.1792947057329, 0.0, 0.0, 0.0, 160.73222416195088, 0.0, 0.0, 809.1925533678897, 0.0, 246.11908119260056, 778.1489213757432, 798.0817912826562, 0.0, 0.0, 0.0, 781.5429922893607, 0.0, 0.0, 0.0, 0.0, 0.0, 0.0, 0.0, 0.0, 761.5314004175125, 0.0, 0.0, 0.0, 0.0, 0.0, 799.3689683911836, 0.0, 0.0, 789.2423041272149, 0.0, 0.0, 0.0, 0.0, 0.0, 0.0, 787.9307226287594, 149.2314129921927, 0.0, 0.0, 0.0, 0.0, 807.3538220336752, 75.28515686329612, 0.0, 0.0, 0.0, 0.0, 0.0, 369.81809685387276, 0.0, 0.0, 0.0, 0.0, 0.0, 0.0, 0.0, 173.12580461016964, 767.1212129591718, 0.0, 808.0036612781823, 0.0, 0.0, 0.0, 0.0, 0.0, 0.0, 0.0, 0.0, 0.0, 0.0, 0.0, 0.0, 0.0, 0.0, 0.0, 777.6514613723056, 0.0, 0.0, 0.0, 0.0, 0.0, 768.2676729216128, 0.0, 0.0, 0.0, 0.0, 0.0, 385.5293594954454, 0.0, 246.76274130322463, 0.0, 0.0, 0.0, 806.3926972649806, 0.0, 0.0, 0.0, 0.0, 0.0, 0.0, 0.0, 0.0, 0.0, 0.0, 0.0, 0.0, 0.0, 0.0, 0.0, 0.0, 0.0, 0.0, 0.0, 0.0, 0.0, 0.0, 0.0, 0.0, 0.0, 0.0, 0.0, 0.0, 0.0, 0.0, 0.0, 0.0, 0.0, 0.0, 0.0, 0.0, 0.0, 0.0, 0.0, 0.0, 0.0, 0.0, 786.6146424606976, 0.0, 0.0, 0.0, 0.0, 0.0, 0.0, 768.3054550001001, 803.8610623453422, 0.0, 0.0, 0.0, 249.896601101309, 0.0, 52.51539118069185, 0.0, 0.0, 0.0, 0.0, 0.0, 0.0, 245.16296439169855, 0.0, 778.7573214591097]
INFORMACIÓN : 29apuestaBundle [777.6514613723056, 761.5314004175125, 173.12580461016964, 75.28515686329612, 52.51539118069185]
INFORMACIÓN : 29positionsBundle [1282, 2038, 780, 834, 1219]
INFORMACIÓN : 29levelsBundle [3, 3, 1, 1, 1]
INFORMACIÓN : 29positionsOrdered [1282, 780, 834, 2038, 1219]
INFORMACIÓN : 29levelsOrdered [3, 1, 1, 3, 1]
INFORMACIÓN : 29partialityOrdered [3, 1, 2, 3, 2]
INFORMACIÓN : 29arrivalTimes [25.450112855130058, 35.64815188231563, 39.77125750793329, 72.76531901776718, 97.60480371451563]
INFORMACIÓN : 30historia1[0.0, 0.0, 0.0, 0.0, 0.0, 786.1792947057329, 0.0, 0.0, 0.0, 160.73222416195088, 0.0, 0.0, 809.1925533678897, 0.0, 246.11908119260056, 778.1489213757432, 798.0817912826562, 0.0, 0.0, 0.0, 781.5429922893607, 0.0, 0.0, 0.0, 0.0, 0.0, 0.0, 0.0, 0.0, 761.5314004175125, 0.0, 0.0, 0.0, 0.0, 0.0, 799.3689683911836, 0.0, 0.0, 789.2423041272149, 0.0, 0.0, 0.0, 0.0, 0.0, 0.0, 787.9307226287594, 149.2314129921927, 0.0, 0.0, 0.0, 0.0, 807.3538220336752, 75.28515686329612, 0.0, 0.0, 0.0, 0.0, 0.0, 369.81809685387276, 0.0, 0.0, 0.0, 0.0, 0.0, 0.0, 0.0, 173.12580461016964, 767.1212129591718, 0.0, 808.0036612781823, 0.0, 0.0, 0.0, 0.0, 0.0, 0.0, 0.0, 0.0, 0.0, 0.0, 0.0, 0.0, 0.0, 0.0, 0.0, 777.6514613723056, 0.0, 0.0, 0.0, 0.0, 0.0, 768.2676729216128, 0.0, 0.0, 0.0, 0.0, 0.0, 385.5293594954454, 0.0, 246.76274130322463, 0.0, 0.0, 0.0, 806.3926972649806, 0.0, 0.0, 0.0, 0.0, 0.0, 0.0, 0.0, 0.0, 0.0, 0.0, 0.0, 0.0, 0.0, 0.0, 0.0, 0.0, 0.0, 0.0, 0.0, 0.0, 0.0, 0.0, 0.0, 0.0, 0.0, 0.0, 0.0, 0.0, 0.0, 0.0, 0.0, 0.0, 0.0, 0.0, 0.0, 0.0, 0.0, 0.0, 0.0, 0.0, 0.0, 0.0, 786.6146424606976, 0.0, 0.0, 0.0, 0.0, 0.0, 0.0, 768.3054550001001, 803.8610623453422, 0.0, 0.0, 0.0, 249.896601101309, 0.0, 52.51539118069185, 0.0, 0.0, 0.0, 0.0, 0.0, 0.0, 245.16296439169855, 0.0, 778.7573214591097]
INFORMACIÓN : 30apuestaBundle [777.6514613723056, 761.5314004175125, 173.12580461016964, 75.28515686329612, 52.51539118069185]
INFORMACIÓN : 30positionsBundle [1282, 2038, 780, 834, 1219]
INFORMACIÓN : 30levelsBundle [3, 3, 1, 1, 1]
INFORMACIÓN : 30positionsOrdered [1282, 780, 834, 2038, 1219]
INFORMACIÓN : 30levelsOrdered [3, 1, 1, 3, 1]
INFORMACIÓN : 30partialityOrdered [3, 1, 2, 3, 2]
INFORMACIÓN : 30arrivalTimes [25.450112855130058, 35.64815188231563, 39.77125750793329, 72.76531901776718, 97.60480371451563]
INFORMACIÓN : 31historia2[0.0, 0.0, 0.0, 0.0, 0.0, 786.1792947057329, 0.0, 0.0, 0.0, 160.73222416195088, 0.0, 0.0, 809.1925533678897, 0.0, 246.11908119260056, 778.1489213757432, 798.0817912826562, 0.0, 0.0, 0.0, 781.5429922893607, 0.0, 0.0, 783.0995777750115, 0.0, 0.0, 0.0, 0.0, 0.0, 761.5314004175125, 0.0, 0.0, 0.0, 0.0, 0.0, 799.3689683911836, 0.0, 0.0, 789.2423041272149, 0.0, 0.0, 0.0, 0.0, 0.0, 0.0, 787.9307226287594, 149.2314129921927, 0.0, 0.0, 0.0, 0.0, 808.0651084651261, 75.28515686329612, 0.0, 0.0, 0.0, 0.0, 0.0, 369.81809685387276, 0.0, 0.0, 0.0, 0.0, 0.0, 0.0, 0.0, 173.12580461016964, 0.0, 0.0, 808.0036612781823, 0.0, 0.0, 0.0, 0.0, 0.0, 0.0, 0.0, 0.0, 0.0, 0.0, 0.0, 0.0, 0.0, 0.0, 0.0, 777.6514613723056, 0.0, 0.0, 0.0, 0.0, 0.0, 768.2676729216128, 0.0, 0.0, 0.0, 0.0, 0.0, 385.5293594954454, 0.0, 246.76274130322463, 0.0, 0.0, 0.0, 805.7104283357879, 0.0, 0.0, 0.0, 0.0, 0.0, 0.0, 0.0, 0.0, 0.0, 0.0, 0.0, 0.0, 0.0, 0.0, 0.0, 0.0, 0.0, 0.0, 0.0, 0.0, 0.0, 0.0, 0.0, 0.0, 0.0, 0.0, 0.0, 0.0, 0.0, 0.0, 0.0, 0.0, 0.0, 0.0, 0.0, 0.0, 0.0, 0.0, 0.0, 0.0, 0.0, 0.0, 786.6146424606976, 0.0, 0.0, 0.0, 0.0, 0.0, 0.0, 768.3054550001001, 803.8610623453422, 0.0, 0.0, 0.0, 249.896601101309, 0.0, 52.51539118069185, 0.0, 0.0, 0.0, 0.0, 0.0, 0.0, 245.16296439169855, 0.0, 778.7573214591097]
INFORMACIÓN : 31apuestaBundle [777.6514613723056, 761.5314004175125, 173.12580461016964, 75.28515686329612, 52.51539118069185]
INFORMACIÓN : 31positionsBundle [1282, 2038, 780, 834, 1219]
INFORMACIÓN : 31levelsBundle [3, 3, 1, 1, 1]
INFORMACIÓN : 31positionsOrdered [1282, 780, 834, 2038, 1219]
INFORMACIÓN : 31levelsOrdered [3, 1, 1, 3, 1]
INFORMACIÓN : 31partialityOrdered [3, 1, 2, 3, 2]
INFORMACIÓN : 31arrivalTimes [25.450112855130058, 35.64815188231563, 39.77125750793329, 72.76531901776718, 97.60480371451563]
INFORMACIÓN : mutexSat position 834 level 1
INFORMACIÓN : 32historia0[0.0, 0.0, 0.0, 0.0, 0.0, 786.1792947057329, 0.0, 0.0, 0.0, 160.73222416195088, 0.0, 0.0, 809.1925533678897, 0.0, 0.0, 778.1489213757432, 0.0, 0.0, 0.0, 0.0, 0.0, 0.0, 0.0, 783.0995777750115, 0.0, 0.0, 0.0, 0.0, 0.0, 761.5314004175125, 0.0, 0.0, 0.0, 0.0, 0.0, 799.3689683911836, 0.0, 0.0, 789.3235035237133, 0.0, 0.0, 0.0, 0.0, 0.0, 0.0, 787.9307226287594, 200.1632600113519, 0.0, 0.0, 0.0, 0.0, 808.0651084651261, 0.0, 0.0, 0.0, 0.0, 0.0, 0.0, 369.81809685387276, 0.0, 0.0, 0.0, 0.0, 0.0, 0.0, 0.0, 173.12580461016964, 0.0, 0.0, 808.0036612781823, 0.0, 0.0, 180.66921962609786, 0.0, 0.0, 0.0, 0.0, 0.0, 0.0, 0.0, 0.0, 0.0, 0.0, 0.0, 0.0, 777.6514613723056, 0.0, 0.0, 0.0, 0.0, 0.0, 768.2676729216128, 0.0, 0.0, 0.0, 0.0, 0.0, 385.5293594954454, 0.0, 0.0, 0.0, 0.0, 0.0, 805.7104283357879, 0.0, 0.0, 0.0, 355.8520818653357, 0.0, 0.0, 0.0, 0.0, 0.0, 0.0, 0.0, 0.0, 0.0, 0.0, 751.1131301890393, 0.0, 0.0, 0.0, 0.0, 0.0, 0.0, 0.0, 0.0, 0.0, 0.0, 355.8520818653357, 0.0, 0.0, 0.0, 0.0, 0.0, 0.0, 0.0, 0.0, 0.0, 0.0, 0.0, 0.0, 0.0, 0.0, 0.0, 273.06471646718023, 786.7770561330462, 0.0, 0.0, 0.0, 0.0, 0.0, 0.0, 770.7854088655379, 804.0240968782962, 0.0, 0.0, 0.0, 0.0, 0.0, 0.0, 279.28964401853545, 0.0, 0.0, 0.0, 0.0, 0.0, 0.0, 0.0, 778.7573214591096]
INFORMACIÓN : 32apuestaBundle [777.6514613723056, 761.5314004175125, 173.12580461016964, 51.6766414221739, 44.2726400118482]
INFORMACIÓN : 32positionsBundle [1282, 2038, 780, 1986, 508]
INFORMACIÓN : 32levelsBundle [3, 3, 1, 1, 1]
INFORMACIÓN : 32positionsOrdered [1282, 780, 1986, 2038, 508]
INFORMACIÓN : 32levelsOrdered [3, 1, 1, 3, 1]
INFORMACIÓN : 32partialityOrdered [3, 1, 2, 3, 2]
INFORMACIÓN : 32arrivalTimes [25.450112855130058, 35.64815188231563, 60.38678563602159, 72.76531901776718, 115.19172588896004]
INFORMACIÓN : 33historia0[0.0, 44.2726400118482, 0.0, 0.0, 0.0, 786.1792947057329, 0.0, 0.0, 0.0, 160.73222416195088, 0.0, 0.0, 809.1925533678897, 0.0, 0.0, 778.1489213757432, 0.0, 0.0, 0.0, 0.0, 0.0, 0.0, 0.0, 783.0995777750115, 0.0, 0.0, 51.6766414221739, 0.0, 0.0, 761.5314004175125, 0.0, 0.0, 0.0, 0.0, 144.98542123400404, 799.3689683911836, 0.0, 0.0, 789.3235035237135, 0.0, 0.0, 0.0, 0.0, 0.0, 0.0, 787.9307226287594, 200.1632600113519, 0.0, 0.0, 0.0, 0.0, 808.0651084651261, 0.0, 0.0, 0.0, 0.0, 0.0, 0.0, 369.81809685387276, 0.0, 0.0, 0.0, 0.0, 0.0, 0.0, 0.0, 173.12580461016964, 0.0, 0.0, 808.0036612781823, 0.0, 0.0, 180.66921962609786, 0.0, 0.0, 0.0, 0.0, 0.0, 0.0, 0.0, 0.0, 0.0, 0.0, 0.0, 0.0, 777.6514613723056, 0.0, 0.0, 0.0, 0.0, 0.0, 768.2676729216128, 0.0, 0.0, 0.0, 0.0, 0.0, 385.5293594954454, 0.0, 0.0, 0.0, 0.0, 0.0, 805.7104283357879, 0.0, 0.0, 0.0, 355.8520818653357, 0.0, 0.0, 0.0, 0.0, 0.0, 0.0, 0.0, 0.0, 0.0, 0.0, 751.1131301890393, 0.0, 0.0, 0.0, 0.0, 0.0, 0.0, 0.0, 0.0, 0.0, 0.0, 355.8520818653357, 0.0, 0.0, 0.0, 0.0, 0.0, 0.0, 0.0, 0.0, 0.0, 0.0, 0.0, 0.0, 0.0, 0.0, 0.0, 273.06471646718023, 786.7770561330465, 0.0, 0.0, 0.0, 0.0, 0.0, 0.0, 770.7352641142309, 803.9738189623195, 0.0, 0.0, 0.0, 0.0, 0.0, 0.0, 279.28964401853545, 0.0, 0.0, 0.0, 0.0, 0.0, 0.0, 0.0, 778.7573214591096]
INFORMACIÓN : 33apuestaBundle [777.6514613723056, 761.5314004175125, 173.12580461016964, 51.6766414221739, 44.2726400118482]
INFORMACIÓN : 33positionsBundle [1282, 2038, 780, 1986, 508]
INFORMACIÓN : 33levelsBundle [3, 3, 1, 1, 1]
INFORMACIÓN : 33positionsOrdered [1282, 780, 1986, 2038, 508]
INFORMACIÓN : 33levelsOrdered [3, 1, 1, 3, 1]
INFORMACIÓN : 33partialityOrdered [3, 1, 2, 3, 2]
INFORMACIÓN : 33arrivalTimes [25.450112855130058, 35.64815188231563, 60.38678563602159, 72.76531901776718, 115.19172588896004]
INFORMACIÓN : 34historia0[0.0, 44.2726400118482, 0.0, 0.0, 0.0, 786.1792947057329, 0.0, 0.0, 0.0, 160.73222416195088, 0.0, 0.0, 809.1925533678897, 0.0, 246.11908119260056, 778.1489213757432, 0.0, 0.0, 0.0, 0.0, 0.0, 0.0, 0.0, 783.0995777750115, 0.0, 0.0, 51.6766414221739, 0.0, 0.0, 761.5314004175125, 0.0, 0.0, 0.0, 0.0, 144.98542123400404, 799.3689683911836, 0.0, 0.0, 789.3235035237135, 0.0, 0.0, 0.0, 0.0, 0.0, 0.0, 787.9307226287594, 200.1632600113519, 0.0, 0.0, 0.0, 0.0, 808.0651084651261, 0.0, 0.0, 0.0, 0.0, 0.0, 0.0, 369.81809685387276, 0.0, 0.0, 0.0, 0.0, 0.0, 0.0, 0.0, 173.12580461016964, 0.0, 0.0, 808.0036612781823, 0.0, 0.0, 180.66921962609786, 0.0, 0.0, 0.0, 0.0, 0.0, 0.0, 0.0, 0.0, 0.0, 0.0, 0.0, 0.0, 777.6514613723056, 0.0, 0.0, 0.0, 0.0, 0.0, 768.2676729216128, 0.0, 0.0, 0.0, 0.0, 0.0, 385.5293594954454, 0.0, 0.0, 0.0, 0.0, 0.0, 805.7104283357879, 0.0, 0.0, 0.0, 0.0, 0.0, 0.0, 0.0, 0.0, 0.0, 0.0, 0.0, 0.0, 0.0, 0.0, 751.1131301890393, 0.0, 0.0, 0.0, 0.0, 0.0, 0.0, 0.0, 0.0, 0.0, 0.0, 0.0, 0.0, 0.0, 0.0, 0.0, 0.0, 0.0, 0.0, 0.0, 0.0, 0.0, 0.0, 0.0, 0.0, 0.0, 0.0, 273.06471646718023, 786.7770561330465, 0.0, 0.0, 0.0, 0.0, 0.0, 0.0, 770.7352641142309, 803.9738189623195, 0.0, 0.0, 0.0, 0.0, 0.0, 0.0, 279.28964401853545, 0.0, 0.0, 0.0, 0.0, 0.0, 0.0, 0.0, 778.7573214591096]
INFORMACIÓN : 34apuestaBundle [777.6514613723056, 761.5314004175125, 173.12580461016964, 51.6766414221739, 44.2726400118482]
INFORMACIÓN : 34positionsBundle [1282, 2038, 780, 1986, 508]
INFORMACIÓN : 34levelsBundle [3, 3, 1, 1, 1]
INFORMACIÓN : 34positionsOrdered [1282, 780, 1986, 2038, 508]
INFORMACIÓN : 34levelsOrdered [3, 1, 1, 3, 1]
INFORMACIÓN : 34partialityOrdered [3, 1, 2, 3, 2]
INFORMACIÓN : 34arrivalTimes [25.450112855130058, 35.64815188231563, 60.38678563602159, 72.76531901776718, 115.19172588896004]
INFORMACIÓN : 35historia0[0.0, 44.2726400118482, 0.0, 0.0, 0.0, 786.1792947057329, 0.0, 0.0, 0.0, 160.73222416195088, 0.0, 0.0, 809.1925533678897, 0.0, 246.11908119260056, 778.1489213757432, 0.0, 0.0, 0.0, 0.0, 0.0, 0.0, 0.0, 783.0995777750115, 0.0, 0.0, 51.6766414221739, 0.0, 0.0, 761.5314004175125, 0.0, 0.0, 0.0, 0.0, 144.98542123400404, 799.3689683911836, 0.0, 0.0, 789.3235035237135, 0.0, 0.0, 0.0, 0.0, 0.0, 0.0, 787.9307226287594, 200.1632600113519, 0.0, 0.0, 0.0, 0.0, 808.0651084651261, 0.0, 0.0, 0.0, 0.0, 0.0, 0.0, 369.81809685387276, 0.0, 0.0, 0.0, 0.0, 0.0, 0.0, 0.0, 173.12580461016964, 0.0, 0.0, 808.0036612781823, 0.0, 0.0, 180.66921962609786, 0.0, 0.0, 0.0, 0.0, 0.0, 0.0, 0.0, 0.0, 0.0, 0.0, 0.0, 0.0, 777.6514613723056, 0.0, 0.0, 0.0, 0.0, 0.0, 768.2676729216128, 0.0, 0.0, 0.0, 0.0, 0.0, 385.5293594954454, 0.0, 0.0, 0.0, 0.0, 0.0, 805.7104283357879, 0.0, 0.0, 0.0, 0.0, 0.0, 0.0, 0.0, 0.0, 0.0, 0.0, 0.0, 0.0, 0.0, 0.0, 751.1131301890393, 0.0, 0.0, 0.0, 0.0, 0.0, 0.0, 0.0, 0.0, 0.0, 0.0, 0.0, 0.0, 0.0, 0.0, 0.0, 0.0, 0.0, 0.0, 0.0, 0.0, 0.0, 0.0, 0.0, 0.0, 0.0, 0.0, 273.06471646718023, 786.7770561330465, 0.0, 0.0, 0.0, 0.0, 0.0, 0.0, 770.7352641142309, 803.9738189623195, 0.0, 0.0, 0.0, 0.0, 0.0, 0.0, 279.28964401853545, 0.0, 0.0, 0.0, 0.0, 0.0, 0.0, 0.0, 778.7573214591096]
INFORMACIÓN : 35apuestaBundle [777.6514613723056, 761.5314004175125, 173.12580461016964, 51.6766414221739, 44.2726400118482]
INFORMACIÓN : 35positionsBundle [1282, 2038, 780, 1986, 508]
INFORMACIÓN : 35levelsBundle [3, 3, 1, 1, 1]
INFORMACIÓN : 35positionsOrdered [1282, 780, 1986, 2038, 508]
INFORMACIÓN : 35levelsOrdered [3, 1, 1, 3, 1]
INFORMACIÓN : 35partialityOrdered [3, 1, 2, 3, 2]
INFORMACIÓN : 35arrivalTimes [25.450112855130058, 35.64815188231563, 60.38678563602159, 72.76531901776718, 115.19172588896004]
INFORMACIÓN : 36historia1[0.0, 44.2726400118482, 0.0, 0.0, 0.0, 786.1792947057329, 0.0, 0.0, 0.0, 160.73222416195088, 0.0, 0.0, 809.1925533678897, 0.0, 246.11908119260056, 778.1489213757432, 0.0, 0.0, 0.0, 0.0, 0.0, 0.0, 0.0, 783.0995777750115, 0.0, 0.0, 51.6766414221739, 0.0, 0.0, 761.5314004175125, 0.0, 0.0, 0.0, 0.0, 144.98542123400404, 799.3689683911836, 0.0, 0.0, 789.3235035237135, 0.0, 0.0, 0.0, 0.0, 0.0, 0.0, 787.9307226287594, 200.1632600113519, 0.0, 0.0, 0.0, 0.0, 808.0651084651261, 0.0, 0.0, 0.0, 0.0, 0.0, 0.0, 369.81809685387276, 0.0, 0.0, 0.0, 0.0, 0.0, 0.0, 0.0, 173.12580461016964, 0.0, 0.0, 808.0036612781823, 0.0, 0.0, 180.66921962609786, 0.0, 0.0, 0.0, 0.0, 0.0, 0.0, 0.0, 0.0, 0.0, 0.0, 0.0, 0.0, 777.6514613723056, 0.0, 0.0, 0.0, 0.0, 0.0, 768.2676729216128, 0.0, 0.0, 0.0, 0.0, 0.0, 385.5293594954454, 0.0, 0.0, 0.0, 0.0, 0.0, 805.7104283357879, 0.0, 0.0, 0.0, 0.0, 0.0, 0.0, 0.0, 0.0, 0.0, 0.0, 0.0, 0.0, 0.0, 0.0, 751.1131301890393, 0.0, 0.0, 0.0, 0.0, 0.0, 0.0, 0.0, 0.0, 0.0, 0.0, 0.0, 0.0, 0.0, 0.0, 0.0, 0.0, 0.0, 0.0, 0.0, 0.0, 0.0, 0.0, 0.0, 0.0, 0.0, 0.0, 273.06471646718023, 786.7770561330465, 0.0, 0.0, 0.0, 0.0, 0.0, 0.0, 770.7352641142309, 803.9738189623195, 0.0, 0.0, 0.0, 0.0, 0.0, 0.0, 279.28964401853545, 0.0, 0.0, 0.0, 0.0, 0.0, 0.0, 0.0, 778.7573214591096]
INFORMACIÓN : 36apuestaBundle [777.6514613723056, 761.5314004175125, 173.12580461016964, 51.6766414221739, 44.2726400118482]
INFORMACIÓN : 36positionsBundle [1282, 2038, 780, 1986, 508]
INFORMACIÓN : 36levelsBundle [3, 3, 1, 1, 1]
INFORMACIÓN : 36positionsOrdered [1282, 780, 1986, 2038, 508]
INFORMACIÓN : 36levelsOrdered [3, 1, 1, 3, 1]
INFORMACIÓN : 36partialityOrdered [3, 1, 2, 3, 2]
INFORMACIÓN : 36arrivalTimes [25.450112855130058, 35.64815188231563, 60.38678563602159, 72.76531901776718, 115.19172588896004]
INFORMACIÓN : 37historia2[0.0, 44.2726400118482, 0.0, 0.0, 0.0, 786.3416835167477, 0.0, 0.0, 0.0, 160.73222416195088, 0.0, 0.0, 809.1925533678897, 0.0, 246.11908119260056, 778.1489213757432, 0.0, 0.0, 0.0, 0.0, 0.0, 0.0, 0.0, 783.2619864329454, 0.0, 0.0, 51.6766414221739, 0.0, 0.0, 761.5314004175125, 0.0, 0.0, 0.0, 0.0, 144.98542123400404, 799.3689683911836, 0.0, 0.0, 789.3235035237135, 0.0, 0.0, 0.0, 0.0, 0.0, 0.0, 787.9307226287594, 200.1632600113519, 0.0, 0.0, 0.0, 0.0, 808.0651084651261, 0.0, 0.0, 0.0, 0.0, 0.0, 0.0, 369.81809685387276, 0.0, 0.0, 0.0, 0.0, 0.0, 0.0, 0.0, 173.12580461016964, 0.0, 0.0, 808.0036612781823, 0.0, 0.0, 180.66921962609786, 0.0, 0.0, 0.0, 0.0, 0.0, 0.0, 0.0, 0.0, 0.0, 0.0, 0.0, 0.0, 777.6514613723056, 0.0, 0.0, 0.0, 0.0, 0.0, 768.2676729216128, 0.0, 0.0, 0.0, 0.0, 0.0, 385.5293594954454, 0.0, 0.0, 0.0, 0.0, 0.0, 805.7416737720425, 0.0, 0.0, 0.0, 0.0, 0.0, 0.0, 0.0, 0.0, 0.0, 0.0, 0.0, 0.0, 0.0, 0.0, 751.1131301890393, 0.0, 0.0, 0.0, 0.0, 0.0, 0.0, 0.0, 0.0, 0.0, 0.0, 0.0, 0.0, 0.0, 0.0, 0.0, 0.0, 0.0, 0.0, 0.0, 0.0, 0.0, 0.0, 0.0, 0.0, 0.0, 0.0, 273.06471646718023, 786.7770561330465, 0.0, 0.0, 0.0, 0.0, 0.0, 0.0, 770.7352641142309, 803.9738189623195, 0.0, 0.0, 0.0, 0.0, 0.0, 0.0, 279.28964401853545, 0.0, 0.0, 0.0, 0.0, 0.0, 0.0, 0.0, 778.7573214591096]
INFORMACIÓN : 37apuestaBundle [777.6514613723056, 761.5314004175125, 173.12580461016964, 51.6766414221739, 44.2726400118482]
INFORMACIÓN : 37positionsBundle [1282, 2038, 780, 1986, 508]
INFORMACIÓN : 37levelsBundle [3, 3, 1, 1, 1]
INFORMACIÓN : 37positionsOrdered [1282, 780, 1986, 2038, 508]
INFORMACIÓN : 37levelsOrdered [3, 1, 1, 3, 1]
INFORMACIÓN : 37partialityOrdered [3, 1, 2, 3, 2]
INFORMACIÓN : 37arrivalTimes [25.450112855130058, 35.64815188231563, 60.38678563602159, 72.76531901776718, 115.19172588896004]
INFORMACIÓN : 38historia0[0.0, 44.2726400118482, 0.0, 0.0, 0.0, 786.3416835167477, 0.0, 0.0, 0.0, 179.80012820159573, 0.0, 0.0, 809.1925533678897, 0.0, 246.11908119260056, 778.1489213757432, 0.0, 0.0, 0.0, 0.0, 0.0, 0.0, 0.0, 783.2619864329454, 0.0, 0.0, 51.6766414221739, 0.0, 0.0, 761.5314004175125, 0.0, 0.0, 0.0, 0.0, 144.98542123400404, 799.3689683911836, 0.0, 0.0, 789.3235035237135, 0.0, 0.0, 0.0, 0.0, 0.0, 0.0, 787.9307226287594, 0.0, 0.0, 0.0, 0.0, 0.0, 808.0651084651261, 0.0, 0.0, 0.0, 0.0, 0.0, 0.0, 369.81809685387276, 0.0, 0.0, 0.0, 0.0, 0.0, 0.0, 0.0, 173.12580461016964, 0.0, 0.0, 808.0036612781823, 0.0, 0.0, 0.0, 0.0, 0.0, 0.0, 0.0, 0.0, 0.0, 0.0, 0.0, 0.0, 0.0, 0.0, 0.0, 777.6514613723056, 0.0, 0.0, 0.0, 0.0, 0.0, 768.2676729216128, 0.0, 0.0, 0.0, 0.0, 0.0, 385.5293594954454, 0.0, 246.76274130322508, 0.0, 0.0, 0.0, 805.7416737720425, 0.0, 0.0, 0.0, 0.0, 0.0, 0.0, 0.0, 0.0, 0.0, 0.0, 0.0, 0.0, 0.0, 0.0, 751.1131301890393, 0.0, 0.0, 0.0, 0.0, 0.0, 0.0, 0.0, 0.0, 0.0, 0.0, 0.0, 0.0, 0.0, 0.0, 0.0, 0.0, 0.0, 0.0, 0.0, 0.0, 0.0, 0.0, 0.0, 0.0, 0.0, 0.0, 0.0, 786.7770561330465, 0.0, 0.0, 0.0, 0.0, 0.0, 0.0, 770.7352641142309, 803.9738189623195, 0.0, 0.0, 0.0, 249.89660110130922, 0.0, 0.0, 279.28964401853545, 0.0, 0.0, 0.0, 0.0, 0.0, 0.0, 0.0, 778.7573214591096]
INFORMACIÓN : 38apuestaBundle [777.6514613723056, 761.5314004175125, 173.12580461016964, 51.6766414221739, 44.2726400118482]
INFORMACIÓN : 38positionsBundle [1282, 2038, 780, 1986, 508]
INFORMACIÓN : 38levelsBundle [3, 3, 1, 1, 1]
INFORMACIÓN : 38positionsOrdered [1282, 780, 1986, 2038, 508]
INFORMACIÓN : 38levelsOrdered [3, 1, 1, 3, 1]
INFORMACIÓN : 38partialityOrdered [3, 1, 2, 3, 2]
INFORMACIÓN : 38arrivalTimes [25.450112855130058, 35.64815188231563, 60.38678563602159, 72.76531901776718, 115.19172588896004]
INFORMACIÓN : mutexSat position 1986 level 1
INFORMACIÓN : 39historia0[0.0, 0.0, 0.0, 0.0, 0.0, 786.3416835167477, 0.0, 0.0, 0.0, 179.80012820159573, 0.0, 0.0, 809.1925533678897, 0.0, 246.11908119260056, 778.1489213757432, 0.0, 0.0, 0.0, 0.0, 0.0, 355.83264400545966, 0.0, 783.2619864329454, 0.0, 0.0, 0.0, 0.0, 0.0, 761.5314004175125, 0.0, 0.0, 0.0, 0.0, 0.0, 799.3689683911836, 0.0, 0.0, 0.0, 0.0, 0.0, 0.0, 0.0, 0.0, 0.0, 787.9307226287594, 0.0, 0.0, 0.0, 0.0, 0.0, 808.0651084651261, 0.0, 0.0, 0.0, 0.0, 0.0, 0.0, 369.81809685387276, 0.0, 0.0, 0.0, 0.0, 0.0, 77.79830903684646, 0.0, 173.12580461016964, 0.0, 0.0, 808.0036612781823, 0.0, 0.0, 0.0, 0.0, 0.0, 0.0, 0.0, 0.0, 0.0, 0.0, 0.0, 0.0, 0.0, 0.0, 0.0, 777.6514613723056, 0.0, 0.0, 0.0, 0.0, 0.0, 768.2676729216128, 0.0, 0.0, 0.0, 0.0, 0.0, 385.5293594954454, 0.0, 246.76274130322508, 0.0, 0.0, 0.0, 805.7416737720425, 0.0, 0.0, 0.0, 364.21287372785287, 0.0, 0.0, 0.0, 0.0, 274.4590238933288, 0.0, 0.0, 0.0, 0.0, 0.0, 751.1131301890393, 0.0, 0.0, 0.0, 0.0, 0.0, 0.0, 763.9342115188024, 0.0, 0.0, 0.0, 364.21287372785287, 0.0, 0.0, 0.0, 0.0, 0.0, 0.0, 0.0, 0.0, 0.0, 0.0, 0.0, 0.0, 0.0, 0.0, 0.0, 0.0, 0.0, 0.0, 261.65259291444636, 0.0, 0.0, 0.0, 0.0, 0.0, 803.9738189623195, 0.0, 0.0, 0.0, 249.89660110130922, 0.0, 0.0, 279.28964401853545, 0.0, 0.0, 0.0, 0.0, 0.0, 0.0, 0.0, 0.0]
INFORMACIÓN : 39apuestaBundle [777.6514613723056, 761.5314004175125, 173.12580461016964, 324.80563456401524, 37.207478812302654]
INFORMACIÓN : 39positionsBundle [1282, 2038, 780, 2255, 2482]
INFORMACIÓN : 39levelsBundle [3, 3, 1, 2, 2]
INFORMACIÓN : 39positionsOrdered [1282, 780, 2038, 2255, 2482]
INFORMACIÓN : 39levelsOrdered [3, 1, 3, 2, 2]
INFORMACIÓN : 39partialityOrdered [3, 1, 3, 3, 2]
INFORMACIÓN : 39arrivalTimes [25.450112855130058, 35.64815188231563, 72.76531901776718, 107.56417812469839, 134.85886625261074]
INFORMACIÓN : mutexSat position 2255 level 2
INFORMACIÓN : 40historia0[0.0, 0.0, 0.0, 0.0, 0.0, 786.3416835167477, 0.0, 0.0, 0.0, 0.0, 0.0, 0.0, 809.1925533678897, 0.0, 0.0, 778.1489213757432, 798.2440905369637, 0.0, 0.0, 0.0, 781.8677914469522, 0.0, 0.0, 783.2619864329454, 0.0, 0.0, 0.0, 0.0, 0.0, 761.5314004175125, 0.0, 0.0, 0.0, 0.0, 0.0, 799.3689683911836, 0.0, 0.0, 0.0, 259.3488607887136, 188.95546135914503, 0.0, 0.0, 0.0, 0.0, 787.9307226287594, 0.0, 0.0, 0.0, 0.0, 0.0, 808.0651084651261, 0.0, 0.0, 0.0, 0.0, 0.0, 0.0, 0.0, 0.0, 0.0, 0.0, 0.0, 0.0, 0.0, 172.45959121054864, 173.12580461016964, 0.0, 0.0, 808.1660821828776, 0.0, 0.0, 0.0, 0.0, 0.0, 0.0, 0.0, 0.0, 0.0, 0.0, 0.0, 779.0096560301, 0.0, 0.0, 0.0, 777.6514613723056, 0.0, 0.0, 0.0, 0.0, 0.0, 0.0, 0.0, 0.0, 0.0, 0.0, 0.0, 0.0, 0.0, 0.0, 0.0, 0.0, 0.0, 805.7416737720425, 0.0, 0.0, 0.0, 364.21287372785287, 0.0, 0.0, 0.0, 0.0, 274.4590238933288, 0.0, 0.0, 0.0, 0.0, 0.0, 751.6477790868357, 0.0, 0.0, 0.0, 0.0, 0.0, 0.0, 763.9342115188024, 0.0, 0.0, 0.0, 364.21287372785287, 0.0, 0.0, 0.0, 786.2953813712578, 0.0, 0.0, 0.0, 0.0, 0.0, 0.0, 0.0, 0.0, 0.0, 0.0, 0.0, 274.271437535216, 0.0, 0.0, 261.65259291444636, 0.0, 0.0, 0.0, 0.0, 0.0, 803.9738189623195, 0.0, 0.0, 0.0, 0.0, 0.0, 0.0, 0.0, 0.0, 0.0, 0.0, 0.0, 0.0, 245.16296439169855, 0.0, 0.0]
INFORMACIÓN : 40apuestaBundle [777.6514613723056, 761.5314004175125, 173.12580461016964, 41.84386323309248, 26.087693617267846, 26.087693617267846]
INFORMACIÓN : 40positionsBundle [1282, 2038, 780, 356, 1854, 1854]
INFORMACIÓN : 40levelsBundle [3, 3, 1, 1, 2, 2]
INFORMACIÓN : 40positionsOrdered [1282, 780, 2038, 356, 1854, 1854]
INFORMACIÓN : 40levelsOrdered [3, 1, 3, 1, 2, 2]
INFORMACIÓN : 40partialityOrdered [3, 1, 3, 2, 3, 3]
INFORMACIÓN : 40arrivalTimes [25.450112855130058, 35.64815188231563, 72.76531901776718, 118.732698756012, 148.7992915127578, 148.7992915127578]
