----------------------------------------------------------------------
-- Log session for [myBugCoalitionsCCBBAGuaiDEF-366] started on 2017.07.13.00.58.54 --
----------------------------------------------------------------------

INFORMACIÓN : I started
INFORMACIÓN : 0apuestaBundle [810.0447549494035, 790.1337792136959, 781.1977675804692, 777.6685130311453, 776.922938544834]
INFORMACIÓN : 0positionsBundle [1282, 2038, 1716, 1614, 2478]
INFORMACIÓN : 0levelsBundle [3, 3, 3, 3, 3]
INFORMACIÓN : 0positionsOrdered [1282, 2038, 1716, 1614, 2478]
INFORMACIÓN : 0levelsOrdered [3, 3, 3, 3, 3]
INFORMACIÓN : 0partialityOrdered [3, 3, 3, 3, 3]
INFORMACIÓN : 0arrivalTimes [2.5549275899502772, 18.71042201135379, 41.51393051333655, 44.34235763808274, 66.36507318362797]
INFORMACIÓN : 1historia0[0.0, 0.0, 0.0, 0.0, 0.0, 0.0, 0.0, 0.0, 0.0, 0.0, 0.0, 0.0, 810.0447549494035, 0.0, 0.0, 0.0, 0.0, 0.0, 0.0, 0.0, 0.0, 0.0, 0.0, 0.0, 0.0, 0.0, 0.0, 0.0, 0.0, 0.0, 0.0, 0.0, 0.0, 0.0, 0.0, 0.0, 0.0, 0.0, 777.6685130311453, 0.0, 0.0, 0.0, 0.0, 0.0, 0.0, 790.1337792136959, 0.0, 0.0, 0.0, 0.0, 0.0, 0.0, 0.0, 0.0, 0.0, 0.0, 0.0, 0.0, 0.0, 0.0, 0.0, 0.0, 0.0, 0.0, 0.0, 0.0, 0.0, 0.0, 0.0, 0.0, 0.0, 0.0, 0.0, 0.0, 0.0, 0.0, 0.0, 0.0, 0.0, 0.0, 0.0, 0.0, 0.0, 0.0, 0.0, 0.0, 0.0, 0.0, 0.0, 0.0, 0.0, 0.0, 0.0, 0.0, 0.0, 0.0, 0.0, 0.0, 0.0, 0.0, 0.0, 0.0, 0.0, 0.0, 0.0, 0.0, 0.0, 0.0, 0.0, 0.0, 0.0, 0.0, 0.0, 0.0, 0.0, 0.0, 0.0, 0.0, 0.0, 0.0, 0.0, 0.0, 0.0, 0.0, 0.0, 776.922938544834, 0.0, 0.0, 0.0, 0.0, 0.0, 0.0, 0.0, 0.0, 0.0, 0.0, 0.0, 0.0, 0.0, 0.0, 0.0, 0.0, 0.0, 0.0, 0.0, 0.0, 781.1977675804692, 0.0, 0.0, 0.0, 0.0, 0.0, 0.0, 0.0, 0.0, 0.0, 0.0, 0.0, 0.0, 0.0, 0.0, 0.0, 0.0, 0.0, 0.0, 0.0, 0.0, 0.0, 0.0, 0.0]
INFORMACIÓN : 1apuestaBundle [810.0447549494035, 790.1337792136959, 781.1977675804692, 777.6685130311453, 776.922938544834]
INFORMACIÓN : 1positionsBundle [1282, 2038, 1716, 1614, 2478]
INFORMACIÓN : 1levelsBundle [3, 3, 3, 3, 3]
INFORMACIÓN : 1positionsOrdered [1282, 2038, 1716, 1614, 2478]
INFORMACIÓN : 1levelsOrdered [3, 3, 3, 3, 3]
INFORMACIÓN : 1partialityOrdered [3, 3, 3, 3, 3]
INFORMACIÓN : 1arrivalTimes [2.5549275899502772, 18.71042201135379, 41.51393051333655, 44.34235763808274, 66.36507318362797]
INFORMACIÓN : timeSat position 1282 level 3
INFORMACIÓN : timeSat position 2038 level 3
INFORMACIÓN : timeSat position 1716 level 3
INFORMACIÓN : 2historia0[0.0, 0.0, 0.0, 0.0, 0.0, 0.0, 0.0, 0.0, 0.0, 0.0, 0.0, 0.0, 0.0, 0.0, 0.0, 0.0, 762.5233260693507, 0.0, 0.0, 0.0, 0.0, 0.0, 0.0, 752.5363597339236, 0.0, 0.0, 0.0, 0.0, 0.0, 763.0341234381688, 0.0, 0.0, 0.0, 0.0, 0.0, 801.6508712085833, 0.0, 0.0, 0.0, 0.0, 0.0, 0.0, 0.0, 0.0, 0.0, 0.0, 0.0, 0.0, 0.0, 0.0, 0.0, 758.6397226753005, 0.0, 0.0, 0.0, 0.0, 0.0, 0.0, 0.0, 0.0, 0.0, 0.0, 0.0, 0.0, 0.0, 0.0, 0.0, 0.0, 0.0, 760.4787757254044, 0.0, 0.0, 0.0, 0.0, 0.0, 0.0, 0.0, 0.0, 0.0, 0.0, 0.0, 772.8072615246479, 0.0, 0.0, 0.0, 777.6514613723056, 0.0, 0.0, 0.0, 0.0, 0.0, 0.0, 0.0, 0.0, 0.0, 0.0, 0.0, 0.0, 0.0, 0.0, 0.0, 0.0, 0.0, 763.312628353427, 0.0, 0.0, 0.0, 0.0, 0.0, 0.0, 0.0, 0.0, 0.0, 0.0, 0.0, 0.0, 0.0, 0.0, 0.0, 0.0, 0.0, 0.0, 0.0, 0.0, 0.0, 0.0, 0.0, 0.0, 0.0, 0.0, 0.0, 0.0, 0.0, 792.5515965232639, 0.0, 0.0, 0.0, 0.0, 0.0, 0.0, 0.0, 0.0, 0.0, 0.0, 0.0, 0.0, 0.0, 0.0, 0.0, 0.0, 0.0, 0.0, 0.0, 0.0, 0.0, 0.0, 0.0, 0.0, 0.0, 0.0, 0.0, 0.0, 0.0, 0.0, 0.0, 0.0, 0.0, 0.0, 0.0, 0.0]
INFORMACIÓN : 2apuestaBundle [809.1925533678897, 783.8786445727935, 782.7414137067756, 774.9575159501746, 285.8970578726778]
INFORMACIÓN : 2positionsBundle [1282, 865, 1614, 761, 834]
INFORMACIÓN : 2levelsBundle [3, 3, 3, 3, 2]
INFORMACIÓN : 2positionsOrdered [834, 1282, 865, 1614, 761]
INFORMACIÓN : 2levelsOrdered [2, 3, 3, 3, 3]
INFORMACIÓN : 2partialityOrdered [2, 3, 3, 3, 3]
INFORMACIÓN : 2arrivalTimes [7.803908431500806, 23.450112855130058, 42.23840708318599, 57.2717034615589, 111.56205800371538]
INFORMACIÓN : 3historia0[0.0, 0.0, 0.0, 0.0, 0.0, 0.0, 0.0, 0.0, 0.0, 0.0, 0.0, 0.0, 809.1925533678897, 0.0, 0.0, 0.0, 802.2990133870696, 0.0, 0.0, 0.0, 0.0, 0.0, 0.0, 752.5363597339236, 0.0, 0.0, 0.0, 0.0, 0.0, 763.0341234381688, 0.0, 0.0, 0.0, 0.0, 0.0, 0.0, 0.0, 0.0, 782.7414137067756, 259.3488607887136, 0.0, 0.0, 0.0, 0.0, 0.0, 0.0, 0.0, 0.0, 0.0, 0.0, 0.0, 758.6397226753005, 0.0, 0.0, 0.0, 0.0, 0.0, 0.0, 0.0, 0.0, 0.0, 0.0, 0.0, 0.0, 0.0, 0.0, 0.0, 0.0, 0.0, 812.2240443749638, 0.0, 0.0, 0.0, 0.0, 0.0, 0.0, 774.9575159501746, 0.0, 0.0, 0.0, 0.0, 0.0, 0.0, 0.0, 0.0, 777.6514613723056, 0.0, 0.0, 0.0, 0.0, 0.0, 0.0, 0.0, 0.0, 0.0, 0.0, 0.0, 0.0, 0.0, 0.0, 0.0, 0.0, 0.0, 763.312628353427, 0.0, 0.0, 0.0, 0.0, 0.0, 0.0, 0.0, 0.0, 0.0, 0.0, 0.0, 0.0, 0.0, 0.0, 0.0, 0.0, 0.0, 0.0, 0.0, 0.0, 0.0, 0.0, 0.0, 0.0, 0.0, 0.0, 0.0, 0.0, 0.0, 793.0180542171238, 0.0, 0.0, 0.0, 0.0, 0.0, 0.0, 0.0, 0.0, 0.0, 0.0, 0.0, 275.28814894039954, 0.0, 0.0, 0.0, 0.0, 0.0, 0.0, 0.0, 0.0, 783.8786445727935, 0.0, 0.0, 0.0, 0.0, 0.0, 0.0, 285.8970578726778, 0.0, 0.0, 0.0, 0.0, 0.0, 0.0, 0.0, 0.0]
INFORMACIÓN : 3apuestaBundle [809.1925533678897, 783.8786445727935, 782.7414137067756, 774.9575159501746, 285.8970578726778]
INFORMACIÓN : 3positionsBundle [1282, 865, 1614, 761, 834]
INFORMACIÓN : 3levelsBundle [3, 3, 3, 3, 2]
INFORMACIÓN : 3positionsOrdered [834, 1282, 865, 1614, 761]
INFORMACIÓN : 3levelsOrdered [2, 3, 3, 3, 3]
INFORMACIÓN : 3partialityOrdered [2, 3, 3, 3, 3]
INFORMACIÓN : 3arrivalTimes [7.803908431500806, 23.450112855130058, 42.23840708318599, 57.2717034615589, 111.56205800371538]
INFORMACIÓN : 4historia0[0.0, 0.0, 0.0, 0.0, 0.0, 0.0, 0.0, 0.0, 0.0, 0.0, 0.0, 0.0, 809.1925533678897, 0.0, 0.0, 0.0, 802.2990133870696, 0.0, 0.0, 0.0, 0.0, 0.0, 0.0, 752.5363597339236, 0.0, 0.0, 0.0, 0.0, 236.01383973832327, 763.0341234381688, 0.0, 0.0, 0.0, 0.0, 0.0, 0.0, 0.0, 0.0, 782.7414137067756, 268.8947245540726, 0.0, 0.0, 0.0, 0.0, 0.0, 0.0, 0.0, 0.0, 0.0, 0.0, 0.0, 758.6397226753005, 0.0, 0.0, 0.0, 0.0, 0.0, 0.0, 0.0, 0.0, 0.0, 0.0, 0.0, 0.0, 0.0, 0.0, 0.0, 0.0, 0.0, 812.2240443749638, 0.0, 0.0, 0.0, 0.0, 0.0, 0.0, 774.9575159501746, 0.0, 0.0, 0.0, 0.0, 0.0, 0.0, 0.0, 0.0, 777.6514613723056, 0.0, 0.0, 0.0, 0.0, 0.0, 0.0, 0.0, 0.0, 0.0, 0.0, 0.0, 0.0, 0.0, 231.49708560080566, 0.0, 0.0, 0.0, 763.312628353427, 0.0, 0.0, 0.0, 0.0, 0.0, 0.0, 0.0, 0.0, 0.0, 0.0, 0.0, 0.0, 0.0, 0.0, 771.0847198400372, 0.0, 0.0, 0.0, 0.0, 0.0, 0.0, 0.0, 0.0, 0.0, 0.0, 0.0, 0.0, 0.0, 0.0, 793.0180542171238, 0.0, 0.0, 0.0, 0.0, 0.0, 0.0, 0.0, 0.0, 0.0, 0.0, 0.0, 0.0, 0.0, 0.0, 0.0, 0.0, 0.0, 0.0, 0.0, 0.0, 783.8786445727935, 0.0, 0.0, 0.0, 230.2449815961354, 0.0, 0.0, 285.8970578726778, 767.0859870016991, 0.0, 0.0, 0.0, 0.0, 0.0, 0.0, 0.0]
INFORMACIÓN : 4apuestaBundle [809.1925533678897, 783.8786445727935, 782.7414137067756, 774.9575159501746, 285.8970578726778]
INFORMACIÓN : 4positionsBundle [1282, 865, 1614, 761, 834]
INFORMACIÓN : 4levelsBundle [3, 3, 3, 3, 2]
INFORMACIÓN : 4positionsOrdered [834, 1282, 865, 1614, 761]
INFORMACIÓN : 4levelsOrdered [2, 3, 3, 3, 3]
INFORMACIÓN : 4partialityOrdered [2, 3, 3, 3, 3]
INFORMACIÓN : 4arrivalTimes [7.803908431500806, 23.450112855130058, 42.23840708318599, 57.2717034615589, 111.56205800371538]
INFORMACIÓN : 5historia0[0.0, 0.0, 0.0, 0.0, 0.0, 0.0, 0.0, 0.0, 0.0, 0.0, 0.0, 0.0, 809.1925533678897, 0.0, 0.0, 0.0, 802.2990133870696, 0.0, 0.0, 178.3521901920301, 0.0, 0.0, 0.0, 752.5363597339236, 0.0, 0.0, 0.0, 0.0, 0.0, 763.0341234381688, 0.0, 0.0, 0.0, 0.0, 0.0, 0.0, 0.0, 0.0, 782.7414137067756, 268.8947245540726, 0.0, 0.0, 0.0, 0.0, 0.0, 0.0, 0.0, 0.0, 0.0, 0.0, 0.0, 758.6397226753005, 0.0, 0.0, 0.0, 0.0, 0.0, 0.0, 0.0, 0.0, 0.0, 0.0, 0.0, 0.0, 0.0, 0.0, 0.0, 0.0, 0.0, 812.2240443749638, 0.0, 0.0, 166.30691744721616, 0.0, 0.0, 0.0, 774.9575159501746, 0.0, 0.0, 0.0, 0.0, 0.0, 0.0, 0.0, 0.0, 777.6514613723056, 0.0, 0.0, 0.0, 0.0, 0.0, 0.0, 0.0, 0.0, 0.0, 0.0, 0.0, 0.0, 0.0, 0.0, 0.0, 0.0, 0.0, 763.312628353427, 0.0, 0.0, 0.0, 0.0, 0.0, 0.0, 0.0, 0.0, 0.0, 0.0, 0.0, 0.0, 0.0, 0.0, 771.0847198400372, 0.0, 0.0, 0.0, 0.0, 0.0, 0.0, 0.0, 0.0, 0.0, 0.0, 0.0, 0.0, 0.0, 0.0, 793.0180542171238, 0.0, 0.0, 0.0, 0.0, 0.0, 0.0, 0.0, 0.0, 0.0, 0.0, 0.0, 275.28814894039954, 0.0, 0.0, 0.0, 0.0, 0.0, 0.0, 0.0, 0.0, 783.8786445727935, 0.0, 0.0, 0.0, 230.2449815961354, 0.0, 0.0, 285.8970578726778, 767.0859870016991, 0.0, 0.0, 0.0, 0.0, 0.0, 0.0, 0.0]
INFORMACIÓN : 5apuestaBundle [809.1925533678897, 783.8786445727935, 782.7414137067756, 774.9575159501746, 285.8970578726778]
INFORMACIÓN : 5positionsBundle [1282, 865, 1614, 761, 834]
INFORMACIÓN : 5levelsBundle [3, 3, 3, 3, 2]
INFORMACIÓN : 5positionsOrdered [834, 1282, 865, 1614, 761]
INFORMACIÓN : 5levelsOrdered [2, 3, 3, 3, 3]
INFORMACIÓN : 5partialityOrdered [2, 3, 3, 3, 3]
INFORMACIÓN : 5arrivalTimes [7.803908431500806, 23.450112855130058, 42.23840708318599, 57.2717034615589, 111.56205800371538]
INFORMACIÓN : 6historia0[0.0, 0.0, 0.0, 0.0, 0.0, 0.0, 0.0, 0.0, 0.0, 0.0, 0.0, 0.0, 809.1925533678897, 0.0, 0.0, 0.0, 802.2990133870696, 0.0, 0.0, 178.3521901920301, 0.0, 0.0, 0.0, 752.5363597339236, 0.0, 0.0, 0.0, 0.0, 0.0, 763.0341234381688, 0.0, 0.0, 0.0, 0.0, 0.0, 0.0, 0.0, 0.0, 782.7414137067756, 268.8947245540726, 0.0, 0.0, 0.0, 0.0, 0.0, 0.0, 0.0, 0.0, 0.0, 0.0, 0.0, 758.6397226753005, 0.0, 0.0, 0.0, 0.0, 0.0, 0.0, 0.0, 0.0, 0.0, 0.0, 0.0, 0.0, 0.0, 0.0, 0.0, 0.0, 0.0, 812.2240443749638, 0.0, 0.0, 166.30691744721616, 0.0, 0.0, 0.0, 774.9575159501746, 0.0, 0.0, 0.0, 0.0, 0.0, 0.0, 0.0, 0.0, 777.6514613723056, 0.0, 0.0, 0.0, 0.0, 0.0, 0.0, 0.0, 0.0, 0.0, 0.0, 0.0, 0.0, 0.0, 0.0, 0.0, 0.0, 0.0, 763.312628353427, 0.0, 0.0, 0.0, 0.0, 0.0, 0.0, 0.0, 0.0, 0.0, 0.0, 0.0, 0.0, 0.0, 0.0, 771.0847198400372, 0.0, 0.0, 0.0, 0.0, 0.0, 0.0, 0.0, 0.0, 0.0, 0.0, 0.0, 0.0, 0.0, 0.0, 793.0180542171238, 0.0, 0.0, 0.0, 0.0, 0.0, 0.0, 0.0, 0.0, 0.0, 0.0, 0.0, 275.28814894039954, 0.0, 0.0, 0.0, 0.0, 0.0, 0.0, 0.0, 0.0, 783.8786445727935, 0.0, 0.0, 0.0, 230.2449815961354, 0.0, 0.0, 285.8970578726778, 767.0859870016991, 0.0, 0.0, 0.0, 0.0, 0.0, 0.0, 0.0]
INFORMACIÓN : 6apuestaBundle [809.1925533678897, 783.8786445727935, 782.7414137067756, 774.9575159501746, 285.8970578726778]
INFORMACIÓN : 6positionsBundle [1282, 865, 1614, 761, 834]
INFORMACIÓN : 6levelsBundle [3, 3, 3, 3, 2]
INFORMACIÓN : 6positionsOrdered [834, 1282, 865, 1614, 761]
INFORMACIÓN : 6levelsOrdered [2, 3, 3, 3, 3]
INFORMACIÓN : 6partialityOrdered [2, 3, 3, 3, 3]
INFORMACIÓN : 6arrivalTimes [7.803908431500806, 23.450112855130058, 42.23840708318599, 57.2717034615589, 111.56205800371538]
INFORMACIÓN : 7historia0[0.0, 0.0, 0.0, 0.0, 0.0, 0.0, 0.0, 0.0, 0.0, 0.0, 0.0, 0.0, 809.1925533678897, 0.0, 0.0, 0.0, 802.2990133870696, 0.0, 0.0, 178.3521901920301, 0.0, 0.0, 0.0, 0.0, 0.0, 0.0, 0.0, 0.0, 0.0, 0.0, 0.0, 0.0, 0.0, 0.0, 0.0, 0.0, 0.0, 0.0, 782.7414137067756, 268.8947245540726, 0.0, 0.0, 0.0, 0.0, 0.0, 0.0, 0.0, 0.0, 0.0, 0.0, 0.0, 0.0, 0.0, 0.0, 0.0, 0.0, 0.0, 0.0, 0.0, 0.0, 0.0, 0.0, 0.0, 0.0, 0.0, 0.0, 0.0, 0.0, 0.0, 812.2240443749638, 0.0, 0.0, 166.30691744721616, 0.0, 0.0, 0.0, 774.9575159501746, 0.0, 0.0, 0.0, 0.0, 0.0, 0.0, 0.0, 0.0, 0.0, 0.0, 0.0, 0.0, 0.0, 0.0, 0.0, 0.0, 0.0, 0.0, 0.0, 0.0, 0.0, 0.0, 0.0, 0.0, 0.0, 0.0, 0.0, 0.0, 0.0, 0.0, 0.0, 0.0, 0.0, 0.0, 0.0, 0.0, 0.0, 0.0, 0.0, 0.0, 0.0, 771.0847198400372, 0.0, 0.0, 0.0, 0.0, 0.0, 0.0, 0.0, 0.0, 0.0, 0.0, 0.0, 0.0, 0.0, 0.0, 793.0180542171238, 0.0, 0.0, 0.0, 0.0, 0.0, 0.0, 0.0, 0.0, 0.0, 0.0, 0.0, 275.28814894039954, 0.0, 0.0, 0.0, 0.0, 0.0, 0.0, 0.0, 0.0, 783.8786445727935, 0.0, 0.0, 0.0, 230.2449815961354, 0.0, 0.0, 285.8970578726778, 767.0859870016991, 0.0, 0.0, 0.0, 0.0, 0.0, 0.0, 0.0]
INFORMACIÓN : 7apuestaBundle [809.1925533678897, 783.8786445727935, 782.7414137067756, 774.9575159501746, 285.8970578726778]
INFORMACIÓN : 7positionsBundle [1282, 865, 1614, 761, 834]
INFORMACIÓN : 7levelsBundle [3, 3, 3, 3, 2]
INFORMACIÓN : 7positionsOrdered [834, 1282, 865, 1614, 761]
INFORMACIÓN : 7levelsOrdered [2, 3, 3, 3, 3]
INFORMACIÓN : 7partialityOrdered [2, 3, 3, 3, 3]
INFORMACIÓN : 7arrivalTimes [7.803908431500806, 23.450112855130058, 42.23840708318599, 57.2717034615589, 111.56205800371538]
INFORMACIÓN : depSat position 1282 level 3
INFORMACIÓN : depSat position 1614 level 3
INFORMACIÓN : depSat position 834 level 2
INFORMACIÓN : 8historia0[0.0, 0.0, 0.0, 0.0, 0.0, 0.0, 0.0, 0.0, 0.0, 0.0, 0.0, 0.0, 0.0, 0.0, 0.0, 0.0, 0.0, 0.0, 0.0, 0.0, 0.0, 0.0, 0.0, 752.5363597339236, 0.0, 0.0, 0.0, 0.0, 0.0, 763.0341234381688, 0.0, 0.0, 0.0, 0.0, 0.0, 0.0, 0.0, 0.0, 0.0, 0.0, 0.0, 0.0, 0.0, 0.0, 0.0, 0.0, 0.0, 0.0, 0.0, 0.0, 0.0, 755.7713662848183, 0.0, 0.0, 0.0, 0.0, 0.0, 0.0, 0.0, 0.0, 0.0, 0.0, 0.0, 0.0, 0.0, 0.0, 0.0, 0.0, 0.0, 0.0, 0.0, 0.0, 0.0, 0.0, 0.0, 0.0, 0.0, 0.0, 0.0, 0.0, 0.0, 0.0, 0.0, 0.0, 0.0, 777.6514613723056, 0.0, 0.0, 0.0, 0.0, 0.0, 0.0, 0.0, 0.0, 0.0, 0.0, 0.0, 0.0, 0.0, 0.0, 0.0, 0.0, 0.0, 763.1234140338103, 0.0, 0.0, 0.0, 0.0, 0.0, 0.0, 0.0, 0.0, 0.0, 0.0, 0.0, 0.0, 0.0, 0.0, 0.0, 0.0, 0.0, 0.0, 0.0, 0.0, 0.0, 0.0, 0.0, 0.0, 0.0, 0.0, 0.0, 0.0, 0.0, 0.0, 0.0, 0.0, 0.0, 0.0, 0.0, 0.0, 0.0, 0.0, 0.0, 0.0, 0.0, 0.0, 0.0, 0.0, 0.0, 0.0, 0.0, 0.0, 0.0, 0.0, 0.0, 0.0, 0.0, 0.0, 0.0, 0.0, 0.0, 0.0, 0.0, 0.0, 0.0, 0.0, 0.0, 0.0, 0.0, 0.0]
INFORMACIÓN : 8apuestaBundle [809.1925533678897, 787.7681854304875, 777.6414936405079, 776.922938544834, 775.4764866966054]
INFORMACIÓN : 8positionsBundle [1282, 2038, 1716, 2478, 1614]
INFORMACIÓN : 8levelsBundle [3, 3, 3, 3, 3]
INFORMACIÓN : 8positionsOrdered [1282, 2038, 2478, 1716, 1614]
INFORMACIÓN : 8levelsOrdered [3, 3, 3, 3, 3]
INFORMACIÓN : 8partialityOrdered [3, 3, 3, 3, 3]
INFORMACIÓN : 8arrivalTimes [23.450112855130058, 74.76531901776718, 88.21894306484089, 131.20894070810388, 134.03736783285007]
INFORMACIÓN : 9historia0[0.0, 0.0, 0.0, 0.0, 0.0, 0.0, 0.0, 0.0, 0.0, 0.0, 0.0, 0.0, 809.1925533678897, 0.0, 0.0, 0.0, 802.2990133870696, 0.0, 0.0, 0.0, 0.0, 0.0, 0.0, 752.5363597339236, 0.0, 0.0, 0.0, 0.0, 0.0, 763.0341234381688, 0.0, 0.0, 0.0, 0.0, 0.0, 799.28766978194, 0.0, 0.0, 775.4764866966054, 0.0, 0.0, 0.0, 0.0, 0.0, 0.0, 787.7681854304875, 0.0, 0.0, 0.0, 0.0, 0.0, 755.7713662848183, 0.0, 0.0, 0.0, 0.0, 0.0, 0.0, 0.0, 0.0, 0.0, 0.0, 0.0, 0.0, 0.0, 0.0, 0.0, 0.0, 0.0, 812.2240443749638, 0.0, 0.0, 0.0, 0.0, 0.0, 0.0, 0.0, 0.0, 0.0, 0.0, 0.0, 769.1279164120623, 0.0, 0.0, 0.0, 777.6514613723056, 0.0, 0.0, 0.0, 0.0, 0.0, 768.2677050776479, 0.0, 0.0, 0.0, 0.0, 0.0, 0.0, 0.0, 0.0, 0.0, 0.0, 0.0, 763.1234140338103, 0.0, 0.0, 0.0, 0.0, 0.0, 0.0, 0.0, 0.0, 0.0, 0.0, 0.0, 0.0, 0.0, 0.0, 0.0, 0.0, 0.0, 0.0, 0.0, 0.0, 0.0, 776.922938544834, 0.0, 0.0, 0.0, 0.0, 0.0, 0.0, 0.0, 791.5823282761027, 0.0, 0.0, 0.0, 0.0, 0.0, 0.0, 0.0, 0.0, 0.0, 0.0, 0.0, 0.0, 777.6414936405079, 0.0, 0.0, 0.0, 0.0, 0.0, 0.0, 0.0, 0.0, 0.0, 0.0, 0.0, 0.0, 0.0, 0.0, 0.0, 0.0, 0.0, 0.0, 0.0, 0.0, 0.0, 0.0, 0.0]
INFORMACIÓN : 9apuestaBundle [809.1925533678897, 787.7681854304875, 777.6414936405079, 776.922938544834, 775.4764866966054]
INFORMACIÓN : 9positionsBundle [1282, 2038, 1716, 2478, 1614]
INFORMACIÓN : 9levelsBundle [3, 3, 3, 3, 3]
INFORMACIÓN : 9positionsOrdered [1282, 2038, 2478, 1716, 1614]
INFORMACIÓN : 9levelsOrdered [3, 3, 3, 3, 3]
INFORMACIÓN : 9partialityOrdered [3, 3, 3, 3, 3]
INFORMACIÓN : 9arrivalTimes [23.450112855130058, 74.76531901776718, 88.21894306484089, 131.20894070810388, 134.03736783285007]
INFORMACIÓN : 10historia0[0.0, 0.0, 0.0, 0.0, 0.0, 0.0, 0.0, 0.0, 0.0, 0.0, 0.0, 0.0, 809.1925533678897, 0.0, 0.0, 0.0, 802.2990133870696, 0.0, 0.0, 0.0, 0.0, 0.0, 0.0, 752.5363597339236, 0.0, 0.0, 0.0, 0.0, 0.0, 763.0341234381688, 0.0, 0.0, 0.0, 0.0, 0.0, 799.28766978194, 0.0, 0.0, 775.4764866966054, 0.0, 0.0, 0.0, 0.0, 0.0, 0.0, 787.7681854304875, 0.0, 0.0, 0.0, 0.0, 0.0, 755.7713662848183, 0.0, 0.0, 0.0, 0.0, 0.0, 0.0, 0.0, 0.0, 0.0, 0.0, 0.0, 0.0, 0.0, 0.0, 0.0, 0.0, 0.0, 812.2240443749638, 0.0, 0.0, 0.0, 0.0, 0.0, 0.0, 0.0, 0.0, 0.0, 0.0, 0.0, 769.1279164120623, 0.0, 0.0, 0.0, 777.6514613723056, 0.0, 0.0, 0.0, 0.0, 0.0, 768.2677050776479, 0.0, 0.0, 0.0, 0.0, 0.0, 0.0, 0.0, 0.0, 0.0, 0.0, 0.0, 763.1234140338103, 0.0, 0.0, 0.0, 0.0, 0.0, 0.0, 0.0, 0.0, 0.0, 0.0, 0.0, 0.0, 0.0, 0.0, 0.0, 0.0, 0.0, 0.0, 0.0, 0.0, 0.0, 776.922938544834, 0.0, 0.0, 0.0, 0.0, 0.0, 0.0, 0.0, 791.5823282761027, 0.0, 0.0, 0.0, 0.0, 0.0, 0.0, 0.0, 0.0, 0.0, 0.0, 0.0, 275.28814894039954, 777.6414936405079, 0.0, 0.0, 0.0, 0.0, 0.0, 0.0, 0.0, 0.0, 0.0, 0.0, 0.0, 0.0, 0.0, 0.0, 0.0, 767.0859870016991, 0.0, 0.0, 0.0, 0.0, 0.0, 0.0, 0.0]
INFORMACIÓN : 10apuestaBundle [809.1925533678897, 787.7681854304875, 777.6414936405079, 776.922938544834, 775.4764866966054]
INFORMACIÓN : 10positionsBundle [1282, 2038, 1716, 2478, 1614]
INFORMACIÓN : 10levelsBundle [3, 3, 3, 3, 3]
INFORMACIÓN : 10positionsOrdered [1282, 2038, 2478, 1716, 1614]
INFORMACIÓN : 10levelsOrdered [3, 3, 3, 3, 3]
INFORMACIÓN : 10partialityOrdered [3, 3, 3, 3, 3]
INFORMACIÓN : 10arrivalTimes [23.450112855130058, 74.76531901776718, 88.21894306484089, 131.20894070810388, 134.03736783285007]
INFORMACIÓN : 11historia0[0.0, 0.0, 0.0, 0.0, 0.0, 0.0, 0.0, 0.0, 0.0, 0.0, 0.0, 0.0, 809.1925533678897, 0.0, 0.0, 0.0, 802.2990133870696, 0.0, 0.0, 0.0, 0.0, 0.0, 0.0, 752.5363597339236, 0.0, 0.0, 0.0, 0.0, 255.27137221853945, 763.0341234381688, 0.0, 0.0, 0.0, 0.0, 0.0, 799.28766978194, 0.0, 0.0, 775.4764866966054, 268.8947245540726, 0.0, 0.0, 0.0, 0.0, 0.0, 787.7681854304875, 0.0, 0.0, 0.0, 0.0, 0.0, 755.7713662848183, 0.0, 0.0, 0.0, 0.0, 0.0, 0.0, 0.0, 0.0, 0.0, 0.0, 0.0, 0.0, 0.0, 0.0, 0.0, 0.0, 0.0, 812.2240443749638, 0.0, 0.0, 0.0, 0.0, 0.0, 0.0, 0.0, 0.0, 0.0, 0.0, 0.0, 769.1279164120623, 0.0, 0.0, 0.0, 777.6514613723056, 0.0, 0.0, 0.0, 0.0, 0.0, 768.2677050776479, 0.0, 0.0, 0.0, 0.0, 0.0, 0.0, 0.0, 0.0, 0.0, 0.0, 0.0, 763.1234140338103, 0.0, 0.0, 0.0, 0.0, 0.0, 0.0, 0.0, 0.0, 0.0, 0.0, 0.0, 0.0, 0.0, 0.0, 0.0, 0.0, 0.0, 0.0, 0.0, 0.0, 0.0, 776.922938544834, 0.0, 0.0, 0.0, 0.0, 0.0, 0.0, 0.0, 791.5823282761027, 0.0, 0.0, 0.0, 0.0, 0.0, 0.0, 0.0, 0.0, 0.0, 0.0, 0.0, 275.28814894039954, 777.6414936405079, 0.0, 0.0, 0.0, 0.0, 0.0, 0.0, 0.0, 0.0, 0.0, 0.0, 0.0, 0.0, 0.0, 0.0, 0.0, 767.0859870016991, 0.0, 0.0, 0.0, 0.0, 0.0, 0.0, 0.0]
INFORMACIÓN : 11apuestaBundle [809.1925533678897, 787.7681854304875, 777.6414936405079, 776.922938544834, 775.4764866966054]
INFORMACIÓN : 11positionsBundle [1282, 2038, 1716, 2478, 1614]
INFORMACIÓN : 11levelsBundle [3, 3, 3, 3, 3]
INFORMACIÓN : 11positionsOrdered [1282, 2038, 2478, 1716, 1614]
INFORMACIÓN : 11levelsOrdered [3, 3, 3, 3, 3]
INFORMACIÓN : 11partialityOrdered [3, 3, 3, 3, 3]
INFORMACIÓN : 11arrivalTimes [23.450112855130058, 74.76531901776718, 88.21894306484089, 131.20894070810388, 134.03736783285007]
INFORMACIÓN : 12historia0[0.0, 0.0, 0.0, 0.0, 0.0, 0.0, 0.0, 0.0, 0.0, 0.0, 0.0, 0.0, 809.1925533678897, 0.0, 0.0, 0.0, 802.2990133870696, 0.0, 0.0, 0.0, 0.0, 0.0, 0.0, 752.5363597339236, 0.0, 0.0, 0.0, 0.0, 255.27137221853945, 763.0341234381688, 0.0, 0.0, 0.0, 0.0, 0.0, 799.28766978194, 0.0, 0.0, 775.4764866966054, 268.8947245540726, 0.0, 0.0, 0.0, 0.0, 0.0, 787.7681854304875, 0.0, 0.0, 0.0, 0.0, 0.0, 755.7713662848183, 0.0, 0.0, 0.0, 0.0, 0.0, 0.0, 0.0, 0.0, 0.0, 0.0, 0.0, 0.0, 0.0, 0.0, 0.0, 0.0, 0.0, 812.2240443749638, 0.0, 0.0, 0.0, 0.0, 0.0, 0.0, 0.0, 0.0, 0.0, 0.0, 0.0, 769.1279164120623, 0.0, 0.0, 0.0, 777.6514613723056, 0.0, 0.0, 0.0, 0.0, 0.0, 768.2677050776479, 0.0, 0.0, 0.0, 0.0, 0.0, 0.0, 0.0, 0.0, 0.0, 0.0, 0.0, 763.1234140338103, 0.0, 0.0, 0.0, 0.0, 0.0, 0.0, 0.0, 0.0, 0.0, 0.0, 0.0, 0.0, 0.0, 0.0, 0.0, 0.0, 0.0, 0.0, 0.0, 0.0, 0.0, 776.922938544834, 0.0, 0.0, 0.0, 0.0, 0.0, 0.0, 0.0, 791.5823282761027, 0.0, 0.0, 0.0, 0.0, 0.0, 0.0, 0.0, 0.0, 0.0, 0.0, 0.0, 275.28814894039954, 777.6414936405079, 0.0, 0.0, 0.0, 0.0, 0.0, 0.0, 0.0, 0.0, 0.0, 0.0, 0.0, 0.0, 0.0, 0.0, 0.0, 767.0859870016991, 0.0, 0.0, 0.0, 0.0, 0.0, 0.0, 0.0]
INFORMACIÓN : 12apuestaBundle [809.1925533678897, 787.7681854304875, 777.6414936405079, 776.922938544834, 775.4764866966054]
INFORMACIÓN : 12positionsBundle [1282, 2038, 1716, 2478, 1614]
INFORMACIÓN : 12levelsBundle [3, 3, 3, 3, 3]
INFORMACIÓN : 12positionsOrdered [1282, 2038, 2478, 1716, 1614]
INFORMACIÓN : 12levelsOrdered [3, 3, 3, 3, 3]
INFORMACIÓN : 12partialityOrdered [3, 3, 3, 3, 3]
INFORMACIÓN : 12arrivalTimes [23.450112855130058, 74.76531901776718, 88.21894306484089, 131.20894070810388, 134.03736783285007]
INFORMACIÓN : 13historia0[0.0, 0.0, 0.0, 0.0, 0.0, 0.0, 0.0, 0.0, 0.0, 0.0, 0.0, 0.0, 809.1925533678897, 0.0, 0.0, 0.0, 802.2990133870696, 0.0, 0.0, 0.0, 0.0, 0.0, 0.0, 752.5363597339236, 0.0, 0.0, 0.0, 0.0, 255.27137221853945, 763.0341234381688, 0.0, 0.0, 0.0, 0.0, 0.0, 799.28766978194, 0.0, 0.0, 775.4764866966054, 268.8947245540726, 0.0, 0.0, 0.0, 0.0, 0.0, 787.7681854304875, 0.0, 0.0, 0.0, 0.0, 0.0, 755.7713662848183, 0.0, 0.0, 0.0, 0.0, 0.0, 0.0, 0.0, 0.0, 0.0, 0.0, 0.0, 0.0, 0.0, 0.0, 0.0, 0.0, 0.0, 812.2240443749638, 0.0, 0.0, 0.0, 0.0, 0.0, 0.0, 0.0, 0.0, 0.0, 0.0, 0.0, 769.1279164120623, 0.0, 0.0, 0.0, 777.6514613723056, 0.0, 0.0, 0.0, 0.0, 0.0, 768.2677050776479, 0.0, 0.0, 0.0, 0.0, 0.0, 0.0, 0.0, 0.0, 0.0, 0.0, 0.0, 763.1234140338103, 0.0, 0.0, 0.0, 0.0, 0.0, 0.0, 0.0, 0.0, 0.0, 0.0, 0.0, 0.0, 0.0, 0.0, 0.0, 0.0, 0.0, 0.0, 0.0, 0.0, 0.0, 776.922938544834, 0.0, 0.0, 0.0, 0.0, 0.0, 0.0, 0.0, 791.5823282761027, 0.0, 0.0, 0.0, 0.0, 0.0, 0.0, 0.0, 0.0, 0.0, 0.0, 0.0, 275.28814894039954, 777.6414936405079, 0.0, 0.0, 0.0, 0.0, 0.0, 0.0, 0.0, 0.0, 0.0, 0.0, 0.0, 0.0, 0.0, 0.0, 0.0, 767.0859870016991, 0.0, 0.0, 0.0, 0.0, 0.0, 0.0, 0.0]
INFORMACIÓN : 13apuestaBundle [809.1925533678897, 787.7681854304875, 777.6414936405079, 776.922938544834, 775.4764866966054]
INFORMACIÓN : 13positionsBundle [1282, 2038, 1716, 2478, 1614]
INFORMACIÓN : 13levelsBundle [3, 3, 3, 3, 3]
INFORMACIÓN : 13positionsOrdered [1282, 2038, 2478, 1716, 1614]
INFORMACIÓN : 13levelsOrdered [3, 3, 3, 3, 3]
INFORMACIÓN : 13partialityOrdered [3, 3, 3, 3, 3]
INFORMACIÓN : 13arrivalTimes [23.450112855130058, 74.76531901776718, 88.21894306484089, 131.20894070810388, 134.03736783285007]
INFORMACIÓN : depSat position 2478 level 3
INFORMACIÓN : 14historia0[0.0, 0.0, 0.0, 0.0, 0.0, 0.0, 0.0, 0.0, 0.0, 0.0, 0.0, 0.0, 809.1925533678897, 0.0, 0.0, 0.0, 0.0, 0.0, 0.0, 0.0, 0.0, 0.0, 0.0, 0.0, 0.0, 0.0, 0.0, 0.0, 0.0, 0.0, 0.0, 0.0, 0.0, 0.0, 0.0, 799.28766978194, 0.0, 0.0, 790.6695725758369, 0.0, 0.0, 0.0, 0.0, 0.0, 0.0, 787.7681854304875, 0.0, 0.0, 0.0, 0.0, 0.0, 0.0, 0.0, 0.0, 0.0, 0.0, 0.0, 0.0, 0.0, 0.0, 0.0, 0.0, 0.0, 0.0, 0.0, 0.0, 0.0, 0.0, 0.0, 0.0, 0.0, 0.0, 0.0, 0.0, 0.0, 0.0, 794.2204174306614, 0.0, 0.0, 0.0, 0.0, 0.0, 0.0, 0.0, 0.0, 777.6514613723056, 0.0, 0.0, 0.0, 0.0, 0.0, 0.0, 0.0, 0.0, 0.0, 0.0, 0.0, 0.0, 0.0, 0.0, 0.0, 0.0, 0.0, 0.0, 0.0, 0.0, 0.0, 0.0, 0.0, 0.0, 0.0, 0.0, 0.0, 0.0, 0.0, 0.0, 0.0, 0.0, 0.0, 0.0, 0.0, 0.0, 0.0, 0.0, 0.0, 0.0, 0.0, 0.0, 0.0, 0.0, 0.0, 0.0, 0.0, 0.0, 0.0, 0.0, 0.0, 0.0, 0.0, 0.0, 0.0, 0.0, 0.0, 0.0, 0.0, 0.0, 784.9258392621224, 0.0, 0.0, 0.0, 0.0, 0.0, 0.0, 0.0, 803.1126948306127, 0.0, 0.0, 0.0, 0.0, 0.0, 0.0, 0.0, 0.0, 0.0, 0.0, 0.0, 0.0, 281.23552013320403, 0.0, 0.0]
INFORMACIÓN : 14apuestaBundle [809.1925533678897, 787.7681854304875, 369.81809685387276, 369.81809685387276, 359.09535170609547, 359.09535170609547]
INFORMACIÓN : 14positionsBundle [1282, 2038, 2478, 2478, 1855, 1855]
INFORMACIÓN : 14levelsBundle [3, 3, 2, 2, 2, 2]
INFORMACIÓN : 14positionsOrdered [1282, 2038, 2478, 2478, 1855, 1855]
INFORMACIÓN : 14levelsOrdered [3, 3, 2, 2, 2, 2]
INFORMACIÓN : 14partialityOrdered [3, 3, 3, 3, 3, 3]
INFORMACIÓN : 14arrivalTimes [23.450112855130058, 74.76531901776718, 88.21894306484089, 88.21894306484089, 114.16118660698658, 114.16118660698658]
INFORMACIÓN : mutexSat position 1855 level 2
INFORMACIÓN : mutexSat position 1855 level 2
INFORMACIÓN : 15historia0[0.0, 0.0, 0.0, 0.0, 0.0, 0.0, 0.0, 0.0, 0.0, 0.0, 0.0, 127.57340781562786, 809.1925533678897, 0.0, 0.0, 0.0, 802.2990133870696, 0.0, 0.0, 0.0, 786.5656202705093, 0.0, 0.0, 0.0, 0.0, 0.0, 0.0, 0.0, 236.01383973832327, 0.0, 0.0, 0.0, 0.0, 0.0, 0.0, 799.28766978194, 0.0, 0.0, 0.0, 259.3488607887136, 0.0, 0.0, 0.0, 0.0, 0.0, 787.7681854304875, 0.0, 0.0, 0.0, 0.0, 0.0, 0.0, 75.28515686329612, 0.0, 0.0, 0.0, 0.0, 0.0, 369.81809685387276, 0.0, 0.0, 0.0, 0.0, 0.0, 0.0, 0.0, 173.12580461016964, 0.0, 0.0, 812.2240443749638, 255.03502979385894, 0.0, 0.0, 0.0, 0.0, 0.0, 794.2204174306614, 0.0, 0.0, 0.0, 0.0, 787.0306108687194, 0.0, 0.0, 0.0, 777.6514613723056, 0.0, 0.0, 0.0, 0.0, 0.0, 0.0, 0.0, 0.0, 0.0, 0.0, 0.0, 0.0, 0.0, 0.0, 0.0, 0.0, 0.0, 0.0, 0.0, 0.0, 0.0, 0.0, 0.0, 0.0, 0.0, 0.0, 0.0, 0.0, 0.0, 0.0, 0.0, 0.0, 769.1423256112653, 0.0, 0.0, 0.0, 0.0, 0.0, 0.0, 0.0, 0.0, 0.0, 0.0, 0.0, 369.81809685387276, 0.0, 0.0, 0.0, 0.0, 0.0, 0.0, 0.0, 0.0, 0.0, 0.0, 0.0, 0.0, 0.0, 0.0, 0.0, 0.0, 0.0, 0.0, 0.0, 0.0, 0.0, 0.0, 0.0, 803.1126948306127, 0.0, 0.0, 0.0, 0.0, 0.0, 0.0, 0.0, 0.0, 0.0, 0.0, 0.0, 0.0, 0.0, 0.0, 0.0]
INFORMACIÓN : 15apuestaBundle [809.1925533678897, 787.7681854304875, 369.81809685387276, 369.81809685387276, 283.65398683661624, 282.5876927447503]
INFORMACIÓN : 15positionsBundle [1282, 2038, 2478, 2478, 834, 1986]
INFORMACIÓN : 15levelsBundle [3, 3, 2, 2, 2, 2]
INFORMACIÓN : 15positionsOrdered [834, 1282, 1986, 2038, 2478, 2478]
INFORMACIÓN : 15levelsOrdered [2, 3, 2, 3, 2, 2]
INFORMACIÓN : 15partialityOrdered [2, 3, 2, 3, 3, 3]
INFORMACIÓN : 15arrivalTimes [7.803908431500806, 23.450112855130058, 38.01033263369109, 74.76531901776718, 88.21894306484089, 88.21894306484089]
INFORMACIÓN : mutexSat position 2478 level 2
INFORMACIÓN : 16historia0[0.0, 0.0, 0.0, 0.0, 0.0, 0.0, 0.0, 0.0, 0.0, 0.0, 0.0, 127.57340781562786, 809.1925533678897, 0.0, 0.0, 0.0, 802.2990133870696, 0.0, 0.0, 0.0, 786.5656202705093, 0.0, 0.0, 0.0, 0.0, 0.0, 0.0, 0.0, 236.01383973832327, 0.0, 0.0, 0.0, 0.0, 0.0, 0.0, 799.28766978194, 0.0, 0.0, 0.0, 0.0, 0.0, 0.0, 0.0, 0.0, 0.0, 787.7681854304875, 0.0, 0.0, 0.0, 0.0, 0.0, 0.0, 0.0, 0.0, 0.0, 0.0, 0.0, 0.0, 0.0, 0.0, 0.0, 0.0, 0.0, 0.0, 0.0, 0.0, 173.12580461016964, 0.0, 0.0, 812.2240443749638, 255.03502979385894, 0.0, 0.0, 0.0, 0.0, 0.0, 794.2204174306614, 0.0, 0.0, 0.0, 0.0, 787.0306108687194, 0.0, 0.0, 0.0, 777.6514613723056, 0.0, 0.0, 0.0, 0.0, 0.0, 0.0, 0.0, 0.0, 0.0, 0.0, 0.0, 381.19582532979734, 0.0, 231.49708560080566, 0.0, 0.0, 0.0, 0.0, 0.0, 0.0, 0.0, 0.0, 0.0, 0.0, 0.0, 0.0, 0.0, 0.0, 0.0, 0.0, 0.0, 0.0, 769.1423256112653, 0.0, 0.0, 0.0, 0.0, 0.0, 0.0, 0.0, 0.0, 0.0, 0.0, 0.0, 0.0, 0.0, 0.0, 0.0, 0.0, 0.0, 0.0, 0.0, 0.0, 0.0, 0.0, 0.0, 0.0, 0.0, 0.0, 0.0, 0.0, 0.0, 0.0, 0.0, 0.0, 0.0, 0.0, 0.0, 803.1126948306127, 0.0, 0.0, 0.0, 230.2449815961354, 0.0, 0.0, 0.0, 0.0, 0.0, 0.0, 0.0, 0.0, 0.0, 0.0, 0.0]
INFORMACIÓN : 16apuestaBundle [809.1925533678897, 787.7681854304875, 282.5876927447503, 281.71757101074667, 245.85930692925467]
INFORMACIÓN : 16positionsBundle [1282, 2038, 1986, 1824, 509]
INFORMACIÓN : 16levelsBundle [3, 3, 2, 2, 2]
INFORMACIÓN : 16positionsOrdered [1282, 1986, 2038, 1824, 509]
INFORMACIÓN : 16levelsOrdered [3, 2, 3, 2, 2]
INFORMACIÓN : 16partialityOrdered [3, 2, 3, 2, 2]
INFORMACIÓN : 16arrivalTimes [23.450112855130058, 38.01033263369109, 74.76531901776718, 89.32553879632822, 129.6009669918086]
INFORMACIÓN : 17historia0[0.0, 44.2726400118482, 0.0, 0.0, 0.0, 0.0, 0.0, 0.0, 0.0, 0.0, 0.0, 127.57340781562786, 809.1925533678897, 277.73964784505534, 245.85930692925467, 0.0, 802.2990133870696, 0.0, 0.0, 0.0, 786.5656202705093, 0.0, 0.0, 0.0, 0.0, 0.0, 0.0, 0.0, 236.01383973832327, 0.0, 0.0, 0.0, 0.0, 0.0, 0.0, 799.28766978194, 0.0, 0.0, 0.0, 0.0, 0.0, 0.0, 0.0, 0.0, 0.0, 787.7681854304875, 0.0, 0.0, 0.0, 0.0, 0.0, 0.0, 0.0, 0.0, 0.0, 0.0, 0.0, 0.0, 0.0, 0.0, 0.0, 0.0, 0.0, 0.0, 0.0, 0.0, 173.12580461016964, 0.0, 0.0, 812.2240443749638, 255.03502979385894, 0.0, 0.0, 0.0, 0.0, 0.0, 794.2204174306614, 0.0, 0.0, 0.0, 0.0, 787.0306108687194, 0.0, 0.0, 0.0, 777.6514613723056, 0.0, 0.0, 0.0, 0.0, 0.0, 0.0, 0.0, 0.0, 0.0, 0.0, 0.0, 381.19582532979734, 0.0, 231.49708560080566, 0.0, 0.0, 0.0, 0.0, 0.0, 0.0, 0.0, 0.0, 0.0, 176.10421446631642, 0.0, 0.0, 281.71757101074667, 0.0, 0.0, 0.0, 180.86046746204477, 0.0, 769.1423256112653, 0.0, 0.0, 0.0, 0.0, 0.0, 0.0, 0.0, 0.0, 0.0, 0.0, 0.0, 0.0, 0.0, 0.0, 0.0, 0.0, 0.0, 0.0, 0.0, 0.0, 0.0, 0.0, 0.0, 0.0, 0.0, 0.0, 0.0, 0.0, 0.0, 282.5876927447503, 0.0, 0.0, 0.0, 0.0, 0.0, 803.1126948306127, 0.0, 0.0, 0.0, 230.2449815961354, 0.0, 0.0, 0.0, 0.0, 0.0, 0.0, 0.0, 0.0, 0.0, 0.0, 0.0]
INFORMACIÓN : 17apuestaBundle [809.1925533678897, 787.7681854304875, 282.5876927447503, 281.71757101074667, 245.85930692925467]
INFORMACIÓN : 17positionsBundle [1282, 2038, 1986, 1824, 509]
INFORMACIÓN : 17levelsBundle [3, 3, 2, 2, 2]
INFORMACIÓN : 17positionsOrdered [1282, 1986, 2038, 1824, 509]
INFORMACIÓN : 17levelsOrdered [3, 2, 3, 2, 2]
INFORMACIÓN : 17partialityOrdered [3, 2, 3, 2, 2]
INFORMACIÓN : 17arrivalTimes [23.450112855130058, 38.01033263369109, 74.76531901776718, 89.32553879632822, 129.6009669918086]
INFORMACIÓN : 18historia0[0.0, 44.2726400118482, 0.0, 0.0, 0.0, 0.0, 0.0, 0.0, 0.0, 0.0, 0.0, 127.57340781562786, 809.1925533678897, 277.73964784505534, 245.85930692925467, 0.0, 802.2990133870696, 0.0, 0.0, 0.0, 786.5656202705093, 0.0, 0.0, 0.0, 0.0, 0.0, 0.0, 0.0, 236.01383973832327, 0.0, 0.0, 0.0, 0.0, 0.0, 0.0, 799.28766978194, 0.0, 0.0, 0.0, 0.0, 0.0, 0.0, 0.0, 0.0, 0.0, 787.7681854304875, 0.0, 0.0, 0.0, 0.0, 0.0, 0.0, 0.0, 0.0, 0.0, 0.0, 0.0, 0.0, 0.0, 0.0, 0.0, 0.0, 0.0, 0.0, 0.0, 0.0, 173.12580461016964, 0.0, 0.0, 812.2240443749638, 255.03502979385894, 0.0, 0.0, 0.0, 0.0, 0.0, 794.2204174306614, 0.0, 0.0, 0.0, 0.0, 787.0306108687194, 0.0, 0.0, 0.0, 777.6514613723056, 0.0, 0.0, 0.0, 0.0, 0.0, 0.0, 0.0, 0.0, 0.0, 0.0, 0.0, 381.19582532979734, 0.0, 231.49708560080566, 0.0, 0.0, 0.0, 0.0, 0.0, 0.0, 0.0, 0.0, 0.0, 176.10421446631642, 0.0, 0.0, 281.71757101074667, 0.0, 0.0, 0.0, 180.86046746204477, 0.0, 769.1423256112653, 0.0, 0.0, 0.0, 0.0, 0.0, 0.0, 0.0, 0.0, 0.0, 0.0, 0.0, 0.0, 0.0, 0.0, 0.0, 0.0, 0.0, 0.0, 0.0, 0.0, 0.0, 0.0, 0.0, 0.0, 0.0, 381.19582532979734, 0.0, 0.0, 0.0, 282.5876927447503, 0.0, 0.0, 0.0, 0.0, 0.0, 803.1126948306127, 0.0, 0.0, 0.0, 230.2449815961354, 0.0, 0.0, 0.0, 0.0, 0.0, 0.0, 0.0, 0.0, 0.0, 0.0, 0.0]
INFORMACIÓN : 18apuestaBundle [809.1925533678897, 787.7681854304875, 282.5876927447503, 281.71757101074667, 245.85930692925467]
INFORMACIÓN : 18positionsBundle [1282, 2038, 1986, 1824, 509]
INFORMACIÓN : 18levelsBundle [3, 3, 2, 2, 2]
INFORMACIÓN : 18positionsOrdered [1282, 1986, 2038, 1824, 509]
INFORMACIÓN : 18levelsOrdered [3, 2, 3, 2, 2]
INFORMACIÓN : 18partialityOrdered [3, 2, 3, 2, 2]
INFORMACIÓN : 18arrivalTimes [23.450112855130058, 38.01033263369109, 74.76531901776718, 89.32553879632822, 129.6009669918086]
INFORMACIÓN : depSat position 1282 level 3
INFORMACIÓN : depSat position 2038 level 3
INFORMACIÓN : 19historia0[0.0, 0.0, 0.0, 0.0, 0.0, 0.0, 0.0, 0.0, 0.0, 0.0, 0.0, 0.0, 0.0, 0.0, 0.0, 0.0, 802.2990133870696, 0.0, 0.0, 0.0, 786.5656202705093, 0.0, 0.0, 0.0, 0.0, 0.0, 0.0, 0.0, 0.0, 0.0, 0.0, 0.0, 0.0, 0.0, 0.0, 0.0, 0.0, 0.0, 0.0, 0.0, 0.0, 0.0, 0.0, 0.0, 0.0, 0.0, 0.0, 0.0, 0.0, 0.0, 0.0, 0.0, 0.0, 0.0, 0.0, 0.0, 0.0, 0.0, 0.0, 0.0, 0.0, 0.0, 0.0, 0.0, 0.0, 0.0, 0.0, 0.0, 0.0, 812.2240443749638, 0.0, 0.0, 0.0, 0.0, 0.0, 0.0, 0.0, 0.0, 0.0, 0.0, 0.0, 787.0306108687194, 0.0, 0.0, 0.0, 0.0, 0.0, 0.0, 0.0, 0.0, 0.0, 0.0, 0.0, 0.0, 0.0, 0.0, 0.0, 0.0, 0.0, 0.0, 0.0, 0.0, 0.0, 0.0, 0.0, 0.0, 0.0, 0.0, 0.0, 0.0, 0.0, 0.0, 0.0, 0.0, 0.0, 0.0, 0.0, 0.0, 769.1423256112653, 0.0, 0.0, 0.0, 0.0, 0.0, 0.0, 0.0, 0.0, 0.0, 0.0, 0.0, 0.0, 0.0, 0.0, 0.0, 0.0, 0.0, 0.0, 0.0, 0.0, 0.0, 0.0, 0.0, 0.0, 0.0, 0.0, 0.0, 0.0, 0.0, 0.0, 0.0, 0.0, 0.0, 0.0, 0.0, 0.0, 0.0, 0.0, 0.0, 0.0, 0.0, 0.0, 0.0, 0.0, 0.0, 0.0, 0.0, 0.0, 0.0, 0.0, 0.0]
INFORMACIÓN : 19apuestaBundle [810.0447549494035, 790.1337792136959, 777.7187011175542, 776.922938544834, 774.176798662173]
INFORMACIÓN : 19positionsBundle [1282, 2038, 1716, 2478, 1614]
INFORMACIÓN : 19levelsBundle [3, 3, 3, 3, 3]
INFORMACIÓN : 19positionsOrdered [1282, 2038, 2478, 1716, 1614]
INFORMACIÓN : 19levelsOrdered [3, 3, 3, 3, 3]
INFORMACIÓN : 19partialityOrdered [3, 3, 3, 3, 3]
INFORMACIÓN : 19arrivalTimes [2.5549275899502772, 18.71042201135379, 32.1640460584275, 127.20894070810388, 130.03736783285007]
INFORMACIÓN : timeSat position 1282 level 3
INFORMACIÓN : timeSat position 2038 level 3
INFORMACIÓN : timeSat position 2478 level 3
INFORMACIÓN : depSat position 1614 level 3
INFORMACIÓN : 20historia0[0.0, 0.0, 0.0, 0.0, 0.0, 0.0, 0.0, 0.0, 0.0, 0.0, 0.0, 0.0, 0.0, 0.0, 0.0, 0.0, 0.0, 0.0, 0.0, 0.0, 0.0, 0.0, 0.0, 0.0, 0.0, 0.0, 0.0, 0.0, 0.0, 761.5314004175125, 0.0, 0.0, 0.0, 0.0, 0.0, 799.3689683911836, 0.0, 0.0, 0.0, 259.3488607887136, 0.0, 0.0, 0.0, 0.0, 0.0, 0.0, 0.0, 0.0, 0.0, 0.0, 0.0, 0.0, 0.0, 0.0, 0.0, 0.0, 0.0, 0.0, 0.0, 0.0, 0.0, 0.0, 0.0, 0.0, 0.0, 0.0, 0.0, 0.0, 0.0, 0.0, 0.0, 0.0, 0.0, 0.0, 0.0, 0.0, 0.0, 0.0, 0.0, 0.0, 0.0, 0.0, 0.0, 0.0, 0.0, 777.6514613723056, 0.0, 0.0, 0.0, 0.0, 0.0, 768.2676729216128, 0.0, 0.0, 0.0, 0.0, 0.0, 0.0, 0.0, 0.0, 0.0, 0.0, 0.0, 0.0, 0.0, 0.0, 0.0, 0.0, 0.0, 0.0, 0.0, 0.0, 0.0, 0.0, 0.0, 0.0, 0.0, 0.0, 0.0, 0.0, 0.0, 0.0, 0.0, 0.0, 0.0, 0.0, 0.0, 0.0, 0.0, 0.0, 0.0, 0.0, 0.0, 791.6635510532077, 0.0, 0.0, 0.0, 0.0, 0.0, 0.0, 0.0, 0.0, 0.0, 0.0, 0.0, 0.0, 0.0, 0.0, 0.0, 0.0, 0.0, 0.0, 0.0, 0.0, 803.2755796750954, 0.0, 0.0, 0.0, 0.0, 0.0, 0.0, 0.0, 750.8743904553313, 0.0, 0.0, 0.0, 0.0, 0.0, 0.0, 0.0]
INFORMACIÓN : 20apuestaBundle [809.1925533678897, 787.9307226287594, 779.1674788576711, 775.6387519027703, 764.5525640145147]
INFORMACIÓN : 20positionsBundle [1282, 2038, 1716, 1614, 1855]
INFORMACIÓN : 20levelsBundle [3, 3, 3, 3, 3]
INFORMACIÓN : 20positionsOrdered [1282, 2038, 1716, 1614, 1855]
INFORMACIÓN : 20levelsOrdered [3, 3, 3, 3, 3]
INFORMACIÓN : 20partialityOrdered [3, 3, 3, 3, 3]
INFORMACIÓN : 20arrivalTimes [23.450112855130058, 70.76531901776718, 93.56882751974995, 96.39725464449613, 106.69288478548313]
INFORMACIÓN : 21historia0[0.0, 0.0, 0.0, 0.0, 0.0, 0.0, 0.0, 0.0, 0.0, 0.0, 0.0, 0.0, 809.1925533678897, 0.0, 0.0, 0.0, 0.0, 0.0, 0.0, 0.0, 0.0, 0.0, 0.0, 0.0, 0.0, 0.0, 0.0, 0.0, 0.0, 761.5314004175125, 0.0, 0.0, 0.0, 0.0, 0.0, 799.3689683911836, 0.0, 0.0, 775.6387519027703, 259.3488607887136, 0.0, 0.0, 0.0, 0.0, 0.0, 787.9307226287594, 0.0, 0.0, 0.0, 0.0, 0.0, 0.0, 0.0, 0.0, 0.0, 0.0, 0.0, 0.0, 0.0, 0.0, 0.0, 255.88647563902822, 0.0, 0.0, 0.0, 0.0, 0.0, 0.0, 0.0, 0.0, 255.02727556162074, 0.0, 0.0, 0.0, 0.0, 0.0, 0.0, 0.0, 0.0, 0.0, 0.0, 0.0, 0.0, 0.0, 0.0, 777.6514613723056, 0.0, 0.0, 0.0, 0.0, 0.0, 768.2676729216128, 0.0, 0.0, 0.0, 0.0, 0.0, 0.0, 0.0, 0.0, 0.0, 0.0, 0.0, 0.0, 0.0, 0.0, 0.0, 0.0, 0.0, 0.0, 0.0, 0.0, 0.0, 0.0, 279.0012061121828, 0.0, 0.0, 0.0, 0.0, 0.0, 0.0, 0.0, 0.0, 0.0, 0.0, 0.0, 0.0, 0.0, 0.0, 0.0, 0.0, 0.0, 0.0, 791.6635510532077, 0.0, 0.0, 0.0, 0.0, 0.0, 0.0, 0.0, 0.0, 0.0, 0.0, 0.0, 0.0, 779.1674788576711, 0.0, 0.0, 0.0, 0.0, 0.0, 0.0, 0.0, 803.2755796750954, 0.0, 0.0, 0.0, 0.0, 0.0, 0.0, 0.0, 750.8743904553313, 0.0, 0.0, 0.0, 0.0, 0.0, 0.0, 764.5525640145147]
INFORMACIÓN : 21apuestaBundle [809.1925533678897, 787.9307226287594, 779.1674788576711, 775.6387519027703, 764.5525640145147]
INFORMACIÓN : 21positionsBundle [1282, 2038, 1716, 1614, 1855]
INFORMACIÓN : 21levelsBundle [3, 3, 3, 3, 3]
INFORMACIÓN : 21positionsOrdered [1282, 2038, 1716, 1614, 1855]
INFORMACIÓN : 21levelsOrdered [3, 3, 3, 3, 3]
INFORMACIÓN : 21partialityOrdered [3, 3, 3, 3, 3]
INFORMACIÓN : 21arrivalTimes [23.450112855130058, 70.76531901776718, 93.56882751974995, 96.39725464449613, 106.69288478548313]
INFORMACIÓN : 22historia0[0.0, 0.0, 0.0, 0.0, 0.0, 0.0, 0.0, 0.0, 0.0, 0.0, 0.0, 0.0, 809.1925533678897, 0.0, 0.0, 0.0, 798.0817912826562, 0.0, 0.0, 0.0, 781.5429922893607, 0.0, 0.0, 0.0, 0.0, 0.0, 0.0, 0.0, 0.0, 761.5314004175125, 0.0, 0.0, 0.0, 0.0, 0.0, 799.3689683911836, 0.0, 0.0, 775.6387519027703, 0.0, 0.0, 0.0, 0.0, 0.0, 0.0, 787.9307226287594, 0.0, 0.0, 0.0, 0.0, 0.0, 0.0, 0.0, 0.0, 0.0, 0.0, 0.0, 0.0, 0.0, 0.0, 0.0, 255.88647563902822, 0.0, 0.0, 0.0, 0.0, 0.0, 0.0, 0.0, 808.0036612781823, 255.02727556162074, 0.0, 0.0, 0.0, 0.0, 0.0, 0.0, 0.0, 0.0, 0.0, 0.0, 778.6035921610392, 0.0, 0.0, 0.0, 777.6514613723056, 0.0, 0.0, 0.0, 0.0, 0.0, 768.2676729216128, 0.0, 0.0, 0.0, 0.0, 0.0, 0.0, 0.0, 0.0, 0.0, 0.0, 0.0, 0.0, 0.0, 0.0, 0.0, 0.0, 0.0, 0.0, 0.0, 0.0, 0.0, 0.0, 279.0012061121828, 0.0, 0.0, 0.0, 0.0, 0.0, 0.0, 0.0, 0.0, 0.0, 0.0, 0.0, 0.0, 0.0, 0.0, 0.0, 0.0, 0.0, 0.0, 791.6635510532077, 0.0, 0.0, 0.0, 0.0, 0.0, 0.0, 0.0, 0.0, 0.0, 0.0, 0.0, 0.0, 779.1674788576711, 0.0, 0.0, 0.0, 0.0, 0.0, 0.0, 0.0, 803.2755796750954, 0.0, 0.0, 0.0, 0.0, 0.0, 0.0, 0.0, 765.8012817716678, 0.0, 0.0, 0.0, 0.0, 0.0, 0.0, 764.5525640145147]
INFORMACIÓN : 22apuestaBundle [809.1925533678897, 787.9307226287594, 779.1674788576711, 775.6387519027703, 764.5525640145147]
INFORMACIÓN : 22positionsBundle [1282, 2038, 1716, 1614, 1855]
INFORMACIÓN : 22levelsBundle [3, 3, 3, 3, 3]
INFORMACIÓN : 22positionsOrdered [1282, 2038, 1716, 1614, 1855]
INFORMACIÓN : 22levelsOrdered [3, 3, 3, 3, 3]
INFORMACIÓN : 22partialityOrdered [3, 3, 3, 3, 3]
INFORMACIÓN : 22arrivalTimes [23.450112855130058, 70.76531901776718, 93.56882751974995, 96.39725464449613, 106.69288478548313]
INFORMACIÓN : 23historia0[0.0, 0.0, 0.0, 0.0, 0.0, 0.0, 0.0, 0.0, 0.0, 0.0, 0.0, 0.0, 809.1925533678897, 0.0, 279.9542449122614, 0.0, 798.0817912826562, 0.0, 0.0, 0.0, 781.5429922893607, 0.0, 0.0, 0.0, 0.0, 0.0, 0.0, 0.0, 0.0, 761.5314004175125, 0.0, 0.0, 0.0, 0.0, 0.0, 799.3689683911836, 0.0, 0.0, 789.2423041272149, 0.0, 0.0, 0.0, 0.0, 0.0, 0.0, 787.9307226287594, 0.0, 0.0, 0.0, 0.0, 0.0, 0.0, 0.0, 0.0, 0.0, 0.0, 0.0, 0.0, 0.0, 0.0, 0.0, 255.88647563902822, 0.0, 0.0, 0.0, 0.0, 0.0, 0.0, 0.0, 808.0036612781823, 255.02727556162074, 0.0, 0.0, 0.0, 0.0, 0.0, 0.0, 0.0, 0.0, 0.0, 0.0, 778.6035921610392, 0.0, 0.0, 0.0, 777.6514613723056, 0.0, 0.0, 0.0, 0.0, 0.0, 768.2676729216128, 0.0, 0.0, 0.0, 0.0, 0.0, 0.0, 0.0, 231.49708560080566, 0.0, 0.0, 0.0, 0.0, 0.0, 0.0, 0.0, 0.0, 0.0, 0.0, 0.0, 0.0, 274.19765014784286, 0.0, 279.0012061121828, 0.0, 0.0, 0.0, 0.0, 0.0, 0.0, 0.0, 0.0, 0.0, 0.0, 0.0, 0.0, 0.0, 0.0, 0.0, 0.0, 0.0, 0.0, 791.6635510532077, 0.0, 0.0, 0.0, 0.0, 0.0, 0.0, 0.0, 0.0, 0.0, 0.0, 0.0, 0.0, 779.1674788576711, 0.0, 0.0, 0.0, 0.0, 0.0, 0.0, 0.0, 803.2755796750954, 0.0, 0.0, 0.0, 230.2449815961354, 0.0, 0.0, 0.0, 765.8012817716678, 0.0, 0.0, 0.0, 0.0, 278.69374183099285, 0.0, 0.0]
INFORMACIÓN : 23apuestaBundle [809.1925533678897, 787.9307226287594, 779.1674788576711, 762.5433392704276, 281.71757101074667]
INFORMACIÓN : 23positionsBundle [1282, 2038, 1716, 2255, 1824]
INFORMACIÓN : 23levelsBundle [3, 3, 3, 3, 2]
INFORMACIÓN : 23positionsOrdered [1282, 1824, 2038, 1716, 2255]
INFORMACIÓN : 23levelsOrdered [3, 2, 3, 3, 3]
INFORMACIÓN : 23partialityOrdered [3, 2, 3, 3, 3]
INFORMACIÓN : 23arrivalTimes [23.450112855130058, 37.051583363865504, 70.76531901776718, 93.56882751974995, 110.69288478548313]
INFORMACIÓN : 24historia0[0.0, 0.0, 0.0, 0.0, 0.0, 0.0, 0.0, 0.0, 0.0, 0.0, 0.0, 0.0, 809.1925533678897, 0.0, 0.0, 0.0, 798.0817912826562, 0.0, 0.0, 0.0, 781.5429922893607, 0.0, 0.0, 0.0, 0.0, 0.0, 0.0, 0.0, 0.0, 761.5314004175125, 0.0, 0.0, 0.0, 0.0, 0.0, 799.3689683911836, 0.0, 0.0, 0.0, 0.0, 0.0, 0.0, 0.0, 0.0, 0.0, 787.9307226287594, 0.0, 0.0, 0.0, 0.0, 0.0, 0.0, 0.0, 0.0, 0.0, 0.0, 0.0, 0.0, 0.0, 0.0, 0.0, 255.88647563902822, 0.0, 0.0, 0.0, 0.0, 0.0, 0.0, 0.0, 808.0036612781823, 255.02727556162074, 0.0, 0.0, 0.0, 0.0, 0.0, 0.0, 0.0, 0.0, 0.0, 0.0, 778.6035921610392, 0.0, 0.0, 0.0, 777.6514613723056, 0.0, 0.0, 0.0, 0.0, 0.0, 768.2676729216128, 0.0, 0.0, 0.0, 0.0, 0.0, 0.0, 0.0, 231.49708560080566, 0.0, 0.0, 0.0, 0.0, 0.0, 0.0, 0.0, 0.0, 0.0, 0.0, 0.0, 0.0, 281.71757101074667, 0.0, 279.0012061121828, 0.0, 0.0, 0.0, 0.0, 0.0, 0.0, 0.0, 0.0, 0.0, 0.0, 0.0, 0.0, 0.0, 0.0, 0.0, 0.0, 0.0, 0.0, 791.6635510532077, 0.0, 0.0, 0.0, 0.0, 0.0, 0.0, 0.0, 0.0, 0.0, 0.0, 0.0, 0.0, 779.1674788576711, 0.0, 0.0, 0.0, 0.0, 0.0, 0.0, 762.5433392704276, 803.2755796750954, 0.0, 0.0, 0.0, 230.2449815961354, 0.0, 0.0, 0.0, 765.8012817716678, 0.0, 0.0, 0.0, 0.0, 0.0, 0.0, 0.0]
INFORMACIÓN : 24apuestaBundle [809.1925533678897, 787.9307226287594, 779.1674788576711, 762.5433392704276, 281.71757101074667]
INFORMACIÓN : 24positionsBundle [1282, 2038, 1716, 2255, 1824]
INFORMACIÓN : 24levelsBundle [3, 3, 3, 3, 2]
INFORMACIÓN : 24positionsOrdered [1282, 1824, 2038, 1716, 2255]
INFORMACIÓN : 24levelsOrdered [3, 2, 3, 3, 3]
INFORMACIÓN : 24partialityOrdered [3, 2, 3, 3, 3]
INFORMACIÓN : 24arrivalTimes [23.450112855130058, 37.051583363865504, 70.76531901776718, 93.56882751974995, 110.69288478548313]
INFORMACIÓN : 25historia0[0.0, 0.0, 0.0, 0.0, 0.0, 0.0, 0.0, 0.0, 0.0, 0.0, 0.0, 0.0, 809.1925533678897, 0.0, 0.0, 0.0, 798.0817912826562, 0.0, 0.0, 0.0, 781.5429922893607, 0.0, 0.0, 0.0, 0.0, 0.0, 0.0, 0.0, 0.0, 761.5314004175125, 0.0, 0.0, 0.0, 0.0, 0.0, 799.3689683911836, 0.0, 0.0, 0.0, 0.0, 0.0, 0.0, 0.0, 0.0, 0.0, 787.9307226287594, 0.0, 0.0, 0.0, 0.0, 0.0, 0.0, 0.0, 0.0, 0.0, 0.0, 0.0, 0.0, 0.0, 0.0, 0.0, 255.88647563902822, 0.0, 0.0, 0.0, 0.0, 0.0, 0.0, 0.0, 808.0036612781823, 255.02727556162074, 0.0, 0.0, 0.0, 0.0, 0.0, 0.0, 0.0, 0.0, 0.0, 0.0, 778.6035921610392, 0.0, 0.0, 0.0, 777.6514613723056, 0.0, 0.0, 0.0, 0.0, 0.0, 0.0, 0.0, 0.0, 0.0, 0.0, 0.0, 0.0, 0.0, 0.0, 0.0, 0.0, 0.0, 0.0, 0.0, 0.0, 0.0, 0.0, 0.0, 0.0, 0.0, 0.0, 281.71757101074667, 0.0, 279.0012061121828, 0.0, 0.0, 0.0, 0.0, 0.0, 0.0, 0.0, 0.0, 0.0, 0.0, 0.0, 0.0, 0.0, 0.0, 0.0, 0.0, 0.0, 0.0, 0.0, 0.0, 0.0, 0.0, 0.0, 0.0, 0.0, 0.0, 0.0, 0.0, 0.0, 0.0, 0.0, 779.1674788576711, 0.0, 0.0, 0.0, 0.0, 0.0, 0.0, 762.5433392704276, 0.0, 0.0, 0.0, 0.0, 0.0, 0.0, 0.0, 0.0, 765.8012817716678, 0.0, 0.0, 0.0, 0.0, 0.0, 0.0, 0.0]
INFORMACIÓN : 25apuestaBundle [809.1925533678897, 787.9307226287594, 779.1674788576711, 762.5433392704276, 281.71757101074667]
INFORMACIÓN : 25positionsBundle [1282, 2038, 1716, 2255, 1824]
INFORMACIÓN : 25levelsBundle [3, 3, 3, 3, 2]
INFORMACIÓN : 25positionsOrdered [1282, 1824, 2038, 1716, 2255]
INFORMACIÓN : 25levelsOrdered [3, 2, 3, 3, 3]
INFORMACIÓN : 25partialityOrdered [3, 2, 3, 3, 3]
INFORMACIÓN : 25arrivalTimes [23.450112855130058, 37.051583363865504, 70.76531901776718, 93.56882751974995, 110.69288478548313]
INFORMACIÓN : depSat position 1716 level 3
INFORMACIÓN : 26historia0[0.0, 0.0, 0.0, 0.0, 0.0, 786.1792947057329, 0.0, 0.0, 0.0, 0.0, 0.0, 0.0, 809.1925533678897, 0.0, 0.0, 778.1489213757432, 798.0817912826562, 0.0, 0.0, 0.0, 781.5429922893607, 0.0, 0.0, 0.0, 0.0, 0.0, 0.0, 0.0, 0.0, 761.5314004175125, 0.0, 0.0, 0.0, 0.0, 0.0, 799.3689683911836, 0.0, 0.0, 0.0, 0.0, 0.0, 0.0, 0.0, 0.0, 0.0, 787.9307226287594, 0.0, 0.0, 0.0, 0.0, 0.0, 807.3538220336752, 0.0, 0.0, 0.0, 0.0, 0.0, 0.0, 0.0, 0.0, 0.0, 0.0, 0.0, 0.0, 0.0, 0.0, 0.0, 767.1212129591718, 0.0, 808.0036612781823, 0.0, 0.0, 0.0, 0.0, 0.0, 0.0, 0.0, 0.0, 0.0, 0.0, 0.0, 778.6035921610392, 0.0, 0.0, 0.0, 777.6514613723056, 0.0, 0.0, 0.0, 0.0, 0.0, 0.0, 0.0, 0.0, 0.0, 0.0, 0.0, 385.5293594954454, 0.0, 0.0, 0.0, 0.0, 0.0, 806.3926972649806, 0.0, 0.0, 0.0, 0.0, 0.0, 0.0, 0.0, 0.0, 0.0, 0.0, 0.0, 0.0, 0.0, 0.0, 0.0, 0.0, 0.0, 0.0, 0.0, 0.0, 0.0, 0.0, 0.0, 0.0, 0.0, 0.0, 0.0, 0.0, 0.0, 0.0, 0.0, 0.0, 0.0, 0.0, 0.0, 0.0, 0.0, 0.0, 0.0, 0.0, 385.5293594954454, 0.0, 0.0, 0.0, 0.0, 0.0, 0.0, 0.0, 0.0, 0.0, 0.0, 0.0, 0.0, 0.0, 0.0, 0.0, 0.0, 0.0, 765.8012817716678, 0.0, 0.0, 0.0, 0.0, 0.0, 0.0, 0.0]
INFORMACIÓN : 26apuestaBundle [809.1925533678897, 787.9307226287594, 369.81809685387276, 246.11908119260056, 245.16296439169855]
INFORMACIÓN : 26positionsBundle [1282, 2038, 2478, 509, 508]
INFORMACIÓN : 26levelsBundle [3, 3, 2, 2, 2]
INFORMACIÓN : 26positionsOrdered [1282, 2038, 2478, 509, 508]
INFORMACIÓN : 26levelsOrdered [3, 3, 2, 2, 2]
INFORMACIÓN : 26partialityOrdered [3, 3, 3, 2, 2]
INFORMACIÓN : 26arrivalTimes [23.450112855130058, 70.76531901776718, 84.21894306484089, 127.6009669918086, 128.6009669918086]
INFORMACIÓN : 27historia0[0.0, 0.0, 0.0, 0.0, 0.0, 786.1792947057329, 0.0, 0.0, 0.0, 0.0, 0.0, 0.0, 809.1925533678897, 0.0, 246.11908119260056, 778.1489213757432, 798.0817912826562, 0.0, 0.0, 0.0, 781.5429922893607, 0.0, 0.0, 0.0, 0.0, 0.0, 0.0, 0.0, 0.0, 761.5314004175125, 0.0, 0.0, 0.0, 0.0, 0.0, 799.3689683911836, 0.0, 0.0, 789.2423041272149, 0.0, 0.0, 0.0, 0.0, 0.0, 0.0, 787.9307226287594, 0.0, 0.0, 0.0, 0.0, 0.0, 807.3538220336752, 75.28515686329612, 0.0, 0.0, 0.0, 0.0, 0.0, 369.81809685387276, 0.0, 0.0, 0.0, 0.0, 0.0, 0.0, 0.0, 173.12580461016964, 767.1212129591718, 0.0, 808.0036612781823, 0.0, 0.0, 0.0, 0.0, 0.0, 0.0, 0.0, 0.0, 0.0, 0.0, 0.0, 778.6035921610392, 0.0, 0.0, 0.0, 777.6514613723056, 0.0, 0.0, 0.0, 0.0, 0.0, 0.0, 0.0, 0.0, 0.0, 0.0, 0.0, 385.5293594954454, 0.0, 0.0, 0.0, 0.0, 0.0, 806.3926972649806, 0.0, 0.0, 0.0, 0.0, 0.0, 0.0, 0.0, 0.0, 0.0, 0.0, 0.0, 0.0, 0.0, 0.0, 0.0, 0.0, 0.0, 0.0, 0.0, 0.0, 0.0, 0.0, 0.0, 0.0, 0.0, 0.0, 0.0, 0.0, 0.0, 0.0, 0.0, 0.0, 0.0, 0.0, 0.0, 0.0, 0.0, 0.0, 0.0, 0.0, 0.0, 0.0, 786.6146424606976, 0.0, 0.0, 0.0, 0.0, 0.0, 0.0, 768.3054550001001, 803.8610623453422, 0.0, 0.0, 0.0, 0.0, 0.0, 52.51539118069185, 0.0, 765.8012817716678, 0.0, 0.0, 0.0, 0.0, 245.16296439169855, 0.0, 778.7573214591097]
INFORMACIÓN : 27apuestaBundle [809.1925533678897, 787.9307226287594, 369.81809685387276, 246.11908119260056, 245.16296439169855]
INFORMACIÓN : 27positionsBundle [1282, 2038, 2478, 509, 508]
INFORMACIÓN : 27levelsBundle [3, 3, 2, 2, 2]
INFORMACIÓN : 27positionsOrdered [1282, 2038, 2478, 509, 508]
INFORMACIÓN : 27levelsOrdered [3, 3, 2, 2, 2]
INFORMACIÓN : 27partialityOrdered [3, 3, 3, 2, 2]
INFORMACIÓN : 27arrivalTimes [23.450112855130058, 70.76531901776718, 84.21894306484089, 127.6009669918086, 128.6009669918086]
INFORMACIÓN : 28historia0[0.0, 0.0, 0.0, 0.0, 0.0, 786.1792947057329, 0.0, 0.0, 0.0, 160.73222416195088, 0.0, 0.0, 809.1925533678897, 0.0, 246.11908119260056, 778.1489213757432, 798.0817912826562, 0.0, 0.0, 0.0, 781.5429922893607, 0.0, 0.0, 0.0, 0.0, 0.0, 0.0, 0.0, 0.0, 761.5314004175125, 0.0, 0.0, 0.0, 0.0, 0.0, 799.3689683911836, 0.0, 0.0, 789.2423041272149, 0.0, 0.0, 0.0, 0.0, 0.0, 0.0, 787.9307226287594, 149.2314129921927, 0.0, 0.0, 0.0, 0.0, 807.3538220336752, 75.28515686329612, 0.0, 0.0, 0.0, 0.0, 0.0, 369.81809685387276, 0.0, 0.0, 0.0, 0.0, 0.0, 0.0, 0.0, 173.12580461016964, 767.1212129591718, 0.0, 808.0036612781823, 0.0, 0.0, 0.0, 0.0, 0.0, 0.0, 0.0, 0.0, 0.0, 0.0, 0.0, 0.0, 0.0, 0.0, 0.0, 777.6514613723056, 0.0, 0.0, 0.0, 0.0, 0.0, 768.2676729216128, 0.0, 0.0, 0.0, 0.0, 0.0, 385.5293594954454, 0.0, 0.0, 0.0, 0.0, 0.0, 806.3926972649806, 0.0, 0.0, 0.0, 0.0, 0.0, 0.0, 0.0, 0.0, 0.0, 0.0, 0.0, 0.0, 0.0, 0.0, 0.0, 0.0, 0.0, 0.0, 0.0, 0.0, 0.0, 0.0, 0.0, 0.0, 0.0, 0.0, 0.0, 0.0, 0.0, 0.0, 0.0, 0.0, 0.0, 0.0, 0.0, 0.0, 0.0, 0.0, 0.0, 0.0, 0.0, 0.0, 786.6146424606976, 0.0, 0.0, 0.0, 0.0, 0.0, 0.0, 768.3054550001001, 803.8610623453422, 0.0, 0.0, 0.0, 0.0, 0.0, 52.51539118069185, 0.0, 0.0, 0.0, 0.0, 0.0, 0.0, 245.16296439169855, 0.0, 778.7573214591097]
INFORMACIÓN : 28apuestaBundle [809.1925533678897, 787.9307226287594, 369.81809685387276, 246.11908119260056, 245.16296439169855]
INFORMACIÓN : 28positionsBundle [1282, 2038, 2478, 509, 508]
INFORMACIÓN : 28levelsBundle [3, 3, 2, 2, 2]
INFORMACIÓN : 28positionsOrdered [1282, 2038, 2478, 509, 508]
INFORMACIÓN : 28levelsOrdered [3, 3, 2, 2, 2]
INFORMACIÓN : 28partialityOrdered [3, 3, 3, 2, 2]
INFORMACIÓN : 28arrivalTimes [23.450112855130058, 70.76531901776718, 84.21894306484089, 127.6009669918086, 128.6009669918086]
INFORMACIÓN : 29historia0[0.0, 0.0, 0.0, 0.0, 0.0, 786.1792947057329, 0.0, 0.0, 0.0, 160.73222416195088, 0.0, 0.0, 809.1925533678897, 0.0, 246.11908119260056, 778.1489213757432, 798.0817912826562, 0.0, 0.0, 0.0, 781.5429922893607, 0.0, 0.0, 0.0, 0.0, 0.0, 0.0, 0.0, 0.0, 761.5314004175125, 0.0, 0.0, 0.0, 0.0, 0.0, 799.3689683911836, 0.0, 0.0, 789.2423041272149, 0.0, 0.0, 0.0, 0.0, 0.0, 0.0, 787.9307226287594, 149.2314129921927, 0.0, 0.0, 0.0, 0.0, 807.3538220336752, 75.28515686329612, 0.0, 0.0, 0.0, 0.0, 0.0, 369.81809685387276, 0.0, 0.0, 0.0, 0.0, 0.0, 0.0, 0.0, 173.12580461016964, 767.1212129591718, 0.0, 808.0036612781823, 0.0, 0.0, 0.0, 0.0, 0.0, 0.0, 0.0, 0.0, 0.0, 0.0, 0.0, 0.0, 0.0, 0.0, 0.0, 777.6514613723056, 0.0, 0.0, 0.0, 0.0, 0.0, 768.2676729216128, 0.0, 0.0, 0.0, 0.0, 0.0, 385.5293594954454, 0.0, 246.76274130322463, 0.0, 0.0, 0.0, 806.3926972649806, 0.0, 0.0, 0.0, 0.0, 0.0, 0.0, 0.0, 0.0, 0.0, 0.0, 0.0, 0.0, 0.0, 0.0, 0.0, 0.0, 0.0, 0.0, 0.0, 0.0, 0.0, 0.0, 0.0, 0.0, 0.0, 0.0, 0.0, 0.0, 0.0, 0.0, 0.0, 0.0, 0.0, 0.0, 0.0, 0.0, 0.0, 0.0, 0.0, 0.0, 0.0, 0.0, 786.6146424606976, 0.0, 0.0, 0.0, 0.0, 0.0, 0.0, 768.3054550001001, 803.8610623453422, 0.0, 0.0, 0.0, 249.896601101309, 0.0, 52.51539118069185, 0.0, 0.0, 0.0, 0.0, 0.0, 0.0, 245.16296439169855, 0.0, 778.7573214591097]
INFORMACIÓN : 29apuestaBundle [809.1925533678897, 787.9307226287594, 369.81809685387276, 246.11908119260056, 245.16296439169855]
INFORMACIÓN : 29positionsBundle [1282, 2038, 2478, 509, 508]
INFORMACIÓN : 29levelsBundle [3, 3, 2, 2, 2]
INFORMACIÓN : 29positionsOrdered [1282, 2038, 2478, 509, 508]
INFORMACIÓN : 29levelsOrdered [3, 3, 2, 2, 2]
INFORMACIÓN : 29partialityOrdered [3, 3, 3, 2, 2]
INFORMACIÓN : 29arrivalTimes [23.450112855130058, 70.76531901776718, 84.21894306484089, 127.6009669918086, 128.6009669918086]
INFORMACIÓN : 30historia0[0.0, 0.0, 0.0, 0.0, 0.0, 786.1792947057329, 0.0, 0.0, 0.0, 160.73222416195088, 0.0, 0.0, 809.1925533678897, 0.0, 246.11908119260056, 778.1489213757432, 798.0817912826562, 0.0, 0.0, 0.0, 781.5429922893607, 0.0, 0.0, 0.0, 0.0, 0.0, 0.0, 0.0, 0.0, 761.5314004175125, 0.0, 0.0, 0.0, 0.0, 0.0, 799.3689683911836, 0.0, 0.0, 789.2423041272149, 0.0, 0.0, 0.0, 0.0, 0.0, 0.0, 787.9307226287594, 149.2314129921927, 0.0, 0.0, 0.0, 0.0, 807.3538220336752, 75.28515686329612, 0.0, 0.0, 0.0, 0.0, 0.0, 369.81809685387276, 0.0, 0.0, 0.0, 0.0, 0.0, 0.0, 0.0, 173.12580461016964, 767.1212129591718, 0.0, 808.0036612781823, 0.0, 0.0, 0.0, 0.0, 0.0, 0.0, 0.0, 0.0, 0.0, 0.0, 0.0, 0.0, 0.0, 0.0, 0.0, 777.6514613723056, 0.0, 0.0, 0.0, 0.0, 0.0, 768.2676729216128, 0.0, 0.0, 0.0, 0.0, 0.0, 385.5293594954454, 0.0, 246.76274130322463, 0.0, 0.0, 0.0, 806.3926972649806, 0.0, 0.0, 0.0, 0.0, 0.0, 0.0, 0.0, 0.0, 0.0, 0.0, 0.0, 0.0, 0.0, 0.0, 0.0, 0.0, 0.0, 0.0, 0.0, 0.0, 0.0, 0.0, 0.0, 0.0, 0.0, 0.0, 0.0, 0.0, 0.0, 0.0, 0.0, 0.0, 0.0, 0.0, 0.0, 0.0, 0.0, 0.0, 0.0, 0.0, 0.0, 0.0, 786.6146424606976, 0.0, 0.0, 0.0, 0.0, 0.0, 0.0, 768.3054550001001, 803.8610623453422, 0.0, 0.0, 0.0, 249.896601101309, 0.0, 52.51539118069185, 0.0, 0.0, 0.0, 0.0, 0.0, 0.0, 245.16296439169855, 0.0, 778.7573214591097]
INFORMACIÓN : 30apuestaBundle [809.1925533678897, 787.9307226287594, 369.81809685387276, 246.11908119260056, 245.16296439169855]
INFORMACIÓN : 30positionsBundle [1282, 2038, 2478, 509, 508]
INFORMACIÓN : 30levelsBundle [3, 3, 2, 2, 2]
INFORMACIÓN : 30positionsOrdered [1282, 2038, 2478, 509, 508]
INFORMACIÓN : 30levelsOrdered [3, 3, 2, 2, 2]
INFORMACIÓN : 30partialityOrdered [3, 3, 3, 2, 2]
INFORMACIÓN : 30arrivalTimes [23.450112855130058, 70.76531901776718, 84.21894306484089, 127.6009669918086, 128.6009669918086]
INFORMACIÓN : 31historia0[0.0, 0.0, 0.0, 0.0, 0.0, 0.0, 0.0, 0.0, 0.0, 160.73222416195088, 0.0, 0.0, 809.1925533678897, 0.0, 246.11908119260056, 0.0, 798.0817912826562, 0.0, 0.0, 0.0, 781.5429922893607, 0.0, 0.0, 0.0, 0.0, 0.0, 0.0, 0.0, 0.0, 761.5314004175125, 0.0, 0.0, 0.0, 0.0, 0.0, 799.3689683911836, 0.0, 0.0, 789.2423041272149, 0.0, 0.0, 0.0, 0.0, 0.0, 0.0, 787.9307226287594, 149.2314129921927, 0.0, 0.0, 0.0, 0.0, 0.0, 75.28515686329612, 0.0, 0.0, 0.0, 0.0, 0.0, 369.81809685387276, 0.0, 0.0, 0.0, 0.0, 0.0, 0.0, 0.0, 173.12580461016964, 0.0, 0.0, 808.0036612781823, 0.0, 0.0, 0.0, 0.0, 0.0, 0.0, 0.0, 0.0, 0.0, 0.0, 0.0, 0.0, 0.0, 0.0, 0.0, 777.6514613723056, 0.0, 0.0, 0.0, 0.0, 0.0, 768.2676729216128, 0.0, 0.0, 0.0, 0.0, 0.0, 385.5293594954454, 0.0, 246.76274130322463, 0.0, 0.0, 0.0, 0.0, 0.0, 0.0, 0.0, 0.0, 0.0, 0.0, 0.0, 0.0, 0.0, 0.0, 0.0, 0.0, 0.0, 0.0, 0.0, 0.0, 0.0, 0.0, 0.0, 0.0, 0.0, 0.0, 0.0, 0.0, 0.0, 0.0, 0.0, 0.0, 0.0, 0.0, 0.0, 0.0, 0.0, 0.0, 0.0, 0.0, 0.0, 0.0, 0.0, 0.0, 0.0, 0.0, 786.6146424606976, 0.0, 0.0, 0.0, 0.0, 0.0, 0.0, 768.3054550001001, 803.8610623453422, 0.0, 0.0, 0.0, 249.896601101309, 0.0, 52.51539118069185, 0.0, 0.0, 0.0, 0.0, 0.0, 0.0, 245.16296439169855, 0.0, 778.7573214591097]
INFORMACIÓN : 31apuestaBundle [809.1925533678897, 787.9307226287594, 369.81809685387276, 246.11908119260056, 245.16296439169855]
INFORMACIÓN : 31positionsBundle [1282, 2038, 2478, 509, 508]
INFORMACIÓN : 31levelsBundle [3, 3, 2, 2, 2]
INFORMACIÓN : 31positionsOrdered [1282, 2038, 2478, 509, 508]
INFORMACIÓN : 31levelsOrdered [3, 3, 2, 2, 2]
INFORMACIÓN : 31partialityOrdered [3, 3, 3, 2, 2]
INFORMACIÓN : 31arrivalTimes [23.450112855130058, 70.76531901776718, 84.21894306484089, 127.6009669918086, 128.6009669918086]
INFORMACIÓN : depSat position 509 level 2
INFORMACIÓN : depSat position 508 level 2
INFORMACIÓN : 32historia0[0.0, 0.0, 0.0, 0.0, 0.0, 786.1792947057329, 0.0, 0.0, 0.0, 160.73222416195088, 0.0, 0.0, 809.1925533678897, 0.0, 0.0, 778.1489213757432, 0.0, 0.0, 0.0, 0.0, 0.0, 0.0, 0.0, 783.0995777750115, 0.0, 0.0, 0.0, 0.0, 0.0, 761.5314004175125, 0.0, 0.0, 0.0, 0.0, 0.0, 799.3689683911836, 0.0, 0.0, 0.0, 0.0, 0.0, 0.0, 0.0, 0.0, 0.0, 787.9307226287594, 149.2314129921927, 0.0, 0.0, 0.0, 0.0, 808.0651084651261, 75.28515686329612, 0.0, 0.0, 0.0, 0.0, 0.0, 369.81809685387276, 0.0, 0.0, 0.0, 0.0, 0.0, 0.0, 0.0, 173.12580461016964, 0.0, 0.0, 808.0036612781823, 0.0, 0.0, 0.0, 0.0, 0.0, 0.0, 0.0, 0.0, 0.0, 0.0, 0.0, 0.0, 0.0, 0.0, 0.0, 777.6514613723056, 0.0, 0.0, 0.0, 0.0, 0.0, 768.2676729216128, 0.0, 0.0, 0.0, 0.0, 0.0, 385.5293594954454, 0.0, 0.0, 0.0, 0.0, 0.0, 805.7104283357879, 0.0, 0.0, 0.0, 0.0, 0.0, 0.0, 0.0, 0.0, 0.0, 0.0, 0.0, 0.0, 0.0, 0.0, 0.0, 0.0, 0.0, 0.0, 0.0, 0.0, 0.0, 0.0, 0.0, 0.0, 0.0, 0.0, 0.0, 0.0, 0.0, 0.0, 0.0, 0.0, 0.0, 0.0, 0.0, 0.0, 0.0, 0.0, 0.0, 0.0, 0.0, 0.0, 0.0, 0.0, 0.0, 0.0, 0.0, 0.0, 0.0, 0.0, 0.0, 0.0, 0.0, 0.0, 0.0, 0.0, 52.51539118069185, 0.0, 0.0, 0.0, 0.0, 0.0, 0.0, 0.0, 0.0, 0.0]
INFORMACIÓN : 32apuestaBundle [809.1925533678897, 787.9307226287594, 369.81809685387276, 355.8520818653357, 355.8520818653357, 279.28964401853545]
INFORMACIÓN : 32positionsBundle [1282, 2038, 2478, 2255, 2255, 834]
INFORMACIÓN : 32levelsBundle [3, 3, 2, 2, 2, 2]
INFORMACIÓN : 32positionsOrdered [834, 1282, 2038, 2478, 2255, 2255]
INFORMACIÓN : 32levelsOrdered [2, 3, 3, 2, 2, 2]
INFORMACIÓN : 32partialityOrdered [2, 3, 3, 3, 3, 3]
INFORMACIÓN : 32arrivalTimes [7.803908431500806, 23.450112855130058, 70.76531901776718, 84.21894306484089, 107.56417812469839, 107.56417812469839]
INFORMACIÓN : 33historia0[0.0, 0.0, 0.0, 0.0, 0.0, 786.1792947057329, 0.0, 0.0, 0.0, 160.73222416195088, 0.0, 0.0, 809.1925533678897, 0.0, 0.0, 778.1489213757432, 0.0, 0.0, 0.0, 0.0, 0.0, 0.0, 0.0, 783.0995777750115, 0.0, 0.0, 0.0, 0.0, 0.0, 761.5314004175125, 0.0, 0.0, 0.0, 0.0, 0.0, 799.3689683911836, 0.0, 0.0, 0.0, 0.0, 0.0, 0.0, 0.0, 0.0, 0.0, 787.9307226287594, 200.1632600113519, 0.0, 0.0, 0.0, 0.0, 808.0651084651261, 0.0, 0.0, 0.0, 0.0, 0.0, 0.0, 369.81809685387276, 0.0, 0.0, 0.0, 0.0, 0.0, 0.0, 0.0, 173.12580461016964, 0.0, 0.0, 808.0036612781823, 0.0, 0.0, 180.66921962609786, 0.0, 0.0, 0.0, 0.0, 0.0, 0.0, 0.0, 0.0, 0.0, 0.0, 0.0, 0.0, 777.6514613723056, 0.0, 0.0, 0.0, 0.0, 0.0, 768.2676729216128, 0.0, 0.0, 0.0, 0.0, 0.0, 385.5293594954454, 0.0, 0.0, 0.0, 0.0, 0.0, 805.7104283357879, 0.0, 0.0, 0.0, 355.8520818653357, 0.0, 0.0, 0.0, 0.0, 0.0, 0.0, 0.0, 0.0, 0.0, 0.0, 751.1131301890393, 0.0, 0.0, 0.0, 0.0, 0.0, 0.0, 0.0, 0.0, 0.0, 0.0, 355.8520818653357, 0.0, 0.0, 0.0, 0.0, 0.0, 0.0, 0.0, 0.0, 0.0, 0.0, 0.0, 0.0, 0.0, 0.0, 0.0, 273.06471646718023, 0.0, 0.0, 0.0, 0.0, 0.0, 0.0, 0.0, 0.0, 0.0, 0.0, 0.0, 0.0, 0.0, 0.0, 0.0, 279.28964401853545, 0.0, 0.0, 0.0, 0.0, 0.0, 0.0, 0.0, 0.0]
INFORMACIÓN : 33apuestaBundle [809.1925533678897, 787.9307226287594, 369.81809685387276, 355.8520818653357, 355.8520818653357, 279.28964401853545]
INFORMACIÓN : 33positionsBundle [1282, 2038, 2478, 2255, 2255, 834]
INFORMACIÓN : 33levelsBundle [3, 3, 2, 2, 2, 2]
INFORMACIÓN : 33positionsOrdered [834, 1282, 2038, 2478, 2255, 2255]
INFORMACIÓN : 33levelsOrdered [2, 3, 3, 2, 2, 2]
INFORMACIÓN : 33partialityOrdered [2, 3, 3, 3, 3, 3]
INFORMACIÓN : 33arrivalTimes [7.803908431500806, 23.450112855130058, 70.76531901776718, 84.21894306484089, 107.56417812469839, 107.56417812469839]
INFORMACIÓN : mutexSat position 2255 level 2
INFORMACIÓN : mutexSat position 2255 level 2
INFORMACIÓN : 34historia0[0.0, 44.2726400118482, 0.0, 0.0, 0.0, 786.1792947057329, 0.0, 0.0, 0.0, 160.73222416195088, 0.0, 0.0, 809.1925533678897, 0.0, 0.0, 778.1489213757432, 0.0, 0.0, 0.0, 0.0, 0.0, 0.0, 0.0, 783.0995777750115, 0.0, 0.0, 51.6766414221739, 0.0, 0.0, 761.5314004175125, 0.0, 0.0, 0.0, 0.0, 144.98542123400404, 799.3689683911836, 0.0, 0.0, 789.3235035237135, 0.0, 0.0, 0.0, 0.0, 0.0, 0.0, 787.9307226287594, 200.1632600113519, 0.0, 0.0, 0.0, 0.0, 808.0651084651261, 0.0, 0.0, 0.0, 0.0, 0.0, 0.0, 369.81809685387276, 0.0, 0.0, 0.0, 0.0, 0.0, 0.0, 0.0, 173.12580461016964, 0.0, 0.0, 808.0036612781823, 0.0, 0.0, 180.66921962609786, 0.0, 0.0, 0.0, 0.0, 0.0, 0.0, 0.0, 0.0, 0.0, 0.0, 0.0, 0.0, 777.6514613723056, 0.0, 0.0, 0.0, 0.0, 0.0, 768.2676729216128, 0.0, 0.0, 0.0, 0.0, 0.0, 385.5293594954454, 0.0, 0.0, 0.0, 0.0, 0.0, 805.7104283357879, 0.0, 0.0, 0.0, 0.0, 0.0, 0.0, 0.0, 0.0, 0.0, 0.0, 0.0, 0.0, 0.0, 0.0, 751.1131301890393, 0.0, 0.0, 0.0, 0.0, 0.0, 0.0, 0.0, 0.0, 0.0, 0.0, 0.0, 0.0, 0.0, 0.0, 0.0, 0.0, 0.0, 0.0, 0.0, 0.0, 0.0, 0.0, 0.0, 0.0, 0.0, 0.0, 273.06471646718023, 786.7770561330465, 0.0, 0.0, 0.0, 0.0, 0.0, 0.0, 770.7352641142309, 803.9738189623195, 0.0, 0.0, 0.0, 0.0, 0.0, 0.0, 0.0, 0.0, 0.0, 0.0, 0.0, 0.0, 0.0, 0.0, 778.7573214591096]
INFORMACIÓN : 34apuestaBundle [809.1925533678897, 787.9307226287594, 369.81809685387276, 279.28964401853545, 246.11908119260056]
INFORMACIÓN : 34positionsBundle [1282, 2038, 2478, 834, 509]
INFORMACIÓN : 34levelsBundle [3, 3, 2, 2, 2]
INFORMACIÓN : 34positionsOrdered [834, 1282, 2038, 2478, 509]
INFORMACIÓN : 34levelsOrdered [2, 3, 3, 2, 2]
INFORMACIÓN : 34partialityOrdered [2, 3, 3, 3, 2]
INFORMACIÓN : 34arrivalTimes [7.803908431500806, 23.450112855130058, 70.76531901776718, 84.21894306484089, 127.6009669918086]
INFORMACIÓN : 35historia0[0.0, 44.2726400118482, 0.0, 0.0, 0.0, 786.1792947057329, 0.0, 0.0, 0.0, 160.73222416195088, 0.0, 0.0, 809.1925533678897, 0.0, 246.11908119260056, 778.1489213757432, 0.0, 0.0, 0.0, 0.0, 0.0, 0.0, 0.0, 783.0995777750115, 0.0, 0.0, 51.6766414221739, 0.0, 0.0, 761.5314004175125, 0.0, 0.0, 0.0, 0.0, 144.98542123400404, 799.3689683911836, 0.0, 0.0, 789.3235035237135, 0.0, 0.0, 0.0, 0.0, 0.0, 0.0, 787.9307226287594, 200.1632600113519, 0.0, 0.0, 0.0, 0.0, 808.0651084651261, 0.0, 0.0, 0.0, 0.0, 0.0, 0.0, 369.81809685387276, 0.0, 0.0, 0.0, 0.0, 0.0, 0.0, 0.0, 173.12580461016964, 0.0, 0.0, 808.0036612781823, 0.0, 0.0, 180.66921962609786, 0.0, 0.0, 0.0, 0.0, 0.0, 0.0, 0.0, 0.0, 0.0, 0.0, 0.0, 0.0, 777.6514613723056, 0.0, 0.0, 0.0, 0.0, 0.0, 768.2676729216128, 0.0, 0.0, 0.0, 0.0, 0.0, 385.5293594954454, 0.0, 0.0, 0.0, 0.0, 0.0, 805.7104283357879, 0.0, 0.0, 0.0, 0.0, 0.0, 0.0, 0.0, 0.0, 0.0, 0.0, 0.0, 0.0, 0.0, 0.0, 751.1131301890393, 0.0, 0.0, 0.0, 0.0, 0.0, 0.0, 0.0, 0.0, 0.0, 0.0, 0.0, 0.0, 0.0, 0.0, 0.0, 0.0, 0.0, 0.0, 0.0, 0.0, 0.0, 0.0, 0.0, 0.0, 0.0, 0.0, 273.06471646718023, 786.7770561330465, 0.0, 0.0, 0.0, 0.0, 0.0, 0.0, 770.7352641142309, 803.9738189623195, 0.0, 0.0, 0.0, 0.0, 0.0, 0.0, 279.28964401853545, 0.0, 0.0, 0.0, 0.0, 0.0, 0.0, 0.0, 778.7573214591096]
INFORMACIÓN : 35apuestaBundle [809.1925533678897, 787.9307226287594, 369.81809685387276, 279.28964401853545, 246.11908119260056]
INFORMACIÓN : 35positionsBundle [1282, 2038, 2478, 834, 509]
INFORMACIÓN : 35levelsBundle [3, 3, 2, 2, 2]
INFORMACIÓN : 35positionsOrdered [834, 1282, 2038, 2478, 509]
INFORMACIÓN : 35levelsOrdered [2, 3, 3, 2, 2]
INFORMACIÓN : 35partialityOrdered [2, 3, 3, 3, 2]
INFORMACIÓN : 35arrivalTimes [7.803908431500806, 23.450112855130058, 70.76531901776718, 84.21894306484089, 127.6009669918086]
INFORMACIÓN : 36historia0[0.0, 44.2726400118482, 0.0, 0.0, 0.0, 786.1792947057329, 0.0, 0.0, 0.0, 160.73222416195088, 0.0, 0.0, 809.1925533678897, 0.0, 246.11908119260056, 778.1489213757432, 0.0, 0.0, 0.0, 0.0, 0.0, 0.0, 0.0, 783.0995777750115, 0.0, 0.0, 51.6766414221739, 0.0, 0.0, 761.5314004175125, 0.0, 0.0, 0.0, 0.0, 144.98542123400404, 799.3689683911836, 0.0, 0.0, 789.3235035237135, 0.0, 0.0, 0.0, 0.0, 0.0, 0.0, 787.9307226287594, 200.1632600113519, 0.0, 0.0, 0.0, 0.0, 808.0651084651261, 0.0, 0.0, 0.0, 0.0, 0.0, 0.0, 369.81809685387276, 0.0, 0.0, 0.0, 0.0, 0.0, 0.0, 0.0, 173.12580461016964, 0.0, 0.0, 808.0036612781823, 0.0, 0.0, 180.66921962609786, 0.0, 0.0, 0.0, 0.0, 0.0, 0.0, 0.0, 0.0, 0.0, 0.0, 0.0, 0.0, 777.6514613723056, 0.0, 0.0, 0.0, 0.0, 0.0, 768.2676729216128, 0.0, 0.0, 0.0, 0.0, 0.0, 385.5293594954454, 0.0, 0.0, 0.0, 0.0, 0.0, 805.7104283357879, 0.0, 0.0, 0.0, 0.0, 0.0, 0.0, 0.0, 0.0, 0.0, 0.0, 0.0, 0.0, 0.0, 0.0, 751.1131301890393, 0.0, 0.0, 0.0, 0.0, 0.0, 0.0, 0.0, 0.0, 0.0, 0.0, 0.0, 0.0, 0.0, 0.0, 0.0, 0.0, 0.0, 0.0, 0.0, 0.0, 0.0, 0.0, 0.0, 0.0, 0.0, 0.0, 273.06471646718023, 786.7770561330465, 0.0, 0.0, 0.0, 0.0, 0.0, 0.0, 770.7352641142309, 803.9738189623195, 0.0, 0.0, 0.0, 0.0, 0.0, 0.0, 279.28964401853545, 0.0, 0.0, 0.0, 0.0, 0.0, 0.0, 0.0, 778.7573214591096]
INFORMACIÓN : 36apuestaBundle [809.1925533678897, 787.9307226287594, 369.81809685387276, 279.28964401853545, 246.11908119260056]
INFORMACIÓN : 36positionsBundle [1282, 2038, 2478, 834, 509]
INFORMACIÓN : 36levelsBundle [3, 3, 2, 2, 2]
INFORMACIÓN : 36positionsOrdered [834, 1282, 2038, 2478, 509]
INFORMACIÓN : 36levelsOrdered [2, 3, 3, 2, 2]
INFORMACIÓN : 36partialityOrdered [2, 3, 3, 3, 2]
INFORMACIÓN : 36arrivalTimes [7.803908431500806, 23.450112855130058, 70.76531901776718, 84.21894306484089, 127.6009669918086]
INFORMACIÓN : 37historia0[0.0, 44.2726400118482, 0.0, 0.0, 0.0, 0.0, 0.0, 0.0, 0.0, 160.73222416195088, 0.0, 0.0, 809.1925533678897, 0.0, 246.11908119260056, 0.0, 0.0, 0.0, 0.0, 0.0, 0.0, 0.0, 0.0, 0.0, 0.0, 0.0, 51.6766414221739, 0.0, 0.0, 761.5314004175125, 0.0, 0.0, 0.0, 0.0, 144.98542123400404, 799.3689683911836, 0.0, 0.0, 789.3235035237135, 0.0, 0.0, 0.0, 0.0, 0.0, 0.0, 787.9307226287594, 200.1632600113519, 0.0, 0.0, 0.0, 0.0, 0.0, 0.0, 0.0, 0.0, 0.0, 0.0, 0.0, 369.81809685387276, 0.0, 0.0, 0.0, 0.0, 0.0, 0.0, 0.0, 173.12580461016964, 0.0, 0.0, 808.0036612781823, 0.0, 0.0, 180.66921962609786, 0.0, 0.0, 0.0, 0.0, 0.0, 0.0, 0.0, 0.0, 0.0, 0.0, 0.0, 0.0, 777.6514613723056, 0.0, 0.0, 0.0, 0.0, 0.0, 768.2676729216128, 0.0, 0.0, 0.0, 0.0, 0.0, 385.5293594954454, 0.0, 0.0, 0.0, 0.0, 0.0, 0.0, 0.0, 0.0, 0.0, 0.0, 0.0, 0.0, 0.0, 0.0, 0.0, 0.0, 0.0, 0.0, 0.0, 0.0, 751.1131301890393, 0.0, 0.0, 0.0, 0.0, 0.0, 0.0, 0.0, 0.0, 0.0, 0.0, 0.0, 0.0, 0.0, 0.0, 0.0, 0.0, 0.0, 0.0, 0.0, 0.0, 0.0, 0.0, 0.0, 0.0, 0.0, 0.0, 273.06471646718023, 786.7770561330465, 0.0, 0.0, 0.0, 0.0, 0.0, 0.0, 770.7352641142309, 803.9738189623195, 0.0, 0.0, 0.0, 0.0, 0.0, 0.0, 279.28964401853545, 0.0, 0.0, 0.0, 0.0, 0.0, 0.0, 0.0, 778.7573214591096]
INFORMACIÓN : 37apuestaBundle [809.1925533678897, 787.9307226287594, 369.81809685387276, 279.28964401853545, 246.11908119260056]
INFORMACIÓN : 37positionsBundle [1282, 2038, 2478, 834, 509]
INFORMACIÓN : 37levelsBundle [3, 3, 2, 2, 2]
INFORMACIÓN : 37positionsOrdered [834, 1282, 2038, 2478, 509]
INFORMACIÓN : 37levelsOrdered [2, 3, 3, 2, 2]
INFORMACIÓN : 37partialityOrdered [2, 3, 3, 3, 2]
INFORMACIÓN : 37arrivalTimes [7.803908431500806, 23.450112855130058, 70.76531901776718, 84.21894306484089, 127.6009669918086]
INFORMACIÓN : 38historia0[0.0, 44.2726400118482, 0.0, 0.0, 0.0, 786.3416835167477, 0.0, 0.0, 0.0, 160.73222416195088, 0.0, 0.0, 809.1925533678897, 0.0, 246.11908119260056, 778.1489213757432, 0.0, 0.0, 0.0, 0.0, 0.0, 0.0, 0.0, 783.2619864329454, 0.0, 0.0, 51.6766414221739, 0.0, 0.0, 761.5314004175125, 0.0, 0.0, 0.0, 0.0, 144.98542123400404, 799.3689683911836, 0.0, 0.0, 789.3235035237135, 0.0, 0.0, 0.0, 0.0, 0.0, 0.0, 787.9307226287594, 0.0, 0.0, 0.0, 0.0, 0.0, 808.0651084651261, 0.0, 0.0, 0.0, 0.0, 0.0, 0.0, 369.81809685387276, 0.0, 0.0, 0.0, 0.0, 0.0, 0.0, 0.0, 173.12580461016964, 0.0, 0.0, 808.0036612781823, 0.0, 0.0, 0.0, 0.0, 0.0, 0.0, 0.0, 0.0, 0.0, 0.0, 0.0, 0.0, 0.0, 0.0, 0.0, 777.6514613723056, 0.0, 0.0, 0.0, 0.0, 0.0, 768.2676729216128, 0.0, 0.0, 0.0, 0.0, 0.0, 385.5293594954454, 0.0, 0.0, 0.0, 0.0, 0.0, 805.7416737720425, 0.0, 0.0, 0.0, 0.0, 0.0, 0.0, 0.0, 0.0, 0.0, 0.0, 0.0, 0.0, 0.0, 0.0, 751.1131301890393, 0.0, 0.0, 0.0, 0.0, 0.0, 0.0, 0.0, 0.0, 0.0, 0.0, 0.0, 0.0, 0.0, 0.0, 0.0, 0.0, 0.0, 0.0, 0.0, 0.0, 0.0, 0.0, 0.0, 0.0, 0.0, 0.0, 0.0, 786.7770561330465, 0.0, 0.0, 0.0, 0.0, 0.0, 0.0, 770.7352641142309, 803.9738189623195, 0.0, 0.0, 0.0, 0.0, 0.0, 0.0, 279.28964401853545, 0.0, 0.0, 0.0, 0.0, 0.0, 0.0, 0.0, 778.7573214591096]
INFORMACIÓN : 38apuestaBundle [809.1925533678897, 787.9307226287594, 369.81809685387276, 279.28964401853545, 246.11908119260056]
INFORMACIÓN : 38positionsBundle [1282, 2038, 2478, 834, 509]
INFORMACIÓN : 38levelsBundle [3, 3, 2, 2, 2]
INFORMACIÓN : 38positionsOrdered [834, 1282, 2038, 2478, 509]
INFORMACIÓN : 38levelsOrdered [2, 3, 3, 2, 2]
INFORMACIÓN : 38partialityOrdered [2, 3, 3, 3, 2]
INFORMACIÓN : 38arrivalTimes [7.803908431500806, 23.450112855130058, 70.76531901776718, 84.21894306484089, 127.6009669918086]
INFORMACIÓN : 39historia0[0.0, 44.2726400118482, 0.0, 0.0, 0.0, 786.3416835167477, 0.0, 0.0, 0.0, 179.80012820159573, 0.0, 0.0, 809.1925533678897, 0.0, 246.11908119260056, 778.1489213757432, 0.0, 0.0, 0.0, 0.0, 0.0, 0.0, 0.0, 783.2619864329454, 0.0, 0.0, 51.6766414221739, 0.0, 0.0, 761.5314004175125, 0.0, 0.0, 0.0, 0.0, 0.0, 799.3689683911836, 0.0, 0.0, 0.0, 0.0, 0.0, 0.0, 0.0, 0.0, 0.0, 787.9307226287594, 0.0, 0.0, 0.0, 0.0, 0.0, 808.0651084651261, 0.0, 0.0, 0.0, 0.0, 0.0, 0.0, 369.81809685387276, 0.0, 0.0, 0.0, 0.0, 0.0, 0.0, 0.0, 173.12580461016964, 0.0, 0.0, 808.0036612781823, 0.0, 0.0, 0.0, 0.0, 0.0, 0.0, 0.0, 0.0, 0.0, 0.0, 0.0, 0.0, 0.0, 0.0, 0.0, 777.6514613723056, 0.0, 0.0, 0.0, 0.0, 0.0, 768.2676729216128, 0.0, 0.0, 0.0, 0.0, 0.0, 385.5293594954454, 0.0, 246.76274130322508, 0.0, 0.0, 0.0, 805.7416737720425, 0.0, 0.0, 0.0, 0.0, 0.0, 0.0, 0.0, 0.0, 0.0, 0.0, 0.0, 0.0, 0.0, 0.0, 751.1131301890393, 0.0, 0.0, 0.0, 0.0, 0.0, 0.0, 0.0, 0.0, 0.0, 0.0, 0.0, 0.0, 0.0, 0.0, 0.0, 0.0, 0.0, 0.0, 0.0, 0.0, 0.0, 0.0, 0.0, 0.0, 0.0, 0.0, 0.0, 0.0, 0.0, 0.0, 0.0, 0.0, 0.0, 0.0, 0.0, 803.9738189623195, 0.0, 0.0, 0.0, 249.89660110130922, 0.0, 0.0, 279.28964401853545, 0.0, 0.0, 0.0, 0.0, 0.0, 0.0, 0.0, 0.0]
INFORMACIÓN : 39apuestaBundle [809.1925533678897, 787.9307226287594, 369.81809685387276, 279.28964401853545, 246.11908119260056]
INFORMACIÓN : 39positionsBundle [1282, 2038, 2478, 834, 509]
INFORMACIÓN : 39levelsBundle [3, 3, 2, 2, 2]
INFORMACIÓN : 39positionsOrdered [834, 1282, 2038, 2478, 509]
INFORMACIÓN : 39levelsOrdered [2, 3, 3, 2, 2]
INFORMACIÓN : 39partialityOrdered [2, 3, 3, 3, 2]
INFORMACIÓN : 39arrivalTimes [7.803908431500806, 23.450112855130058, 70.76531901776718, 84.21894306484089, 127.6009669918086]
INFORMACIÓN : mutexSat position 2478 level 2
INFORMACIÓN : depSat position 834 level 2
INFORMACIÓN : depSat position 509 level 2
INFORMACIÓN : 40historia0[0.0, 0.0, 0.0, 0.0, 0.0, 786.3416835167477, 0.0, 0.0, 0.0, 0.0, 0.0, 0.0, 809.1925533678897, 0.0, 0.0, 778.1489213757432, 0.0, 0.0, 0.0, 0.0, 0.0, 0.0, 0.0, 783.2619864329454, 0.0, 0.0, 0.0, 0.0, 0.0, 761.5314004175125, 0.0, 0.0, 0.0, 0.0, 0.0, 799.3689683911836, 0.0, 0.0, 0.0, 0.0, 0.0, 0.0, 0.0, 0.0, 0.0, 787.9307226287594, 0.0, 0.0, 0.0, 0.0, 0.0, 808.0651084651261, 0.0, 0.0, 0.0, 0.0, 0.0, 0.0, 0.0, 0.0, 0.0, 0.0, 0.0, 0.0, 0.0, 0.0, 173.12580461016964, 0.0, 0.0, 0.0, 0.0, 0.0, 0.0, 0.0, 0.0, 0.0, 0.0, 0.0, 0.0, 0.0, 0.0, 0.0, 0.0, 0.0, 0.0, 777.6514613723056, 0.0, 0.0, 0.0, 0.0, 0.0, 0.0, 0.0, 0.0, 0.0, 0.0, 0.0, 0.0, 0.0, 0.0, 0.0, 0.0, 0.0, 805.7416737720425, 0.0, 0.0, 0.0, 364.21287372785287, 0.0, 0.0, 0.0, 0.0, 274.4590238933288, 0.0, 0.0, 0.0, 0.0, 0.0, 0.0, 0.0, 0.0, 0.0, 0.0, 0.0, 0.0, 763.9342115188024, 0.0, 0.0, 0.0, 364.21287372785287, 0.0, 0.0, 0.0, 0.0, 0.0, 0.0, 0.0, 0.0, 0.0, 0.0, 0.0, 0.0, 0.0, 0.0, 0.0, 0.0, 0.0, 0.0, 261.65259291444636, 0.0, 0.0, 0.0, 0.0, 0.0, 803.9738189623195, 0.0, 0.0, 0.0, 0.0, 0.0, 0.0, 0.0, 0.0, 0.0, 0.0, 0.0, 0.0, 0.0, 0.0, 0.0]
INFORMACIÓN : 40apuestaBundle [809.1925533678897, 787.9307226287594, 245.16296439169855, 188.95546135914503, 172.45959121054864]
INFORMACIÓN : 40positionsBundle [1282, 2038, 508, 1684, 2047]
INFORMACIÓN : 40levelsBundle [3, 3, 2, 1, 1]
INFORMACIÓN : 40positionsOrdered [1282, 1684, 2047, 2038, 508]
INFORMACIÓN : 40levelsOrdered [3, 1, 1, 3, 2]
INFORMACIÓN : 40partialityOrdered [3, 1, 1, 3, 2]
INFORMACIÓN : 40arrivalTimes [23.450112855130058, 31.69632410636538, 46.46114716659878, 70.76531901776718, 113.19172588896004]
INFORMACIÓN : 41historia0[0.0, 0.0, 0.0, 0.0, 0.0, 786.3416835167477, 0.0, 0.0, 0.0, 0.0, 0.0, 0.0, 809.1925533678897, 0.0, 0.0, 778.1489213757432, 798.2440905369637, 0.0, 0.0, 0.0, 781.8677914469522, 0.0, 0.0, 783.2619864329454, 0.0, 0.0, 0.0, 0.0, 0.0, 761.5314004175125, 0.0, 0.0, 0.0, 0.0, 0.0, 799.3689683911836, 0.0, 0.0, 0.0, 259.3488607887136, 188.95546135914503, 0.0, 0.0, 0.0, 0.0, 787.9307226287594, 0.0, 0.0, 0.0, 0.0, 0.0, 808.0651084651261, 0.0, 0.0, 0.0, 0.0, 0.0, 0.0, 0.0, 0.0, 0.0, 0.0, 0.0, 0.0, 0.0, 172.45959121054864, 173.12580461016964, 0.0, 0.0, 808.1660821828776, 0.0, 0.0, 0.0, 0.0, 0.0, 0.0, 0.0, 0.0, 0.0, 0.0, 0.0, 779.0096560301, 0.0, 0.0, 0.0, 777.6514613723056, 0.0, 0.0, 0.0, 0.0, 0.0, 0.0, 0.0, 0.0, 0.0, 0.0, 0.0, 0.0, 0.0, 231.49708560080566, 0.0, 0.0, 0.0, 805.7416737720425, 0.0, 0.0, 0.0, 0.0, 0.0, 0.0, 0.0, 0.0, 0.0, 0.0, 0.0, 0.0, 0.0, 0.0, 751.6477790868357, 0.0, 0.0, 0.0, 0.0, 0.0, 0.0, 763.9342115188024, 0.0, 0.0, 0.0, 0.0, 0.0, 0.0, 0.0, 786.2953813712578, 0.0, 0.0, 0.0, 0.0, 0.0, 0.0, 0.0, 0.0, 0.0, 0.0, 0.0, 274.271437535216, 0.0, 0.0, 0.0, 0.0, 0.0, 0.0, 0.0, 0.0, 803.9738189623195, 0.0, 0.0, 0.0, 0.0, 0.0, 0.0, 0.0, 0.0, 0.0, 0.0, 0.0, 0.0, 245.16296439169855, 0.0, 0.0]
