----------------------------------------------------------------------
-- Log session for [myBugCoalitionsCCBBAGuaiDEF-400] started on 2017.07.13.00.59.23 --
----------------------------------------------------------------------

INFORMACIÓN : I started
INFORMACIÓN : 0apuestaBundle [808.0651084651261, 806.3926972649806, 789.0738847564533, 785.7007113307936, 781.2347903846344]
INFORMACIÓN : 0positionsBundle [761, 865, 1614, 1716, 1855]
INFORMACIÓN : 0levelsBundle [3, 3, 3, 3, 3]
INFORMACIÓN : 0positionsOrdered [761, 865, 1614, 1716, 1855]
INFORMACIÓN : 0levelsOrdered [3, 3, 3, 3, 3]
INFORMACIÓN : 0partialityOrdered [3, 3, 3, 3, 3]
INFORMACIÓN : 0arrivalTimes [3.954030937624806, 8.426166892624385, 23.459463270997293, 26.287890395743485, 37.68964464673486]
INFORMACIÓN : timeSat position 761 level 3
INFORMACIÓN : timeSat position 1614 level 3
INFORMACIÓN : timeSat position 1716 level 3
INFORMACIÓN : timeSat position 1855 level 3
INFORMACIÓN : 1historia0[0.0, 0.0, 0.0, 0.0, 0.0, 0.0, 0.0, 0.0, 0.0, 0.0, 0.0, 0.0, 809.1925533678897, 0.0, 0.0, 0.0, 798.0817912826562, 0.0, 0.0, 0.0, 781.5429922893607, 0.0, 0.0, 0.0, 0.0, 0.0, 0.0, 0.0, 0.0, 761.5314004175125, 0.0, 0.0, 0.0, 0.0, 0.0, 799.3689683911836, 0.0, 0.0, 0.0, 0.0, 0.0, 0.0, 0.0, 0.0, 0.0, 787.9307226287594, 0.0, 0.0, 0.0, 0.0, 0.0, 0.0, 0.0, 0.0, 0.0, 0.0, 0.0, 0.0, 0.0, 0.0, 0.0, 255.88647563902822, 0.0, 0.0, 0.0, 0.0, 0.0, 0.0, 0.0, 808.0036612781823, 255.02727556162074, 0.0, 0.0, 0.0, 0.0, 0.0, 0.0, 0.0, 0.0, 0.0, 0.0, 778.6035921610392, 0.0, 0.0, 0.0, 777.6514613723056, 0.0, 0.0, 0.0, 0.0, 0.0, 768.2676729216128, 0.0, 0.0, 0.0, 0.0, 0.0, 0.0, 0.0, 231.49708560080566, 0.0, 0.0, 0.0, 0.0, 0.0, 0.0, 0.0, 0.0, 0.0, 0.0, 0.0, 0.0, 281.71757101074667, 0.0, 279.0012061121828, 0.0, 0.0, 0.0, 0.0, 0.0, 0.0, 0.0, 0.0, 0.0, 0.0, 0.0, 0.0, 0.0, 0.0, 0.0, 0.0, 0.0, 0.0, 791.6635510532077, 0.0, 0.0, 0.0, 0.0, 0.0, 0.0, 0.0, 0.0, 0.0, 0.0, 0.0, 0.0, 779.1674788576711, 0.0, 0.0, 0.0, 0.0, 0.0, 0.0, 762.5433392704276, 0.0, 0.0, 0.0, 0.0, 230.2449815961354, 0.0, 0.0, 0.0, 765.8012817716678, 0.0, 0.0, 0.0, 0.0, 0.0, 0.0, 0.0]
INFORMACIÓN : 1apuestaBundle [807.3538220336752, 806.3926972649806, 786.1792947057329, 778.1489213757432, 767.1212129591718]
INFORMACIÓN : 1positionsBundle [761, 865, 1614, 1855, 2255]
INFORMACIÓN : 1levelsBundle [3, 3, 3, 3, 3]
INFORMACIÓN : 1positionsOrdered [761, 865, 1614, 1855, 2255]
INFORMACIÓN : 1levelsOrdered [3, 3, 3, 3, 3]
INFORMACIÓN : 1partialityOrdered [3, 3, 3, 3, 3]
INFORMACIÓN : 1arrivalTimes [21.395042881929225, 25.867178836928804, 92.39725464449613, 102.69288478548313, 110.69288478548313]
INFORMACIÓN : 2historia0[0.0, 0.0, 0.0, 0.0, 0.0, 786.1792947057329, 0.0, 0.0, 0.0, 0.0, 0.0, 0.0, 809.1925533678897, 0.0, 0.0, 778.1489213757432, 798.0817912826562, 0.0, 0.0, 181.19286299850597, 781.5429922893607, 0.0, 0.0, 0.0, 0.0, 0.0, 0.0, 0.0, 0.0, 761.5314004175125, 0.0, 0.0, 0.0, 0.0, 0.0, 799.3689683911836, 0.0, 0.0, 0.0, 0.0, 0.0, 0.0, 0.0, 0.0, 0.0, 787.9307226287594, 0.0, 0.0, 0.0, 0.0, 0.0, 807.3538220336752, 0.0, 0.0, 0.0, 0.0, 0.0, 0.0, 0.0, 0.0, 0.0, 0.0, 0.0, 0.0, 0.0, 0.0, 0.0, 767.1212129591718, 0.0, 808.0036612781823, 0.0, 0.0, 0.0, 0.0, 0.0, 0.0, 0.0, 0.0, 0.0, 0.0, 0.0, 778.6035921610392, 0.0, 0.0, 0.0, 777.6514613723056, 0.0, 0.0, 0.0, 0.0, 0.0, 0.0, 0.0, 350.2185697444313, 0.0, 0.0, 0.0, 385.5293594954454, 0.0, 0.0, 0.0, 0.0, 0.0, 806.3926972649806, 0.0, 0.0, 0.0, 0.0, 0.0, 0.0, 0.0, 0.0, 281.71757101074667, 0.0, 0.0, 0.0, 0.0, 0.0, 0.0, 0.0, 0.0, 0.0, 0.0, 0.0, 0.0, 0.0, 0.0, 0.0, 0.0, 0.0, 0.0, 0.0, 0.0, 0.0, 0.0, 0.0, 0.0, 0.0, 0.0, 0.0, 0.0, 0.0, 0.0, 0.0, 385.5293594954454, 0.0, 779.1674788576711, 0.0, 0.0, 0.0, 0.0, 0.0, 0.0, 762.5433392704276, 0.0, 0.0, 0.0, 0.0, 0.0, 0.0, 0.0, 0.0, 765.8012817716678, 350.2185697444313, 0.0, 0.0, 0.0, 0.0, 0.0, 0.0]
INFORMACIÓN : 2apuestaBundle [807.3538220336752, 806.3926972649806, 786.1792947057329, 778.1489213757432, 767.1212129591718]
INFORMACIÓN : 2positionsBundle [761, 865, 1614, 1855, 2255]
INFORMACIÓN : 2levelsBundle [3, 3, 3, 3, 3]
INFORMACIÓN : 2positionsOrdered [761, 865, 1614, 1855, 2255]
INFORMACIÓN : 2levelsOrdered [3, 3, 3, 3, 3]
INFORMACIÓN : 2partialityOrdered [3, 3, 3, 3, 3]
INFORMACIÓN : 2arrivalTimes [21.395042881929225, 25.867178836928804, 92.39725464449613, 102.69288478548313, 110.69288478548313]
INFORMACIÓN : 3historia0[0.0, 0.0, 0.0, 0.0, 0.0, 786.1792947057329, 0.0, 0.0, 0.0, 160.73222416195088, 0.0, 0.0, 809.1925533678897, 0.0, 246.11908119260056, 778.1489213757432, 798.0817912826562, 0.0, 0.0, 181.19286299850597, 781.5429922893607, 0.0, 0.0, 0.0, 0.0, 0.0, 0.0, 0.0, 0.0, 761.5314004175125, 0.0, 0.0, 0.0, 0.0, 0.0, 799.3689683911836, 0.0, 0.0, 789.2423041272149, 0.0, 0.0, 0.0, 0.0, 0.0, 0.0, 787.9307226287594, 0.0, 0.0, 0.0, 0.0, 0.0, 807.3538220336752, 75.28515686329612, 0.0, 0.0, 0.0, 0.0, 0.0, 369.81809685387276, 0.0, 0.0, 0.0, 0.0, 0.0, 0.0, 0.0, 173.12580461016964, 767.1212129591718, 0.0, 808.0036612781823, 0.0, 0.0, 166.30691744721616, 0.0, 0.0, 0.0, 0.0, 0.0, 0.0, 0.0, 0.0, 778.6035921610392, 0.0, 0.0, 0.0, 777.6514613723056, 0.0, 0.0, 0.0, 0.0, 0.0, 0.0, 0.0, 0.0, 0.0, 0.0, 0.0, 385.5293594954454, 0.0, 0.0, 0.0, 0.0, 0.0, 806.3926972649806, 0.0, 0.0, 0.0, 0.0, 0.0, 0.0, 0.0, 0.0, 0.0, 0.0, 0.0, 0.0, 0.0, 0.0, 0.0, 0.0, 0.0, 0.0, 0.0, 0.0, 0.0, 0.0, 0.0, 0.0, 0.0, 0.0, 0.0, 0.0, 0.0, 0.0, 0.0, 0.0, 0.0, 0.0, 0.0, 0.0, 0.0, 0.0, 0.0, 0.0, 385.5293594954454, 0.0, 0.0, 0.0, 0.0, 0.0, 0.0, 0.0, 0.0, 0.0, 803.8610623453422, 0.0, 0.0, 0.0, 0.0, 0.0, 52.51539118069185, 0.0, 765.8012817716678, 0.0, 0.0, 0.0, 0.0, 245.16296439169855, 0.0, 778.7573214591097]
INFORMACIÓN : 3apuestaBundle [807.3538220336752, 806.3926972649806, 786.1792947057329, 778.1489213757432, 767.1212129591718]
INFORMACIÓN : 3positionsBundle [761, 865, 1614, 1855, 2255]
INFORMACIÓN : 3levelsBundle [3, 3, 3, 3, 3]
INFORMACIÓN : 3positionsOrdered [761, 865, 1614, 1855, 2255]
INFORMACIÓN : 3levelsOrdered [3, 3, 3, 3, 3]
INFORMACIÓN : 3partialityOrdered [3, 3, 3, 3, 3]
INFORMACIÓN : 3arrivalTimes [21.395042881929225, 25.867178836928804, 92.39725464449613, 102.69288478548313, 110.69288478548313]
INFORMACIÓN : 4historia0[0.0, 0.0, 0.0, 0.0, 0.0, 786.1792947057329, 0.0, 0.0, 0.0, 160.73222416195088, 0.0, 0.0, 809.1925533678897, 0.0, 246.11908119260056, 778.1489213757432, 798.0817912826562, 0.0, 0.0, 0.0, 781.5429922893607, 0.0, 0.0, 0.0, 0.0, 0.0, 0.0, 0.0, 0.0, 761.5314004175125, 0.0, 0.0, 0.0, 0.0, 0.0, 799.3689683911836, 0.0, 0.0, 789.2423041272149, 0.0, 0.0, 0.0, 0.0, 0.0, 0.0, 787.9307226287594, 149.2314129921927, 0.0, 0.0, 0.0, 0.0, 807.3538220336752, 75.28515686329612, 0.0, 0.0, 0.0, 0.0, 0.0, 369.81809685387276, 0.0, 0.0, 0.0, 0.0, 0.0, 0.0, 0.0, 173.12580461016964, 767.1212129591718, 0.0, 808.0036612781823, 0.0, 0.0, 0.0, 0.0, 0.0, 0.0, 0.0, 0.0, 0.0, 0.0, 0.0, 0.0, 0.0, 0.0, 0.0, 777.6514613723056, 0.0, 0.0, 0.0, 0.0, 0.0, 768.2676729216128, 0.0, 0.0, 0.0, 0.0, 0.0, 385.5293594954454, 0.0, 0.0, 0.0, 0.0, 0.0, 806.3926972649806, 0.0, 0.0, 0.0, 0.0, 0.0, 0.0, 0.0, 0.0, 0.0, 0.0, 0.0, 0.0, 0.0, 0.0, 0.0, 0.0, 0.0, 0.0, 0.0, 0.0, 0.0, 0.0, 0.0, 0.0, 0.0, 0.0, 0.0, 0.0, 0.0, 0.0, 0.0, 0.0, 0.0, 0.0, 0.0, 0.0, 0.0, 0.0, 0.0, 0.0, 0.0, 0.0, 786.6146424606976, 0.0, 0.0, 0.0, 0.0, 0.0, 0.0, 768.3054550001001, 803.8610623453422, 0.0, 0.0, 0.0, 0.0, 0.0, 52.51539118069185, 0.0, 0.0, 0.0, 0.0, 0.0, 0.0, 245.16296439169855, 0.0, 778.7573214591097]
INFORMACIÓN : 4apuestaBundle [807.3538220336752, 806.3926972649806, 786.1792947057329, 778.1489213757432, 767.1212129591718]
INFORMACIÓN : 4positionsBundle [761, 865, 1614, 1855, 2255]
INFORMACIÓN : 4levelsBundle [3, 3, 3, 3, 3]
INFORMACIÓN : 4positionsOrdered [761, 865, 1614, 1855, 2255]
INFORMACIÓN : 4levelsOrdered [3, 3, 3, 3, 3]
INFORMACIÓN : 4partialityOrdered [3, 3, 3, 3, 3]
INFORMACIÓN : 4arrivalTimes [21.395042881929225, 25.867178836928804, 92.39725464449613, 102.69288478548313, 110.69288478548313]
INFORMACIÓN : 5historia0[0.0, 0.0, 0.0, 0.0, 0.0, 786.1792947057329, 0.0, 0.0, 0.0, 160.73222416195088, 0.0, 0.0, 809.1925533678897, 0.0, 246.11908119260056, 778.1489213757432, 798.0817912826562, 0.0, 0.0, 0.0, 781.5429922893607, 0.0, 0.0, 0.0, 0.0, 0.0, 0.0, 0.0, 0.0, 761.5314004175125, 0.0, 0.0, 0.0, 0.0, 0.0, 799.3689683911836, 0.0, 0.0, 789.2423041272149, 0.0, 0.0, 0.0, 0.0, 0.0, 0.0, 787.9307226287594, 149.2314129921927, 0.0, 0.0, 0.0, 0.0, 807.3538220336752, 75.28515686329612, 0.0, 0.0, 0.0, 0.0, 0.0, 369.81809685387276, 0.0, 0.0, 0.0, 0.0, 0.0, 0.0, 0.0, 173.12580461016964, 767.1212129591718, 0.0, 808.0036612781823, 0.0, 0.0, 0.0, 0.0, 0.0, 0.0, 0.0, 0.0, 0.0, 0.0, 0.0, 0.0, 0.0, 0.0, 0.0, 777.6514613723056, 0.0, 0.0, 0.0, 0.0, 0.0, 768.2676729216128, 0.0, 0.0, 0.0, 0.0, 0.0, 385.5293594954454, 0.0, 246.76274130322463, 0.0, 0.0, 0.0, 806.3926972649806, 0.0, 0.0, 0.0, 0.0, 0.0, 0.0, 0.0, 0.0, 0.0, 0.0, 0.0, 0.0, 0.0, 0.0, 0.0, 0.0, 0.0, 0.0, 0.0, 0.0, 0.0, 0.0, 0.0, 0.0, 0.0, 0.0, 0.0, 0.0, 0.0, 0.0, 0.0, 0.0, 0.0, 0.0, 0.0, 0.0, 0.0, 0.0, 0.0, 0.0, 0.0, 0.0, 786.6146424606976, 0.0, 0.0, 0.0, 0.0, 0.0, 0.0, 768.3054550001001, 803.8610623453422, 0.0, 0.0, 0.0, 249.896601101309, 0.0, 52.51539118069185, 0.0, 0.0, 0.0, 0.0, 0.0, 0.0, 245.16296439169855, 0.0, 778.7573214591097]
INFORMACIÓN : 5apuestaBundle [807.3538220336752, 806.3926972649806, 786.1792947057329, 778.1489213757432, 767.1212129591718]
INFORMACIÓN : 5positionsBundle [761, 865, 1614, 1855, 2255]
INFORMACIÓN : 5levelsBundle [3, 3, 3, 3, 3]
INFORMACIÓN : 5positionsOrdered [761, 865, 1614, 1855, 2255]
INFORMACIÓN : 5levelsOrdered [3, 3, 3, 3, 3]
INFORMACIÓN : 5partialityOrdered [3, 3, 3, 3, 3]
INFORMACIÓN : 5arrivalTimes [21.395042881929225, 25.867178836928804, 92.39725464449613, 102.69288478548313, 110.69288478548313]
INFORMACIÓN : 6historia0[0.0, 0.0, 0.0, 0.0, 0.0, 786.1792947057329, 0.0, 0.0, 0.0, 160.73222416195088, 0.0, 0.0, 809.1925533678897, 0.0, 246.11908119260056, 778.1489213757432, 798.0817912826562, 0.0, 0.0, 0.0, 781.5429922893607, 0.0, 0.0, 0.0, 0.0, 0.0, 0.0, 0.0, 0.0, 761.5314004175125, 0.0, 0.0, 0.0, 0.0, 0.0, 799.3689683911836, 0.0, 0.0, 789.2423041272149, 0.0, 0.0, 0.0, 0.0, 0.0, 0.0, 787.9307226287594, 149.2314129921927, 0.0, 0.0, 0.0, 0.0, 807.3538220336752, 75.28515686329612, 0.0, 0.0, 0.0, 0.0, 0.0, 369.81809685387276, 0.0, 0.0, 0.0, 0.0, 0.0, 0.0, 0.0, 173.12580461016964, 767.1212129591718, 0.0, 808.0036612781823, 0.0, 0.0, 0.0, 0.0, 0.0, 0.0, 0.0, 0.0, 0.0, 0.0, 0.0, 0.0, 0.0, 0.0, 0.0, 777.6514613723056, 0.0, 0.0, 0.0, 0.0, 0.0, 768.2676729216128, 0.0, 0.0, 0.0, 0.0, 0.0, 385.5293594954454, 0.0, 246.76274130322463, 0.0, 0.0, 0.0, 806.3926972649806, 0.0, 0.0, 0.0, 0.0, 0.0, 0.0, 0.0, 0.0, 0.0, 0.0, 0.0, 0.0, 0.0, 0.0, 0.0, 0.0, 0.0, 0.0, 0.0, 0.0, 0.0, 0.0, 0.0, 0.0, 0.0, 0.0, 0.0, 0.0, 0.0, 0.0, 0.0, 0.0, 0.0, 0.0, 0.0, 0.0, 0.0, 0.0, 0.0, 0.0, 0.0, 0.0, 786.6146424606976, 0.0, 0.0, 0.0, 0.0, 0.0, 0.0, 768.3054550001001, 803.8610623453422, 0.0, 0.0, 0.0, 249.896601101309, 0.0, 52.51539118069185, 0.0, 0.0, 0.0, 0.0, 0.0, 0.0, 245.16296439169855, 0.0, 778.7573214591097]
INFORMACIÓN : 6apuestaBundle [807.3538220336752, 806.3926972649806, 786.1792947057329, 778.1489213757432, 767.1212129591718]
INFORMACIÓN : 6positionsBundle [761, 865, 1614, 1855, 2255]
INFORMACIÓN : 6levelsBundle [3, 3, 3, 3, 3]
INFORMACIÓN : 6positionsOrdered [761, 865, 1614, 1855, 2255]
INFORMACIÓN : 6levelsOrdered [3, 3, 3, 3, 3]
INFORMACIÓN : 6partialityOrdered [3, 3, 3, 3, 3]
INFORMACIÓN : 6arrivalTimes [21.395042881929225, 25.867178836928804, 92.39725464449613, 102.69288478548313, 110.69288478548313]
INFORMACIÓN : depSat position 761 level 3
INFORMACIÓN : depSat position 865 level 3
INFORMACIÓN : 7historia0[0.0, 0.0, 0.0, 0.0, 0.0, 0.0, 0.0, 0.0, 0.0, 160.73222416195088, 0.0, 0.0, 809.1925533678897, 0.0, 246.11908119260056, 0.0, 798.0817912826562, 0.0, 0.0, 0.0, 781.5429922893607, 0.0, 0.0, 0.0, 0.0, 0.0, 0.0, 0.0, 0.0, 761.5314004175125, 0.0, 0.0, 0.0, 0.0, 0.0, 799.3689683911836, 0.0, 0.0, 789.2423041272149, 0.0, 0.0, 0.0, 0.0, 0.0, 0.0, 787.9307226287594, 149.2314129921927, 0.0, 0.0, 0.0, 0.0, 0.0, 75.28515686329612, 0.0, 0.0, 0.0, 0.0, 0.0, 369.81809685387276, 0.0, 0.0, 0.0, 0.0, 0.0, 0.0, 0.0, 173.12580461016964, 0.0, 0.0, 808.0036612781823, 0.0, 0.0, 0.0, 0.0, 0.0, 0.0, 0.0, 0.0, 0.0, 0.0, 0.0, 0.0, 0.0, 0.0, 0.0, 777.6514613723056, 0.0, 0.0, 0.0, 0.0, 0.0, 768.2676729216128, 0.0, 0.0, 0.0, 0.0, 0.0, 385.5293594954454, 0.0, 246.76274130322463, 0.0, 0.0, 0.0, 0.0, 0.0, 0.0, 0.0, 0.0, 0.0, 0.0, 0.0, 0.0, 0.0, 0.0, 0.0, 0.0, 0.0, 0.0, 0.0, 0.0, 0.0, 0.0, 0.0, 0.0, 0.0, 0.0, 0.0, 0.0, 0.0, 0.0, 0.0, 0.0, 0.0, 0.0, 0.0, 0.0, 0.0, 0.0, 0.0, 0.0, 0.0, 0.0, 0.0, 0.0, 0.0, 0.0, 786.6146424606976, 0.0, 0.0, 0.0, 0.0, 0.0, 0.0, 768.3054550001001, 803.8610623453422, 0.0, 0.0, 0.0, 249.896601101309, 0.0, 52.51539118069185, 0.0, 0.0, 0.0, 0.0, 0.0, 0.0, 245.16296439169855, 0.0, 778.7573214591097]
INFORMACIÓN : 7apuestaBundle [808.0651084651261, 805.7104283357879, 786.1792947057329, 783.0995777750115, 778.1489213757432]
INFORMACIÓN : 7positionsBundle [761, 865, 1614, 1716, 1855]
INFORMACIÓN : 7levelsBundle [3, 3, 3, 3, 3]
INFORMACIÓN : 7positionsOrdered [761, 865, 1716, 1614, 1855]
INFORMACIÓN : 7levelsOrdered [3, 3, 3, 3, 3]
INFORMACIÓN : 7partialityOrdered [3, 3, 3, 3, 3]
INFORMACIÓN : 7arrivalTimes [3.954030937624806, 21.867178836928804, 87.56882751974995, 92.39725464449613, 102.69288478548313]
INFORMACIÓN : 8historia0[0.0, 0.0, 0.0, 0.0, 0.0, 786.1792947057329, 0.0, 0.0, 0.0, 160.73222416195088, 0.0, 0.0, 809.1925533678897, 0.0, 246.11908119260056, 778.1489213757432, 0.0, 0.0, 0.0, 0.0, 0.0, 0.0, 0.0, 783.0995777750115, 0.0, 0.0, 0.0, 0.0, 0.0, 761.5314004175125, 0.0, 0.0, 0.0, 0.0, 0.0, 799.3689683911836, 0.0, 0.0, 0.0, 0.0, 0.0, 0.0, 0.0, 0.0, 0.0, 787.9307226287594, 149.2314129921927, 0.0, 0.0, 0.0, 0.0, 808.0651084651261, 75.28515686329612, 0.0, 0.0, 0.0, 0.0, 0.0, 369.81809685387276, 0.0, 0.0, 0.0, 0.0, 0.0, 0.0, 0.0, 173.12580461016964, 0.0, 0.0, 808.0036612781823, 0.0, 0.0, 0.0, 0.0, 0.0, 0.0, 0.0, 0.0, 0.0, 0.0, 0.0, 0.0, 0.0, 0.0, 0.0, 777.6514613723056, 0.0, 0.0, 0.0, 0.0, 0.0, 768.2676729216128, 0.0, 0.0, 0.0, 0.0, 0.0, 385.5293594954454, 0.0, 0.0, 0.0, 0.0, 0.0, 805.7104283357879, 0.0, 0.0, 0.0, 0.0, 0.0, 0.0, 0.0, 0.0, 0.0, 0.0, 0.0, 0.0, 0.0, 0.0, 0.0, 0.0, 0.0, 0.0, 0.0, 0.0, 0.0, 0.0, 0.0, 0.0, 0.0, 0.0, 0.0, 0.0, 0.0, 0.0, 0.0, 0.0, 0.0, 0.0, 0.0, 0.0, 0.0, 0.0, 0.0, 0.0, 0.0, 0.0, 0.0, 0.0, 0.0, 0.0, 0.0, 0.0, 0.0, 0.0, 0.0, 0.0, 0.0, 0.0, 0.0, 0.0, 52.51539118069185, 0.0, 0.0, 0.0, 0.0, 0.0, 0.0, 245.16296439169855, 0.0, 0.0]
INFORMACIÓN : 8apuestaBundle [808.0651084651261, 805.7104283357879, 786.1792947057329, 783.0995777750115, 778.1489213757432]
INFORMACIÓN : 8positionsBundle [761, 865, 1614, 1716, 1855]
INFORMACIÓN : 8levelsBundle [3, 3, 3, 3, 3]
INFORMACIÓN : 8positionsOrdered [761, 865, 1716, 1614, 1855]
INFORMACIÓN : 8levelsOrdered [3, 3, 3, 3, 3]
INFORMACIÓN : 8partialityOrdered [3, 3, 3, 3, 3]
INFORMACIÓN : 8arrivalTimes [3.954030937624806, 21.867178836928804, 87.56882751974995, 92.39725464449613, 102.69288478548313]
INFORMACIÓN : 9historia0[0.0, 0.0, 0.0, 0.0, 0.0, 786.1792947057329, 0.0, 0.0, 0.0, 160.73222416195088, 0.0, 0.0, 809.1925533678897, 0.0, 0.0, 778.1489213757432, 0.0, 0.0, 0.0, 0.0, 0.0, 0.0, 0.0, 783.0995777750115, 0.0, 0.0, 0.0, 0.0, 0.0, 761.5314004175125, 0.0, 0.0, 0.0, 0.0, 0.0, 799.3689683911836, 0.0, 0.0, 0.0, 0.0, 0.0, 0.0, 0.0, 0.0, 0.0, 787.9307226287594, 200.1632600113519, 0.0, 0.0, 0.0, 0.0, 808.0651084651261, 0.0, 0.0, 0.0, 0.0, 0.0, 0.0, 369.81809685387276, 0.0, 0.0, 0.0, 0.0, 0.0, 0.0, 0.0, 173.12580461016964, 0.0, 0.0, 808.0036612781823, 0.0, 0.0, 180.66921962609786, 0.0, 0.0, 0.0, 0.0, 0.0, 0.0, 0.0, 0.0, 0.0, 0.0, 0.0, 0.0, 777.6514613723056, 0.0, 0.0, 0.0, 0.0, 0.0, 768.2676729216128, 0.0, 0.0, 0.0, 0.0, 0.0, 385.5293594954454, 0.0, 0.0, 0.0, 0.0, 0.0, 805.7104283357879, 0.0, 0.0, 0.0, 355.8520818653357, 0.0, 0.0, 0.0, 0.0, 0.0, 0.0, 0.0, 0.0, 0.0, 0.0, 751.1131301890393, 0.0, 0.0, 0.0, 0.0, 0.0, 0.0, 0.0, 0.0, 0.0, 0.0, 355.8520818653357, 0.0, 0.0, 0.0, 0.0, 0.0, 0.0, 0.0, 0.0, 0.0, 0.0, 0.0, 0.0, 0.0, 0.0, 0.0, 273.06471646718023, 0.0, 0.0, 0.0, 0.0, 0.0, 0.0, 0.0, 0.0, 0.0, 0.0, 0.0, 0.0, 0.0, 0.0, 0.0, 279.28964401853545, 0.0, 0.0, 0.0, 0.0, 0.0, 0.0, 0.0, 0.0]
INFORMACIÓN : 9apuestaBundle [808.0651084651261, 805.7104283357879, 786.1792947057329, 783.0995777750115, 778.1489213757432]
INFORMACIÓN : 9positionsBundle [761, 865, 1614, 1716, 1855]
INFORMACIÓN : 9levelsBundle [3, 3, 3, 3, 3]
INFORMACIÓN : 9positionsOrdered [761, 865, 1716, 1614, 1855]
INFORMACIÓN : 9levelsOrdered [3, 3, 3, 3, 3]
INFORMACIÓN : 9partialityOrdered [3, 3, 3, 3, 3]
INFORMACIÓN : 9arrivalTimes [3.954030937624806, 21.867178836928804, 87.56882751974995, 92.39725464449613, 102.69288478548313]
INFORMACIÓN : 10historia0[0.0, 44.2726400118482, 0.0, 0.0, 0.0, 786.1792947057329, 0.0, 0.0, 0.0, 160.73222416195088, 0.0, 0.0, 809.1925533678897, 0.0, 0.0, 778.1489213757432, 0.0, 0.0, 0.0, 0.0, 0.0, 0.0, 0.0, 783.0995777750115, 0.0, 0.0, 51.6766414221739, 0.0, 0.0, 761.5314004175125, 0.0, 0.0, 0.0, 0.0, 144.98542123400404, 799.3689683911836, 0.0, 0.0, 789.3235035237135, 0.0, 0.0, 0.0, 0.0, 0.0, 0.0, 787.9307226287594, 200.1632600113519, 0.0, 0.0, 0.0, 0.0, 808.0651084651261, 0.0, 0.0, 0.0, 0.0, 0.0, 0.0, 369.81809685387276, 0.0, 0.0, 0.0, 0.0, 0.0, 0.0, 0.0, 173.12580461016964, 0.0, 0.0, 808.0036612781823, 0.0, 0.0, 180.66921962609786, 0.0, 0.0, 0.0, 0.0, 0.0, 0.0, 0.0, 0.0, 0.0, 0.0, 0.0, 0.0, 777.6514613723056, 0.0, 0.0, 0.0, 0.0, 0.0, 768.2676729216128, 0.0, 0.0, 0.0, 0.0, 0.0, 385.5293594954454, 0.0, 0.0, 0.0, 0.0, 0.0, 805.7104283357879, 0.0, 0.0, 0.0, 355.8520818653357, 0.0, 0.0, 0.0, 0.0, 0.0, 0.0, 0.0, 0.0, 0.0, 0.0, 751.1131301890393, 0.0, 0.0, 0.0, 0.0, 0.0, 0.0, 0.0, 0.0, 0.0, 0.0, 355.8520818653357, 0.0, 0.0, 0.0, 0.0, 0.0, 0.0, 0.0, 0.0, 0.0, 0.0, 0.0, 0.0, 0.0, 0.0, 0.0, 273.06471646718023, 786.7770561330465, 0.0, 0.0, 0.0, 0.0, 0.0, 0.0, 770.7352641142309, 803.9738189623195, 0.0, 0.0, 0.0, 0.0, 0.0, 0.0, 279.28964401853545, 0.0, 0.0, 0.0, 0.0, 0.0, 0.0, 0.0, 778.7573214591096]
INFORMACIÓN : 10apuestaBundle [808.0651084651261, 805.7104283357879, 786.1792947057329, 783.0995777750115, 778.1489213757432]
INFORMACIÓN : 10positionsBundle [761, 865, 1614, 1716, 1855]
INFORMACIÓN : 10levelsBundle [3, 3, 3, 3, 3]
INFORMACIÓN : 10positionsOrdered [761, 865, 1716, 1614, 1855]
INFORMACIÓN : 10levelsOrdered [3, 3, 3, 3, 3]
INFORMACIÓN : 10partialityOrdered [3, 3, 3, 3, 3]
INFORMACIÓN : 10arrivalTimes [3.954030937624806, 21.867178836928804, 87.56882751974995, 92.39725464449613, 102.69288478548313]
INFORMACIÓN : 11historia0[0.0, 44.2726400118482, 0.0, 0.0, 0.0, 786.1792947057329, 0.0, 0.0, 0.0, 160.73222416195088, 0.0, 0.0, 809.1925533678897, 0.0, 246.11908119260056, 778.1489213757432, 0.0, 0.0, 0.0, 0.0, 0.0, 0.0, 0.0, 783.0995777750115, 0.0, 0.0, 51.6766414221739, 0.0, 0.0, 761.5314004175125, 0.0, 0.0, 0.0, 0.0, 144.98542123400404, 799.3689683911836, 0.0, 0.0, 789.3235035237135, 0.0, 0.0, 0.0, 0.0, 0.0, 0.0, 787.9307226287594, 200.1632600113519, 0.0, 0.0, 0.0, 0.0, 808.0651084651261, 0.0, 0.0, 0.0, 0.0, 0.0, 0.0, 369.81809685387276, 0.0, 0.0, 0.0, 0.0, 0.0, 0.0, 0.0, 173.12580461016964, 0.0, 0.0, 808.0036612781823, 0.0, 0.0, 180.66921962609786, 0.0, 0.0, 0.0, 0.0, 0.0, 0.0, 0.0, 0.0, 0.0, 0.0, 0.0, 0.0, 777.6514613723056, 0.0, 0.0, 0.0, 0.0, 0.0, 768.2676729216128, 0.0, 0.0, 0.0, 0.0, 0.0, 385.5293594954454, 0.0, 0.0, 0.0, 0.0, 0.0, 805.7104283357879, 0.0, 0.0, 0.0, 0.0, 0.0, 0.0, 0.0, 0.0, 0.0, 0.0, 0.0, 0.0, 0.0, 0.0, 751.1131301890393, 0.0, 0.0, 0.0, 0.0, 0.0, 0.0, 0.0, 0.0, 0.0, 0.0, 0.0, 0.0, 0.0, 0.0, 0.0, 0.0, 0.0, 0.0, 0.0, 0.0, 0.0, 0.0, 0.0, 0.0, 0.0, 0.0, 273.06471646718023, 786.7770561330465, 0.0, 0.0, 0.0, 0.0, 0.0, 0.0, 770.7352641142309, 803.9738189623195, 0.0, 0.0, 0.0, 0.0, 0.0, 0.0, 279.28964401853545, 0.0, 0.0, 0.0, 0.0, 0.0, 0.0, 0.0, 778.7573214591096]
INFORMACIÓN : 11apuestaBundle [808.0651084651261, 805.7104283357879, 786.1792947057329, 783.0995777750115, 778.1489213757432]
INFORMACIÓN : 11positionsBundle [761, 865, 1614, 1716, 1855]
INFORMACIÓN : 11levelsBundle [3, 3, 3, 3, 3]
INFORMACIÓN : 11positionsOrdered [761, 865, 1716, 1614, 1855]
INFORMACIÓN : 11levelsOrdered [3, 3, 3, 3, 3]
INFORMACIÓN : 11partialityOrdered [3, 3, 3, 3, 3]
INFORMACIÓN : 11arrivalTimes [3.954030937624806, 21.867178836928804, 87.56882751974995, 92.39725464449613, 102.69288478548313]
INFORMACIÓN : 12historia0[0.0, 44.2726400118482, 0.0, 0.0, 0.0, 786.1792947057329, 0.0, 0.0, 0.0, 160.73222416195088, 0.0, 0.0, 809.1925533678897, 0.0, 246.11908119260056, 778.1489213757432, 0.0, 0.0, 0.0, 0.0, 0.0, 0.0, 0.0, 783.0995777750115, 0.0, 0.0, 51.6766414221739, 0.0, 0.0, 761.5314004175125, 0.0, 0.0, 0.0, 0.0, 144.98542123400404, 799.3689683911836, 0.0, 0.0, 789.3235035237135, 0.0, 0.0, 0.0, 0.0, 0.0, 0.0, 787.9307226287594, 200.1632600113519, 0.0, 0.0, 0.0, 0.0, 808.0651084651261, 0.0, 0.0, 0.0, 0.0, 0.0, 0.0, 369.81809685387276, 0.0, 0.0, 0.0, 0.0, 0.0, 0.0, 0.0, 173.12580461016964, 0.0, 0.0, 808.0036612781823, 0.0, 0.0, 180.66921962609786, 0.0, 0.0, 0.0, 0.0, 0.0, 0.0, 0.0, 0.0, 0.0, 0.0, 0.0, 0.0, 777.6514613723056, 0.0, 0.0, 0.0, 0.0, 0.0, 768.2676729216128, 0.0, 0.0, 0.0, 0.0, 0.0, 385.5293594954454, 0.0, 0.0, 0.0, 0.0, 0.0, 805.7104283357879, 0.0, 0.0, 0.0, 0.0, 0.0, 0.0, 0.0, 0.0, 0.0, 0.0, 0.0, 0.0, 0.0, 0.0, 751.1131301890393, 0.0, 0.0, 0.0, 0.0, 0.0, 0.0, 0.0, 0.0, 0.0, 0.0, 0.0, 0.0, 0.0, 0.0, 0.0, 0.0, 0.0, 0.0, 0.0, 0.0, 0.0, 0.0, 0.0, 0.0, 0.0, 0.0, 273.06471646718023, 786.7770561330465, 0.0, 0.0, 0.0, 0.0, 0.0, 0.0, 770.7352641142309, 803.9738189623195, 0.0, 0.0, 0.0, 0.0, 0.0, 0.0, 279.28964401853545, 0.0, 0.0, 0.0, 0.0, 0.0, 0.0, 0.0, 778.7573214591096]
INFORMACIÓN : 12apuestaBundle [808.0651084651261, 805.7104283357879, 786.1792947057329, 783.0995777750115, 778.1489213757432]
INFORMACIÓN : 12positionsBundle [761, 865, 1614, 1716, 1855]
INFORMACIÓN : 12levelsBundle [3, 3, 3, 3, 3]
INFORMACIÓN : 12positionsOrdered [761, 865, 1716, 1614, 1855]
INFORMACIÓN : 12levelsOrdered [3, 3, 3, 3, 3]
INFORMACIÓN : 12partialityOrdered [3, 3, 3, 3, 3]
INFORMACIÓN : 12arrivalTimes [3.954030937624806, 21.867178836928804, 87.56882751974995, 92.39725464449613, 102.69288478548313]
INFORMACIÓN : depSat position 761 level 3
INFORMACIÓN : depSat position 1614 level 3
INFORMACIÓN : depSat position 1716 level 3
INFORMACIÓN : 13historia0[0.0, 44.2726400118482, 0.0, 0.0, 0.0, 0.0, 0.0, 0.0, 0.0, 160.73222416195088, 0.0, 0.0, 809.1925533678897, 0.0, 246.11908119260056, 0.0, 0.0, 0.0, 0.0, 0.0, 0.0, 0.0, 0.0, 0.0, 0.0, 0.0, 51.6766414221739, 0.0, 0.0, 761.5314004175125, 0.0, 0.0, 0.0, 0.0, 144.98542123400404, 799.3689683911836, 0.0, 0.0, 789.3235035237135, 0.0, 0.0, 0.0, 0.0, 0.0, 0.0, 787.9307226287594, 200.1632600113519, 0.0, 0.0, 0.0, 0.0, 0.0, 0.0, 0.0, 0.0, 0.0, 0.0, 0.0, 369.81809685387276, 0.0, 0.0, 0.0, 0.0, 0.0, 0.0, 0.0, 173.12580461016964, 0.0, 0.0, 808.0036612781823, 0.0, 0.0, 180.66921962609786, 0.0, 0.0, 0.0, 0.0, 0.0, 0.0, 0.0, 0.0, 0.0, 0.0, 0.0, 0.0, 777.6514613723056, 0.0, 0.0, 0.0, 0.0, 0.0, 768.2676729216128, 0.0, 0.0, 0.0, 0.0, 0.0, 385.5293594954454, 0.0, 0.0, 0.0, 0.0, 0.0, 0.0, 0.0, 0.0, 0.0, 0.0, 0.0, 0.0, 0.0, 0.0, 0.0, 0.0, 0.0, 0.0, 0.0, 0.0, 751.1131301890393, 0.0, 0.0, 0.0, 0.0, 0.0, 0.0, 0.0, 0.0, 0.0, 0.0, 0.0, 0.0, 0.0, 0.0, 0.0, 0.0, 0.0, 0.0, 0.0, 0.0, 0.0, 0.0, 0.0, 0.0, 0.0, 0.0, 273.06471646718023, 786.7770561330465, 0.0, 0.0, 0.0, 0.0, 0.0, 0.0, 770.7352641142309, 803.9738189623195, 0.0, 0.0, 0.0, 0.0, 0.0, 0.0, 279.28964401853545, 0.0, 0.0, 0.0, 0.0, 0.0, 0.0, 0.0, 778.7573214591096]
INFORMACIÓN : 13apuestaBundle [808.0651084651261, 805.7416737720425, 786.3416835167477, 783.2619864329454, 778.1489213757432]
INFORMACIÓN : 13positionsBundle [761, 865, 1614, 1716, 1855]
INFORMACIÓN : 13levelsBundle [3, 3, 3, 3, 3]
INFORMACIÓN : 13positionsOrdered [761, 865, 1716, 1614, 1855]
INFORMACIÓN : 13levelsOrdered [3, 3, 3, 3, 3]
INFORMACIÓN : 13partialityOrdered [3, 3, 3, 3, 3]
INFORMACIÓN : 13arrivalTimes [3.954030937624806, 21.100646075416456, 83.56882751974995, 88.39725464449613, 102.69288478548313]
INFORMACIÓN : 14historia0[0.0, 44.2726400118482, 0.0, 0.0, 0.0, 786.3416835167477, 0.0, 0.0, 0.0, 160.73222416195088, 0.0, 0.0, 809.1925533678897, 0.0, 246.11908119260056, 778.1489213757432, 0.0, 0.0, 0.0, 0.0, 0.0, 0.0, 0.0, 783.2619864329454, 0.0, 0.0, 51.6766414221739, 0.0, 0.0, 761.5314004175125, 0.0, 0.0, 0.0, 0.0, 144.98542123400404, 799.3689683911836, 0.0, 0.0, 789.3235035237135, 0.0, 0.0, 0.0, 0.0, 0.0, 0.0, 787.9307226287594, 0.0, 0.0, 0.0, 0.0, 0.0, 808.0651084651261, 0.0, 0.0, 0.0, 0.0, 0.0, 0.0, 369.81809685387276, 0.0, 0.0, 0.0, 0.0, 0.0, 0.0, 0.0, 173.12580461016964, 0.0, 0.0, 808.0036612781823, 0.0, 0.0, 0.0, 0.0, 0.0, 0.0, 0.0, 0.0, 0.0, 0.0, 0.0, 0.0, 0.0, 0.0, 0.0, 777.6514613723056, 0.0, 0.0, 0.0, 0.0, 0.0, 768.2676729216128, 0.0, 0.0, 0.0, 0.0, 0.0, 385.5293594954454, 0.0, 0.0, 0.0, 0.0, 0.0, 805.7416737720425, 0.0, 0.0, 0.0, 0.0, 0.0, 0.0, 0.0, 0.0, 0.0, 0.0, 0.0, 0.0, 0.0, 0.0, 751.1131301890393, 0.0, 0.0, 0.0, 0.0, 0.0, 0.0, 0.0, 0.0, 0.0, 0.0, 0.0, 0.0, 0.0, 0.0, 0.0, 0.0, 0.0, 0.0, 0.0, 0.0, 0.0, 0.0, 0.0, 0.0, 0.0, 0.0, 0.0, 786.7770561330465, 0.0, 0.0, 0.0, 0.0, 0.0, 0.0, 770.7352641142309, 803.9738189623195, 0.0, 0.0, 0.0, 0.0, 0.0, 0.0, 279.28964401853545, 0.0, 0.0, 0.0, 0.0, 0.0, 0.0, 0.0, 778.7573214591096]
INFORMACIÓN : 14apuestaBundle [808.0651084651261, 805.7416737720425, 786.3416835167477, 783.2619864329454, 778.1489213757432]
INFORMACIÓN : 14positionsBundle [761, 865, 1614, 1716, 1855]
INFORMACIÓN : 14levelsBundle [3, 3, 3, 3, 3]
INFORMACIÓN : 14positionsOrdered [761, 865, 1716, 1614, 1855]
INFORMACIÓN : 14levelsOrdered [3, 3, 3, 3, 3]
INFORMACIÓN : 14partialityOrdered [3, 3, 3, 3, 3]
INFORMACIÓN : 14arrivalTimes [3.954030937624806, 21.100646075416456, 83.56882751974995, 88.39725464449613, 102.69288478548313]
INFORMACIÓN : 15historia0[0.0, 44.2726400118482, 0.0, 0.0, 0.0, 786.3416835167477, 0.0, 0.0, 0.0, 179.80012820159573, 0.0, 0.0, 809.1925533678897, 0.0, 246.11908119260056, 778.1489213757432, 0.0, 0.0, 0.0, 0.0, 0.0, 0.0, 0.0, 783.2619864329454, 0.0, 0.0, 51.6766414221739, 0.0, 0.0, 761.5314004175125, 0.0, 0.0, 0.0, 0.0, 144.98542123400404, 799.3689683911836, 0.0, 0.0, 0.0, 0.0, 0.0, 0.0, 0.0, 0.0, 0.0, 787.9307226287594, 0.0, 0.0, 0.0, 0.0, 0.0, 808.0651084651261, 0.0, 0.0, 0.0, 0.0, 0.0, 0.0, 369.81809685387276, 0.0, 0.0, 0.0, 0.0, 0.0, 0.0, 0.0, 173.12580461016964, 0.0, 0.0, 808.0036612781823, 0.0, 0.0, 0.0, 0.0, 0.0, 0.0, 0.0, 0.0, 0.0, 0.0, 0.0, 0.0, 0.0, 0.0, 0.0, 777.6514613723056, 0.0, 0.0, 0.0, 0.0, 0.0, 768.2676729216128, 0.0, 0.0, 0.0, 0.0, 0.0, 385.5293594954454, 0.0, 246.76274130322508, 0.0, 0.0, 0.0, 805.7416737720425, 0.0, 0.0, 0.0, 0.0, 0.0, 0.0, 0.0, 0.0, 0.0, 0.0, 0.0, 0.0, 0.0, 0.0, 751.1131301890393, 0.0, 0.0, 0.0, 0.0, 0.0, 0.0, 0.0, 0.0, 0.0, 0.0, 0.0, 0.0, 0.0, 0.0, 0.0, 0.0, 0.0, 0.0, 0.0, 0.0, 0.0, 0.0, 0.0, 0.0, 0.0, 0.0, 0.0, 0.0, 0.0, 0.0, 0.0, 0.0, 0.0, 0.0, 0.0, 803.9738189623195, 0.0, 0.0, 0.0, 249.89660110130922, 0.0, 0.0, 279.28964401853545, 0.0, 0.0, 0.0, 0.0, 0.0, 0.0, 0.0, 0.0]
INFORMACIÓN : 15apuestaBundle [808.0651084651261, 805.7416737720425, 786.3416835167477, 783.2619864329454, 778.1489213757432]
INFORMACIÓN : 15positionsBundle [761, 865, 1614, 1716, 1855]
INFORMACIÓN : 15levelsBundle [3, 3, 3, 3, 3]
INFORMACIÓN : 15positionsOrdered [761, 865, 1716, 1614, 1855]
INFORMACIÓN : 15levelsOrdered [3, 3, 3, 3, 3]
INFORMACIÓN : 15partialityOrdered [3, 3, 3, 3, 3]
INFORMACIÓN : 15arrivalTimes [3.954030937624806, 21.100646075416456, 83.56882751974995, 88.39725464449613, 102.69288478548313]
INFORMACIÓN : 16historia0[0.0, 0.0, 0.0, 0.0, 0.0, 786.3416835167477, 0.0, 0.0, 0.0, 0.0, 0.0, 0.0, 809.1925533678897, 0.0, 246.11908119260056, 778.1489213757432, 0.0, 0.0, 0.0, 0.0, 0.0, 355.83264400545966, 0.0, 783.2619864329454, 0.0, 0.0, 0.0, 0.0, 0.0, 761.5314004175125, 0.0, 0.0, 0.0, 0.0, 0.0, 799.3689683911836, 0.0, 0.0, 0.0, 0.0, 0.0, 0.0, 0.0, 0.0, 0.0, 787.9307226287594, 0.0, 0.0, 0.0, 0.0, 0.0, 808.0651084651261, 0.0, 0.0, 0.0, 0.0, 0.0, 0.0, 369.81809685387276, 0.0, 0.0, 0.0, 0.0, 0.0, 77.79830903684646, 0.0, 173.12580461016964, 0.0, 0.0, 0.0, 0.0, 0.0, 0.0, 0.0, 0.0, 0.0, 0.0, 0.0, 0.0, 0.0, 0.0, 0.0, 0.0, 0.0, 0.0, 777.6514613723056, 0.0, 0.0, 0.0, 0.0, 0.0, 768.2676729216128, 0.0, 0.0, 0.0, 0.0, 0.0, 385.5293594954454, 0.0, 0.0, 0.0, 0.0, 0.0, 805.7416737720425, 0.0, 0.0, 0.0, 364.21287372785287, 0.0, 0.0, 0.0, 0.0, 274.4590238933288, 0.0, 0.0, 0.0, 0.0, 0.0, 0.0, 0.0, 0.0, 0.0, 0.0, 0.0, 0.0, 763.9342115188024, 0.0, 0.0, 0.0, 364.21287372785287, 0.0, 0.0, 0.0, 0.0, 0.0, 0.0, 0.0, 0.0, 0.0, 0.0, 0.0, 0.0, 0.0, 0.0, 0.0, 0.0, 0.0, 0.0, 261.65259291444636, 0.0, 0.0, 0.0, 0.0, 0.0, 803.9738189623195, 0.0, 0.0, 0.0, 0.0, 0.0, 0.0, 279.28964401853545, 0.0, 0.0, 0.0, 0.0, 0.0, 0.0, 0.0, 0.0]
INFORMACIÓN : 16apuestaBundle [808.0651084651261, 805.7416737720425, 786.3416835167477, 783.2619864329454, 778.1489213757432]
INFORMACIÓN : 16positionsBundle [761, 865, 1614, 1716, 1855]
INFORMACIÓN : 16levelsBundle [3, 3, 3, 3, 3]
INFORMACIÓN : 16positionsOrdered [761, 865, 1716, 1614, 1855]
INFORMACIÓN : 16levelsOrdered [3, 3, 3, 3, 3]
INFORMACIÓN : 16partialityOrdered [3, 3, 3, 3, 3]
INFORMACIÓN : 16arrivalTimes [3.954030937624806, 21.100646075416456, 83.56882751974995, 88.39725464449613, 102.69288478548313]
INFORMACIÓN : 17historia0[0.0, 0.0, 0.0, 0.0, 0.0, 786.3416835167477, 0.0, 0.0, 0.0, 0.0, 0.0, 0.0, 809.1925533678897, 0.0, 0.0, 778.1489213757432, 798.2440905369637, 0.0, 0.0, 0.0, 781.8677914469522, 0.0, 0.0, 783.2619864329454, 0.0, 0.0, 0.0, 0.0, 0.0, 761.5314004175125, 0.0, 0.0, 0.0, 0.0, 0.0, 799.3689683911836, 0.0, 0.0, 0.0, 259.3488607887136, 188.95546135914503, 0.0, 0.0, 0.0, 0.0, 787.9307226287594, 0.0, 0.0, 0.0, 0.0, 0.0, 808.0651084651261, 0.0, 0.0, 0.0, 0.0, 0.0, 0.0, 0.0, 0.0, 0.0, 0.0, 0.0, 0.0, 0.0, 172.45959121054864, 173.12580461016964, 0.0, 0.0, 808.1660821828776, 0.0, 0.0, 0.0, 0.0, 0.0, 0.0, 0.0, 0.0, 0.0, 0.0, 0.0, 779.0096560301, 0.0, 0.0, 0.0, 777.6514613723056, 0.0, 0.0, 0.0, 0.0, 0.0, 0.0, 0.0, 0.0, 0.0, 0.0, 0.0, 0.0, 0.0, 231.49708560080566, 0.0, 0.0, 0.0, 805.7416737720425, 0.0, 0.0, 0.0, 0.0, 0.0, 0.0, 0.0, 0.0, 0.0, 0.0, 0.0, 0.0, 0.0, 0.0, 751.6477790868357, 0.0, 0.0, 0.0, 0.0, 0.0, 0.0, 763.9342115188024, 0.0, 0.0, 0.0, 0.0, 0.0, 0.0, 0.0, 786.2953813712578, 0.0, 0.0, 0.0, 0.0, 0.0, 0.0, 0.0, 0.0, 0.0, 0.0, 0.0, 274.271437535216, 0.0, 0.0, 0.0, 0.0, 0.0, 0.0, 0.0, 0.0, 803.9738189623195, 0.0, 0.0, 0.0, 0.0, 0.0, 0.0, 0.0, 0.0, 0.0, 0.0, 0.0, 0.0, 245.16296439169855, 0.0, 0.0]
