----------------------------------------------------------------------
-- Log session for [myBugCoalitionsCCBBAGuaiDEF-7] started on 2017.07.14.18.30.27 --
----------------------------------------------------------------------

INFORMACIÓN : I started
INFORMACIÓN : 0apuestaBundle [1410.5794784435784, 1122.170260488143, 996.9634055920993, 944.7183228532676]
INFORMACIÓN : 0positionsBundle [958, 283, 17, 782]
INFORMACIÓN : 0levelsBundle [3, 3, 3, 3]
INFORMACIÓN : 0positionsOrdered [958, 283, 17, 782]
INFORMACIÓN : 0levelsOrdered [3, 3, 3, 3]
INFORMACIÓN : 0partialityOrdered [3, 3, 3, 3]
INFORMACIÓN : 0arrivalTimes [42.698797397085315, 71.35189496087412, 88.11494957511434, 109.32815301071076]
INFORMACIÓN : I [AB]; lost Test.myBail@26cdb687; POS 958; sensors [IR, MW]; level 3 I paid 1410.5794784435784in favour of13@(myturtles,myturtles,bug)@MK-18528 paid 1451.6984442723067
INFORMACIÓN : 1historia0[0.0, 0.0, 0.0, 0.0, 0.0, 0.0, 0.0, 0.0, 0.0, 0.0, 0.0, 0.0, 0.0, 0.0, 0.0, 0.0, 0.0, 0.0, 0.0, 0.0, 0.0, 0.0, 0.0, 0.0, 0.0, 0.0, 0.0, 0.0, 0.0, 0.0, 0.0, 0.0, 0.0, 938.823136684378, 0.0, 0.0, 0.0, 0.0, 0.0, 0.0, 0.0, 1472.8949297919733, 0.0, 0.0, 1012.3456147736167, 0.0, 1451.6984442723067, 0.0, 0.0, 0.0, 1123.2166448468422, 0.0, 1124.321775695141, 0.0, 0.0, 945.599869555356, 0.0, 0.0, 0.0, 0.0, 0.0, 0.0, 0.0, 0.0, 0.0, 0.0, 0.0, 0.0, 1012.1954133176579, 0.0, 0.0, 0.0, 0.0, 0.0, 0.0, 0.0, 0.0, 0.0, 0.0, 0.0, 0.0, 0.0, 0.0, 0.0, 0.0, 1463.7531816510311, 0.0, 0.0, 0.0, 0.0, 0.0, 0.0, 0.0, 0.0, 946.7746517455237, 0.0, 0.0, 0.0, 0.0, 0.0, 0.0, 0.0, 0.0, 0.0, 0.0, 0.0, 0.0, 0.0, 0.0, 0.0, 0.0, 0.0, 0.0, 0.0, 0.0, 0.0, 0.0, 1121.8701484983683, 0.0, 0.0, 0.0, 0.0, 0.0, 0.0, 0.0, 0.0, 0.0, 0.0, 0.0, 0.0, 0.0, 0.0, 0.0, 0.0, 0.0, 0.0, 0.0, 0.0, 0.0, 0.0, 1011.6484612751399, 0.0, 0.0, 0.0, 0.0, 0.0, 0.0, 0.0, 0.0, 0.0, 0.0, 0.0, 0.0, 0.0, 0.0, 0.0, 0.0, 0.0, 0.0, 0.0, 0.0, 0.0, 0.0, 0.0, 0.0, 0.0, 0.0, 0.0, 0.0, 0.0]
