----------------------------------------------------------------------
-- Log session for [myBugCoalitionsCCBBAGuaiDEF-6] started on 2017.07.14.18.30.27 --
----------------------------------------------------------------------

INFORMACIÓN : I started
INFORMACIÓN : 0apuestaBundle [1463.1910431683357, 1124.2384516448208, 1012.5634072364558, 946.460710416977]
INFORMACIÓN : 0positionsBundle [958, 283, 17, 782]
INFORMACIÓN : 0levelsBundle [3, 3, 3, 3]
INFORMACIÓN : 0positionsOrdered [958, 283, 17, 782]
INFORMACIÓN : 0levelsOrdered [3, 3, 3, 3]
INFORMACIÓN : 0partialityOrdered [3, 3, 3, 3]
INFORMACIÓN : 0arrivalTimes [7.165151726364205, 35.81824929015301, 52.58130390439322, 73.79450733998965]
INFORMACIÓN : coalSat position 283 level 3
INFORMACIÓN : timeSat position 283 level 3
INFORMACIÓN : coalSat position 17 level 3
INFORMACIÓN : timeSat position 17 level 3
INFORMACIÓN : coalSat position 782 level 3
INFORMACIÓN : timeSat position 782 level 3
INFORMACIÓN : I [MW]; lost Test.myBail@7f3d66be; POS 958; sensors [AB, IR]; level 3 I paid 1463.1910431683357in favour of9@(myturtles,myturtles,bug)@MK-18528 paid 1463.7531816510311
INFORMACIÓN : 1historia0[0.0, 0.0, 0.0, 0.0, 0.0, 0.0, 0.0, 0.0, 0.0, 0.0, 0.0, 0.0, 0.0, 0.0, 0.0, 0.0, 0.0, 0.0, 0.0, 0.0, 0.0, 0.0, 0.0, 0.0, 0.0, 0.0, 0.0, 0.0, 0.0, 0.0, 0.0, 0.0, 0.0, 0.0, 0.0, 0.0, 0.0, 0.0, 0.0, 0.0, 0.0, 1472.8949297919733, 0.0, 0.0, 0.0, 0.0, 1451.6984442723067, 0.0, 0.0, 0.0, 1123.2166448468422, 0.0, 1124.321775695141, 0.0, 0.0, 945.599869555356, 0.0, 0.0, 0.0, 0.0, 0.0, 0.0, 0.0, 0.0, 0.0, 0.0, 0.0, 0.0, 1012.1954133176579, 0.0, 0.0, 0.0, 0.0, 0.0, 0.0, 0.0, 0.0, 0.0, 0.0, 0.0, 0.0, 0.0, 0.0, 0.0, 0.0, 1463.7531816510311, 0.0, 0.0, 0.0, 0.0, 0.0, 0.0, 0.0, 0.0, 946.7746517455237, 0.0, 0.0, 0.0, 0.0, 0.0, 0.0, 0.0, 0.0, 0.0, 0.0, 0.0, 0.0, 0.0, 0.0, 0.0, 0.0, 0.0, 0.0, 0.0, 0.0, 0.0, 0.0, 0.0, 0.0, 0.0, 0.0, 0.0, 0.0, 0.0, 0.0, 0.0, 0.0, 0.0, 0.0, 0.0, 0.0, 0.0, 0.0, 0.0, 0.0, 0.0, 0.0, 0.0, 0.0, 0.0, 1011.6484612751399, 0.0, 0.0, 0.0, 0.0, 0.0, 0.0, 0.0, 0.0, 0.0, 0.0, 0.0, 0.0, 0.0, 0.0, 0.0, 0.0, 0.0, 0.0, 0.0, 0.0, 0.0, 0.0, 0.0, 0.0, 0.0, 0.0, 0.0, 0.0, 0.0]
