----------------------------------------------------------------------
-- Log session for [myBugCoalitionsCCBBAGuaiDEF-10] started on 2017.07.14.18.30.27 --
----------------------------------------------------------------------

INFORMACIÓN : I started
INFORMACIÓN : 0apuestaBundle [1437.2072266041316, 1123.2166448468422, 1011.6484612751399, 945.599869555356]
INFORMACIÓN : 0positionsBundle [958, 283, 17, 782]
INFORMACIÓN : 0levelsBundle [3, 3, 3, 3]
INFORMACIÓN : 0positionsOrdered [958, 283, 17, 782]
INFORMACIÓN : 0levelsOrdered [3, 3, 3, 3]
INFORMACIÓN : 0partialityOrdered [3, 3, 3, 3]
INFORMACIÓN : 0arrivalTimes [24.71295038017453, 53.36604794396334, 70.12910255820356, 91.34230599379998]
INFORMACIÓN : coalSat position 283 level 3
INFORMACIÓN : coalSat position 17 level 3
INFORMACIÓN : coalSat position 782 level 3
INFORMACIÓN : I [AB]; lost Test.myBail@26cdb687; POS 958; sensors [IR, MW]; level 3 I paid 1437.2072266041316in favour of13@(myturtles,myturtles,bug)@MK-18528 paid 1451.6984442723067
INFORMACIÓN : 1historia0[0.0, 0.0, 0.0, 0.0, 0.0, 0.0, 0.0, 0.0, 0.0, 0.0, 0.0, 0.0, 0.0, 0.0, 0.0, 0.0, 0.0, 0.0, 0.0, 0.0, 0.0, 0.0, 0.0, 0.0, 0.0, 0.0, 0.0, 0.0, 0.0, 0.0, 0.0, 0.0, 0.0, 938.8037656802617, 0.0, 0.0, 0.0, 0.0, 0.0, 0.0, 0.0, 1472.8949297919733, 0.0, 0.0, 1012.3456147736167, 0.0, 1451.6984442723067, 0.0, 0.0, 0.0, 0.0, 0.0, 1124.321775695141, 0.0, 0.0, 0.0, 0.0, 0.0, 0.0, 0.0, 0.0, 0.0, 0.0, 0.0, 0.0, 0.0, 0.0, 0.0, 1012.1954133176579, 0.0, 0.0, 0.0, 0.0, 0.0, 0.0, 0.0, 0.0, 0.0, 0.0, 0.0, 0.0, 0.0, 0.0, 0.0, 0.0, 1457.0075472153997, 0.0, 0.0, 0.0, 0.0, 0.0, 0.0, 0.0, 0.0, 946.7746517455237, 0.0, 0.0, 0.0, 0.0, 0.0, 0.0, 0.0, 0.0, 0.0, 0.0, 0.0, 0.0, 0.0, 0.0, 0.0, 0.0, 0.0, 0.0, 0.0, 0.0, 0.0, 0.0, 1121.8701484983683, 0.0, 0.0, 0.0, 0.0, 0.0, 0.0, 0.0, 0.0, 0.0, 0.0, 0.0, 0.0, 0.0, 0.0, 0.0, 0.0, 0.0, 0.0, 0.0, 0.0, 0.0, 0.0, 0.0, 0.0, 0.0, 0.0, 0.0, 0.0, 0.0, 0.0, 0.0, 0.0, 0.0, 0.0, 0.0, 0.0, 0.0, 0.0, 0.0, 0.0, 0.0, 0.0, 0.0, 0.0, 0.0, 0.0, 0.0, 0.0, 0.0, 0.0, 0.0, 0.0]
