----------------------------------------------------------------------
-- Log session for [myBugCoalitionsCCBBAGuaiDEF-46] started on 2018.01.04.04.50.19 --
----------------------------------------------------------------------

INFORMACIÓN : I started
INFORMACIÓN : 0apuestaBundle [647.9099183260412, 647.9099183260412, 645.2696691602645, 629.8393421639266, 608.7011392703843, 577.8318631012125]
INFORMACIÓN : 0positionsBundle [1092, 1092, 884, 1174, 1489, 169]
INFORMACIÓN : 0levelsBundle [2, 2, 2, 2, 2, 2]
INFORMACIÓN : 0positionsOrdered [1092, 1092, 884, 1174, 1489, 169]
INFORMACIÓN : 0levelsOrdered [2, 2, 2, 2, 2, 2]
INFORMACIÓN : 0partialityOrdered [2, 2, 2, 2, 2, 2]
INFORMACIÓN : 0arrivalTimes [25.80697580112788, 25.80697580112788, 34.751247711127036, 46.413151500817634, 62.568645922221144, 95.3710848559346]
INFORMACIÓN : I [IR, AB]; lost Test.myBail@6a853cb2; POS 1092; sensors [AB]; level 2 I paid 647.9099183260412in favour of43@(myturtles,myturtles,bug)@MK-203 paid 651.027356057987
INFORMACIÓN : 1historia0[0.0, 0.0, 0.0, 0.0, 0.0, 0.0, 0.0, 0.0, 0.0, 0.0, 0.0, 642.9139451195622, 0.0, 0.0, 0.0, 0.0, 0.0, 0.0, 0.0, 0.0, 0.0, 0.0, 0.0, 0.0, 0.0, 0.0, 651.027356057987, 0.0, 0.0, 0.0, 0.0, 0.0, 0.0, 0.0, 0.0, 642.9139451195622, 0.0, 0.0, 0.0, 0.0, 0.0, 0.0, 0.0, 0.0, 0.0, 0.0, 0.0, 0.0, 0.0, 0.0, 0.0, 0.0, 0.0, 0.0, 0.0, 0.0, 0.0, 0.0, 0.0, 0.0, 0.0, 0.0, 0.0, 0.0, 0.0, 0.0, 0.0, 0.0, 0.0, 0.0, 0.0, 0.0, 0.0, 0.0, 0.0, 0.0, 0.0, 0.0, 0.0, 0.0, 0.0, 0.0, 0.0, 0.0, 0.0, 0.0, 0.0, 0.0, 0.0, 0.0, 0.0, 0.0, 0.0, 0.0, 0.0, 0.0, 0.0, 0.0, 0.0, 0.0, 0.0, 651.027356057987, 0.0, 0.0, 0.0, 0.0, 0.0, 0.0, 0.0, 0.0, 0.0, 0.0, 0.0, 0.0, 0.0, 0.0]
INFORMACIÓN : 1apuestaBundle [645.2696691602645, 608.7011392703843, 599.0046383937689, 522.5962310112986, 496.90966871270984]
INFORMACIÓN : 1positionsBundle [884, 1489, 169, 1409, 2135]
INFORMACIÓN : 1levelsBundle [2, 2, 2, 2, 2]
INFORMACIÓN : 1positionsOrdered [884, 1489, 169, 1409, 2135]
INFORMACIÓN : 1levelsOrdered [2, 2, 2, 2, 2]
INFORMACIÓN : 1partialityOrdered [2, 2, 2, 2, 2]
INFORMACIÓN : 1arrivalTimes [17.029386365926403, 30.029386365926403, 62.83182529963986, 89.75764933531238, 119.28729545577917]
INFORMACIÓN : coalSat position 884 level 2
INFORMACIÓN : timeSat position 884 level 2
INFORMACIÓN : I [IR, AB]; lost Test.myBail@6a61efa1; POS 884; sensors [MW]; level 2 I paid 645.2696691602645in favour ofnull paid 645.2696691602645
INFORMACIÓN : 2historia0[0.0, 0.0, 635.2300195954525, 0.0, 0.0, 0.0, 0.0, 0.0, 0.0, 0.0, 0.0, 642.9139451195622, 0.0, 0.0, 0.0, 554.4035331748673, 0.0, 0.0, 0.0, 0.0, 0.0, 0.0, 0.0, 566.0251959524159, 0.0, 0.0, 0.0, 599.259318526003, 626.9143021948051, 0.0, 0.0, 0.0, 0.0, 0.0, 0.0, 642.9139451195622, 0.0, 0.0, 0.0, 0.0, 0.0, 0.0, 525.2485837606506, 0.0, 626.9143021948051, 0.0, 0.0, 0.0, 0.0, 0.0, 0.0, 0.0, 0.0, 0.0, 0.0, 0.0, 0.0, 0.0, 0.0, 0.0, 0.0, 566.0251959524159, 599.259318526003, 0.0, 0.0, 0.0, 0.0, 0.0, 0.0, 0.0, 0.0, 0.0, 0.0, 0.0, 0.0, 0.0, 0.0, 0.0, 0.0, 0.0, 0.0, 0.0, 554.4035331748673, 0.0, 0.0, 0.0, 0.0, 0.0, 0.0, 0.0, 0.0, 0.0, 0.0, 0.0, 484.8657160945589, 0.0, 0.0, 0.0, 0.0, 0.0, 0.0, 657.9002571987867, 0.0, 0.0, 0.0, 0.0, 0.0, 0.0, 0.0, 0.0, 0.0, 0.0, 0.0, 0.0, 0.0, 0.0]
INFORMACIÓN : 2apuestaBundle [642.1263133088796, 507.79735548324606, 483.3792624158052, 455.55941590497196, 455.55941590497196, 434.5310543630119]
INFORMACIÓN : 2positionsBundle [884, 465, 1358, 454, 454, 687]
INFORMACIÓN : 2levelsBundle [2, 2, 2, 2, 2, 2]
INFORMACIÓN : 2positionsOrdered [465, 884, 1358, 454, 454, 687]
INFORMACIÓN : 2levelsOrdered [2, 2, 2, 2, 2, 2]
INFORMACIÓN : 2partialityOrdered [2, 2, 2, 2, 2, 2]
INFORMACIÓN : 2arrivalTimes [6.708203932499369, 30.751247711127036, 58.608024265495274, 77.04711318008106, 77.04711318008106, 110.28865345727039]
INFORMACIÓN : 3historia0[0.0, 0.0, 635.2300195954525, 0.0, 0.0, 0.0, 0.0, 0.0, 0.0, 0.0, 0.0, 642.9139451195622, 455.55941590497196, 0.0, 0.0, 0.0, 0.0, 0.0, 0.0, 0.0, 0.0, 492.8684532590471, 0.0, 566.0251959524159, 0.0, 0.0, 651.027356057987, 600.4282640680152, 626.9143021948051, 0.0, 0.0, 0.0, 507.79735548324606, 0.0, 0.0, 642.9139451195622, 0.0, 0.0, 0.0, 0.0, 483.3792624158052, 0.0, 492.8684532590471, 0.0, 626.9143021948051, 0.0, 484.572116815089, 0.0, 0.0, 0.0, 0.0, 0.0, 0.0, 0.0, 0.0, 0.0, 0.0, 0.0, 0.0, 0.0, 434.5310543630119, 566.0251959524159, 0.0, 0.0, 0.0, 0.0, 0.0, 0.0, 0.0, 0.0, 0.0, 0.0, 0.0, 0.0, 0.0, 0.0, 0.0, 0.0, 0.0, 516.4132050655651, 0.0, 0.0, 0.0, 0.0, 0.0, 0.0, 0.0, 0.0, 642.1263133088796, 0.0, 0.0, 0.0, 0.0, 0.0, 0.0, 0.0, 0.0, 0.0, 0.0, 0.0, 0.0, 657.9002571987867, 0.0, 0.0, 0.0, 0.0, 0.0, 0.0, 0.0, 0.0, 455.55941590497196, 0.0, 0.0, 0.0, 0.0, 0.0]
INFORMACIÓN : 3apuestaBundle [642.1263133088796, 507.79735548324606, 483.3792624158052, 455.55941590497196, 455.55941590497196, 434.5310543630119]
INFORMACIÓN : 3positionsBundle [884, 465, 1358, 454, 454, 687]
INFORMACIÓN : 3levelsBundle [2, 2, 2, 2, 2, 2]
INFORMACIÓN : 3positionsOrdered [465, 884, 1358, 454, 454, 687]
INFORMACIÓN : 3levelsOrdered [2, 2, 2, 2, 2, 2]
INFORMACIÓN : 3partialityOrdered [2, 2, 2, 2, 2, 2]
INFORMACIÓN : 3arrivalTimes [6.708203932499369, 30.751247711127036, 58.608024265495274, 77.04711318008106, 77.04711318008106, 110.28865345727039]
INFORMACIÓN : I [IR, AB]; lost Test.myBail@1fb0b5e7; POS 1358; sensors [MW]; level 2 I paid 483.3792624158052in favour of26@(myturtles,myturtles,bug)@MK-203 paid 485.6979457415142
INFORMACIÓN : 4historia0[0.0, 0.0, 635.2300195954525, 0.0, 0.0, 0.0, 0.0, 0.0, 0.0, 0.0, 0.0, 642.9139451195622, 0.0, 0.0, 0.0, 554.4035331748673, 0.0, 0.0, 0.0, 0.0, 0.0, 0.0, 0.0, 566.0251959524159, 0.0, 0.0, 651.027356057987, 600.4282640680152, 626.9143021948051, 0.0, 0.0, 0.0, 507.79735548324606, 0.0, 0.0, 642.9139451195622, 0.0, 0.0, 0.0, 0.0, 485.6979457415142, 0.0, 525.2485837606506, 0.0, 626.9143021948051, 0.0, 0.0, 0.0, 0.0, 0.0, 0.0, 426.0151900358993, 0.0, 0.0, 0.0, 0.0, 447.1094793462885, 0.0, 0.0, 0.0, 0.0, 566.0251959524159, 599.259318526003, 0.0, 436.24325259557855, 0.0, 0.0, 436.24325259557855, 0.0, 0.0, 0.0, 0.0, 0.0, 0.0, 0.0, 0.0, 0.0, 0.0, 0.0, 516.4132050655651, 0.0, 0.0, 554.4035331748673, 0.0, 0.0, 0.0, 0.0, 0.0, 642.1263133088796, 0.0, 0.0, 0.0, 0.0, 0.0, 484.8657160945589, 0.0, 0.0, 0.0, 0.0, 0.0, 0.0, 657.9002571987867, 0.0, 0.0, 0.0, 0.0, 0.0, 0.0, 0.0, 426.0151900358993, 0.0, 0.0, 0.0, 0.0, 0.0, 0.0]
INFORMACIÓN : 4apuestaBundle [642.1263133088796, 507.79735548324606, 455.55941590497196, 455.55941590497196, 436.98253571282066, 431.72155823574144]
INFORMACIÓN : 4positionsBundle [884, 465, 454, 454, 1343, 687]
INFORMACIÓN : 4levelsBundle [2, 2, 2, 2, 2, 2]
INFORMACIÓN : 4positionsOrdered [465, 884, 454, 454, 1343, 687]
INFORMACIÓN : 4levelsOrdered [2, 2, 2, 2, 2, 2]
INFORMACIÓN : 4partialityOrdered [2, 2, 2, 2, 2, 2]
INFORMACIÓN : 4arrivalTimes [6.708203932499369, 30.751247711127036, 61.79959710364709, 61.79959710364709, 106.67751634638299, 120.99533740965934]
INFORMACIÓN : I [IR, AB]; lost Test.myBail@6f328050; POS 1343; sensors [IR]; level 2 I paid 436.98253571282066in favour of42@(myturtles,myturtles,bug)@MK-203 paid 484.572116815089
INFORMACIÓN : 5historia0[0.0, 0.0, 635.2300195954525, 0.0, 0.0, 0.0, 0.0, 0.0, 0.0, 0.0, 0.0, 642.9139451195622, 455.55941590497196, 0.0, 0.0, 554.4035331748673, 0.0, 0.0, 448.9437980605643, 0.0, 0.0, 492.8684532590471, 0.0, 566.0251959524159, 0.0, 463.31230767440076, 651.027356057987, 600.4282640680152, 626.9143021948051, 0.0, 0.0, 0.0, 507.79735548324606, 0.0, 0.0, 642.9139451195622, 0.0, 0.0, 0.0, 0.0, 485.6979457415142, 0.0, 525.2485837606506, 0.0, 626.9143021948051, 0.0, 484.572116815089, 0.0, 0.0, 0.0, 0.0, 426.0151900358993, 0.0, 0.0, 0.0, 0.0, 447.1094793462885, 0.0, 0.0, 0.0, 448.9437980605643, 566.0251959524159, 599.259318526003, 0.0, 436.24325259557855, 0.0, 0.0, 436.24325259557855, 0.0, 0.0, 0.0, 0.0, 0.0, 0.0, 0.0, 0.0, 0.0, 0.0, 0.0, 516.4132050655651, 0.0, 0.0, 554.4035331748673, 0.0, 0.0, 0.0, 0.0, 0.0, 642.1263133088796, 0.0, 0.0, 0.0, 0.0, 0.0, 484.8657160945589, 0.0, 0.0, 0.0, 0.0, 0.0, 0.0, 657.9002571987867, 486.0560105835981, 463.31230767440076, 0.0, 0.0, 0.0, 0.0, 0.0, 426.0151900358993, 455.55941590497196, 0.0, 0.0, 0.0, 0.0, 0.0]
INFORMACIÓN : 5apuestaBundle [642.1263133088796, 507.79735548324606, 455.55941590497196, 455.55941590497196, 369.5635172574948, 352.64540673479064, 352.64540673479064]
INFORMACIÓN : 5positionsBundle [884, 465, 454, 454, 2093, 1607, 1607]
INFORMACIÓN : 5levelsBundle [2, 2, 2, 2, 2, 2, 2]
INFORMACIÓN : 5positionsOrdered [465, 884, 454, 454, 2093, 1607, 1607]
INFORMACIÓN : 5levelsOrdered [2, 2, 2, 2, 2, 2, 2]
INFORMACIÓN : 5partialityOrdered [2, 2, 2, 2, 2, 2, 2]
INFORMACIÓN : 5arrivalTimes [6.708203932499369, 30.751247711127036, 61.79959710364709, 61.79959710364709, 112.24759012616485, 149.3555407567238, 149.3555407567238]
INFORMACIÓN : coalSat position 2093 level 2
INFORMACIÓN : timeSat position 2093 level 2
INFORMACIÓN : I [IR, AB]; lost Test.myBail@73d3252f; POS 2093; sensors [MW]; level 2 I paid 369.5635172574948in favour ofnull paid 369.5635172574948
INFORMACIÓN : 6historia0[0.0, 0.0, 635.2300195954525, 0.0, 0.0, 417.71210581830167, 0.0, 0.0, 382.65254500972367, 0.0, 0.0, 642.9139451195622, 455.55941590497196, 0.0, 0.0, 554.4035331748673, 0.0, 0.0, 448.9437980605643, 0.0, 0.0, 492.8684532590471, 0.0, 566.0251959524159, 0.0, 463.31230767440076, 651.027356057987, 600.4282640680152, 626.9143021948051, 0.0, 0.0, 0.0, 507.79735548324606, 0.0, 0.0, 642.9139451195622, 0.0, 0.0, 0.0, 0.0, 485.6979457415142, 0.0, 525.2485837606506, 0.0, 626.9143021948051, 0.0, 484.572116815089, 0.0, 0.0, 0.0, 0.0, 0.0, 0.0, 0.0, 0.0, 0.0, 0.0, 0.0, 0.0, 0.0, 448.9437980605643, 566.0251959524159, 599.259318526003, 0.0, 436.24325259557855, 0.0, 0.0, 436.24325259557855, 0.0, 0.0, 0.0, 0.0, 0.0, 0.0, 0.0, 0.0, 0.0, 0.0, 0.0, 516.4132050655651, 0.0, 0.0, 554.4035331748673, 0.0, 0.0, 0.0, 0.0, 0.0, 642.1263133088796, 0.0, 0.0, 0.0, 0.0, 0.0, 484.8657160945589, 0.0, 0.0, 0.0, 0.0, 0.0, 0.0, 657.9002571987867, 486.0560105835981, 463.31230767440076, 0.0, 0.0, 0.0, 0.0, 0.0, 0.0, 455.55941590497196, 0.0, 0.0, 0.0, 0.0, 0.0]
INFORMACIÓN : 6apuestaBundle [642.1263133088796, 507.79735548324606, 455.55941590497196, 455.55941590497196, 428.38631470341033, 424.0571943467389, 412.88483446044665]
INFORMACIÓN : 6positionsBundle [884, 465, 454, 454, 1863, 1863, 2037]
INFORMACIÓN : 6levelsBundle [2, 2, 2, 2, 2, 2, 2]
INFORMACIÓN : 6positionsOrdered [465, 884, 454, 454, 1863, 1863, 2037]
INFORMACIÓN : 6levelsOrdered [2, 2, 2, 2, 2, 2, 2]
INFORMACIÓN : 6partialityOrdered [2, 2, 2, 2, 2, 2, 2]
INFORMACIÓN : 6arrivalTimes [6.708203932499369, 30.751247711127036, 61.79959710364709, 61.79959710364709, 91.21047944335257, 91.21047944335257, 115.39725268824822]
INFORMACIÓN : I [IR, AB]; lost Test.myBail@1c2e6a47; POS 2037; sensors [MW]; level 2 I paid 412.88483446044665in favour of43@(myturtles,myturtles,bug)@MK-203 paid 414.74576657064154
INFORMACIÓN : 7historia0[0.0, 0.0, 635.2300195954525, 0.0, 0.0, 428.38631470341033, 312.6424465962472, 0.0, 0.0, 0.0, 0.0, 642.9139451195622, 455.55941590497196, 0.0, 0.0, 554.4035331748673, 0.0, 0.0, 448.9437980605643, 0.0, 0.0, 492.8684532590471, 0.0, 566.0251959524159, 0.0, 463.31230767440076, 651.027356057987, 600.4282640680152, 626.9143021948051, 0.0, 0.0, 0.0, 507.79735548324606, 0.0, 0.0, 642.9139451195622, 0.0, 0.0, 0.0, 0.0, 0.0, 0.0, 525.2485837606506, 0.0, 626.9143021948051, 0.0, 484.572116815089, 0.0, 0.0, 0.0, 0.0, 414.74576657064154, 0.0, 0.0, 0.0, 0.0, 424.0571943467389, 0.0, 0.0, 0.0, 448.9437980605643, 566.0251959524159, 599.259318526003, 0.0, 0.0, 0.0, 0.0, 0.0, 0.0, 0.0, 0.0, 0.0, 0.0, 0.0, 312.6424465962472, 0.0, 0.0, 0.0, 0.0, 516.4132050655651, 0.0, 0.0, 554.4035331748673, 0.0, 0.0, 0.0, 0.0, 0.0, 642.1263133088796, 0.0, 0.0, 0.0, 0.0, 0.0, 484.8657160945589, 0.0, 0.0, 0.0, 0.0, 0.0, 0.0, 657.9002571987867, 511.1392705738997, 463.31230767440076, 0.0, 0.0, 0.0, 0.0, 0.0, 0.0, 455.55941590497196, 0.0, 0.0, 0.0, 396.4428887436727, 0.0]
INFORMACIÓN : 7apuestaBundle [642.1263133088796, 507.79735548324606, 455.55941590497196, 455.55941590497196, 428.38631470341033, 424.0571943467389, 468.0582599284435]
INFORMACIÓN : 7positionsBundle [884, 465, 454, 454, 1863, 1863, 71]
INFORMACIÓN : 7levelsBundle [2, 2, 2, 2, 2, 2, 2]
INFORMACIÓN : 7positionsOrdered [465, 884, 454, 454, 1863, 1863, 71]
INFORMACIÓN : 7levelsOrdered [2, 2, 2, 2, 2, 2, 2]
INFORMACIÓN : 7partialityOrdered [2, 2, 2, 2, 2, 2, 2]
INFORMACIÓN : 7arrivalTimes [6.708203932499369, 30.751247711127036, 61.79959710364709, 61.79959710364709, 91.21047944335257, 91.21047944335257, 128.08865727252413]
INFORMACIÓN : coalSat position 454 level 2
INFORMACIÓN : coalSat position 1863 level 2
INFORMACIÓN : I [IR, AB]; lost Test.myBail@5206739; POS 454; sensors [AB]; level 2 I paid 455.55941590497196in favour of26@(myturtles,myturtles,bug)@MK-203 paid 485.7002113030343
INFORMACIÓN : 8historia0[0.0, 0.0, 635.2300195954525, 0.0, 0.0, 0.0, 312.6424465962472, 0.0, 0.0, 0.0, 0.0, 642.9139451195622, 485.7002113030343, 0.0, 0.0, 554.4035331748673, 0.0, 0.0, 448.9437980605643, 0.0, 0.0, 492.8684532590471, 0.0, 566.0251959524159, 0.0, 463.31230767440076, 651.027356057987, 600.4282640680152, 626.9143021948051, 0.0, 0.0, 0.0, 507.79735548324606, 0.0, 0.0, 642.9139451195622, 0.0, 0.0, 0.0, 0.0, 0.0, 0.0, 525.2485837606506, 0.0, 626.9143021948051, 0.0, 484.572116815089, 0.0, 0.0, 0.0, 0.0, 414.74576657064154, 0.0, 0.0, 0.0, 0.0, 447.1094793462885, 0.0, 0.0, 0.0, 448.9437980605643, 566.0251959524159, 599.259318526003, 0.0, 0.0, 0.0, 0.0, 0.0, 0.0, 0.0, 0.0, 0.0, 0.0, 0.0, 312.6424465962472, 0.0, 0.0, 0.0, 0.0, 516.4132050655651, 0.0, 0.0, 554.4035331748673, 0.0, 0.0, 0.0, 0.0, 0.0, 642.1263133088796, 0.0, 0.0, 0.0, 0.0, 0.0, 484.8657160945589, 0.0, 0.0, 0.0, 0.0, 0.0, 0.0, 657.9002571987867, 511.1392705738997, 463.31230767440076, 0.0, 0.0, 0.0, 0.0, 0.0, 0.0, 0.0, 0.0, 0.0, 0.0, 396.4428887436727, 0.0]
INFORMACIÓN : 8apuestaBundle [642.1263133088796, 507.79735548324606, 482.78590776255396, 425.54848695945066, 413.0626375111931]
INFORMACIÓN : 8positionsBundle [884, 465, 1358, 1863, 71]
INFORMACIÓN : 8levelsBundle [2, 2, 2, 2, 2]
INFORMACIÓN : 8positionsOrdered [465, 884, 1358, 1863, 71]
INFORMACIÓN : 8levelsOrdered [2, 2, 2, 2, 2]
INFORMACIÓN : 8partialityOrdered [2, 2, 2, 2, 2]
INFORMACIÓN : 8arrivalTimes [6.708203932499369, 30.751247711127036, 61.82163447345242, 87.21047944335257, 124.08865727252412]
INFORMACIÓN : coalSat position 71 level 2
INFORMACIÓN : timeSat position 71 level 2
INFORMACIÓN : I [IR, AB]; lost Test.myBail@95a75d3; POS 71; sensors [MW]; level 2 I paid 413.0626375111931in favour ofnull paid 413.0626375111931
INFORMACIÓN : 9historia0[0.0, 0.0, 635.2300195954525, 0.0, 0.0, 425.54848695945066, 312.6424465962472, 0.0, 0.0, 0.0, 0.0, 642.9139451195622, 485.7002113030343, 0.0, 0.0, 554.4035331748673, 0.0, 0.0, 448.9437980605643, 0.0, 0.0, 492.8684532590471, 0.0, 566.0251959524159, 0.0, 463.31230767440076, 651.027356057987, 600.4282640680152, 626.9143021948051, 0.0, 0.0, 0.0, 507.79735548324606, 313.54028122899706, 0.0, 642.9139451195622, 0.0, 0.0, 0.0, 0.0, 482.78590776255396, 0.0, 525.2485837606506, 0.0, 626.9143021948051, 0.0, 484.572116815089, 0.0, 0.0, 0.0, 334.5356072279617, 414.74576657064154, 0.0, 0.0, 0.0, 0.0, 0.0, 0.0, 0.0, 0.0, 448.9437980605643, 566.0251959524159, 599.259318526003, 0.0, 427.87423225762245, 0.0, 0.0, 0.0, 0.0, 0.0, 0.0, 313.54028122899706, 0.0, 0.0, 312.6424465962472, 0.0, 0.0, 0.0, 0.0, 516.4132050655651, 0.0, 0.0, 554.4035331748673, 0.0, 0.0, 0.0, 0.0, 0.0, 642.1263133088796, 0.0, 0.0, 0.0, 0.0, 0.0, 484.8657160945589, 0.0, 0.0, 0.0, 0.0, 0.0, 0.0, 657.9002571987867, 0.0, 463.31230767440076, 0.0, 0.0, 0.0, 0.0, 0.0, 0.0, 0.0, 0.0, 0.0, 0.0, 396.4428887436727, 0.0]
INFORMACIÓN : 9apuestaBundle [642.1263133088796, 507.79735548324606, 482.78590776255396, 425.54848695945066, 424.0571943467389, 413.0626375111931]
INFORMACIÓN : 9positionsBundle [884, 465, 1358, 1863, 1863, 71]
INFORMACIÓN : 9levelsBundle [2, 2, 2, 2, 2, 2]
INFORMACIÓN : 9positionsOrdered [465, 884, 1358, 1863, 1863, 71]
INFORMACIÓN : 9levelsOrdered [2, 2, 2, 2, 2, 2]
INFORMACIÓN : 9partialityOrdered [2, 2, 2, 2, 2, 2]
INFORMACIÓN : 9arrivalTimes [6.708203932499369, 30.751247711127036, 61.82163447345242, 85.21047944335257, 87.21047944335257, 124.08865727252413]
INFORMACIÓN : depSat position 465 level 2
INFORMACIÓN : coalSat position 1358 level 2
INFORMACIÓN : coalSat position 1863 level 2
INFORMACIÓN : I [IR, AB]; lost Test.myBail@28d69693; POS 465; sensors [MW]; level 2 I paid 507.79735548324606in favour ofnull paid 507.79735548324606
INFORMACIÓN : 10historia0[0.0, 0.0, 635.2300195954525, 0.0, 0.0, 0.0, 312.6424465962472, 0.0, 0.0, 0.0, 0.0, 642.9139451195622, 485.7002113030343, 0.0, 0.0, 554.4035331748673, 0.0, 0.0, 448.9437980605643, 0.0, 0.0, 492.8684532590471, 0.0, 566.0251959524159, 0.0, 0.0, 651.027356057987, 600.4282640680152, 626.9143021948051, 0.0, 0.0, 0.0, 0.0, 313.54028122899706, 0.0, 642.9139451195622, 0.0, 0.0, 0.0, 0.0, 0.0, 0.0, 525.2485837606506, 0.0, 626.9143021948051, 0.0, 0.0, 0.0, 0.0, 0.0, 334.5356072279617, 414.74576657064154, 0.0, 0.0, 0.0, 0.0, 447.1094793462885, 0.0, 0.0, 0.0, 448.9437980605643, 566.0251959524159, 599.259318526003, 0.0, 427.87423225762245, 0.0, 0.0, 436.24325259557855, 0.0, 0.0, 0.0, 313.54028122899706, 0.0, 0.0, 312.6424465962472, 0.0, 0.0, 0.0, 0.0, 0.0, 0.0, 0.0, 554.4035331748673, 0.0, 0.0, 0.0, 0.0, 0.0, 642.1263133088796, 0.0, 0.0, 0.0, 0.0, 0.0, 484.8657160945589, 0.0, 0.0, 0.0, 0.0, 0.0, 0.0, 657.9002571987867, 511.1392705738997, 0.0, 0.0, 0.0, 0.0, 0.0, 0.0, 0.0, 0.0, 0.0, 0.0, 0.0, 396.4428887436727, 0.0]
INFORMACIÓN : 10apuestaBundle [642.1263133088796, 507.79735548324606, 482.78590776255396, 452.0421596575047, 420.05516312823636]
INFORMACIÓN : 10positionsBundle [884, 465, 1358, 1343, 2037]
INFORMACIÓN : 10levelsBundle [2, 2, 2, 2, 2]
INFORMACIÓN : 10positionsOrdered [465, 884, 1358, 1343, 2037]
INFORMACIÓN : 10levelsOrdered [2, 2, 2, 2, 2]
INFORMACIÓN : 10partialityOrdered [2, 2, 2, 2, 2]
INFORMACIÓN : 10arrivalTimes [6.708203932499369, 30.751247711127036, 61.82163447345242, 106.67751634638299, 121.9090625581108]
INFORMACIÓN : I [IR, AB]; lost Test.myBail@6f328050; POS 1343; sensors [IR]; level 2 I paid 452.0421596575047in favour of42@(myturtles,myturtles,bug)@MK-203 paid 484.572116815089
INFORMACIÓN : 11historia0[0.0, 0.0, 635.2300195954525, 0.0, 0.0, 0.0, 0.0, 0.0, 0.0, 0.0, 0.0, 642.9139451195622, 485.7002113030343, 0.0, 0.0, 554.4035331748673, 0.0, 0.0, 0.0, 0.0, 0.0, 492.8684532590471, 0.0, 566.0251959524159, 0.0, 0.0, 651.027356057987, 600.4282640680152, 626.9143021948051, 0.0, 0.0, 0.0, 507.79735548324606, 313.54028122899706, 0.0, 642.9139451195622, 0.0, 0.0, 0.0, 0.0, 482.78590776255396, 0.0, 525.2485837606506, 0.0, 626.9143021948051, 0.0, 484.572116815089, 0.0, 0.0, 0.0, 334.5356072279617, 0.0, 0.0, 0.0, 0.0, 0.0, 447.1094793462885, 0.0, 0.0, 0.0, 0.0, 566.0251959524159, 599.259318526003, 0.0, 427.87423225762245, 0.0, 0.0, 436.24325259557855, 0.0, 0.0, 0.0, 313.54028122899706, 0.0, 0.0, 0.0, 0.0, 0.0, 0.0, 0.0, 516.4132050655651, 0.0, 0.0, 554.4035331748673, 0.0, 0.0, 0.0, 0.0, 0.0, 642.1263133088796, 0.0, 0.0, 0.0, 0.0, 0.0, 484.8657160945589, 0.0, 0.0, 0.0, 0.0, 0.0, 0.0, 657.9002571987867, 511.1392705738997, 0.0, 0.0, 0.0, 0.0, 0.0, 0.0, 0.0, 0.0, 0.0, 0.0, 0.0, 0.0, 0.0]
INFORMACIÓN : 11apuestaBundle [642.1263133088796, 507.79735548324606, 482.78590776255396, 429.31274947635166, 420.05516312823636]
INFORMACIÓN : 11positionsBundle [884, 465, 1358, 687, 2037]
INFORMACIÓN : 11levelsBundle [2, 2, 2, 2, 2]
INFORMACIÓN : 11positionsOrdered [465, 884, 1358, 687, 2037]
INFORMACIÓN : 11levelsOrdered [2, 2, 2, 2, 2]
INFORMACIÓN : 11partialityOrdered [2, 2, 2, 2, 2]
INFORMACIÓN : 11arrivalTimes [6.708203932499369, 30.751247711127036, 61.82163447345242, 94.02411884966165, 121.02411884966165]
INFORMACIÓN : coalSat position 2037 level 2
INFORMACIÓN : timeSat position 2037 level 2
INFORMACIÓN : I [IR, AB]; lost Test.myBail@1c2e6a47; POS 2037; sensors [MW]; level 2 I paid 420.05516312823636in favour ofnull paid 420.05516312823636
INFORMACIÓN : 12historia0[0.0, 0.0, 635.2300195954525, 0.0, 0.0, 0.0, 0.0, 0.0, 0.0, 0.0, 0.0, 642.9139451195622, 485.7002113030343, 0.0, 0.0, 554.4035331748673, 0.0, 0.0, 0.0, 0.0, 0.0, 492.8684532590471, 0.0, 566.0251959524159, 0.0, 0.0, 651.027356057987, 600.4282640680152, 626.9143021948051, 0.0, 0.0, 0.0, 507.79735548324606, 313.54028122899706, 0.0, 642.9139451195622, 0.0, 0.0, 0.0, 0.0, 482.78590776255396, 0.0, 525.2485837606506, 0.0, 626.9143021948051, 0.0, 484.572116815089, 0.0, 0.0, 0.0, 334.5356072279617, 0.0, 0.0, 0.0, 0.0, 0.0, 447.1094793462885, 0.0, 0.0, 0.0, 429.31274947635166, 566.0251959524159, 599.259318526003, 0.0, 427.87423225762245, 0.0, 0.0, 436.24325259557855, 0.0, 0.0, 0.0, 313.54028122899706, 0.0, 0.0, 0.0, 0.0, 0.0, 0.0, 0.0, 516.4132050655651, 0.0, 0.0, 554.4035331748673, 0.0, 0.0, 0.0, 0.0, 0.0, 642.1263133088796, 0.0, 0.0, 0.0, 0.0, 0.0, 484.8657160945589, 0.0, 0.0, 0.0, 0.0, 0.0, 0.0, 657.9002571987867, 511.1392705738997, 0.0, 0.0, 0.0, 0.0, 0.0, 0.0, 464.42153046984373, 0.0, 0.0, 0.0, 0.0, 0.0, 0.0]
INFORMACIÓN : 12apuestaBundle [642.1263133088796, 507.79735548324606, 482.78590776255396, 429.31274947635166, 420.05516312823636]
INFORMACIÓN : 12positionsBundle [884, 465, 1358, 687, 2037]
INFORMACIÓN : 12levelsBundle [2, 2, 2, 2, 2]
INFORMACIÓN : 12positionsOrdered [465, 884, 1358, 687, 2037]
INFORMACIÓN : 12levelsOrdered [2, 2, 2, 2, 2]
INFORMACIÓN : 12partialityOrdered [2, 2, 2, 2, 2]
INFORMACIÓN : 12arrivalTimes [6.708203932499369, 30.751247711127036, 61.82163447345242, 94.02411884966165, 121.9090625581108]
INFORMACIÓN : coalSat position 687 level 2
INFORMACIÓN : I [IR, AB]; lost Test.myBail@59b63736; POS 687; sensors [MW]; level 2 I paid 429.31274947635166in favour ofnull paid 429.31274947635166
INFORMACIÓN : 13historia0[0.0, 0.0, 635.2300195954525, 0.0, 0.0, 0.0, 312.6424465962472, 0.0, 0.0, 0.0, 0.0, 642.9139451195622, 485.7002113030343, 0.0, 0.0, 554.4035331748673, 0.0, 0.0, 481.46764922211537, 0.0, 0.0, 492.8684532590471, 0.0, 566.0251959524159, 0.0, 417.28554921478644, 651.027356057987, 600.4282640680152, 626.9143021948051, 0.0, 0.0, 0.0, 507.79735548324606, 313.54028122899706, 0.0, 642.9139451195622, 0.0, 0.0, 0.0, 0.0, 482.78590776255396, 0.0, 525.2485837606506, 0.0, 626.9143021948051, 0.0, 484.572116815089, 0.0, 0.0, 0.0, 334.5356072279617, 0.0, 0.0, 0.0, 0.0, 0.0, 447.1094793462885, 0.0, 0.0, 0.0, 0.0, 566.0251959524159, 599.259318526003, 0.0, 427.87423225762245, 0.0, 0.0, 436.24325259557855, 0.0, 0.0, 0.0, 313.54028122899706, 0.0, 0.0, 312.6424465962472, 0.0, 0.0, 0.0, 0.0, 516.4132050655651, 0.0, 0.0, 554.4035331748673, 0.0, 0.0, 0.0, 0.0, 0.0, 642.1263133088796, 0.0, 0.0, 0.0, 0.0, 0.0, 484.8657160945589, 0.0, 0.0, 0.0, 0.0, 0.0, 0.0, 657.9002571987867, 511.1392705738997, 0.0, 0.0, 0.0, 0.0, 0.0, 0.0, 464.42153046984373, 0.0, 0.0, 0.0, 0.0, 396.4428887436727, 0.0]
INFORMACIÓN : 13apuestaBundle [642.1263133088796, 507.79735548324606, 482.78590776255396, 429.31274947635166, 417.43618526701175]
INFORMACIÓN : 13positionsBundle [884, 465, 1358, 687, 2037]
INFORMACIÓN : 13levelsBundle [2, 2, 2, 2, 2]
INFORMACIÓN : 13positionsOrdered [465, 884, 1358, 687, 2037]
INFORMACIÓN : 13levelsOrdered [2, 2, 2, 2, 2]
INFORMACIÓN : 13partialityOrdered [2, 2, 2, 2, 2]
INFORMACIÓN : 13arrivalTimes [6.708203932499369, 30.751247711127036, 61.82163447345242, 94.02411884966165, 121.9090625581108]
INFORMACIÓN : 14historia0[0.0, 0.0, 635.2300195954525, 0.0, 0.0, 0.0, 312.6424465962472, 0.0, 0.0, 0.0, 0.0, 642.9139451195622, 485.7002113030343, 0.0, 0.0, 554.4035331748673, 0.0, 0.0, 481.46764922211537, 0.0, 0.0, 492.8684532590471, 0.0, 566.0251959524159, 0.0, 417.28554921478644, 651.027356057987, 600.4282640680152, 626.9143021948051, 0.0, 0.0, 0.0, 507.79735548324606, 313.54028122899706, 0.0, 642.9139451195622, 0.0, 0.0, 0.0, 0.0, 482.78590776255396, 0.0, 525.2485837606506, 0.0, 626.9143021948051, 0.0, 484.572116815089, 0.0, 0.0, 0.0, 334.5356072279617, 417.43618526701175, 0.0, 0.0, 0.0, 0.0, 447.1094793462885, 0.0, 0.0, 0.0, 429.31274947635166, 566.0251959524159, 599.259318526003, 0.0, 427.87423225762245, 0.0, 0.0, 436.24325259557855, 0.0, 0.0, 0.0, 313.54028122899706, 0.0, 0.0, 312.6424465962472, 0.0, 0.0, 0.0, 0.0, 516.4132050655651, 0.0, 0.0, 554.4035331748673, 0.0, 0.0, 0.0, 0.0, 0.0, 642.1263133088796, 0.0, 0.0, 0.0, 0.0, 0.0, 484.8657160945589, 0.0, 0.0, 0.0, 0.0, 0.0, 0.0, 657.9002571987867, 511.1392705738997, 0.0, 0.0, 0.0, 0.0, 0.0, 0.0, 464.42153046984373, 0.0, 0.0, 0.0, 0.0, 396.4428887436727, 0.0]
INFORMACIÓN : 14apuestaBundle [642.1263133088796, 507.79735548324606, 482.78590776255396, 429.31274947635166, 417.43618526701175]
INFORMACIÓN : 14positionsBundle [884, 465, 1358, 687, 2037]
INFORMACIÓN : 14levelsBundle [2, 2, 2, 2, 2]
INFORMACIÓN : 14positionsOrdered [465, 884, 1358, 687, 2037]
INFORMACIÓN : 14levelsOrdered [2, 2, 2, 2, 2]
INFORMACIÓN : 14partialityOrdered [2, 2, 2, 2, 2]
INFORMACIÓN : 14arrivalTimes [6.708203932499369, 30.751247711127036, 61.82163447345242, 94.02411884966165, 121.9090625581108]
INFORMACIÓN : 15historia0[0.0, 0.0, 635.2300195954525, 0.0, 0.0, 0.0, 312.6424465962472, 0.0, 0.0, 0.0, 0.0, 642.9139451195622, 485.7002113030343, 0.0, 0.0, 554.4035331748673, 0.0, 0.0, 481.46764922211537, 0.0, 0.0, 492.8684532590471, 0.0, 566.0251959524159, 0.0, 417.28554921478644, 651.027356057987, 600.4282640680152, 626.9143021948051, 0.0, 0.0, 0.0, 507.79735548324606, 313.54028122899706, 0.0, 642.9139451195622, 0.0, 0.0, 0.0, 0.0, 482.78590776255396, 0.0, 525.2485837606506, 0.0, 626.9143021948051, 0.0, 484.572116815089, 0.0, 0.0, 0.0, 334.5356072279617, 417.43618526701175, 0.0, 0.0, 0.0, 0.0, 447.1094793462885, 0.0, 0.0, 0.0, 429.31274947635166, 566.0251959524159, 599.259318526003, 0.0, 427.87423225762245, 0.0, 0.0, 436.24325259557855, 0.0, 0.0, 0.0, 313.54028122899706, 0.0, 0.0, 312.6424465962472, 0.0, 0.0, 0.0, 0.0, 516.4132050655651, 0.0, 0.0, 554.4035331748673, 0.0, 0.0, 0.0, 0.0, 0.0, 642.1263133088796, 0.0, 0.0, 0.0, 0.0, 0.0, 484.8657160945589, 0.0, 0.0, 0.0, 0.0, 0.0, 0.0, 657.9002571987867, 511.1392705738997, 0.0, 0.0, 0.0, 0.0, 0.0, 0.0, 464.42153046984373, 0.0, 0.0, 0.0, 0.0, 396.4428887436727, 0.0]
INFORMACIÓN : 15apuestaBundle [642.1263133088796, 507.79735548324606, 482.78590776255396, 429.31274947635166, 417.43618526701175]
INFORMACIÓN : 15positionsBundle [884, 465, 1358, 687, 2037]
INFORMACIÓN : 15levelsBundle [2, 2, 2, 2, 2]
INFORMACIÓN : 15positionsOrdered [465, 884, 1358, 687, 2037]
INFORMACIÓN : 15levelsOrdered [2, 2, 2, 2, 2]
INFORMACIÓN : 15partialityOrdered [2, 2, 2, 2, 2]
INFORMACIÓN : 15arrivalTimes [6.708203932499369, 30.751247711127036, 61.82163447345242, 94.02411884966165, 121.9090625581108]
INFORMACIÓN : 16historia0[0.0, 0.0, 635.2300195954525, 0.0, 0.0, 0.0, 312.6424465962472, 0.0, 0.0, 0.0, 0.0, 642.9139451195622, 0.0, 0.0, 0.0, 554.4035331748673, 0.0, 0.0, 481.46764922211537, 0.0, 0.0, 492.8684532590471, 0.0, 566.0251959524159, 0.0, 417.28554921478644, 651.027356057987, 600.4282640680152, 626.9143021948051, 0.0, 0.0, 0.0, 507.79735548324606, 0.0, 0.0, 642.9139451195622, 0.0, 0.0, 0.0, 0.0, 482.78590776255396, 0.0, 525.2485837606506, 0.0, 626.9143021948051, 0.0, 484.572116815089, 0.0, 0.0, 0.0, 0.0, 417.43618526701175, 0.0, 0.0, 0.0, 0.0, 447.1094793462885, 0.0, 0.0, 0.0, 429.31274947635166, 566.0251959524159, 599.259318526003, 0.0, 0.0, 0.0, 0.0, 0.0, 0.0, 0.0, 0.0, 0.0, 0.0, 0.0, 312.6424465962472, 0.0, 0.0, 0.0, 0.0, 516.4132050655651, 0.0, 0.0, 554.4035331748673, 0.0, 0.0, 0.0, 0.0, 0.0, 642.1263133088796, 0.0, 0.0, 0.0, 0.0, 0.0, 484.8657160945589, 0.0, 0.0, 0.0, 0.0, 0.0, 0.0, 657.9002571987867, 511.1392705738997, 0.0, 0.0, 0.0, 0.0, 0.0, 0.0, 464.42153046984373, 0.0, 0.0, 0.0, 0.0, 396.4428887436727, 0.0]
INFORMACIÓN : 16apuestaBundle [642.1263133088796, 507.79735548324606, 482.78590776255396, 429.31274947635166, 417.43618526701175]
INFORMACIÓN : 16positionsBundle [884, 465, 1358, 687, 2037]
INFORMACIÓN : 16levelsBundle [2, 2, 2, 2, 2]
INFORMACIÓN : 16positionsOrdered [465, 884, 1358, 687, 2037]
INFORMACIÓN : 16levelsOrdered [2, 2, 2, 2, 2]
INFORMACIÓN : 16partialityOrdered [2, 2, 2, 2, 2]
INFORMACIÓN : 16arrivalTimes [6.708203932499369, 30.751247711127036, 61.82163447345242, 94.02411884966165, 121.9090625581108]
INFORMACIÓN : I [IR, AB]; lost Test.myBail@1fb0b5e7; POS 1358; sensors [MW]; level 2 I paid 482.78590776255396in favour of26@(myturtles,myturtles,bug)@MK-203 paid 485.6979457415142
INFORMACIÓN : 17historia0[0.0, 0.0, 635.2300195954525, 0.0, 0.0, 0.0, 312.6424465962472, 0.0, 0.0, 0.0, 0.0, 642.9139451195622, 516.9017572794196, 0.0, 0.0, 554.4035331748673, 0.0, 0.0, 0.0, 0.0, 0.0, 492.8684532590471, 0.0, 566.0251959524159, 0.0, 417.28554921478644, 651.027356057987, 600.4282640680152, 626.9143021948051, 0.0, 0.0, 0.0, 507.79735548324606, 0.0, 0.0, 642.9139451195622, 0.0, 0.0, 0.0, 0.0, 485.6979457415142, 0.0, 525.2485837606506, 0.0, 626.9143021948051, 0.0, 484.572116815089, 0.0, 0.0, 0.0, 0.0, 0.0, 0.0, 0.0, 0.0, 0.0, 0.0, 0.0, 0.0, 0.0, 438.55341973717236, 566.0251959524159, 599.259318526003, 0.0, 436.24325259557855, 0.0, 0.0, 436.24325259557855, 0.0, 0.0, 0.0, 0.0, 0.0, 0.0, 312.6424465962472, 0.0, 0.0, 0.0, 0.0, 516.4132050655651, 0.0, 0.0, 554.4035331748673, 0.0, 0.0, 0.0, 0.0, 0.0, 642.1263133088796, 0.0, 0.0, 0.0, 0.0, 0.0, 484.8657160945589, 0.0, 0.0, 0.0, 0.0, 0.0, 0.0, 657.9002571987867, 0.0, 0.0, 0.0, 0.0, 0.0, 0.0, 0.0, 464.42153046984373, 0.0, 0.0, 0.0, 0.0, 396.4428887436727, 0.0]
INFORMACIÓN : 17apuestaBundle [642.1263133088796, 507.79735548324606, 426.21801489275117, 417.43618526701175, 413.50736368336766, 397.15871032870973]
INFORMACIÓN : 17positionsBundle [884, 465, 1863, 2037, 1863, 2093]
INFORMACIÓN : 17levelsBundle [2, 2, 2, 2, 2, 2]
INFORMACIÓN : 17positionsOrdered [465, 884, 1863, 1863, 2037, 2093]
INFORMACIÓN : 17levelsOrdered [2, 2, 2, 2, 2, 2]
INFORMACIÓN : 17partialityOrdered [2, 2, 2, 2, 2, 2]
INFORMACIÓN : 17arrivalTimes [6.708203932499369, 30.751247711127036, 59.751247711127036, 59.751247711127036, 121.9090625581108, 127.99182508840903]
INFORMACIÓN : depSat position 465 level 2
INFORMACIÓN : I [IR, AB]; lost Test.myBail@28d69693; POS 465; sensors [MW]; level 2 I paid 507.79735548324606in favour ofnull paid 507.79735548324606
INFORMACIÓN : 18historia0[0.0, 0.0, 635.2300195954525, 0.0, 0.0, 0.0, 0.0, 0.0, 0.0, 0.0, 0.0, 642.9139451195622, 516.9017572794196, 0.0, 0.0, 554.4035331748673, 0.0, 0.0, 0.0, 0.0, 0.0, 492.8684532590471, 0.0, 566.0251959524159, 0.0, 417.28554921478644, 651.027356057987, 600.4282640680152, 626.9143021948051, 0.0, 0.0, 0.0, 0.0, 0.0, 0.0, 642.9139451195622, 0.0, 0.0, 0.0, 0.0, 485.6979457415142, 0.0, 525.2485837606506, 0.0, 626.9143021948051, 0.0, 0.0, 0.0, 0.0, 0.0, 0.0, 0.0, 0.0, 0.0, 0.0, 0.0, 0.0, 0.0, 0.0, 0.0, 438.55341973717236, 566.0251959524159, 599.259318526003, 0.0, 436.24325259557855, 0.0, 0.0, 436.24325259557855, 0.0, 0.0, 0.0, 0.0, 0.0, 0.0, 0.0, 0.0, 0.0, 0.0, 0.0, 0.0, 0.0, 0.0, 554.4035331748673, 0.0, 0.0, 0.0, 0.0, 0.0, 642.1263133088796, 0.0, 0.0, 0.0, 0.0, 0.0, 484.8657160945589, 0.0, 0.0, 0.0, 0.0, 0.0, 0.0, 657.9002571987867, 511.1392705738997, 0.0, 0.0, 0.0, 0.0, 0.0, 0.0, 464.42153046984373, 0.0, 0.0, 0.0, 0.0, 0.0, 0.0]
