----------------------------------------------------------------------
-- Log session for [myBugCoalitionsCCBBAGuaiDEF-26] started on 2018.01.04.04.50.19 --
----------------------------------------------------------------------

INFORMACIÓN : I started
INFORMACIÓN : 0apuestaBundle [623.0884155053282, 614.8070607280206, 611.5862481194175, 611.5862481194175, 597.3236506278781, 584.8421982359619, 584.8421982359619]
INFORMACIÓN : 0positionsBundle [1174, 1092, 884, 884, 169, 1489, 1489]
INFORMACIÓN : 0levelsBundle [2, 2, 2, 2, 2, 2, 2]
INFORMACIÓN : 0positionsOrdered [1174, 1092, 884, 884, 169, 1489, 1489]
INFORMACIÓN : 0levelsOrdered [2, 2, 2, 2, 2, 2, 2]
INFORMACIÓN : 0partialityOrdered [2, 2, 2, 2, 2, 2, 2]
INFORMACIÓN : 0arrivalTimes [23.769728648009426, 41.88049892428426, 50.82477083428342, 50.82477083428342, 71.34305536296661, 104.14549429668006, 104.14549429668006]
INFORMACIÓN : I [IR, MW]; lost Test.myBail@3841e152; POS 1174; sensors [AB]; level 2 I paid 623.0884155053282in favour of38@(myturtles,myturtles,bug)@MK-203 paid 642.9139451195622
INFORMACIÓN : 1historia0[0.0, 0.0, 638.0941150848574, 0.0, 0.0, 0.0, 0.0, 0.0, 0.0, 0.0, 0.0, 642.9139451195622, 0.0, 0.0, 0.0, 0.0, 0.0, 0.0, 0.0, 0.0, 0.0, 0.0, 0.0, 0.0, 0.0, 0.0, 651.027356057987, 599.259318526003, 626.9143021948051, 0.0, 0.0, 0.0, 0.0, 0.0, 0.0, 642.9139451195622, 0.0, 0.0, 0.0, 0.0, 0.0, 0.0, 0.0, 0.0, 626.9143021948051, 0.0, 0.0, 0.0, 0.0, 0.0, 0.0, 0.0, 0.0, 0.0, 0.0, 0.0, 0.0, 0.0, 0.0, 0.0, 0.0, 0.0, 599.259318526003, 0.0, 0.0, 0.0, 0.0, 0.0, 0.0, 0.0, 0.0, 0.0, 0.0, 0.0, 0.0, 0.0, 0.0, 0.0, 0.0, 0.0, 0.0, 0.0, 0.0, 0.0, 0.0, 0.0, 0.0, 0.0, 645.2696691602645, 0.0, 0.0, 0.0, 0.0, 0.0, 0.0, 0.0, 0.0, 0.0, 0.0, 0.0, 0.0, 658.1840867180008, 0.0, 0.0, 0.0, 0.0, 0.0, 0.0, 0.0, 0.0, 0.0, 0.0, 0.0, 0.0, 0.0, 0.0]
INFORMACIÓN : 1apuestaBundle [557.7069327763527, 524.1568972169016, 518.6348292003036, 518.6348292003036, 504.929097317882, 504.929097317882, 468.3553367174736]
INFORMACIÓN : 1positionsBundle [1409, 2412, 1358, 1358, 2135, 2135, 465]
INFORMACIÓN : 1levelsBundle [2, 2, 2, 2, 2, 2, 2]
INFORMACIÓN : 1positionsOrdered [1409, 2412, 1358, 1358, 2135, 2135, 465]
INFORMACIÓN : 1levelsOrdered [2, 2, 2, 2, 2, 2, 2]
INFORMACIÓN : 1partialityOrdered [2, 2, 2, 2, 2, 2, 2]
INFORMACIÓN : 1arrivalTimes [15.652475842498529, 35.87622425865521, 57.253782585087166, 57.253782585087166, 88.14067300804817, 88.14067300804817, 126.72823577119765]
INFORMACIÓN : coalSat position 1409 level 2
INFORMACIÓN : timeSat position 1409 level 2
INFORMACIÓN : I [IR, MW]; lost Test.myBail@72c1786b; POS 1409; sensors [AB]; level 2 I paid 557.7069327763527in favour ofnull paid 557.7069327763527
INFORMACIÓN : 2historia0[0.0, 0.0, 635.2300195954525, 0.0, 0.0, 0.0, 0.0, 0.0, 0.0, 0.0, 0.0, 642.9139451195622, 0.0, 0.0, 0.0, 554.4035331748673, 0.0, 0.0, 0.0, 0.0, 0.0, 524.4761169623207, 0.0, 566.0251959524159, 0.0, 0.0, 651.027356057987, 599.259318526003, 626.9143021948051, 0.0, 0.0, 0.0, 0.0, 0.0, 0.0, 642.9139451195622, 0.0, 0.0, 0.0, 0.0, 0.0, 0.0, 525.2485837606506, 0.0, 626.9143021948051, 0.0, 0.0, 0.0, 0.0, 0.0, 0.0, 0.0, 0.0, 0.0, 0.0, 0.0, 0.0, 0.0, 0.0, 0.0, 0.0, 566.0251959524159, 599.259318526003, 0.0, 0.0, 0.0, 0.0, 0.0, 0.0, 0.0, 0.0, 0.0, 0.0, 0.0, 0.0, 0.0, 0.0, 0.0, 0.0, 516.4132050655651, 0.0, 0.0, 0.0, 0.0, 0.0, 0.0, 0.0, 0.0, 645.2696691602645, 0.0, 0.0, 0.0, 0.0, 0.0, 484.8657160945589, 0.0, 0.0, 0.0, 0.0, 0.0, 0.0, 657.9002571987867, 0.0, 0.0, 0.0, 0.0, 0.0, 0.0, 0.0, 0.0, 0.0, 0.0, 0.0, 0.0, 0.0, 0.0]
INFORMACIÓN : 2apuestaBundle [600.4282640680152, 526.267098409509, 516.9017572794196, 499.245090337482, 486.0560105835981, 486.0560105835981]
INFORMACIÓN : 2positionsBundle [169, 1409, 454, 465, 1358, 1358]
INFORMACIÓN : 2levelsBundle [2, 2, 2, 2, 2, 2]
INFORMACIÓN : 2positionsOrdered [454, 465, 169, 1409, 1358, 1358]
INFORMACIÓN : 2levelsOrdered [2, 2, 2, 2, 2, 2]
INFORMACIÓN : 2partialityOrdered [2, 2, 2, 2, 2, 2]
INFORMACIÓN : 2arrivalTimes [5.385164807134504, 16.385164807134505, 33.48159687540681, 60.40742091107933, 61.82163447345242, 61.82163447345242]
INFORMACIÓN : coalSat position 454 level 2
INFORMACIÓN : timeSat position 454 level 2
INFORMACIÓN : coalSat position 465 level 2
INFORMACIÓN : coalSat position 1358 level 2
INFORMACIÓN : I [IR, MW]; lost Test.myBail@72c1786b; POS 1409; sensors [AB]; level 2 I paid 526.267098409509in favour of38@(myturtles,myturtles,bug)@MK-203 paid 554.4035331748673
INFORMACIÓN : 3historia0[0.0, 0.0, 635.2300195954525, 0.0, 0.0, 0.0, 0.0, 0.0, 0.0, 0.0, 0.0, 642.9139451195622, 0.0, 0.0, 0.0, 554.4035331748673, 0.0, 0.0, 481.46764922211537, 0.0, 0.0, 492.8684532590471, 0.0, 566.0251959524159, 0.0, 0.0, 651.027356057987, 600.4282640680152, 626.9143021948051, 0.0, 0.0, 0.0, 507.79735548324606, 0.0, 0.0, 642.9139451195622, 0.0, 0.0, 0.0, 0.0, 0.0, 0.0, 525.2485837606506, 0.0, 626.9143021948051, 0.0, 484.572116815089, 0.0, 0.0, 0.0, 0.0, 0.0, 0.0, 0.0, 0.0, 0.0, 0.0, 0.0, 0.0, 0.0, 434.5310543630119, 566.0251959524159, 599.259318526003, 0.0, 0.0, 0.0, 0.0, 0.0, 0.0, 0.0, 0.0, 0.0, 0.0, 0.0, 0.0, 0.0, 0.0, 0.0, 0.0, 516.4132050655651, 0.0, 0.0, 554.4035331748673, 0.0, 0.0, 0.0, 0.0, 0.0, 642.1263133088796, 0.0, 0.0, 0.0, 0.0, 0.0, 484.8657160945589, 0.0, 0.0, 0.0, 0.0, 0.0, 0.0, 657.9002571987867, 511.1392705738997, 0.0, 0.0, 0.0, 0.0, 0.0, 0.0, 0.0, 455.55941590497196, 0.0, 0.0, 0.0, 0.0, 0.0]
INFORMACIÓN : 3apuestaBundle [600.4282640680152, 485.6979457415142, 436.24325259557855, 436.24325259557855, 417.71210581830167, 412.49271729920224]
INFORMACIÓN : 3positionsBundle [169, 1358, 71, 71, 1863, 1045]
INFORMACIÓN : 3levelsBundle [2, 2, 2, 2, 2, 2]
INFORMACIÓN : 3positionsOrdered [71, 71, 169, 1358, 1863, 1045]
INFORMACIÓN : 3levelsOrdered [2, 2, 2, 2, 2, 2]
INFORMACIÓN : 3partialityOrdered [2, 2, 2, 2, 2, 2]
INFORMACIÓN : 3arrivalTimes [23.021728866442675, 23.021728866442675, 33.48159687540681, 61.82163447345242, 73.00197436095137, 109.23731622493824]
INFORMACIÓN : coalSat position 1863 level 2
INFORMACIÓN : coalSat position 1045 level 2
INFORMACIÓN : timeSat position 1045 level 2
INFORMACIÓN : I [IR, MW]; lost Test.myBail@192a7b21; POS 1863; sensors [AB]; level 2 I paid 417.71210581830167in favour ofnull paid 417.71210581830167
INFORMACIÓN : 4historia0[0.0, 0.0, 635.2300195954525, 0.0, 0.0, 0.0, 0.0, 0.0, 0.0, 0.0, 0.0, 642.9139451195622, 455.55941590497196, 0.0, 0.0, 554.4035331748673, 0.0, 0.0, 0.0, 0.0, 0.0, 492.8684532590471, 0.0, 566.0251959524159, 0.0, 417.28554921478644, 651.027356057987, 600.4282640680152, 626.9143021948051, 0.0, 0.0, 0.0, 507.79735548324606, 0.0, 0.0, 642.9139451195622, 0.0, 0.0, 0.0, 0.0, 485.6979457415142, 0.0, 525.2485837606506, 0.0, 626.9143021948051, 0.0, 484.572116815089, 0.0, 0.0, 0.0, 0.0, 426.0151900358993, 0.0, 0.0, 0.0, 0.0, 447.1094793462885, 0.0, 0.0, 0.0, 434.5310543630119, 566.0251959524159, 599.259318526003, 0.0, 436.24325259557855, 0.0, 0.0, 436.24325259557855, 0.0, 0.0, 0.0, 0.0, 0.0, 0.0, 0.0, 0.0, 0.0, 0.0, 0.0, 516.4132050655651, 0.0, 0.0, 554.4035331748673, 0.0, 0.0, 0.0, 0.0, 0.0, 642.1263133088796, 0.0, 0.0, 0.0, 0.0, 0.0, 484.8657160945589, 0.0, 0.0, 0.0, 0.0, 0.0, 0.0, 657.9002571987867, 0.0, 0.0, 0.0, 0.0, 0.0, 0.0, 0.0, 464.42153046984373, 455.55941590497196, 0.0, 0.0, 0.0, 0.0, 0.0]
INFORMACIÓN : 4apuestaBundle [600.4282640680152, 485.6979457415142, 436.24325259557855, 436.24325259557855, 486.0560105835981, 438.55341973717236, 431.5094606610246, 412.49271729920224]
INFORMACIÓN : 4positionsBundle [169, 1358, 71, 71, 1358, 687, 687, 1045]
INFORMACIÓN : 4levelsBundle [2, 2, 2, 2, 2, 2, 2, 2]
INFORMACIÓN : 4positionsOrdered [71, 71, 169, 1358, 1358, 687, 687, 1045]
INFORMACIÓN : 4levelsOrdered [2, 2, 2, 2, 2, 2, 2, 2]
INFORMACIÓN : 4partialityOrdered [2, 2, 2, 2, 2, 2, 2, 2]
INFORMACIÓN : 4arrivalTimes [23.021728866442675, 23.021728866442675, 33.48159687540681, 59.882354440294975, 61.82163447345242, 94.02411884966165, 94.02411884966165, 119.87590961801676]
INFORMACIÓN : I [IR, MW]; lost Test.myBail@59b63736; POS 687; sensors [MW]; level 2 I paid 438.55341973717236in favour of33@(myturtles,myturtles,bug)@MK-203 paid 448.9437980605643
INFORMACIÓN : 5historia0[0.0, 0.0, 635.2300195954525, 0.0, 0.0, 0.0, 0.0, 0.0, 0.0, 0.0, 0.0, 642.9139451195622, 455.55941590497196, 0.0, 0.0, 554.4035331748673, 0.0, 0.0, 448.9437980605643, 0.0, 0.0, 492.8684532590471, 0.0, 566.0251959524159, 0.0, 463.31230767440076, 651.027356057987, 600.4282640680152, 626.9143021948051, 0.0, 0.0, 0.0, 507.79735548324606, 0.0, 0.0, 642.9139451195622, 0.0, 0.0, 0.0, 0.0, 485.6979457415142, 0.0, 525.2485837606506, 0.0, 626.9143021948051, 0.0, 484.572116815089, 0.0, 0.0, 0.0, 0.0, 426.0151900358993, 0.0, 0.0, 0.0, 0.0, 447.1094793462885, 0.0, 0.0, 0.0, 448.9437980605643, 566.0251959524159, 599.259318526003, 0.0, 436.24325259557855, 0.0, 0.0, 436.24325259557855, 0.0, 0.0, 0.0, 0.0, 0.0, 0.0, 0.0, 0.0, 0.0, 0.0, 0.0, 516.4132050655651, 0.0, 0.0, 554.4035331748673, 0.0, 0.0, 0.0, 0.0, 0.0, 642.1263133088796, 0.0, 0.0, 0.0, 0.0, 0.0, 484.8657160945589, 0.0, 0.0, 0.0, 0.0, 0.0, 0.0, 657.9002571987867, 486.0560105835981, 463.31230767440076, 0.0, 0.0, 0.0, 0.0, 0.0, 426.0151900358993, 455.55941590497196, 0.0, 0.0, 0.0, 396.4428887436727, 0.0]
INFORMACIÓN : 5apuestaBundle [600.4282640680152, 485.6979457415142, 436.24325259557855, 436.24325259557855, 486.0560105835981, 417.71210581830167, 382.65254500972367]
INFORMACIÓN : 5positionsBundle [169, 1358, 71, 71, 1358, 1863, 2093]
INFORMACIÓN : 5levelsBundle [2, 2, 2, 2, 2, 2, 2]
INFORMACIÓN : 5positionsOrdered [71, 71, 169, 1358, 1358, 1863, 2093]
INFORMACIÓN : 5levelsOrdered [2, 2, 2, 2, 2, 2, 2]
INFORMACIÓN : 5partialityOrdered [2, 2, 2, 2, 2, 2, 2]
INFORMACIÓN : 5arrivalTimes [23.021728866442675, 23.021728866442675, 33.48159687540681, 59.882354440294975, 61.82163447345242, 73.00197436095137, 132.09709477644873]
INFORMACIÓN : 6historia0[0.0, 352.64540673479064, 635.2300195954525, 0.0, 0.0, 417.71210581830167, 312.6424465962472, 0.0, 382.65254500972367, 0.0, 0.0, 642.9139451195622, 455.55941590497196, 0.0, 0.0, 554.4035331748673, 0.0, 0.0, 448.9437980605643, 0.0, 0.0, 492.8684532590471, 0.0, 566.0251959524159, 0.0, 463.31230767440076, 651.027356057987, 600.4282640680152, 626.9143021948051, 0.0, 0.0, 0.0, 507.79735548324606, 0.0, 0.0, 642.9139451195622, 0.0, 0.0, 0.0, 0.0, 485.6979457415142, 0.0, 525.2485837606506, 0.0, 626.9143021948051, 0.0, 484.572116815089, 0.0, 0.0, 0.0, 352.64540673479064, 426.0151900358993, 0.0, 0.0, 0.0, 0.0, 447.1094793462885, 0.0, 0.0, 0.0, 448.9437980605643, 566.0251959524159, 599.259318526003, 0.0, 436.24325259557855, 0.0, 0.0, 436.24325259557855, 0.0, 0.0, 0.0, 0.0, 0.0, 0.0, 0.0, 0.0, 0.0, 0.0, 0.0, 516.4132050655651, 0.0, 0.0, 554.4035331748673, 0.0, 0.0, 0.0, 0.0, 0.0, 642.1263133088796, 0.0, 0.0, 0.0, 0.0, 0.0, 484.8657160945589, 0.0, 0.0, 0.0, 0.0, 0.0, 0.0, 657.9002571987867, 486.0560105835981, 463.31230767440076, 0.0, 0.0, 0.0, 0.0, 0.0, 426.0151900358993, 455.55941590497196, 0.0, 0.0, 0.0, 396.4428887436727, 0.0]
INFORMACIÓN : 6apuestaBundle [600.4282640680152, 485.6979457415142, 436.24325259557855, 436.24325259557855, 486.0560105835981, 417.71210581830167, 382.65254500972367]
INFORMACIÓN : 6positionsBundle [169, 1358, 71, 71, 1358, 1863, 2093]
INFORMACIÓN : 6levelsBundle [2, 2, 2, 2, 2, 2, 2]
INFORMACIÓN : 6positionsOrdered [71, 71, 169, 1358, 1358, 1863, 2093]
INFORMACIÓN : 6levelsOrdered [2, 2, 2, 2, 2, 2, 2]
INFORMACIÓN : 6partialityOrdered [2, 2, 2, 2, 2, 2, 2]
INFORMACIÓN : 6arrivalTimes [23.021728866442675, 23.021728866442675, 33.48159687540681, 59.882354440294975, 61.82163447345242, 73.00197436095137, 132.09709477644873]
INFORMACIÓN : coalSat position 1358 level 2
INFORMACIÓN : I [IR, MW]; lost Test.myBail@1fb0b5e7; POS 1358; sensors [MW]; level 2 I paid 485.6979457415142in favour ofnull paid 485.6979457415142
INFORMACIÓN : 7historia0[0.0, 0.0, 635.2300195954525, 0.0, 0.0, 428.38631470341033, 312.6424465962472, 0.0, 0.0, 0.0, 0.0, 642.9139451195622, 455.55941590497196, 0.0, 0.0, 554.4035331748673, 0.0, 0.0, 448.9437980605643, 0.0, 0.0, 492.8684532590471, 0.0, 566.0251959524159, 0.0, 463.31230767440076, 651.027356057987, 600.4282640680152, 626.9143021948051, 0.0, 0.0, 0.0, 507.79735548324606, 0.0, 0.0, 642.9139451195622, 0.0, 0.0, 0.0, 0.0, 0.0, 0.0, 525.2485837606506, 0.0, 626.9143021948051, 0.0, 484.572116815089, 0.0, 0.0, 0.0, 0.0, 414.74576657064154, 0.0, 0.0, 0.0, 0.0, 447.1094793462885, 0.0, 0.0, 0.0, 448.9437980605643, 566.0251959524159, 599.259318526003, 0.0, 0.0, 0.0, 0.0, 0.0, 0.0, 0.0, 0.0, 0.0, 0.0, 0.0, 312.6424465962472, 0.0, 0.0, 0.0, 0.0, 516.4132050655651, 0.0, 0.0, 554.4035331748673, 0.0, 0.0, 0.0, 0.0, 0.0, 642.1263133088796, 0.0, 0.0, 0.0, 0.0, 0.0, 484.8657160945589, 0.0, 0.0, 0.0, 0.0, 0.0, 0.0, 657.9002571987867, 511.1392705738997, 463.31230767440076, 0.0, 0.0, 0.0, 0.0, 0.0, 0.0, 455.55941590497196, 0.0, 0.0, 0.0, 396.4428887436727, 0.0]
INFORMACIÓN : 7apuestaBundle [600.4282640680152, 485.7002113030343, 436.24325259557855, 436.24325259557855, 366.959433860922, 351.1900809863149]
INFORMACIÓN : 7positionsBundle [169, 454, 71, 71, 2093, 1607]
INFORMACIÓN : 7levelsBundle [2, 2, 2, 2, 2, 2]
INFORMACIÓN : 7positionsOrdered [71, 71, 169, 454, 1607, 2093]
INFORMACIÓN : 7levelsOrdered [2, 2, 2, 2, 2, 2]
INFORMACIÓN : 7partialityOrdered [2, 2, 2, 2, 2, 2]
INFORMACIÓN : 7arrivalTimes [23.021728866442675, 23.021728866442675, 33.48159687540681, 59.79959710364709, 82.99442411313349, 128.09709477644873]
INFORMACIÓN : coalSat position 71 level 2
INFORMACIÓN : timeSat position 71 level 2
INFORMACIÓN : I [IR, MW]; lost Test.myBail@66c6ac43; POS 71; sensors [IR]; level 2 I paid 436.24325259557855in favour ofnull paid 436.24325259557855
INFORMACIÓN : 8historia0[0.0, 0.0, 635.2300195954525, 0.0, 0.0, 428.38631470341033, 312.6424465962472, 0.0, 0.0, 0.0, 0.0, 642.9139451195622, 485.7002113030343, 0.0, 0.0, 554.4035331748673, 0.0, 0.0, 448.9437980605643, 0.0, 0.0, 492.8684532590471, 0.0, 566.0251959524159, 0.0, 463.31230767440076, 651.027356057987, 600.4282640680152, 626.9143021948051, 0.0, 0.0, 0.0, 507.79735548324606, 0.0, 0.0, 642.9139451195622, 0.0, 0.0, 0.0, 0.0, 0.0, 0.0, 525.2485837606506, 0.0, 626.9143021948051, 0.0, 484.572116815089, 0.0, 0.0, 0.0, 0.0, 414.74576657064154, 0.0, 0.0, 0.0, 0.0, 447.1094793462885, 0.0, 0.0, 0.0, 448.9437980605643, 566.0251959524159, 599.259318526003, 0.0, 0.0, 0.0, 0.0, 468.0582599284435, 0.0, 0.0, 0.0, 0.0, 0.0, 0.0, 312.6424465962472, 0.0, 0.0, 0.0, 0.0, 516.4132050655651, 0.0, 0.0, 554.4035331748673, 0.0, 0.0, 0.0, 0.0, 0.0, 642.1263133088796, 0.0, 0.0, 0.0, 0.0, 0.0, 484.8657160945589, 0.0, 0.0, 0.0, 0.0, 0.0, 0.0, 657.9002571987867, 511.1392705738997, 463.31230767440076, 0.0, 0.0, 0.0, 0.0, 0.0, 0.0, 455.55941590497196, 0.0, 0.0, 0.0, 396.4428887436727, 0.0]
INFORMACIÓN : 8apuestaBundle [600.4282640680152, 485.7002113030343, 427.87423225762245, 334.5356072279617, 313.54028122899706, 313.54028122899706]
INFORMACIÓN : 8positionsBundle [169, 454, 71, 1607, 506, 506]
INFORMACIÓN : 8levelsBundle [2, 2, 2, 2, 2, 2]
INFORMACIÓN : 8positionsOrdered [506, 506, 169, 454, 1607, 71]
INFORMACIÓN : 8levelsOrdered [2, 2, 2, 2, 2, 2]
INFORMACIÓN : 8partialityOrdered [2, 2, 2, 2, 2, 2]
INFORMACIÓN : 8arrivalTimes [5.656854249492381, 5.656854249492381, 33.48159687540681, 59.79959710364709, 82.99442411313349, 126.08865727252413]
INFORMACIÓN : 9historia0[0.0, 0.0, 635.2300195954525, 0.0, 0.0, 425.54848695945066, 312.6424465962472, 0.0, 0.0, 0.0, 0.0, 642.9139451195622, 485.7002113030343, 0.0, 0.0, 554.4035331748673, 0.0, 0.0, 448.9437980605643, 0.0, 0.0, 492.8684532590471, 0.0, 566.0251959524159, 0.0, 463.31230767440076, 651.027356057987, 600.4282640680152, 626.9143021948051, 0.0, 0.0, 0.0, 507.79735548324606, 313.54028122899706, 0.0, 642.9139451195622, 0.0, 0.0, 0.0, 0.0, 482.78590776255396, 0.0, 525.2485837606506, 0.0, 626.9143021948051, 0.0, 484.572116815089, 0.0, 0.0, 0.0, 334.5356072279617, 414.74576657064154, 0.0, 0.0, 0.0, 0.0, 447.1094793462885, 0.0, 0.0, 0.0, 448.9437980605643, 566.0251959524159, 599.259318526003, 0.0, 427.87423225762245, 0.0, 0.0, 413.0626375111931, 0.0, 0.0, 0.0, 313.54028122899706, 0.0, 0.0, 312.6424465962472, 0.0, 0.0, 0.0, 0.0, 516.4132050655651, 0.0, 0.0, 554.4035331748673, 0.0, 0.0, 0.0, 0.0, 0.0, 642.1263133088796, 0.0, 0.0, 0.0, 0.0, 0.0, 484.8657160945589, 0.0, 0.0, 0.0, 0.0, 0.0, 0.0, 657.9002571987867, 511.1392705738997, 463.31230767440076, 0.0, 0.0, 0.0, 0.0, 0.0, 0.0, 0.0, 0.0, 0.0, 0.0, 396.4428887436727, 0.0]
INFORMACIÓN : 9apuestaBundle [600.4282640680152, 485.7002113030343, 427.87423225762245, 334.5356072279617, 313.54028122899706, 313.54028122899706, 436.24325259557855]
INFORMACIÓN : 9positionsBundle [169, 454, 71, 1607, 506, 506, 71]
INFORMACIÓN : 9levelsBundle [2, 2, 2, 2, 2, 2, 2]
INFORMACIÓN : 9positionsOrdered [506, 506, 169, 454, 1607, 71, 71]
INFORMACIÓN : 9levelsOrdered [2, 2, 2, 2, 2, 2, 2]
INFORMACIÓN : 9partialityOrdered [2, 2, 2, 2, 2, 2, 2]
INFORMACIÓN : 9arrivalTimes [5.656854249492381, 5.656854249492381, 33.48159687540681, 59.79959710364709, 82.99442411313349, 124.08865727252413, 126.08865727252413]
INFORMACIÓN : 10historia0[0.0, 0.0, 635.2300195954525, 0.0, 0.0, 425.54848695945066, 312.6424465962472, 0.0, 0.0, 0.0, 0.0, 642.9139451195622, 485.7002113030343, 0.0, 0.0, 554.4035331748673, 0.0, 0.0, 448.9437980605643, 0.0, 0.0, 492.8684532590471, 0.0, 566.0251959524159, 0.0, 463.31230767440076, 651.027356057987, 600.4282640680152, 626.9143021948051, 0.0, 0.0, 0.0, 507.79735548324606, 313.54028122899706, 0.0, 642.9139451195622, 0.0, 0.0, 0.0, 0.0, 482.78590776255396, 0.0, 525.2485837606506, 0.0, 626.9143021948051, 0.0, 484.572116815089, 0.0, 0.0, 0.0, 334.5356072279617, 414.74576657064154, 0.0, 0.0, 0.0, 0.0, 447.1094793462885, 0.0, 0.0, 0.0, 448.9437980605643, 566.0251959524159, 599.259318526003, 0.0, 427.87423225762245, 0.0, 0.0, 436.24325259557855, 0.0, 0.0, 0.0, 313.54028122899706, 0.0, 0.0, 312.6424465962472, 0.0, 0.0, 0.0, 0.0, 516.4132050655651, 0.0, 0.0, 554.4035331748673, 0.0, 0.0, 0.0, 0.0, 0.0, 642.1263133088796, 0.0, 0.0, 0.0, 0.0, 0.0, 484.8657160945589, 0.0, 0.0, 0.0, 0.0, 0.0, 0.0, 657.9002571987867, 511.1392705738997, 463.31230767440076, 0.0, 0.0, 0.0, 0.0, 0.0, 0.0, 0.0, 0.0, 0.0, 0.0, 396.4428887436727, 0.0]
INFORMACIÓN : 10apuestaBundle [600.4282640680152, 485.7002113030343, 427.87423225762245, 334.5356072279617, 313.54028122899706, 313.54028122899706, 436.24325259557855]
INFORMACIÓN : 10positionsBundle [169, 454, 71, 1607, 506, 506, 71]
INFORMACIÓN : 10levelsBundle [2, 2, 2, 2, 2, 2, 2]
INFORMACIÓN : 10positionsOrdered [506, 506, 169, 454, 1607, 71, 71]
INFORMACIÓN : 10levelsOrdered [2, 2, 2, 2, 2, 2, 2]
INFORMACIÓN : 10partialityOrdered [2, 2, 2, 2, 2, 2, 2]
INFORMACIÓN : 10arrivalTimes [5.656854249492381, 5.656854249492381, 33.48159687540681, 59.79959710364709, 82.99442411313349, 124.08865727252413, 126.08865727252413]
INFORMACIÓN : 11historia0[0.0, 0.0, 635.2300195954525, 0.0, 0.0, 0.0, 312.6424465962472, 0.0, 0.0, 0.0, 0.0, 642.9139451195622, 485.7002113030343, 0.0, 0.0, 554.4035331748673, 0.0, 0.0, 481.46764922211537, 0.0, 0.0, 492.8684532590471, 0.0, 566.0251959524159, 0.0, 0.0, 651.027356057987, 600.4282640680152, 626.9143021948051, 0.0, 0.0, 0.0, 507.79735548324606, 313.54028122899706, 0.0, 642.9139451195622, 0.0, 0.0, 0.0, 0.0, 482.78590776255396, 0.0, 525.2485837606506, 0.0, 626.9143021948051, 0.0, 484.572116815089, 0.0, 0.0, 0.0, 334.5356072279617, 420.05516312823636, 0.0, 0.0, 0.0, 0.0, 447.1094793462885, 0.0, 0.0, 0.0, 448.9437980605643, 566.0251959524159, 599.259318526003, 0.0, 427.87423225762245, 0.0, 0.0, 436.24325259557855, 0.0, 0.0, 0.0, 313.54028122899706, 0.0, 0.0, 312.6424465962472, 0.0, 0.0, 0.0, 0.0, 516.4132050655651, 0.0, 0.0, 554.4035331748673, 0.0, 0.0, 0.0, 0.0, 0.0, 642.1263133088796, 0.0, 0.0, 0.0, 0.0, 0.0, 484.8657160945589, 0.0, 0.0, 0.0, 0.0, 0.0, 0.0, 657.9002571987867, 511.1392705738997, 0.0, 0.0, 0.0, 0.0, 0.0, 0.0, 0.0, 0.0, 0.0, 0.0, 0.0, 396.4428887436727, 0.0]
INFORMACIÓN : 11apuestaBundle [600.4282640680152, 485.7002113030343, 427.87423225762245, 334.5356072279617, 313.54028122899706, 313.54028122899706, 436.24325259557855]
INFORMACIÓN : 11positionsBundle [169, 454, 71, 1607, 506, 506, 71]
INFORMACIÓN : 11levelsBundle [2, 2, 2, 2, 2, 2, 2]
INFORMACIÓN : 11positionsOrdered [506, 506, 169, 454, 1607, 71, 71]
INFORMACIÓN : 11levelsOrdered [2, 2, 2, 2, 2, 2, 2]
INFORMACIÓN : 11partialityOrdered [2, 2, 2, 2, 2, 2, 2]
INFORMACIÓN : 11arrivalTimes [5.656854249492381, 5.656854249492381, 33.48159687540681, 59.79959710364709, 82.99442411313349, 124.08865727252413, 126.08865727252413]
INFORMACIÓN : 12historia0[0.0, 0.0, 635.2300195954525, 0.0, 0.0, 0.0, 0.0, 0.0, 0.0, 0.0, 0.0, 642.9139451195622, 485.7002113030343, 0.0, 0.0, 554.4035331748673, 0.0, 0.0, 481.46764922211537, 0.0, 0.0, 492.8684532590471, 0.0, 566.0251959524159, 0.0, 417.28554921478644, 651.027356057987, 600.4282640680152, 626.9143021948051, 0.0, 0.0, 0.0, 507.79735548324606, 313.54028122899706, 0.0, 642.9139451195622, 0.0, 0.0, 0.0, 0.0, 482.78590776255396, 0.0, 525.2485837606506, 0.0, 626.9143021948051, 0.0, 484.572116815089, 0.0, 0.0, 0.0, 334.5356072279617, 420.05516312823636, 0.0, 0.0, 0.0, 0.0, 447.1094793462885, 0.0, 0.0, 0.0, 429.31274947635166, 566.0251959524159, 599.259318526003, 0.0, 427.87423225762245, 0.0, 0.0, 436.24325259557855, 0.0, 0.0, 0.0, 313.54028122899706, 0.0, 0.0, 0.0, 0.0, 0.0, 0.0, 0.0, 516.4132050655651, 0.0, 0.0, 554.4035331748673, 0.0, 0.0, 0.0, 0.0, 0.0, 642.1263133088796, 0.0, 0.0, 0.0, 0.0, 0.0, 484.8657160945589, 0.0, 0.0, 0.0, 0.0, 0.0, 0.0, 657.9002571987867, 511.1392705738997, 0.0, 0.0, 0.0, 0.0, 0.0, 0.0, 464.42153046984373, 0.0, 0.0, 0.0, 0.0, 396.4428887436727, 0.0]
INFORMACIÓN : 12apuestaBundle [600.4282640680152, 485.7002113030343, 427.87423225762245, 334.5356072279617, 313.54028122899706, 313.54028122899706, 436.24325259557855]
INFORMACIÓN : 12positionsBundle [169, 454, 71, 1607, 506, 506, 71]
INFORMACIÓN : 12levelsBundle [2, 2, 2, 2, 2, 2, 2]
INFORMACIÓN : 12positionsOrdered [506, 506, 169, 454, 1607, 71, 71]
INFORMACIÓN : 12levelsOrdered [2, 2, 2, 2, 2, 2, 2]
INFORMACIÓN : 12partialityOrdered [2, 2, 2, 2, 2, 2, 2]
INFORMACIÓN : 12arrivalTimes [5.656854249492381, 5.656854249492381, 33.48159687540681, 59.79959710364709, 82.99442411313349, 124.08865727252413, 126.08865727252413]
INFORMACIÓN : 13historia0[0.0, 0.0, 635.2300195954525, 0.0, 0.0, 0.0, 312.6424465962472, 0.0, 0.0, 0.0, 0.0, 642.9139451195622, 485.7002113030343, 0.0, 0.0, 554.4035331748673, 0.0, 0.0, 481.46764922211537, 0.0, 0.0, 492.8684532590471, 0.0, 566.0251959524159, 0.0, 417.28554921478644, 651.027356057987, 600.4282640680152, 626.9143021948051, 0.0, 0.0, 0.0, 507.79735548324606, 313.54028122899706, 0.0, 642.9139451195622, 0.0, 0.0, 0.0, 0.0, 482.78590776255396, 0.0, 525.2485837606506, 0.0, 626.9143021948051, 0.0, 484.572116815089, 0.0, 0.0, 0.0, 334.5356072279617, 420.05516312823636, 0.0, 0.0, 0.0, 0.0, 447.1094793462885, 0.0, 0.0, 0.0, 429.31274947635166, 566.0251959524159, 599.259318526003, 0.0, 427.87423225762245, 0.0, 0.0, 436.24325259557855, 0.0, 0.0, 0.0, 313.54028122899706, 0.0, 0.0, 312.6424465962472, 0.0, 0.0, 0.0, 0.0, 516.4132050655651, 0.0, 0.0, 554.4035331748673, 0.0, 0.0, 0.0, 0.0, 0.0, 642.1263133088796, 0.0, 0.0, 0.0, 0.0, 0.0, 484.8657160945589, 0.0, 0.0, 0.0, 0.0, 0.0, 0.0, 657.9002571987867, 511.1392705738997, 0.0, 0.0, 0.0, 0.0, 0.0, 0.0, 464.42153046984373, 0.0, 0.0, 0.0, 0.0, 396.4428887436727, 0.0]
INFORMACIÓN : 13apuestaBundle [600.4282640680152, 485.7002113030343, 427.87423225762245, 334.5356072279617, 313.54028122899706, 313.54028122899706, 436.24325259557855]
INFORMACIÓN : 13positionsBundle [169, 454, 71, 1607, 506, 506, 71]
INFORMACIÓN : 13levelsBundle [2, 2, 2, 2, 2, 2, 2]
INFORMACIÓN : 13positionsOrdered [506, 506, 169, 454, 1607, 71, 71]
INFORMACIÓN : 13levelsOrdered [2, 2, 2, 2, 2, 2, 2]
INFORMACIÓN : 13partialityOrdered [2, 2, 2, 2, 2, 2, 2]
INFORMACIÓN : 13arrivalTimes [5.656854249492381, 5.656854249492381, 33.48159687540681, 59.79959710364709, 82.99442411313349, 124.08865727252413, 126.08865727252413]
INFORMACIÓN : 14historia0[0.0, 0.0, 635.2300195954525, 0.0, 0.0, 0.0, 312.6424465962472, 0.0, 0.0, 0.0, 0.0, 642.9139451195622, 485.7002113030343, 0.0, 0.0, 554.4035331748673, 0.0, 0.0, 481.46764922211537, 0.0, 0.0, 492.8684532590471, 0.0, 566.0251959524159, 0.0, 417.28554921478644, 651.027356057987, 600.4282640680152, 626.9143021948051, 0.0, 0.0, 0.0, 507.79735548324606, 313.54028122899706, 0.0, 642.9139451195622, 0.0, 0.0, 0.0, 0.0, 482.78590776255396, 0.0, 525.2485837606506, 0.0, 626.9143021948051, 0.0, 484.572116815089, 0.0, 0.0, 0.0, 334.5356072279617, 417.43618526701175, 0.0, 0.0, 0.0, 0.0, 447.1094793462885, 0.0, 0.0, 0.0, 429.31274947635166, 566.0251959524159, 599.259318526003, 0.0, 427.87423225762245, 0.0, 0.0, 436.24325259557855, 0.0, 0.0, 0.0, 313.54028122899706, 0.0, 0.0, 312.6424465962472, 0.0, 0.0, 0.0, 0.0, 516.4132050655651, 0.0, 0.0, 554.4035331748673, 0.0, 0.0, 0.0, 0.0, 0.0, 642.1263133088796, 0.0, 0.0, 0.0, 0.0, 0.0, 484.8657160945589, 0.0, 0.0, 0.0, 0.0, 0.0, 0.0, 657.9002571987867, 511.1392705738997, 0.0, 0.0, 0.0, 0.0, 0.0, 0.0, 464.42153046984373, 0.0, 0.0, 0.0, 0.0, 396.4428887436727, 0.0]
INFORMACIÓN : 14apuestaBundle [600.4282640680152, 485.7002113030343, 427.87423225762245, 334.5356072279617, 313.54028122899706, 313.54028122899706, 436.24325259557855]
INFORMACIÓN : 14positionsBundle [169, 454, 71, 1607, 506, 506, 71]
INFORMACIÓN : 14levelsBundle [2, 2, 2, 2, 2, 2, 2]
INFORMACIÓN : 14positionsOrdered [506, 506, 169, 454, 1607, 71, 71]
INFORMACIÓN : 14levelsOrdered [2, 2, 2, 2, 2, 2, 2]
INFORMACIÓN : 14partialityOrdered [2, 2, 2, 2, 2, 2, 2]
INFORMACIÓN : 14arrivalTimes [5.656854249492381, 5.656854249492381, 33.48159687540681, 59.79959710364709, 82.99442411313349, 124.08865727252413, 126.08865727252413]
INFORMACIÓN : 15historia0[0.0, 0.0, 635.2300195954525, 0.0, 0.0, 0.0, 312.6424465962472, 0.0, 0.0, 0.0, 0.0, 642.9139451195622, 485.7002113030343, 0.0, 0.0, 554.4035331748673, 0.0, 0.0, 481.46764922211537, 0.0, 0.0, 492.8684532590471, 0.0, 566.0251959524159, 0.0, 417.28554921478644, 651.027356057987, 600.4282640680152, 626.9143021948051, 0.0, 0.0, 0.0, 507.79735548324606, 313.54028122899706, 0.0, 642.9139451195622, 0.0, 0.0, 0.0, 0.0, 482.78590776255396, 0.0, 525.2485837606506, 0.0, 626.9143021948051, 0.0, 484.572116815089, 0.0, 0.0, 0.0, 334.5356072279617, 417.43618526701175, 0.0, 0.0, 0.0, 0.0, 447.1094793462885, 0.0, 0.0, 0.0, 429.31274947635166, 566.0251959524159, 599.259318526003, 0.0, 427.87423225762245, 0.0, 0.0, 436.24325259557855, 0.0, 0.0, 0.0, 313.54028122899706, 0.0, 0.0, 312.6424465962472, 0.0, 0.0, 0.0, 0.0, 516.4132050655651, 0.0, 0.0, 554.4035331748673, 0.0, 0.0, 0.0, 0.0, 0.0, 642.1263133088796, 0.0, 0.0, 0.0, 0.0, 0.0, 484.8657160945589, 0.0, 0.0, 0.0, 0.0, 0.0, 0.0, 657.9002571987867, 511.1392705738997, 0.0, 0.0, 0.0, 0.0, 0.0, 0.0, 464.42153046984373, 0.0, 0.0, 0.0, 0.0, 396.4428887436727, 0.0]
INFORMACIÓN : 15apuestaBundle [600.4282640680152, 485.7002113030343, 427.87423225762245, 334.5356072279617, 313.54028122899706, 313.54028122899706, 436.24325259557855]
INFORMACIÓN : 15positionsBundle [169, 454, 71, 1607, 506, 506, 71]
INFORMACIÓN : 15levelsBundle [2, 2, 2, 2, 2, 2, 2]
INFORMACIÓN : 15positionsOrdered [506, 506, 169, 454, 1607, 71, 71]
INFORMACIÓN : 15levelsOrdered [2, 2, 2, 2, 2, 2, 2]
INFORMACIÓN : 15partialityOrdered [2, 2, 2, 2, 2, 2, 2]
INFORMACIÓN : 15arrivalTimes [5.656854249492381, 5.656854249492381, 33.48159687540681, 59.79959710364709, 82.99442411313349, 124.08865727252413, 126.08865727252413]
INFORMACIÓN : depSat position 454 level 2
INFORMACIÓN : depSat position 1607 level 2
INFORMACIÓN : I [IR, MW]; lost Test.myBail@5206739; POS 454; sensors [AB]; level 2 I paid 485.7002113030343in favour ofnull paid 485.7002113030343
INFORMACIÓN : 16historia0[0.0, 0.0, 635.2300195954525, 0.0, 0.0, 0.0, 312.6424465962472, 0.0, 0.0, 0.0, 0.0, 642.9139451195622, 0.0, 0.0, 0.0, 554.4035331748673, 0.0, 0.0, 481.46764922211537, 0.0, 0.0, 492.8684532590471, 0.0, 566.0251959524159, 0.0, 417.28554921478644, 651.027356057987, 600.4282640680152, 626.9143021948051, 0.0, 0.0, 0.0, 507.79735548324606, 0.0, 0.0, 642.9139451195622, 0.0, 0.0, 0.0, 0.0, 482.78590776255396, 0.0, 525.2485837606506, 0.0, 626.9143021948051, 0.0, 484.572116815089, 0.0, 0.0, 0.0, 0.0, 417.43618526701175, 0.0, 0.0, 0.0, 0.0, 447.1094793462885, 0.0, 0.0, 0.0, 429.31274947635166, 566.0251959524159, 599.259318526003, 0.0, 0.0, 0.0, 0.0, 0.0, 0.0, 0.0, 0.0, 0.0, 0.0, 0.0, 312.6424465962472, 0.0, 0.0, 0.0, 0.0, 516.4132050655651, 0.0, 0.0, 554.4035331748673, 0.0, 0.0, 0.0, 0.0, 0.0, 642.1263133088796, 0.0, 0.0, 0.0, 0.0, 0.0, 484.8657160945589, 0.0, 0.0, 0.0, 0.0, 0.0, 0.0, 657.9002571987867, 511.1392705738997, 0.0, 0.0, 0.0, 0.0, 0.0, 0.0, 464.42153046984373, 0.0, 0.0, 0.0, 0.0, 396.4428887436727, 0.0]
INFORMACIÓN : 16apuestaBundle [600.4282640680152, 516.9017572794196, 485.6979457415142, 438.55341973717236, 436.24325259557855, 436.24325259557855]
INFORMACIÓN : 16positionsBundle [169, 454, 1358, 687, 71, 71]
INFORMACIÓN : 16levelsBundle [2, 2, 2, 2, 2, 2]
INFORMACIÓN : 16positionsOrdered [454, 71, 71, 169, 1358, 687]
INFORMACIÓN : 16levelsOrdered [2, 2, 2, 2, 2, 2]
INFORMACIÓN : 16partialityOrdered [2, 2, 2, 2, 2, 2]
INFORMACIÓN : 16arrivalTimes [5.385164807134504, 24.17345903519044, 24.17345903519044, 33.48159687540681, 61.82163447345242, 94.02411884966165]
INFORMACIÓN : 17historia0[0.0, 0.0, 635.2300195954525, 0.0, 0.0, 0.0, 312.6424465962472, 0.0, 0.0, 0.0, 0.0, 642.9139451195622, 516.9017572794196, 0.0, 0.0, 554.4035331748673, 0.0, 0.0, 481.46764922211537, 0.0, 0.0, 492.8684532590471, 0.0, 566.0251959524159, 0.0, 417.28554921478644, 651.027356057987, 600.4282640680152, 626.9143021948051, 0.0, 0.0, 0.0, 507.79735548324606, 0.0, 0.0, 642.9139451195622, 0.0, 0.0, 0.0, 0.0, 485.6979457415142, 0.0, 525.2485837606506, 0.0, 626.9143021948051, 0.0, 484.572116815089, 0.0, 0.0, 0.0, 0.0, 417.43618526701175, 0.0, 0.0, 0.0, 0.0, 447.1094793462885, 0.0, 0.0, 0.0, 438.55341973717236, 566.0251959524159, 599.259318526003, 0.0, 436.24325259557855, 0.0, 0.0, 436.24325259557855, 0.0, 0.0, 0.0, 0.0, 0.0, 0.0, 312.6424465962472, 0.0, 0.0, 0.0, 0.0, 516.4132050655651, 0.0, 0.0, 554.4035331748673, 0.0, 0.0, 0.0, 0.0, 0.0, 642.1263133088796, 0.0, 0.0, 0.0, 0.0, 0.0, 484.8657160945589, 0.0, 0.0, 0.0, 0.0, 0.0, 0.0, 657.9002571987867, 511.1392705738997, 0.0, 0.0, 0.0, 0.0, 0.0, 0.0, 464.42153046984373, 0.0, 0.0, 0.0, 0.0, 396.4428887436727, 0.0]
INFORMACIÓN : 17apuestaBundle [600.4282640680152, 516.9017572794196, 485.6979457415142, 438.55341973717236, 436.24325259557855, 436.24325259557855]
INFORMACIÓN : 17positionsBundle [169, 454, 1358, 687, 71, 71]
INFORMACIÓN : 17levelsBundle [2, 2, 2, 2, 2, 2]
INFORMACIÓN : 17positionsOrdered [454, 71, 71, 169, 1358, 687]
INFORMACIÓN : 17levelsOrdered [2, 2, 2, 2, 2, 2]
INFORMACIÓN : 17partialityOrdered [2, 2, 2, 2, 2, 2]
INFORMACIÓN : 17arrivalTimes [5.385164807134504, 24.17345903519044, 24.17345903519044, 33.48159687540681, 61.82163447345242, 94.02411884966165]
INFORMACIÓN : 18historia0[0.0, 0.0, 635.2300195954525, 0.0, 0.0, 426.21801489275117, 312.6424465962472, 0.0, 0.0, 0.0, 0.0, 642.9139451195622, 516.9017572794196, 0.0, 0.0, 554.4035331748673, 0.0, 0.0, 481.46764922211537, 0.0, 0.0, 492.8684532590471, 0.0, 566.0251959524159, 0.0, 417.28554921478644, 651.027356057987, 600.4282640680152, 626.9143021948051, 0.0, 0.0, 0.0, 507.79735548324606, 0.0, 0.0, 642.9139451195622, 0.0, 0.0, 0.0, 0.0, 485.6979457415142, 0.0, 525.2485837606506, 0.0, 626.9143021948051, 0.0, 484.572116815089, 0.0, 0.0, 0.0, 0.0, 417.43618526701175, 0.0, 0.0, 0.0, 0.0, 447.1094793462885, 0.0, 0.0, 0.0, 438.55341973717236, 566.0251959524159, 599.259318526003, 0.0, 436.24325259557855, 0.0, 0.0, 436.24325259557855, 0.0, 0.0, 0.0, 0.0, 0.0, 0.0, 312.6424465962472, 0.0, 0.0, 0.0, 0.0, 516.4132050655651, 0.0, 0.0, 554.4035331748673, 0.0, 0.0, 0.0, 0.0, 0.0, 642.1263133088796, 0.0, 0.0, 0.0, 0.0, 0.0, 484.8657160945589, 0.0, 0.0, 0.0, 0.0, 0.0, 0.0, 657.9002571987867, 511.1392705738997, 0.0, 0.0, 0.0, 0.0, 0.0, 0.0, 464.42153046984373, 0.0, 0.0, 0.0, 0.0, 397.15871032870973, 0.0]
