----------------------------------------------------------------------
-- Log session for [myBugCoalitionsCCBBAGuaiDEF-33] started on 2018.01.04.04.50.19 --
----------------------------------------------------------------------

INFORMACIÓN : I started
INFORMACIÓN : 0apuestaBundle [643.4459986933568, 629.3869272539007, 626.970126865429, 626.970126865429, 626.9143021948051, 626.9143021948051, 570.5634039043209]
INFORMACIÓN : 0positionsBundle [1092, 1174, 884, 884, 1489, 1489, 169]
INFORMACIÓN : 0levelsBundle [2, 2, 2, 2, 2, 2, 2]
INFORMACIÓN : 0positionsOrdered [1092, 1174, 884, 884, 1489, 1489, 169]
INFORMACIÓN : 0levelsOrdered [2, 2, 2, 2, 2, 2, 2]
INFORMACIÓN : 0partialityOrdered [2, 2, 2, 2, 2, 2, 2]
INFORMACIÓN : 0arrivalTimes [27.80287754891569, 45.91364782519052, 57.57555161488112, 57.57555161488112, 70.57555161488112, 70.57555161488112, 103.37799054859457]
INFORMACIÓN : I [IR, MW]; lost Test.myBail@6a853cb2; POS 1092; sensors [AB]; level 2 I paid 643.4459986933568in favour of43@(myturtles,myturtles,bug)@MK-203 paid 651.027356057987
INFORMACIÓN : 1historia0[0.0, 0.0, 638.0941150848574, 0.0, 0.0, 0.0, 0.0, 0.0, 0.0, 0.0, 0.0, 642.9139451195622, 0.0, 0.0, 0.0, 0.0, 0.0, 0.0, 0.0, 0.0, 0.0, 0.0, 0.0, 0.0, 0.0, 0.0, 651.027356057987, 599.259318526003, 0.0, 0.0, 0.0, 0.0, 0.0, 0.0, 0.0, 642.9139451195622, 0.0, 0.0, 0.0, 0.0, 0.0, 0.0, 0.0, 0.0, 0.0, 0.0, 0.0, 0.0, 0.0, 0.0, 0.0, 0.0, 0.0, 0.0, 0.0, 0.0, 0.0, 0.0, 0.0, 0.0, 0.0, 0.0, 599.259318526003, 0.0, 0.0, 0.0, 0.0, 0.0, 0.0, 0.0, 0.0, 0.0, 0.0, 0.0, 0.0, 0.0, 0.0, 0.0, 0.0, 0.0, 0.0, 0.0, 0.0, 0.0, 0.0, 0.0, 0.0, 0.0, 645.2696691602645, 0.0, 0.0, 0.0, 0.0, 0.0, 0.0, 0.0, 0.0, 0.0, 0.0, 0.0, 0.0, 658.1840867180008, 0.0, 0.0, 0.0, 0.0, 0.0, 0.0, 0.0, 0.0, 0.0, 0.0, 0.0, 0.0, 0.0, 0.0]
INFORMACIÓN : 1apuestaBundle [626.9143021948051, 626.9143021948051, 566.0251959524159, 566.0251959524159, 525.2485837606506, 521.9467070658553, 484.8657160945589]
INFORMACIÓN : 1positionsBundle [1489, 1489, 2135, 2135, 2412, 1409, 1343]
INFORMACIÓN : 1levelsBundle [2, 2, 2, 2, 2, 2, 2]
INFORMACIÓN : 1positionsOrdered [1489, 1489, 2135, 2135, 2412, 1409, 1343]
INFORMACIÓN : 1levelsOrdered [2, 2, 2, 2, 2, 2, 2]
INFORMACIÓN : 1partialityOrdered [2, 2, 2, 2, 2, 2, 2]
INFORMACIÓN : 1arrivalTimes [21.02379604162864, 21.02379604162864, 34.62526655036408, 34.62526655036408, 58.39499519837351, 78.61874361453019, 112.67751634638299]
INFORMACIÓN : coalSat position 2412 level 2
INFORMACIÓN : timeSat position 2412 level 2
INFORMACIÓN : I [IR, MW]; lost Test.myBail@4f524c0c; POS 2412; sensors [AB]; level 2 I paid 525.2485837606506in favour ofnull paid 525.2485837606506
INFORMACIÓN : 2historia0[0.0, 0.0, 635.2300195954525, 0.0, 0.0, 0.0, 0.0, 0.0, 0.0, 0.0, 0.0, 642.9139451195622, 0.0, 0.0, 0.0, 554.4035331748673, 0.0, 0.0, 0.0, 0.0, 0.0, 524.4761169623207, 0.0, 566.0251959524159, 0.0, 0.0, 651.027356057987, 599.259318526003, 626.9143021948051, 0.0, 0.0, 0.0, 0.0, 0.0, 0.0, 642.9139451195622, 0.0, 0.0, 0.0, 0.0, 0.0, 0.0, 0.0, 0.0, 626.9143021948051, 0.0, 0.0, 0.0, 0.0, 0.0, 0.0, 0.0, 0.0, 0.0, 0.0, 0.0, 0.0, 0.0, 0.0, 0.0, 0.0, 566.0251959524159, 599.259318526003, 0.0, 0.0, 0.0, 0.0, 0.0, 0.0, 0.0, 0.0, 0.0, 0.0, 0.0, 0.0, 0.0, 0.0, 0.0, 0.0, 516.4132050655651, 0.0, 0.0, 554.4035331748673, 0.0, 0.0, 0.0, 0.0, 0.0, 645.2696691602645, 0.0, 0.0, 0.0, 0.0, 0.0, 0.0, 0.0, 0.0, 0.0, 0.0, 0.0, 0.0, 657.9002571987867, 0.0, 0.0, 0.0, 0.0, 0.0, 0.0, 0.0, 0.0, 0.0, 0.0, 0.0, 0.0, 0.0, 0.0]
INFORMACIÓN : 2apuestaBundle [626.9143021948051, 626.9143021948051, 566.0251959524159, 566.0251959524159, 525.2485837606506, 484.8657160945589, 478.16771641408616, 478.16771641408616]
INFORMACIÓN : 2positionsBundle [1489, 1489, 2135, 2135, 2412, 1343, 1358, 1358]
INFORMACIÓN : 2levelsBundle [2, 2, 2, 2, 2, 2, 2, 2]
INFORMACIÓN : 2positionsOrdered [1489, 1489, 2135, 2135, 2412, 1343, 1358, 1358]
INFORMACIÓN : 2levelsOrdered [2, 2, 2, 2, 2, 2, 2, 2]
INFORMACIÓN : 2partialityOrdered [2, 2, 2, 2, 2, 2, 2, 2]
INFORMACIÓN : 2arrivalTimes [21.02379604162864, 21.02379604162864, 34.62526655036408, 34.62526655036408, 80.63116932723601, 118.64432494473243, 153.6586077447556, 153.6586077447556]
INFORMACIÓN : coalSat position 2412 level 2
INFORMACIÓN : coalSat position 1343 level 2
INFORMACIÓN : I [IR, MW]; lost Test.myBail@4f524c0c; POS 2412; sensors [AB]; level 2 I paid 525.2485837606506in favour ofnull paid 525.2485837606506
INFORMACIÓN : 3historia0[0.0, 0.0, 635.2300195954525, 0.0, 0.0, 0.0, 0.0, 0.0, 0.0, 0.0, 0.0, 642.9139451195622, 455.55941590497196, 0.0, 0.0, 554.4035331748673, 0.0, 0.0, 481.46764922211537, 0.0, 0.0, 492.8684532590471, 0.0, 566.0251959524159, 0.0, 0.0, 651.027356057987, 600.4282640680152, 626.9143021948051, 0.0, 0.0, 0.0, 507.79735548324606, 0.0, 0.0, 642.9139451195622, 0.0, 0.0, 0.0, 0.0, 483.3792624158052, 0.0, 0.0, 0.0, 626.9143021948051, 0.0, 484.572116815089, 0.0, 0.0, 0.0, 0.0, 0.0, 0.0, 0.0, 0.0, 0.0, 0.0, 0.0, 0.0, 0.0, 434.5310543630119, 566.0251959524159, 599.259318526003, 0.0, 0.0, 0.0, 0.0, 0.0, 0.0, 0.0, 0.0, 0.0, 0.0, 0.0, 0.0, 0.0, 0.0, 0.0, 0.0, 516.4132050655651, 0.0, 0.0, 554.4035331748673, 0.0, 0.0, 0.0, 0.0, 0.0, 642.1263133088796, 0.0, 0.0, 0.0, 0.0, 0.0, 0.0, 0.0, 0.0, 0.0, 0.0, 0.0, 0.0, 657.9002571987867, 511.1392705738997, 0.0, 0.0, 0.0, 0.0, 0.0, 490.68828161828264, 0.0, 455.55941590497196, 0.0, 0.0, 0.0, 0.0, 0.0]
INFORMACIÓN : 3apuestaBundle [626.9143021948051, 626.9143021948051, 566.0251959524159, 566.0251959524159, 525.2485837606506, 484.8657160945589, 464.42153046984373]
INFORMACIÓN : 3positionsBundle [1489, 1489, 2135, 2135, 2412, 1343, 2037]
INFORMACIÓN : 3levelsBundle [2, 2, 2, 2, 2, 2, 2]
INFORMACIÓN : 3positionsOrdered [1489, 1489, 2135, 2135, 2412, 2037, 1343]
INFORMACIÓN : 3levelsOrdered [2, 2, 2, 2, 2, 2, 2]
INFORMACIÓN : 3partialityOrdered [2, 2, 2, 2, 2, 2, 2]
INFORMACIÓN : 3arrivalTimes [21.02379604162864, 21.02379604162864, 34.62526655036408, 34.62526655036408, 62.773983372688534, 89.02279286950191, 108.67751634638299]
INFORMACIÓN : coalSat position 2037 level 2
INFORMACIÓN : timeSat position 2037 level 2
INFORMACIÓN : I [IR, MW]; lost Test.myBail@591719f8; POS 2037; sensors [AB]; level 2 I paid 464.42153046984373in favour ofnull paid 464.42153046984373
INFORMACIÓN : 4historia0[0.0, 0.0, 635.2300195954525, 0.0, 0.0, 0.0, 0.0, 0.0, 0.0, 0.0, 0.0, 642.9139451195622, 455.55941590497196, 0.0, 0.0, 554.4035331748673, 0.0, 0.0, 0.0, 0.0, 0.0, 492.8684532590471, 0.0, 566.0251959524159, 0.0, 417.28554921478644, 651.027356057987, 600.4282640680152, 626.9143021948051, 0.0, 0.0, 0.0, 507.79735548324606, 0.0, 0.0, 642.9139451195622, 0.0, 0.0, 0.0, 0.0, 485.6979457415142, 0.0, 525.2485837606506, 0.0, 626.9143021948051, 0.0, 484.572116815089, 0.0, 0.0, 0.0, 0.0, 426.0151900358993, 0.0, 0.0, 0.0, 0.0, 447.1094793462885, 0.0, 0.0, 0.0, 434.5310543630119, 566.0251959524159, 599.259318526003, 0.0, 436.24325259557855, 0.0, 0.0, 436.24325259557855, 0.0, 0.0, 0.0, 0.0, 0.0, 0.0, 0.0, 0.0, 0.0, 0.0, 0.0, 516.4132050655651, 0.0, 0.0, 554.4035331748673, 0.0, 0.0, 0.0, 0.0, 0.0, 642.1263133088796, 0.0, 0.0, 0.0, 0.0, 0.0, 484.8657160945589, 0.0, 0.0, 0.0, 0.0, 0.0, 0.0, 657.9002571987867, 0.0, 0.0, 0.0, 0.0, 0.0, 0.0, 0.0, 0.0, 455.55941590497196, 0.0, 0.0, 0.0, 0.0, 0.0]
INFORMACIÓN : 4apuestaBundle [626.9143021948051, 626.9143021948051, 566.0251959524159, 566.0251959524159, 525.2485837606506, 484.8657160945589, 448.9437980605643, 448.9437980605643]
INFORMACIÓN : 4positionsBundle [1489, 1489, 2135, 2135, 2412, 1343, 687, 687]
INFORMACIÓN : 4levelsBundle [2, 2, 2, 2, 2, 2, 2, 2]
INFORMACIÓN : 4positionsOrdered [1489, 1489, 2135, 2135, 2412, 1343, 687, 687]
INFORMACIÓN : 4levelsOrdered [2, 2, 2, 2, 2, 2, 2, 2]
INFORMACIÓN : 4partialityOrdered [2, 2, 2, 2, 2, 2, 2, 2]
INFORMACIÓN : 4arrivalTimes [21.02379604162864, 21.02379604162864, 34.62526655036408, 34.62526655036408, 62.773983372688534, 108.67751634638299, 122.99533740965934, 122.99533740965934]
INFORMACIÓN : 5historia0[0.0, 0.0, 635.2300195954525, 0.0, 0.0, 0.0, 0.0, 0.0, 0.0, 0.0, 0.0, 642.9139451195622, 455.55941590497196, 0.0, 0.0, 554.4035331748673, 0.0, 0.0, 448.9437980605643, 0.0, 0.0, 492.8684532590471, 0.0, 566.0251959524159, 0.0, 463.31230767440076, 651.027356057987, 600.4282640680152, 626.9143021948051, 0.0, 0.0, 0.0, 507.79735548324606, 0.0, 0.0, 642.9139451195622, 0.0, 0.0, 0.0, 0.0, 485.6979457415142, 0.0, 525.2485837606506, 0.0, 626.9143021948051, 0.0, 484.572116815089, 0.0, 0.0, 0.0, 0.0, 426.0151900358993, 0.0, 0.0, 0.0, 0.0, 447.1094793462885, 0.0, 0.0, 0.0, 448.9437980605643, 566.0251959524159, 599.259318526003, 0.0, 436.24325259557855, 0.0, 0.0, 436.24325259557855, 0.0, 0.0, 0.0, 0.0, 0.0, 0.0, 0.0, 0.0, 0.0, 0.0, 0.0, 516.4132050655651, 0.0, 0.0, 554.4035331748673, 0.0, 0.0, 0.0, 0.0, 0.0, 642.1263133088796, 0.0, 0.0, 0.0, 0.0, 0.0, 484.8657160945589, 0.0, 0.0, 0.0, 0.0, 0.0, 0.0, 657.9002571987867, 486.0560105835981, 463.31230767440076, 0.0, 0.0, 0.0, 0.0, 0.0, 426.0151900358993, 455.55941590497196, 0.0, 0.0, 0.0, 396.4428887436727, 0.0]
INFORMACIÓN : 5apuestaBundle [626.9143021948051, 626.9143021948051, 566.0251959524159, 566.0251959524159, 525.2485837606506, 484.8657160945589, 448.9437980605643, 448.9437980605643]
INFORMACIÓN : 5positionsBundle [1489, 1489, 2135, 2135, 2412, 1343, 687, 687]
INFORMACIÓN : 5levelsBundle [2, 2, 2, 2, 2, 2, 2, 2]
INFORMACIÓN : 5positionsOrdered [1489, 1489, 2135, 2135, 2412, 1343, 687, 687]
INFORMACIÓN : 5levelsOrdered [2, 2, 2, 2, 2, 2, 2, 2]
INFORMACIÓN : 5partialityOrdered [2, 2, 2, 2, 2, 2, 2, 2]
INFORMACIÓN : 5arrivalTimes [21.02379604162864, 21.02379604162864, 34.62526655036408, 34.62526655036408, 62.773983372688534, 108.67751634638299, 122.99533740965934, 122.99533740965934]
INFORMACIÓN : 6historia0[0.0, 352.64540673479064, 635.2300195954525, 0.0, 0.0, 417.71210581830167, 312.6424465962472, 0.0, 382.65254500972367, 0.0, 0.0, 642.9139451195622, 455.55941590497196, 0.0, 0.0, 554.4035331748673, 0.0, 0.0, 448.9437980605643, 0.0, 0.0, 492.8684532590471, 0.0, 566.0251959524159, 0.0, 463.31230767440076, 651.027356057987, 600.4282640680152, 626.9143021948051, 0.0, 0.0, 0.0, 507.79735548324606, 0.0, 0.0, 642.9139451195622, 0.0, 0.0, 0.0, 0.0, 485.6979457415142, 0.0, 525.2485837606506, 0.0, 626.9143021948051, 0.0, 484.572116815089, 0.0, 0.0, 0.0, 352.64540673479064, 426.0151900358993, 0.0, 0.0, 0.0, 0.0, 447.1094793462885, 0.0, 0.0, 0.0, 448.9437980605643, 566.0251959524159, 599.259318526003, 0.0, 436.24325259557855, 0.0, 0.0, 436.24325259557855, 0.0, 0.0, 0.0, 0.0, 0.0, 0.0, 0.0, 0.0, 0.0, 0.0, 0.0, 516.4132050655651, 0.0, 0.0, 554.4035331748673, 0.0, 0.0, 0.0, 0.0, 0.0, 642.1263133088796, 0.0, 0.0, 0.0, 0.0, 0.0, 484.8657160945589, 0.0, 0.0, 0.0, 0.0, 0.0, 0.0, 657.9002571987867, 486.0560105835981, 463.31230767440076, 0.0, 0.0, 0.0, 0.0, 0.0, 426.0151900358993, 455.55941590497196, 0.0, 0.0, 0.0, 396.4428887436727, 0.0]
INFORMACIÓN : 6apuestaBundle [626.9143021948051, 626.9143021948051, 566.0251959524159, 566.0251959524159, 525.2485837606506, 484.8657160945589, 448.9437980605643, 448.9437980605643]
INFORMACIÓN : 6positionsBundle [1489, 1489, 2135, 2135, 2412, 1343, 687, 687]
INFORMACIÓN : 6levelsBundle [2, 2, 2, 2, 2, 2, 2, 2]
INFORMACIÓN : 6positionsOrdered [1489, 1489, 2135, 2135, 2412, 1343, 687, 687]
INFORMACIÓN : 6levelsOrdered [2, 2, 2, 2, 2, 2, 2, 2]
INFORMACIÓN : 6partialityOrdered [2, 2, 2, 2, 2, 2, 2, 2]
INFORMACIÓN : 6arrivalTimes [21.02379604162864, 21.02379604162864, 34.62526655036408, 34.62526655036408, 62.773983372688534, 108.67751634638299, 122.99533740965934, 122.99533740965934]
INFORMACIÓN : 7historia0[0.0, 0.0, 635.2300195954525, 0.0, 0.0, 428.38631470341033, 312.6424465962472, 0.0, 0.0, 0.0, 0.0, 642.9139451195622, 455.55941590497196, 0.0, 0.0, 554.4035331748673, 0.0, 0.0, 448.9437980605643, 0.0, 0.0, 492.8684532590471, 0.0, 566.0251959524159, 0.0, 463.31230767440076, 651.027356057987, 600.4282640680152, 626.9143021948051, 0.0, 0.0, 0.0, 507.79735548324606, 0.0, 0.0, 642.9139451195622, 0.0, 0.0, 0.0, 0.0, 0.0, 0.0, 525.2485837606506, 0.0, 626.9143021948051, 0.0, 484.572116815089, 0.0, 0.0, 0.0, 0.0, 414.74576657064154, 0.0, 0.0, 0.0, 0.0, 447.1094793462885, 0.0, 0.0, 0.0, 448.9437980605643, 566.0251959524159, 599.259318526003, 0.0, 0.0, 0.0, 0.0, 0.0, 0.0, 0.0, 0.0, 0.0, 0.0, 0.0, 312.6424465962472, 0.0, 0.0, 0.0, 0.0, 516.4132050655651, 0.0, 0.0, 554.4035331748673, 0.0, 0.0, 0.0, 0.0, 0.0, 642.1263133088796, 0.0, 0.0, 0.0, 0.0, 0.0, 484.8657160945589, 0.0, 0.0, 0.0, 0.0, 0.0, 0.0, 657.9002571987867, 511.1392705738997, 463.31230767440076, 0.0, 0.0, 0.0, 0.0, 0.0, 0.0, 455.55941590497196, 0.0, 0.0, 0.0, 396.4428887436727, 0.0]
INFORMACIÓN : 7apuestaBundle [626.9143021948051, 626.9143021948051, 566.0251959524159, 566.0251959524159, 525.2485837606506, 484.8657160945589, 448.9437980605643, 448.9437980605643]
INFORMACIÓN : 7positionsBundle [1489, 1489, 2135, 2135, 2412, 1343, 687, 687]
INFORMACIÓN : 7levelsBundle [2, 2, 2, 2, 2, 2, 2, 2]
INFORMACIÓN : 7positionsOrdered [1489, 1489, 2135, 2135, 2412, 1343, 687, 687]
INFORMACIÓN : 7levelsOrdered [2, 2, 2, 2, 2, 2, 2, 2]
INFORMACIÓN : 7partialityOrdered [2, 2, 2, 2, 2, 2, 2, 2]
INFORMACIÓN : 7arrivalTimes [21.02379604162864, 21.02379604162864, 34.62526655036408, 34.62526655036408, 62.773983372688534, 108.67751634638299, 122.99533740965934, 122.99533740965934]
INFORMACIÓN : 8historia0[0.0, 0.0, 635.2300195954525, 0.0, 0.0, 428.38631470341033, 312.6424465962472, 0.0, 0.0, 0.0, 0.0, 642.9139451195622, 485.7002113030343, 0.0, 0.0, 554.4035331748673, 0.0, 0.0, 448.9437980605643, 0.0, 0.0, 492.8684532590471, 0.0, 566.0251959524159, 0.0, 463.31230767440076, 651.027356057987, 600.4282640680152, 626.9143021948051, 0.0, 0.0, 0.0, 507.79735548324606, 0.0, 0.0, 642.9139451195622, 0.0, 0.0, 0.0, 0.0, 0.0, 0.0, 525.2485837606506, 0.0, 626.9143021948051, 0.0, 484.572116815089, 0.0, 0.0, 0.0, 0.0, 414.74576657064154, 0.0, 0.0, 0.0, 0.0, 447.1094793462885, 0.0, 0.0, 0.0, 448.9437980605643, 566.0251959524159, 599.259318526003, 0.0, 0.0, 0.0, 0.0, 468.0582599284435, 0.0, 0.0, 0.0, 0.0, 0.0, 0.0, 312.6424465962472, 0.0, 0.0, 0.0, 0.0, 516.4132050655651, 0.0, 0.0, 554.4035331748673, 0.0, 0.0, 0.0, 0.0, 0.0, 642.1263133088796, 0.0, 0.0, 0.0, 0.0, 0.0, 484.8657160945589, 0.0, 0.0, 0.0, 0.0, 0.0, 0.0, 657.9002571987867, 511.1392705738997, 463.31230767440076, 0.0, 0.0, 0.0, 0.0, 0.0, 0.0, 455.55941590497196, 0.0, 0.0, 0.0, 396.4428887436727, 0.0]
INFORMACIÓN : 8apuestaBundle [626.9143021948051, 626.9143021948051, 566.0251959524159, 566.0251959524159, 525.2485837606506, 484.8657160945589, 448.9437980605643, 448.9437980605643]
INFORMACIÓN : 8positionsBundle [1489, 1489, 2135, 2135, 2412, 1343, 687, 687]
INFORMACIÓN : 8levelsBundle [2, 2, 2, 2, 2, 2, 2, 2]
INFORMACIÓN : 8positionsOrdered [1489, 1489, 2135, 2135, 2412, 1343, 687, 687]
INFORMACIÓN : 8levelsOrdered [2, 2, 2, 2, 2, 2, 2, 2]
INFORMACIÓN : 8partialityOrdered [2, 2, 2, 2, 2, 2, 2, 2]
INFORMACIÓN : 8arrivalTimes [21.02379604162864, 21.02379604162864, 34.62526655036408, 34.62526655036408, 62.773983372688534, 108.67751634638299, 122.99533740965934, 122.99533740965934]
INFORMACIÓN : 9historia0[0.0, 0.0, 635.2300195954525, 0.0, 0.0, 425.54848695945066, 312.6424465962472, 0.0, 0.0, 0.0, 0.0, 642.9139451195622, 485.7002113030343, 0.0, 0.0, 554.4035331748673, 0.0, 0.0, 448.9437980605643, 0.0, 0.0, 492.8684532590471, 0.0, 566.0251959524159, 0.0, 463.31230767440076, 651.027356057987, 600.4282640680152, 626.9143021948051, 0.0, 0.0, 0.0, 507.79735548324606, 313.54028122899706, 0.0, 642.9139451195622, 0.0, 0.0, 0.0, 0.0, 482.78590776255396, 0.0, 525.2485837606506, 0.0, 626.9143021948051, 0.0, 484.572116815089, 0.0, 0.0, 0.0, 334.5356072279617, 414.74576657064154, 0.0, 0.0, 0.0, 0.0, 447.1094793462885, 0.0, 0.0, 0.0, 448.9437980605643, 566.0251959524159, 599.259318526003, 0.0, 427.87423225762245, 0.0, 0.0, 413.0626375111931, 0.0, 0.0, 0.0, 313.54028122899706, 0.0, 0.0, 312.6424465962472, 0.0, 0.0, 0.0, 0.0, 516.4132050655651, 0.0, 0.0, 554.4035331748673, 0.0, 0.0, 0.0, 0.0, 0.0, 642.1263133088796, 0.0, 0.0, 0.0, 0.0, 0.0, 484.8657160945589, 0.0, 0.0, 0.0, 0.0, 0.0, 0.0, 657.9002571987867, 511.1392705738997, 463.31230767440076, 0.0, 0.0, 0.0, 0.0, 0.0, 0.0, 0.0, 0.0, 0.0, 0.0, 396.4428887436727, 0.0]
INFORMACIÓN : 9apuestaBundle [626.9143021948051, 626.9143021948051, 566.0251959524159, 566.0251959524159, 525.2485837606506, 484.8657160945589, 448.9437980605643, 448.9437980605643]
INFORMACIÓN : 9positionsBundle [1489, 1489, 2135, 2135, 2412, 1343, 687, 687]
INFORMACIÓN : 9levelsBundle [2, 2, 2, 2, 2, 2, 2, 2]
INFORMACIÓN : 9positionsOrdered [1489, 1489, 2135, 2135, 2412, 1343, 687, 687]
INFORMACIÓN : 9levelsOrdered [2, 2, 2, 2, 2, 2, 2, 2]
INFORMACIÓN : 9partialityOrdered [2, 2, 2, 2, 2, 2, 2, 2]
INFORMACIÓN : 9arrivalTimes [21.02379604162864, 21.02379604162864, 34.62526655036408, 34.62526655036408, 62.773983372688534, 108.67751634638299, 122.99533740965934, 122.99533740965934]
INFORMACIÓN : 10historia0[0.0, 0.0, 635.2300195954525, 0.0, 0.0, 425.54848695945066, 312.6424465962472, 0.0, 0.0, 0.0, 0.0, 642.9139451195622, 485.7002113030343, 0.0, 0.0, 554.4035331748673, 0.0, 0.0, 448.9437980605643, 0.0, 0.0, 492.8684532590471, 0.0, 566.0251959524159, 0.0, 463.31230767440076, 651.027356057987, 600.4282640680152, 626.9143021948051, 0.0, 0.0, 0.0, 507.79735548324606, 313.54028122899706, 0.0, 642.9139451195622, 0.0, 0.0, 0.0, 0.0, 482.78590776255396, 0.0, 525.2485837606506, 0.0, 626.9143021948051, 0.0, 484.572116815089, 0.0, 0.0, 0.0, 334.5356072279617, 414.74576657064154, 0.0, 0.0, 0.0, 0.0, 447.1094793462885, 0.0, 0.0, 0.0, 448.9437980605643, 566.0251959524159, 599.259318526003, 0.0, 427.87423225762245, 0.0, 0.0, 436.24325259557855, 0.0, 0.0, 0.0, 313.54028122899706, 0.0, 0.0, 312.6424465962472, 0.0, 0.0, 0.0, 0.0, 516.4132050655651, 0.0, 0.0, 554.4035331748673, 0.0, 0.0, 0.0, 0.0, 0.0, 642.1263133088796, 0.0, 0.0, 0.0, 0.0, 0.0, 484.8657160945589, 0.0, 0.0, 0.0, 0.0, 0.0, 0.0, 657.9002571987867, 511.1392705738997, 463.31230767440076, 0.0, 0.0, 0.0, 0.0, 0.0, 0.0, 0.0, 0.0, 0.0, 0.0, 396.4428887436727, 0.0]
INFORMACIÓN : 10apuestaBundle [626.9143021948051, 626.9143021948051, 566.0251959524159, 566.0251959524159, 525.2485837606506, 484.8657160945589, 448.9437980605643, 448.9437980605643]
INFORMACIÓN : 10positionsBundle [1489, 1489, 2135, 2135, 2412, 1343, 687, 687]
INFORMACIÓN : 10levelsBundle [2, 2, 2, 2, 2, 2, 2, 2]
INFORMACIÓN : 10positionsOrdered [1489, 1489, 2135, 2135, 2412, 1343, 687, 687]
INFORMACIÓN : 10levelsOrdered [2, 2, 2, 2, 2, 2, 2, 2]
INFORMACIÓN : 10partialityOrdered [2, 2, 2, 2, 2, 2, 2, 2]
INFORMACIÓN : 10arrivalTimes [21.02379604162864, 21.02379604162864, 34.62526655036408, 34.62526655036408, 62.773983372688534, 108.67751634638299, 122.99533740965934, 122.99533740965934]
INFORMACIÓN : coalSat position 687 level 2
INFORMACIÓN : I [IR, MW]; lost Test.myBail@59b63736; POS 687; sensors [MW]; level 2 I paid 448.9437980605643in favour ofnull paid 448.9437980605643
INFORMACIÓN : 11historia0[0.0, 0.0, 635.2300195954525, 0.0, 0.0, 0.0, 312.6424465962472, 0.0, 0.0, 0.0, 0.0, 642.9139451195622, 485.7002113030343, 0.0, 0.0, 554.4035331748673, 0.0, 0.0, 481.46764922211537, 0.0, 0.0, 492.8684532590471, 0.0, 566.0251959524159, 0.0, 0.0, 651.027356057987, 600.4282640680152, 626.9143021948051, 0.0, 0.0, 0.0, 507.79735548324606, 313.54028122899706, 0.0, 642.9139451195622, 0.0, 0.0, 0.0, 0.0, 482.78590776255396, 0.0, 525.2485837606506, 0.0, 626.9143021948051, 0.0, 484.572116815089, 0.0, 0.0, 0.0, 334.5356072279617, 420.05516312823636, 0.0, 0.0, 0.0, 0.0, 447.1094793462885, 0.0, 0.0, 0.0, 0.0, 566.0251959524159, 599.259318526003, 0.0, 427.87423225762245, 0.0, 0.0, 436.24325259557855, 0.0, 0.0, 0.0, 313.54028122899706, 0.0, 0.0, 312.6424465962472, 0.0, 0.0, 0.0, 0.0, 516.4132050655651, 0.0, 0.0, 554.4035331748673, 0.0, 0.0, 0.0, 0.0, 0.0, 642.1263133088796, 0.0, 0.0, 0.0, 0.0, 0.0, 484.8657160945589, 0.0, 0.0, 0.0, 0.0, 0.0, 0.0, 657.9002571987867, 511.1392705738997, 0.0, 0.0, 0.0, 0.0, 0.0, 0.0, 0.0, 0.0, 0.0, 0.0, 0.0, 396.4428887436727, 0.0]
INFORMACIÓN : 11apuestaBundle [626.9143021948051, 626.9143021948051, 566.0251959524159, 566.0251959524159, 525.2485837606506, 484.8657160945589, 464.42153046984373]
INFORMACIÓN : 11positionsBundle [1489, 1489, 2135, 2135, 2412, 1343, 2037]
INFORMACIÓN : 11levelsBundle [2, 2, 2, 2, 2, 2, 2]
INFORMACIÓN : 11positionsOrdered [1489, 1489, 2135, 2135, 2412, 1343, 2037]
INFORMACIÓN : 11levelsOrdered [2, 2, 2, 2, 2, 2, 2]
INFORMACIÓN : 11partialityOrdered [2, 2, 2, 2, 2, 2, 2]
INFORMACIÓN : 11arrivalTimes [21.02379604162864, 21.02379604162864, 34.62526655036408, 34.62526655036408, 62.773983372688534, 108.67751634638299, 123.9090625581108]
INFORMACIÓN : 12historia0[0.0, 0.0, 635.2300195954525, 0.0, 0.0, 0.0, 0.0, 0.0, 0.0, 0.0, 0.0, 642.9139451195622, 485.7002113030343, 0.0, 0.0, 554.4035331748673, 0.0, 0.0, 481.46764922211537, 0.0, 0.0, 492.8684532590471, 0.0, 566.0251959524159, 0.0, 417.28554921478644, 651.027356057987, 600.4282640680152, 626.9143021948051, 0.0, 0.0, 0.0, 507.79735548324606, 313.54028122899706, 0.0, 642.9139451195622, 0.0, 0.0, 0.0, 0.0, 482.78590776255396, 0.0, 525.2485837606506, 0.0, 626.9143021948051, 0.0, 484.572116815089, 0.0, 0.0, 0.0, 334.5356072279617, 420.05516312823636, 0.0, 0.0, 0.0, 0.0, 447.1094793462885, 0.0, 0.0, 0.0, 429.31274947635166, 566.0251959524159, 599.259318526003, 0.0, 427.87423225762245, 0.0, 0.0, 436.24325259557855, 0.0, 0.0, 0.0, 313.54028122899706, 0.0, 0.0, 0.0, 0.0, 0.0, 0.0, 0.0, 516.4132050655651, 0.0, 0.0, 554.4035331748673, 0.0, 0.0, 0.0, 0.0, 0.0, 642.1263133088796, 0.0, 0.0, 0.0, 0.0, 0.0, 484.8657160945589, 0.0, 0.0, 0.0, 0.0, 0.0, 0.0, 657.9002571987867, 511.1392705738997, 0.0, 0.0, 0.0, 0.0, 0.0, 0.0, 464.42153046984373, 0.0, 0.0, 0.0, 0.0, 396.4428887436727, 0.0]
INFORMACIÓN : 12apuestaBundle [626.9143021948051, 626.9143021948051, 566.0251959524159, 566.0251959524159, 525.2485837606506, 484.8657160945589, 464.42153046984373]
INFORMACIÓN : 12positionsBundle [1489, 1489, 2135, 2135, 2412, 1343, 2037]
INFORMACIÓN : 12levelsBundle [2, 2, 2, 2, 2, 2, 2]
INFORMACIÓN : 12positionsOrdered [1489, 1489, 2135, 2135, 2412, 1343, 2037]
INFORMACIÓN : 12levelsOrdered [2, 2, 2, 2, 2, 2, 2]
INFORMACIÓN : 12partialityOrdered [2, 2, 2, 2, 2, 2, 2]
INFORMACIÓN : 12arrivalTimes [21.02379604162864, 21.02379604162864, 34.62526655036408, 34.62526655036408, 62.773983372688534, 108.67751634638299, 123.9090625581108]
INFORMACIÓN : 13historia0[0.0, 0.0, 635.2300195954525, 0.0, 0.0, 0.0, 312.6424465962472, 0.0, 0.0, 0.0, 0.0, 642.9139451195622, 485.7002113030343, 0.0, 0.0, 554.4035331748673, 0.0, 0.0, 481.46764922211537, 0.0, 0.0, 492.8684532590471, 0.0, 566.0251959524159, 0.0, 417.28554921478644, 651.027356057987, 600.4282640680152, 626.9143021948051, 0.0, 0.0, 0.0, 507.79735548324606, 313.54028122899706, 0.0, 642.9139451195622, 0.0, 0.0, 0.0, 0.0, 482.78590776255396, 0.0, 525.2485837606506, 0.0, 626.9143021948051, 0.0, 484.572116815089, 0.0, 0.0, 0.0, 334.5356072279617, 420.05516312823636, 0.0, 0.0, 0.0, 0.0, 447.1094793462885, 0.0, 0.0, 0.0, 429.31274947635166, 566.0251959524159, 599.259318526003, 0.0, 427.87423225762245, 0.0, 0.0, 436.24325259557855, 0.0, 0.0, 0.0, 313.54028122899706, 0.0, 0.0, 312.6424465962472, 0.0, 0.0, 0.0, 0.0, 516.4132050655651, 0.0, 0.0, 554.4035331748673, 0.0, 0.0, 0.0, 0.0, 0.0, 642.1263133088796, 0.0, 0.0, 0.0, 0.0, 0.0, 484.8657160945589, 0.0, 0.0, 0.0, 0.0, 0.0, 0.0, 657.9002571987867, 511.1392705738997, 0.0, 0.0, 0.0, 0.0, 0.0, 0.0, 464.42153046984373, 0.0, 0.0, 0.0, 0.0, 396.4428887436727, 0.0]
INFORMACIÓN : 13apuestaBundle [626.9143021948051, 626.9143021948051, 566.0251959524159, 566.0251959524159, 525.2485837606506, 484.8657160945589, 464.42153046984373]
INFORMACIÓN : 13positionsBundle [1489, 1489, 2135, 2135, 2412, 1343, 2037]
INFORMACIÓN : 13levelsBundle [2, 2, 2, 2, 2, 2, 2]
INFORMACIÓN : 13positionsOrdered [1489, 1489, 2135, 2135, 2412, 1343, 2037]
INFORMACIÓN : 13levelsOrdered [2, 2, 2, 2, 2, 2, 2]
INFORMACIÓN : 13partialityOrdered [2, 2, 2, 2, 2, 2, 2]
INFORMACIÓN : 13arrivalTimes [21.02379604162864, 21.02379604162864, 34.62526655036408, 34.62526655036408, 62.773983372688534, 108.67751634638299, 123.9090625581108]
INFORMACIÓN : 14historia0[0.0, 0.0, 635.2300195954525, 0.0, 0.0, 0.0, 312.6424465962472, 0.0, 0.0, 0.0, 0.0, 642.9139451195622, 485.7002113030343, 0.0, 0.0, 554.4035331748673, 0.0, 0.0, 481.46764922211537, 0.0, 0.0, 492.8684532590471, 0.0, 566.0251959524159, 0.0, 417.28554921478644, 651.027356057987, 600.4282640680152, 626.9143021948051, 0.0, 0.0, 0.0, 507.79735548324606, 313.54028122899706, 0.0, 642.9139451195622, 0.0, 0.0, 0.0, 0.0, 482.78590776255396, 0.0, 525.2485837606506, 0.0, 626.9143021948051, 0.0, 484.572116815089, 0.0, 0.0, 0.0, 334.5356072279617, 417.43618526701175, 0.0, 0.0, 0.0, 0.0, 447.1094793462885, 0.0, 0.0, 0.0, 429.31274947635166, 566.0251959524159, 599.259318526003, 0.0, 427.87423225762245, 0.0, 0.0, 436.24325259557855, 0.0, 0.0, 0.0, 313.54028122899706, 0.0, 0.0, 312.6424465962472, 0.0, 0.0, 0.0, 0.0, 516.4132050655651, 0.0, 0.0, 554.4035331748673, 0.0, 0.0, 0.0, 0.0, 0.0, 642.1263133088796, 0.0, 0.0, 0.0, 0.0, 0.0, 484.8657160945589, 0.0, 0.0, 0.0, 0.0, 0.0, 0.0, 657.9002571987867, 511.1392705738997, 0.0, 0.0, 0.0, 0.0, 0.0, 0.0, 464.42153046984373, 0.0, 0.0, 0.0, 0.0, 396.4428887436727, 0.0]
INFORMACIÓN : 14apuestaBundle [626.9143021948051, 626.9143021948051, 566.0251959524159, 566.0251959524159, 525.2485837606506, 484.8657160945589, 464.42153046984373]
INFORMACIÓN : 14positionsBundle [1489, 1489, 2135, 2135, 2412, 1343, 2037]
INFORMACIÓN : 14levelsBundle [2, 2, 2, 2, 2, 2, 2]
INFORMACIÓN : 14positionsOrdered [1489, 1489, 2135, 2135, 2412, 1343, 2037]
INFORMACIÓN : 14levelsOrdered [2, 2, 2, 2, 2, 2, 2]
INFORMACIÓN : 14partialityOrdered [2, 2, 2, 2, 2, 2, 2]
INFORMACIÓN : 14arrivalTimes [21.02379604162864, 21.02379604162864, 34.62526655036408, 34.62526655036408, 62.773983372688534, 108.67751634638299, 123.9090625581108]
INFORMACIÓN : 15historia0[0.0, 0.0, 635.2300195954525, 0.0, 0.0, 0.0, 312.6424465962472, 0.0, 0.0, 0.0, 0.0, 642.9139451195622, 485.7002113030343, 0.0, 0.0, 554.4035331748673, 0.0, 0.0, 481.46764922211537, 0.0, 0.0, 492.8684532590471, 0.0, 566.0251959524159, 0.0, 417.28554921478644, 651.027356057987, 600.4282640680152, 626.9143021948051, 0.0, 0.0, 0.0, 507.79735548324606, 313.54028122899706, 0.0, 642.9139451195622, 0.0, 0.0, 0.0, 0.0, 482.78590776255396, 0.0, 525.2485837606506, 0.0, 626.9143021948051, 0.0, 484.572116815089, 0.0, 0.0, 0.0, 334.5356072279617, 417.43618526701175, 0.0, 0.0, 0.0, 0.0, 447.1094793462885, 0.0, 0.0, 0.0, 429.31274947635166, 566.0251959524159, 599.259318526003, 0.0, 427.87423225762245, 0.0, 0.0, 436.24325259557855, 0.0, 0.0, 0.0, 313.54028122899706, 0.0, 0.0, 312.6424465962472, 0.0, 0.0, 0.0, 0.0, 516.4132050655651, 0.0, 0.0, 554.4035331748673, 0.0, 0.0, 0.0, 0.0, 0.0, 642.1263133088796, 0.0, 0.0, 0.0, 0.0, 0.0, 484.8657160945589, 0.0, 0.0, 0.0, 0.0, 0.0, 0.0, 657.9002571987867, 511.1392705738997, 0.0, 0.0, 0.0, 0.0, 0.0, 0.0, 464.42153046984373, 0.0, 0.0, 0.0, 0.0, 396.4428887436727, 0.0]
INFORMACIÓN : 15apuestaBundle [626.9143021948051, 626.9143021948051, 566.0251959524159, 566.0251959524159, 525.2485837606506, 484.8657160945589, 464.42153046984373]
INFORMACIÓN : 15positionsBundle [1489, 1489, 2135, 2135, 2412, 1343, 2037]
INFORMACIÓN : 15levelsBundle [2, 2, 2, 2, 2, 2, 2]
INFORMACIÓN : 15positionsOrdered [1489, 1489, 2135, 2135, 2412, 1343, 2037]
INFORMACIÓN : 15levelsOrdered [2, 2, 2, 2, 2, 2, 2]
INFORMACIÓN : 15partialityOrdered [2, 2, 2, 2, 2, 2, 2]
INFORMACIÓN : 15arrivalTimes [21.02379604162864, 21.02379604162864, 34.62526655036408, 34.62526655036408, 62.773983372688534, 108.67751634638299, 123.9090625581108]
INFORMACIÓN : 16historia1[0.0, 0.0, 635.2300195954525, 0.0, 0.0, 0.0, 312.6424465962472, 0.0, 0.0, 0.0, 0.0, 642.9139451195622, 0.0, 0.0, 0.0, 554.4035331748673, 0.0, 0.0, 481.46764922211537, 0.0, 0.0, 492.8684532590471, 0.0, 566.0251959524159, 0.0, 417.28554921478644, 651.027356057987, 600.4282640680152, 626.9143021948051, 0.0, 0.0, 0.0, 507.79735548324606, 0.0, 0.0, 642.9139451195622, 0.0, 0.0, 0.0, 0.0, 482.78590776255396, 0.0, 525.2485837606506, 0.0, 626.9143021948051, 0.0, 484.572116815089, 0.0, 0.0, 0.0, 0.0, 417.43618526701175, 0.0, 0.0, 0.0, 0.0, 447.1094793462885, 0.0, 0.0, 0.0, 429.31274947635166, 566.0251959524159, 599.259318526003, 0.0, 0.0, 0.0, 0.0, 0.0, 0.0, 0.0, 0.0, 0.0, 0.0, 0.0, 312.6424465962472, 0.0, 0.0, 0.0, 0.0, 516.4132050655651, 0.0, 0.0, 554.4035331748673, 0.0, 0.0, 0.0, 0.0, 0.0, 642.1263133088796, 0.0, 0.0, 0.0, 0.0, 0.0, 484.8657160945589, 0.0, 0.0, 0.0, 0.0, 0.0, 0.0, 657.9002571987867, 511.1392705738997, 0.0, 0.0, 0.0, 0.0, 0.0, 0.0, 464.42153046984373, 0.0, 0.0, 0.0, 0.0, 396.4428887436727, 0.0]
INFORMACIÓN : 16apuestaBundle [626.9143021948051, 626.9143021948051, 566.0251959524159, 566.0251959524159, 525.2485837606506, 484.8657160945589, 464.42153046984373]
INFORMACIÓN : 16positionsBundle [1489, 1489, 2135, 2135, 2412, 1343, 2037]
INFORMACIÓN : 16levelsBundle [2, 2, 2, 2, 2, 2, 2]
INFORMACIÓN : 16positionsOrdered [1489, 1489, 2135, 2135, 2412, 1343, 2037]
INFORMACIÓN : 16levelsOrdered [2, 2, 2, 2, 2, 2, 2]
INFORMACIÓN : 16partialityOrdered [2, 2, 2, 2, 2, 2, 2]
INFORMACIÓN : 16arrivalTimes [21.02379604162864, 21.02379604162864, 34.62526655036408, 34.62526655036408, 62.773983372688534, 108.67751634638299, 123.9090625581108]
INFORMACIÓN : 17historia0[0.0, 0.0, 635.2300195954525, 0.0, 0.0, 0.0, 312.6424465962472, 0.0, 0.0, 0.0, 0.0, 642.9139451195622, 516.9017572794196, 0.0, 0.0, 554.4035331748673, 0.0, 0.0, 481.46764922211537, 0.0, 0.0, 492.8684532590471, 0.0, 566.0251959524159, 0.0, 417.28554921478644, 651.027356057987, 600.4282640680152, 626.9143021948051, 0.0, 0.0, 0.0, 507.79735548324606, 0.0, 0.0, 642.9139451195622, 0.0, 0.0, 0.0, 0.0, 485.6979457415142, 0.0, 525.2485837606506, 0.0, 626.9143021948051, 0.0, 484.572116815089, 0.0, 0.0, 0.0, 0.0, 417.43618526701175, 0.0, 0.0, 0.0, 0.0, 447.1094793462885, 0.0, 0.0, 0.0, 438.55341973717236, 566.0251959524159, 599.259318526003, 0.0, 436.24325259557855, 0.0, 0.0, 436.24325259557855, 0.0, 0.0, 0.0, 0.0, 0.0, 0.0, 312.6424465962472, 0.0, 0.0, 0.0, 0.0, 516.4132050655651, 0.0, 0.0, 554.4035331748673, 0.0, 0.0, 0.0, 0.0, 0.0, 642.1263133088796, 0.0, 0.0, 0.0, 0.0, 0.0, 484.8657160945589, 0.0, 0.0, 0.0, 0.0, 0.0, 0.0, 657.9002571987867, 511.1392705738997, 0.0, 0.0, 0.0, 0.0, 0.0, 0.0, 464.42153046984373, 0.0, 0.0, 0.0, 0.0, 396.4428887436727, 0.0]
INFORMACIÓN : 17apuestaBundle [626.9143021948051, 626.9143021948051, 566.0251959524159, 566.0251959524159, 525.2485837606506, 484.8657160945589, 464.42153046984373]
INFORMACIÓN : 17positionsBundle [1489, 1489, 2135, 2135, 2412, 1343, 2037]
INFORMACIÓN : 17levelsBundle [2, 2, 2, 2, 2, 2, 2]
INFORMACIÓN : 17positionsOrdered [1489, 1489, 2135, 2135, 2412, 1343, 2037]
INFORMACIÓN : 17levelsOrdered [2, 2, 2, 2, 2, 2, 2]
INFORMACIÓN : 17partialityOrdered [2, 2, 2, 2, 2, 2, 2]
INFORMACIÓN : 17arrivalTimes [21.02379604162864, 21.02379604162864, 34.62526655036408, 34.62526655036408, 62.773983372688534, 108.67751634638299, 123.9090625581108]
INFORMACIÓN : 18historia0[0.0, 0.0, 635.2300195954525, 0.0, 0.0, 426.21801489275117, 312.6424465962472, 0.0, 0.0, 0.0, 0.0, 642.9139451195622, 516.9017572794196, 0.0, 0.0, 554.4035331748673, 0.0, 0.0, 481.46764922211537, 0.0, 0.0, 492.8684532590471, 0.0, 566.0251959524159, 0.0, 417.28554921478644, 651.027356057987, 600.4282640680152, 626.9143021948051, 0.0, 0.0, 0.0, 507.79735548324606, 0.0, 0.0, 642.9139451195622, 0.0, 0.0, 0.0, 0.0, 485.6979457415142, 0.0, 525.2485837606506, 0.0, 626.9143021948051, 0.0, 484.572116815089, 0.0, 0.0, 0.0, 0.0, 417.43618526701175, 0.0, 0.0, 0.0, 0.0, 447.1094793462885, 0.0, 0.0, 0.0, 438.55341973717236, 566.0251959524159, 599.259318526003, 0.0, 436.24325259557855, 0.0, 0.0, 436.24325259557855, 0.0, 0.0, 0.0, 0.0, 0.0, 0.0, 312.6424465962472, 0.0, 0.0, 0.0, 0.0, 516.4132050655651, 0.0, 0.0, 554.4035331748673, 0.0, 0.0, 0.0, 0.0, 0.0, 642.1263133088796, 0.0, 0.0, 0.0, 0.0, 0.0, 484.8657160945589, 0.0, 0.0, 0.0, 0.0, 0.0, 0.0, 657.9002571987867, 511.1392705738997, 0.0, 0.0, 0.0, 0.0, 0.0, 0.0, 464.42153046984373, 0.0, 0.0, 0.0, 0.0, 397.15871032870973, 0.0]
