----------------------------------------------------------------------
-- Log session for [myBugCoalitionsCCBBAGuaiDEF-43] started on 2018.01.04.04.50.19 --
----------------------------------------------------------------------

INFORMACIÓN : I started
INFORMACIÓN : 0apuestaBundle [651.027356057987, 651.027356057987, 645.1389981892816, 626.2259050850487, 606.7489010826527, 578.134891174153]
INFORMACIÓN : 0positionsBundle [1092, 1092, 884, 1174, 1489, 169]
INFORMACIÓN : 0levelsBundle [2, 2, 2, 2, 2, 2]
INFORMACIÓN : 0positionsOrdered [1092, 1092, 884, 1174, 1489, 169]
INFORMACIÓN : 0levelsOrdered [2, 2, 2, 2, 2, 2]
INFORMACIÓN : 0partialityOrdered [2, 2, 2, 2, 2, 2]
INFORMACIÓN : 0arrivalTimes [24.413111231467404, 24.413111231467404, 33.35738314146656, 45.01928693115717, 61.17478135256068, 93.97722028627413]
INFORMACIÓN : I [IR, AB]; lost Test.myBail@6a61efa1; POS 884; sensors [MW]; level 2 I paid 645.1389981892816in favour of46@(myturtles,myturtles,bug)@MK-203 paid 645.2696691602645
INFORMACIÓN : 1historia0[0.0, 0.0, 0.0, 0.0, 0.0, 0.0, 0.0, 0.0, 0.0, 0.0, 0.0, 642.9139451195622, 0.0, 0.0, 0.0, 0.0, 0.0, 0.0, 0.0, 0.0, 0.0, 0.0, 0.0, 0.0, 0.0, 0.0, 651.027356057987, 0.0, 0.0, 0.0, 0.0, 0.0, 0.0, 0.0, 0.0, 642.9139451195622, 0.0, 0.0, 0.0, 0.0, 0.0, 0.0, 0.0, 0.0, 608.7011392703843, 0.0, 0.0, 0.0, 0.0, 0.0, 0.0, 0.0, 0.0, 0.0, 0.0, 0.0, 0.0, 0.0, 0.0, 0.0, 0.0, 0.0, 0.0, 0.0, 0.0, 0.0, 0.0, 0.0, 0.0, 0.0, 0.0, 0.0, 0.0, 0.0, 0.0, 0.0, 0.0, 0.0, 0.0, 0.0, 0.0, 0.0, 0.0, 0.0, 0.0, 0.0, 0.0, 0.0, 645.2696691602645, 0.0, 0.0, 0.0, 0.0, 0.0, 0.0, 0.0, 0.0, 0.0, 0.0, 0.0, 0.0, 651.027356057987, 0.0, 0.0, 0.0, 0.0, 0.0, 0.0, 0.0, 0.0, 0.0, 0.0, 0.0, 0.0, 0.0, 0.0]
INFORMACIÓN : 1apuestaBundle [651.027356057987, 651.027356057987, 578.134891174153, 513.0993247397954, 508.6382400534618, 492.8684532590471, 492.8684532590471]
INFORMACIÓN : 1positionsBundle [1092, 1092, 169, 1409, 2135, 2412, 2412]
INFORMACIÓN : 1levelsBundle [2, 2, 2, 2, 2, 2, 2]
INFORMACIÓN : 1positionsOrdered [1092, 1092, 169, 1409, 2135, 2412, 2412]
INFORMACIÓN : 1levelsOrdered [2, 2, 2, 2, 2, 2, 2]
INFORMACIÓN : 1partialityOrdered [2, 2, 2, 2, 2, 2, 2]
INFORMACIÓN : 1arrivalTimes [24.413111231467404, 24.413111231467404, 53.61927496448787, 80.54509900016039, 110.0747451206272, 133.84447376863662, 133.84447376863662]
INFORMACIÓN : coalSat position 1092 level 2
INFORMACIÓN : I [IR, AB]; lost Test.myBail@6a853cb2; POS 1092; sensors [AB]; level 2 I paid 651.027356057987in favour ofnull paid 651.027356057987
INFORMACIÓN : 2historia0[0.0, 0.0, 635.2300195954525, 0.0, 0.0, 0.0, 0.0, 0.0, 0.0, 0.0, 0.0, 642.9139451195622, 0.0, 0.0, 0.0, 554.4035331748673, 0.0, 0.0, 0.0, 0.0, 0.0, 0.0, 0.0, 566.0251959524159, 0.0, 0.0, 0.0, 599.259318526003, 626.9143021948051, 0.0, 0.0, 0.0, 0.0, 0.0, 0.0, 642.9139451195622, 0.0, 0.0, 0.0, 0.0, 0.0, 0.0, 0.0, 0.0, 626.9143021948051, 0.0, 0.0, 0.0, 0.0, 0.0, 0.0, 0.0, 0.0, 0.0, 0.0, 0.0, 0.0, 0.0, 0.0, 0.0, 0.0, 566.0251959524159, 599.259318526003, 0.0, 0.0, 0.0, 0.0, 0.0, 0.0, 0.0, 0.0, 0.0, 0.0, 0.0, 0.0, 0.0, 0.0, 0.0, 0.0, 0.0, 0.0, 0.0, 554.4035331748673, 0.0, 0.0, 0.0, 0.0, 0.0, 645.2696691602645, 0.0, 0.0, 0.0, 0.0, 0.0, 484.8657160945589, 0.0, 0.0, 0.0, 0.0, 0.0, 0.0, 657.9002571987867, 0.0, 0.0, 0.0, 0.0, 0.0, 0.0, 0.0, 0.0, 0.0, 0.0, 0.0, 0.0, 0.0, 0.0]
INFORMACIÓN : 2apuestaBundle [651.027356057987, 492.8684532590471, 492.8684532590471, 469.981097733547, 448.39052815667856, 437.5193504128441, 437.5193504128441]
INFORMACIÓN : 2positionsBundle [1092, 2412, 2412, 1358, 465, 454, 454]
INFORMACIÓN : 2levelsBundle [2, 2, 2, 2, 2, 2, 2]
INFORMACIÓN : 2positionsOrdered [1092, 2412, 2412, 1358, 465, 454, 454]
INFORMACIÓN : 2levelsOrdered [2, 2, 2, 2, 2, 2, 2]
INFORMACIÓN : 2partialityOrdered [2, 2, 2, 2, 2, 2, 2]
INFORMACIÓN : 2arrivalTimes [24.413111231467404, 64.77398337268853, 64.77398337268853, 86.15154169912049, 105.46474961494846, 116.46474961494846, 116.46474961494846]
INFORMACIÓN : I [IR, AB]; lost Test.myBail@1fb0b5e7; POS 1358; sensors [MW]; level 2 I paid 469.981097733547in favour of46@(myturtles,myturtles,bug)@MK-203 paid 483.3792624158052
INFORMACIÓN : 3historia0[0.0, 0.0, 635.2300195954525, 0.0, 0.0, 0.0, 0.0, 0.0, 0.0, 0.0, 0.0, 642.9139451195622, 455.55941590497196, 0.0, 0.0, 0.0, 0.0, 0.0, 0.0, 0.0, 0.0, 492.8684532590471, 0.0, 566.0251959524159, 0.0, 0.0, 651.027356057987, 600.4282640680152, 626.9143021948051, 0.0, 0.0, 0.0, 507.79735548324606, 0.0, 0.0, 642.9139451195622, 0.0, 0.0, 0.0, 0.0, 483.3792624158052, 0.0, 492.8684532590471, 0.0, 626.9143021948051, 0.0, 484.572116815089, 0.0, 0.0, 0.0, 0.0, 0.0, 0.0, 0.0, 0.0, 0.0, 0.0, 0.0, 0.0, 0.0, 434.5310543630119, 566.0251959524159, 0.0, 0.0, 0.0, 0.0, 0.0, 0.0, 0.0, 0.0, 0.0, 0.0, 0.0, 0.0, 0.0, 0.0, 0.0, 0.0, 0.0, 516.4132050655651, 0.0, 0.0, 0.0, 0.0, 0.0, 0.0, 0.0, 0.0, 642.1263133088796, 0.0, 0.0, 0.0, 0.0, 0.0, 0.0, 0.0, 0.0, 0.0, 0.0, 0.0, 0.0, 657.9002571987867, 0.0, 0.0, 0.0, 0.0, 0.0, 0.0, 0.0, 0.0, 455.55941590497196, 0.0, 0.0, 0.0, 0.0, 0.0]
INFORMACIÓN : 3apuestaBundle [651.027356057987, 492.8684532590471, 492.8684532590471, 512.650235307122, 417.28554921478644, 414.74576657064154]
INFORMACIÓN : 3positionsBundle [1092, 2412, 2412, 1409, 1045, 2037]
INFORMACIÓN : 3levelsBundle [2, 2, 2, 2, 2, 2]
INFORMACIÓN : 3positionsOrdered [1092, 2412, 2412, 1409, 1045, 2037]
INFORMACIÓN : 3levelsOrdered [2, 2, 2, 2, 2, 2]
INFORMACIÓN : 3partialityOrdered [2, 2, 2, 2, 2, 2]
INFORMACIÓN : 3arrivalTimes [24.413111231467404, 64.77398337268853, 64.77398337268853, 84.99773178884521, 121.87590961801676, 143.41656884655478]
INFORMACIÓN : coalSat position 2412 level 2
INFORMACIÓN : I [IR, AB]; lost Test.myBail@6a26b00c; POS 2412; sensors [IR]; level 2 I paid 492.8684532590471in favour ofnull paid 492.8684532590471
INFORMACIÓN : 4historia0[0.0, 0.0, 635.2300195954525, 0.0, 0.0, 0.0, 0.0, 0.0, 0.0, 0.0, 0.0, 642.9139451195622, 455.55941590497196, 0.0, 0.0, 554.4035331748673, 0.0, 0.0, 0.0, 0.0, 0.0, 0.0, 0.0, 566.0251959524159, 0.0, 0.0, 651.027356057987, 600.4282640680152, 626.9143021948051, 0.0, 0.0, 0.0, 507.79735548324606, 0.0, 0.0, 642.9139451195622, 0.0, 0.0, 0.0, 0.0, 485.6979457415142, 0.0, 525.2485837606506, 0.0, 626.9143021948051, 0.0, 0.0, 0.0, 0.0, 0.0, 0.0, 426.0151900358993, 0.0, 0.0, 0.0, 0.0, 447.1094793462885, 0.0, 0.0, 0.0, 434.5310543630119, 566.0251959524159, 599.259318526003, 0.0, 436.24325259557855, 0.0, 0.0, 436.24325259557855, 0.0, 0.0, 0.0, 0.0, 0.0, 0.0, 0.0, 0.0, 0.0, 0.0, 0.0, 516.4132050655651, 0.0, 0.0, 554.4035331748673, 0.0, 0.0, 0.0, 0.0, 0.0, 642.1263133088796, 0.0, 0.0, 0.0, 0.0, 0.0, 484.8657160945589, 0.0, 0.0, 0.0, 0.0, 0.0, 0.0, 657.9002571987867, 0.0, 0.0, 0.0, 0.0, 0.0, 0.0, 0.0, 426.0151900358993, 455.55941590497196, 0.0, 0.0, 0.0, 0.0, 0.0]
INFORMACIÓN : 4apuestaBundle [651.027356057987, 492.8684532590471, 461.5639087279178, 417.28554921478644, 396.4428887436727]
INFORMACIÓN : 4positionsBundle [1092, 2412, 1343, 1045, 2093]
INFORMACIÓN : 4levelsBundle [2, 2, 2, 2, 2]
INFORMACIÓN : 4positionsOrdered [1092, 2412, 1343, 1045, 2093]
INFORMACIÓN : 4levelsOrdered [2, 2, 2, 2, 2]
INFORMACIÓN : 4partialityOrdered [2, 2, 2, 2, 2]
INFORMACIÓN : 4arrivalTimes [24.413111231467404, 64.77398337268853, 106.67751634638299, 113.00207166671974, 134.09709477644873]
INFORMACIÓN : I [IR, AB]; lost Test.myBail@6f328050; POS 1343; sensors [IR]; level 2 I paid 461.5639087279178in favour of42@(myturtles,myturtles,bug)@MK-203 paid 484.572116815089
INFORMACIÓN : 5historia0[0.0, 0.0, 635.2300195954525, 0.0, 0.0, 0.0, 0.0, 0.0, 0.0, 0.0, 0.0, 642.9139451195622, 455.55941590497196, 0.0, 0.0, 554.4035331748673, 0.0, 0.0, 448.9437980605643, 0.0, 0.0, 492.8684532590471, 0.0, 566.0251959524159, 0.0, 463.31230767440076, 651.027356057987, 600.4282640680152, 626.9143021948051, 0.0, 0.0, 0.0, 507.79735548324606, 0.0, 0.0, 642.9139451195622, 0.0, 0.0, 0.0, 0.0, 485.6979457415142, 0.0, 525.2485837606506, 0.0, 626.9143021948051, 0.0, 484.572116815089, 0.0, 0.0, 0.0, 0.0, 426.0151900358993, 0.0, 0.0, 0.0, 0.0, 447.1094793462885, 0.0, 0.0, 0.0, 448.9437980605643, 566.0251959524159, 599.259318526003, 0.0, 436.24325259557855, 0.0, 0.0, 436.24325259557855, 0.0, 0.0, 0.0, 0.0, 0.0, 0.0, 0.0, 0.0, 0.0, 0.0, 0.0, 516.4132050655651, 0.0, 0.0, 554.4035331748673, 0.0, 0.0, 0.0, 0.0, 0.0, 642.1263133088796, 0.0, 0.0, 0.0, 0.0, 0.0, 484.8657160945589, 0.0, 0.0, 0.0, 0.0, 0.0, 0.0, 657.9002571987867, 486.0560105835981, 463.31230767440076, 0.0, 0.0, 0.0, 0.0, 0.0, 426.0151900358993, 455.55941590497196, 0.0, 0.0, 0.0, 0.0, 0.0]
INFORMACIÓN : 5apuestaBundle [651.027356057987, 492.8684532590471, 396.4428887436727, 341.1199323866779, 341.1199323866779, 312.6424465962472]
INFORMACIÓN : 5positionsBundle [1092, 2412, 2093, 1607, 1607, 2381]
INFORMACIÓN : 5levelsBundle [2, 2, 2, 2, 2, 2]
INFORMACIÓN : 5positionsOrdered [1092, 2412, 2093, 1607, 1607, 2381]
INFORMACIÓN : 5levelsOrdered [2, 2, 2, 2, 2, 2]
INFORMACIÓN : 5partialityOrdered [2, 2, 2, 2, 2, 2]
INFORMACIÓN : 5arrivalTimes [24.413111231467404, 64.77398337268853, 96.55448053682994, 133.6624311673889, 133.6624311673889, 161.9643745635587]
INFORMACIÓN : coalSat position 2093 level 2
INFORMACIÓN : timeSat position 2093 level 2
INFORMACIÓN : I [IR, AB]; lost Test.myBail@73d3252f; POS 2093; sensors [MW]; level 2 I paid 396.4428887436727in favour ofnull paid 396.4428887436727
INFORMACIÓN : 6historia0[0.0, 352.64540673479064, 635.2300195954525, 0.0, 0.0, 417.71210581830167, 0.0, 0.0, 382.65254500972367, 0.0, 0.0, 642.9139451195622, 455.55941590497196, 0.0, 0.0, 554.4035331748673, 0.0, 0.0, 448.9437980605643, 0.0, 0.0, 492.8684532590471, 0.0, 566.0251959524159, 0.0, 463.31230767440076, 651.027356057987, 600.4282640680152, 626.9143021948051, 0.0, 0.0, 0.0, 507.79735548324606, 0.0, 0.0, 642.9139451195622, 0.0, 0.0, 0.0, 0.0, 485.6979457415142, 0.0, 525.2485837606506, 0.0, 626.9143021948051, 0.0, 484.572116815089, 0.0, 0.0, 0.0, 352.64540673479064, 0.0, 0.0, 0.0, 0.0, 0.0, 0.0, 0.0, 0.0, 0.0, 448.9437980605643, 566.0251959524159, 599.259318526003, 0.0, 436.24325259557855, 0.0, 0.0, 436.24325259557855, 0.0, 0.0, 0.0, 0.0, 0.0, 0.0, 0.0, 0.0, 0.0, 0.0, 0.0, 516.4132050655651, 0.0, 0.0, 554.4035331748673, 0.0, 0.0, 0.0, 0.0, 0.0, 642.1263133088796, 0.0, 0.0, 0.0, 0.0, 0.0, 484.8657160945589, 0.0, 0.0, 0.0, 0.0, 0.0, 0.0, 657.9002571987867, 486.0560105835981, 463.31230767440076, 0.0, 0.0, 0.0, 0.0, 0.0, 0.0, 455.55941590497196, 0.0, 0.0, 0.0, 0.0, 0.0]
INFORMACIÓN : 6apuestaBundle [651.027356057987, 492.8684532590471, 414.74576657064154, 396.4428887436727, 312.6424465962472, 312.6424465962472]
INFORMACIÓN : 6positionsBundle [1092, 2412, 2037, 2093, 2381, 2381]
INFORMACIÓN : 6levelsBundle [2, 2, 2, 2, 2, 2]
INFORMACIÓN : 6positionsOrdered [1092, 2412, 2037, 2093, 2381, 2381]
INFORMACIÓN : 6levelsOrdered [2, 2, 2, 2, 2, 2]
INFORMACIÓN : 6partialityOrdered [2, 2, 2, 2, 2, 2]
INFORMACIÓN : 6arrivalTimes [24.413111231467404, 64.77398337268853, 91.02279286950191, 130.09709477644873, 143.51350264144747, 143.51350264144747]
INFORMACIÓN : 7historia0[0.0, 0.0, 635.2300195954525, 0.0, 0.0, 428.38631470341033, 312.6424465962472, 0.0, 0.0, 0.0, 0.0, 642.9139451195622, 455.55941590497196, 0.0, 0.0, 554.4035331748673, 0.0, 0.0, 448.9437980605643, 0.0, 0.0, 492.8684532590471, 0.0, 566.0251959524159, 0.0, 463.31230767440076, 651.027356057987, 600.4282640680152, 626.9143021948051, 0.0, 0.0, 0.0, 507.79735548324606, 0.0, 0.0, 642.9139451195622, 0.0, 0.0, 0.0, 0.0, 0.0, 0.0, 525.2485837606506, 0.0, 626.9143021948051, 0.0, 484.572116815089, 0.0, 0.0, 0.0, 0.0, 414.74576657064154, 0.0, 0.0, 0.0, 0.0, 424.0571943467389, 0.0, 0.0, 0.0, 448.9437980605643, 566.0251959524159, 599.259318526003, 0.0, 0.0, 0.0, 0.0, 0.0, 0.0, 0.0, 0.0, 0.0, 0.0, 0.0, 312.6424465962472, 0.0, 0.0, 0.0, 0.0, 516.4132050655651, 0.0, 0.0, 554.4035331748673, 0.0, 0.0, 0.0, 0.0, 0.0, 642.1263133088796, 0.0, 0.0, 0.0, 0.0, 0.0, 484.8657160945589, 0.0, 0.0, 0.0, 0.0, 0.0, 0.0, 657.9002571987867, 511.1392705738997, 463.31230767440076, 0.0, 0.0, 0.0, 0.0, 0.0, 0.0, 455.55941590497196, 0.0, 0.0, 0.0, 396.4428887436727, 0.0]
INFORMACIÓN : 7apuestaBundle [651.027356057987, 492.8684532590471, 414.74576657064154, 396.4428887436727, 312.6424465962472, 312.6424465962472]
INFORMACIÓN : 7positionsBundle [1092, 2412, 2037, 2093, 2381, 2381]
INFORMACIÓN : 7levelsBundle [2, 2, 2, 2, 2, 2]
INFORMACIÓN : 7positionsOrdered [1092, 2412, 2037, 2093, 2381, 2381]
INFORMACIÓN : 7levelsOrdered [2, 2, 2, 2, 2, 2]
INFORMACIÓN : 7partialityOrdered [2, 2, 2, 2, 2, 2]
INFORMACIÓN : 7arrivalTimes [24.413111231467404, 64.77398337268853, 91.02279286950191, 130.09709477644873, 143.51350264144747, 143.51350264144747]
INFORMACIÓN : 8historia0[0.0, 0.0, 635.2300195954525, 0.0, 0.0, 428.38631470341033, 312.6424465962472, 0.0, 0.0, 0.0, 0.0, 642.9139451195622, 485.7002113030343, 0.0, 0.0, 554.4035331748673, 0.0, 0.0, 448.9437980605643, 0.0, 0.0, 492.8684532590471, 0.0, 566.0251959524159, 0.0, 463.31230767440076, 651.027356057987, 600.4282640680152, 626.9143021948051, 0.0, 0.0, 0.0, 507.79735548324606, 0.0, 0.0, 642.9139451195622, 0.0, 0.0, 0.0, 0.0, 0.0, 0.0, 525.2485837606506, 0.0, 626.9143021948051, 0.0, 484.572116815089, 0.0, 0.0, 0.0, 0.0, 414.74576657064154, 0.0, 0.0, 0.0, 0.0, 447.1094793462885, 0.0, 0.0, 0.0, 448.9437980605643, 566.0251959524159, 599.259318526003, 0.0, 0.0, 0.0, 0.0, 468.0582599284435, 0.0, 0.0, 0.0, 0.0, 0.0, 0.0, 312.6424465962472, 0.0, 0.0, 0.0, 0.0, 516.4132050655651, 0.0, 0.0, 554.4035331748673, 0.0, 0.0, 0.0, 0.0, 0.0, 642.1263133088796, 0.0, 0.0, 0.0, 0.0, 0.0, 484.8657160945589, 0.0, 0.0, 0.0, 0.0, 0.0, 0.0, 657.9002571987867, 511.1392705738997, 463.31230767440076, 0.0, 0.0, 0.0, 0.0, 0.0, 0.0, 455.55941590497196, 0.0, 0.0, 0.0, 396.4428887436727, 0.0]
INFORMACIÓN : 8apuestaBundle [651.027356057987, 492.8684532590471, 414.74576657064154, 396.4428887436727, 312.6424465962472, 312.6424465962472]
INFORMACIÓN : 8positionsBundle [1092, 2412, 2037, 2093, 2381, 2381]
INFORMACIÓN : 8levelsBundle [2, 2, 2, 2, 2, 2]
INFORMACIÓN : 8positionsOrdered [1092, 2412, 2037, 2093, 2381, 2381]
INFORMACIÓN : 8levelsOrdered [2, 2, 2, 2, 2, 2]
INFORMACIÓN : 8partialityOrdered [2, 2, 2, 2, 2, 2]
INFORMACIÓN : 8arrivalTimes [24.413111231467404, 64.77398337268853, 91.02279286950191, 130.09709477644873, 143.51350264144747, 143.51350264144747]
INFORMACIÓN : 9historia0[0.0, 0.0, 635.2300195954525, 0.0, 0.0, 425.54848695945066, 312.6424465962472, 0.0, 0.0, 0.0, 0.0, 642.9139451195622, 485.7002113030343, 0.0, 0.0, 554.4035331748673, 0.0, 0.0, 448.9437980605643, 0.0, 0.0, 492.8684532590471, 0.0, 566.0251959524159, 0.0, 463.31230767440076, 651.027356057987, 600.4282640680152, 626.9143021948051, 0.0, 0.0, 0.0, 507.79735548324606, 313.54028122899706, 0.0, 642.9139451195622, 0.0, 0.0, 0.0, 0.0, 482.78590776255396, 0.0, 525.2485837606506, 0.0, 626.9143021948051, 0.0, 484.572116815089, 0.0, 0.0, 0.0, 334.5356072279617, 414.74576657064154, 0.0, 0.0, 0.0, 0.0, 0.0, 0.0, 0.0, 0.0, 448.9437980605643, 566.0251959524159, 599.259318526003, 0.0, 427.87423225762245, 0.0, 0.0, 413.0626375111931, 0.0, 0.0, 0.0, 313.54028122899706, 0.0, 0.0, 312.6424465962472, 0.0, 0.0, 0.0, 0.0, 516.4132050655651, 0.0, 0.0, 554.4035331748673, 0.0, 0.0, 0.0, 0.0, 0.0, 642.1263133088796, 0.0, 0.0, 0.0, 0.0, 0.0, 484.8657160945589, 0.0, 0.0, 0.0, 0.0, 0.0, 0.0, 657.9002571987867, 0.0, 463.31230767440076, 0.0, 0.0, 0.0, 0.0, 0.0, 0.0, 0.0, 0.0, 0.0, 0.0, 396.4428887436727, 0.0]
INFORMACIÓN : 9apuestaBundle [651.027356057987, 492.8684532590471, 414.74576657064154, 396.4428887436727, 312.6424465962472, 312.6424465962472]
INFORMACIÓN : 9positionsBundle [1092, 2412, 2037, 2093, 2381, 2381]
INFORMACIÓN : 9levelsBundle [2, 2, 2, 2, 2, 2]
INFORMACIÓN : 9positionsOrdered [1092, 2412, 2037, 2093, 2381, 2381]
INFORMACIÓN : 9levelsOrdered [2, 2, 2, 2, 2, 2]
INFORMACIÓN : 9partialityOrdered [2, 2, 2, 2, 2, 2]
INFORMACIÓN : 9arrivalTimes [24.413111231467404, 64.77398337268853, 91.02279286950191, 130.09709477644873, 143.51350264144747, 143.51350264144747]
INFORMACIÓN : 10historia0[0.0, 0.0, 635.2300195954525, 0.0, 0.0, 425.54848695945066, 312.6424465962472, 0.0, 0.0, 0.0, 0.0, 642.9139451195622, 485.7002113030343, 0.0, 0.0, 554.4035331748673, 0.0, 0.0, 448.9437980605643, 0.0, 0.0, 492.8684532590471, 0.0, 566.0251959524159, 0.0, 0.0, 651.027356057987, 600.4282640680152, 626.9143021948051, 0.0, 0.0, 0.0, 507.79735548324606, 313.54028122899706, 0.0, 642.9139451195622, 0.0, 0.0, 0.0, 0.0, 482.78590776255396, 0.0, 525.2485837606506, 0.0, 626.9143021948051, 0.0, 0.0, 0.0, 0.0, 0.0, 334.5356072279617, 414.74576657064154, 0.0, 0.0, 0.0, 0.0, 447.1094793462885, 0.0, 0.0, 0.0, 448.9437980605643, 566.0251959524159, 599.259318526003, 0.0, 427.87423225762245, 0.0, 0.0, 436.24325259557855, 0.0, 0.0, 0.0, 313.54028122899706, 0.0, 0.0, 312.6424465962472, 0.0, 0.0, 0.0, 0.0, 0.0, 0.0, 0.0, 554.4035331748673, 0.0, 0.0, 0.0, 0.0, 0.0, 642.1263133088796, 0.0, 0.0, 0.0, 0.0, 0.0, 484.8657160945589, 0.0, 0.0, 0.0, 0.0, 0.0, 0.0, 657.9002571987867, 511.1392705738997, 0.0, 0.0, 0.0, 0.0, 0.0, 0.0, 0.0, 0.0, 0.0, 0.0, 0.0, 396.4428887436727, 0.0]
INFORMACIÓN : 10apuestaBundle [651.027356057987, 492.8684532590471, 414.74576657064154, 396.4428887436727, 312.6424465962472, 312.6424465962472]
INFORMACIÓN : 10positionsBundle [1092, 2412, 2037, 2093, 2381, 2381]
INFORMACIÓN : 10levelsBundle [2, 2, 2, 2, 2, 2]
INFORMACIÓN : 10positionsOrdered [1092, 2412, 2037, 2093, 2381, 2381]
INFORMACIÓN : 10levelsOrdered [2, 2, 2, 2, 2, 2]
INFORMACIÓN : 10partialityOrdered [2, 2, 2, 2, 2, 2]
INFORMACIÓN : 10arrivalTimes [24.413111231467404, 64.77398337268853, 91.02279286950191, 130.09709477644873, 143.51350264144747, 143.51350264144747]
INFORMACIÓN : I [IR, AB]; lost Test.myBail@1c2e6a47; POS 2037; sensors [MW]; level 2 I paid 414.74576657064154in favour of46@(myturtles,myturtles,bug)@MK-203 paid 420.05516312823636
INFORMACIÓN : 11historia0[0.0, 0.0, 635.2300195954525, 0.0, 0.0, 0.0, 0.0, 0.0, 0.0, 0.0, 0.0, 642.9139451195622, 485.7002113030343, 0.0, 0.0, 554.4035331748673, 0.0, 0.0, 0.0, 0.0, 0.0, 492.8684532590471, 0.0, 566.0251959524159, 0.0, 0.0, 651.027356057987, 600.4282640680152, 626.9143021948051, 0.0, 0.0, 0.0, 507.79735548324606, 313.54028122899706, 0.0, 642.9139451195622, 0.0, 0.0, 0.0, 0.0, 482.78590776255396, 0.0, 525.2485837606506, 0.0, 626.9143021948051, 0.0, 484.572116815089, 0.0, 0.0, 0.0, 334.5356072279617, 420.05516312823636, 0.0, 0.0, 0.0, 0.0, 447.1094793462885, 0.0, 0.0, 0.0, 0.0, 566.0251959524159, 599.259318526003, 0.0, 427.87423225762245, 0.0, 0.0, 436.24325259557855, 0.0, 0.0, 0.0, 313.54028122899706, 0.0, 0.0, 0.0, 0.0, 0.0, 0.0, 0.0, 516.4132050655651, 0.0, 0.0, 554.4035331748673, 0.0, 0.0, 0.0, 0.0, 0.0, 642.1263133088796, 0.0, 0.0, 0.0, 0.0, 0.0, 484.8657160945589, 0.0, 0.0, 0.0, 0.0, 0.0, 0.0, 657.9002571987867, 511.1392705738997, 0.0, 0.0, 0.0, 0.0, 0.0, 0.0, 0.0, 0.0, 0.0, 0.0, 0.0, 0.0, 0.0]
INFORMACIÓN : 11apuestaBundle [651.027356057987, 492.8684532590471, 425.49763684664686, 417.28554921478644, 396.4428887436727]
INFORMACIÓN : 11positionsBundle [1092, 2412, 687, 1045, 2093]
INFORMACIÓN : 11levelsBundle [2, 2, 2, 2, 2]
INFORMACIÓN : 11positionsOrdered [1092, 2412, 687, 1045, 2093]
INFORMACIÓN : 11levelsOrdered [2, 2, 2, 2, 2]
INFORMACIÓN : 11partialityOrdered [2, 2, 2, 2, 2]
INFORMACIÓN : 11arrivalTimes [24.413111231467404, 64.77398337268853, 107.78560970790167, 118.41575552063632, 139.5107786303653]
INFORMACIÓN : I [IR, AB]; lost Test.myBail@59b63736; POS 687; sensors [MW]; level 2 I paid 425.49763684664686in favour of46@(myturtles,myturtles,bug)@MK-203 paid 429.31274947635166
INFORMACIÓN : 12historia0[0.0, 0.0, 635.2300195954525, 0.0, 0.0, 0.0, 0.0, 0.0, 0.0, 0.0, 0.0, 642.9139451195622, 485.7002113030343, 0.0, 0.0, 554.4035331748673, 0.0, 0.0, 0.0, 0.0, 0.0, 492.8684532590471, 0.0, 566.0251959524159, 0.0, 0.0, 651.027356057987, 600.4282640680152, 626.9143021948051, 0.0, 0.0, 0.0, 507.79735548324606, 313.54028122899706, 0.0, 642.9139451195622, 0.0, 0.0, 0.0, 0.0, 482.78590776255396, 0.0, 525.2485837606506, 0.0, 626.9143021948051, 0.0, 484.572116815089, 0.0, 0.0, 0.0, 334.5356072279617, 420.05516312823636, 0.0, 0.0, 0.0, 0.0, 447.1094793462885, 0.0, 0.0, 0.0, 429.31274947635166, 566.0251959524159, 599.259318526003, 0.0, 427.87423225762245, 0.0, 0.0, 436.24325259557855, 0.0, 0.0, 0.0, 313.54028122899706, 0.0, 0.0, 0.0, 0.0, 0.0, 0.0, 0.0, 516.4132050655651, 0.0, 0.0, 554.4035331748673, 0.0, 0.0, 0.0, 0.0, 0.0, 642.1263133088796, 0.0, 0.0, 0.0, 0.0, 0.0, 484.8657160945589, 0.0, 0.0, 0.0, 0.0, 0.0, 0.0, 657.9002571987867, 511.1392705738997, 0.0, 0.0, 0.0, 0.0, 0.0, 0.0, 464.42153046984373, 0.0, 0.0, 0.0, 0.0, 0.0, 0.0]
INFORMACIÓN : 12apuestaBundle [651.027356057987, 492.8684532590471, 417.28554921478644, 396.4428887436727, 312.6424465962472, 312.6424465962472]
INFORMACIÓN : 12positionsBundle [1092, 2412, 1045, 2093, 2381, 2381]
INFORMACIÓN : 12levelsBundle [2, 2, 2, 2, 2, 2]
INFORMACIÓN : 12positionsOrdered [1092, 2412, 1045, 2093, 2381, 2381]
INFORMACIÓN : 12levelsOrdered [2, 2, 2, 2, 2, 2]
INFORMACIÓN : 12partialityOrdered [2, 2, 2, 2, 2, 2]
INFORMACIÓN : 12arrivalTimes [24.413111231467404, 64.77398337268853, 108.05215338945334, 129.14717649918234, 142.56358436418108, 142.56358436418108]
INFORMACIÓN : 13historia0[0.0, 0.0, 635.2300195954525, 0.0, 0.0, 0.0, 312.6424465962472, 0.0, 0.0, 0.0, 0.0, 642.9139451195622, 485.7002113030343, 0.0, 0.0, 554.4035331748673, 0.0, 0.0, 481.46764922211537, 0.0, 0.0, 492.8684532590471, 0.0, 566.0251959524159, 0.0, 417.28554921478644, 651.027356057987, 600.4282640680152, 626.9143021948051, 0.0, 0.0, 0.0, 507.79735548324606, 313.54028122899706, 0.0, 642.9139451195622, 0.0, 0.0, 0.0, 0.0, 482.78590776255396, 0.0, 525.2485837606506, 0.0, 626.9143021948051, 0.0, 484.572116815089, 0.0, 0.0, 0.0, 334.5356072279617, 420.05516312823636, 0.0, 0.0, 0.0, 0.0, 447.1094793462885, 0.0, 0.0, 0.0, 429.31274947635166, 566.0251959524159, 599.259318526003, 0.0, 427.87423225762245, 0.0, 0.0, 436.24325259557855, 0.0, 0.0, 0.0, 313.54028122899706, 0.0, 0.0, 312.6424465962472, 0.0, 0.0, 0.0, 0.0, 516.4132050655651, 0.0, 0.0, 554.4035331748673, 0.0, 0.0, 0.0, 0.0, 0.0, 642.1263133088796, 0.0, 0.0, 0.0, 0.0, 0.0, 484.8657160945589, 0.0, 0.0, 0.0, 0.0, 0.0, 0.0, 657.9002571987867, 511.1392705738997, 0.0, 0.0, 0.0, 0.0, 0.0, 0.0, 464.42153046984373, 0.0, 0.0, 0.0, 0.0, 396.4428887436727, 0.0]
INFORMACIÓN : 13apuestaBundle [651.027356057987, 492.8684532590471, 417.28554921478644, 396.4428887436727, 312.6424465962472, 312.6424465962472]
INFORMACIÓN : 13positionsBundle [1092, 2412, 1045, 2093, 2381, 2381]
INFORMACIÓN : 13levelsBundle [2, 2, 2, 2, 2, 2]
INFORMACIÓN : 13positionsOrdered [1092, 2412, 1045, 2093, 2381, 2381]
INFORMACIÓN : 13levelsOrdered [2, 2, 2, 2, 2, 2]
INFORMACIÓN : 13partialityOrdered [2, 2, 2, 2, 2, 2]
INFORMACIÓN : 13arrivalTimes [24.413111231467404, 64.77398337268853, 108.05215338945334, 129.14717649918234, 142.56358436418108, 142.56358436418108]
INFORMACIÓN : 14historia0[0.0, 0.0, 635.2300195954525, 0.0, 0.0, 0.0, 312.6424465962472, 0.0, 0.0, 0.0, 0.0, 642.9139451195622, 485.7002113030343, 0.0, 0.0, 554.4035331748673, 0.0, 0.0, 481.46764922211537, 0.0, 0.0, 492.8684532590471, 0.0, 566.0251959524159, 0.0, 417.28554921478644, 651.027356057987, 600.4282640680152, 626.9143021948051, 0.0, 0.0, 0.0, 507.79735548324606, 313.54028122899706, 0.0, 642.9139451195622, 0.0, 0.0, 0.0, 0.0, 482.78590776255396, 0.0, 525.2485837606506, 0.0, 626.9143021948051, 0.0, 484.572116815089, 0.0, 0.0, 0.0, 334.5356072279617, 417.43618526701175, 0.0, 0.0, 0.0, 0.0, 447.1094793462885, 0.0, 0.0, 0.0, 429.31274947635166, 566.0251959524159, 599.259318526003, 0.0, 427.87423225762245, 0.0, 0.0, 436.24325259557855, 0.0, 0.0, 0.0, 313.54028122899706, 0.0, 0.0, 312.6424465962472, 0.0, 0.0, 0.0, 0.0, 516.4132050655651, 0.0, 0.0, 554.4035331748673, 0.0, 0.0, 0.0, 0.0, 0.0, 642.1263133088796, 0.0, 0.0, 0.0, 0.0, 0.0, 484.8657160945589, 0.0, 0.0, 0.0, 0.0, 0.0, 0.0, 657.9002571987867, 511.1392705738997, 0.0, 0.0, 0.0, 0.0, 0.0, 0.0, 464.42153046984373, 0.0, 0.0, 0.0, 0.0, 396.4428887436727, 0.0]
INFORMACIÓN : 14apuestaBundle [651.027356057987, 492.8684532590471, 417.28554921478644, 396.4428887436727, 312.6424465962472, 312.6424465962472]
INFORMACIÓN : 14positionsBundle [1092, 2412, 1045, 2093, 2381, 2381]
INFORMACIÓN : 14levelsBundle [2, 2, 2, 2, 2, 2]
INFORMACIÓN : 14positionsOrdered [1092, 2412, 1045, 2093, 2381, 2381]
INFORMACIÓN : 14levelsOrdered [2, 2, 2, 2, 2, 2]
INFORMACIÓN : 14partialityOrdered [2, 2, 2, 2, 2, 2]
INFORMACIÓN : 14arrivalTimes [24.413111231467404, 64.77398337268853, 108.05215338945334, 129.14717649918234, 142.56358436418108, 142.56358436418108]
INFORMACIÓN : 15historia0[0.0, 0.0, 635.2300195954525, 0.0, 0.0, 0.0, 312.6424465962472, 0.0, 0.0, 0.0, 0.0, 642.9139451195622, 485.7002113030343, 0.0, 0.0, 554.4035331748673, 0.0, 0.0, 481.46764922211537, 0.0, 0.0, 492.8684532590471, 0.0, 566.0251959524159, 0.0, 417.28554921478644, 651.027356057987, 600.4282640680152, 626.9143021948051, 0.0, 0.0, 0.0, 507.79735548324606, 313.54028122899706, 0.0, 642.9139451195622, 0.0, 0.0, 0.0, 0.0, 482.78590776255396, 0.0, 525.2485837606506, 0.0, 626.9143021948051, 0.0, 484.572116815089, 0.0, 0.0, 0.0, 334.5356072279617, 417.43618526701175, 0.0, 0.0, 0.0, 0.0, 447.1094793462885, 0.0, 0.0, 0.0, 429.31274947635166, 566.0251959524159, 599.259318526003, 0.0, 427.87423225762245, 0.0, 0.0, 436.24325259557855, 0.0, 0.0, 0.0, 313.54028122899706, 0.0, 0.0, 312.6424465962472, 0.0, 0.0, 0.0, 0.0, 516.4132050655651, 0.0, 0.0, 554.4035331748673, 0.0, 0.0, 0.0, 0.0, 0.0, 642.1263133088796, 0.0, 0.0, 0.0, 0.0, 0.0, 484.8657160945589, 0.0, 0.0, 0.0, 0.0, 0.0, 0.0, 657.9002571987867, 511.1392705738997, 0.0, 0.0, 0.0, 0.0, 0.0, 0.0, 464.42153046984373, 0.0, 0.0, 0.0, 0.0, 396.4428887436727, 0.0]
INFORMACIÓN : 15apuestaBundle [651.027356057987, 492.8684532590471, 417.28554921478644, 396.4428887436727, 312.6424465962472, 312.6424465962472]
INFORMACIÓN : 15positionsBundle [1092, 2412, 1045, 2093, 2381, 2381]
INFORMACIÓN : 15levelsBundle [2, 2, 2, 2, 2, 2]
INFORMACIÓN : 15positionsOrdered [1092, 2412, 1045, 2093, 2381, 2381]
INFORMACIÓN : 15levelsOrdered [2, 2, 2, 2, 2, 2]
INFORMACIÓN : 15partialityOrdered [2, 2, 2, 2, 2, 2]
INFORMACIÓN : 15arrivalTimes [24.413111231467404, 64.77398337268853, 108.05215338945334, 129.14717649918234, 142.56358436418108, 142.56358436418108]
INFORMACIÓN : 16historia0[0.0, 0.0, 635.2300195954525, 0.0, 0.0, 0.0, 312.6424465962472, 0.0, 0.0, 0.0, 0.0, 642.9139451195622, 0.0, 0.0, 0.0, 554.4035331748673, 0.0, 0.0, 481.46764922211537, 0.0, 0.0, 492.8684532590471, 0.0, 566.0251959524159, 0.0, 417.28554921478644, 651.027356057987, 600.4282640680152, 626.9143021948051, 0.0, 0.0, 0.0, 507.79735548324606, 0.0, 0.0, 642.9139451195622, 0.0, 0.0, 0.0, 0.0, 482.78590776255396, 0.0, 525.2485837606506, 0.0, 626.9143021948051, 0.0, 484.572116815089, 0.0, 0.0, 0.0, 0.0, 417.43618526701175, 0.0, 0.0, 0.0, 0.0, 447.1094793462885, 0.0, 0.0, 0.0, 429.31274947635166, 566.0251959524159, 599.259318526003, 0.0, 0.0, 0.0, 0.0, 0.0, 0.0, 0.0, 0.0, 0.0, 0.0, 0.0, 312.6424465962472, 0.0, 0.0, 0.0, 0.0, 516.4132050655651, 0.0, 0.0, 554.4035331748673, 0.0, 0.0, 0.0, 0.0, 0.0, 642.1263133088796, 0.0, 0.0, 0.0, 0.0, 0.0, 484.8657160945589, 0.0, 0.0, 0.0, 0.0, 0.0, 0.0, 657.9002571987867, 511.1392705738997, 0.0, 0.0, 0.0, 0.0, 0.0, 0.0, 464.42153046984373, 0.0, 0.0, 0.0, 0.0, 396.4428887436727, 0.0]
INFORMACIÓN : 16apuestaBundle [651.027356057987, 492.8684532590471, 417.28554921478644, 396.4428887436727, 312.6424465962472, 312.6424465962472]
INFORMACIÓN : 16positionsBundle [1092, 2412, 1045, 2093, 2381, 2381]
INFORMACIÓN : 16levelsBundle [2, 2, 2, 2, 2, 2]
INFORMACIÓN : 16positionsOrdered [1092, 2412, 1045, 2093, 2381, 2381]
INFORMACIÓN : 16levelsOrdered [2, 2, 2, 2, 2, 2]
INFORMACIÓN : 16partialityOrdered [2, 2, 2, 2, 2, 2]
INFORMACIÓN : 16arrivalTimes [24.413111231467404, 64.77398337268853, 108.05215338945334, 129.14717649918234, 142.56358436418108, 142.56358436418108]
INFORMACIÓN : 17historia0[0.0, 0.0, 635.2300195954525, 0.0, 0.0, 0.0, 312.6424465962472, 0.0, 0.0, 0.0, 0.0, 642.9139451195622, 516.9017572794196, 0.0, 0.0, 554.4035331748673, 0.0, 0.0, 0.0, 0.0, 0.0, 492.8684532590471, 0.0, 566.0251959524159, 0.0, 417.28554921478644, 651.027356057987, 600.4282640680152, 626.9143021948051, 0.0, 0.0, 0.0, 507.79735548324606, 0.0, 0.0, 642.9139451195622, 0.0, 0.0, 0.0, 0.0, 485.6979457415142, 0.0, 525.2485837606506, 0.0, 626.9143021948051, 0.0, 484.572116815089, 0.0, 0.0, 0.0, 0.0, 417.43618526701175, 0.0, 0.0, 0.0, 0.0, 0.0, 0.0, 0.0, 0.0, 438.55341973717236, 566.0251959524159, 599.259318526003, 0.0, 436.24325259557855, 0.0, 0.0, 436.24325259557855, 0.0, 0.0, 0.0, 0.0, 0.0, 0.0, 312.6424465962472, 0.0, 0.0, 0.0, 0.0, 516.4132050655651, 0.0, 0.0, 554.4035331748673, 0.0, 0.0, 0.0, 0.0, 0.0, 642.1263133088796, 0.0, 0.0, 0.0, 0.0, 0.0, 484.8657160945589, 0.0, 0.0, 0.0, 0.0, 0.0, 0.0, 657.9002571987867, 0.0, 0.0, 0.0, 0.0, 0.0, 0.0, 0.0, 464.42153046984373, 0.0, 0.0, 0.0, 0.0, 396.4428887436727, 0.0]
INFORMACIÓN : 17apuestaBundle [651.027356057987, 492.8684532590471, 417.28554921478644, 396.4428887436727, 312.6424465962472, 312.6424465962472]
INFORMACIÓN : 17positionsBundle [1092, 2412, 1045, 2093, 2381, 2381]
INFORMACIÓN : 17levelsBundle [2, 2, 2, 2, 2, 2]
INFORMACIÓN : 17positionsOrdered [1092, 2412, 1045, 2093, 2381, 2381]
INFORMACIÓN : 17levelsOrdered [2, 2, 2, 2, 2, 2]
INFORMACIÓN : 17partialityOrdered [2, 2, 2, 2, 2, 2]
INFORMACIÓN : 17arrivalTimes [24.413111231467404, 64.77398337268853, 108.05215338945334, 129.14717649918234, 142.56358436418108, 142.56358436418108]
INFORMACIÓN : I [IR, AB]; lost Test.myBail@73d3252f; POS 2093; sensors [MW]; level 2 I paid 396.4428887436727in favour of46@(myturtles,myturtles,bug)@MK-203 paid 397.15871032870973
INFORMACIÓN : 18historia0[0.0, 0.0, 635.2300195954525, 0.0, 0.0, 426.21801489275117, 0.0, 0.0, 0.0, 0.0, 0.0, 642.9139451195622, 516.9017572794196, 0.0, 0.0, 554.4035331748673, 0.0, 0.0, 0.0, 0.0, 0.0, 492.8684532590471, 0.0, 566.0251959524159, 0.0, 417.28554921478644, 651.027356057987, 600.4282640680152, 626.9143021948051, 0.0, 0.0, 0.0, 507.79735548324606, 0.0, 0.0, 642.9139451195622, 0.0, 0.0, 0.0, 0.0, 485.6979457415142, 0.0, 525.2485837606506, 0.0, 626.9143021948051, 0.0, 0.0, 0.0, 0.0, 0.0, 0.0, 417.43618526701175, 0.0, 0.0, 0.0, 0.0, 413.50736368336766, 0.0, 0.0, 0.0, 438.55341973717236, 566.0251959524159, 599.259318526003, 0.0, 436.24325259557855, 0.0, 0.0, 436.24325259557855, 0.0, 0.0, 0.0, 0.0, 0.0, 0.0, 0.0, 0.0, 0.0, 0.0, 0.0, 0.0, 0.0, 0.0, 554.4035331748673, 0.0, 0.0, 0.0, 0.0, 0.0, 642.1263133088796, 0.0, 0.0, 0.0, 0.0, 0.0, 484.8657160945589, 0.0, 0.0, 0.0, 0.0, 0.0, 0.0, 657.9002571987867, 511.1392705738997, 0.0, 0.0, 0.0, 0.0, 0.0, 0.0, 464.42153046984373, 0.0, 0.0, 0.0, 0.0, 397.15871032870973, 0.0]
