----------------------------------------------------------------------
-- Log session for [myBugCoalitionsCCBBAGuaiDEF-42] started on 2018.01.04.04.50.19 --
----------------------------------------------------------------------

INFORMACIÓN : I started
INFORMACIÓN : 0apuestaBundle [658.1840867180008, 638.0941150848574, 607.7929214440309, 606.6664998875862, 606.6664998875862, 578.8305555263987, 578.8305555263987]
INFORMACIÓN : 0positionsBundle [1092, 884, 1489, 1174, 1174, 169, 169]
INFORMACIÓN : 0levelsBundle [2, 2, 2, 2, 2, 2, 2]
INFORMACIÓN : 0positionsOrdered [1092, 884, 1489, 1174, 1174, 169, 169]
INFORMACIÓN : 0levelsOrdered [2, 2, 2, 2, 2, 2, 2]
INFORMACIÓN : 0partialityOrdered [2, 2, 2, 2, 2, 2, 2]
INFORMACIÓN : 0arrivalTimes [21.213203435596427, 30.157475345595586, 43.157475345595586, 59.312969766999096, 59.312969766999096, 79.9284978950874, 79.9284978950874]
INFORMACIÓN : coalSat position 1092 level 2
INFORMACIÓN : timeSat position 1092 level 2
INFORMACIÓN : coalSat position 884 level 2
INFORMACIÓN : timeSat position 884 level 2
INFORMACIÓN : coalSat position 1489 level 2
INFORMACIÓN : timeSat position 1489 level 2
INFORMACIÓN : I [MW, AB]; lost Test.myBail@203cb8e7; POS 1092; sensors [IR]; level 2 I paid 658.1840867180008in favour ofnull paid 658.1840867180008
INFORMACIÓN : 1historia0[0.0, 0.0, 0.0, 0.0, 0.0, 0.0, 0.0, 0.0, 0.0, 0.0, 0.0, 642.9139451195622, 0.0, 0.0, 0.0, 0.0, 0.0, 0.0, 0.0, 0.0, 0.0, 0.0, 0.0, 0.0, 0.0, 0.0, 651.027356057987, 0.0, 0.0, 0.0, 0.0, 0.0, 0.0, 0.0, 0.0, 642.9139451195622, 0.0, 0.0, 0.0, 0.0, 0.0, 0.0, 0.0, 0.0, 608.7011392703843, 0.0, 0.0, 0.0, 0.0, 0.0, 0.0, 0.0, 0.0, 0.0, 0.0, 0.0, 0.0, 0.0, 0.0, 0.0, 0.0, 0.0, 0.0, 0.0, 0.0, 0.0, 0.0, 0.0, 0.0, 0.0, 0.0, 0.0, 0.0, 0.0, 0.0, 0.0, 0.0, 0.0, 0.0, 0.0, 0.0, 0.0, 0.0, 0.0, 0.0, 0.0, 0.0, 0.0, 645.2696691602645, 0.0, 0.0, 0.0, 0.0, 0.0, 0.0, 0.0, 0.0, 0.0, 0.0, 0.0, 0.0, 0.0, 0.0, 0.0, 0.0, 0.0, 0.0, 0.0, 0.0, 0.0, 0.0, 0.0, 0.0, 0.0, 0.0, 0.0]
INFORMACIÓN : 1apuestaBundle [657.9002571987867, 635.2300195954525, 600.8001928350185, 578.5696939226218, 578.5696939226218, 516.4132050655651]
INFORMACIÓN : 1positionsBundle [1092, 884, 1489, 169, 169, 197]
INFORMACIÓN : 1levelsBundle [2, 2, 2, 2, 2, 2]
INFORMACIÓN : 1positionsOrdered [197, 1092, 884, 1489, 169, 169]
INFORMACIÓN : 1levelsOrdered [2, 2, 2, 2, 2, 2]
INFORMACIÓN : 1partialityOrdered [2, 2, 2, 2, 2, 2]
INFORMACIÓN : 1arrivalTimes [3.605551275463989, 22.413111231467404, 32.751247711127036, 60.568645922221144, 93.3710848559346, 93.3710848559346]
INFORMACIÓN : I [MW, AB]; lost Test.myBail@18dc07e2; POS 1489; sensors [IR]; level 2 I paid 600.8001928350185in favour of33@(myturtles,myturtles,bug)@MK-203 paid 626.9143021948051
INFORMACIÓN : 2historia0[0.0, 0.0, 635.2300195954525, 0.0, 0.0, 0.0, 0.0, 0.0, 0.0, 0.0, 0.0, 642.9139451195622, 0.0, 0.0, 0.0, 554.4035331748673, 0.0, 0.0, 0.0, 0.0, 0.0, 492.8684532590471, 0.0, 566.0251959524159, 0.0, 0.0, 651.027356057987, 599.259318526003, 626.9143021948051, 0.0, 0.0, 0.0, 0.0, 0.0, 0.0, 642.9139451195622, 0.0, 0.0, 0.0, 0.0, 0.0, 0.0, 525.2485837606506, 0.0, 626.9143021948051, 0.0, 0.0, 0.0, 0.0, 0.0, 0.0, 0.0, 0.0, 0.0, 0.0, 0.0, 0.0, 0.0, 0.0, 0.0, 0.0, 566.0251959524159, 599.259318526003, 0.0, 0.0, 0.0, 0.0, 0.0, 0.0, 0.0, 0.0, 0.0, 0.0, 0.0, 0.0, 0.0, 0.0, 0.0, 0.0, 0.0, 0.0, 0.0, 554.4035331748673, 0.0, 0.0, 0.0, 0.0, 0.0, 645.2696691602645, 0.0, 0.0, 0.0, 0.0, 0.0, 484.8657160945589, 0.0, 0.0, 0.0, 0.0, 0.0, 0.0, 657.9002571987867, 0.0, 0.0, 0.0, 0.0, 0.0, 0.0, 0.0, 0.0, 0.0, 0.0, 0.0, 0.0, 0.0, 0.0]
INFORMACIÓN : 2apuestaBundle [657.9002571987867, 635.2300195954525, 516.4132050655651, 484.572116815089, 481.46764922211537]
INFORMACIÓN : 2positionsBundle [1092, 884, 197, 1343, 687]
INFORMACIÓN : 2levelsBundle [2, 2, 2, 2, 2]
INFORMACIÓN : 2positionsOrdered [197, 1092, 884, 687, 1343]
INFORMACIÓN : 2levelsOrdered [2, 2, 2, 2, 2]
INFORMACIÓN : 2partialityOrdered [2, 2, 2, 2, 2]
INFORMACIÓN : 2arrivalTimes [3.605551275463989, 22.413111231467404, 32.751247711127036, 37.751247711127036, 110.67751634638299]
INFORMACIÓN : coalSat position 687 level 2
INFORMACIÓN : timeSat position 687 level 2
INFORMACIÓN : I [MW, AB]; lost Test.myBail@15d610f4; POS 687; sensors [IR]; level 2 I paid 481.46764922211537in favour ofnull paid 481.46764922211537
INFORMACIÓN : 3historia0[0.0, 0.0, 635.2300195954525, 0.0, 0.0, 0.0, 0.0, 0.0, 0.0, 0.0, 0.0, 642.9139451195622, 455.55941590497196, 0.0, 0.0, 0.0, 0.0, 0.0, 0.0, 0.0, 0.0, 492.8684532590471, 0.0, 566.0251959524159, 0.0, 0.0, 651.027356057987, 600.4282640680152, 626.9143021948051, 0.0, 0.0, 0.0, 507.79735548324606, 0.0, 0.0, 642.9139451195622, 0.0, 0.0, 0.0, 0.0, 483.3792624158052, 0.0, 492.8684532590471, 0.0, 626.9143021948051, 0.0, 484.572116815089, 0.0, 0.0, 0.0, 0.0, 0.0, 0.0, 0.0, 0.0, 0.0, 0.0, 0.0, 0.0, 0.0, 434.5310543630119, 566.0251959524159, 0.0, 0.0, 0.0, 0.0, 0.0, 0.0, 0.0, 0.0, 0.0, 0.0, 0.0, 0.0, 0.0, 0.0, 0.0, 0.0, 0.0, 516.4132050655651, 0.0, 0.0, 0.0, 0.0, 0.0, 0.0, 0.0, 0.0, 642.1263133088796, 0.0, 0.0, 0.0, 0.0, 0.0, 0.0, 0.0, 0.0, 0.0, 0.0, 0.0, 0.0, 657.9002571987867, 0.0, 0.0, 0.0, 0.0, 0.0, 0.0, 0.0, 0.0, 455.55941590497196, 0.0, 0.0, 0.0, 0.0, 0.0]
INFORMACIÓN : 3apuestaBundle [657.9002571987867, 635.2300195954525, 516.4132050655651, 484.572116815089, 491.84566199059844, 491.84566199059844]
INFORMACIÓN : 3positionsBundle [1092, 884, 197, 1343, 1409, 1409]
INFORMACIÓN : 3levelsBundle [2, 2, 2, 2, 2, 2]
INFORMACIÓN : 3positionsOrdered [197, 1092, 884, 1343, 1409, 1409]
INFORMACIÓN : 3levelsOrdered [2, 2, 2, 2, 2, 2]
INFORMACIÓN : 3partialityOrdered [2, 2, 2, 2, 2, 2]
INFORMACIÓN : 3arrivalTimes [3.605551275463989, 22.413111231467404, 32.751247711127036, 110.67751634638299, 144.73628907823579, 144.73628907823579]
INFORMACIÓN : coalSat position 1343 level 2
INFORMACIÓN : I [MW, AB]; lost Test.myBail@6f328050; POS 1343; sensors [IR]; level 2 I paid 484.572116815089in favour ofnull paid 484.572116815089
INFORMACIÓN : 4historia0[0.0, 0.0, 635.2300195954525, 0.0, 0.0, 0.0, 0.0, 0.0, 0.0, 0.0, 0.0, 642.9139451195622, 455.55941590497196, 0.0, 0.0, 554.4035331748673, 0.0, 0.0, 0.0, 0.0, 0.0, 492.8684532590471, 0.0, 566.0251959524159, 0.0, 417.28554921478644, 651.027356057987, 600.4282640680152, 626.9143021948051, 0.0, 0.0, 0.0, 507.79735548324606, 0.0, 0.0, 642.9139451195622, 0.0, 0.0, 0.0, 0.0, 485.6979457415142, 0.0, 525.2485837606506, 0.0, 626.9143021948051, 0.0, 0.0, 0.0, 0.0, 0.0, 0.0, 426.0151900358993, 0.0, 0.0, 0.0, 0.0, 447.1094793462885, 0.0, 0.0, 0.0, 434.5310543630119, 566.0251959524159, 599.259318526003, 0.0, 436.24325259557855, 0.0, 0.0, 436.24325259557855, 0.0, 0.0, 0.0, 0.0, 0.0, 0.0, 0.0, 0.0, 0.0, 0.0, 0.0, 516.4132050655651, 0.0, 0.0, 554.4035331748673, 0.0, 0.0, 0.0, 0.0, 0.0, 642.1263133088796, 0.0, 0.0, 0.0, 0.0, 0.0, 484.8657160945589, 0.0, 0.0, 0.0, 0.0, 0.0, 0.0, 657.9002571987867, 0.0, 0.0, 0.0, 0.0, 0.0, 0.0, 0.0, 426.0151900358993, 455.55941590497196, 0.0, 0.0, 0.0, 0.0, 0.0]
INFORMACIÓN : 4apuestaBundle [657.9002571987867, 635.2300195954525, 516.4132050655651, 484.572116815089, 463.31230767440076, 463.31230767440076]
INFORMACIÓN : 4positionsBundle [1092, 884, 197, 1343, 1045, 1045]
INFORMACIÓN : 4levelsBundle [2, 2, 2, 2, 2, 2]
INFORMACIÓN : 4positionsOrdered [197, 1092, 884, 1045, 1045, 1343]
INFORMACIÓN : 4levelsOrdered [2, 2, 2, 2, 2, 2]
INFORMACIÓN : 4partialityOrdered [2, 2, 2, 2, 2, 2]
INFORMACIÓN : 4arrivalTimes [3.605551275463989, 22.413111231467404, 32.751247711127036, 44.15300196211842, 44.15300196211842, 106.67751634638299]
INFORMACIÓN : 5historia0[0.0, 0.0, 635.2300195954525, 0.0, 0.0, 0.0, 0.0, 0.0, 0.0, 0.0, 0.0, 642.9139451195622, 455.55941590497196, 0.0, 0.0, 554.4035331748673, 0.0, 0.0, 448.9437980605643, 0.0, 0.0, 492.8684532590471, 0.0, 566.0251959524159, 0.0, 463.31230767440076, 651.027356057987, 600.4282640680152, 626.9143021948051, 0.0, 0.0, 0.0, 507.79735548324606, 0.0, 0.0, 642.9139451195622, 0.0, 0.0, 0.0, 0.0, 485.6979457415142, 0.0, 525.2485837606506, 0.0, 626.9143021948051, 0.0, 484.572116815089, 0.0, 0.0, 0.0, 0.0, 426.0151900358993, 0.0, 0.0, 0.0, 0.0, 447.1094793462885, 0.0, 0.0, 0.0, 448.9437980605643, 566.0251959524159, 599.259318526003, 0.0, 436.24325259557855, 0.0, 0.0, 436.24325259557855, 0.0, 0.0, 0.0, 0.0, 0.0, 0.0, 0.0, 0.0, 0.0, 0.0, 0.0, 516.4132050655651, 0.0, 0.0, 554.4035331748673, 0.0, 0.0, 0.0, 0.0, 0.0, 642.1263133088796, 0.0, 0.0, 0.0, 0.0, 0.0, 484.8657160945589, 0.0, 0.0, 0.0, 0.0, 0.0, 0.0, 657.9002571987867, 486.0560105835981, 463.31230767440076, 0.0, 0.0, 0.0, 0.0, 0.0, 426.0151900358993, 455.55941590497196, 0.0, 0.0, 0.0, 396.4428887436727, 0.0]
INFORMACIÓN : 5apuestaBundle [657.9002571987867, 635.2300195954525, 516.4132050655651, 484.572116815089, 463.31230767440076, 463.31230767440076]
INFORMACIÓN : 5positionsBundle [1092, 884, 197, 1343, 1045, 1045]
INFORMACIÓN : 5levelsBundle [2, 2, 2, 2, 2, 2]
INFORMACIÓN : 5positionsOrdered [197, 1092, 884, 1045, 1045, 1343]
INFORMACIÓN : 5levelsOrdered [2, 2, 2, 2, 2, 2]
INFORMACIÓN : 5partialityOrdered [2, 2, 2, 2, 2, 2]
INFORMACIÓN : 5arrivalTimes [3.605551275463989, 22.413111231467404, 32.751247711127036, 44.15300196211842, 44.15300196211842, 106.67751634638299]
INFORMACIÓN : 6historia0[0.0, 352.64540673479064, 635.2300195954525, 0.0, 0.0, 417.71210581830167, 312.6424465962472, 0.0, 382.65254500972367, 0.0, 0.0, 642.9139451195622, 455.55941590497196, 0.0, 0.0, 554.4035331748673, 0.0, 0.0, 448.9437980605643, 0.0, 0.0, 492.8684532590471, 0.0, 566.0251959524159, 0.0, 463.31230767440076, 651.027356057987, 600.4282640680152, 626.9143021948051, 0.0, 0.0, 0.0, 507.79735548324606, 0.0, 0.0, 642.9139451195622, 0.0, 0.0, 0.0, 0.0, 485.6979457415142, 0.0, 525.2485837606506, 0.0, 626.9143021948051, 0.0, 484.572116815089, 0.0, 0.0, 0.0, 352.64540673479064, 0.0, 0.0, 0.0, 0.0, 0.0, 0.0, 0.0, 0.0, 0.0, 448.9437980605643, 566.0251959524159, 599.259318526003, 0.0, 436.24325259557855, 0.0, 0.0, 436.24325259557855, 0.0, 0.0, 0.0, 0.0, 0.0, 0.0, 0.0, 0.0, 0.0, 0.0, 0.0, 516.4132050655651, 0.0, 0.0, 554.4035331748673, 0.0, 0.0, 0.0, 0.0, 0.0, 642.1263133088796, 0.0, 0.0, 0.0, 0.0, 0.0, 484.8657160945589, 0.0, 0.0, 0.0, 0.0, 0.0, 0.0, 657.9002571987867, 486.0560105835981, 463.31230767440076, 0.0, 0.0, 0.0, 0.0, 0.0, 0.0, 455.55941590497196, 0.0, 0.0, 0.0, 396.4428887436727, 0.0]
INFORMACIÓN : 6apuestaBundle [657.9002571987867, 635.2300195954525, 516.4132050655651, 484.572116815089, 463.31230767440076, 463.31230767440076]
INFORMACIÓN : 6positionsBundle [1092, 884, 197, 1343, 1045, 1045]
INFORMACIÓN : 6levelsBundle [2, 2, 2, 2, 2, 2]
INFORMACIÓN : 6positionsOrdered [197, 1092, 884, 1045, 1045, 1343]
INFORMACIÓN : 6levelsOrdered [2, 2, 2, 2, 2, 2]
INFORMACIÓN : 6partialityOrdered [2, 2, 2, 2, 2, 2]
INFORMACIÓN : 6arrivalTimes [3.605551275463989, 22.413111231467404, 32.751247711127036, 44.15300196211842, 44.15300196211842, 106.67751634638299]
INFORMACIÓN : 7historia0[0.0, 0.0, 635.2300195954525, 0.0, 0.0, 428.38631470341033, 312.6424465962472, 0.0, 0.0, 0.0, 0.0, 642.9139451195622, 455.55941590497196, 0.0, 0.0, 554.4035331748673, 0.0, 0.0, 448.9437980605643, 0.0, 0.0, 492.8684532590471, 0.0, 566.0251959524159, 0.0, 463.31230767440076, 651.027356057987, 600.4282640680152, 626.9143021948051, 0.0, 0.0, 0.0, 507.79735548324606, 0.0, 0.0, 642.9139451195622, 0.0, 0.0, 0.0, 0.0, 0.0, 0.0, 525.2485837606506, 0.0, 626.9143021948051, 0.0, 484.572116815089, 0.0, 0.0, 0.0, 0.0, 414.74576657064154, 0.0, 0.0, 0.0, 0.0, 424.0571943467389, 0.0, 0.0, 0.0, 448.9437980605643, 566.0251959524159, 599.259318526003, 0.0, 0.0, 0.0, 0.0, 0.0, 0.0, 0.0, 0.0, 0.0, 0.0, 0.0, 312.6424465962472, 0.0, 0.0, 0.0, 0.0, 516.4132050655651, 0.0, 0.0, 554.4035331748673, 0.0, 0.0, 0.0, 0.0, 0.0, 642.1263133088796, 0.0, 0.0, 0.0, 0.0, 0.0, 484.8657160945589, 0.0, 0.0, 0.0, 0.0, 0.0, 0.0, 657.9002571987867, 511.1392705738997, 463.31230767440076, 0.0, 0.0, 0.0, 0.0, 0.0, 0.0, 455.55941590497196, 0.0, 0.0, 0.0, 396.4428887436727, 0.0]
INFORMACIÓN : 7apuestaBundle [657.9002571987867, 635.2300195954525, 516.4132050655651, 484.572116815089, 463.31230767440076, 463.31230767440076]
INFORMACIÓN : 7positionsBundle [1092, 884, 197, 1343, 1045, 1045]
INFORMACIÓN : 7levelsBundle [2, 2, 2, 2, 2, 2]
INFORMACIÓN : 7positionsOrdered [197, 1092, 884, 1045, 1045, 1343]
INFORMACIÓN : 7levelsOrdered [2, 2, 2, 2, 2, 2]
INFORMACIÓN : 7partialityOrdered [2, 2, 2, 2, 2, 2]
INFORMACIÓN : 7arrivalTimes [3.605551275463989, 22.413111231467404, 32.751247711127036, 44.15300196211842, 44.15300196211842, 106.67751634638299]
INFORMACIÓN : 8historia0[0.0, 0.0, 635.2300195954525, 0.0, 0.0, 428.38631470341033, 312.6424465962472, 0.0, 0.0, 0.0, 0.0, 642.9139451195622, 485.7002113030343, 0.0, 0.0, 554.4035331748673, 0.0, 0.0, 448.9437980605643, 0.0, 0.0, 492.8684532590471, 0.0, 566.0251959524159, 0.0, 463.31230767440076, 651.027356057987, 600.4282640680152, 626.9143021948051, 0.0, 0.0, 0.0, 507.79735548324606, 0.0, 0.0, 642.9139451195622, 0.0, 0.0, 0.0, 0.0, 0.0, 0.0, 525.2485837606506, 0.0, 626.9143021948051, 0.0, 484.572116815089, 0.0, 0.0, 0.0, 0.0, 414.74576657064154, 0.0, 0.0, 0.0, 0.0, 447.1094793462885, 0.0, 0.0, 0.0, 448.9437980605643, 566.0251959524159, 599.259318526003, 0.0, 0.0, 0.0, 0.0, 468.0582599284435, 0.0, 0.0, 0.0, 0.0, 0.0, 0.0, 312.6424465962472, 0.0, 0.0, 0.0, 0.0, 516.4132050655651, 0.0, 0.0, 554.4035331748673, 0.0, 0.0, 0.0, 0.0, 0.0, 642.1263133088796, 0.0, 0.0, 0.0, 0.0, 0.0, 484.8657160945589, 0.0, 0.0, 0.0, 0.0, 0.0, 0.0, 657.9002571987867, 511.1392705738997, 463.31230767440076, 0.0, 0.0, 0.0, 0.0, 0.0, 0.0, 455.55941590497196, 0.0, 0.0, 0.0, 396.4428887436727, 0.0]
INFORMACIÓN : 8apuestaBundle [657.9002571987867, 635.2300195954525, 516.4132050655651, 484.572116815089, 463.31230767440076, 463.31230767440076]
INFORMACIÓN : 8positionsBundle [1092, 884, 197, 1343, 1045, 1045]
INFORMACIÓN : 8levelsBundle [2, 2, 2, 2, 2, 2]
INFORMACIÓN : 8positionsOrdered [197, 1092, 884, 1045, 1045, 1343]
INFORMACIÓN : 8levelsOrdered [2, 2, 2, 2, 2, 2]
INFORMACIÓN : 8partialityOrdered [2, 2, 2, 2, 2, 2]
INFORMACIÓN : 8arrivalTimes [3.605551275463989, 22.413111231467404, 32.751247711127036, 44.15300196211842, 44.15300196211842, 106.67751634638299]
INFORMACIÓN : 9historia0[0.0, 0.0, 635.2300195954525, 0.0, 0.0, 425.54848695945066, 312.6424465962472, 0.0, 0.0, 0.0, 0.0, 642.9139451195622, 485.7002113030343, 0.0, 0.0, 554.4035331748673, 0.0, 0.0, 448.9437980605643, 0.0, 0.0, 492.8684532590471, 0.0, 566.0251959524159, 0.0, 463.31230767440076, 651.027356057987, 600.4282640680152, 626.9143021948051, 0.0, 0.0, 0.0, 507.79735548324606, 313.54028122899706, 0.0, 642.9139451195622, 0.0, 0.0, 0.0, 0.0, 482.78590776255396, 0.0, 525.2485837606506, 0.0, 626.9143021948051, 0.0, 484.572116815089, 0.0, 0.0, 0.0, 334.5356072279617, 414.74576657064154, 0.0, 0.0, 0.0, 0.0, 0.0, 0.0, 0.0, 0.0, 448.9437980605643, 566.0251959524159, 599.259318526003, 0.0, 427.87423225762245, 0.0, 0.0, 413.0626375111931, 0.0, 0.0, 0.0, 313.54028122899706, 0.0, 0.0, 312.6424465962472, 0.0, 0.0, 0.0, 0.0, 516.4132050655651, 0.0, 0.0, 554.4035331748673, 0.0, 0.0, 0.0, 0.0, 0.0, 642.1263133088796, 0.0, 0.0, 0.0, 0.0, 0.0, 484.8657160945589, 0.0, 0.0, 0.0, 0.0, 0.0, 0.0, 657.9002571987867, 0.0, 463.31230767440076, 0.0, 0.0, 0.0, 0.0, 0.0, 0.0, 0.0, 0.0, 0.0, 0.0, 396.4428887436727, 0.0]
INFORMACIÓN : 9apuestaBundle [657.9002571987867, 635.2300195954525, 516.4132050655651, 484.572116815089, 463.31230767440076, 463.31230767440076]
INFORMACIÓN : 9positionsBundle [1092, 884, 197, 1343, 1045, 1045]
INFORMACIÓN : 9levelsBundle [2, 2, 2, 2, 2, 2]
INFORMACIÓN : 9positionsOrdered [197, 1092, 884, 1045, 1045, 1343]
INFORMACIÓN : 9levelsOrdered [2, 2, 2, 2, 2, 2]
INFORMACIÓN : 9partialityOrdered [2, 2, 2, 2, 2, 2]
INFORMACIÓN : 9arrivalTimes [3.605551275463989, 22.413111231467404, 32.751247711127036, 44.15300196211842, 44.15300196211842, 106.67751634638299]
INFORMACIÓN : depSat position 197 level 2
INFORMACIÓN : I [MW, AB]; lost Test.myBail@1758b4f8; POS 197; sensors [IR]; level 2 I paid 516.4132050655651in favour ofnull paid 516.4132050655651
INFORMACIÓN : 10historia0[0.0, 0.0, 635.2300195954525, 0.0, 0.0, 425.54848695945066, 312.6424465962472, 0.0, 0.0, 0.0, 0.0, 642.9139451195622, 485.7002113030343, 0.0, 0.0, 554.4035331748673, 0.0, 0.0, 448.9437980605643, 0.0, 0.0, 492.8684532590471, 0.0, 566.0251959524159, 0.0, 0.0, 651.027356057987, 600.4282640680152, 626.9143021948051, 0.0, 0.0, 0.0, 507.79735548324606, 313.54028122899706, 0.0, 642.9139451195622, 0.0, 0.0, 0.0, 0.0, 482.78590776255396, 0.0, 525.2485837606506, 0.0, 626.9143021948051, 0.0, 0.0, 0.0, 0.0, 0.0, 334.5356072279617, 414.74576657064154, 0.0, 0.0, 0.0, 0.0, 447.1094793462885, 0.0, 0.0, 0.0, 448.9437980605643, 566.0251959524159, 599.259318526003, 0.0, 427.87423225762245, 0.0, 0.0, 436.24325259557855, 0.0, 0.0, 0.0, 313.54028122899706, 0.0, 0.0, 312.6424465962472, 0.0, 0.0, 0.0, 0.0, 0.0, 0.0, 0.0, 554.4035331748673, 0.0, 0.0, 0.0, 0.0, 0.0, 642.1263133088796, 0.0, 0.0, 0.0, 0.0, 0.0, 484.8657160945589, 0.0, 0.0, 0.0, 0.0, 0.0, 0.0, 657.9002571987867, 511.1392705738997, 0.0, 0.0, 0.0, 0.0, 0.0, 0.0, 0.0, 0.0, 0.0, 0.0, 0.0, 396.4428887436727, 0.0]
INFORMACIÓN : 10apuestaBundle [657.9002571987867, 635.2300195954525, 516.4132050655651, 484.572116815089, 481.46764922211537]
INFORMACIÓN : 10positionsBundle [1092, 884, 197, 1343, 687]
INFORMACIÓN : 10levelsBundle [2, 2, 2, 2, 2]
INFORMACIÓN : 10positionsOrdered [197, 1092, 884, 1343, 687]
INFORMACIÓN : 10levelsOrdered [2, 2, 2, 2, 2]
INFORMACIÓN : 10partialityOrdered [2, 2, 2, 2, 2]
INFORMACIÓN : 10arrivalTimes [3.605551275463989, 22.413111231467404, 32.751247711127036, 106.67751634638299, 120.99533740965934]
INFORMACIÓN : I [MW, AB]; lost Test.myBail@15d610f4; POS 687; sensors [IR]; level 2 I paid 481.46764922211537in favour of33@(myturtles,myturtles,bug)@MK-203 paid 448.9437980605643
INFORMACIÓN : 11historia0[0.0, 0.0, 635.2300195954525, 0.0, 0.0, 0.0, 312.6424465962472, 0.0, 0.0, 0.0, 0.0, 642.9139451195622, 485.7002113030343, 0.0, 0.0, 554.4035331748673, 0.0, 0.0, 448.9437980605643, 0.0, 0.0, 492.8684532590471, 0.0, 566.0251959524159, 0.0, 0.0, 651.027356057987, 600.4282640680152, 626.9143021948051, 0.0, 0.0, 0.0, 507.79735548324606, 313.54028122899706, 0.0, 642.9139451195622, 0.0, 0.0, 0.0, 0.0, 482.78590776255396, 0.0, 525.2485837606506, 0.0, 626.9143021948051, 0.0, 484.572116815089, 0.0, 0.0, 0.0, 334.5356072279617, 420.05516312823636, 0.0, 0.0, 0.0, 0.0, 447.1094793462885, 0.0, 0.0, 0.0, 0.0, 566.0251959524159, 599.259318526003, 0.0, 427.87423225762245, 0.0, 0.0, 436.24325259557855, 0.0, 0.0, 0.0, 313.54028122899706, 0.0, 0.0, 312.6424465962472, 0.0, 0.0, 0.0, 0.0, 516.4132050655651, 0.0, 0.0, 554.4035331748673, 0.0, 0.0, 0.0, 0.0, 0.0, 642.1263133088796, 0.0, 0.0, 0.0, 0.0, 0.0, 484.8657160945589, 0.0, 0.0, 0.0, 0.0, 0.0, 0.0, 657.9002571987867, 511.1392705738997, 0.0, 0.0, 0.0, 0.0, 0.0, 0.0, 0.0, 0.0, 0.0, 0.0, 0.0, 396.4428887436727, 0.0]
INFORMACIÓN : 11apuestaBundle [657.9002571987867, 635.2300195954525, 516.4132050655651, 484.572116815089, 481.46764922211537]
INFORMACIÓN : 11positionsBundle [1092, 884, 197, 1343, 687]
INFORMACIÓN : 11levelsBundle [2, 2, 2, 2, 2]
INFORMACIÓN : 11positionsOrdered [197, 1092, 884, 687, 1343]
INFORMACIÓN : 11levelsOrdered [2, 2, 2, 2, 2]
INFORMACIÓN : 11partialityOrdered [2, 2, 2, 2, 2]
INFORMACIÓN : 11arrivalTimes [3.605551275463989, 22.413111231467404, 32.751247711127036, 37.751247711127036, 106.67751634638299]
INFORMACIÓN : coalSat position 687 level 2
INFORMACIÓN : timeSat position 687 level 2
INFORMACIÓN : I [MW, AB]; lost Test.myBail@15d610f4; POS 687; sensors [IR]; level 2 I paid 481.46764922211537in favour ofnull paid 481.46764922211537
INFORMACIÓN : 12historia0[0.0, 0.0, 635.2300195954525, 0.0, 0.0, 0.0, 0.0, 0.0, 0.0, 0.0, 0.0, 642.9139451195622, 485.7002113030343, 0.0, 0.0, 554.4035331748673, 0.0, 0.0, 0.0, 0.0, 0.0, 492.8684532590471, 0.0, 566.0251959524159, 0.0, 417.28554921478644, 651.027356057987, 600.4282640680152, 626.9143021948051, 0.0, 0.0, 0.0, 507.79735548324606, 313.54028122899706, 0.0, 642.9139451195622, 0.0, 0.0, 0.0, 0.0, 482.78590776255396, 0.0, 525.2485837606506, 0.0, 626.9143021948051, 0.0, 484.572116815089, 0.0, 0.0, 0.0, 334.5356072279617, 420.05516312823636, 0.0, 0.0, 0.0, 0.0, 447.1094793462885, 0.0, 0.0, 0.0, 429.31274947635166, 566.0251959524159, 599.259318526003, 0.0, 427.87423225762245, 0.0, 0.0, 436.24325259557855, 0.0, 0.0, 0.0, 313.54028122899706, 0.0, 0.0, 0.0, 0.0, 0.0, 0.0, 0.0, 516.4132050655651, 0.0, 0.0, 554.4035331748673, 0.0, 0.0, 0.0, 0.0, 0.0, 642.1263133088796, 0.0, 0.0, 0.0, 0.0, 0.0, 484.8657160945589, 0.0, 0.0, 0.0, 0.0, 0.0, 0.0, 657.9002571987867, 511.1392705738997, 0.0, 0.0, 0.0, 0.0, 0.0, 0.0, 464.42153046984373, 0.0, 0.0, 0.0, 0.0, 396.4428887436727, 0.0]
INFORMACIÓN : 12apuestaBundle [657.9002571987867, 635.2300195954525, 516.4132050655651, 484.572116815089, 481.46764922211537]
INFORMACIÓN : 12positionsBundle [1092, 884, 197, 1343, 687]
INFORMACIÓN : 12levelsBundle [2, 2, 2, 2, 2]
INFORMACIÓN : 12positionsOrdered [197, 1092, 884, 687, 1343]
INFORMACIÓN : 12levelsOrdered [2, 2, 2, 2, 2]
INFORMACIÓN : 12partialityOrdered [2, 2, 2, 2, 2]
INFORMACIÓN : 12arrivalTimes [3.605551275463989, 22.413111231467404, 32.751247711127036, 92.02411884966165, 106.67751634638299]
INFORMACIÓN : 13historia0[0.0, 0.0, 635.2300195954525, 0.0, 0.0, 0.0, 312.6424465962472, 0.0, 0.0, 0.0, 0.0, 642.9139451195622, 485.7002113030343, 0.0, 0.0, 554.4035331748673, 0.0, 0.0, 481.46764922211537, 0.0, 0.0, 492.8684532590471, 0.0, 566.0251959524159, 0.0, 417.28554921478644, 651.027356057987, 600.4282640680152, 626.9143021948051, 0.0, 0.0, 0.0, 507.79735548324606, 313.54028122899706, 0.0, 642.9139451195622, 0.0, 0.0, 0.0, 0.0, 482.78590776255396, 0.0, 525.2485837606506, 0.0, 626.9143021948051, 0.0, 484.572116815089, 0.0, 0.0, 0.0, 334.5356072279617, 420.05516312823636, 0.0, 0.0, 0.0, 0.0, 447.1094793462885, 0.0, 0.0, 0.0, 429.31274947635166, 566.0251959524159, 599.259318526003, 0.0, 427.87423225762245, 0.0, 0.0, 436.24325259557855, 0.0, 0.0, 0.0, 313.54028122899706, 0.0, 0.0, 312.6424465962472, 0.0, 0.0, 0.0, 0.0, 516.4132050655651, 0.0, 0.0, 554.4035331748673, 0.0, 0.0, 0.0, 0.0, 0.0, 642.1263133088796, 0.0, 0.0, 0.0, 0.0, 0.0, 484.8657160945589, 0.0, 0.0, 0.0, 0.0, 0.0, 0.0, 657.9002571987867, 511.1392705738997, 0.0, 0.0, 0.0, 0.0, 0.0, 0.0, 464.42153046984373, 0.0, 0.0, 0.0, 0.0, 396.4428887436727, 0.0]
INFORMACIÓN : 13apuestaBundle [657.9002571987867, 635.2300195954525, 516.4132050655651, 484.572116815089, 481.46764922211537]
INFORMACIÓN : 13positionsBundle [1092, 884, 197, 1343, 687]
INFORMACIÓN : 13levelsBundle [2, 2, 2, 2, 2]
INFORMACIÓN : 13positionsOrdered [197, 1092, 884, 687, 1343]
INFORMACIÓN : 13levelsOrdered [2, 2, 2, 2, 2]
INFORMACIÓN : 13partialityOrdered [2, 2, 2, 2, 2]
INFORMACIÓN : 13arrivalTimes [3.605551275463989, 22.413111231467404, 32.751247711127036, 92.02411884966165, 106.67751634638299]
INFORMACIÓN : 14historia0[0.0, 0.0, 635.2300195954525, 0.0, 0.0, 0.0, 312.6424465962472, 0.0, 0.0, 0.0, 0.0, 642.9139451195622, 485.7002113030343, 0.0, 0.0, 554.4035331748673, 0.0, 0.0, 481.46764922211537, 0.0, 0.0, 492.8684532590471, 0.0, 566.0251959524159, 0.0, 417.28554921478644, 651.027356057987, 600.4282640680152, 626.9143021948051, 0.0, 0.0, 0.0, 507.79735548324606, 313.54028122899706, 0.0, 642.9139451195622, 0.0, 0.0, 0.0, 0.0, 482.78590776255396, 0.0, 525.2485837606506, 0.0, 626.9143021948051, 0.0, 484.572116815089, 0.0, 0.0, 0.0, 334.5356072279617, 417.43618526701175, 0.0, 0.0, 0.0, 0.0, 447.1094793462885, 0.0, 0.0, 0.0, 429.31274947635166, 566.0251959524159, 599.259318526003, 0.0, 427.87423225762245, 0.0, 0.0, 436.24325259557855, 0.0, 0.0, 0.0, 313.54028122899706, 0.0, 0.0, 312.6424465962472, 0.0, 0.0, 0.0, 0.0, 516.4132050655651, 0.0, 0.0, 554.4035331748673, 0.0, 0.0, 0.0, 0.0, 0.0, 642.1263133088796, 0.0, 0.0, 0.0, 0.0, 0.0, 484.8657160945589, 0.0, 0.0, 0.0, 0.0, 0.0, 0.0, 657.9002571987867, 511.1392705738997, 0.0, 0.0, 0.0, 0.0, 0.0, 0.0, 464.42153046984373, 0.0, 0.0, 0.0, 0.0, 396.4428887436727, 0.0]
INFORMACIÓN : 14apuestaBundle [657.9002571987867, 635.2300195954525, 516.4132050655651, 484.572116815089, 481.46764922211537]
INFORMACIÓN : 14positionsBundle [1092, 884, 197, 1343, 687]
INFORMACIÓN : 14levelsBundle [2, 2, 2, 2, 2]
INFORMACIÓN : 14positionsOrdered [197, 1092, 884, 687, 1343]
INFORMACIÓN : 14levelsOrdered [2, 2, 2, 2, 2]
INFORMACIÓN : 14partialityOrdered [2, 2, 2, 2, 2]
INFORMACIÓN : 14arrivalTimes [3.605551275463989, 22.413111231467404, 32.751247711127036, 92.02411884966165, 106.67751634638299]
INFORMACIÓN : 15historia0[0.0, 0.0, 635.2300195954525, 0.0, 0.0, 0.0, 312.6424465962472, 0.0, 0.0, 0.0, 0.0, 642.9139451195622, 485.7002113030343, 0.0, 0.0, 554.4035331748673, 0.0, 0.0, 481.46764922211537, 0.0, 0.0, 492.8684532590471, 0.0, 566.0251959524159, 0.0, 417.28554921478644, 651.027356057987, 600.4282640680152, 626.9143021948051, 0.0, 0.0, 0.0, 507.79735548324606, 313.54028122899706, 0.0, 642.9139451195622, 0.0, 0.0, 0.0, 0.0, 482.78590776255396, 0.0, 525.2485837606506, 0.0, 626.9143021948051, 0.0, 484.572116815089, 0.0, 0.0, 0.0, 334.5356072279617, 417.43618526701175, 0.0, 0.0, 0.0, 0.0, 447.1094793462885, 0.0, 0.0, 0.0, 429.31274947635166, 566.0251959524159, 599.259318526003, 0.0, 427.87423225762245, 0.0, 0.0, 436.24325259557855, 0.0, 0.0, 0.0, 313.54028122899706, 0.0, 0.0, 312.6424465962472, 0.0, 0.0, 0.0, 0.0, 516.4132050655651, 0.0, 0.0, 554.4035331748673, 0.0, 0.0, 0.0, 0.0, 0.0, 642.1263133088796, 0.0, 0.0, 0.0, 0.0, 0.0, 484.8657160945589, 0.0, 0.0, 0.0, 0.0, 0.0, 0.0, 657.9002571987867, 511.1392705738997, 0.0, 0.0, 0.0, 0.0, 0.0, 0.0, 464.42153046984373, 0.0, 0.0, 0.0, 0.0, 396.4428887436727, 0.0]
INFORMACIÓN : 15apuestaBundle [657.9002571987867, 635.2300195954525, 516.4132050655651, 484.572116815089, 481.46764922211537]
INFORMACIÓN : 15positionsBundle [1092, 884, 197, 1343, 687]
INFORMACIÓN : 15levelsBundle [2, 2, 2, 2, 2]
INFORMACIÓN : 15positionsOrdered [197, 1092, 884, 687, 1343]
INFORMACIÓN : 15levelsOrdered [2, 2, 2, 2, 2]
INFORMACIÓN : 15partialityOrdered [2, 2, 2, 2, 2]
INFORMACIÓN : 15arrivalTimes [3.605551275463989, 22.413111231467404, 32.751247711127036, 92.02411884966165, 106.67751634638299]
INFORMACIÓN : 16historia0[0.0, 0.0, 635.2300195954525, 0.0, 0.0, 0.0, 312.6424465962472, 0.0, 0.0, 0.0, 0.0, 642.9139451195622, 0.0, 0.0, 0.0, 554.4035331748673, 0.0, 0.0, 481.46764922211537, 0.0, 0.0, 492.8684532590471, 0.0, 566.0251959524159, 0.0, 417.28554921478644, 651.027356057987, 600.4282640680152, 626.9143021948051, 0.0, 0.0, 0.0, 507.79735548324606, 0.0, 0.0, 642.9139451195622, 0.0, 0.0, 0.0, 0.0, 482.78590776255396, 0.0, 525.2485837606506, 0.0, 626.9143021948051, 0.0, 484.572116815089, 0.0, 0.0, 0.0, 0.0, 417.43618526701175, 0.0, 0.0, 0.0, 0.0, 447.1094793462885, 0.0, 0.0, 0.0, 429.31274947635166, 566.0251959524159, 599.259318526003, 0.0, 0.0, 0.0, 0.0, 0.0, 0.0, 0.0, 0.0, 0.0, 0.0, 0.0, 312.6424465962472, 0.0, 0.0, 0.0, 0.0, 516.4132050655651, 0.0, 0.0, 554.4035331748673, 0.0, 0.0, 0.0, 0.0, 0.0, 642.1263133088796, 0.0, 0.0, 0.0, 0.0, 0.0, 484.8657160945589, 0.0, 0.0, 0.0, 0.0, 0.0, 0.0, 657.9002571987867, 511.1392705738997, 0.0, 0.0, 0.0, 0.0, 0.0, 0.0, 464.42153046984373, 0.0, 0.0, 0.0, 0.0, 396.4428887436727, 0.0]
INFORMACIÓN : 16apuestaBundle [657.9002571987867, 635.2300195954525, 516.4132050655651, 484.572116815089, 481.46764922211537]
INFORMACIÓN : 16positionsBundle [1092, 884, 197, 1343, 687]
INFORMACIÓN : 16levelsBundle [2, 2, 2, 2, 2]
INFORMACIÓN : 16positionsOrdered [197, 1092, 884, 687, 1343]
INFORMACIÓN : 16levelsOrdered [2, 2, 2, 2, 2]
INFORMACIÓN : 16partialityOrdered [2, 2, 2, 2, 2]
INFORMACIÓN : 16arrivalTimes [3.605551275463989, 22.413111231467404, 32.751247711127036, 92.02411884966165, 106.67751634638299]
INFORMACIÓN : coalSat position 687 level 2
INFORMACIÓN : I [MW, AB]; lost Test.myBail@15d610f4; POS 687; sensors [IR]; level 2 I paid 481.46764922211537in favour ofnull paid 481.46764922211537
INFORMACIÓN : 17historia0[0.0, 0.0, 635.2300195954525, 0.0, 0.0, 0.0, 312.6424465962472, 0.0, 0.0, 0.0, 0.0, 642.9139451195622, 516.9017572794196, 0.0, 0.0, 554.4035331748673, 0.0, 0.0, 0.0, 0.0, 0.0, 492.8684532590471, 0.0, 566.0251959524159, 0.0, 417.28554921478644, 651.027356057987, 600.4282640680152, 626.9143021948051, 0.0, 0.0, 0.0, 507.79735548324606, 0.0, 0.0, 642.9139451195622, 0.0, 0.0, 0.0, 0.0, 485.6979457415142, 0.0, 525.2485837606506, 0.0, 626.9143021948051, 0.0, 484.572116815089, 0.0, 0.0, 0.0, 0.0, 417.43618526701175, 0.0, 0.0, 0.0, 0.0, 0.0, 0.0, 0.0, 0.0, 438.55341973717236, 566.0251959524159, 599.259318526003, 0.0, 436.24325259557855, 0.0, 0.0, 436.24325259557855, 0.0, 0.0, 0.0, 0.0, 0.0, 0.0, 312.6424465962472, 0.0, 0.0, 0.0, 0.0, 516.4132050655651, 0.0, 0.0, 554.4035331748673, 0.0, 0.0, 0.0, 0.0, 0.0, 642.1263133088796, 0.0, 0.0, 0.0, 0.0, 0.0, 484.8657160945589, 0.0, 0.0, 0.0, 0.0, 0.0, 0.0, 657.9002571987867, 0.0, 0.0, 0.0, 0.0, 0.0, 0.0, 0.0, 464.42153046984373, 0.0, 0.0, 0.0, 0.0, 396.4428887436727, 0.0]
INFORMACIÓN : 17apuestaBundle [657.9002571987867, 635.2300195954525, 516.4132050655651, 484.572116815089, 481.46764922211537]
INFORMACIÓN : 17positionsBundle [1092, 884, 197, 1343, 687]
INFORMACIÓN : 17levelsBundle [2, 2, 2, 2, 2]
INFORMACIÓN : 17positionsOrdered [197, 1092, 884, 687, 1343]
INFORMACIÓN : 17levelsOrdered [2, 2, 2, 2, 2]
INFORMACIÓN : 17partialityOrdered [2, 2, 2, 2, 2]
INFORMACIÓN : 17arrivalTimes [3.605551275463989, 22.413111231467404, 32.751247711127036, 92.02411884966165, 106.67751634638299]
INFORMACIÓN : depSat position 197 level 2
INFORMACIÓN : I [MW, AB]; lost Test.myBail@1758b4f8; POS 197; sensors [IR]; level 2 I paid 516.4132050655651in favour ofnull paid 516.4132050655651
INFORMACIÓN : 18historia0[0.0, 0.0, 635.2300195954525, 0.0, 0.0, 426.21801489275117, 312.6424465962472, 0.0, 0.0, 0.0, 0.0, 642.9139451195622, 516.9017572794196, 0.0, 0.0, 554.4035331748673, 0.0, 0.0, 0.0, 0.0, 0.0, 492.8684532590471, 0.0, 566.0251959524159, 0.0, 417.28554921478644, 651.027356057987, 600.4282640680152, 626.9143021948051, 0.0, 0.0, 0.0, 507.79735548324606, 0.0, 0.0, 642.9139451195622, 0.0, 0.0, 0.0, 0.0, 485.6979457415142, 0.0, 525.2485837606506, 0.0, 626.9143021948051, 0.0, 0.0, 0.0, 0.0, 0.0, 0.0, 417.43618526701175, 0.0, 0.0, 0.0, 0.0, 413.50736368336766, 0.0, 0.0, 0.0, 438.55341973717236, 566.0251959524159, 599.259318526003, 0.0, 436.24325259557855, 0.0, 0.0, 436.24325259557855, 0.0, 0.0, 0.0, 0.0, 0.0, 0.0, 312.6424465962472, 0.0, 0.0, 0.0, 0.0, 0.0, 0.0, 0.0, 554.4035331748673, 0.0, 0.0, 0.0, 0.0, 0.0, 642.1263133088796, 0.0, 0.0, 0.0, 0.0, 0.0, 484.8657160945589, 0.0, 0.0, 0.0, 0.0, 0.0, 0.0, 657.9002571987867, 511.1392705738997, 0.0, 0.0, 0.0, 0.0, 0.0, 0.0, 464.42153046984373, 0.0, 0.0, 0.0, 0.0, 397.15871032870973, 0.0]
