----------------------------------------------------------------------
-- Log session for [myBugCoalitionsCCBBAGuaiDEF-29] started on 2017.07.16.18.58.24 --
----------------------------------------------------------------------

INFORMACIÓN : I started
INFORMACIÓN : 0apuestaBundle [1433.6488966495383, 1110.3512740608155, 962.9064917694145, 878.8876575587378]
INFORMACIÓN : 0positionsBundle [1275, 409, 740, 1992]
INFORMACIÓN : 0levelsBundle [3, 3, 3, 3]
INFORMACIÓN : 0positionsOrdered [1275, 409, 740, 1992]
INFORMACIÓN : 0levelsOrdered [3, 3, 3, 3]
INFORMACIÓN : 0partialityOrdered [3, 3, 3, 3]
INFORMACIÓN : 0arrivalTimes [19.4164878389476, 42.761722898805104, 74.337029706499, 99.4169021144679]
INFORMACIÓN : I [AB]; lost Test.myBail@22fad94f; POS 1275; sensors [IR, MW]; level 3 I paid 1433.6488966495383in favour of24@(myturtles,myturtles,bug)@MK-18724 paid 1444.9842339823122
INFORMACIÓN : 1historia0[0.0, 0.0, 0.0, 0.0, 0.0, 0.0, 0.0, 0.0, 0.0, 0.0, 0.0, 0.0, 0.0, 0.0, 0.0, 0.0, 0.0, 0.0, 0.0, 0.0, 1444.9842339823122, 0.0, 0.0, 0.0, 0.0, 0.0, 0.0, 0.0, 0.0, 0.0, 0.0, 0.0, 0.0, 0.0, 0.0, 0.0, 0.0, 0.0, 0.0, 0.0, 0.0, 0.0, 0.0, 0.0, 0.0, 0.0, 0.0, 0.0, 0.0, 0.0, 0.0, 0.0, 0.0, 0.0, 0.0, 0.0, 0.0, 0.0, 0.0, 0.0, 0.0, 0.0, 0.0, 0.0, 0.0, 0.0, 0.0, 0.0, 0.0, 0.0, 0.0, 0.0, 0.0, 0.0, 0.0, 0.0, 0.0, 0.0, 0.0, 0.0, 0.0, 0.0, 0.0, 0.0, 0.0, 0.0, 0.0, 1444.9842339823122, 0.0, 0.0, 0.0, 0.0, 0.0, 0.0, 0.0, 0.0, 0.0, 0.0, 0.0, 0.0, 0.0, 0.0, 0.0, 0.0, 0.0, 0.0, 0.0, 0.0, 0.0, 0.0, 0.0, 1444.9842339823122, 0.0, 0.0, 0.0, 0.0, 0.0, 0.0, 0.0, 0.0, 0.0, 0.0, 0.0, 0.0, 0.0, 0.0, 0.0, 0.0, 0.0, 0.0, 0.0, 0.0, 0.0, 0.0, 0.0, 0.0, 0.0, 0.0, 0.0, 0.0, 0.0, 0.0, 0.0, 0.0, 0.0, 0.0, 0.0, 0.0, 0.0, 0.0, 0.0, 0.0, 0.0, 0.0, 0.0, 0.0]
INFORMACIÓN : 1apuestaBundle [1142.8953647392432, 978.4404991207475, 893.4080815864522, 658.1814277068011]
INFORMACIÓN : 1positionsBundle [409, 740, 1992, 411]
INFORMACIÓN : 1levelsBundle [3, 3, 3, 3]
INFORMACIÓN : 1positionsOrdered [409, 740, 1992, 411]
INFORMACIÓN : 1levelsOrdered [3, 3, 3, 3]
INFORMACIÓN : 1partialityOrdered [3, 3, 3, 3]
INFORMACIÓN : 1arrivalTimes [12.165525060596439, 43.74083186829033, 68.82070427625924, 112.66132470982518]
INFORMACIÓN : I [AB]; lost Test.myBail@6080e3b5; POS 409; sensors [IR, MW]; level 3 I paid 1142.8953647392432in favour of25@(myturtles,myturtles,bug)@MK-18724 paid 1146.9458433935167
INFORMACIÓN : 2historia0[656.0396628308715, 0.0, 0.0, 0.0, 0.0, 0.0, 0.0, 0.0, 0.0, 0.0, 0.0, 557.9415995582533, 0.0, 0.0, 0.0, 0.0, 0.0, 0.0, 1146.9458433935167, 0.0, 1444.9842339823122, 0.0, 0.0, 0.0, 0.0, 0.0, 557.9415995582533, 0.0, 0.0, 0.0, 0.0, 0.0, 0.0, 0.0, 0.0, 1146.9458433935167, 0.0, 0.0, 0.0, 979.5234460699037, 0.0, 0.0, 0.0, 0.0, 501.3181595291037, 927.0392445180742, 0.0, 0.0, 0.0, 0.0, 0.0, 0.0, 0.0, 0.0, 0.0, 0.0, 0.0, 0.0, 0.0, 0.0, 0.0, 0.0, 0.0, 656.0396628308715, 0.0, 0.0, 0.0, 0.0, 557.9415995582533, 0.0, 0.0, 927.0392445180742, 0.0, 0.0, 0.0, 0.0, 0.0, 0.0, 0.0, 0.0, 0.0, 0.0, 0.0, 0.0, 0.0, 0.0, 0.0, 1444.9842339823122, 979.5234460699037, 0.0, 0.0, 0.0, 0.0, 979.5234460699037, 0.0, 0.0, 0.0, 0.0, 0.0, 0.0, 0.0, 0.0, 0.0, 0.0, 0.0, 0.0, 0.0, 0.0, 0.0, 501.3181595291037, 1146.9458433935167, 1444.9842339823122, 0.0, 717.1636819741846, 0.0, 0.0, 0.0, 0.0, 0.0, 0.0, 0.0, 0.0, 0.0, 0.0, 0.0, 0.0, 0.0, 927.0392445180742, 717.1636819741846, 0.0, 0.0, 0.0, 0.0, 0.0, 0.0, 0.0, 0.0, 0.0, 0.0, 0.0, 0.0, 0.0, 0.0, 656.0396628308715, 0.0, 0.0, 0.0, 0.0, 717.1636819741846, 0.0, 0.0, 0.0, 501.3181595291037, 0.0, 0.0, 0.0]
INFORMACIÓN : 2apuestaBundle [406.35839862417606, 348.5223767714276, 290.4876363513308, 260.0719319003822]
INFORMACIÓN : 2positionsBundle [1911, 141, 1849, 350]
INFORMACIÓN : 2levelsBundle [2, 3, 2, 1]
INFORMACIÓN : 2positionsOrdered [1911, 141, 1849, 350]
INFORMACIÓN : 2levelsOrdered [2, 3, 2, 1]
INFORMACIÓN : 2partialityOrdered [2, 3, 2, 1]
INFORMACIÓN : 2arrivalTimes [33.52610922848042, 80.38760728392035, 115.3161056770663, 172.25466905901334]
INFORMACIÓN : I [AB]; lost Test.myBail@31a2c31; POS 1911; sensors [IR]; level 2 I paid 406.35839862417606in favour of24@(myturtles,myturtles,bug)@MK-18724 paid 425.6983801736676
INFORMACIÓN : 3historia0[656.0396628308715, 0.0, 0.0, 0.0, 0.0, 0.0, 0.0, 0.0, 0.0, 0.0, 0.0, 557.9415995582533, 0.0, 0.0, 0.0, 0.0, 0.0, 0.0, 1146.9458433935167, 0.0, 1444.9842339823122, 0.0, 0.0, 0.0, 0.0, 0.0, 557.9415995582533, 425.6983801736676, 0.0, 0.0, 0.0, 0.0, 0.0, 0.0, 0.0, 1146.9458433935167, 0.0, 0.0, 0.0, 979.5234460699037, 0.0, 0.0, 0.0, 0.0, 501.3181595291037, 927.0392445180742, 0.0, 0.0, 0.0, 0.0, 0.0, 0.0, 425.6983801736676, 0.0, 0.0, 0.0, 0.0, 0.0, 0.0, 0.0, 0.0, 0.0, 0.0, 656.0396628308715, 0.0, 0.0, 0.0, 0.0, 557.9415995582533, 0.0, 0.0, 927.0392445180742, 0.0, 0.0, 0.0, 0.0, 0.0, 0.0, 0.0, 0.0, 0.0, 0.0, 0.0, 0.0, 0.0, 0.0, 0.0, 1444.9842339823122, 979.5234460699037, 0.0, 0.0, 0.0, 0.0, 979.5234460699037, 0.0, 0.0, 0.0, 0.0, 0.0, 0.0, 0.0, 0.0, 0.0, 0.0, 0.0, 0.0, 0.0, 0.0, 0.0, 501.3181595291037, 1146.9458433935167, 1444.9842339823122, 0.0, 717.1636819741846, 0.0, 0.0, 0.0, 0.0, 0.0, 0.0, 0.0, 0.0, 0.0, 0.0, 0.0, 0.0, 0.0, 927.0392445180742, 717.1636819741846, 0.0, 0.0, 0.0, 0.0, 0.0, 0.0, 0.0, 0.0, 0.0, 0.0, 0.0, 0.0, 0.0, 0.0, 656.0396628308715, 0.0, 0.0, 0.0, 0.0, 717.1636819741846, 0.0, 0.0, 0.0, 501.3181595291037, 0.0, 0.0, 0.0]
INFORMACIÓN : 3apuestaBundle [396.40595678715414, 300.1654785333913, 260.5770181903209, 210.14128429339377]
INFORMACIÓN : 3positionsBundle [141, 350, 1849, 1920]
INFORMACIÓN : 3levelsBundle [3, 1, 2, 2]
INFORMACIÓN : 3positionsOrdered [141, 350, 1849, 1920]
INFORMACIÓN : 3levelsOrdered [3, 1, 2, 2]
INFORMACIÓN : 3partialityOrdered [3, 1, 2, 2]
INFORMACIÓN : 3arrivalTimes [20.396078054371138, 61.6998309104979, 118.63839429244493, 147.7072779999422]
INFORMACIÓN : I [AB]; lost Test.myBail@4db30483; POS 141; sensors [IR, MW]; level 3 I paid 396.40595678715414in favour of25@(myturtles,myturtles,bug)@MK-18724 paid 374.0096611493513
INFORMACIÓN : 4historia0[656.0396628308715, 0.0, 0.0, 0.0, 0.0, 0.0, 0.0, 0.0, 0.0, 0.0, 0.0, 557.9415995582533, 0.0, 0.0, 0.0, 0.0, 0.0, 0.0, 1146.9458433935167, 0.0, 1444.9842339823122, 0.0, 0.0, 0.0, 0.0, 0.0, 557.9415995582533, 425.6983801736676, 0.0, 0.0, 0.0, 0.0, 374.0096611493513, 0.0, 0.0, 1146.9458433935167, 0.0, 0.0, 0.0, 979.5234460699037, 0.0, 0.0, 0.0, 0.0, 501.3181595291037, 927.0392445180742, 0.0, 0.0, 0.0, 0.0, 0.0, 0.0, 425.6983801736676, 0.0, 0.0, 0.0, 0.0, 0.0, 0.0, 0.0, 0.0, 0.0, 374.0096611493513, 656.0396628308715, 0.0, 0.0, 0.0, 0.0, 557.9415995582533, 0.0, 0.0, 927.0392445180742, 0.0, 0.0, 0.0, 0.0, 0.0, 0.0, 0.0, 0.0, 0.0, 0.0, 0.0, 0.0, 0.0, 0.0, 0.0, 1444.9842339823122, 979.5234460699037, 0.0, 0.0, 313.271126775732, 0.0, 979.5234460699037, 0.0, 0.0, 0.0, 0.0, 0.0, 0.0, 0.0, 0.0, 0.0, 0.0, 0.0, 0.0, 0.0, 0.0, 0.0, 501.3181595291037, 1146.9458433935167, 1444.9842339823122, 0.0, 717.1636819741846, 0.0, 0.0, 0.0, 0.0, 0.0, 374.0096611493513, 0.0, 0.0, 0.0, 0.0, 0.0, 0.0, 0.0, 927.0392445180742, 717.1636819741846, 0.0, 0.0, 0.0, 0.0, 0.0, 0.0, 0.0, 0.0, 0.0, 313.271126775732, 0.0, 0.0, 324.2373126075745, 0.0, 656.0396628308715, 0.0, 0.0, 0.0, 0.0, 717.1636819741846, 0.0, 0.0, 0.0, 501.3181595291037, 0.0, 0.0, 0.0]
INFORMACIÓN : 4apuestaBundle [334.55900013282263, 217.08060388519579, 161.0462806360842, 108.3749426902404]
INFORMACIÓN : 4positionsBundle [350, 1920, 973, 1148]
INFORMACIÓN : 4levelsBundle [1, 2, 2, 2]
INFORMACIÓN : 4positionsOrdered [350, 1920, 973, 1148]
INFORMACIÓN : 4levelsOrdered [1, 2, 2, 2]
INFORMACIÓN : 4partialityOrdered [1, 2, 2, 2]
INFORMACIÓN : 4arrivalTimes [21.02379604162864, 57.91552953302207, 77.1509135946934, 102.33027021872175]
INFORMACIÓN : 5historia0[656.0396628308715, 0.0, 0.0, 0.0, 0.0, 0.0, 0.0, 0.0, 0.0, 0.0, 0.0, 557.9415995582533, 0.0, 0.0, 0.0, 0.0, 0.0, 0.0, 1146.9458433935167, 0.0, 1444.9842339823122, 0.0, 0.0, 0.0, 108.3749426902404, 0.0, 557.9415995582533, 425.6983801736676, 161.0462806360842, 0.0, 0.0, 0.0, 374.0096611493513, 0.0, 0.0, 1146.9458433935167, 0.0, 0.0, 0.0, 979.5234460699037, 217.08060388519579, 0.0, 0.0, 0.0, 501.3181595291037, 927.0392445180742, 320.9702462911637, 0.0, 0.0, 0.0, 0.0, 0.0, 425.6983801736676, 0.0, 0.0, 0.0, 0.0, 0.0, 0.0, 0.0, 0.0, 0.0, 374.0096611493513, 656.0396628308715, 0.0, 0.0, 0.0, 0.0, 557.9415995582533, 0.0, 0.0, 927.0392445180742, 0.0, 0.0, 0.0, 0.0, 0.0, 0.0, 0.0, 0.0, 0.0, 0.0, 0.0, 0.0, 0.0, 0.0, 0.0, 1444.9842339823122, 979.5234460699037, 0.0, 0.0, 313.271126775732, 0.0, 979.5234460699037, 0.0, 0.0, 0.0, 0.0, 0.0, 0.0, 0.0, 0.0, 0.0, 0.0, 0.0, 0.0, 0.0, 0.0, 0.0, 501.3181595291037, 1146.9458433935167, 1444.9842339823122, 0.0, 717.1636819741846, 0.0, 0.0, 0.0, 0.0, 0.0, 374.0096611493513, 0.0, 0.0, 0.0, 0.0, 0.0, 0.0, 0.0, 927.0392445180742, 717.1636819741846, 0.0, 0.0, 0.0, 0.0, 0.0, 0.0, 0.0, 0.0, 0.0, 313.271126775732, 0.0, 0.0, 334.55900013282263, 0.0, 656.0396628308715, 0.0, 0.0, 0.0, 0.0, 717.1636819741846, 0.0, 0.0, 0.0, 501.3181595291037, 0.0, 0.0, 0.0]
INFORMACIÓN : 5apuestaBundle [334.55900013282263, 217.08060388519579, 161.0462806360842, 108.3749426902404]
INFORMACIÓN : 5positionsBundle [350, 1920, 973, 1148]
INFORMACIÓN : 5levelsBundle [1, 2, 2, 2]
INFORMACIÓN : 5positionsOrdered [350, 1920, 973, 1148]
INFORMACIÓN : 5levelsOrdered [1, 2, 2, 2]
INFORMACIÓN : 5partialityOrdered [1, 2, 2, 2]
INFORMACIÓN : 5arrivalTimes [21.02379604162864, 57.91552953302207, 77.1509135946934, 102.33027021872175]
INFORMACIÓN : I [AB]; lost Test.myBail@680d0a33; POS 1920; sensors [MW]; level 2 I paid 217.08060388519579in favour of25@(myturtles,myturtles,bug)@MK-18724 paid 225.81372836635342
INFORMACIÓN : 6historia0[656.0396628308715, 0.0, 0.0, 0.0, 0.0, 0.0, 0.0, 0.0, 0.0, 0.0, 0.0, 557.9415995582533, 0.0, 0.0, 0.0, 0.0, 0.0, 0.0, 1146.9458433935167, 0.0, 1444.9842339823122, 0.0, 0.0, 0.0, 0.0, 0.0, 557.9415995582533, 425.6983801736676, 0.0, 0.0, 0.0, 0.0, 374.0096611493513, 0.0, 0.0, 1146.9458433935167, 0.0, 0.0, 0.0, 979.5234460699037, 225.81372836635342, 0.0, 0.0, 0.0, 501.3181595291037, 927.0392445180742, 320.9702462911637, 0.0, 0.0, 0.0, 0.0, 0.0, 425.6983801736676, 0.0, 0.0, 0.0, 0.0, 0.0, 0.0, 0.0, 0.0, 0.0, 374.0096611493513, 656.0396628308715, 208.25944957649813, 0.0, 0.0, 0.0, 557.9415995582533, 0.0, 0.0, 927.0392445180742, 0.0, 0.0, 0.0, 0.0, 0.0, 0.0, 317.0557997669072, 0.0, 0.0, 0.0, 0.0, 0.0, 0.0, 215.6561338182991, 0.0, 1444.9842339823122, 979.5234460699037, 0.0, 0.0, 313.271126775732, 0.0, 979.5234460699037, 0.0, 0.0, 0.0, 0.0, 0.0, 0.0, 0.0, 0.0, 0.0, 0.0, 0.0, 0.0, 0.0, 0.0, 235.33986791288044, 501.3181595291037, 1146.9458433935167, 1444.9842339823122, 0.0, 717.1636819741846, 0.0, 0.0, 0.0, 0.0, 0.0, 374.0096611493513, 225.81372836635342, 0.0, 0.0, 0.0, 0.0, 0.0, 0.0, 927.0392445180742, 717.1636819741846, 0.0, 0.0, 0.0, 0.0, 0.0, 0.0, 0.0, 0.0, 0.0, 313.271126775732, 0.0, 0.0, 334.55900013282263, 0.0, 656.0396628308715, 0.0, 0.0, 0.0, 0.0, 717.1636819741846, 0.0, 0.0, 0.0, 501.3181595291037, 0.0, 0.0, 0.0]
INFORMACIÓN : 6apuestaBundle [334.55900013282263, 161.0462806360842, 108.3749426902404, 87.74728985970728]
INFORMACIÓN : 6positionsBundle [350, 973, 1148, 203]
INFORMACIÓN : 6levelsBundle [1, 2, 2, 2]
INFORMACIÓN : 6positionsOrdered [350, 973, 1148, 203]
INFORMACIÓN : 6levelsOrdered [1, 2, 2, 2]
INFORMACIÓN : 6partialityOrdered [1, 2, 2, 2]
INFORMACIÓN : 6arrivalTimes [21.02379604162864, 46.96603958377433, 72.14539620780268, 120.61187947201321]
INFORMACIÓN : coalSat position 973 level 2
INFORMACIÓN : timeSat position 973 level 2
INFORMACIÓN : I [AB]; lost Test.myBail@2537991a; POS 973; sensors [MW]; level 2 I paid 161.0462806360842in favour ofnull paid 161.0462806360842
INFORMACIÓN : 7historia0[656.0396628308715, 0.0, 156.91343274551218, 0.0, 0.0, 0.0, 0.0, 0.0, 0.0, 0.0, 0.0, 557.9415995582533, 0.0, 0.0, 0.0, 0.0, 0.0, 0.0, 1146.9458433935167, 0.0, 1444.9842339823122, 0.0, 0.0, 0.0, 0.0, 0.0, 557.9415995582533, 425.6983801736676, 0.0, 0.0, 0.0, 0.0, 374.0096611493513, 0.0, 0.0, 1146.9458433935167, 0.0, 0.0, 0.0, 979.5234460699037, 225.81372836635342, 0.0, 153.3888752952942, 0.0, 501.3181595291037, 927.0392445180742, 320.9702462911637, 0.0, 0.0, 0.0, 0.0, 0.0, 425.6983801736676, 0.0, 0.0, 0.0, 0.0, 0.0, 0.0, 0.0, 0.0, 0.0, 374.0096611493513, 656.0396628308715, 0.0, 0.0, 0.0, 0.0, 557.9415995582533, 0.0, 0.0, 927.0392445180742, 0.0, 0.0, 0.0, 0.0, 0.0, 0.0, 317.0557997669072, 0.0, 0.0, 0.0, 0.0, 0.0, 0.0, 215.6561338182991, 0.0, 1444.9842339823122, 979.5234460699037, 0.0, 0.0, 313.271126775732, 0.0, 979.5234460699037, 0.0, 0.0, 0.0, 0.0, 0.0, 0.0, 0.0, 0.0, 0.0, 0.0, 0.0, 0.0, 0.0, 0.0, 235.33986791288044, 501.3181595291037, 1146.9458433935167, 1444.9842339823122, 0.0, 717.1636819741846, 0.0, 0.0, 0.0, 0.0, 0.0, 374.0096611493513, 225.81372836635342, 0.0, 207.1204318876967, 0.0, 0.0, 0.0, 0.0, 927.0392445180742, 717.1636819741846, 0.0, 0.0, 0.0, 0.0, 0.0, 0.0, 0.0, 0.0, 0.0, 313.271126775732, 0.0, 0.0, 334.55900013282263, 0.0, 656.0396628308715, 0.0, 0.0, 0.0, 0.0, 717.1636819741846, 0.0, 0.0, 0.0, 501.3181595291037, 0.0, 0.0, 0.0]
INFORMACIÓN : 7apuestaBundle [334.55900013282263, 158.46693805163017, 108.3749426902404, 101.21206423436848]
INFORMACIÓN : 7positionsBundle [350, 973, 1148, 203]
INFORMACIÓN : 7levelsBundle [1, 2, 2, 2]
INFORMACIÓN : 7positionsOrdered [350, 203, 973, 1148]
INFORMACIÓN : 7levelsOrdered [1, 2, 2, 2]
INFORMACIÓN : 7partialityOrdered [1, 2, 2, 2]
INFORMACIÓN : 7arrivalTimes [21.02379604162864, 25.266436728747923, 73.1509135946934, 98.33027021872175]
INFORMACIÓN : 8historia0[656.0396628308715, 0.0, 156.91343274551218, 0.0, 0.0, 0.0, 0.0, 0.0, 0.0, 0.0, 0.0, 557.9415995582533, 0.0, 0.0, 0.0, 0.0, 0.0, 0.0, 1146.9458433935167, 0.0, 1444.9842339823122, 0.0, 0.0, 0.0, 108.3749426902404, 0.0, 557.9415995582533, 425.6983801736676, 158.46693805163017, 0.0, 0.0, 0.0, 374.0096611493513, 0.0, 0.0, 1146.9458433935167, 0.0, 0.0, 0.0, 979.5234460699037, 225.81372836635342, 0.0, 153.3888752952942, 0.0, 501.3181595291037, 927.0392445180742, 320.9702462911637, 0.0, 0.0, 101.21206423436848, 0.0, 0.0, 425.6983801736676, 0.0, 0.0, 0.0, 0.0, 0.0, 0.0, 0.0, 0.0, 0.0, 374.0096611493513, 656.0396628308715, 208.25944957649813, 0.0, 0.0, 0.0, 557.9415995582533, 0.0, 0.0, 927.0392445180742, 0.0, 0.0, 0.0, 0.0, 0.0, 0.0, 317.0557997669072, 0.0, 0.0, 0.0, 0.0, 0.0, 0.0, 215.6561338182991, 0.0, 1444.9842339823122, 979.5234460699037, 0.0, 0.0, 313.271126775732, 0.0, 979.5234460699037, 0.0, 0.0, 0.0, 0.0, 0.0, 0.0, 0.0, 0.0, 0.0, 0.0, 0.0, 0.0, 0.0, 0.0, 235.33986791288044, 501.3181595291037, 1146.9458433935167, 1444.9842339823122, 0.0, 717.1636819741846, 0.0, 0.0, 0.0, 0.0, 0.0, 374.0096611493513, 225.81372836635342, 0.0, 207.1204318876967, 0.0, 0.0, 0.0, 0.0, 927.0392445180742, 717.1636819741846, 0.0, 0.0, 0.0, 0.0, 0.0, 0.0, 0.0, 0.0, 0.0, 313.271126775732, 0.0, 0.0, 334.55900013282263, 0.0, 656.0396628308715, 0.0, 0.0, 0.0, 0.0, 717.1636819741846, 0.0, 0.0, 0.0, 501.3181595291037, 0.0, 0.0, 0.0]
INFORMACIÓN : 8apuestaBundle [334.55900013282263, 158.46693805163017, 108.3749426902404, 101.21206423436848]
INFORMACIÓN : 8positionsBundle [350, 973, 1148, 203]
INFORMACIÓN : 8levelsBundle [1, 2, 2, 2]
INFORMACIÓN : 8positionsOrdered [350, 203, 973, 1148]
INFORMACIÓN : 8levelsOrdered [1, 2, 2, 2]
INFORMACIÓN : 8partialityOrdered [1, 2, 2, 2]
INFORMACIÓN : 8arrivalTimes [21.02379604162864, 25.266436728747923, 73.1509135946934, 98.33027021872175]
INFORMACIÓN : 9historia0[656.0396628308715, 0.0, 156.91343274551218, 0.0, 0.0, 0.0, 0.0, 0.0, 0.0, 0.0, 0.0, 557.9415995582533, 0.0, 0.0, 0.0, 0.0, 0.0, 0.0, 1146.9458433935167, 0.0, 1444.9842339823122, 0.0, 0.0, 0.0, 108.3749426902404, 0.0, 557.9415995582533, 425.6983801736676, 158.46693805163017, 0.0, 0.0, 0.0, 374.0096611493513, 0.0, 0.0, 1146.9458433935167, 0.0, 0.0, 0.0, 979.5234460699037, 225.81372836635342, 0.0, 153.3888752952942, 0.0, 501.3181595291037, 927.0392445180742, 320.9702462911637, 0.0, 0.0, 101.21206423436848, 0.0, 0.0, 425.6983801736676, 0.0, 0.0, 0.0, 0.0, 0.0, 0.0, 0.0, 0.0, 0.0, 374.0096611493513, 656.0396628308715, 0.0, 0.0, 0.0, 0.0, 557.9415995582533, 0.0, 0.0, 927.0392445180742, 0.0, 0.0, 0.0, 0.0, 0.0, 0.0, 317.0557997669072, 0.0, 0.0, 0.0, 0.0, 0.0, 0.0, 0.0, 0.0, 1444.9842339823122, 979.5234460699037, 0.0, 0.0, 313.271126775732, 0.0, 979.5234460699037, 0.0, 0.0, 0.0, 0.0, 0.0, 0.0, 0.0, 0.0, 0.0, 0.0, 0.0, 0.0, 0.0, 0.0, 235.33986791288044, 501.3181595291037, 1146.9458433935167, 1444.9842339823122, 0.0, 717.1636819741846, 0.0, 0.0, 0.0, 0.0, 0.0, 374.0096611493513, 225.81372836635342, 0.0, 207.1204318876967, 0.0, 0.0, 0.0, 0.0, 927.0392445180742, 717.1636819741846, 0.0, 0.0, 0.0, 0.0, 0.0, 0.0, 0.0, 0.0, 0.0, 313.271126775732, 0.0, 0.0, 334.55900013282263, 0.0, 656.0396628308715, 0.0, 0.0, 0.0, 0.0, 717.1636819741846, 0.0, 0.0, 0.0, 501.3181595291037, 0.0, 0.0, 0.0]
INFORMACIÓN : 9apuestaBundle [334.55900013282263, 158.46693805163017, 108.3749426902404, 101.21206423436848]
INFORMACIÓN : 9positionsBundle [350, 973, 1148, 203]
INFORMACIÓN : 9levelsBundle [1, 2, 2, 2]
INFORMACIÓN : 9positionsOrdered [350, 203, 973, 1148]
INFORMACIÓN : 9levelsOrdered [1, 2, 2, 2]
INFORMACIÓN : 9partialityOrdered [1, 2, 2, 2]
INFORMACIÓN : 9arrivalTimes [21.02379604162864, 25.266436728747923, 73.1509135946934, 98.33027021872175]
INFORMACIÓN : 10historia0[656.0396628308715, 0.0, 156.91343274551218, 0.0, 0.0, 0.0, 0.0, 0.0, 0.0, 0.0, 0.0, 557.9415995582533, 0.0, 0.0, 0.0, 0.0, 0.0, 0.0, 1146.9458433935167, 0.0, 1444.9842339823122, 0.0, 0.0, 0.0, 108.3749426902404, 0.0, 557.9415995582533, 425.6983801736676, 158.46693805163017, 0.0, 0.0, 0.0, 374.0096611493513, 0.0, 0.0, 1146.9458433935167, 0.0, 0.0, 0.0, 979.5234460699037, 225.81372836635342, 0.0, 153.3888752952942, 0.0, 501.3181595291037, 927.0392445180742, 320.9702462911637, 0.0, 0.0, 101.21206423436848, 0.0, 0.0, 425.6983801736676, 0.0, 0.0, 0.0, 0.0, 0.0, 0.0, 0.0, 0.0, 0.0, 374.0096611493513, 656.0396628308715, 208.25944957649813, 0.0, 0.0, 0.0, 557.9415995582533, 0.0, 0.0, 927.0392445180742, 0.0, 0.0, 0.0, 0.0, 0.0, 0.0, 317.0557997669072, 0.0, 0.0, 0.0, 0.0, 0.0, 0.0, 215.6561338182991, 0.0, 1444.9842339823122, 979.5234460699037, 0.0, 0.0, 313.271126775732, 0.0, 979.5234460699037, 0.0, 0.0, 0.0, 0.0, 0.0, 0.0, 0.0, 0.0, 0.0, 0.0, 0.0, 0.0, 0.0, 0.0, 235.33986791288044, 501.3181595291037, 1146.9458433935167, 1444.9842339823122, 0.0, 717.1636819741846, 0.0, 0.0, 0.0, 0.0, 0.0, 374.0096611493513, 225.81372836635342, 0.0, 207.1204318876967, 0.0, 0.0, 0.0, 0.0, 927.0392445180742, 717.1636819741846, 0.0, 0.0, 0.0, 0.0, 0.0, 0.0, 0.0, 0.0, 0.0, 313.271126775732, 0.0, 0.0, 334.55900013282263, 0.0, 656.0396628308715, 0.0, 0.0, 0.0, 0.0, 717.1636819741846, 0.0, 0.0, 0.0, 501.3181595291037, 0.0, 0.0, 0.0]
INFORMACIÓN : 10apuestaBundle [334.55900013282263, 158.46693805163017, 108.3749426902404, 101.21206423436848]
INFORMACIÓN : 10positionsBundle [350, 973, 1148, 203]
INFORMACIÓN : 10levelsBundle [1, 2, 2, 2]
INFORMACIÓN : 10positionsOrdered [350, 203, 973, 1148]
INFORMACIÓN : 10levelsOrdered [1, 2, 2, 2]
INFORMACIÓN : 10partialityOrdered [1, 2, 2, 2]
INFORMACIÓN : 10arrivalTimes [21.02379604162864, 25.266436728747923, 73.1509135946934, 98.33027021872175]
INFORMACIÓN : depSat position 1148 level 2
INFORMACIÓN : depSat position 203 level 2
INFORMACIÓN : I [AB]; lost Test.myBail@74d652; POS 1148; sensors [IR]; level 2 I paid 108.3749426902404in favour ofnull paid 108.3749426902404
INFORMACIÓN : 11historia0[656.0396628308715, 0.0, 156.91343274551218, 0.0, 0.0, 0.0, 0.0, 0.0, 0.0, 0.0, 0.0, 557.9415995582533, 0.0, 0.0, 0.0, 0.0, 0.0, 0.0, 1146.9458433935167, 0.0, 1444.9842339823122, 0.0, 0.0, 0.0, 0.0, 0.0, 557.9415995582533, 425.6983801736676, 158.46693805163017, 0.0, 0.0, 0.0, 374.0096611493513, 0.0, 0.0, 1146.9458433935167, 0.0, 0.0, 0.0, 979.5234460699037, 225.81372836635342, 0.0, 153.3888752952942, 0.0, 501.3181595291037, 927.0392445180742, 320.9702462911637, 0.0, 0.0, 0.0, 0.0, 0.0, 425.6983801736676, 0.0, 0.0, 0.0, 0.0, 0.0, 0.0, 0.0, 0.0, 0.0, 374.0096611493513, 656.0396628308715, 208.25944957649813, 0.0, 0.0, 0.0, 557.9415995582533, 0.0, 0.0, 927.0392445180742, 0.0, 0.0, 0.0, 0.0, 0.0, 0.0, 317.0557997669072, 0.0, 0.0, 0.0, 0.0, 0.0, 0.0, 215.6561338182991, 0.0, 1444.9842339823122, 979.5234460699037, 0.0, 0.0, 313.271126775732, 0.0, 979.5234460699037, 0.0, 0.0, 0.0, 0.0, 0.0, 0.0, 0.0, 0.0, 0.0, 0.0, 0.0, 0.0, 0.0, 0.0, 235.33986791288044, 501.3181595291037, 1146.9458433935167, 1444.9842339823122, 0.0, 717.1636819741846, 0.0, 0.0, 0.0, 0.0, 0.0, 374.0096611493513, 225.81372836635342, 0.0, 207.1204318876967, 0.0, 0.0, 0.0, 0.0, 927.0392445180742, 717.1636819741846, 0.0, 0.0, 0.0, 0.0, 0.0, 0.0, 0.0, 0.0, 0.0, 313.271126775732, 0.0, 0.0, 334.55900013282263, 0.0, 656.0396628308715, 0.0, 0.0, 0.0, 0.0, 717.1636819741846, 0.0, 0.0, 0.0, 501.3181595291037, 0.0, 0.0, 0.0]
INFORMACIÓN : 11apuestaBundle [334.55900013282263, 158.46693805163017, 108.3749426902404, 101.21206423436848]
INFORMACIÓN : 11positionsBundle [350, 973, 1148, 203]
INFORMACIÓN : 11levelsBundle [1, 2, 2, 2]
INFORMACIÓN : 11positionsOrdered [350, 203, 973, 1148]
INFORMACIÓN : 11levelsOrdered [1, 2, 2, 2]
INFORMACIÓN : 11partialityOrdered [1, 2, 2, 2]
INFORMACIÓN : 11arrivalTimes [21.02379604162864, 25.266436728747923, 73.1509135946934, 98.33027021872175]
INFORMACIÓN : 12historia0[656.0396628308715, 0.0, 156.91343274551218, 0.0, 0.0, 0.0, 0.0, 0.0, 0.0, 0.0, 0.0, 557.9415995582533, 0.0, 0.0, 0.0, 0.0, 0.0, 0.0, 1146.9458433935167, 0.0, 1444.9842339823122, 0.0, 0.0, 0.0, 108.3749426902404, 0.0, 557.9415995582533, 425.6983801736676, 158.46693805163017, 0.0, 0.0, 0.0, 374.0096611493513, 0.0, 0.0, 1146.9458433935167, 0.0, 0.0, 0.0, 979.5234460699037, 225.81372836635342, 0.0, 153.3888752952942, 0.0, 501.3181595291037, 927.0392445180742, 320.9702462911637, 0.0, 0.0, 101.21206423436848, 0.0, 0.0, 425.6983801736676, 0.0, 0.0, 0.0, 0.0, 0.0, 0.0, 0.0, 0.0, 0.0, 374.0096611493513, 656.0396628308715, 208.25944957649813, 0.0, 0.0, 0.0, 557.9415995582533, 0.0, 0.0, 927.0392445180742, 0.0, 0.0, 0.0, 0.0, 0.0, 0.0, 317.0557997669072, 0.0, 0.0, 0.0, 0.0, 0.0, 0.0, 215.6561338182991, 0.0, 1444.9842339823122, 979.5234460699037, 0.0, 0.0, 313.271126775732, 0.0, 979.5234460699037, 0.0, 0.0, 0.0, 0.0, 0.0, 0.0, 0.0, 0.0, 0.0, 0.0, 0.0, 0.0, 0.0, 0.0, 235.33986791288044, 501.3181595291037, 1146.9458433935167, 1444.9842339823122, 0.0, 717.1636819741846, 0.0, 0.0, 0.0, 0.0, 0.0, 374.0096611493513, 225.81372836635342, 0.0, 207.1204318876967, 0.0, 0.0, 0.0, 0.0, 927.0392445180742, 717.1636819741846, 0.0, 0.0, 0.0, 0.0, 0.0, 0.0, 0.0, 0.0, 0.0, 313.271126775732, 0.0, 0.0, 334.55900013282263, 0.0, 656.0396628308715, 0.0, 0.0, 0.0, 0.0, 717.1636819741846, 0.0, 0.0, 0.0, 501.3181595291037, 0.0, 0.0, 0.0]
INFORMACIÓN : 12apuestaBundle [334.55900013282263, 158.46693805163017, 108.3749426902404, 101.21206423436848]
INFORMACIÓN : 12positionsBundle [350, 973, 1148, 203]
INFORMACIÓN : 12levelsBundle [1, 2, 2, 2]
INFORMACIÓN : 12positionsOrdered [350, 203, 973, 1148]
INFORMACIÓN : 12levelsOrdered [1, 2, 2, 2]
INFORMACIÓN : 12partialityOrdered [1, 2, 2, 2]
INFORMACIÓN : 12arrivalTimes [21.02379604162864, 25.266436728747923, 73.1509135946934, 98.33027021872175]
INFORMACIÓN : 13historia0[656.0396628308715, 0.0, 156.91343274551218, 0.0, 0.0, 0.0, 0.0, 0.0, 0.0, 0.0, 0.0, 557.9415995582533, 0.0, 0.0, 0.0, 0.0, 0.0, 0.0, 1146.9458433935167, 0.0, 1444.9842339823122, 0.0, 0.0, 0.0, 108.3749426902404, 0.0, 557.9415995582533, 425.6983801736676, 158.46693805163017, 0.0, 0.0, 0.0, 374.0096611493513, 0.0, 0.0, 1146.9458433935167, 0.0, 0.0, 0.0, 979.5234460699037, 225.81372836635342, 0.0, 153.3888752952942, 0.0, 501.3181595291037, 927.0392445180742, 320.9702462911637, 0.0, 0.0, 101.21206423436848, 0.0, 0.0, 425.6983801736676, 0.0, 0.0, 0.0, 0.0, 0.0, 0.0, 0.0, 0.0, 0.0, 374.0096611493513, 656.0396628308715, 0.0, 0.0, 0.0, 0.0, 557.9415995582533, 0.0, 0.0, 927.0392445180742, 0.0, 0.0, 0.0, 0.0, 0.0, 0.0, 317.0557997669072, 0.0, 0.0, 0.0, 0.0, 0.0, 0.0, 0.0, 0.0, 1444.9842339823122, 979.5234460699037, 0.0, 0.0, 313.271126775732, 0.0, 979.5234460699037, 0.0, 0.0, 0.0, 0.0, 0.0, 0.0, 0.0, 0.0, 0.0, 0.0, 0.0, 0.0, 0.0, 0.0, 235.33986791288044, 501.3181595291037, 1146.9458433935167, 1444.9842339823122, 0.0, 717.1636819741846, 0.0, 0.0, 0.0, 0.0, 0.0, 374.0096611493513, 225.81372836635342, 0.0, 207.1204318876967, 0.0, 0.0, 0.0, 0.0, 927.0392445180742, 717.1636819741846, 0.0, 0.0, 0.0, 0.0, 0.0, 0.0, 0.0, 0.0, 0.0, 313.271126775732, 0.0, 0.0, 334.55900013282263, 0.0, 656.0396628308715, 0.0, 0.0, 0.0, 0.0, 717.1636819741846, 0.0, 0.0, 0.0, 501.3181595291037, 0.0, 0.0, 0.0]
INFORMACIÓN : 13apuestaBundle [334.55900013282263, 158.46693805163017, 108.3749426902404, 101.21206423436848]
INFORMACIÓN : 13positionsBundle [350, 973, 1148, 203]
INFORMACIÓN : 13levelsBundle [1, 2, 2, 2]
INFORMACIÓN : 13positionsOrdered [350, 203, 973, 1148]
INFORMACIÓN : 13levelsOrdered [1, 2, 2, 2]
INFORMACIÓN : 13partialityOrdered [1, 2, 2, 2]
INFORMACIÓN : 13arrivalTimes [21.02379604162864, 25.266436728747923, 73.1509135946934, 98.33027021872175]
INFORMACIÓN : 14historia0[656.0396628308715, 0.0, 156.91343274551218, 0.0, 0.0, 0.0, 0.0, 0.0, 0.0, 0.0, 0.0, 557.9415995582533, 0.0, 0.0, 0.0, 0.0, 0.0, 0.0, 1146.9458433935167, 0.0, 1444.9842339823122, 0.0, 0.0, 0.0, 108.3749426902404, 0.0, 557.9415995582533, 425.6983801736676, 158.46693805163017, 0.0, 0.0, 0.0, 374.0096611493513, 0.0, 0.0, 1146.9458433935167, 0.0, 0.0, 0.0, 979.5234460699037, 225.81372836635342, 0.0, 153.3888752952942, 0.0, 501.3181595291037, 927.0392445180742, 320.9702462911637, 0.0, 0.0, 101.21206423436848, 0.0, 0.0, 425.6983801736676, 0.0, 0.0, 0.0, 0.0, 0.0, 0.0, 0.0, 0.0, 0.0, 374.0096611493513, 656.0396628308715, 208.25944957649813, 0.0, 0.0, 0.0, 557.9415995582533, 0.0, 0.0, 927.0392445180742, 0.0, 0.0, 0.0, 0.0, 0.0, 0.0, 317.0557997669072, 0.0, 0.0, 0.0, 0.0, 0.0, 0.0, 215.6561338182991, 0.0, 1444.9842339823122, 979.5234460699037, 0.0, 0.0, 313.271126775732, 0.0, 979.5234460699037, 0.0, 0.0, 0.0, 0.0, 0.0, 0.0, 0.0, 0.0, 0.0, 0.0, 0.0, 0.0, 0.0, 0.0, 235.33986791288044, 501.3181595291037, 1146.9458433935167, 1444.9842339823122, 0.0, 717.1636819741846, 0.0, 0.0, 0.0, 0.0, 0.0, 374.0096611493513, 225.81372836635342, 0.0, 207.1204318876967, 0.0, 0.0, 0.0, 0.0, 927.0392445180742, 717.1636819741846, 0.0, 0.0, 0.0, 0.0, 0.0, 0.0, 0.0, 0.0, 0.0, 313.271126775732, 0.0, 0.0, 334.55900013282263, 0.0, 656.0396628308715, 0.0, 0.0, 0.0, 0.0, 717.1636819741846, 0.0, 0.0, 0.0, 501.3181595291037, 0.0, 0.0, 0.0]
INFORMACIÓN : 14apuestaBundle [334.55900013282263, 158.46693805163017, 108.3749426902404, 101.21206423436848]
INFORMACIÓN : 14positionsBundle [350, 973, 1148, 203]
INFORMACIÓN : 14levelsBundle [1, 2, 2, 2]
INFORMACIÓN : 14positionsOrdered [350, 203, 973, 1148]
INFORMACIÓN : 14levelsOrdered [1, 2, 2, 2]
INFORMACIÓN : 14partialityOrdered [1, 2, 2, 2]
INFORMACIÓN : 14arrivalTimes [21.02379604162864, 25.266436728747923, 73.1509135946934, 98.33027021872175]
INFORMACIÓN : depSat position 1148 level 2
INFORMACIÓN : depSat position 203 level 2
INFORMACIÓN : I [AB]; lost Test.myBail@74d652; POS 1148; sensors [IR]; level 2 I paid 108.3749426902404in favour ofnull paid 108.3749426902404
INFORMACIÓN : 15historia0[656.0396628308715, 0.0, 156.91343274551218, 0.0, 0.0, 0.0, 0.0, 0.0, 0.0, 0.0, 0.0, 557.9415995582533, 0.0, 0.0, 0.0, 0.0, 0.0, 0.0, 1146.9458433935167, 0.0, 1444.9842339823122, 0.0, 0.0, 0.0, 0.0, 0.0, 557.9415995582533, 425.6983801736676, 158.46693805163017, 0.0, 0.0, 0.0, 374.0096611493513, 0.0, 0.0, 1146.9458433935167, 0.0, 0.0, 0.0, 979.5234460699037, 225.81372836635342, 0.0, 153.3888752952942, 0.0, 501.3181595291037, 927.0392445180742, 320.9702462911637, 0.0, 0.0, 0.0, 0.0, 0.0, 425.6983801736676, 0.0, 0.0, 0.0, 0.0, 0.0, 0.0, 0.0, 0.0, 0.0, 374.0096611493513, 656.0396628308715, 208.25944957649813, 0.0, 0.0, 0.0, 557.9415995582533, 0.0, 0.0, 927.0392445180742, 0.0, 0.0, 0.0, 0.0, 0.0, 0.0, 317.0557997669072, 0.0, 0.0, 0.0, 0.0, 0.0, 0.0, 215.6561338182991, 0.0, 1444.9842339823122, 979.5234460699037, 0.0, 0.0, 313.271126775732, 0.0, 979.5234460699037, 0.0, 0.0, 0.0, 0.0, 0.0, 0.0, 0.0, 0.0, 0.0, 0.0, 0.0, 0.0, 0.0, 0.0, 235.33986791288044, 501.3181595291037, 1146.9458433935167, 1444.9842339823122, 0.0, 717.1636819741846, 0.0, 0.0, 0.0, 0.0, 0.0, 374.0096611493513, 225.81372836635342, 0.0, 207.1204318876967, 0.0, 0.0, 0.0, 0.0, 927.0392445180742, 717.1636819741846, 0.0, 0.0, 0.0, 0.0, 0.0, 0.0, 0.0, 0.0, 0.0, 313.271126775732, 0.0, 0.0, 334.55900013282263, 0.0, 656.0396628308715, 0.0, 0.0, 0.0, 0.0, 717.1636819741846, 0.0, 0.0, 0.0, 501.3181595291037, 0.0, 0.0, 0.0]
INFORMACIÓN : 15apuestaBundle [334.55900013282263, 158.46693805163017, 108.3749426902404, 101.21206423436848]
INFORMACIÓN : 15positionsBundle [350, 973, 1148, 203]
INFORMACIÓN : 15levelsBundle [1, 2, 2, 2]
INFORMACIÓN : 15positionsOrdered [350, 203, 973, 1148]
INFORMACIÓN : 15levelsOrdered [1, 2, 2, 2]
INFORMACIÓN : 15partialityOrdered [1, 2, 2, 2]
INFORMACIÓN : 15arrivalTimes [21.02379604162864, 25.266436728747923, 73.1509135946934, 98.33027021872175]
INFORMACIÓN : 16historia0[656.0396628308715, 0.0, 156.91343274551218, 0.0, 0.0, 0.0, 0.0, 0.0, 0.0, 0.0, 0.0, 557.9415995582533, 0.0, 0.0, 0.0, 0.0, 0.0, 0.0, 1146.9458433935167, 0.0, 1444.9842339823122, 0.0, 0.0, 0.0, 108.3749426902404, 0.0, 557.9415995582533, 425.6983801736676, 158.46693805163017, 0.0, 0.0, 0.0, 374.0096611493513, 0.0, 0.0, 1146.9458433935167, 0.0, 0.0, 0.0, 979.5234460699037, 225.81372836635342, 0.0, 153.3888752952942, 0.0, 501.3181595291037, 927.0392445180742, 320.9702462911637, 0.0, 0.0, 101.21206423436848, 0.0, 0.0, 425.6983801736676, 0.0, 0.0, 0.0, 0.0, 0.0, 0.0, 0.0, 0.0, 0.0, 374.0096611493513, 656.0396628308715, 208.25944957649813, 0.0, 0.0, 0.0, 557.9415995582533, 0.0, 0.0, 927.0392445180742, 0.0, 0.0, 0.0, 0.0, 0.0, 0.0, 317.0557997669072, 0.0, 0.0, 0.0, 0.0, 0.0, 0.0, 215.6561338182991, 0.0, 1444.9842339823122, 979.5234460699037, 0.0, 0.0, 313.271126775732, 0.0, 979.5234460699037, 0.0, 0.0, 0.0, 0.0, 0.0, 0.0, 0.0, 0.0, 0.0, 0.0, 0.0, 0.0, 0.0, 0.0, 235.33986791288044, 501.3181595291037, 1146.9458433935167, 1444.9842339823122, 0.0, 717.1636819741846, 0.0, 0.0, 0.0, 0.0, 0.0, 374.0096611493513, 225.81372836635342, 0.0, 207.1204318876967, 0.0, 0.0, 0.0, 0.0, 927.0392445180742, 717.1636819741846, 0.0, 0.0, 0.0, 0.0, 0.0, 0.0, 0.0, 0.0, 0.0, 313.271126775732, 0.0, 0.0, 334.55900013282263, 0.0, 656.0396628308715, 0.0, 0.0, 0.0, 0.0, 717.1636819741846, 0.0, 0.0, 0.0, 501.3181595291037, 0.0, 0.0, 0.0]
INFORMACIÓN : 16apuestaBundle [334.55900013282263, 158.46693805163017, 108.3749426902404, 101.21206423436848]
INFORMACIÓN : 16positionsBundle [350, 973, 1148, 203]
INFORMACIÓN : 16levelsBundle [1, 2, 2, 2]
INFORMACIÓN : 16positionsOrdered [350, 203, 973, 1148]
INFORMACIÓN : 16levelsOrdered [1, 2, 2, 2]
INFORMACIÓN : 16partialityOrdered [1, 2, 2, 2]
INFORMACIÓN : 16arrivalTimes [21.02379604162864, 25.266436728747923, 73.1509135946934, 98.33027021872175]
INFORMACIÓN : 17historia0[656.0396628308715, 0.0, 156.91343274551218, 0.0, 0.0, 0.0, 0.0, 0.0, 0.0, 0.0, 0.0, 557.9415995582533, 0.0, 0.0, 0.0, 0.0, 0.0, 0.0, 1146.9458433935167, 0.0, 1444.9842339823122, 0.0, 0.0, 0.0, 108.3749426902404, 0.0, 557.9415995582533, 425.6983801736676, 158.46693805163017, 0.0, 0.0, 0.0, 374.0096611493513, 0.0, 0.0, 1146.9458433935167, 0.0, 0.0, 0.0, 979.5234460699037, 225.81372836635342, 0.0, 153.3888752952942, 0.0, 501.3181595291037, 927.0392445180742, 320.9702462911637, 0.0, 0.0, 101.21206423436848, 0.0, 0.0, 425.6983801736676, 0.0, 0.0, 0.0, 0.0, 0.0, 0.0, 0.0, 0.0, 0.0, 374.0096611493513, 656.0396628308715, 0.0, 0.0, 0.0, 0.0, 557.9415995582533, 0.0, 0.0, 927.0392445180742, 0.0, 0.0, 0.0, 0.0, 0.0, 0.0, 317.0557997669072, 0.0, 0.0, 0.0, 0.0, 0.0, 0.0, 0.0, 0.0, 1444.9842339823122, 979.5234460699037, 0.0, 0.0, 313.271126775732, 0.0, 979.5234460699037, 0.0, 0.0, 0.0, 0.0, 0.0, 0.0, 0.0, 0.0, 0.0, 0.0, 0.0, 0.0, 0.0, 0.0, 235.33986791288044, 501.3181595291037, 1146.9458433935167, 1444.9842339823122, 0.0, 717.1636819741846, 0.0, 0.0, 0.0, 0.0, 0.0, 374.0096611493513, 225.81372836635342, 0.0, 207.1204318876967, 0.0, 0.0, 0.0, 0.0, 927.0392445180742, 717.1636819741846, 0.0, 0.0, 0.0, 0.0, 0.0, 0.0, 0.0, 0.0, 0.0, 313.271126775732, 0.0, 0.0, 334.55900013282263, 0.0, 656.0396628308715, 0.0, 0.0, 0.0, 0.0, 717.1636819741846, 0.0, 0.0, 0.0, 501.3181595291037, 0.0, 0.0, 0.0]
INFORMACIÓN : 17apuestaBundle [334.55900013282263, 158.46693805163017, 108.3749426902404, 101.21206423436848]
INFORMACIÓN : 17positionsBundle [350, 973, 1148, 203]
INFORMACIÓN : 17levelsBundle [1, 2, 2, 2]
INFORMACIÓN : 17positionsOrdered [350, 203, 973, 1148]
INFORMACIÓN : 17levelsOrdered [1, 2, 2, 2]
INFORMACIÓN : 17partialityOrdered [1, 2, 2, 2]
INFORMACIÓN : 17arrivalTimes [21.02379604162864, 25.266436728747923, 73.1509135946934, 98.33027021872175]
INFORMACIÓN : 18historia0[656.0396628308715, 0.0, 156.91343274551218, 0.0, 0.0, 0.0, 0.0, 0.0, 0.0, 0.0, 0.0, 557.9415995582533, 0.0, 0.0, 0.0, 0.0, 0.0, 0.0, 1146.9458433935167, 0.0, 1444.9842339823122, 0.0, 0.0, 0.0, 108.3749426902404, 0.0, 557.9415995582533, 425.6983801736676, 158.46693805163017, 0.0, 0.0, 0.0, 374.0096611493513, 0.0, 0.0, 1146.9458433935167, 0.0, 0.0, 0.0, 979.5234460699037, 225.81372836635342, 0.0, 153.3888752952942, 0.0, 501.3181595291037, 927.0392445180742, 320.9702462911637, 0.0, 0.0, 101.21206423436848, 0.0, 0.0, 425.6983801736676, 0.0, 0.0, 0.0, 0.0, 0.0, 0.0, 0.0, 0.0, 0.0, 374.0096611493513, 656.0396628308715, 208.25944957649813, 0.0, 0.0, 0.0, 557.9415995582533, 0.0, 0.0, 927.0392445180742, 0.0, 0.0, 0.0, 0.0, 0.0, 0.0, 317.0557997669072, 0.0, 0.0, 0.0, 0.0, 0.0, 0.0, 215.6561338182991, 0.0, 1444.9842339823122, 979.5234460699037, 0.0, 0.0, 313.271126775732, 0.0, 979.5234460699037, 0.0, 0.0, 0.0, 0.0, 0.0, 0.0, 0.0, 0.0, 0.0, 0.0, 0.0, 0.0, 0.0, 0.0, 235.33986791288044, 501.3181595291037, 1146.9458433935167, 1444.9842339823122, 0.0, 717.1636819741846, 0.0, 0.0, 0.0, 0.0, 0.0, 374.0096611493513, 225.81372836635342, 0.0, 207.1204318876967, 0.0, 0.0, 0.0, 0.0, 927.0392445180742, 717.1636819741846, 0.0, 0.0, 0.0, 0.0, 0.0, 0.0, 0.0, 0.0, 0.0, 313.271126775732, 0.0, 0.0, 334.55900013282263, 0.0, 656.0396628308715, 0.0, 0.0, 0.0, 0.0, 717.1636819741846, 0.0, 0.0, 0.0, 501.3181595291037, 0.0, 0.0, 0.0]
INFORMACIÓN : 18apuestaBundle [334.55900013282263, 158.46693805163017, 108.3749426902404, 101.21206423436848]
INFORMACIÓN : 18positionsBundle [350, 973, 1148, 203]
INFORMACIÓN : 18levelsBundle [1, 2, 2, 2]
INFORMACIÓN : 18positionsOrdered [350, 203, 973, 1148]
INFORMACIÓN : 18levelsOrdered [1, 2, 2, 2]
INFORMACIÓN : 18partialityOrdered [1, 2, 2, 2]
INFORMACIÓN : 18arrivalTimes [21.02379604162864, 25.266436728747923, 73.1509135946934, 98.33027021872175]
INFORMACIÓN : depSat position 1148 level 2
INFORMACIÓN : depSat position 203 level 2
INFORMACIÓN : I [AB]; lost Test.myBail@74d652; POS 1148; sensors [IR]; level 2 I paid 108.3749426902404in favour ofnull paid 108.3749426902404
INFORMACIÓN : 19historia0[656.0396628308715, 0.0, 156.91343274551218, 0.0, 0.0, 0.0, 0.0, 0.0, 0.0, 0.0, 0.0, 557.9415995582533, 0.0, 0.0, 0.0, 0.0, 0.0, 0.0, 1146.9458433935167, 0.0, 1444.9842339823122, 0.0, 0.0, 0.0, 0.0, 0.0, 557.9415995582533, 425.6983801736676, 158.46693805163017, 0.0, 0.0, 0.0, 374.0096611493513, 0.0, 0.0, 1146.9458433935167, 0.0, 0.0, 0.0, 979.5234460699037, 225.81372836635342, 0.0, 153.3888752952942, 0.0, 501.3181595291037, 927.0392445180742, 320.9702462911637, 0.0, 0.0, 0.0, 0.0, 0.0, 425.6983801736676, 0.0, 0.0, 0.0, 0.0, 0.0, 0.0, 0.0, 0.0, 0.0, 374.0096611493513, 656.0396628308715, 208.25944957649813, 0.0, 0.0, 0.0, 557.9415995582533, 0.0, 0.0, 927.0392445180742, 0.0, 0.0, 0.0, 0.0, 0.0, 0.0, 317.0557997669072, 0.0, 0.0, 0.0, 0.0, 0.0, 0.0, 215.6561338182991, 0.0, 1444.9842339823122, 979.5234460699037, 0.0, 0.0, 313.271126775732, 0.0, 979.5234460699037, 0.0, 0.0, 0.0, 0.0, 0.0, 0.0, 0.0, 0.0, 0.0, 0.0, 0.0, 0.0, 0.0, 0.0, 235.33986791288044, 501.3181595291037, 1146.9458433935167, 1444.9842339823122, 0.0, 717.1636819741846, 0.0, 0.0, 0.0, 0.0, 0.0, 374.0096611493513, 225.81372836635342, 0.0, 207.1204318876967, 0.0, 0.0, 0.0, 0.0, 927.0392445180742, 717.1636819741846, 0.0, 0.0, 0.0, 0.0, 0.0, 0.0, 0.0, 0.0, 0.0, 313.271126775732, 0.0, 0.0, 334.55900013282263, 0.0, 656.0396628308715, 0.0, 0.0, 0.0, 0.0, 717.1636819741846, 0.0, 0.0, 0.0, 501.3181595291037, 0.0, 0.0, 0.0]
INFORMACIÓN : 19apuestaBundle [334.55900013282263, 158.46693805163017, 108.3749426902404, 101.21206423436848]
INFORMACIÓN : 19positionsBundle [350, 973, 1148, 203]
INFORMACIÓN : 19levelsBundle [1, 2, 2, 2]
INFORMACIÓN : 19positionsOrdered [350, 203, 973, 1148]
INFORMACIÓN : 19levelsOrdered [1, 2, 2, 2]
INFORMACIÓN : 19partialityOrdered [1, 2, 2, 2]
INFORMACIÓN : 19arrivalTimes [21.02379604162864, 25.266436728747923, 73.1509135946934, 98.33027021872175]
INFORMACIÓN : 20historia0[656.0396628308715, 0.0, 156.91343274551218, 0.0, 0.0, 0.0, 0.0, 0.0, 0.0, 0.0, 0.0, 557.9415995582533, 0.0, 0.0, 0.0, 0.0, 0.0, 0.0, 1146.9458433935167, 0.0, 1444.9842339823122, 0.0, 0.0, 0.0, 108.3749426902404, 0.0, 557.9415995582533, 425.6983801736676, 158.46693805163017, 0.0, 0.0, 0.0, 374.0096611493513, 0.0, 0.0, 1146.9458433935167, 0.0, 0.0, 0.0, 979.5234460699037, 225.81372836635342, 0.0, 153.3888752952942, 0.0, 501.3181595291037, 927.0392445180742, 320.9702462911637, 0.0, 0.0, 101.21206423436848, 0.0, 0.0, 425.6983801736676, 0.0, 0.0, 0.0, 0.0, 0.0, 0.0, 0.0, 0.0, 0.0, 374.0096611493513, 656.0396628308715, 208.25944957649813, 0.0, 0.0, 0.0, 557.9415995582533, 0.0, 0.0, 927.0392445180742, 0.0, 0.0, 0.0, 0.0, 0.0, 0.0, 317.0557997669072, 0.0, 0.0, 0.0, 0.0, 0.0, 0.0, 215.6561338182991, 0.0, 1444.9842339823122, 979.5234460699037, 0.0, 0.0, 313.271126775732, 0.0, 979.5234460699037, 0.0, 0.0, 0.0, 0.0, 0.0, 0.0, 0.0, 0.0, 0.0, 0.0, 0.0, 0.0, 0.0, 0.0, 235.33986791288044, 501.3181595291037, 1146.9458433935167, 1444.9842339823122, 0.0, 717.1636819741846, 0.0, 0.0, 0.0, 0.0, 0.0, 374.0096611493513, 225.81372836635342, 0.0, 207.1204318876967, 0.0, 0.0, 0.0, 0.0, 927.0392445180742, 717.1636819741846, 0.0, 0.0, 0.0, 0.0, 0.0, 0.0, 0.0, 0.0, 0.0, 313.271126775732, 0.0, 0.0, 334.55900013282263, 0.0, 656.0396628308715, 0.0, 0.0, 0.0, 0.0, 717.1636819741846, 0.0, 0.0, 0.0, 501.3181595291037, 0.0, 0.0, 0.0]
INFORMACIÓN : 20apuestaBundle [334.55900013282263, 158.46693805163017, 108.3749426902404, 101.21206423436848]
INFORMACIÓN : 20positionsBundle [350, 973, 1148, 203]
INFORMACIÓN : 20levelsBundle [1, 2, 2, 2]
INFORMACIÓN : 20positionsOrdered [350, 203, 973, 1148]
INFORMACIÓN : 20levelsOrdered [1, 2, 2, 2]
INFORMACIÓN : 20partialityOrdered [1, 2, 2, 2]
INFORMACIÓN : 20arrivalTimes [21.02379604162864, 25.266436728747923, 73.1509135946934, 98.33027021872175]
INFORMACIÓN : 21historia0[656.0396628308715, 0.0, 156.91343274551218, 0.0, 0.0, 0.0, 0.0, 0.0, 0.0, 0.0, 0.0, 557.9415995582533, 0.0, 0.0, 0.0, 0.0, 0.0, 0.0, 1146.9458433935167, 0.0, 1444.9842339823122, 0.0, 0.0, 0.0, 108.3749426902404, 0.0, 557.9415995582533, 425.6983801736676, 158.46693805163017, 0.0, 0.0, 0.0, 374.0096611493513, 0.0, 0.0, 1146.9458433935167, 0.0, 0.0, 0.0, 979.5234460699037, 225.81372836635342, 0.0, 153.3888752952942, 0.0, 501.3181595291037, 927.0392445180742, 320.9702462911637, 0.0, 0.0, 101.21206423436848, 0.0, 0.0, 425.6983801736676, 0.0, 0.0, 0.0, 0.0, 0.0, 0.0, 0.0, 0.0, 0.0, 374.0096611493513, 656.0396628308715, 0.0, 0.0, 0.0, 0.0, 557.9415995582533, 0.0, 0.0, 927.0392445180742, 0.0, 0.0, 0.0, 0.0, 0.0, 0.0, 317.0557997669072, 0.0, 0.0, 0.0, 0.0, 0.0, 0.0, 0.0, 0.0, 1444.9842339823122, 979.5234460699037, 0.0, 0.0, 313.271126775732, 0.0, 979.5234460699037, 0.0, 0.0, 0.0, 0.0, 0.0, 0.0, 0.0, 0.0, 0.0, 0.0, 0.0, 0.0, 0.0, 0.0, 235.33986791288044, 501.3181595291037, 1146.9458433935167, 1444.9842339823122, 0.0, 717.1636819741846, 0.0, 0.0, 0.0, 0.0, 0.0, 374.0096611493513, 225.81372836635342, 0.0, 207.1204318876967, 0.0, 0.0, 0.0, 0.0, 927.0392445180742, 717.1636819741846, 0.0, 0.0, 0.0, 0.0, 0.0, 0.0, 0.0, 0.0, 0.0, 313.271126775732, 0.0, 0.0, 334.55900013282263, 0.0, 656.0396628308715, 0.0, 0.0, 0.0, 0.0, 717.1636819741846, 0.0, 0.0, 0.0, 501.3181595291037, 0.0, 0.0, 0.0]
INFORMACIÓN : 21apuestaBundle [334.55900013282263, 158.46693805163017, 108.3749426902404, 101.21206423436848]
INFORMACIÓN : 21positionsBundle [350, 973, 1148, 203]
INFORMACIÓN : 21levelsBundle [1, 2, 2, 2]
INFORMACIÓN : 21positionsOrdered [350, 203, 973, 1148]
INFORMACIÓN : 21levelsOrdered [1, 2, 2, 2]
INFORMACIÓN : 21partialityOrdered [1, 2, 2, 2]
INFORMACIÓN : 21arrivalTimes [21.02379604162864, 25.266436728747923, 73.1509135946934, 98.33027021872175]
INFORMACIÓN : 22historia0[656.0396628308715, 0.0, 156.91343274551218, 0.0, 0.0, 0.0, 0.0, 0.0, 0.0, 0.0, 0.0, 557.9415995582533, 0.0, 0.0, 0.0, 0.0, 0.0, 0.0, 1146.9458433935167, 0.0, 1444.9842339823122, 0.0, 0.0, 0.0, 108.3749426902404, 0.0, 557.9415995582533, 425.6983801736676, 158.46693805163017, 0.0, 0.0, 0.0, 374.0096611493513, 0.0, 0.0, 1146.9458433935167, 0.0, 0.0, 0.0, 979.5234460699037, 225.81372836635342, 0.0, 153.3888752952942, 0.0, 501.3181595291037, 927.0392445180742, 320.9702462911637, 0.0, 0.0, 101.21206423436848, 0.0, 0.0, 425.6983801736676, 0.0, 0.0, 0.0, 0.0, 0.0, 0.0, 0.0, 0.0, 0.0, 374.0096611493513, 656.0396628308715, 208.25944957649813, 0.0, 0.0, 0.0, 557.9415995582533, 0.0, 0.0, 927.0392445180742, 0.0, 0.0, 0.0, 0.0, 0.0, 0.0, 317.0557997669072, 0.0, 0.0, 0.0, 0.0, 0.0, 0.0, 215.6561338182991, 0.0, 1444.9842339823122, 979.5234460699037, 0.0, 0.0, 313.271126775732, 0.0, 979.5234460699037, 0.0, 0.0, 0.0, 0.0, 0.0, 0.0, 0.0, 0.0, 0.0, 0.0, 0.0, 0.0, 0.0, 0.0, 235.33986791288044, 501.3181595291037, 1146.9458433935167, 1444.9842339823122, 0.0, 717.1636819741846, 0.0, 0.0, 0.0, 0.0, 0.0, 374.0096611493513, 225.81372836635342, 0.0, 207.1204318876967, 0.0, 0.0, 0.0, 0.0, 927.0392445180742, 717.1636819741846, 0.0, 0.0, 0.0, 0.0, 0.0, 0.0, 0.0, 0.0, 0.0, 313.271126775732, 0.0, 0.0, 334.55900013282263, 0.0, 656.0396628308715, 0.0, 0.0, 0.0, 0.0, 717.1636819741846, 0.0, 0.0, 0.0, 501.3181595291037, 0.0, 0.0, 0.0]
INFORMACIÓN : 22apuestaBundle [334.55900013282263, 158.46693805163017, 108.3749426902404, 101.21206423436848]
INFORMACIÓN : 22positionsBundle [350, 973, 1148, 203]
INFORMACIÓN : 22levelsBundle [1, 2, 2, 2]
INFORMACIÓN : 22positionsOrdered [350, 203, 973, 1148]
INFORMACIÓN : 22levelsOrdered [1, 2, 2, 2]
INFORMACIÓN : 22partialityOrdered [1, 2, 2, 2]
INFORMACIÓN : 22arrivalTimes [21.02379604162864, 25.266436728747923, 73.1509135946934, 98.33027021872175]
INFORMACIÓN : depSat position 1148 level 2
INFORMACIÓN : depSat position 203 level 2
INFORMACIÓN : I [AB]; lost Test.myBail@74d652; POS 1148; sensors [IR]; level 2 I paid 108.3749426902404in favour ofnull paid 108.3749426902404
INFORMACIÓN : 23historia0[656.0396628308715, 0.0, 156.91343274551218, 0.0, 0.0, 0.0, 0.0, 0.0, 0.0, 0.0, 0.0, 557.9415995582533, 0.0, 0.0, 0.0, 0.0, 0.0, 0.0, 1146.9458433935167, 0.0, 1444.9842339823122, 0.0, 0.0, 0.0, 0.0, 0.0, 557.9415995582533, 425.6983801736676, 158.46693805163017, 0.0, 0.0, 0.0, 374.0096611493513, 0.0, 0.0, 1146.9458433935167, 0.0, 0.0, 0.0, 979.5234460699037, 225.81372836635342, 0.0, 153.3888752952942, 0.0, 501.3181595291037, 927.0392445180742, 320.9702462911637, 0.0, 0.0, 0.0, 0.0, 0.0, 425.6983801736676, 0.0, 0.0, 0.0, 0.0, 0.0, 0.0, 0.0, 0.0, 0.0, 374.0096611493513, 656.0396628308715, 208.25944957649813, 0.0, 0.0, 0.0, 557.9415995582533, 0.0, 0.0, 927.0392445180742, 0.0, 0.0, 0.0, 0.0, 0.0, 0.0, 317.0557997669072, 0.0, 0.0, 0.0, 0.0, 0.0, 0.0, 215.6561338182991, 0.0, 1444.9842339823122, 979.5234460699037, 0.0, 0.0, 313.271126775732, 0.0, 979.5234460699037, 0.0, 0.0, 0.0, 0.0, 0.0, 0.0, 0.0, 0.0, 0.0, 0.0, 0.0, 0.0, 0.0, 0.0, 235.33986791288044, 501.3181595291037, 1146.9458433935167, 1444.9842339823122, 0.0, 717.1636819741846, 0.0, 0.0, 0.0, 0.0, 0.0, 374.0096611493513, 225.81372836635342, 0.0, 207.1204318876967, 0.0, 0.0, 0.0, 0.0, 927.0392445180742, 717.1636819741846, 0.0, 0.0, 0.0, 0.0, 0.0, 0.0, 0.0, 0.0, 0.0, 313.271126775732, 0.0, 0.0, 334.55900013282263, 0.0, 656.0396628308715, 0.0, 0.0, 0.0, 0.0, 717.1636819741846, 0.0, 0.0, 0.0, 501.3181595291037, 0.0, 0.0, 0.0]
INFORMACIÓN : 23apuestaBundle [334.55900013282263, 158.46693805163017, 108.3749426902404, 101.21206423436848]
INFORMACIÓN : 23positionsBundle [350, 973, 1148, 203]
INFORMACIÓN : 23levelsBundle [1, 2, 2, 2]
INFORMACIÓN : 23positionsOrdered [350, 203, 973, 1148]
INFORMACIÓN : 23levelsOrdered [1, 2, 2, 2]
INFORMACIÓN : 23partialityOrdered [1, 2, 2, 2]
INFORMACIÓN : 23arrivalTimes [21.02379604162864, 25.266436728747923, 73.1509135946934, 98.33027021872175]
INFORMACIÓN : 24historia0[656.0396628308715, 0.0, 156.91343274551218, 0.0, 0.0, 0.0, 0.0, 0.0, 0.0, 0.0, 0.0, 557.9415995582533, 0.0, 0.0, 0.0, 0.0, 0.0, 0.0, 1146.9458433935167, 0.0, 1444.9842339823122, 0.0, 0.0, 0.0, 108.3749426902404, 0.0, 557.9415995582533, 425.6983801736676, 158.46693805163017, 0.0, 0.0, 0.0, 374.0096611493513, 0.0, 0.0, 1146.9458433935167, 0.0, 0.0, 0.0, 979.5234460699037, 225.81372836635342, 0.0, 153.3888752952942, 0.0, 501.3181595291037, 927.0392445180742, 320.9702462911637, 0.0, 0.0, 101.21206423436848, 0.0, 0.0, 425.6983801736676, 0.0, 0.0, 0.0, 0.0, 0.0, 0.0, 0.0, 0.0, 0.0, 374.0096611493513, 656.0396628308715, 208.25944957649813, 0.0, 0.0, 0.0, 557.9415995582533, 0.0, 0.0, 927.0392445180742, 0.0, 0.0, 0.0, 0.0, 0.0, 0.0, 317.0557997669072, 0.0, 0.0, 0.0, 0.0, 0.0, 0.0, 215.6561338182991, 0.0, 1444.9842339823122, 979.5234460699037, 0.0, 0.0, 313.271126775732, 0.0, 979.5234460699037, 0.0, 0.0, 0.0, 0.0, 0.0, 0.0, 0.0, 0.0, 0.0, 0.0, 0.0, 0.0, 0.0, 0.0, 235.33986791288044, 501.3181595291037, 1146.9458433935167, 1444.9842339823122, 0.0, 717.1636819741846, 0.0, 0.0, 0.0, 0.0, 0.0, 374.0096611493513, 225.81372836635342, 0.0, 207.1204318876967, 0.0, 0.0, 0.0, 0.0, 927.0392445180742, 717.1636819741846, 0.0, 0.0, 0.0, 0.0, 0.0, 0.0, 0.0, 0.0, 0.0, 313.271126775732, 0.0, 0.0, 334.55900013282263, 0.0, 656.0396628308715, 0.0, 0.0, 0.0, 0.0, 717.1636819741846, 0.0, 0.0, 0.0, 501.3181595291037, 0.0, 0.0, 0.0]
INFORMACIÓN : 24apuestaBundle [334.55900013282263, 158.46693805163017, 108.3749426902404, 101.21206423436848]
INFORMACIÓN : 24positionsBundle [350, 973, 1148, 203]
INFORMACIÓN : 24levelsBundle [1, 2, 2, 2]
INFORMACIÓN : 24positionsOrdered [350, 203, 973, 1148]
INFORMACIÓN : 24levelsOrdered [1, 2, 2, 2]
INFORMACIÓN : 24partialityOrdered [1, 2, 2, 2]
INFORMACIÓN : 24arrivalTimes [21.02379604162864, 25.266436728747923, 73.1509135946934, 98.33027021872175]
INFORMACIÓN : 25historia0[656.0396628308715, 0.0, 156.91343274551218, 0.0, 0.0, 0.0, 0.0, 0.0, 0.0, 0.0, 0.0, 557.9415995582533, 0.0, 0.0, 0.0, 0.0, 0.0, 0.0, 1146.9458433935167, 0.0, 1444.9842339823122, 0.0, 0.0, 0.0, 108.3749426902404, 0.0, 557.9415995582533, 425.6983801736676, 158.46693805163017, 0.0, 0.0, 0.0, 374.0096611493513, 0.0, 0.0, 1146.9458433935167, 0.0, 0.0, 0.0, 979.5234460699037, 225.81372836635342, 0.0, 153.3888752952942, 0.0, 501.3181595291037, 927.0392445180742, 320.9702462911637, 0.0, 0.0, 101.21206423436848, 0.0, 0.0, 425.6983801736676, 0.0, 0.0, 0.0, 0.0, 0.0, 0.0, 0.0, 0.0, 0.0, 374.0096611493513, 656.0396628308715, 0.0, 0.0, 0.0, 0.0, 557.9415995582533, 0.0, 0.0, 927.0392445180742, 0.0, 0.0, 0.0, 0.0, 0.0, 0.0, 317.0557997669072, 0.0, 0.0, 0.0, 0.0, 0.0, 0.0, 0.0, 0.0, 1444.9842339823122, 979.5234460699037, 0.0, 0.0, 313.271126775732, 0.0, 979.5234460699037, 0.0, 0.0, 0.0, 0.0, 0.0, 0.0, 0.0, 0.0, 0.0, 0.0, 0.0, 0.0, 0.0, 0.0, 235.33986791288044, 501.3181595291037, 1146.9458433935167, 1444.9842339823122, 0.0, 717.1636819741846, 0.0, 0.0, 0.0, 0.0, 0.0, 374.0096611493513, 225.81372836635342, 0.0, 207.1204318876967, 0.0, 0.0, 0.0, 0.0, 927.0392445180742, 717.1636819741846, 0.0, 0.0, 0.0, 0.0, 0.0, 0.0, 0.0, 0.0, 0.0, 313.271126775732, 0.0, 0.0, 334.55900013282263, 0.0, 656.0396628308715, 0.0, 0.0, 0.0, 0.0, 717.1636819741846, 0.0, 0.0, 0.0, 501.3181595291037, 0.0, 0.0, 0.0]
INFORMACIÓN : 25apuestaBundle [334.55900013282263, 158.46693805163017, 108.3749426902404, 101.21206423436848]
INFORMACIÓN : 25positionsBundle [350, 973, 1148, 203]
INFORMACIÓN : 25levelsBundle [1, 2, 2, 2]
INFORMACIÓN : 25positionsOrdered [350, 203, 973, 1148]
INFORMACIÓN : 25levelsOrdered [1, 2, 2, 2]
INFORMACIÓN : 25partialityOrdered [1, 2, 2, 2]
INFORMACIÓN : 25arrivalTimes [21.02379604162864, 25.266436728747923, 73.1509135946934, 98.33027021872175]
INFORMACIÓN : 26historia0[656.0396628308715, 0.0, 156.91343274551218, 0.0, 0.0, 0.0, 0.0, 0.0, 0.0, 0.0, 0.0, 557.9415995582533, 0.0, 0.0, 0.0, 0.0, 0.0, 0.0, 1146.9458433935167, 0.0, 1444.9842339823122, 0.0, 0.0, 0.0, 108.3749426902404, 0.0, 557.9415995582533, 425.6983801736676, 158.46693805163017, 0.0, 0.0, 0.0, 374.0096611493513, 0.0, 0.0, 1146.9458433935167, 0.0, 0.0, 0.0, 979.5234460699037, 225.81372836635342, 0.0, 153.3888752952942, 0.0, 501.3181595291037, 927.0392445180742, 320.9702462911637, 0.0, 0.0, 101.21206423436848, 0.0, 0.0, 425.6983801736676, 0.0, 0.0, 0.0, 0.0, 0.0, 0.0, 0.0, 0.0, 0.0, 374.0096611493513, 656.0396628308715, 208.25944957649813, 0.0, 0.0, 0.0, 557.9415995582533, 0.0, 0.0, 927.0392445180742, 0.0, 0.0, 0.0, 0.0, 0.0, 0.0, 317.0557997669072, 0.0, 0.0, 0.0, 0.0, 0.0, 0.0, 215.6561338182991, 0.0, 1444.9842339823122, 979.5234460699037, 0.0, 0.0, 313.271126775732, 0.0, 979.5234460699037, 0.0, 0.0, 0.0, 0.0, 0.0, 0.0, 0.0, 0.0, 0.0, 0.0, 0.0, 0.0, 0.0, 0.0, 235.33986791288044, 501.3181595291037, 1146.9458433935167, 1444.9842339823122, 0.0, 717.1636819741846, 0.0, 0.0, 0.0, 0.0, 0.0, 374.0096611493513, 225.81372836635342, 0.0, 207.1204318876967, 0.0, 0.0, 0.0, 0.0, 927.0392445180742, 717.1636819741846, 0.0, 0.0, 0.0, 0.0, 0.0, 0.0, 0.0, 0.0, 0.0, 313.271126775732, 0.0, 0.0, 334.55900013282263, 0.0, 656.0396628308715, 0.0, 0.0, 0.0, 0.0, 717.1636819741846, 0.0, 0.0, 0.0, 501.3181595291037, 0.0, 0.0, 0.0]
INFORMACIÓN : 26apuestaBundle [334.55900013282263, 158.46693805163017, 108.3749426902404, 101.21206423436848]
INFORMACIÓN : 26positionsBundle [350, 973, 1148, 203]
INFORMACIÓN : 26levelsBundle [1, 2, 2, 2]
INFORMACIÓN : 26positionsOrdered [350, 203, 973, 1148]
INFORMACIÓN : 26levelsOrdered [1, 2, 2, 2]
INFORMACIÓN : 26partialityOrdered [1, 2, 2, 2]
INFORMACIÓN : 26arrivalTimes [21.02379604162864, 25.266436728747923, 73.1509135946934, 98.33027021872175]
INFORMACIÓN : depSat position 1148 level 2
INFORMACIÓN : depSat position 203 level 2
INFORMACIÓN : I [AB]; lost Test.myBail@74d652; POS 1148; sensors [IR]; level 2 I paid 108.3749426902404in favour ofnull paid 108.3749426902404
INFORMACIÓN : 27historia0[656.0396628308715, 0.0, 156.91343274551218, 0.0, 0.0, 0.0, 0.0, 0.0, 0.0, 0.0, 0.0, 557.9415995582533, 0.0, 0.0, 0.0, 0.0, 0.0, 0.0, 1146.9458433935167, 0.0, 1444.9842339823122, 0.0, 0.0, 0.0, 0.0, 0.0, 557.9415995582533, 425.6983801736676, 158.46693805163017, 0.0, 0.0, 0.0, 374.0096611493513, 0.0, 0.0, 1146.9458433935167, 0.0, 0.0, 0.0, 979.5234460699037, 225.81372836635342, 0.0, 153.3888752952942, 0.0, 501.3181595291037, 927.0392445180742, 320.9702462911637, 0.0, 0.0, 0.0, 0.0, 0.0, 425.6983801736676, 0.0, 0.0, 0.0, 0.0, 0.0, 0.0, 0.0, 0.0, 0.0, 374.0096611493513, 656.0396628308715, 208.25944957649813, 0.0, 0.0, 0.0, 557.9415995582533, 0.0, 0.0, 927.0392445180742, 0.0, 0.0, 0.0, 0.0, 0.0, 0.0, 317.0557997669072, 0.0, 0.0, 0.0, 0.0, 0.0, 0.0, 215.6561338182991, 0.0, 1444.9842339823122, 979.5234460699037, 0.0, 0.0, 313.271126775732, 0.0, 979.5234460699037, 0.0, 0.0, 0.0, 0.0, 0.0, 0.0, 0.0, 0.0, 0.0, 0.0, 0.0, 0.0, 0.0, 0.0, 235.33986791288044, 501.3181595291037, 1146.9458433935167, 1444.9842339823122, 0.0, 717.1636819741846, 0.0, 0.0, 0.0, 0.0, 0.0, 374.0096611493513, 225.81372836635342, 0.0, 207.1204318876967, 0.0, 0.0, 0.0, 0.0, 927.0392445180742, 717.1636819741846, 0.0, 0.0, 0.0, 0.0, 0.0, 0.0, 0.0, 0.0, 0.0, 313.271126775732, 0.0, 0.0, 334.55900013282263, 0.0, 656.0396628308715, 0.0, 0.0, 0.0, 0.0, 717.1636819741846, 0.0, 0.0, 0.0, 501.3181595291037, 0.0, 0.0, 0.0]
INFORMACIÓN : 27apuestaBundle [334.55900013282263, 158.46693805163017, 108.3749426902404, 101.21206423436848]
INFORMACIÓN : 27positionsBundle [350, 973, 1148, 203]
INFORMACIÓN : 27levelsBundle [1, 2, 2, 2]
INFORMACIÓN : 27positionsOrdered [350, 203, 973, 1148]
INFORMACIÓN : 27levelsOrdered [1, 2, 2, 2]
INFORMACIÓN : 27partialityOrdered [1, 2, 2, 2]
INFORMACIÓN : 27arrivalTimes [21.02379604162864, 25.266436728747923, 73.1509135946934, 98.33027021872175]
INFORMACIÓN : 28historia0[656.0396628308715, 0.0, 156.91343274551218, 0.0, 0.0, 0.0, 0.0, 0.0, 0.0, 0.0, 0.0, 557.9415995582533, 0.0, 0.0, 0.0, 0.0, 0.0, 0.0, 1146.9458433935167, 0.0, 1444.9842339823122, 0.0, 0.0, 0.0, 108.3749426902404, 0.0, 557.9415995582533, 425.6983801736676, 158.46693805163017, 0.0, 0.0, 0.0, 374.0096611493513, 0.0, 0.0, 1146.9458433935167, 0.0, 0.0, 0.0, 979.5234460699037, 225.81372836635342, 0.0, 153.3888752952942, 0.0, 501.3181595291037, 927.0392445180742, 320.9702462911637, 0.0, 0.0, 101.21206423436848, 0.0, 0.0, 425.6983801736676, 0.0, 0.0, 0.0, 0.0, 0.0, 0.0, 0.0, 0.0, 0.0, 374.0096611493513, 656.0396628308715, 208.25944957649813, 0.0, 0.0, 0.0, 557.9415995582533, 0.0, 0.0, 927.0392445180742, 0.0, 0.0, 0.0, 0.0, 0.0, 0.0, 317.0557997669072, 0.0, 0.0, 0.0, 0.0, 0.0, 0.0, 215.6561338182991, 0.0, 1444.9842339823122, 979.5234460699037, 0.0, 0.0, 313.271126775732, 0.0, 979.5234460699037, 0.0, 0.0, 0.0, 0.0, 0.0, 0.0, 0.0, 0.0, 0.0, 0.0, 0.0, 0.0, 0.0, 0.0, 235.33986791288044, 501.3181595291037, 1146.9458433935167, 1444.9842339823122, 0.0, 717.1636819741846, 0.0, 0.0, 0.0, 0.0, 0.0, 374.0096611493513, 225.81372836635342, 0.0, 207.1204318876967, 0.0, 0.0, 0.0, 0.0, 927.0392445180742, 717.1636819741846, 0.0, 0.0, 0.0, 0.0, 0.0, 0.0, 0.0, 0.0, 0.0, 313.271126775732, 0.0, 0.0, 334.55900013282263, 0.0, 656.0396628308715, 0.0, 0.0, 0.0, 0.0, 717.1636819741846, 0.0, 0.0, 0.0, 501.3181595291037, 0.0, 0.0, 0.0]
INFORMACIÓN : 28apuestaBundle [334.55900013282263, 158.46693805163017, 108.3749426902404, 101.21206423436848]
INFORMACIÓN : 28positionsBundle [350, 973, 1148, 203]
INFORMACIÓN : 28levelsBundle [1, 2, 2, 2]
INFORMACIÓN : 28positionsOrdered [350, 203, 973, 1148]
INFORMACIÓN : 28levelsOrdered [1, 2, 2, 2]
INFORMACIÓN : 28partialityOrdered [1, 2, 2, 2]
INFORMACIÓN : 28arrivalTimes [21.02379604162864, 25.266436728747923, 73.1509135946934, 98.33027021872175]
INFORMACIÓN : 29historia0[656.0396628308715, 0.0, 156.91343274551218, 0.0, 0.0, 0.0, 0.0, 0.0, 0.0, 0.0, 0.0, 557.9415995582533, 0.0, 0.0, 0.0, 0.0, 0.0, 0.0, 1146.9458433935167, 0.0, 1444.9842339823122, 0.0, 0.0, 0.0, 108.3749426902404, 0.0, 557.9415995582533, 425.6983801736676, 158.46693805163017, 0.0, 0.0, 0.0, 374.0096611493513, 0.0, 0.0, 1146.9458433935167, 0.0, 0.0, 0.0, 979.5234460699037, 225.81372836635342, 0.0, 153.3888752952942, 0.0, 501.3181595291037, 927.0392445180742, 320.9702462911637, 0.0, 0.0, 101.21206423436848, 0.0, 0.0, 425.6983801736676, 0.0, 0.0, 0.0, 0.0, 0.0, 0.0, 0.0, 0.0, 0.0, 374.0096611493513, 656.0396628308715, 0.0, 0.0, 0.0, 0.0, 557.9415995582533, 0.0, 0.0, 927.0392445180742, 0.0, 0.0, 0.0, 0.0, 0.0, 0.0, 317.0557997669072, 0.0, 0.0, 0.0, 0.0, 0.0, 0.0, 0.0, 0.0, 1444.9842339823122, 979.5234460699037, 0.0, 0.0, 313.271126775732, 0.0, 979.5234460699037, 0.0, 0.0, 0.0, 0.0, 0.0, 0.0, 0.0, 0.0, 0.0, 0.0, 0.0, 0.0, 0.0, 0.0, 235.33986791288044, 501.3181595291037, 1146.9458433935167, 1444.9842339823122, 0.0, 717.1636819741846, 0.0, 0.0, 0.0, 0.0, 0.0, 374.0096611493513, 225.81372836635342, 0.0, 207.1204318876967, 0.0, 0.0, 0.0, 0.0, 927.0392445180742, 717.1636819741846, 0.0, 0.0, 0.0, 0.0, 0.0, 0.0, 0.0, 0.0, 0.0, 313.271126775732, 0.0, 0.0, 334.55900013282263, 0.0, 656.0396628308715, 0.0, 0.0, 0.0, 0.0, 717.1636819741846, 0.0, 0.0, 0.0, 501.3181595291037, 0.0, 0.0, 0.0]
INFORMACIÓN : 29apuestaBundle [334.55900013282263, 158.46693805163017, 108.3749426902404, 101.21206423436848]
INFORMACIÓN : 29positionsBundle [350, 973, 1148, 203]
INFORMACIÓN : 29levelsBundle [1, 2, 2, 2]
INFORMACIÓN : 29positionsOrdered [350, 203, 973, 1148]
INFORMACIÓN : 29levelsOrdered [1, 2, 2, 2]
INFORMACIÓN : 29partialityOrdered [1, 2, 2, 2]
INFORMACIÓN : 29arrivalTimes [21.02379604162864, 25.266436728747923, 73.1509135946934, 98.33027021872175]
INFORMACIÓN : 30historia0[656.0396628308715, 0.0, 156.91343274551218, 0.0, 0.0, 0.0, 0.0, 0.0, 0.0, 0.0, 0.0, 557.9415995582533, 0.0, 0.0, 0.0, 0.0, 0.0, 0.0, 1146.9458433935167, 0.0, 1444.9842339823122, 0.0, 0.0, 0.0, 108.3749426902404, 0.0, 557.9415995582533, 425.6983801736676, 158.46693805163017, 0.0, 0.0, 0.0, 374.0096611493513, 0.0, 0.0, 1146.9458433935167, 0.0, 0.0, 0.0, 979.5234460699037, 225.81372836635342, 0.0, 153.3888752952942, 0.0, 501.3181595291037, 927.0392445180742, 320.9702462911637, 0.0, 0.0, 101.21206423436848, 0.0, 0.0, 425.6983801736676, 0.0, 0.0, 0.0, 0.0, 0.0, 0.0, 0.0, 0.0, 0.0, 374.0096611493513, 656.0396628308715, 208.25944957649813, 0.0, 0.0, 0.0, 557.9415995582533, 0.0, 0.0, 927.0392445180742, 0.0, 0.0, 0.0, 0.0, 0.0, 0.0, 317.0557997669072, 0.0, 0.0, 0.0, 0.0, 0.0, 0.0, 215.6561338182991, 0.0, 1444.9842339823122, 979.5234460699037, 0.0, 0.0, 313.271126775732, 0.0, 979.5234460699037, 0.0, 0.0, 0.0, 0.0, 0.0, 0.0, 0.0, 0.0, 0.0, 0.0, 0.0, 0.0, 0.0, 0.0, 235.33986791288044, 501.3181595291037, 1146.9458433935167, 1444.9842339823122, 0.0, 717.1636819741846, 0.0, 0.0, 0.0, 0.0, 0.0, 374.0096611493513, 225.81372836635342, 0.0, 207.1204318876967, 0.0, 0.0, 0.0, 0.0, 927.0392445180742, 717.1636819741846, 0.0, 0.0, 0.0, 0.0, 0.0, 0.0, 0.0, 0.0, 0.0, 313.271126775732, 0.0, 0.0, 334.55900013282263, 0.0, 656.0396628308715, 0.0, 0.0, 0.0, 0.0, 717.1636819741846, 0.0, 0.0, 0.0, 501.3181595291037, 0.0, 0.0, 0.0]
INFORMACIÓN : 30apuestaBundle [334.55900013282263, 158.46693805163017, 108.3749426902404, 101.21206423436848]
INFORMACIÓN : 30positionsBundle [350, 973, 1148, 203]
INFORMACIÓN : 30levelsBundle [1, 2, 2, 2]
INFORMACIÓN : 30positionsOrdered [350, 203, 973, 1148]
INFORMACIÓN : 30levelsOrdered [1, 2, 2, 2]
INFORMACIÓN : 30partialityOrdered [1, 2, 2, 2]
INFORMACIÓN : 30arrivalTimes [21.02379604162864, 25.266436728747923, 73.1509135946934, 98.33027021872175]
INFORMACIÓN : depSat position 1148 level 2
INFORMACIÓN : depSat position 203 level 2
INFORMACIÓN : I [AB]; lost Test.myBail@74d652; POS 1148; sensors [IR]; level 2 I paid 108.3749426902404in favour ofnull paid 108.3749426902404
INFORMACIÓN : 31historia0[656.0396628308715, 0.0, 156.91343274551218, 0.0, 0.0, 0.0, 0.0, 0.0, 0.0, 0.0, 0.0, 557.9415995582533, 0.0, 0.0, 0.0, 0.0, 0.0, 0.0, 1146.9458433935167, 0.0, 1444.9842339823122, 0.0, 0.0, 0.0, 0.0, 0.0, 557.9415995582533, 425.6983801736676, 158.46693805163017, 0.0, 0.0, 0.0, 374.0096611493513, 0.0, 0.0, 1146.9458433935167, 0.0, 0.0, 0.0, 979.5234460699037, 225.81372836635342, 0.0, 153.3888752952942, 0.0, 501.3181595291037, 927.0392445180742, 320.9702462911637, 0.0, 0.0, 0.0, 0.0, 0.0, 425.6983801736676, 0.0, 0.0, 0.0, 0.0, 0.0, 0.0, 0.0, 0.0, 0.0, 374.0096611493513, 656.0396628308715, 208.25944957649813, 0.0, 0.0, 0.0, 557.9415995582533, 0.0, 0.0, 927.0392445180742, 0.0, 0.0, 0.0, 0.0, 0.0, 0.0, 317.0557997669072, 0.0, 0.0, 0.0, 0.0, 0.0, 0.0, 215.6561338182991, 0.0, 1444.9842339823122, 979.5234460699037, 0.0, 0.0, 313.271126775732, 0.0, 979.5234460699037, 0.0, 0.0, 0.0, 0.0, 0.0, 0.0, 0.0, 0.0, 0.0, 0.0, 0.0, 0.0, 0.0, 0.0, 235.33986791288044, 501.3181595291037, 1146.9458433935167, 1444.9842339823122, 0.0, 717.1636819741846, 0.0, 0.0, 0.0, 0.0, 0.0, 374.0096611493513, 225.81372836635342, 0.0, 207.1204318876967, 0.0, 0.0, 0.0, 0.0, 927.0392445180742, 717.1636819741846, 0.0, 0.0, 0.0, 0.0, 0.0, 0.0, 0.0, 0.0, 0.0, 313.271126775732, 0.0, 0.0, 334.55900013282263, 0.0, 656.0396628308715, 0.0, 0.0, 0.0, 0.0, 717.1636819741846, 0.0, 0.0, 0.0, 501.3181595291037, 0.0, 0.0, 0.0]
INFORMACIÓN : 31apuestaBundle [334.55900013282263, 158.46693805163017, 108.3749426902404, 101.21206423436848]
INFORMACIÓN : 31positionsBundle [350, 973, 1148, 203]
INFORMACIÓN : 31levelsBundle [1, 2, 2, 2]
INFORMACIÓN : 31positionsOrdered [350, 203, 973, 1148]
INFORMACIÓN : 31levelsOrdered [1, 2, 2, 2]
INFORMACIÓN : 31partialityOrdered [1, 2, 2, 2]
INFORMACIÓN : 31arrivalTimes [21.02379604162864, 25.266436728747923, 73.1509135946934, 98.33027021872175]
INFORMACIÓN : 32historia0[656.0396628308715, 0.0, 156.91343274551218, 0.0, 0.0, 0.0, 0.0, 0.0, 0.0, 0.0, 0.0, 557.9415995582533, 0.0, 0.0, 0.0, 0.0, 0.0, 0.0, 1146.9458433935167, 0.0, 1444.9842339823122, 0.0, 0.0, 0.0, 108.3749426902404, 0.0, 557.9415995582533, 425.6983801736676, 158.46693805163017, 0.0, 0.0, 0.0, 374.0096611493513, 0.0, 0.0, 1146.9458433935167, 0.0, 0.0, 0.0, 979.5234460699037, 225.81372836635342, 0.0, 153.3888752952942, 0.0, 501.3181595291037, 927.0392445180742, 320.9702462911637, 0.0, 0.0, 101.21206423436848, 0.0, 0.0, 425.6983801736676, 0.0, 0.0, 0.0, 0.0, 0.0, 0.0, 0.0, 0.0, 0.0, 374.0096611493513, 656.0396628308715, 208.25944957649813, 0.0, 0.0, 0.0, 557.9415995582533, 0.0, 0.0, 927.0392445180742, 0.0, 0.0, 0.0, 0.0, 0.0, 0.0, 317.0557997669072, 0.0, 0.0, 0.0, 0.0, 0.0, 0.0, 215.6561338182991, 0.0, 1444.9842339823122, 979.5234460699037, 0.0, 0.0, 313.271126775732, 0.0, 979.5234460699037, 0.0, 0.0, 0.0, 0.0, 0.0, 0.0, 0.0, 0.0, 0.0, 0.0, 0.0, 0.0, 0.0, 0.0, 235.33986791288044, 501.3181595291037, 1146.9458433935167, 1444.9842339823122, 0.0, 717.1636819741846, 0.0, 0.0, 0.0, 0.0, 0.0, 374.0096611493513, 225.81372836635342, 0.0, 207.1204318876967, 0.0, 0.0, 0.0, 0.0, 927.0392445180742, 717.1636819741846, 0.0, 0.0, 0.0, 0.0, 0.0, 0.0, 0.0, 0.0, 0.0, 313.271126775732, 0.0, 0.0, 334.55900013282263, 0.0, 656.0396628308715, 0.0, 0.0, 0.0, 0.0, 717.1636819741846, 0.0, 0.0, 0.0, 501.3181595291037, 0.0, 0.0, 0.0]
INFORMACIÓN : 32apuestaBundle [334.55900013282263, 158.46693805163017, 108.3749426902404, 101.21206423436848]
INFORMACIÓN : 32positionsBundle [350, 973, 1148, 203]
INFORMACIÓN : 32levelsBundle [1, 2, 2, 2]
INFORMACIÓN : 32positionsOrdered [350, 203, 973, 1148]
INFORMACIÓN : 32levelsOrdered [1, 2, 2, 2]
INFORMACIÓN : 32partialityOrdered [1, 2, 2, 2]
INFORMACIÓN : 32arrivalTimes [21.02379604162864, 25.266436728747923, 73.1509135946934, 98.33027021872175]
INFORMACIÓN : 33historia0[656.0396628308715, 0.0, 156.91343274551218, 0.0, 0.0, 0.0, 0.0, 0.0, 0.0, 0.0, 0.0, 557.9415995582533, 0.0, 0.0, 0.0, 0.0, 0.0, 0.0, 1146.9458433935167, 0.0, 1444.9842339823122, 0.0, 0.0, 0.0, 108.3749426902404, 0.0, 557.9415995582533, 425.6983801736676, 158.46693805163017, 0.0, 0.0, 0.0, 374.0096611493513, 0.0, 0.0, 1146.9458433935167, 0.0, 0.0, 0.0, 979.5234460699037, 225.81372836635342, 0.0, 153.3888752952942, 0.0, 501.3181595291037, 927.0392445180742, 320.9702462911637, 0.0, 0.0, 101.21206423436848, 0.0, 0.0, 425.6983801736676, 0.0, 0.0, 0.0, 0.0, 0.0, 0.0, 0.0, 0.0, 0.0, 374.0096611493513, 656.0396628308715, 0.0, 0.0, 0.0, 0.0, 557.9415995582533, 0.0, 0.0, 927.0392445180742, 0.0, 0.0, 0.0, 0.0, 0.0, 0.0, 317.0557997669072, 0.0, 0.0, 0.0, 0.0, 0.0, 0.0, 0.0, 0.0, 1444.9842339823122, 979.5234460699037, 0.0, 0.0, 313.271126775732, 0.0, 979.5234460699037, 0.0, 0.0, 0.0, 0.0, 0.0, 0.0, 0.0, 0.0, 0.0, 0.0, 0.0, 0.0, 0.0, 0.0, 235.33986791288044, 501.3181595291037, 1146.9458433935167, 1444.9842339823122, 0.0, 717.1636819741846, 0.0, 0.0, 0.0, 0.0, 0.0, 374.0096611493513, 225.81372836635342, 0.0, 207.1204318876967, 0.0, 0.0, 0.0, 0.0, 927.0392445180742, 717.1636819741846, 0.0, 0.0, 0.0, 0.0, 0.0, 0.0, 0.0, 0.0, 0.0, 313.271126775732, 0.0, 0.0, 334.55900013282263, 0.0, 656.0396628308715, 0.0, 0.0, 0.0, 0.0, 717.1636819741846, 0.0, 0.0, 0.0, 501.3181595291037, 0.0, 0.0, 0.0]
INFORMACIÓN : 33apuestaBundle [334.55900013282263, 158.46693805163017, 108.3749426902404, 101.21206423436848]
INFORMACIÓN : 33positionsBundle [350, 973, 1148, 203]
INFORMACIÓN : 33levelsBundle [1, 2, 2, 2]
INFORMACIÓN : 33positionsOrdered [350, 203, 973, 1148]
INFORMACIÓN : 33levelsOrdered [1, 2, 2, 2]
INFORMACIÓN : 33partialityOrdered [1, 2, 2, 2]
INFORMACIÓN : 33arrivalTimes [21.02379604162864, 25.266436728747923, 73.1509135946934, 98.33027021872175]
INFORMACIÓN : 34historia0[656.0396628308715, 0.0, 156.91343274551218, 0.0, 0.0, 0.0, 0.0, 0.0, 0.0, 0.0, 0.0, 557.9415995582533, 0.0, 0.0, 0.0, 0.0, 0.0, 0.0, 1146.9458433935167, 0.0, 1444.9842339823122, 0.0, 0.0, 0.0, 108.3749426902404, 0.0, 557.9415995582533, 425.6983801736676, 158.46693805163017, 0.0, 0.0, 0.0, 374.0096611493513, 0.0, 0.0, 1146.9458433935167, 0.0, 0.0, 0.0, 979.5234460699037, 225.81372836635342, 0.0, 153.3888752952942, 0.0, 501.3181595291037, 927.0392445180742, 320.9702462911637, 0.0, 0.0, 101.21206423436848, 0.0, 0.0, 425.6983801736676, 0.0, 0.0, 0.0, 0.0, 0.0, 0.0, 0.0, 0.0, 0.0, 374.0096611493513, 656.0396628308715, 208.25944957649813, 0.0, 0.0, 0.0, 557.9415995582533, 0.0, 0.0, 927.0392445180742, 0.0, 0.0, 0.0, 0.0, 0.0, 0.0, 317.0557997669072, 0.0, 0.0, 0.0, 0.0, 0.0, 0.0, 215.6561338182991, 0.0, 1444.9842339823122, 979.5234460699037, 0.0, 0.0, 313.271126775732, 0.0, 979.5234460699037, 0.0, 0.0, 0.0, 0.0, 0.0, 0.0, 0.0, 0.0, 0.0, 0.0, 0.0, 0.0, 0.0, 0.0, 235.33986791288044, 501.3181595291037, 1146.9458433935167, 1444.9842339823122, 0.0, 717.1636819741846, 0.0, 0.0, 0.0, 0.0, 0.0, 374.0096611493513, 225.81372836635342, 0.0, 207.1204318876967, 0.0, 0.0, 0.0, 0.0, 927.0392445180742, 717.1636819741846, 0.0, 0.0, 0.0, 0.0, 0.0, 0.0, 0.0, 0.0, 0.0, 313.271126775732, 0.0, 0.0, 334.55900013282263, 0.0, 656.0396628308715, 0.0, 0.0, 0.0, 0.0, 717.1636819741846, 0.0, 0.0, 0.0, 501.3181595291037, 0.0, 0.0, 0.0]
INFORMACIÓN : 34apuestaBundle [334.55900013282263, 158.46693805163017, 108.3749426902404, 101.21206423436848]
INFORMACIÓN : 34positionsBundle [350, 973, 1148, 203]
INFORMACIÓN : 34levelsBundle [1, 2, 2, 2]
INFORMACIÓN : 34positionsOrdered [350, 203, 973, 1148]
INFORMACIÓN : 34levelsOrdered [1, 2, 2, 2]
INFORMACIÓN : 34partialityOrdered [1, 2, 2, 2]
INFORMACIÓN : 34arrivalTimes [21.02379604162864, 25.266436728747923, 73.1509135946934, 98.33027021872175]
INFORMACIÓN : depSat position 1148 level 2
INFORMACIÓN : depSat position 203 level 2
INFORMACIÓN : I [AB]; lost Test.myBail@74d652; POS 1148; sensors [IR]; level 2 I paid 108.3749426902404in favour ofnull paid 108.3749426902404
INFORMACIÓN : 35historia0[656.0396628308715, 0.0, 156.91343274551218, 0.0, 0.0, 0.0, 0.0, 0.0, 0.0, 0.0, 0.0, 557.9415995582533, 0.0, 0.0, 0.0, 0.0, 0.0, 0.0, 1146.9458433935167, 0.0, 1444.9842339823122, 0.0, 0.0, 0.0, 0.0, 0.0, 557.9415995582533, 425.6983801736676, 158.46693805163017, 0.0, 0.0, 0.0, 374.0096611493513, 0.0, 0.0, 1146.9458433935167, 0.0, 0.0, 0.0, 979.5234460699037, 225.81372836635342, 0.0, 153.3888752952942, 0.0, 501.3181595291037, 927.0392445180742, 320.9702462911637, 0.0, 0.0, 0.0, 0.0, 0.0, 425.6983801736676, 0.0, 0.0, 0.0, 0.0, 0.0, 0.0, 0.0, 0.0, 0.0, 374.0096611493513, 656.0396628308715, 208.25944957649813, 0.0, 0.0, 0.0, 557.9415995582533, 0.0, 0.0, 927.0392445180742, 0.0, 0.0, 0.0, 0.0, 0.0, 0.0, 317.0557997669072, 0.0, 0.0, 0.0, 0.0, 0.0, 0.0, 215.6561338182991, 0.0, 1444.9842339823122, 979.5234460699037, 0.0, 0.0, 313.271126775732, 0.0, 979.5234460699037, 0.0, 0.0, 0.0, 0.0, 0.0, 0.0, 0.0, 0.0, 0.0, 0.0, 0.0, 0.0, 0.0, 0.0, 235.33986791288044, 501.3181595291037, 1146.9458433935167, 1444.9842339823122, 0.0, 717.1636819741846, 0.0, 0.0, 0.0, 0.0, 0.0, 374.0096611493513, 225.81372836635342, 0.0, 207.1204318876967, 0.0, 0.0, 0.0, 0.0, 927.0392445180742, 717.1636819741846, 0.0, 0.0, 0.0, 0.0, 0.0, 0.0, 0.0, 0.0, 0.0, 313.271126775732, 0.0, 0.0, 334.55900013282263, 0.0, 656.0396628308715, 0.0, 0.0, 0.0, 0.0, 717.1636819741846, 0.0, 0.0, 0.0, 501.3181595291037, 0.0, 0.0, 0.0]
INFORMACIÓN : 35apuestaBundle [334.55900013282263, 158.46693805163017, 108.3749426902404, 101.21206423436848]
INFORMACIÓN : 35positionsBundle [350, 973, 1148, 203]
INFORMACIÓN : 35levelsBundle [1, 2, 2, 2]
INFORMACIÓN : 35positionsOrdered [350, 203, 973, 1148]
INFORMACIÓN : 35levelsOrdered [1, 2, 2, 2]
INFORMACIÓN : 35partialityOrdered [1, 2, 2, 2]
INFORMACIÓN : 35arrivalTimes [21.02379604162864, 25.266436728747923, 73.1509135946934, 98.33027021872175]
INFORMACIÓN : 36historia0[656.0396628308715, 0.0, 156.91343274551218, 0.0, 0.0, 0.0, 0.0, 0.0, 0.0, 0.0, 0.0, 557.9415995582533, 0.0, 0.0, 0.0, 0.0, 0.0, 0.0, 1146.9458433935167, 0.0, 1444.9842339823122, 0.0, 0.0, 0.0, 108.3749426902404, 0.0, 557.9415995582533, 425.6983801736676, 158.46693805163017, 0.0, 0.0, 0.0, 374.0096611493513, 0.0, 0.0, 1146.9458433935167, 0.0, 0.0, 0.0, 979.5234460699037, 225.81372836635342, 0.0, 153.3888752952942, 0.0, 501.3181595291037, 927.0392445180742, 320.9702462911637, 0.0, 0.0, 101.21206423436848, 0.0, 0.0, 425.6983801736676, 0.0, 0.0, 0.0, 0.0, 0.0, 0.0, 0.0, 0.0, 0.0, 374.0096611493513, 656.0396628308715, 208.25944957649813, 0.0, 0.0, 0.0, 557.9415995582533, 0.0, 0.0, 927.0392445180742, 0.0, 0.0, 0.0, 0.0, 0.0, 0.0, 317.0557997669072, 0.0, 0.0, 0.0, 0.0, 0.0, 0.0, 215.6561338182991, 0.0, 1444.9842339823122, 979.5234460699037, 0.0, 0.0, 313.271126775732, 0.0, 979.5234460699037, 0.0, 0.0, 0.0, 0.0, 0.0, 0.0, 0.0, 0.0, 0.0, 0.0, 0.0, 0.0, 0.0, 0.0, 235.33986791288044, 501.3181595291037, 1146.9458433935167, 1444.9842339823122, 0.0, 717.1636819741846, 0.0, 0.0, 0.0, 0.0, 0.0, 374.0096611493513, 225.81372836635342, 0.0, 207.1204318876967, 0.0, 0.0, 0.0, 0.0, 927.0392445180742, 717.1636819741846, 0.0, 0.0, 0.0, 0.0, 0.0, 0.0, 0.0, 0.0, 0.0, 313.271126775732, 0.0, 0.0, 334.55900013282263, 0.0, 656.0396628308715, 0.0, 0.0, 0.0, 0.0, 717.1636819741846, 0.0, 0.0, 0.0, 501.3181595291037, 0.0, 0.0, 0.0]
INFORMACIÓN : 36apuestaBundle [334.55900013282263, 158.46693805163017, 108.3749426902404, 101.21206423436848]
INFORMACIÓN : 36positionsBundle [350, 973, 1148, 203]
INFORMACIÓN : 36levelsBundle [1, 2, 2, 2]
INFORMACIÓN : 36positionsOrdered [350, 203, 973, 1148]
INFORMACIÓN : 36levelsOrdered [1, 2, 2, 2]
INFORMACIÓN : 36partialityOrdered [1, 2, 2, 2]
INFORMACIÓN : 36arrivalTimes [21.02379604162864, 25.266436728747923, 73.1509135946934, 98.33027021872175]
INFORMACIÓN : 37historia0[656.0396628308715, 0.0, 156.91343274551218, 0.0, 0.0, 0.0, 0.0, 0.0, 0.0, 0.0, 0.0, 557.9415995582533, 0.0, 0.0, 0.0, 0.0, 0.0, 0.0, 1146.9458433935167, 0.0, 1444.9842339823122, 0.0, 0.0, 0.0, 108.3749426902404, 0.0, 557.9415995582533, 425.6983801736676, 158.46693805163017, 0.0, 0.0, 0.0, 374.0096611493513, 0.0, 0.0, 1146.9458433935167, 0.0, 0.0, 0.0, 979.5234460699037, 225.81372836635342, 0.0, 153.3888752952942, 0.0, 501.3181595291037, 927.0392445180742, 320.9702462911637, 0.0, 0.0, 101.21206423436848, 0.0, 0.0, 425.6983801736676, 0.0, 0.0, 0.0, 0.0, 0.0, 0.0, 0.0, 0.0, 0.0, 374.0096611493513, 656.0396628308715, 0.0, 0.0, 0.0, 0.0, 557.9415995582533, 0.0, 0.0, 927.0392445180742, 0.0, 0.0, 0.0, 0.0, 0.0, 0.0, 317.0557997669072, 0.0, 0.0, 0.0, 0.0, 0.0, 0.0, 0.0, 0.0, 1444.9842339823122, 979.5234460699037, 0.0, 0.0, 313.271126775732, 0.0, 979.5234460699037, 0.0, 0.0, 0.0, 0.0, 0.0, 0.0, 0.0, 0.0, 0.0, 0.0, 0.0, 0.0, 0.0, 0.0, 235.33986791288044, 501.3181595291037, 1146.9458433935167, 1444.9842339823122, 0.0, 717.1636819741846, 0.0, 0.0, 0.0, 0.0, 0.0, 374.0096611493513, 225.81372836635342, 0.0, 207.1204318876967, 0.0, 0.0, 0.0, 0.0, 927.0392445180742, 717.1636819741846, 0.0, 0.0, 0.0, 0.0, 0.0, 0.0, 0.0, 0.0, 0.0, 313.271126775732, 0.0, 0.0, 334.55900013282263, 0.0, 656.0396628308715, 0.0, 0.0, 0.0, 0.0, 717.1636819741846, 0.0, 0.0, 0.0, 501.3181595291037, 0.0, 0.0, 0.0]
INFORMACIÓN : 37apuestaBundle [334.55900013282263, 158.46693805163017, 108.3749426902404, 101.21206423436848]
INFORMACIÓN : 37positionsBundle [350, 973, 1148, 203]
INFORMACIÓN : 37levelsBundle [1, 2, 2, 2]
INFORMACIÓN : 37positionsOrdered [350, 203, 973, 1148]
INFORMACIÓN : 37levelsOrdered [1, 2, 2, 2]
INFORMACIÓN : 37partialityOrdered [1, 2, 2, 2]
INFORMACIÓN : 37arrivalTimes [21.02379604162864, 25.266436728747923, 73.1509135946934, 98.33027021872175]
INFORMACIÓN : 38historia0[656.0396628308715, 0.0, 156.91343274551218, 0.0, 0.0, 0.0, 0.0, 0.0, 0.0, 0.0, 0.0, 557.9415995582533, 0.0, 0.0, 0.0, 0.0, 0.0, 0.0, 1146.9458433935167, 0.0, 1444.9842339823122, 0.0, 0.0, 0.0, 108.3749426902404, 0.0, 557.9415995582533, 425.6983801736676, 158.46693805163017, 0.0, 0.0, 0.0, 374.0096611493513, 0.0, 0.0, 1146.9458433935167, 0.0, 0.0, 0.0, 979.5234460699037, 225.81372836635342, 0.0, 153.3888752952942, 0.0, 501.3181595291037, 927.0392445180742, 320.9702462911637, 0.0, 0.0, 101.21206423436848, 0.0, 0.0, 425.6983801736676, 0.0, 0.0, 0.0, 0.0, 0.0, 0.0, 0.0, 0.0, 0.0, 374.0096611493513, 656.0396628308715, 208.25944957649813, 0.0, 0.0, 0.0, 557.9415995582533, 0.0, 0.0, 927.0392445180742, 0.0, 0.0, 0.0, 0.0, 0.0, 0.0, 317.0557997669072, 0.0, 0.0, 0.0, 0.0, 0.0, 0.0, 215.6561338182991, 0.0, 1444.9842339823122, 979.5234460699037, 0.0, 0.0, 313.271126775732, 0.0, 979.5234460699037, 0.0, 0.0, 0.0, 0.0, 0.0, 0.0, 0.0, 0.0, 0.0, 0.0, 0.0, 0.0, 0.0, 0.0, 235.33986791288044, 501.3181595291037, 1146.9458433935167, 1444.9842339823122, 0.0, 717.1636819741846, 0.0, 0.0, 0.0, 0.0, 0.0, 374.0096611493513, 225.81372836635342, 0.0, 207.1204318876967, 0.0, 0.0, 0.0, 0.0, 927.0392445180742, 717.1636819741846, 0.0, 0.0, 0.0, 0.0, 0.0, 0.0, 0.0, 0.0, 0.0, 313.271126775732, 0.0, 0.0, 334.55900013282263, 0.0, 656.0396628308715, 0.0, 0.0, 0.0, 0.0, 717.1636819741846, 0.0, 0.0, 0.0, 501.3181595291037, 0.0, 0.0, 0.0]
INFORMACIÓN : 38apuestaBundle [334.55900013282263, 158.46693805163017, 108.3749426902404, 101.21206423436848]
INFORMACIÓN : 38positionsBundle [350, 973, 1148, 203]
INFORMACIÓN : 38levelsBundle [1, 2, 2, 2]
INFORMACIÓN : 38positionsOrdered [350, 203, 973, 1148]
INFORMACIÓN : 38levelsOrdered [1, 2, 2, 2]
INFORMACIÓN : 38partialityOrdered [1, 2, 2, 2]
INFORMACIÓN : 38arrivalTimes [21.02379604162864, 25.266436728747923, 73.1509135946934, 98.33027021872175]
INFORMACIÓN : depSat position 1148 level 2
INFORMACIÓN : depSat position 203 level 2
INFORMACIÓN : I [AB]; lost Test.myBail@74d652; POS 1148; sensors [IR]; level 2 I paid 108.3749426902404in favour ofnull paid 108.3749426902404
INFORMACIÓN : 39historia0[656.0396628308715, 0.0, 156.91343274551218, 0.0, 0.0, 0.0, 0.0, 0.0, 0.0, 0.0, 0.0, 557.9415995582533, 0.0, 0.0, 0.0, 0.0, 0.0, 0.0, 1146.9458433935167, 0.0, 1444.9842339823122, 0.0, 0.0, 0.0, 0.0, 0.0, 557.9415995582533, 425.6983801736676, 158.46693805163017, 0.0, 0.0, 0.0, 374.0096611493513, 0.0, 0.0, 1146.9458433935167, 0.0, 0.0, 0.0, 979.5234460699037, 225.81372836635342, 0.0, 153.3888752952942, 0.0, 501.3181595291037, 927.0392445180742, 320.9702462911637, 0.0, 0.0, 0.0, 0.0, 0.0, 425.6983801736676, 0.0, 0.0, 0.0, 0.0, 0.0, 0.0, 0.0, 0.0, 0.0, 374.0096611493513, 656.0396628308715, 208.25944957649813, 0.0, 0.0, 0.0, 557.9415995582533, 0.0, 0.0, 927.0392445180742, 0.0, 0.0, 0.0, 0.0, 0.0, 0.0, 317.0557997669072, 0.0, 0.0, 0.0, 0.0, 0.0, 0.0, 215.6561338182991, 0.0, 1444.9842339823122, 979.5234460699037, 0.0, 0.0, 313.271126775732, 0.0, 979.5234460699037, 0.0, 0.0, 0.0, 0.0, 0.0, 0.0, 0.0, 0.0, 0.0, 0.0, 0.0, 0.0, 0.0, 0.0, 235.33986791288044, 501.3181595291037, 1146.9458433935167, 1444.9842339823122, 0.0, 717.1636819741846, 0.0, 0.0, 0.0, 0.0, 0.0, 374.0096611493513, 225.81372836635342, 0.0, 207.1204318876967, 0.0, 0.0, 0.0, 0.0, 927.0392445180742, 717.1636819741846, 0.0, 0.0, 0.0, 0.0, 0.0, 0.0, 0.0, 0.0, 0.0, 313.271126775732, 0.0, 0.0, 334.55900013282263, 0.0, 656.0396628308715, 0.0, 0.0, 0.0, 0.0, 717.1636819741846, 0.0, 0.0, 0.0, 501.3181595291037, 0.0, 0.0, 0.0]
INFORMACIÓN : 39apuestaBundle [334.55900013282263, 158.46693805163017, 108.3749426902404, 101.21206423436848]
INFORMACIÓN : 39positionsBundle [350, 973, 1148, 203]
INFORMACIÓN : 39levelsBundle [1, 2, 2, 2]
INFORMACIÓN : 39positionsOrdered [350, 203, 973, 1148]
INFORMACIÓN : 39levelsOrdered [1, 2, 2, 2]
INFORMACIÓN : 39partialityOrdered [1, 2, 2, 2]
INFORMACIÓN : 39arrivalTimes [21.02379604162864, 25.266436728747923, 73.1509135946934, 98.33027021872175]
INFORMACIÓN : 40historia0[656.0396628308715, 0.0, 156.91343274551218, 0.0, 0.0, 0.0, 0.0, 0.0, 0.0, 0.0, 0.0, 557.9415995582533, 0.0, 0.0, 0.0, 0.0, 0.0, 0.0, 1146.9458433935167, 0.0, 1444.9842339823122, 0.0, 0.0, 0.0, 108.3749426902404, 0.0, 557.9415995582533, 425.6983801736676, 158.46693805163017, 0.0, 0.0, 0.0, 374.0096611493513, 0.0, 0.0, 1146.9458433935167, 0.0, 0.0, 0.0, 979.5234460699037, 225.81372836635342, 0.0, 153.3888752952942, 0.0, 501.3181595291037, 927.0392445180742, 320.9702462911637, 0.0, 0.0, 101.21206423436848, 0.0, 0.0, 425.6983801736676, 0.0, 0.0, 0.0, 0.0, 0.0, 0.0, 0.0, 0.0, 0.0, 374.0096611493513, 656.0396628308715, 208.25944957649813, 0.0, 0.0, 0.0, 557.9415995582533, 0.0, 0.0, 927.0392445180742, 0.0, 0.0, 0.0, 0.0, 0.0, 0.0, 317.0557997669072, 0.0, 0.0, 0.0, 0.0, 0.0, 0.0, 215.6561338182991, 0.0, 1444.9842339823122, 979.5234460699037, 0.0, 0.0, 313.271126775732, 0.0, 979.5234460699037, 0.0, 0.0, 0.0, 0.0, 0.0, 0.0, 0.0, 0.0, 0.0, 0.0, 0.0, 0.0, 0.0, 0.0, 235.33986791288044, 501.3181595291037, 1146.9458433935167, 1444.9842339823122, 0.0, 717.1636819741846, 0.0, 0.0, 0.0, 0.0, 0.0, 374.0096611493513, 225.81372836635342, 0.0, 207.1204318876967, 0.0, 0.0, 0.0, 0.0, 927.0392445180742, 717.1636819741846, 0.0, 0.0, 0.0, 0.0, 0.0, 0.0, 0.0, 0.0, 0.0, 313.271126775732, 0.0, 0.0, 334.55900013282263, 0.0, 656.0396628308715, 0.0, 0.0, 0.0, 0.0, 717.1636819741846, 0.0, 0.0, 0.0, 501.3181595291037, 0.0, 0.0, 0.0]
INFORMACIÓN : 40apuestaBundle [334.55900013282263, 158.46693805163017, 108.3749426902404, 101.21206423436848]
INFORMACIÓN : 40positionsBundle [350, 973, 1148, 203]
INFORMACIÓN : 40levelsBundle [1, 2, 2, 2]
INFORMACIÓN : 40positionsOrdered [350, 203, 973, 1148]
INFORMACIÓN : 40levelsOrdered [1, 2, 2, 2]
INFORMACIÓN : 40partialityOrdered [1, 2, 2, 2]
INFORMACIÓN : 40arrivalTimes [21.02379604162864, 25.266436728747923, 73.1509135946934, 98.33027021872175]
INFORMACIÓN : 41historia0[656.0396628308715, 0.0, 156.91343274551218, 0.0, 0.0, 0.0, 0.0, 0.0, 0.0, 0.0, 0.0, 557.9415995582533, 0.0, 0.0, 0.0, 0.0, 0.0, 0.0, 1146.9458433935167, 0.0, 1444.9842339823122, 0.0, 0.0, 0.0, 108.3749426902404, 0.0, 557.9415995582533, 425.6983801736676, 158.46693805163017, 0.0, 0.0, 0.0, 374.0096611493513, 0.0, 0.0, 1146.9458433935167, 0.0, 0.0, 0.0, 979.5234460699037, 225.81372836635342, 0.0, 153.3888752952942, 0.0, 501.3181595291037, 927.0392445180742, 320.9702462911637, 0.0, 0.0, 101.21206423436848, 0.0, 0.0, 425.6983801736676, 0.0, 0.0, 0.0, 0.0, 0.0, 0.0, 0.0, 0.0, 0.0, 374.0096611493513, 656.0396628308715, 0.0, 0.0, 0.0, 0.0, 557.9415995582533, 0.0, 0.0, 927.0392445180742, 0.0, 0.0, 0.0, 0.0, 0.0, 0.0, 317.0557997669072, 0.0, 0.0, 0.0, 0.0, 0.0, 0.0, 0.0, 0.0, 1444.9842339823122, 979.5234460699037, 0.0, 0.0, 313.271126775732, 0.0, 979.5234460699037, 0.0, 0.0, 0.0, 0.0, 0.0, 0.0, 0.0, 0.0, 0.0, 0.0, 0.0, 0.0, 0.0, 0.0, 235.33986791288044, 501.3181595291037, 1146.9458433935167, 1444.9842339823122, 0.0, 717.1636819741846, 0.0, 0.0, 0.0, 0.0, 0.0, 374.0096611493513, 225.81372836635342, 0.0, 207.1204318876967, 0.0, 0.0, 0.0, 0.0, 927.0392445180742, 717.1636819741846, 0.0, 0.0, 0.0, 0.0, 0.0, 0.0, 0.0, 0.0, 0.0, 313.271126775732, 0.0, 0.0, 334.55900013282263, 0.0, 656.0396628308715, 0.0, 0.0, 0.0, 0.0, 717.1636819741846, 0.0, 0.0, 0.0, 501.3181595291037, 0.0, 0.0, 0.0]
INFORMACIÓN : 41apuestaBundle [334.55900013282263, 158.46693805163017, 108.3749426902404, 101.21206423436848]
INFORMACIÓN : 41positionsBundle [350, 973, 1148, 203]
INFORMACIÓN : 41levelsBundle [1, 2, 2, 2]
INFORMACIÓN : 41positionsOrdered [350, 203, 973, 1148]
INFORMACIÓN : 41levelsOrdered [1, 2, 2, 2]
INFORMACIÓN : 41partialityOrdered [1, 2, 2, 2]
INFORMACIÓN : 41arrivalTimes [21.02379604162864, 25.266436728747923, 73.1509135946934, 98.33027021872175]
INFORMACIÓN : 42historia0[656.0396628308715, 0.0, 156.91343274551218, 0.0, 0.0, 0.0, 0.0, 0.0, 0.0, 0.0, 0.0, 557.9415995582533, 0.0, 0.0, 0.0, 0.0, 0.0, 0.0, 1146.9458433935167, 0.0, 1444.9842339823122, 0.0, 0.0, 0.0, 108.3749426902404, 0.0, 557.9415995582533, 425.6983801736676, 158.46693805163017, 0.0, 0.0, 0.0, 374.0096611493513, 0.0, 0.0, 1146.9458433935167, 0.0, 0.0, 0.0, 979.5234460699037, 225.81372836635342, 0.0, 153.3888752952942, 0.0, 501.3181595291037, 927.0392445180742, 320.9702462911637, 0.0, 0.0, 101.21206423436848, 0.0, 0.0, 425.6983801736676, 0.0, 0.0, 0.0, 0.0, 0.0, 0.0, 0.0, 0.0, 0.0, 374.0096611493513, 656.0396628308715, 208.25944957649813, 0.0, 0.0, 0.0, 557.9415995582533, 0.0, 0.0, 927.0392445180742, 0.0, 0.0, 0.0, 0.0, 0.0, 0.0, 317.0557997669072, 0.0, 0.0, 0.0, 0.0, 0.0, 0.0, 215.6561338182991, 0.0, 1444.9842339823122, 979.5234460699037, 0.0, 0.0, 313.271126775732, 0.0, 979.5234460699037, 0.0, 0.0, 0.0, 0.0, 0.0, 0.0, 0.0, 0.0, 0.0, 0.0, 0.0, 0.0, 0.0, 0.0, 235.33986791288044, 501.3181595291037, 1146.9458433935167, 1444.9842339823122, 0.0, 717.1636819741846, 0.0, 0.0, 0.0, 0.0, 0.0, 374.0096611493513, 225.81372836635342, 0.0, 207.1204318876967, 0.0, 0.0, 0.0, 0.0, 927.0392445180742, 717.1636819741846, 0.0, 0.0, 0.0, 0.0, 0.0, 0.0, 0.0, 0.0, 0.0, 313.271126775732, 0.0, 0.0, 334.55900013282263, 0.0, 656.0396628308715, 0.0, 0.0, 0.0, 0.0, 717.1636819741846, 0.0, 0.0, 0.0, 501.3181595291037, 0.0, 0.0, 0.0]
INFORMACIÓN : 42apuestaBundle [334.55900013282263, 158.46693805163017, 108.3749426902404, 101.21206423436848]
INFORMACIÓN : 42positionsBundle [350, 973, 1148, 203]
INFORMACIÓN : 42levelsBundle [1, 2, 2, 2]
INFORMACIÓN : 42positionsOrdered [350, 203, 973, 1148]
INFORMACIÓN : 42levelsOrdered [1, 2, 2, 2]
INFORMACIÓN : 42partialityOrdered [1, 2, 2, 2]
INFORMACIÓN : 42arrivalTimes [21.02379604162864, 25.266436728747923, 73.1509135946934, 98.33027021872175]
INFORMACIÓN : depSat position 1148 level 2
INFORMACIÓN : depSat position 203 level 2
INFORMACIÓN : I [AB]; lost Test.myBail@74d652; POS 1148; sensors [IR]; level 2 I paid 108.3749426902404in favour ofnull paid 108.3749426902404
INFORMACIÓN : 43historia0[656.0396628308715, 0.0, 156.91343274551218, 0.0, 0.0, 0.0, 0.0, 0.0, 0.0, 0.0, 0.0, 557.9415995582533, 0.0, 0.0, 0.0, 0.0, 0.0, 0.0, 1146.9458433935167, 0.0, 1444.9842339823122, 0.0, 0.0, 0.0, 0.0, 0.0, 557.9415995582533, 425.6983801736676, 158.46693805163017, 0.0, 0.0, 0.0, 374.0096611493513, 0.0, 0.0, 1146.9458433935167, 0.0, 0.0, 0.0, 979.5234460699037, 225.81372836635342, 0.0, 153.3888752952942, 0.0, 501.3181595291037, 927.0392445180742, 320.9702462911637, 0.0, 0.0, 0.0, 0.0, 0.0, 425.6983801736676, 0.0, 0.0, 0.0, 0.0, 0.0, 0.0, 0.0, 0.0, 0.0, 374.0096611493513, 656.0396628308715, 208.25944957649813, 0.0, 0.0, 0.0, 557.9415995582533, 0.0, 0.0, 927.0392445180742, 0.0, 0.0, 0.0, 0.0, 0.0, 0.0, 317.0557997669072, 0.0, 0.0, 0.0, 0.0, 0.0, 0.0, 215.6561338182991, 0.0, 1444.9842339823122, 979.5234460699037, 0.0, 0.0, 313.271126775732, 0.0, 979.5234460699037, 0.0, 0.0, 0.0, 0.0, 0.0, 0.0, 0.0, 0.0, 0.0, 0.0, 0.0, 0.0, 0.0, 0.0, 235.33986791288044, 501.3181595291037, 1146.9458433935167, 1444.9842339823122, 0.0, 717.1636819741846, 0.0, 0.0, 0.0, 0.0, 0.0, 374.0096611493513, 225.81372836635342, 0.0, 207.1204318876967, 0.0, 0.0, 0.0, 0.0, 927.0392445180742, 717.1636819741846, 0.0, 0.0, 0.0, 0.0, 0.0, 0.0, 0.0, 0.0, 0.0, 313.271126775732, 0.0, 0.0, 334.55900013282263, 0.0, 656.0396628308715, 0.0, 0.0, 0.0, 0.0, 717.1636819741846, 0.0, 0.0, 0.0, 501.3181595291037, 0.0, 0.0, 0.0]
INFORMACIÓN : 43apuestaBundle [334.55900013282263, 158.46693805163017, 108.3749426902404, 101.21206423436848]
INFORMACIÓN : 43positionsBundle [350, 973, 1148, 203]
INFORMACIÓN : 43levelsBundle [1, 2, 2, 2]
INFORMACIÓN : 43positionsOrdered [350, 203, 973, 1148]
INFORMACIÓN : 43levelsOrdered [1, 2, 2, 2]
INFORMACIÓN : 43partialityOrdered [1, 2, 2, 2]
INFORMACIÓN : 43arrivalTimes [21.02379604162864, 25.266436728747923, 73.1509135946934, 98.33027021872175]
INFORMACIÓN : 44historia0[656.0396628308715, 0.0, 156.91343274551218, 0.0, 0.0, 0.0, 0.0, 0.0, 0.0, 0.0, 0.0, 557.9415995582533, 0.0, 0.0, 0.0, 0.0, 0.0, 0.0, 1146.9458433935167, 0.0, 1444.9842339823122, 0.0, 0.0, 0.0, 108.3749426902404, 0.0, 557.9415995582533, 425.6983801736676, 158.46693805163017, 0.0, 0.0, 0.0, 374.0096611493513, 0.0, 0.0, 1146.9458433935167, 0.0, 0.0, 0.0, 979.5234460699037, 225.81372836635342, 0.0, 153.3888752952942, 0.0, 501.3181595291037, 927.0392445180742, 320.9702462911637, 0.0, 0.0, 101.21206423436848, 0.0, 0.0, 425.6983801736676, 0.0, 0.0, 0.0, 0.0, 0.0, 0.0, 0.0, 0.0, 0.0, 374.0096611493513, 656.0396628308715, 208.25944957649813, 0.0, 0.0, 0.0, 557.9415995582533, 0.0, 0.0, 927.0392445180742, 0.0, 0.0, 0.0, 0.0, 0.0, 0.0, 317.0557997669072, 0.0, 0.0, 0.0, 0.0, 0.0, 0.0, 215.6561338182991, 0.0, 1444.9842339823122, 979.5234460699037, 0.0, 0.0, 313.271126775732, 0.0, 979.5234460699037, 0.0, 0.0, 0.0, 0.0, 0.0, 0.0, 0.0, 0.0, 0.0, 0.0, 0.0, 0.0, 0.0, 0.0, 235.33986791288044, 501.3181595291037, 1146.9458433935167, 1444.9842339823122, 0.0, 717.1636819741846, 0.0, 0.0, 0.0, 0.0, 0.0, 374.0096611493513, 225.81372836635342, 0.0, 207.1204318876967, 0.0, 0.0, 0.0, 0.0, 927.0392445180742, 717.1636819741846, 0.0, 0.0, 0.0, 0.0, 0.0, 0.0, 0.0, 0.0, 0.0, 313.271126775732, 0.0, 0.0, 334.55900013282263, 0.0, 656.0396628308715, 0.0, 0.0, 0.0, 0.0, 717.1636819741846, 0.0, 0.0, 0.0, 501.3181595291037, 0.0, 0.0, 0.0]
INFORMACIÓN : 44apuestaBundle [334.55900013282263, 158.46693805163017, 108.3749426902404, 101.21206423436848]
INFORMACIÓN : 44positionsBundle [350, 973, 1148, 203]
INFORMACIÓN : 44levelsBundle [1, 2, 2, 2]
INFORMACIÓN : 44positionsOrdered [350, 203, 973, 1148]
INFORMACIÓN : 44levelsOrdered [1, 2, 2, 2]
INFORMACIÓN : 44partialityOrdered [1, 2, 2, 2]
INFORMACIÓN : 44arrivalTimes [21.02379604162864, 25.266436728747923, 73.1509135946934, 98.33027021872175]
INFORMACIÓN : 45historia0[656.0396628308715, 0.0, 156.91343274551218, 0.0, 0.0, 0.0, 0.0, 0.0, 0.0, 0.0, 0.0, 557.9415995582533, 0.0, 0.0, 0.0, 0.0, 0.0, 0.0, 1146.9458433935167, 0.0, 1444.9842339823122, 0.0, 0.0, 0.0, 108.3749426902404, 0.0, 557.9415995582533, 425.6983801736676, 158.46693805163017, 0.0, 0.0, 0.0, 374.0096611493513, 0.0, 0.0, 1146.9458433935167, 0.0, 0.0, 0.0, 979.5234460699037, 225.81372836635342, 0.0, 153.3888752952942, 0.0, 501.3181595291037, 927.0392445180742, 320.9702462911637, 0.0, 0.0, 101.21206423436848, 0.0, 0.0, 425.6983801736676, 0.0, 0.0, 0.0, 0.0, 0.0, 0.0, 0.0, 0.0, 0.0, 374.0096611493513, 656.0396628308715, 0.0, 0.0, 0.0, 0.0, 557.9415995582533, 0.0, 0.0, 927.0392445180742, 0.0, 0.0, 0.0, 0.0, 0.0, 0.0, 317.0557997669072, 0.0, 0.0, 0.0, 0.0, 0.0, 0.0, 0.0, 0.0, 1444.9842339823122, 979.5234460699037, 0.0, 0.0, 313.271126775732, 0.0, 979.5234460699037, 0.0, 0.0, 0.0, 0.0, 0.0, 0.0, 0.0, 0.0, 0.0, 0.0, 0.0, 0.0, 0.0, 0.0, 235.33986791288044, 501.3181595291037, 1146.9458433935167, 1444.9842339823122, 0.0, 717.1636819741846, 0.0, 0.0, 0.0, 0.0, 0.0, 374.0096611493513, 225.81372836635342, 0.0, 207.1204318876967, 0.0, 0.0, 0.0, 0.0, 927.0392445180742, 717.1636819741846, 0.0, 0.0, 0.0, 0.0, 0.0, 0.0, 0.0, 0.0, 0.0, 313.271126775732, 0.0, 0.0, 334.55900013282263, 0.0, 656.0396628308715, 0.0, 0.0, 0.0, 0.0, 717.1636819741846, 0.0, 0.0, 0.0, 501.3181595291037, 0.0, 0.0, 0.0]
INFORMACIÓN : 45apuestaBundle [334.55900013282263, 158.46693805163017, 108.3749426902404, 101.21206423436848]
INFORMACIÓN : 45positionsBundle [350, 973, 1148, 203]
INFORMACIÓN : 45levelsBundle [1, 2, 2, 2]
INFORMACIÓN : 45positionsOrdered [350, 203, 973, 1148]
INFORMACIÓN : 45levelsOrdered [1, 2, 2, 2]
INFORMACIÓN : 45partialityOrdered [1, 2, 2, 2]
INFORMACIÓN : 45arrivalTimes [21.02379604162864, 25.266436728747923, 73.1509135946934, 98.33027021872175]
INFORMACIÓN : 46historia0[656.0396628308715, 0.0, 156.91343274551218, 0.0, 0.0, 0.0, 0.0, 0.0, 0.0, 0.0, 0.0, 557.9415995582533, 0.0, 0.0, 0.0, 0.0, 0.0, 0.0, 1146.9458433935167, 0.0, 1444.9842339823122, 0.0, 0.0, 0.0, 108.3749426902404, 0.0, 557.9415995582533, 425.6983801736676, 158.46693805163017, 0.0, 0.0, 0.0, 374.0096611493513, 0.0, 0.0, 1146.9458433935167, 0.0, 0.0, 0.0, 979.5234460699037, 225.81372836635342, 0.0, 153.3888752952942, 0.0, 501.3181595291037, 927.0392445180742, 320.9702462911637, 0.0, 0.0, 101.21206423436848, 0.0, 0.0, 425.6983801736676, 0.0, 0.0, 0.0, 0.0, 0.0, 0.0, 0.0, 0.0, 0.0, 374.0096611493513, 656.0396628308715, 208.25944957649813, 0.0, 0.0, 0.0, 557.9415995582533, 0.0, 197.08615453277952, 927.0392445180742, 0.0, 0.0, 0.0, 0.0, 0.0, 0.0, 317.0557997669072, 0.0, 0.0, 0.0, 0.0, 0.0, 0.0, 0.0, 0.0, 1444.9842339823122, 979.5234460699037, 0.0, 0.0, 313.271126775732, 0.0, 979.5234460699037, 0.0, 0.0, 0.0, 0.0, 0.0, 0.0, 0.0, 0.0, 0.0, 0.0, 0.0, 0.0, 0.0, 0.0, 235.33986791288044, 501.3181595291037, 1146.9458433935167, 1444.9842339823122, 0.0, 717.1636819741846, 0.0, 0.0, 0.0, 0.0, 0.0, 374.0096611493513, 225.81372836635342, 0.0, 207.1204318876967, 0.0, 0.0, 0.0, 0.0, 927.0392445180742, 717.1636819741846, 0.0, 0.0, 0.0, 0.0, 0.0, 0.0, 0.0, 0.0, 0.0, 313.271126775732, 0.0, 0.0, 334.55900013282263, 0.0, 656.0396628308715, 0.0, 0.0, 0.0, 0.0, 717.1636819741846, 0.0, 0.0, 0.0, 501.3181595291037, 0.0, 0.0, 0.0]
INFORMACIÓN : 46apuestaBundle [334.55900013282263, 158.46693805163017, 108.3749426902404, 101.21206423436848]
INFORMACIÓN : 46positionsBundle [350, 973, 1148, 203]
INFORMACIÓN : 46levelsBundle [1, 2, 2, 2]
INFORMACIÓN : 46positionsOrdered [350, 203, 973, 1148]
INFORMACIÓN : 46levelsOrdered [1, 2, 2, 2]
INFORMACIÓN : 46partialityOrdered [1, 2, 2, 2]
INFORMACIÓN : 46arrivalTimes [21.02379604162864, 25.266436728747923, 73.1509135946934, 98.33027021872175]
INFORMACIÓN : depSat position 1148 level 2
INFORMACIÓN : depSat position 203 level 2
INFORMACIÓN : I [AB]; lost Test.myBail@74d652; POS 1148; sensors [IR]; level 2 I paid 108.3749426902404in favour ofnull paid 108.3749426902404
INFORMACIÓN : 47historia0[656.0396628308715, 0.0, 156.91343274551218, 0.0, 0.0, 0.0, 0.0, 0.0, 0.0, 0.0, 0.0, 557.9415995582533, 0.0, 0.0, 0.0, 0.0, 0.0, 0.0, 1146.9458433935167, 0.0, 1444.9842339823122, 0.0, 0.0, 0.0, 0.0, 0.0, 557.9415995582533, 425.6983801736676, 158.46693805163017, 0.0, 0.0, 0.0, 374.0096611493513, 0.0, 0.0, 1146.9458433935167, 0.0, 0.0, 0.0, 979.5234460699037, 225.81372836635342, 0.0, 153.3888752952942, 0.0, 501.3181595291037, 927.0392445180742, 320.9702462911637, 0.0, 0.0, 0.0, 0.0, 0.0, 425.6983801736676, 0.0, 0.0, 0.0, 0.0, 0.0, 0.0, 0.0, 0.0, 0.0, 374.0096611493513, 656.0396628308715, 208.25944957649813, 0.0, 0.0, 0.0, 557.9415995582533, 0.0, 197.08615453277952, 927.0392445180742, 0.0, 0.0, 0.0, 0.0, 0.0, 0.0, 317.0557997669072, 0.0, 0.0, 0.0, 0.0, 0.0, 0.0, 0.0, 0.0, 1444.9842339823122, 979.5234460699037, 0.0, 0.0, 313.271126775732, 0.0, 979.5234460699037, 0.0, 0.0, 0.0, 0.0, 0.0, 0.0, 0.0, 0.0, 0.0, 0.0, 0.0, 0.0, 0.0, 0.0, 235.33986791288044, 501.3181595291037, 1146.9458433935167, 1444.9842339823122, 0.0, 717.1636819741846, 0.0, 0.0, 0.0, 0.0, 0.0, 374.0096611493513, 225.81372836635342, 0.0, 207.1204318876967, 0.0, 0.0, 0.0, 0.0, 927.0392445180742, 717.1636819741846, 0.0, 0.0, 0.0, 0.0, 0.0, 0.0, 0.0, 0.0, 0.0, 313.271126775732, 0.0, 0.0, 334.55900013282263, 0.0, 656.0396628308715, 0.0, 0.0, 0.0, 0.0, 717.1636819741846, 0.0, 0.0, 0.0, 501.3181595291037, 0.0, 0.0, 0.0]
INFORMACIÓN : 47apuestaBundle [334.55900013282263, 158.46693805163017, 73.66686285891029, 52.594514970484255]
INFORMACIÓN : 47positionsBundle [350, 973, 786, 2000]
INFORMACIÓN : 47levelsBundle [1, 2, 1, 1]
INFORMACIÓN : 47positionsOrdered [350, 973, 786, 2000]
INFORMACIÓN : 47levelsOrdered [1, 2, 1, 1]
INFORMACIÓN : 47partialityOrdered [1, 2, 1, 1]
INFORMACIÓN : 47arrivalTimes [21.02379604162864, 73.1509135946934, 86.75238410342885, 130.5815981050511]
INFORMACIÓN : 48historia0[656.0396628308715, 0.0, 156.91343274551218, 0.0, 0.0, 0.0, 0.0, 0.0, 0.0, 0.0, 0.0, 557.9415995582533, 0.0, 0.0, 0.0, 0.0, 0.0, 0.0, 1146.9458433935167, 0.0, 1444.9842339823122, 0.0, 0.0, 0.0, 0.0, 0.0, 557.9415995582533, 425.6983801736676, 158.46693805163017, 0.0, 0.0, 0.0, 374.0096611493513, 0.0, 0.0, 1146.9458433935167, 0.0, 0.0, 0.0, 979.5234460699037, 225.81372836635342, 0.0, 153.3888752952942, 0.0, 501.3181595291037, 927.0392445180742, 320.9702462911637, 0.0, 0.0, 0.0, 0.0, 0.0, 425.6983801736676, 0.0, 73.66686285891029, 0.0, 0.0, 0.0, 0.0, 0.0, 0.0, 0.0, 374.0096611493513, 656.0396628308715, 208.25944957649813, 0.0, 0.0, 0.0, 557.9415995582533, 0.0, 197.08615453277952, 927.0392445180742, 0.0, 0.0, 0.0, 0.0, 0.0, 0.0, 317.0557997669072, 0.0, 0.0, 0.0, 0.0, 0.0, 0.0, 0.0, 0.0, 1444.9842339823122, 979.5234460699037, 0.0, 0.0, 313.271126775732, 0.0, 979.5234460699037, 52.594514970484255, 0.0, 0.0, 0.0, 0.0, 0.0, 0.0, 0.0, 0.0, 0.0, 0.0, 0.0, 0.0, 0.0, 235.33986791288044, 501.3181595291037, 1146.9458433935167, 1444.9842339823122, 0.0, 717.1636819741846, 0.0, 0.0, 0.0, 0.0, 0.0, 374.0096611493513, 225.81372836635342, 0.0, 207.1204318876967, 0.0, 0.0, 0.0, 0.0, 927.0392445180742, 717.1636819741846, 0.0, 0.0, 0.0, 0.0, 0.0, 0.0, 0.0, 0.0, 0.0, 313.271126775732, 0.0, 0.0, 334.55900013282263, 0.0, 656.0396628308715, 0.0, 0.0, 0.0, 0.0, 717.1636819741846, 0.0, 0.0, 0.0, 501.3181595291037, 0.0, 0.0, 0.0]
