----------------------------------------------------------------------
-- Log session for [myBugCoalitionsCCBBAGuaiDEF-26] started on 2017.07.16.18.58.24 --
----------------------------------------------------------------------

INFORMACIÓN : I started
INFORMACIÓN : 0apuestaBundle [1407.6677518726613, 1095.6781200606838, 964.0667291791106, 880.4607896399489]
INFORMACIÓN : 0positionsBundle [1275, 409, 740, 1992]
INFORMACIÓN : 0levelsBundle [3, 3, 3, 3]
INFORMACIÓN : 0positionsOrdered [1275, 409, 740, 1992]
INFORMACIÓN : 0levelsOrdered [3, 3, 3, 3]
INFORMACIÓN : 0partialityOrdered [3, 3, 3, 3]
INFORMACIÓN : 0arrivalTimes [32.01562118716424, 55.360856247021744, 86.93616305471564, 112.01603546268454]
INFORMACIÓN : coalSat position 409 level 3
INFORMACIÓN : coalSat position 740 level 3
INFORMACIÓN : coalSat position 1992 level 3
INFORMACIÓN : I [MW]; lost Test.myBail@537aeefc; POS 1275; sensors [AB, IR]; level 3 I paid 1407.6677518726613in favour of24@(myturtles,myturtles,bug)@MK-18724 paid 1444.9842339823122
INFORMACIÓN : 1historia0[0.0, 0.0, 0.0, 0.0, 0.0, 0.0, 0.0, 0.0, 0.0, 0.0, 0.0, 0.0, 0.0, 0.0, 0.0, 0.0, 0.0, 0.0, 0.0, 0.0, 1444.9842339823122, 0.0, 0.0, 0.0, 0.0, 0.0, 0.0, 0.0, 0.0, 0.0, 0.0, 0.0, 0.0, 0.0, 0.0, 1110.3512740608155, 0.0, 0.0, 0.0, 960.50591051537, 0.0, 0.0, 0.0, 0.0, 0.0, 0.0, 0.0, 0.0, 0.0, 0.0, 0.0, 0.0, 0.0, 0.0, 0.0, 0.0, 0.0, 0.0, 0.0, 0.0, 0.0, 0.0, 0.0, 0.0, 0.0, 0.0, 0.0, 0.0, 0.0, 0.0, 0.0, 878.8876575587378, 0.0, 0.0, 0.0, 0.0, 0.0, 0.0, 0.0, 0.0, 0.0, 0.0, 0.0, 0.0, 0.0, 0.0, 0.0, 1444.9842339823122, 962.9064917694145, 0.0, 0.0, 0.0, 0.0, 0.0, 0.0, 0.0, 0.0, 0.0, 0.0, 0.0, 0.0, 0.0, 0.0, 0.0, 0.0, 0.0, 0.0, 0.0, 0.0, 0.0, 1107.6255770321845, 1444.9842339823122, 0.0, 0.0, 0.0, 0.0, 0.0, 0.0, 0.0, 0.0, 0.0, 0.0, 0.0, 0.0, 0.0, 0.0, 0.0, 876.6437125847633, 0.0, 0.0, 0.0, 0.0, 0.0, 0.0, 0.0, 0.0, 0.0, 0.0, 0.0, 0.0, 0.0, 0.0, 0.0, 0.0, 0.0, 0.0, 0.0, 0.0, 0.0, 0.0, 0.0, 0.0, 0.0, 0.0, 0.0, 0.0]
INFORMACIÓN : 1apuestaBundle [676.2156104364462, 604.3429860765607, 518.6152043257463, 468.06909523925725]
INFORMACIÓN : 1positionsBundle [411, 756, 1902, 1859]
INFORMACIÓN : 1levelsBundle [3, 3, 3, 3]
INFORMACIÓN : 1positionsOrdered [411, 756, 1902, 1859]
INFORMACIÓN : 1levelsOrdered [3, 3, 3, 3]
INFORMACIÓN : 1partialityOrdered [3, 3, 3, 3]
INFORMACIÓN : 1arrivalTimes [34.92849839314596, 43.53082366018859, 66.87605872004609, 73.94712653191156]
INFORMACIÓN : I [MW]; lost Test.myBail@286190ab; POS 411; sensors [AB, IR]; level 3 I paid 676.2156104364462in favour of13@(myturtles,myturtles,bug)@MK-18724 paid 717.1636819741846
INFORMACIÓN : 2historia0[656.0396628308715, 0.0, 0.0, 0.0, 0.0, 0.0, 0.0, 0.0, 0.0, 0.0, 0.0, 557.9415995582533, 0.0, 0.0, 0.0, 0.0, 0.0, 0.0, 1146.9458433935167, 0.0, 1444.9842339823122, 0.0, 0.0, 0.0, 0.0, 0.0, 557.9415995582533, 0.0, 0.0, 0.0, 0.0, 0.0, 0.0, 0.0, 0.0, 1146.9458433935167, 0.0, 0.0, 0.0, 979.5234460699037, 0.0, 0.0, 0.0, 0.0, 501.3181595291037, 927.0392445180742, 0.0, 0.0, 0.0, 0.0, 0.0, 0.0, 0.0, 0.0, 0.0, 0.0, 0.0, 0.0, 0.0, 0.0, 0.0, 0.0, 0.0, 656.0396628308715, 0.0, 0.0, 0.0, 0.0, 557.9415995582533, 0.0, 0.0, 927.0392445180742, 0.0, 0.0, 0.0, 0.0, 0.0, 0.0, 0.0, 0.0, 0.0, 0.0, 0.0, 0.0, 0.0, 0.0, 0.0, 1444.9842339823122, 979.5234460699037, 0.0, 0.0, 0.0, 0.0, 979.5234460699037, 0.0, 0.0, 0.0, 0.0, 0.0, 0.0, 0.0, 0.0, 0.0, 0.0, 0.0, 0.0, 0.0, 0.0, 0.0, 501.3181595291037, 1146.9458433935167, 1444.9842339823122, 0.0, 717.1636819741846, 0.0, 0.0, 0.0, 0.0, 0.0, 0.0, 0.0, 0.0, 0.0, 0.0, 0.0, 0.0, 0.0, 927.0392445180742, 717.1636819741846, 0.0, 0.0, 0.0, 0.0, 0.0, 0.0, 0.0, 0.0, 0.0, 0.0, 0.0, 0.0, 0.0, 0.0, 656.0396628308715, 0.0, 0.0, 0.0, 0.0, 717.1636819741846, 0.0, 0.0, 0.0, 501.3181595291037, 0.0, 0.0, 0.0]
INFORMACIÓN : 2apuestaBundle [421.0453553486389, 334.2718673531353, 207.29777748699092, 207.1204318876967]
INFORMACIÓN : 2positionsBundle [141, 1092, 1920, 2233]
INFORMACIÓN : 2levelsBundle [3, 2, 2, 2]
INFORMACIÓN : 2positionsOrdered [141, 1092, 1920, 2233]
INFORMACIÓN : 2levelsOrdered [3, 2, 2, 2]
INFORMACIÓN : 2partialityOrdered [3, 2, 2, 2]
INFORMACIÓN : 2arrivalTimes [4.47213595499958, 23.498433545440026, 51.30131109435571, 65.61913215763207]
INFORMACIÓN : coalSat position 141 level 3
INFORMACIÓN : timeSat position 141 level 3
INFORMACIÓN : coalSat position 1092 level 2
INFORMACIÓN : timeSat position 1092 level 2
INFORMACIÓN : I [MW]; lost Test.myBail@21e6cb5f; POS 141; sensors [AB, IR]; level 3 I paid 421.0453553486389in favour ofnull paid 421.0453553486389
INFORMACIÓN : 3historia0[656.0396628308715, 0.0, 0.0, 0.0, 0.0, 0.0, 0.0, 0.0, 0.0, 0.0, 0.0, 557.9415995582533, 0.0, 0.0, 0.0, 0.0, 0.0, 0.0, 1146.9458433935167, 0.0, 1444.9842339823122, 0.0, 0.0, 0.0, 0.0, 0.0, 557.9415995582533, 425.6983801736676, 0.0, 0.0, 0.0, 0.0, 348.5223767714276, 0.0, 0.0, 1146.9458433935167, 0.0, 0.0, 0.0, 979.5234460699037, 0.0, 0.0, 0.0, 0.0, 501.3181595291037, 927.0392445180742, 0.0, 0.0, 0.0, 0.0, 0.0, 0.0, 425.6983801736676, 0.0, 0.0, 0.0, 0.0, 0.0, 0.0, 0.0, 0.0, 0.0, 407.78724393697195, 656.0396628308715, 0.0, 0.0, 0.0, 0.0, 557.9415995582533, 0.0, 0.0, 927.0392445180742, 0.0, 0.0, 0.0, 0.0, 0.0, 0.0, 302.14198499391205, 0.0, 0.0, 0.0, 0.0, 0.0, 0.0, 0.0, 0.0, 1444.9842339823122, 979.5234460699037, 0.0, 0.0, 290.4876363513308, 0.0, 979.5234460699037, 0.0, 0.0, 0.0, 0.0, 0.0, 0.0, 0.0, 0.0, 0.0, 0.0, 0.0, 0.0, 0.0, 0.0, 0.0, 501.3181595291037, 1146.9458433935167, 1444.9842339823122, 0.0, 717.1636819741846, 0.0, 0.0, 0.0, 0.0, 0.0, 0.0, 0.0, 0.0, 0.0, 0.0, 0.0, 0.0, 0.0, 927.0392445180742, 717.1636819741846, 0.0, 0.0, 0.0, 0.0, 0.0, 0.0, 0.0, 0.0, 0.0, 289.2844455991101, 0.0, 0.0, 260.0719319003822, 0.0, 656.0396628308715, 0.0, 0.0, 0.0, 0.0, 717.1636819741846, 0.0, 0.0, 0.0, 501.3181595291037, 0.0, 0.0, 0.0]
INFORMACIÓN : 3apuestaBundle [321.35029096204505, 207.29777748699092, 207.1204318876967, 203.92866451674644]
INFORMACIÓN : 3positionsBundle [1092, 1920, 2233, 481]
INFORMACIÓN : 3levelsBundle [2, 2, 2, 2]
INFORMACIÓN : 3positionsOrdered [481, 1092, 1920, 2233]
INFORMACIÓN : 3levelsOrdered [2, 2, 2, 2]
INFORMACIÓN : 3partialityOrdered [2, 2, 2, 2]
INFORMACIÓN : 3arrivalTimes [16.64331697709324, 93.2552419251726, 121.05811947408829, 135.37594053736464]
INFORMACIÓN : timeSat position 1092 level 2
INFORMACIÓN : coalSat position 1920 level 2
INFORMACIÓN : timeSat position 1920 level 2
INFORMACIÓN : I [MW]; lost Test.myBail@6b171d50; POS 1092; sensors [IR]; level 2 I paid 321.35029096204505in favour ofnull paid 321.35029096204505
INFORMACIÓN : 4historia0[656.0396628308715, 0.0, 0.0, 0.0, 0.0, 0.0, 0.0, 0.0, 0.0, 0.0, 0.0, 557.9415995582533, 0.0, 0.0, 0.0, 0.0, 0.0, 0.0, 1146.9458433935167, 0.0, 1444.9842339823122, 0.0, 0.0, 0.0, 0.0, 0.0, 557.9415995582533, 425.6983801736676, 0.0, 0.0, 0.0, 0.0, 374.0096611493513, 0.0, 0.0, 1146.9458433935167, 0.0, 0.0, 0.0, 979.5234460699037, 210.14128429339377, 0.0, 0.0, 0.0, 501.3181595291037, 927.0392445180742, 0.0, 0.0, 0.0, 0.0, 0.0, 0.0, 425.6983801736676, 0.0, 0.0, 0.0, 0.0, 0.0, 0.0, 0.0, 0.0, 0.0, 374.0096611493513, 656.0396628308715, 0.0, 0.0, 0.0, 0.0, 557.9415995582533, 0.0, 0.0, 927.0392445180742, 0.0, 0.0, 0.0, 0.0, 0.0, 0.0, 323.53437546904735, 0.0, 0.0, 0.0, 0.0, 0.0, 0.0, 0.0, 0.0, 1444.9842339823122, 979.5234460699037, 0.0, 0.0, 313.271126775732, 0.0, 979.5234460699037, 0.0, 0.0, 0.0, 0.0, 0.0, 0.0, 0.0, 0.0, 0.0, 0.0, 0.0, 0.0, 0.0, 0.0, 235.33986791288044, 501.3181595291037, 1146.9458433935167, 1444.9842339823122, 0.0, 717.1636819741846, 0.0, 0.0, 0.0, 0.0, 0.0, 374.0096611493513, 0.0, 0.0, 0.0, 0.0, 0.0, 0.0, 0.0, 927.0392445180742, 717.1636819741846, 0.0, 0.0, 0.0, 0.0, 0.0, 0.0, 0.0, 0.0, 0.0, 313.271126775732, 0.0, 0.0, 324.2373126075745, 0.0, 656.0396628308715, 0.0, 0.0, 0.0, 0.0, 717.1636819741846, 0.0, 0.0, 0.0, 501.3181595291037, 0.0, 0.0, 0.0]
INFORMACIÓN : 4apuestaBundle [320.9702462911637, 207.1204318876967, 203.92866451674644, 194.0713909610576]
INFORMACIÓN : 4positionsBundle [1092, 2233, 481, 1920]
INFORMACIÓN : 4levelsBundle [2, 2, 2, 2]
INFORMACIÓN : 4positionsOrdered [481, 1092, 2233, 1920]
INFORMACIÓN : 4levelsOrdered [2, 2, 2, 2]
INFORMACIÓN : 4partialityOrdered [2, 2, 2, 2]
INFORMACIÓN : 4arrivalTimes [16.64331697709324, 95.4139048743608, 120.11208294481773, 145.7072779999422]
INFORMACIÓN : coalSat position 2233 level 2
INFORMACIÓN : coalSat position 481 level 2
INFORMACIÓN : timeSat position 481 level 2
INFORMACIÓN : I [MW]; lost Test.myBail@6652c393; POS 2233; sensors [IR]; level 2 I paid 207.1204318876967in favour ofnull paid 207.1204318876967
INFORMACIÓN : 5historia0[656.0396628308715, 0.0, 0.0, 0.0, 0.0, 0.0, 0.0, 0.0, 0.0, 0.0, 0.0, 557.9415995582533, 0.0, 0.0, 0.0, 0.0, 0.0, 0.0, 1146.9458433935167, 0.0, 1444.9842339823122, 0.0, 0.0, 0.0, 108.3749426902404, 0.0, 557.9415995582533, 425.6983801736676, 161.0462806360842, 0.0, 0.0, 0.0, 374.0096611493513, 0.0, 0.0, 1146.9458433935167, 0.0, 0.0, 0.0, 979.5234460699037, 217.08060388519579, 0.0, 0.0, 0.0, 501.3181595291037, 927.0392445180742, 320.9702462911637, 0.0, 0.0, 0.0, 0.0, 0.0, 425.6983801736676, 0.0, 0.0, 0.0, 0.0, 0.0, 0.0, 0.0, 0.0, 0.0, 374.0096611493513, 656.0396628308715, 210.52386669200962, 0.0, 0.0, 0.0, 557.9415995582533, 0.0, 0.0, 927.0392445180742, 0.0, 0.0, 0.0, 0.0, 0.0, 0.0, 329.42145118355967, 0.0, 0.0, 0.0, 0.0, 0.0, 0.0, 201.6801347682154, 0.0, 1444.9842339823122, 979.5234460699037, 0.0, 0.0, 313.271126775732, 0.0, 979.5234460699037, 0.0, 0.0, 0.0, 0.0, 0.0, 0.0, 0.0, 0.0, 0.0, 0.0, 0.0, 0.0, 0.0, 0.0, 235.33986791288044, 501.3181595291037, 1146.9458433935167, 1444.9842339823122, 0.0, 717.1636819741846, 0.0, 0.0, 0.0, 0.0, 0.0, 374.0096611493513, 0.0, 0.0, 0.0, 0.0, 0.0, 0.0, 0.0, 927.0392445180742, 717.1636819741846, 0.0, 0.0, 0.0, 0.0, 0.0, 0.0, 0.0, 0.0, 0.0, 313.271126775732, 0.0, 0.0, 334.55900013282263, 0.0, 656.0396628308715, 0.0, 0.0, 0.0, 0.0, 717.1636819741846, 0.0, 0.0, 0.0, 501.3181595291037, 0.0, 0.0, 0.0]
INFORMACIÓN : 5apuestaBundle [320.9702462911637, 200.28369962323427, 153.3888752952942, 87.24906900110805]
INFORMACIÓN : 5positionsBundle [1092, 2233, 1045, 1161]
INFORMACIÓN : 5levelsBundle [2, 2, 1, 1]
INFORMACIÓN : 5positionsOrdered [1045, 2233, 1092, 1161]
INFORMACIÓN : 5levelsOrdered [1, 2, 2, 1]
INFORMACIÓN : 5partialityOrdered [1, 2, 2, 1]
INFORMACIÓN : 5arrivalTimes [20.0, 61.86007863271638, 95.4139048743608, 126.47835400837893]
INFORMACIÓN : timeSat position 2233 level 2
INFORMACIÓN : I [MW]; lost Test.myBail@6652c393; POS 2233; sensors [IR]; level 2 I paid 200.28369962323427in favour ofnull paid 200.28369962323427
INFORMACIÓN : 6historia0[656.0396628308715, 0.0, 0.0, 0.0, 0.0, 0.0, 0.0, 0.0, 0.0, 0.0, 0.0, 557.9415995582533, 0.0, 0.0, 0.0, 0.0, 0.0, 0.0, 1146.9458433935167, 0.0, 1444.9842339823122, 0.0, 0.0, 0.0, 108.3749426902404, 0.0, 557.9415995582533, 425.6983801736676, 161.0462806360842, 0.0, 0.0, 0.0, 374.0096611493513, 0.0, 0.0, 1146.9458433935167, 0.0, 0.0, 0.0, 979.5234460699037, 225.81372836635342, 0.0, 0.0, 0.0, 501.3181595291037, 927.0392445180742, 320.9702462911637, 0.0, 0.0, 0.0, 0.0, 0.0, 425.6983801736676, 0.0, 0.0, 0.0, 0.0, 0.0, 0.0, 0.0, 0.0, 0.0, 374.0096611493513, 656.0396628308715, 208.25944957649813, 0.0, 0.0, 0.0, 557.9415995582533, 0.0, 0.0, 927.0392445180742, 0.0, 0.0, 0.0, 0.0, 0.0, 0.0, 317.0557997669072, 0.0, 0.0, 0.0, 0.0, 0.0, 0.0, 215.6561338182991, 0.0, 1444.9842339823122, 979.5234460699037, 0.0, 0.0, 313.271126775732, 0.0, 979.5234460699037, 0.0, 0.0, 0.0, 0.0, 0.0, 0.0, 0.0, 0.0, 0.0, 0.0, 0.0, 0.0, 0.0, 0.0, 235.33986791288044, 501.3181595291037, 1146.9458433935167, 1444.9842339823122, 0.0, 717.1636819741846, 0.0, 0.0, 0.0, 0.0, 0.0, 374.0096611493513, 225.81372836635342, 0.0, 0.0, 0.0, 0.0, 0.0, 0.0, 927.0392445180742, 717.1636819741846, 0.0, 0.0, 0.0, 0.0, 0.0, 0.0, 0.0, 0.0, 0.0, 313.271126775732, 0.0, 0.0, 334.55900013282263, 0.0, 656.0396628308715, 0.0, 0.0, 0.0, 0.0, 717.1636819741846, 0.0, 0.0, 0.0, 501.3181595291037, 0.0, 0.0, 0.0]
INFORMACIÓN : 6apuestaBundle [320.9702462911637, 207.1204318876967, 156.91343274551218, 153.3888752952942]
INFORMACIÓN : 6positionsBundle [1092, 2233, 973, 1045]
INFORMACIÓN : 6levelsBundle [2, 2, 2, 1]
INFORMACIÓN : 6positionsOrdered [973, 1092, 1045, 2233]
INFORMACIÓN : 6levelsOrdered [2, 2, 1, 2]
INFORMACIÓN : 6partialityOrdered [2, 2, 1, 2]
INFORMACIÓN : 6arrivalTimes [75.1509135946934, 95.4139048743608, 98.57618253452918, 142.74982175637672]
INFORMACIÓN : 7historia0[656.0396628308715, 0.0, 156.91343274551218, 0.0, 0.0, 0.0, 0.0, 0.0, 0.0, 0.0, 0.0, 557.9415995582533, 0.0, 0.0, 0.0, 0.0, 0.0, 0.0, 1146.9458433935167, 0.0, 1444.9842339823122, 0.0, 0.0, 0.0, 108.3749426902404, 0.0, 557.9415995582533, 425.6983801736676, 161.0462806360842, 0.0, 0.0, 0.0, 374.0096611493513, 0.0, 0.0, 1146.9458433935167, 0.0, 0.0, 0.0, 979.5234460699037, 225.81372836635342, 0.0, 153.3888752952942, 0.0, 501.3181595291037, 927.0392445180742, 320.9702462911637, 0.0, 0.0, 87.74728985970728, 0.0, 0.0, 425.6983801736676, 0.0, 0.0, 0.0, 0.0, 0.0, 0.0, 0.0, 0.0, 0.0, 374.0096611493513, 656.0396628308715, 208.25944957649813, 0.0, 0.0, 0.0, 557.9415995582533, 0.0, 0.0, 927.0392445180742, 0.0, 0.0, 0.0, 0.0, 0.0, 0.0, 317.0557997669072, 0.0, 0.0, 0.0, 0.0, 0.0, 0.0, 215.6561338182991, 0.0, 1444.9842339823122, 979.5234460699037, 0.0, 0.0, 313.271126775732, 0.0, 979.5234460699037, 0.0, 0.0, 0.0, 0.0, 0.0, 0.0, 0.0, 0.0, 0.0, 0.0, 0.0, 0.0, 0.0, 0.0, 235.33986791288044, 501.3181595291037, 1146.9458433935167, 1444.9842339823122, 0.0, 717.1636819741846, 0.0, 0.0, 0.0, 0.0, 0.0, 374.0096611493513, 225.81372836635342, 0.0, 207.1204318876967, 0.0, 0.0, 0.0, 0.0, 927.0392445180742, 717.1636819741846, 0.0, 0.0, 0.0, 0.0, 0.0, 0.0, 0.0, 0.0, 0.0, 313.271126775732, 0.0, 0.0, 334.55900013282263, 0.0, 656.0396628308715, 0.0, 0.0, 0.0, 0.0, 717.1636819741846, 0.0, 0.0, 0.0, 501.3181595291037, 0.0, 0.0, 0.0]
INFORMACIÓN : 7apuestaBundle [320.9702462911637, 207.1204318876967, 156.91343274551218, 153.3888752952942]
INFORMACIÓN : 7positionsBundle [1092, 2233, 973, 1045]
INFORMACIÓN : 7levelsBundle [2, 2, 2, 1]
INFORMACIÓN : 7positionsOrdered [973, 1092, 1045, 2233]
INFORMACIÓN : 7levelsOrdered [2, 2, 1, 2]
INFORMACIÓN : 7partialityOrdered [2, 2, 1, 2]
INFORMACIÓN : 7arrivalTimes [75.1509135946934, 95.4139048743608, 98.57618253452918, 142.74982175637672]
INFORMACIÓN : 8historia0[656.0396628308715, 0.0, 156.91343274551218, 0.0, 0.0, 0.0, 0.0, 0.0, 0.0, 0.0, 0.0, 557.9415995582533, 0.0, 0.0, 0.0, 0.0, 0.0, 0.0, 1146.9458433935167, 0.0, 1444.9842339823122, 0.0, 0.0, 0.0, 108.3749426902404, 0.0, 557.9415995582533, 425.6983801736676, 158.46693805163017, 0.0, 0.0, 0.0, 374.0096611493513, 0.0, 0.0, 1146.9458433935167, 0.0, 0.0, 0.0, 979.5234460699037, 225.81372836635342, 0.0, 153.3888752952942, 0.0, 501.3181595291037, 927.0392445180742, 320.9702462911637, 0.0, 0.0, 101.21206423436848, 0.0, 0.0, 425.6983801736676, 0.0, 0.0, 0.0, 0.0, 0.0, 0.0, 0.0, 0.0, 0.0, 374.0096611493513, 656.0396628308715, 208.25944957649813, 0.0, 0.0, 0.0, 557.9415995582533, 0.0, 0.0, 927.0392445180742, 0.0, 0.0, 0.0, 0.0, 0.0, 0.0, 317.0557997669072, 0.0, 0.0, 0.0, 0.0, 0.0, 0.0, 215.6561338182991, 0.0, 1444.9842339823122, 979.5234460699037, 0.0, 0.0, 313.271126775732, 0.0, 979.5234460699037, 0.0, 0.0, 0.0, 0.0, 0.0, 0.0, 0.0, 0.0, 0.0, 0.0, 0.0, 0.0, 0.0, 0.0, 235.33986791288044, 501.3181595291037, 1146.9458433935167, 1444.9842339823122, 0.0, 717.1636819741846, 0.0, 0.0, 0.0, 0.0, 0.0, 374.0096611493513, 225.81372836635342, 0.0, 207.1204318876967, 0.0, 0.0, 0.0, 0.0, 927.0392445180742, 717.1636819741846, 0.0, 0.0, 0.0, 0.0, 0.0, 0.0, 0.0, 0.0, 0.0, 313.271126775732, 0.0, 0.0, 334.55900013282263, 0.0, 656.0396628308715, 0.0, 0.0, 0.0, 0.0, 717.1636819741846, 0.0, 0.0, 0.0, 501.3181595291037, 0.0, 0.0, 0.0]
INFORMACIÓN : 8apuestaBundle [320.9702462911637, 207.1204318876967, 156.91343274551218, 153.3888752952942]
INFORMACIÓN : 8positionsBundle [1092, 2233, 973, 1045]
INFORMACIÓN : 8levelsBundle [2, 2, 2, 1]
INFORMACIÓN : 8positionsOrdered [973, 1092, 1045, 2233]
INFORMACIÓN : 8levelsOrdered [2, 2, 1, 2]
INFORMACIÓN : 8partialityOrdered [2, 2, 1, 2]
INFORMACIÓN : 8arrivalTimes [75.1509135946934, 95.4139048743608, 98.57618253452918, 142.74982175637672]
INFORMACIÓN : 9historia0[656.0396628308715, 0.0, 156.91343274551218, 0.0, 0.0, 0.0, 0.0, 0.0, 0.0, 0.0, 0.0, 557.9415995582533, 0.0, 0.0, 0.0, 0.0, 0.0, 0.0, 1146.9458433935167, 0.0, 1444.9842339823122, 0.0, 0.0, 0.0, 108.3749426902404, 0.0, 557.9415995582533, 425.6983801736676, 158.46693805163017, 0.0, 0.0, 0.0, 374.0096611493513, 0.0, 0.0, 1146.9458433935167, 0.0, 0.0, 0.0, 979.5234460699037, 225.81372836635342, 0.0, 153.3888752952942, 0.0, 501.3181595291037, 927.0392445180742, 320.9702462911637, 0.0, 0.0, 101.21206423436848, 0.0, 0.0, 425.6983801736676, 0.0, 0.0, 0.0, 0.0, 0.0, 0.0, 0.0, 0.0, 0.0, 374.0096611493513, 656.0396628308715, 208.25944957649813, 0.0, 0.0, 0.0, 557.9415995582533, 0.0, 0.0, 927.0392445180742, 0.0, 0.0, 0.0, 0.0, 0.0, 0.0, 317.0557997669072, 0.0, 0.0, 0.0, 0.0, 0.0, 0.0, 215.6561338182991, 0.0, 1444.9842339823122, 979.5234460699037, 0.0, 0.0, 313.271126775732, 0.0, 979.5234460699037, 0.0, 0.0, 0.0, 0.0, 0.0, 0.0, 0.0, 0.0, 0.0, 0.0, 0.0, 0.0, 0.0, 0.0, 235.33986791288044, 501.3181595291037, 1146.9458433935167, 1444.9842339823122, 0.0, 717.1636819741846, 0.0, 0.0, 0.0, 0.0, 0.0, 374.0096611493513, 225.81372836635342, 0.0, 207.1204318876967, 0.0, 0.0, 0.0, 0.0, 927.0392445180742, 717.1636819741846, 0.0, 0.0, 0.0, 0.0, 0.0, 0.0, 0.0, 0.0, 0.0, 313.271126775732, 0.0, 0.0, 334.55900013282263, 0.0, 656.0396628308715, 0.0, 0.0, 0.0, 0.0, 717.1636819741846, 0.0, 0.0, 0.0, 501.3181595291037, 0.0, 0.0, 0.0]
INFORMACIÓN : 9apuestaBundle [320.9702462911637, 207.1204318876967, 156.91343274551218, 153.3888752952942]
INFORMACIÓN : 9positionsBundle [1092, 2233, 973, 1045]
INFORMACIÓN : 9levelsBundle [2, 2, 2, 1]
INFORMACIÓN : 9positionsOrdered [973, 1092, 1045, 2233]
INFORMACIÓN : 9levelsOrdered [2, 2, 1, 2]
INFORMACIÓN : 9partialityOrdered [2, 2, 1, 2]
INFORMACIÓN : 9arrivalTimes [75.1509135946934, 95.4139048743608, 98.57618253452918, 142.74982175637672]
INFORMACIÓN : 10historia1[656.0396628308715, 0.0, 156.91343274551218, 0.0, 0.0, 0.0, 0.0, 0.0, 0.0, 0.0, 0.0, 557.9415995582533, 0.0, 0.0, 0.0, 0.0, 0.0, 0.0, 1146.9458433935167, 0.0, 1444.9842339823122, 0.0, 0.0, 0.0, 108.3749426902404, 0.0, 557.9415995582533, 425.6983801736676, 158.46693805163017, 0.0, 0.0, 0.0, 374.0096611493513, 0.0, 0.0, 1146.9458433935167, 0.0, 0.0, 0.0, 979.5234460699037, 225.81372836635342, 0.0, 153.3888752952942, 0.0, 501.3181595291037, 927.0392445180742, 320.9702462911637, 0.0, 0.0, 101.21206423436848, 0.0, 0.0, 425.6983801736676, 0.0, 0.0, 0.0, 0.0, 0.0, 0.0, 0.0, 0.0, 0.0, 374.0096611493513, 656.0396628308715, 208.25944957649813, 0.0, 0.0, 0.0, 557.9415995582533, 0.0, 0.0, 927.0392445180742, 0.0, 0.0, 0.0, 0.0, 0.0, 0.0, 317.0557997669072, 0.0, 0.0, 0.0, 0.0, 0.0, 0.0, 215.6561338182991, 0.0, 1444.9842339823122, 979.5234460699037, 0.0, 0.0, 313.271126775732, 0.0, 979.5234460699037, 0.0, 0.0, 0.0, 0.0, 0.0, 0.0, 0.0, 0.0, 0.0, 0.0, 0.0, 0.0, 0.0, 0.0, 235.33986791288044, 501.3181595291037, 1146.9458433935167, 1444.9842339823122, 0.0, 717.1636819741846, 0.0, 0.0, 0.0, 0.0, 0.0, 374.0096611493513, 225.81372836635342, 0.0, 207.1204318876967, 0.0, 0.0, 0.0, 0.0, 927.0392445180742, 717.1636819741846, 0.0, 0.0, 0.0, 0.0, 0.0, 0.0, 0.0, 0.0, 0.0, 313.271126775732, 0.0, 0.0, 334.55900013282263, 0.0, 656.0396628308715, 0.0, 0.0, 0.0, 0.0, 717.1636819741846, 0.0, 0.0, 0.0, 501.3181595291037, 0.0, 0.0, 0.0]
INFORMACIÓN : 10apuestaBundle [320.9702462911637, 207.1204318876967, 156.91343274551218, 153.3888752952942]
INFORMACIÓN : 10positionsBundle [1092, 2233, 973, 1045]
INFORMACIÓN : 10levelsBundle [2, 2, 2, 1]
INFORMACIÓN : 10positionsOrdered [973, 1092, 1045, 2233]
INFORMACIÓN : 10levelsOrdered [2, 2, 1, 2]
INFORMACIÓN : 10partialityOrdered [2, 2, 1, 2]
INFORMACIÓN : 10arrivalTimes [75.1509135946934, 95.4139048743608, 98.57618253452918, 142.74982175637672]
INFORMACIÓN : 11historia2[656.0396628308715, 0.0, 156.91343274551218, 0.0, 0.0, 0.0, 0.0, 0.0, 0.0, 0.0, 0.0, 557.9415995582533, 0.0, 0.0, 0.0, 0.0, 0.0, 0.0, 1146.9458433935167, 0.0, 1444.9842339823122, 0.0, 0.0, 0.0, 108.3749426902404, 0.0, 557.9415995582533, 425.6983801736676, 158.46693805163017, 0.0, 0.0, 0.0, 374.0096611493513, 0.0, 0.0, 1146.9458433935167, 0.0, 0.0, 0.0, 979.5234460699037, 225.81372836635342, 0.0, 153.3888752952942, 0.0, 501.3181595291037, 927.0392445180742, 320.9702462911637, 0.0, 0.0, 101.21206423436848, 0.0, 0.0, 425.6983801736676, 0.0, 0.0, 0.0, 0.0, 0.0, 0.0, 0.0, 0.0, 0.0, 374.0096611493513, 656.0396628308715, 208.25944957649813, 0.0, 0.0, 0.0, 557.9415995582533, 0.0, 0.0, 927.0392445180742, 0.0, 0.0, 0.0, 0.0, 0.0, 0.0, 317.0557997669072, 0.0, 0.0, 0.0, 0.0, 0.0, 0.0, 215.6561338182991, 0.0, 1444.9842339823122, 979.5234460699037, 0.0, 0.0, 313.271126775732, 0.0, 979.5234460699037, 0.0, 0.0, 0.0, 0.0, 0.0, 0.0, 0.0, 0.0, 0.0, 0.0, 0.0, 0.0, 0.0, 0.0, 235.33986791288044, 501.3181595291037, 1146.9458433935167, 1444.9842339823122, 0.0, 717.1636819741846, 0.0, 0.0, 0.0, 0.0, 0.0, 374.0096611493513, 225.81372836635342, 0.0, 207.1204318876967, 0.0, 0.0, 0.0, 0.0, 927.0392445180742, 717.1636819741846, 0.0, 0.0, 0.0, 0.0, 0.0, 0.0, 0.0, 0.0, 0.0, 313.271126775732, 0.0, 0.0, 334.55900013282263, 0.0, 656.0396628308715, 0.0, 0.0, 0.0, 0.0, 717.1636819741846, 0.0, 0.0, 0.0, 501.3181595291037, 0.0, 0.0, 0.0]
INFORMACIÓN : 11apuestaBundle [320.9702462911637, 207.1204318876967, 156.91343274551218, 153.3888752952942]
INFORMACIÓN : 11positionsBundle [1092, 2233, 973, 1045]
INFORMACIÓN : 11levelsBundle [2, 2, 2, 1]
INFORMACIÓN : 11positionsOrdered [973, 1092, 1045, 2233]
INFORMACIÓN : 11levelsOrdered [2, 2, 1, 2]
INFORMACIÓN : 11partialityOrdered [2, 2, 1, 2]
INFORMACIÓN : 11arrivalTimes [75.1509135946934, 95.4139048743608, 98.57618253452918, 142.74982175637672]
INFORMACIÓN : 12historia3[656.0396628308715, 0.0, 156.91343274551218, 0.0, 0.0, 0.0, 0.0, 0.0, 0.0, 0.0, 0.0, 557.9415995582533, 0.0, 0.0, 0.0, 0.0, 0.0, 0.0, 1146.9458433935167, 0.0, 1444.9842339823122, 0.0, 0.0, 0.0, 108.3749426902404, 0.0, 557.9415995582533, 425.6983801736676, 158.46693805163017, 0.0, 0.0, 0.0, 374.0096611493513, 0.0, 0.0, 1146.9458433935167, 0.0, 0.0, 0.0, 979.5234460699037, 225.81372836635342, 0.0, 153.3888752952942, 0.0, 501.3181595291037, 927.0392445180742, 320.9702462911637, 0.0, 0.0, 101.21206423436848, 0.0, 0.0, 425.6983801736676, 0.0, 0.0, 0.0, 0.0, 0.0, 0.0, 0.0, 0.0, 0.0, 374.0096611493513, 656.0396628308715, 208.25944957649813, 0.0, 0.0, 0.0, 557.9415995582533, 0.0, 0.0, 927.0392445180742, 0.0, 0.0, 0.0, 0.0, 0.0, 0.0, 317.0557997669072, 0.0, 0.0, 0.0, 0.0, 0.0, 0.0, 215.6561338182991, 0.0, 1444.9842339823122, 979.5234460699037, 0.0, 0.0, 313.271126775732, 0.0, 979.5234460699037, 0.0, 0.0, 0.0, 0.0, 0.0, 0.0, 0.0, 0.0, 0.0, 0.0, 0.0, 0.0, 0.0, 0.0, 235.33986791288044, 501.3181595291037, 1146.9458433935167, 1444.9842339823122, 0.0, 717.1636819741846, 0.0, 0.0, 0.0, 0.0, 0.0, 374.0096611493513, 225.81372836635342, 0.0, 207.1204318876967, 0.0, 0.0, 0.0, 0.0, 927.0392445180742, 717.1636819741846, 0.0, 0.0, 0.0, 0.0, 0.0, 0.0, 0.0, 0.0, 0.0, 313.271126775732, 0.0, 0.0, 334.55900013282263, 0.0, 656.0396628308715, 0.0, 0.0, 0.0, 0.0, 717.1636819741846, 0.0, 0.0, 0.0, 501.3181595291037, 0.0, 0.0, 0.0]
INFORMACIÓN : 12apuestaBundle [320.9702462911637, 207.1204318876967, 156.91343274551218, 153.3888752952942]
INFORMACIÓN : 12positionsBundle [1092, 2233, 973, 1045]
INFORMACIÓN : 12levelsBundle [2, 2, 2, 1]
INFORMACIÓN : 12positionsOrdered [973, 1092, 1045, 2233]
INFORMACIÓN : 12levelsOrdered [2, 2, 1, 2]
INFORMACIÓN : 12partialityOrdered [2, 2, 1, 2]
INFORMACIÓN : 12arrivalTimes [75.1509135946934, 95.4139048743608, 98.57618253452918, 142.74982175637672]
INFORMACIÓN : 13historia4[656.0396628308715, 0.0, 156.91343274551218, 0.0, 0.0, 0.0, 0.0, 0.0, 0.0, 0.0, 0.0, 557.9415995582533, 0.0, 0.0, 0.0, 0.0, 0.0, 0.0, 1146.9458433935167, 0.0, 1444.9842339823122, 0.0, 0.0, 0.0, 108.3749426902404, 0.0, 557.9415995582533, 425.6983801736676, 158.46693805163017, 0.0, 0.0, 0.0, 374.0096611493513, 0.0, 0.0, 1146.9458433935167, 0.0, 0.0, 0.0, 979.5234460699037, 225.81372836635342, 0.0, 153.3888752952942, 0.0, 501.3181595291037, 927.0392445180742, 320.9702462911637, 0.0, 0.0, 101.21206423436848, 0.0, 0.0, 425.6983801736676, 0.0, 0.0, 0.0, 0.0, 0.0, 0.0, 0.0, 0.0, 0.0, 374.0096611493513, 656.0396628308715, 208.25944957649813, 0.0, 0.0, 0.0, 557.9415995582533, 0.0, 0.0, 927.0392445180742, 0.0, 0.0, 0.0, 0.0, 0.0, 0.0, 317.0557997669072, 0.0, 0.0, 0.0, 0.0, 0.0, 0.0, 215.6561338182991, 0.0, 1444.9842339823122, 979.5234460699037, 0.0, 0.0, 313.271126775732, 0.0, 979.5234460699037, 0.0, 0.0, 0.0, 0.0, 0.0, 0.0, 0.0, 0.0, 0.0, 0.0, 0.0, 0.0, 0.0, 0.0, 235.33986791288044, 501.3181595291037, 1146.9458433935167, 1444.9842339823122, 0.0, 717.1636819741846, 0.0, 0.0, 0.0, 0.0, 0.0, 374.0096611493513, 225.81372836635342, 0.0, 207.1204318876967, 0.0, 0.0, 0.0, 0.0, 927.0392445180742, 717.1636819741846, 0.0, 0.0, 0.0, 0.0, 0.0, 0.0, 0.0, 0.0, 0.0, 313.271126775732, 0.0, 0.0, 334.55900013282263, 0.0, 656.0396628308715, 0.0, 0.0, 0.0, 0.0, 717.1636819741846, 0.0, 0.0, 0.0, 501.3181595291037, 0.0, 0.0, 0.0]
INFORMACIÓN : 13apuestaBundle [320.9702462911637, 207.1204318876967, 156.91343274551218, 153.3888752952942]
INFORMACIÓN : 13positionsBundle [1092, 2233, 973, 1045]
INFORMACIÓN : 13levelsBundle [2, 2, 2, 1]
INFORMACIÓN : 13positionsOrdered [973, 1092, 1045, 2233]
INFORMACIÓN : 13levelsOrdered [2, 2, 1, 2]
INFORMACIÓN : 13partialityOrdered [2, 2, 1, 2]
INFORMACIÓN : 13arrivalTimes [75.1509135946934, 95.4139048743608, 98.57618253452918, 142.74982175637672]
INFORMACIÓN : 14historia5[656.0396628308715, 0.0, 156.91343274551218, 0.0, 0.0, 0.0, 0.0, 0.0, 0.0, 0.0, 0.0, 557.9415995582533, 0.0, 0.0, 0.0, 0.0, 0.0, 0.0, 1146.9458433935167, 0.0, 1444.9842339823122, 0.0, 0.0, 0.0, 108.3749426902404, 0.0, 557.9415995582533, 425.6983801736676, 158.46693805163017, 0.0, 0.0, 0.0, 374.0096611493513, 0.0, 0.0, 1146.9458433935167, 0.0, 0.0, 0.0, 979.5234460699037, 225.81372836635342, 0.0, 153.3888752952942, 0.0, 501.3181595291037, 927.0392445180742, 320.9702462911637, 0.0, 0.0, 101.21206423436848, 0.0, 0.0, 425.6983801736676, 0.0, 0.0, 0.0, 0.0, 0.0, 0.0, 0.0, 0.0, 0.0, 374.0096611493513, 656.0396628308715, 208.25944957649813, 0.0, 0.0, 0.0, 557.9415995582533, 0.0, 0.0, 927.0392445180742, 0.0, 0.0, 0.0, 0.0, 0.0, 0.0, 317.0557997669072, 0.0, 0.0, 0.0, 0.0, 0.0, 0.0, 215.6561338182991, 0.0, 1444.9842339823122, 979.5234460699037, 0.0, 0.0, 313.271126775732, 0.0, 979.5234460699037, 0.0, 0.0, 0.0, 0.0, 0.0, 0.0, 0.0, 0.0, 0.0, 0.0, 0.0, 0.0, 0.0, 0.0, 235.33986791288044, 501.3181595291037, 1146.9458433935167, 1444.9842339823122, 0.0, 717.1636819741846, 0.0, 0.0, 0.0, 0.0, 0.0, 374.0096611493513, 225.81372836635342, 0.0, 207.1204318876967, 0.0, 0.0, 0.0, 0.0, 927.0392445180742, 717.1636819741846, 0.0, 0.0, 0.0, 0.0, 0.0, 0.0, 0.0, 0.0, 0.0, 313.271126775732, 0.0, 0.0, 334.55900013282263, 0.0, 656.0396628308715, 0.0, 0.0, 0.0, 0.0, 717.1636819741846, 0.0, 0.0, 0.0, 501.3181595291037, 0.0, 0.0, 0.0]
INFORMACIÓN : 14apuestaBundle [320.9702462911637, 207.1204318876967, 156.91343274551218, 153.3888752952942]
INFORMACIÓN : 14positionsBundle [1092, 2233, 973, 1045]
INFORMACIÓN : 14levelsBundle [2, 2, 2, 1]
INFORMACIÓN : 14positionsOrdered [973, 1092, 1045, 2233]
INFORMACIÓN : 14levelsOrdered [2, 2, 1, 2]
INFORMACIÓN : 14partialityOrdered [2, 2, 1, 2]
INFORMACIÓN : 14arrivalTimes [75.1509135946934, 95.4139048743608, 98.57618253452918, 142.74982175637672]
INFORMACIÓN : 15historia6[656.0396628308715, 0.0, 156.91343274551218, 0.0, 0.0, 0.0, 0.0, 0.0, 0.0, 0.0, 0.0, 557.9415995582533, 0.0, 0.0, 0.0, 0.0, 0.0, 0.0, 1146.9458433935167, 0.0, 1444.9842339823122, 0.0, 0.0, 0.0, 108.3749426902404, 0.0, 557.9415995582533, 425.6983801736676, 158.46693805163017, 0.0, 0.0, 0.0, 374.0096611493513, 0.0, 0.0, 1146.9458433935167, 0.0, 0.0, 0.0, 979.5234460699037, 225.81372836635342, 0.0, 153.3888752952942, 0.0, 501.3181595291037, 927.0392445180742, 320.9702462911637, 0.0, 0.0, 101.21206423436848, 0.0, 0.0, 425.6983801736676, 0.0, 0.0, 0.0, 0.0, 0.0, 0.0, 0.0, 0.0, 0.0, 374.0096611493513, 656.0396628308715, 208.25944957649813, 0.0, 0.0, 0.0, 557.9415995582533, 0.0, 0.0, 927.0392445180742, 0.0, 0.0, 0.0, 0.0, 0.0, 0.0, 317.0557997669072, 0.0, 0.0, 0.0, 0.0, 0.0, 0.0, 215.6561338182991, 0.0, 1444.9842339823122, 979.5234460699037, 0.0, 0.0, 313.271126775732, 0.0, 979.5234460699037, 0.0, 0.0, 0.0, 0.0, 0.0, 0.0, 0.0, 0.0, 0.0, 0.0, 0.0, 0.0, 0.0, 0.0, 235.33986791288044, 501.3181595291037, 1146.9458433935167, 1444.9842339823122, 0.0, 717.1636819741846, 0.0, 0.0, 0.0, 0.0, 0.0, 374.0096611493513, 225.81372836635342, 0.0, 207.1204318876967, 0.0, 0.0, 0.0, 0.0, 927.0392445180742, 717.1636819741846, 0.0, 0.0, 0.0, 0.0, 0.0, 0.0, 0.0, 0.0, 0.0, 313.271126775732, 0.0, 0.0, 334.55900013282263, 0.0, 656.0396628308715, 0.0, 0.0, 0.0, 0.0, 717.1636819741846, 0.0, 0.0, 0.0, 501.3181595291037, 0.0, 0.0, 0.0]
INFORMACIÓN : 15apuestaBundle [320.9702462911637, 207.1204318876967, 156.91343274551218, 153.3888752952942]
INFORMACIÓN : 15positionsBundle [1092, 2233, 973, 1045]
INFORMACIÓN : 15levelsBundle [2, 2, 2, 1]
INFORMACIÓN : 15positionsOrdered [973, 1092, 1045, 2233]
INFORMACIÓN : 15levelsOrdered [2, 2, 1, 2]
INFORMACIÓN : 15partialityOrdered [2, 2, 1, 2]
INFORMACIÓN : 15arrivalTimes [75.1509135946934, 95.4139048743608, 98.57618253452918, 142.74982175637672]
INFORMACIÓN : 16historia7[656.0396628308715, 0.0, 156.91343274551218, 0.0, 0.0, 0.0, 0.0, 0.0, 0.0, 0.0, 0.0, 557.9415995582533, 0.0, 0.0, 0.0, 0.0, 0.0, 0.0, 1146.9458433935167, 0.0, 1444.9842339823122, 0.0, 0.0, 0.0, 108.3749426902404, 0.0, 557.9415995582533, 425.6983801736676, 158.46693805163017, 0.0, 0.0, 0.0, 374.0096611493513, 0.0, 0.0, 1146.9458433935167, 0.0, 0.0, 0.0, 979.5234460699037, 225.81372836635342, 0.0, 153.3888752952942, 0.0, 501.3181595291037, 927.0392445180742, 320.9702462911637, 0.0, 0.0, 101.21206423436848, 0.0, 0.0, 425.6983801736676, 0.0, 0.0, 0.0, 0.0, 0.0, 0.0, 0.0, 0.0, 0.0, 374.0096611493513, 656.0396628308715, 208.25944957649813, 0.0, 0.0, 0.0, 557.9415995582533, 0.0, 0.0, 927.0392445180742, 0.0, 0.0, 0.0, 0.0, 0.0, 0.0, 317.0557997669072, 0.0, 0.0, 0.0, 0.0, 0.0, 0.0, 215.6561338182991, 0.0, 1444.9842339823122, 979.5234460699037, 0.0, 0.0, 313.271126775732, 0.0, 979.5234460699037, 0.0, 0.0, 0.0, 0.0, 0.0, 0.0, 0.0, 0.0, 0.0, 0.0, 0.0, 0.0, 0.0, 0.0, 235.33986791288044, 501.3181595291037, 1146.9458433935167, 1444.9842339823122, 0.0, 717.1636819741846, 0.0, 0.0, 0.0, 0.0, 0.0, 374.0096611493513, 225.81372836635342, 0.0, 207.1204318876967, 0.0, 0.0, 0.0, 0.0, 927.0392445180742, 717.1636819741846, 0.0, 0.0, 0.0, 0.0, 0.0, 0.0, 0.0, 0.0, 0.0, 313.271126775732, 0.0, 0.0, 334.55900013282263, 0.0, 656.0396628308715, 0.0, 0.0, 0.0, 0.0, 717.1636819741846, 0.0, 0.0, 0.0, 501.3181595291037, 0.0, 0.0, 0.0]
INFORMACIÓN : 16apuestaBundle [320.9702462911637, 207.1204318876967, 156.91343274551218, 153.3888752952942]
INFORMACIÓN : 16positionsBundle [1092, 2233, 973, 1045]
INFORMACIÓN : 16levelsBundle [2, 2, 2, 1]
INFORMACIÓN : 16positionsOrdered [973, 1092, 1045, 2233]
INFORMACIÓN : 16levelsOrdered [2, 2, 1, 2]
INFORMACIÓN : 16partialityOrdered [2, 2, 1, 2]
INFORMACIÓN : 16arrivalTimes [75.1509135946934, 95.4139048743608, 98.57618253452918, 142.74982175637672]
INFORMACIÓN : 17historia8[656.0396628308715, 0.0, 156.91343274551218, 0.0, 0.0, 0.0, 0.0, 0.0, 0.0, 0.0, 0.0, 557.9415995582533, 0.0, 0.0, 0.0, 0.0, 0.0, 0.0, 1146.9458433935167, 0.0, 1444.9842339823122, 0.0, 0.0, 0.0, 108.3749426902404, 0.0, 557.9415995582533, 425.6983801736676, 158.46693805163017, 0.0, 0.0, 0.0, 374.0096611493513, 0.0, 0.0, 1146.9458433935167, 0.0, 0.0, 0.0, 979.5234460699037, 225.81372836635342, 0.0, 153.3888752952942, 0.0, 501.3181595291037, 927.0392445180742, 320.9702462911637, 0.0, 0.0, 101.21206423436848, 0.0, 0.0, 425.6983801736676, 0.0, 0.0, 0.0, 0.0, 0.0, 0.0, 0.0, 0.0, 0.0, 374.0096611493513, 656.0396628308715, 208.25944957649813, 0.0, 0.0, 0.0, 557.9415995582533, 0.0, 0.0, 927.0392445180742, 0.0, 0.0, 0.0, 0.0, 0.0, 0.0, 317.0557997669072, 0.0, 0.0, 0.0, 0.0, 0.0, 0.0, 215.6561338182991, 0.0, 1444.9842339823122, 979.5234460699037, 0.0, 0.0, 313.271126775732, 0.0, 979.5234460699037, 0.0, 0.0, 0.0, 0.0, 0.0, 0.0, 0.0, 0.0, 0.0, 0.0, 0.0, 0.0, 0.0, 0.0, 235.33986791288044, 501.3181595291037, 1146.9458433935167, 1444.9842339823122, 0.0, 717.1636819741846, 0.0, 0.0, 0.0, 0.0, 0.0, 374.0096611493513, 225.81372836635342, 0.0, 207.1204318876967, 0.0, 0.0, 0.0, 0.0, 927.0392445180742, 717.1636819741846, 0.0, 0.0, 0.0, 0.0, 0.0, 0.0, 0.0, 0.0, 0.0, 313.271126775732, 0.0, 0.0, 334.55900013282263, 0.0, 656.0396628308715, 0.0, 0.0, 0.0, 0.0, 717.1636819741846, 0.0, 0.0, 0.0, 501.3181595291037, 0.0, 0.0, 0.0]
INFORMACIÓN : 17apuestaBundle [320.9702462911637, 207.1204318876967, 156.91343274551218, 153.3888752952942]
INFORMACIÓN : 17positionsBundle [1092, 2233, 973, 1045]
INFORMACIÓN : 17levelsBundle [2, 2, 2, 1]
INFORMACIÓN : 17positionsOrdered [973, 1092, 1045, 2233]
INFORMACIÓN : 17levelsOrdered [2, 2, 1, 2]
INFORMACIÓN : 17partialityOrdered [2, 2, 1, 2]
INFORMACIÓN : 17arrivalTimes [75.1509135946934, 95.4139048743608, 98.57618253452918, 142.74982175637672]
INFORMACIÓN : 18historia9[656.0396628308715, 0.0, 156.91343274551218, 0.0, 0.0, 0.0, 0.0, 0.0, 0.0, 0.0, 0.0, 557.9415995582533, 0.0, 0.0, 0.0, 0.0, 0.0, 0.0, 1146.9458433935167, 0.0, 1444.9842339823122, 0.0, 0.0, 0.0, 108.3749426902404, 0.0, 557.9415995582533, 425.6983801736676, 158.46693805163017, 0.0, 0.0, 0.0, 374.0096611493513, 0.0, 0.0, 1146.9458433935167, 0.0, 0.0, 0.0, 979.5234460699037, 225.81372836635342, 0.0, 153.3888752952942, 0.0, 501.3181595291037, 927.0392445180742, 320.9702462911637, 0.0, 0.0, 101.21206423436848, 0.0, 0.0, 425.6983801736676, 0.0, 0.0, 0.0, 0.0, 0.0, 0.0, 0.0, 0.0, 0.0, 374.0096611493513, 656.0396628308715, 208.25944957649813, 0.0, 0.0, 0.0, 557.9415995582533, 0.0, 0.0, 927.0392445180742, 0.0, 0.0, 0.0, 0.0, 0.0, 0.0, 317.0557997669072, 0.0, 0.0, 0.0, 0.0, 0.0, 0.0, 215.6561338182991, 0.0, 1444.9842339823122, 979.5234460699037, 0.0, 0.0, 313.271126775732, 0.0, 979.5234460699037, 0.0, 0.0, 0.0, 0.0, 0.0, 0.0, 0.0, 0.0, 0.0, 0.0, 0.0, 0.0, 0.0, 0.0, 235.33986791288044, 501.3181595291037, 1146.9458433935167, 1444.9842339823122, 0.0, 717.1636819741846, 0.0, 0.0, 0.0, 0.0, 0.0, 374.0096611493513, 225.81372836635342, 0.0, 207.1204318876967, 0.0, 0.0, 0.0, 0.0, 927.0392445180742, 717.1636819741846, 0.0, 0.0, 0.0, 0.0, 0.0, 0.0, 0.0, 0.0, 0.0, 313.271126775732, 0.0, 0.0, 334.55900013282263, 0.0, 656.0396628308715, 0.0, 0.0, 0.0, 0.0, 717.1636819741846, 0.0, 0.0, 0.0, 501.3181595291037, 0.0, 0.0, 0.0]
INFORMACIÓN : 18apuestaBundle [320.9702462911637, 207.1204318876967, 156.91343274551218, 153.3888752952942]
INFORMACIÓN : 18positionsBundle [1092, 2233, 973, 1045]
INFORMACIÓN : 18levelsBundle [2, 2, 2, 1]
INFORMACIÓN : 18positionsOrdered [973, 1092, 1045, 2233]
INFORMACIÓN : 18levelsOrdered [2, 2, 1, 2]
INFORMACIÓN : 18partialityOrdered [2, 2, 1, 2]
INFORMACIÓN : 18arrivalTimes [75.1509135946934, 95.4139048743608, 98.57618253452918, 142.74982175637672]
INFORMACIÓN : 19historia10[656.0396628308715, 0.0, 156.91343274551218, 0.0, 0.0, 0.0, 0.0, 0.0, 0.0, 0.0, 0.0, 557.9415995582533, 0.0, 0.0, 0.0, 0.0, 0.0, 0.0, 1146.9458433935167, 0.0, 1444.9842339823122, 0.0, 0.0, 0.0, 108.3749426902404, 0.0, 557.9415995582533, 425.6983801736676, 158.46693805163017, 0.0, 0.0, 0.0, 374.0096611493513, 0.0, 0.0, 1146.9458433935167, 0.0, 0.0, 0.0, 979.5234460699037, 225.81372836635342, 0.0, 153.3888752952942, 0.0, 501.3181595291037, 927.0392445180742, 320.9702462911637, 0.0, 0.0, 101.21206423436848, 0.0, 0.0, 425.6983801736676, 0.0, 0.0, 0.0, 0.0, 0.0, 0.0, 0.0, 0.0, 0.0, 374.0096611493513, 656.0396628308715, 208.25944957649813, 0.0, 0.0, 0.0, 557.9415995582533, 0.0, 0.0, 927.0392445180742, 0.0, 0.0, 0.0, 0.0, 0.0, 0.0, 317.0557997669072, 0.0, 0.0, 0.0, 0.0, 0.0, 0.0, 215.6561338182991, 0.0, 1444.9842339823122, 979.5234460699037, 0.0, 0.0, 313.271126775732, 0.0, 979.5234460699037, 0.0, 0.0, 0.0, 0.0, 0.0, 0.0, 0.0, 0.0, 0.0, 0.0, 0.0, 0.0, 0.0, 0.0, 235.33986791288044, 501.3181595291037, 1146.9458433935167, 1444.9842339823122, 0.0, 717.1636819741846, 0.0, 0.0, 0.0, 0.0, 0.0, 374.0096611493513, 225.81372836635342, 0.0, 207.1204318876967, 0.0, 0.0, 0.0, 0.0, 927.0392445180742, 717.1636819741846, 0.0, 0.0, 0.0, 0.0, 0.0, 0.0, 0.0, 0.0, 0.0, 313.271126775732, 0.0, 0.0, 334.55900013282263, 0.0, 656.0396628308715, 0.0, 0.0, 0.0, 0.0, 717.1636819741846, 0.0, 0.0, 0.0, 501.3181595291037, 0.0, 0.0, 0.0]
INFORMACIÓN : 19apuestaBundle [320.9702462911637, 207.1204318876967, 156.91343274551218, 153.3888752952942]
INFORMACIÓN : 19positionsBundle [1092, 2233, 973, 1045]
INFORMACIÓN : 19levelsBundle [2, 2, 2, 1]
INFORMACIÓN : 19positionsOrdered [973, 1092, 1045, 2233]
INFORMACIÓN : 19levelsOrdered [2, 2, 1, 2]
INFORMACIÓN : 19partialityOrdered [2, 2, 1, 2]
INFORMACIÓN : 19arrivalTimes [75.1509135946934, 95.4139048743608, 98.57618253452918, 142.74982175637672]
INFORMACIÓN : 20historia11[656.0396628308715, 0.0, 156.91343274551218, 0.0, 0.0, 0.0, 0.0, 0.0, 0.0, 0.0, 0.0, 557.9415995582533, 0.0, 0.0, 0.0, 0.0, 0.0, 0.0, 1146.9458433935167, 0.0, 1444.9842339823122, 0.0, 0.0, 0.0, 108.3749426902404, 0.0, 557.9415995582533, 425.6983801736676, 158.46693805163017, 0.0, 0.0, 0.0, 374.0096611493513, 0.0, 0.0, 1146.9458433935167, 0.0, 0.0, 0.0, 979.5234460699037, 225.81372836635342, 0.0, 153.3888752952942, 0.0, 501.3181595291037, 927.0392445180742, 320.9702462911637, 0.0, 0.0, 101.21206423436848, 0.0, 0.0, 425.6983801736676, 0.0, 0.0, 0.0, 0.0, 0.0, 0.0, 0.0, 0.0, 0.0, 374.0096611493513, 656.0396628308715, 208.25944957649813, 0.0, 0.0, 0.0, 557.9415995582533, 0.0, 0.0, 927.0392445180742, 0.0, 0.0, 0.0, 0.0, 0.0, 0.0, 317.0557997669072, 0.0, 0.0, 0.0, 0.0, 0.0, 0.0, 215.6561338182991, 0.0, 1444.9842339823122, 979.5234460699037, 0.0, 0.0, 313.271126775732, 0.0, 979.5234460699037, 0.0, 0.0, 0.0, 0.0, 0.0, 0.0, 0.0, 0.0, 0.0, 0.0, 0.0, 0.0, 0.0, 0.0, 235.33986791288044, 501.3181595291037, 1146.9458433935167, 1444.9842339823122, 0.0, 717.1636819741846, 0.0, 0.0, 0.0, 0.0, 0.0, 374.0096611493513, 225.81372836635342, 0.0, 207.1204318876967, 0.0, 0.0, 0.0, 0.0, 927.0392445180742, 717.1636819741846, 0.0, 0.0, 0.0, 0.0, 0.0, 0.0, 0.0, 0.0, 0.0, 313.271126775732, 0.0, 0.0, 334.55900013282263, 0.0, 656.0396628308715, 0.0, 0.0, 0.0, 0.0, 717.1636819741846, 0.0, 0.0, 0.0, 501.3181595291037, 0.0, 0.0, 0.0]
INFORMACIÓN : 20apuestaBundle [320.9702462911637, 207.1204318876967, 156.91343274551218, 153.3888752952942]
INFORMACIÓN : 20positionsBundle [1092, 2233, 973, 1045]
INFORMACIÓN : 20levelsBundle [2, 2, 2, 1]
INFORMACIÓN : 20positionsOrdered [973, 1092, 1045, 2233]
INFORMACIÓN : 20levelsOrdered [2, 2, 1, 2]
INFORMACIÓN : 20partialityOrdered [2, 2, 1, 2]
INFORMACIÓN : 20arrivalTimes [75.1509135946934, 95.4139048743608, 98.57618253452918, 142.74982175637672]
INFORMACIÓN : 21historia12[656.0396628308715, 0.0, 156.91343274551218, 0.0, 0.0, 0.0, 0.0, 0.0, 0.0, 0.0, 0.0, 557.9415995582533, 0.0, 0.0, 0.0, 0.0, 0.0, 0.0, 1146.9458433935167, 0.0, 1444.9842339823122, 0.0, 0.0, 0.0, 108.3749426902404, 0.0, 557.9415995582533, 425.6983801736676, 158.46693805163017, 0.0, 0.0, 0.0, 374.0096611493513, 0.0, 0.0, 1146.9458433935167, 0.0, 0.0, 0.0, 979.5234460699037, 225.81372836635342, 0.0, 153.3888752952942, 0.0, 501.3181595291037, 927.0392445180742, 320.9702462911637, 0.0, 0.0, 101.21206423436848, 0.0, 0.0, 425.6983801736676, 0.0, 0.0, 0.0, 0.0, 0.0, 0.0, 0.0, 0.0, 0.0, 374.0096611493513, 656.0396628308715, 208.25944957649813, 0.0, 0.0, 0.0, 557.9415995582533, 0.0, 0.0, 927.0392445180742, 0.0, 0.0, 0.0, 0.0, 0.0, 0.0, 317.0557997669072, 0.0, 0.0, 0.0, 0.0, 0.0, 0.0, 215.6561338182991, 0.0, 1444.9842339823122, 979.5234460699037, 0.0, 0.0, 313.271126775732, 0.0, 979.5234460699037, 0.0, 0.0, 0.0, 0.0, 0.0, 0.0, 0.0, 0.0, 0.0, 0.0, 0.0, 0.0, 0.0, 0.0, 235.33986791288044, 501.3181595291037, 1146.9458433935167, 1444.9842339823122, 0.0, 717.1636819741846, 0.0, 0.0, 0.0, 0.0, 0.0, 374.0096611493513, 225.81372836635342, 0.0, 207.1204318876967, 0.0, 0.0, 0.0, 0.0, 927.0392445180742, 717.1636819741846, 0.0, 0.0, 0.0, 0.0, 0.0, 0.0, 0.0, 0.0, 0.0, 313.271126775732, 0.0, 0.0, 334.55900013282263, 0.0, 656.0396628308715, 0.0, 0.0, 0.0, 0.0, 717.1636819741846, 0.0, 0.0, 0.0, 501.3181595291037, 0.0, 0.0, 0.0]
INFORMACIÓN : 21apuestaBundle [320.9702462911637, 207.1204318876967, 156.91343274551218, 153.3888752952942]
INFORMACIÓN : 21positionsBundle [1092, 2233, 973, 1045]
INFORMACIÓN : 21levelsBundle [2, 2, 2, 1]
INFORMACIÓN : 21positionsOrdered [973, 1092, 1045, 2233]
INFORMACIÓN : 21levelsOrdered [2, 2, 1, 2]
INFORMACIÓN : 21partialityOrdered [2, 2, 1, 2]
INFORMACIÓN : 21arrivalTimes [75.1509135946934, 95.4139048743608, 98.57618253452918, 142.74982175637672]
INFORMACIÓN : 22historia13[656.0396628308715, 0.0, 156.91343274551218, 0.0, 0.0, 0.0, 0.0, 0.0, 0.0, 0.0, 0.0, 557.9415995582533, 0.0, 0.0, 0.0, 0.0, 0.0, 0.0, 1146.9458433935167, 0.0, 1444.9842339823122, 0.0, 0.0, 0.0, 108.3749426902404, 0.0, 557.9415995582533, 425.6983801736676, 158.46693805163017, 0.0, 0.0, 0.0, 374.0096611493513, 0.0, 0.0, 1146.9458433935167, 0.0, 0.0, 0.0, 979.5234460699037, 225.81372836635342, 0.0, 153.3888752952942, 0.0, 501.3181595291037, 927.0392445180742, 320.9702462911637, 0.0, 0.0, 101.21206423436848, 0.0, 0.0, 425.6983801736676, 0.0, 0.0, 0.0, 0.0, 0.0, 0.0, 0.0, 0.0, 0.0, 374.0096611493513, 656.0396628308715, 208.25944957649813, 0.0, 0.0, 0.0, 557.9415995582533, 0.0, 0.0, 927.0392445180742, 0.0, 0.0, 0.0, 0.0, 0.0, 0.0, 317.0557997669072, 0.0, 0.0, 0.0, 0.0, 0.0, 0.0, 215.6561338182991, 0.0, 1444.9842339823122, 979.5234460699037, 0.0, 0.0, 313.271126775732, 0.0, 979.5234460699037, 0.0, 0.0, 0.0, 0.0, 0.0, 0.0, 0.0, 0.0, 0.0, 0.0, 0.0, 0.0, 0.0, 0.0, 235.33986791288044, 501.3181595291037, 1146.9458433935167, 1444.9842339823122, 0.0, 717.1636819741846, 0.0, 0.0, 0.0, 0.0, 0.0, 374.0096611493513, 225.81372836635342, 0.0, 207.1204318876967, 0.0, 0.0, 0.0, 0.0, 927.0392445180742, 717.1636819741846, 0.0, 0.0, 0.0, 0.0, 0.0, 0.0, 0.0, 0.0, 0.0, 313.271126775732, 0.0, 0.0, 334.55900013282263, 0.0, 656.0396628308715, 0.0, 0.0, 0.0, 0.0, 717.1636819741846, 0.0, 0.0, 0.0, 501.3181595291037, 0.0, 0.0, 0.0]
INFORMACIÓN : 22apuestaBundle [320.9702462911637, 207.1204318876967, 156.91343274551218, 153.3888752952942]
INFORMACIÓN : 22positionsBundle [1092, 2233, 973, 1045]
INFORMACIÓN : 22levelsBundle [2, 2, 2, 1]
INFORMACIÓN : 22positionsOrdered [973, 1092, 1045, 2233]
INFORMACIÓN : 22levelsOrdered [2, 2, 1, 2]
INFORMACIÓN : 22partialityOrdered [2, 2, 1, 2]
INFORMACIÓN : 22arrivalTimes [75.1509135946934, 95.4139048743608, 98.57618253452918, 142.74982175637672]
INFORMACIÓN : 23historia14[656.0396628308715, 0.0, 156.91343274551218, 0.0, 0.0, 0.0, 0.0, 0.0, 0.0, 0.0, 0.0, 557.9415995582533, 0.0, 0.0, 0.0, 0.0, 0.0, 0.0, 1146.9458433935167, 0.0, 1444.9842339823122, 0.0, 0.0, 0.0, 108.3749426902404, 0.0, 557.9415995582533, 425.6983801736676, 158.46693805163017, 0.0, 0.0, 0.0, 374.0096611493513, 0.0, 0.0, 1146.9458433935167, 0.0, 0.0, 0.0, 979.5234460699037, 225.81372836635342, 0.0, 153.3888752952942, 0.0, 501.3181595291037, 927.0392445180742, 320.9702462911637, 0.0, 0.0, 101.21206423436848, 0.0, 0.0, 425.6983801736676, 0.0, 0.0, 0.0, 0.0, 0.0, 0.0, 0.0, 0.0, 0.0, 374.0096611493513, 656.0396628308715, 208.25944957649813, 0.0, 0.0, 0.0, 557.9415995582533, 0.0, 0.0, 927.0392445180742, 0.0, 0.0, 0.0, 0.0, 0.0, 0.0, 317.0557997669072, 0.0, 0.0, 0.0, 0.0, 0.0, 0.0, 215.6561338182991, 0.0, 1444.9842339823122, 979.5234460699037, 0.0, 0.0, 313.271126775732, 0.0, 979.5234460699037, 0.0, 0.0, 0.0, 0.0, 0.0, 0.0, 0.0, 0.0, 0.0, 0.0, 0.0, 0.0, 0.0, 0.0, 235.33986791288044, 501.3181595291037, 1146.9458433935167, 1444.9842339823122, 0.0, 717.1636819741846, 0.0, 0.0, 0.0, 0.0, 0.0, 374.0096611493513, 225.81372836635342, 0.0, 207.1204318876967, 0.0, 0.0, 0.0, 0.0, 927.0392445180742, 717.1636819741846, 0.0, 0.0, 0.0, 0.0, 0.0, 0.0, 0.0, 0.0, 0.0, 313.271126775732, 0.0, 0.0, 334.55900013282263, 0.0, 656.0396628308715, 0.0, 0.0, 0.0, 0.0, 717.1636819741846, 0.0, 0.0, 0.0, 501.3181595291037, 0.0, 0.0, 0.0]
INFORMACIÓN : 23apuestaBundle [320.9702462911637, 207.1204318876967, 156.91343274551218, 153.3888752952942]
INFORMACIÓN : 23positionsBundle [1092, 2233, 973, 1045]
INFORMACIÓN : 23levelsBundle [2, 2, 2, 1]
INFORMACIÓN : 23positionsOrdered [973, 1092, 1045, 2233]
INFORMACIÓN : 23levelsOrdered [2, 2, 1, 2]
INFORMACIÓN : 23partialityOrdered [2, 2, 1, 2]
INFORMACIÓN : 23arrivalTimes [75.1509135946934, 95.4139048743608, 98.57618253452918, 142.74982175637672]
INFORMACIÓN : 24historia15[656.0396628308715, 0.0, 156.91343274551218, 0.0, 0.0, 0.0, 0.0, 0.0, 0.0, 0.0, 0.0, 557.9415995582533, 0.0, 0.0, 0.0, 0.0, 0.0, 0.0, 1146.9458433935167, 0.0, 1444.9842339823122, 0.0, 0.0, 0.0, 108.3749426902404, 0.0, 557.9415995582533, 425.6983801736676, 158.46693805163017, 0.0, 0.0, 0.0, 374.0096611493513, 0.0, 0.0, 1146.9458433935167, 0.0, 0.0, 0.0, 979.5234460699037, 225.81372836635342, 0.0, 153.3888752952942, 0.0, 501.3181595291037, 927.0392445180742, 320.9702462911637, 0.0, 0.0, 101.21206423436848, 0.0, 0.0, 425.6983801736676, 0.0, 0.0, 0.0, 0.0, 0.0, 0.0, 0.0, 0.0, 0.0, 374.0096611493513, 656.0396628308715, 208.25944957649813, 0.0, 0.0, 0.0, 557.9415995582533, 0.0, 0.0, 927.0392445180742, 0.0, 0.0, 0.0, 0.0, 0.0, 0.0, 317.0557997669072, 0.0, 0.0, 0.0, 0.0, 0.0, 0.0, 215.6561338182991, 0.0, 1444.9842339823122, 979.5234460699037, 0.0, 0.0, 313.271126775732, 0.0, 979.5234460699037, 0.0, 0.0, 0.0, 0.0, 0.0, 0.0, 0.0, 0.0, 0.0, 0.0, 0.0, 0.0, 0.0, 0.0, 235.33986791288044, 501.3181595291037, 1146.9458433935167, 1444.9842339823122, 0.0, 717.1636819741846, 0.0, 0.0, 0.0, 0.0, 0.0, 374.0096611493513, 225.81372836635342, 0.0, 207.1204318876967, 0.0, 0.0, 0.0, 0.0, 927.0392445180742, 717.1636819741846, 0.0, 0.0, 0.0, 0.0, 0.0, 0.0, 0.0, 0.0, 0.0, 313.271126775732, 0.0, 0.0, 334.55900013282263, 0.0, 656.0396628308715, 0.0, 0.0, 0.0, 0.0, 717.1636819741846, 0.0, 0.0, 0.0, 501.3181595291037, 0.0, 0.0, 0.0]
INFORMACIÓN : 24apuestaBundle [320.9702462911637, 207.1204318876967, 156.91343274551218, 153.3888752952942]
INFORMACIÓN : 24positionsBundle [1092, 2233, 973, 1045]
INFORMACIÓN : 24levelsBundle [2, 2, 2, 1]
INFORMACIÓN : 24positionsOrdered [973, 1092, 1045, 2233]
INFORMACIÓN : 24levelsOrdered [2, 2, 1, 2]
INFORMACIÓN : 24partialityOrdered [2, 2, 1, 2]
INFORMACIÓN : 24arrivalTimes [75.1509135946934, 95.4139048743608, 98.57618253452918, 142.74982175637672]
INFORMACIÓN : 25historia16[656.0396628308715, 0.0, 156.91343274551218, 0.0, 0.0, 0.0, 0.0, 0.0, 0.0, 0.0, 0.0, 557.9415995582533, 0.0, 0.0, 0.0, 0.0, 0.0, 0.0, 1146.9458433935167, 0.0, 1444.9842339823122, 0.0, 0.0, 0.0, 108.3749426902404, 0.0, 557.9415995582533, 425.6983801736676, 158.46693805163017, 0.0, 0.0, 0.0, 374.0096611493513, 0.0, 0.0, 1146.9458433935167, 0.0, 0.0, 0.0, 979.5234460699037, 225.81372836635342, 0.0, 153.3888752952942, 0.0, 501.3181595291037, 927.0392445180742, 320.9702462911637, 0.0, 0.0, 101.21206423436848, 0.0, 0.0, 425.6983801736676, 0.0, 0.0, 0.0, 0.0, 0.0, 0.0, 0.0, 0.0, 0.0, 374.0096611493513, 656.0396628308715, 208.25944957649813, 0.0, 0.0, 0.0, 557.9415995582533, 0.0, 0.0, 927.0392445180742, 0.0, 0.0, 0.0, 0.0, 0.0, 0.0, 317.0557997669072, 0.0, 0.0, 0.0, 0.0, 0.0, 0.0, 215.6561338182991, 0.0, 1444.9842339823122, 979.5234460699037, 0.0, 0.0, 313.271126775732, 0.0, 979.5234460699037, 0.0, 0.0, 0.0, 0.0, 0.0, 0.0, 0.0, 0.0, 0.0, 0.0, 0.0, 0.0, 0.0, 0.0, 235.33986791288044, 501.3181595291037, 1146.9458433935167, 1444.9842339823122, 0.0, 717.1636819741846, 0.0, 0.0, 0.0, 0.0, 0.0, 374.0096611493513, 225.81372836635342, 0.0, 207.1204318876967, 0.0, 0.0, 0.0, 0.0, 927.0392445180742, 717.1636819741846, 0.0, 0.0, 0.0, 0.0, 0.0, 0.0, 0.0, 0.0, 0.0, 313.271126775732, 0.0, 0.0, 334.55900013282263, 0.0, 656.0396628308715, 0.0, 0.0, 0.0, 0.0, 717.1636819741846, 0.0, 0.0, 0.0, 501.3181595291037, 0.0, 0.0, 0.0]
INFORMACIÓN : 25apuestaBundle [320.9702462911637, 207.1204318876967, 156.91343274551218, 153.3888752952942]
INFORMACIÓN : 25positionsBundle [1092, 2233, 973, 1045]
INFORMACIÓN : 25levelsBundle [2, 2, 2, 1]
INFORMACIÓN : 25positionsOrdered [973, 1092, 1045, 2233]
INFORMACIÓN : 25levelsOrdered [2, 2, 1, 2]
INFORMACIÓN : 25partialityOrdered [2, 2, 1, 2]
INFORMACIÓN : 25arrivalTimes [75.1509135946934, 95.4139048743608, 98.57618253452918, 142.74982175637672]
INFORMACIÓN : 26historia17[656.0396628308715, 0.0, 156.91343274551218, 0.0, 0.0, 0.0, 0.0, 0.0, 0.0, 0.0, 0.0, 557.9415995582533, 0.0, 0.0, 0.0, 0.0, 0.0, 0.0, 1146.9458433935167, 0.0, 1444.9842339823122, 0.0, 0.0, 0.0, 108.3749426902404, 0.0, 557.9415995582533, 425.6983801736676, 158.46693805163017, 0.0, 0.0, 0.0, 374.0096611493513, 0.0, 0.0, 1146.9458433935167, 0.0, 0.0, 0.0, 979.5234460699037, 225.81372836635342, 0.0, 153.3888752952942, 0.0, 501.3181595291037, 927.0392445180742, 320.9702462911637, 0.0, 0.0, 101.21206423436848, 0.0, 0.0, 425.6983801736676, 0.0, 0.0, 0.0, 0.0, 0.0, 0.0, 0.0, 0.0, 0.0, 374.0096611493513, 656.0396628308715, 208.25944957649813, 0.0, 0.0, 0.0, 557.9415995582533, 0.0, 0.0, 927.0392445180742, 0.0, 0.0, 0.0, 0.0, 0.0, 0.0, 317.0557997669072, 0.0, 0.0, 0.0, 0.0, 0.0, 0.0, 215.6561338182991, 0.0, 1444.9842339823122, 979.5234460699037, 0.0, 0.0, 313.271126775732, 0.0, 979.5234460699037, 0.0, 0.0, 0.0, 0.0, 0.0, 0.0, 0.0, 0.0, 0.0, 0.0, 0.0, 0.0, 0.0, 0.0, 235.33986791288044, 501.3181595291037, 1146.9458433935167, 1444.9842339823122, 0.0, 717.1636819741846, 0.0, 0.0, 0.0, 0.0, 0.0, 374.0096611493513, 225.81372836635342, 0.0, 207.1204318876967, 0.0, 0.0, 0.0, 0.0, 927.0392445180742, 717.1636819741846, 0.0, 0.0, 0.0, 0.0, 0.0, 0.0, 0.0, 0.0, 0.0, 313.271126775732, 0.0, 0.0, 334.55900013282263, 0.0, 656.0396628308715, 0.0, 0.0, 0.0, 0.0, 717.1636819741846, 0.0, 0.0, 0.0, 501.3181595291037, 0.0, 0.0, 0.0]
INFORMACIÓN : 26apuestaBundle [320.9702462911637, 207.1204318876967, 156.91343274551218, 153.3888752952942]
INFORMACIÓN : 26positionsBundle [1092, 2233, 973, 1045]
INFORMACIÓN : 26levelsBundle [2, 2, 2, 1]
INFORMACIÓN : 26positionsOrdered [973, 1092, 1045, 2233]
INFORMACIÓN : 26levelsOrdered [2, 2, 1, 2]
INFORMACIÓN : 26partialityOrdered [2, 2, 1, 2]
INFORMACIÓN : 26arrivalTimes [75.1509135946934, 95.4139048743608, 98.57618253452918, 142.74982175637672]
INFORMACIÓN : 27historia18[656.0396628308715, 0.0, 156.91343274551218, 0.0, 0.0, 0.0, 0.0, 0.0, 0.0, 0.0, 0.0, 557.9415995582533, 0.0, 0.0, 0.0, 0.0, 0.0, 0.0, 1146.9458433935167, 0.0, 1444.9842339823122, 0.0, 0.0, 0.0, 108.3749426902404, 0.0, 557.9415995582533, 425.6983801736676, 158.46693805163017, 0.0, 0.0, 0.0, 374.0096611493513, 0.0, 0.0, 1146.9458433935167, 0.0, 0.0, 0.0, 979.5234460699037, 225.81372836635342, 0.0, 153.3888752952942, 0.0, 501.3181595291037, 927.0392445180742, 320.9702462911637, 0.0, 0.0, 101.21206423436848, 0.0, 0.0, 425.6983801736676, 0.0, 0.0, 0.0, 0.0, 0.0, 0.0, 0.0, 0.0, 0.0, 374.0096611493513, 656.0396628308715, 208.25944957649813, 0.0, 0.0, 0.0, 557.9415995582533, 0.0, 0.0, 927.0392445180742, 0.0, 0.0, 0.0, 0.0, 0.0, 0.0, 317.0557997669072, 0.0, 0.0, 0.0, 0.0, 0.0, 0.0, 215.6561338182991, 0.0, 1444.9842339823122, 979.5234460699037, 0.0, 0.0, 313.271126775732, 0.0, 979.5234460699037, 0.0, 0.0, 0.0, 0.0, 0.0, 0.0, 0.0, 0.0, 0.0, 0.0, 0.0, 0.0, 0.0, 0.0, 235.33986791288044, 501.3181595291037, 1146.9458433935167, 1444.9842339823122, 0.0, 717.1636819741846, 0.0, 0.0, 0.0, 0.0, 0.0, 374.0096611493513, 225.81372836635342, 0.0, 207.1204318876967, 0.0, 0.0, 0.0, 0.0, 927.0392445180742, 717.1636819741846, 0.0, 0.0, 0.0, 0.0, 0.0, 0.0, 0.0, 0.0, 0.0, 313.271126775732, 0.0, 0.0, 334.55900013282263, 0.0, 656.0396628308715, 0.0, 0.0, 0.0, 0.0, 717.1636819741846, 0.0, 0.0, 0.0, 501.3181595291037, 0.0, 0.0, 0.0]
INFORMACIÓN : 27apuestaBundle [320.9702462911637, 207.1204318876967, 156.91343274551218, 153.3888752952942]
INFORMACIÓN : 27positionsBundle [1092, 2233, 973, 1045]
INFORMACIÓN : 27levelsBundle [2, 2, 2, 1]
INFORMACIÓN : 27positionsOrdered [973, 1092, 1045, 2233]
INFORMACIÓN : 27levelsOrdered [2, 2, 1, 2]
INFORMACIÓN : 27partialityOrdered [2, 2, 1, 2]
INFORMACIÓN : 27arrivalTimes [75.1509135946934, 95.4139048743608, 98.57618253452918, 142.74982175637672]
INFORMACIÓN : 28historia19[656.0396628308715, 0.0, 156.91343274551218, 0.0, 0.0, 0.0, 0.0, 0.0, 0.0, 0.0, 0.0, 557.9415995582533, 0.0, 0.0, 0.0, 0.0, 0.0, 0.0, 1146.9458433935167, 0.0, 1444.9842339823122, 0.0, 0.0, 0.0, 108.3749426902404, 0.0, 557.9415995582533, 425.6983801736676, 158.46693805163017, 0.0, 0.0, 0.0, 374.0096611493513, 0.0, 0.0, 1146.9458433935167, 0.0, 0.0, 0.0, 979.5234460699037, 225.81372836635342, 0.0, 153.3888752952942, 0.0, 501.3181595291037, 927.0392445180742, 320.9702462911637, 0.0, 0.0, 101.21206423436848, 0.0, 0.0, 425.6983801736676, 0.0, 0.0, 0.0, 0.0, 0.0, 0.0, 0.0, 0.0, 0.0, 374.0096611493513, 656.0396628308715, 208.25944957649813, 0.0, 0.0, 0.0, 557.9415995582533, 0.0, 0.0, 927.0392445180742, 0.0, 0.0, 0.0, 0.0, 0.0, 0.0, 317.0557997669072, 0.0, 0.0, 0.0, 0.0, 0.0, 0.0, 215.6561338182991, 0.0, 1444.9842339823122, 979.5234460699037, 0.0, 0.0, 313.271126775732, 0.0, 979.5234460699037, 0.0, 0.0, 0.0, 0.0, 0.0, 0.0, 0.0, 0.0, 0.0, 0.0, 0.0, 0.0, 0.0, 0.0, 235.33986791288044, 501.3181595291037, 1146.9458433935167, 1444.9842339823122, 0.0, 717.1636819741846, 0.0, 0.0, 0.0, 0.0, 0.0, 374.0096611493513, 225.81372836635342, 0.0, 207.1204318876967, 0.0, 0.0, 0.0, 0.0, 927.0392445180742, 717.1636819741846, 0.0, 0.0, 0.0, 0.0, 0.0, 0.0, 0.0, 0.0, 0.0, 313.271126775732, 0.0, 0.0, 334.55900013282263, 0.0, 656.0396628308715, 0.0, 0.0, 0.0, 0.0, 717.1636819741846, 0.0, 0.0, 0.0, 501.3181595291037, 0.0, 0.0, 0.0]
INFORMACIÓN : 28apuestaBundle [320.9702462911637, 207.1204318876967, 156.91343274551218, 153.3888752952942]
INFORMACIÓN : 28positionsBundle [1092, 2233, 973, 1045]
INFORMACIÓN : 28levelsBundle [2, 2, 2, 1]
INFORMACIÓN : 28positionsOrdered [973, 1092, 1045, 2233]
INFORMACIÓN : 28levelsOrdered [2, 2, 1, 2]
INFORMACIÓN : 28partialityOrdered [2, 2, 1, 2]
INFORMACIÓN : 28arrivalTimes [75.1509135946934, 95.4139048743608, 98.57618253452918, 142.74982175637672]
INFORMACIÓN : 29historia20[656.0396628308715, 0.0, 156.91343274551218, 0.0, 0.0, 0.0, 0.0, 0.0, 0.0, 0.0, 0.0, 557.9415995582533, 0.0, 0.0, 0.0, 0.0, 0.0, 0.0, 1146.9458433935167, 0.0, 1444.9842339823122, 0.0, 0.0, 0.0, 108.3749426902404, 0.0, 557.9415995582533, 425.6983801736676, 158.46693805163017, 0.0, 0.0, 0.0, 374.0096611493513, 0.0, 0.0, 1146.9458433935167, 0.0, 0.0, 0.0, 979.5234460699037, 225.81372836635342, 0.0, 153.3888752952942, 0.0, 501.3181595291037, 927.0392445180742, 320.9702462911637, 0.0, 0.0, 101.21206423436848, 0.0, 0.0, 425.6983801736676, 0.0, 0.0, 0.0, 0.0, 0.0, 0.0, 0.0, 0.0, 0.0, 374.0096611493513, 656.0396628308715, 208.25944957649813, 0.0, 0.0, 0.0, 557.9415995582533, 0.0, 0.0, 927.0392445180742, 0.0, 0.0, 0.0, 0.0, 0.0, 0.0, 317.0557997669072, 0.0, 0.0, 0.0, 0.0, 0.0, 0.0, 215.6561338182991, 0.0, 1444.9842339823122, 979.5234460699037, 0.0, 0.0, 313.271126775732, 0.0, 979.5234460699037, 0.0, 0.0, 0.0, 0.0, 0.0, 0.0, 0.0, 0.0, 0.0, 0.0, 0.0, 0.0, 0.0, 0.0, 235.33986791288044, 501.3181595291037, 1146.9458433935167, 1444.9842339823122, 0.0, 717.1636819741846, 0.0, 0.0, 0.0, 0.0, 0.0, 374.0096611493513, 225.81372836635342, 0.0, 207.1204318876967, 0.0, 0.0, 0.0, 0.0, 927.0392445180742, 717.1636819741846, 0.0, 0.0, 0.0, 0.0, 0.0, 0.0, 0.0, 0.0, 0.0, 313.271126775732, 0.0, 0.0, 334.55900013282263, 0.0, 656.0396628308715, 0.0, 0.0, 0.0, 0.0, 717.1636819741846, 0.0, 0.0, 0.0, 501.3181595291037, 0.0, 0.0, 0.0]
INFORMACIÓN : 29apuestaBundle [320.9702462911637, 207.1204318876967, 156.91343274551218, 153.3888752952942]
INFORMACIÓN : 29positionsBundle [1092, 2233, 973, 1045]
INFORMACIÓN : 29levelsBundle [2, 2, 2, 1]
INFORMACIÓN : 29positionsOrdered [973, 1092, 1045, 2233]
INFORMACIÓN : 29levelsOrdered [2, 2, 1, 2]
INFORMACIÓN : 29partialityOrdered [2, 2, 1, 2]
INFORMACIÓN : 29arrivalTimes [75.1509135946934, 95.4139048743608, 98.57618253452918, 142.74982175637672]
INFORMACIÓN : 30historia21[656.0396628308715, 0.0, 156.91343274551218, 0.0, 0.0, 0.0, 0.0, 0.0, 0.0, 0.0, 0.0, 557.9415995582533, 0.0, 0.0, 0.0, 0.0, 0.0, 0.0, 1146.9458433935167, 0.0, 1444.9842339823122, 0.0, 0.0, 0.0, 108.3749426902404, 0.0, 557.9415995582533, 425.6983801736676, 158.46693805163017, 0.0, 0.0, 0.0, 374.0096611493513, 0.0, 0.0, 1146.9458433935167, 0.0, 0.0, 0.0, 979.5234460699037, 225.81372836635342, 0.0, 153.3888752952942, 0.0, 501.3181595291037, 927.0392445180742, 320.9702462911637, 0.0, 0.0, 101.21206423436848, 0.0, 0.0, 425.6983801736676, 0.0, 0.0, 0.0, 0.0, 0.0, 0.0, 0.0, 0.0, 0.0, 374.0096611493513, 656.0396628308715, 208.25944957649813, 0.0, 0.0, 0.0, 557.9415995582533, 0.0, 0.0, 927.0392445180742, 0.0, 0.0, 0.0, 0.0, 0.0, 0.0, 317.0557997669072, 0.0, 0.0, 0.0, 0.0, 0.0, 0.0, 215.6561338182991, 0.0, 1444.9842339823122, 979.5234460699037, 0.0, 0.0, 313.271126775732, 0.0, 979.5234460699037, 0.0, 0.0, 0.0, 0.0, 0.0, 0.0, 0.0, 0.0, 0.0, 0.0, 0.0, 0.0, 0.0, 0.0, 235.33986791288044, 501.3181595291037, 1146.9458433935167, 1444.9842339823122, 0.0, 717.1636819741846, 0.0, 0.0, 0.0, 0.0, 0.0, 374.0096611493513, 225.81372836635342, 0.0, 207.1204318876967, 0.0, 0.0, 0.0, 0.0, 927.0392445180742, 717.1636819741846, 0.0, 0.0, 0.0, 0.0, 0.0, 0.0, 0.0, 0.0, 0.0, 313.271126775732, 0.0, 0.0, 334.55900013282263, 0.0, 656.0396628308715, 0.0, 0.0, 0.0, 0.0, 717.1636819741846, 0.0, 0.0, 0.0, 501.3181595291037, 0.0, 0.0, 0.0]
INFORMACIÓN : 30apuestaBundle [320.9702462911637, 207.1204318876967, 156.91343274551218, 153.3888752952942]
INFORMACIÓN : 30positionsBundle [1092, 2233, 973, 1045]
INFORMACIÓN : 30levelsBundle [2, 2, 2, 1]
INFORMACIÓN : 30positionsOrdered [973, 1092, 1045, 2233]
INFORMACIÓN : 30levelsOrdered [2, 2, 1, 2]
INFORMACIÓN : 30partialityOrdered [2, 2, 1, 2]
INFORMACIÓN : 30arrivalTimes [75.1509135946934, 95.4139048743608, 98.57618253452918, 142.74982175637672]
INFORMACIÓN : 31historia22[656.0396628308715, 0.0, 156.91343274551218, 0.0, 0.0, 0.0, 0.0, 0.0, 0.0, 0.0, 0.0, 557.9415995582533, 0.0, 0.0, 0.0, 0.0, 0.0, 0.0, 1146.9458433935167, 0.0, 1444.9842339823122, 0.0, 0.0, 0.0, 108.3749426902404, 0.0, 557.9415995582533, 425.6983801736676, 158.46693805163017, 0.0, 0.0, 0.0, 374.0096611493513, 0.0, 0.0, 1146.9458433935167, 0.0, 0.0, 0.0, 979.5234460699037, 225.81372836635342, 0.0, 153.3888752952942, 0.0, 501.3181595291037, 927.0392445180742, 320.9702462911637, 0.0, 0.0, 101.21206423436848, 0.0, 0.0, 425.6983801736676, 0.0, 0.0, 0.0, 0.0, 0.0, 0.0, 0.0, 0.0, 0.0, 374.0096611493513, 656.0396628308715, 208.25944957649813, 0.0, 0.0, 0.0, 557.9415995582533, 0.0, 0.0, 927.0392445180742, 0.0, 0.0, 0.0, 0.0, 0.0, 0.0, 317.0557997669072, 0.0, 0.0, 0.0, 0.0, 0.0, 0.0, 215.6561338182991, 0.0, 1444.9842339823122, 979.5234460699037, 0.0, 0.0, 313.271126775732, 0.0, 979.5234460699037, 0.0, 0.0, 0.0, 0.0, 0.0, 0.0, 0.0, 0.0, 0.0, 0.0, 0.0, 0.0, 0.0, 0.0, 235.33986791288044, 501.3181595291037, 1146.9458433935167, 1444.9842339823122, 0.0, 717.1636819741846, 0.0, 0.0, 0.0, 0.0, 0.0, 374.0096611493513, 225.81372836635342, 0.0, 207.1204318876967, 0.0, 0.0, 0.0, 0.0, 927.0392445180742, 717.1636819741846, 0.0, 0.0, 0.0, 0.0, 0.0, 0.0, 0.0, 0.0, 0.0, 313.271126775732, 0.0, 0.0, 334.55900013282263, 0.0, 656.0396628308715, 0.0, 0.0, 0.0, 0.0, 717.1636819741846, 0.0, 0.0, 0.0, 501.3181595291037, 0.0, 0.0, 0.0]
INFORMACIÓN : 31apuestaBundle [320.9702462911637, 207.1204318876967, 156.91343274551218, 153.3888752952942]
INFORMACIÓN : 31positionsBundle [1092, 2233, 973, 1045]
INFORMACIÓN : 31levelsBundle [2, 2, 2, 1]
INFORMACIÓN : 31positionsOrdered [973, 1092, 1045, 2233]
INFORMACIÓN : 31levelsOrdered [2, 2, 1, 2]
INFORMACIÓN : 31partialityOrdered [2, 2, 1, 2]
INFORMACIÓN : 31arrivalTimes [75.1509135946934, 95.4139048743608, 98.57618253452918, 142.74982175637672]
INFORMACIÓN : 32historia23[656.0396628308715, 0.0, 156.91343274551218, 0.0, 0.0, 0.0, 0.0, 0.0, 0.0, 0.0, 0.0, 557.9415995582533, 0.0, 0.0, 0.0, 0.0, 0.0, 0.0, 1146.9458433935167, 0.0, 1444.9842339823122, 0.0, 0.0, 0.0, 108.3749426902404, 0.0, 557.9415995582533, 425.6983801736676, 158.46693805163017, 0.0, 0.0, 0.0, 374.0096611493513, 0.0, 0.0, 1146.9458433935167, 0.0, 0.0, 0.0, 979.5234460699037, 225.81372836635342, 0.0, 153.3888752952942, 0.0, 501.3181595291037, 927.0392445180742, 320.9702462911637, 0.0, 0.0, 101.21206423436848, 0.0, 0.0, 425.6983801736676, 0.0, 0.0, 0.0, 0.0, 0.0, 0.0, 0.0, 0.0, 0.0, 374.0096611493513, 656.0396628308715, 208.25944957649813, 0.0, 0.0, 0.0, 557.9415995582533, 0.0, 0.0, 927.0392445180742, 0.0, 0.0, 0.0, 0.0, 0.0, 0.0, 317.0557997669072, 0.0, 0.0, 0.0, 0.0, 0.0, 0.0, 215.6561338182991, 0.0, 1444.9842339823122, 979.5234460699037, 0.0, 0.0, 313.271126775732, 0.0, 979.5234460699037, 0.0, 0.0, 0.0, 0.0, 0.0, 0.0, 0.0, 0.0, 0.0, 0.0, 0.0, 0.0, 0.0, 0.0, 235.33986791288044, 501.3181595291037, 1146.9458433935167, 1444.9842339823122, 0.0, 717.1636819741846, 0.0, 0.0, 0.0, 0.0, 0.0, 374.0096611493513, 225.81372836635342, 0.0, 207.1204318876967, 0.0, 0.0, 0.0, 0.0, 927.0392445180742, 717.1636819741846, 0.0, 0.0, 0.0, 0.0, 0.0, 0.0, 0.0, 0.0, 0.0, 313.271126775732, 0.0, 0.0, 334.55900013282263, 0.0, 656.0396628308715, 0.0, 0.0, 0.0, 0.0, 717.1636819741846, 0.0, 0.0, 0.0, 501.3181595291037, 0.0, 0.0, 0.0]
INFORMACIÓN : 32apuestaBundle [320.9702462911637, 207.1204318876967, 156.91343274551218, 153.3888752952942]
INFORMACIÓN : 32positionsBundle [1092, 2233, 973, 1045]
INFORMACIÓN : 32levelsBundle [2, 2, 2, 1]
INFORMACIÓN : 32positionsOrdered [973, 1092, 1045, 2233]
INFORMACIÓN : 32levelsOrdered [2, 2, 1, 2]
INFORMACIÓN : 32partialityOrdered [2, 2, 1, 2]
INFORMACIÓN : 32arrivalTimes [75.1509135946934, 95.4139048743608, 98.57618253452918, 142.74982175637672]
INFORMACIÓN : 33historia24[656.0396628308715, 0.0, 156.91343274551218, 0.0, 0.0, 0.0, 0.0, 0.0, 0.0, 0.0, 0.0, 557.9415995582533, 0.0, 0.0, 0.0, 0.0, 0.0, 0.0, 1146.9458433935167, 0.0, 1444.9842339823122, 0.0, 0.0, 0.0, 108.3749426902404, 0.0, 557.9415995582533, 425.6983801736676, 158.46693805163017, 0.0, 0.0, 0.0, 374.0096611493513, 0.0, 0.0, 1146.9458433935167, 0.0, 0.0, 0.0, 979.5234460699037, 225.81372836635342, 0.0, 153.3888752952942, 0.0, 501.3181595291037, 927.0392445180742, 320.9702462911637, 0.0, 0.0, 101.21206423436848, 0.0, 0.0, 425.6983801736676, 0.0, 0.0, 0.0, 0.0, 0.0, 0.0, 0.0, 0.0, 0.0, 374.0096611493513, 656.0396628308715, 208.25944957649813, 0.0, 0.0, 0.0, 557.9415995582533, 0.0, 0.0, 927.0392445180742, 0.0, 0.0, 0.0, 0.0, 0.0, 0.0, 317.0557997669072, 0.0, 0.0, 0.0, 0.0, 0.0, 0.0, 215.6561338182991, 0.0, 1444.9842339823122, 979.5234460699037, 0.0, 0.0, 313.271126775732, 0.0, 979.5234460699037, 0.0, 0.0, 0.0, 0.0, 0.0, 0.0, 0.0, 0.0, 0.0, 0.0, 0.0, 0.0, 0.0, 0.0, 235.33986791288044, 501.3181595291037, 1146.9458433935167, 1444.9842339823122, 0.0, 717.1636819741846, 0.0, 0.0, 0.0, 0.0, 0.0, 374.0096611493513, 225.81372836635342, 0.0, 207.1204318876967, 0.0, 0.0, 0.0, 0.0, 927.0392445180742, 717.1636819741846, 0.0, 0.0, 0.0, 0.0, 0.0, 0.0, 0.0, 0.0, 0.0, 313.271126775732, 0.0, 0.0, 334.55900013282263, 0.0, 656.0396628308715, 0.0, 0.0, 0.0, 0.0, 717.1636819741846, 0.0, 0.0, 0.0, 501.3181595291037, 0.0, 0.0, 0.0]
INFORMACIÓN : 33apuestaBundle [320.9702462911637, 207.1204318876967, 156.91343274551218, 153.3888752952942]
INFORMACIÓN : 33positionsBundle [1092, 2233, 973, 1045]
INFORMACIÓN : 33levelsBundle [2, 2, 2, 1]
INFORMACIÓN : 33positionsOrdered [973, 1092, 1045, 2233]
INFORMACIÓN : 33levelsOrdered [2, 2, 1, 2]
INFORMACIÓN : 33partialityOrdered [2, 2, 1, 2]
INFORMACIÓN : 33arrivalTimes [75.1509135946934, 95.4139048743608, 98.57618253452918, 142.74982175637672]
INFORMACIÓN : 34historia25[656.0396628308715, 0.0, 156.91343274551218, 0.0, 0.0, 0.0, 0.0, 0.0, 0.0, 0.0, 0.0, 557.9415995582533, 0.0, 0.0, 0.0, 0.0, 0.0, 0.0, 1146.9458433935167, 0.0, 1444.9842339823122, 0.0, 0.0, 0.0, 108.3749426902404, 0.0, 557.9415995582533, 425.6983801736676, 158.46693805163017, 0.0, 0.0, 0.0, 374.0096611493513, 0.0, 0.0, 1146.9458433935167, 0.0, 0.0, 0.0, 979.5234460699037, 225.81372836635342, 0.0, 153.3888752952942, 0.0, 501.3181595291037, 927.0392445180742, 320.9702462911637, 0.0, 0.0, 101.21206423436848, 0.0, 0.0, 425.6983801736676, 0.0, 0.0, 0.0, 0.0, 0.0, 0.0, 0.0, 0.0, 0.0, 374.0096611493513, 656.0396628308715, 208.25944957649813, 0.0, 0.0, 0.0, 557.9415995582533, 0.0, 0.0, 927.0392445180742, 0.0, 0.0, 0.0, 0.0, 0.0, 0.0, 317.0557997669072, 0.0, 0.0, 0.0, 0.0, 0.0, 0.0, 215.6561338182991, 0.0, 1444.9842339823122, 979.5234460699037, 0.0, 0.0, 313.271126775732, 0.0, 979.5234460699037, 0.0, 0.0, 0.0, 0.0, 0.0, 0.0, 0.0, 0.0, 0.0, 0.0, 0.0, 0.0, 0.0, 0.0, 235.33986791288044, 501.3181595291037, 1146.9458433935167, 1444.9842339823122, 0.0, 717.1636819741846, 0.0, 0.0, 0.0, 0.0, 0.0, 374.0096611493513, 225.81372836635342, 0.0, 207.1204318876967, 0.0, 0.0, 0.0, 0.0, 927.0392445180742, 717.1636819741846, 0.0, 0.0, 0.0, 0.0, 0.0, 0.0, 0.0, 0.0, 0.0, 313.271126775732, 0.0, 0.0, 334.55900013282263, 0.0, 656.0396628308715, 0.0, 0.0, 0.0, 0.0, 717.1636819741846, 0.0, 0.0, 0.0, 501.3181595291037, 0.0, 0.0, 0.0]
INFORMACIÓN : 34apuestaBundle [320.9702462911637, 207.1204318876967, 156.91343274551218, 153.3888752952942]
INFORMACIÓN : 34positionsBundle [1092, 2233, 973, 1045]
INFORMACIÓN : 34levelsBundle [2, 2, 2, 1]
INFORMACIÓN : 34positionsOrdered [973, 1092, 1045, 2233]
INFORMACIÓN : 34levelsOrdered [2, 2, 1, 2]
INFORMACIÓN : 34partialityOrdered [2, 2, 1, 2]
INFORMACIÓN : 34arrivalTimes [75.1509135946934, 95.4139048743608, 98.57618253452918, 142.74982175637672]
INFORMACIÓN : 35historia26[656.0396628308715, 0.0, 156.91343274551218, 0.0, 0.0, 0.0, 0.0, 0.0, 0.0, 0.0, 0.0, 557.9415995582533, 0.0, 0.0, 0.0, 0.0, 0.0, 0.0, 1146.9458433935167, 0.0, 1444.9842339823122, 0.0, 0.0, 0.0, 108.3749426902404, 0.0, 557.9415995582533, 425.6983801736676, 158.46693805163017, 0.0, 0.0, 0.0, 374.0096611493513, 0.0, 0.0, 1146.9458433935167, 0.0, 0.0, 0.0, 979.5234460699037, 225.81372836635342, 0.0, 153.3888752952942, 0.0, 501.3181595291037, 927.0392445180742, 320.9702462911637, 0.0, 0.0, 101.21206423436848, 0.0, 0.0, 425.6983801736676, 0.0, 0.0, 0.0, 0.0, 0.0, 0.0, 0.0, 0.0, 0.0, 374.0096611493513, 656.0396628308715, 208.25944957649813, 0.0, 0.0, 0.0, 557.9415995582533, 0.0, 0.0, 927.0392445180742, 0.0, 0.0, 0.0, 0.0, 0.0, 0.0, 317.0557997669072, 0.0, 0.0, 0.0, 0.0, 0.0, 0.0, 215.6561338182991, 0.0, 1444.9842339823122, 979.5234460699037, 0.0, 0.0, 313.271126775732, 0.0, 979.5234460699037, 0.0, 0.0, 0.0, 0.0, 0.0, 0.0, 0.0, 0.0, 0.0, 0.0, 0.0, 0.0, 0.0, 0.0, 235.33986791288044, 501.3181595291037, 1146.9458433935167, 1444.9842339823122, 0.0, 717.1636819741846, 0.0, 0.0, 0.0, 0.0, 0.0, 374.0096611493513, 225.81372836635342, 0.0, 207.1204318876967, 0.0, 0.0, 0.0, 0.0, 927.0392445180742, 717.1636819741846, 0.0, 0.0, 0.0, 0.0, 0.0, 0.0, 0.0, 0.0, 0.0, 313.271126775732, 0.0, 0.0, 334.55900013282263, 0.0, 656.0396628308715, 0.0, 0.0, 0.0, 0.0, 717.1636819741846, 0.0, 0.0, 0.0, 501.3181595291037, 0.0, 0.0, 0.0]
INFORMACIÓN : 35apuestaBundle [320.9702462911637, 207.1204318876967, 156.91343274551218, 153.3888752952942]
INFORMACIÓN : 35positionsBundle [1092, 2233, 973, 1045]
INFORMACIÓN : 35levelsBundle [2, 2, 2, 1]
INFORMACIÓN : 35positionsOrdered [973, 1092, 1045, 2233]
INFORMACIÓN : 35levelsOrdered [2, 2, 1, 2]
INFORMACIÓN : 35partialityOrdered [2, 2, 1, 2]
INFORMACIÓN : 35arrivalTimes [75.1509135946934, 95.4139048743608, 98.57618253452918, 142.74982175637672]
INFORMACIÓN : 36historia27[656.0396628308715, 0.0, 156.91343274551218, 0.0, 0.0, 0.0, 0.0, 0.0, 0.0, 0.0, 0.0, 557.9415995582533, 0.0, 0.0, 0.0, 0.0, 0.0, 0.0, 1146.9458433935167, 0.0, 1444.9842339823122, 0.0, 0.0, 0.0, 108.3749426902404, 0.0, 557.9415995582533, 425.6983801736676, 158.46693805163017, 0.0, 0.0, 0.0, 374.0096611493513, 0.0, 0.0, 1146.9458433935167, 0.0, 0.0, 0.0, 979.5234460699037, 225.81372836635342, 0.0, 153.3888752952942, 0.0, 501.3181595291037, 927.0392445180742, 320.9702462911637, 0.0, 0.0, 101.21206423436848, 0.0, 0.0, 425.6983801736676, 0.0, 0.0, 0.0, 0.0, 0.0, 0.0, 0.0, 0.0, 0.0, 374.0096611493513, 656.0396628308715, 208.25944957649813, 0.0, 0.0, 0.0, 557.9415995582533, 0.0, 0.0, 927.0392445180742, 0.0, 0.0, 0.0, 0.0, 0.0, 0.0, 317.0557997669072, 0.0, 0.0, 0.0, 0.0, 0.0, 0.0, 215.6561338182991, 0.0, 1444.9842339823122, 979.5234460699037, 0.0, 0.0, 313.271126775732, 0.0, 979.5234460699037, 0.0, 0.0, 0.0, 0.0, 0.0, 0.0, 0.0, 0.0, 0.0, 0.0, 0.0, 0.0, 0.0, 0.0, 235.33986791288044, 501.3181595291037, 1146.9458433935167, 1444.9842339823122, 0.0, 717.1636819741846, 0.0, 0.0, 0.0, 0.0, 0.0, 374.0096611493513, 225.81372836635342, 0.0, 207.1204318876967, 0.0, 0.0, 0.0, 0.0, 927.0392445180742, 717.1636819741846, 0.0, 0.0, 0.0, 0.0, 0.0, 0.0, 0.0, 0.0, 0.0, 313.271126775732, 0.0, 0.0, 334.55900013282263, 0.0, 656.0396628308715, 0.0, 0.0, 0.0, 0.0, 717.1636819741846, 0.0, 0.0, 0.0, 501.3181595291037, 0.0, 0.0, 0.0]
INFORMACIÓN : 36apuestaBundle [320.9702462911637, 207.1204318876967, 156.91343274551218, 153.3888752952942]
INFORMACIÓN : 36positionsBundle [1092, 2233, 973, 1045]
INFORMACIÓN : 36levelsBundle [2, 2, 2, 1]
INFORMACIÓN : 36positionsOrdered [973, 1092, 1045, 2233]
INFORMACIÓN : 36levelsOrdered [2, 2, 1, 2]
INFORMACIÓN : 36partialityOrdered [2, 2, 1, 2]
INFORMACIÓN : 36arrivalTimes [75.1509135946934, 95.4139048743608, 98.57618253452918, 142.74982175637672]
INFORMACIÓN : 37historia28[656.0396628308715, 0.0, 156.91343274551218, 0.0, 0.0, 0.0, 0.0, 0.0, 0.0, 0.0, 0.0, 557.9415995582533, 0.0, 0.0, 0.0, 0.0, 0.0, 0.0, 1146.9458433935167, 0.0, 1444.9842339823122, 0.0, 0.0, 0.0, 108.3749426902404, 0.0, 557.9415995582533, 425.6983801736676, 158.46693805163017, 0.0, 0.0, 0.0, 374.0096611493513, 0.0, 0.0, 1146.9458433935167, 0.0, 0.0, 0.0, 979.5234460699037, 225.81372836635342, 0.0, 153.3888752952942, 0.0, 501.3181595291037, 927.0392445180742, 320.9702462911637, 0.0, 0.0, 101.21206423436848, 0.0, 0.0, 425.6983801736676, 0.0, 0.0, 0.0, 0.0, 0.0, 0.0, 0.0, 0.0, 0.0, 374.0096611493513, 656.0396628308715, 208.25944957649813, 0.0, 0.0, 0.0, 557.9415995582533, 0.0, 0.0, 927.0392445180742, 0.0, 0.0, 0.0, 0.0, 0.0, 0.0, 317.0557997669072, 0.0, 0.0, 0.0, 0.0, 0.0, 0.0, 215.6561338182991, 0.0, 1444.9842339823122, 979.5234460699037, 0.0, 0.0, 313.271126775732, 0.0, 979.5234460699037, 0.0, 0.0, 0.0, 0.0, 0.0, 0.0, 0.0, 0.0, 0.0, 0.0, 0.0, 0.0, 0.0, 0.0, 235.33986791288044, 501.3181595291037, 1146.9458433935167, 1444.9842339823122, 0.0, 717.1636819741846, 0.0, 0.0, 0.0, 0.0, 0.0, 374.0096611493513, 225.81372836635342, 0.0, 207.1204318876967, 0.0, 0.0, 0.0, 0.0, 927.0392445180742, 717.1636819741846, 0.0, 0.0, 0.0, 0.0, 0.0, 0.0, 0.0, 0.0, 0.0, 313.271126775732, 0.0, 0.0, 334.55900013282263, 0.0, 656.0396628308715, 0.0, 0.0, 0.0, 0.0, 717.1636819741846, 0.0, 0.0, 0.0, 501.3181595291037, 0.0, 0.0, 0.0]
INFORMACIÓN : 37apuestaBundle [320.9702462911637, 207.1204318876967, 156.91343274551218, 153.3888752952942]
INFORMACIÓN : 37positionsBundle [1092, 2233, 973, 1045]
INFORMACIÓN : 37levelsBundle [2, 2, 2, 1]
INFORMACIÓN : 37positionsOrdered [973, 1092, 1045, 2233]
INFORMACIÓN : 37levelsOrdered [2, 2, 1, 2]
INFORMACIÓN : 37partialityOrdered [2, 2, 1, 2]
INFORMACIÓN : 37arrivalTimes [75.1509135946934, 95.4139048743608, 98.57618253452918, 142.74982175637672]
INFORMACIÓN : 38historia29[656.0396628308715, 0.0, 156.91343274551218, 0.0, 0.0, 0.0, 0.0, 0.0, 0.0, 0.0, 0.0, 557.9415995582533, 0.0, 0.0, 0.0, 0.0, 0.0, 0.0, 1146.9458433935167, 0.0, 1444.9842339823122, 0.0, 0.0, 0.0, 108.3749426902404, 0.0, 557.9415995582533, 425.6983801736676, 158.46693805163017, 0.0, 0.0, 0.0, 374.0096611493513, 0.0, 0.0, 1146.9458433935167, 0.0, 0.0, 0.0, 979.5234460699037, 225.81372836635342, 0.0, 153.3888752952942, 0.0, 501.3181595291037, 927.0392445180742, 320.9702462911637, 0.0, 0.0, 101.21206423436848, 0.0, 0.0, 425.6983801736676, 0.0, 0.0, 0.0, 0.0, 0.0, 0.0, 0.0, 0.0, 0.0, 374.0096611493513, 656.0396628308715, 208.25944957649813, 0.0, 0.0, 0.0, 557.9415995582533, 0.0, 0.0, 927.0392445180742, 0.0, 0.0, 0.0, 0.0, 0.0, 0.0, 317.0557997669072, 0.0, 0.0, 0.0, 0.0, 0.0, 0.0, 215.6561338182991, 0.0, 1444.9842339823122, 979.5234460699037, 0.0, 0.0, 313.271126775732, 0.0, 979.5234460699037, 0.0, 0.0, 0.0, 0.0, 0.0, 0.0, 0.0, 0.0, 0.0, 0.0, 0.0, 0.0, 0.0, 0.0, 235.33986791288044, 501.3181595291037, 1146.9458433935167, 1444.9842339823122, 0.0, 717.1636819741846, 0.0, 0.0, 0.0, 0.0, 0.0, 374.0096611493513, 225.81372836635342, 0.0, 207.1204318876967, 0.0, 0.0, 0.0, 0.0, 927.0392445180742, 717.1636819741846, 0.0, 0.0, 0.0, 0.0, 0.0, 0.0, 0.0, 0.0, 0.0, 313.271126775732, 0.0, 0.0, 334.55900013282263, 0.0, 656.0396628308715, 0.0, 0.0, 0.0, 0.0, 717.1636819741846, 0.0, 0.0, 0.0, 501.3181595291037, 0.0, 0.0, 0.0]
INFORMACIÓN : 38apuestaBundle [320.9702462911637, 207.1204318876967, 156.91343274551218, 153.3888752952942]
INFORMACIÓN : 38positionsBundle [1092, 2233, 973, 1045]
INFORMACIÓN : 38levelsBundle [2, 2, 2, 1]
INFORMACIÓN : 38positionsOrdered [973, 1092, 1045, 2233]
INFORMACIÓN : 38levelsOrdered [2, 2, 1, 2]
INFORMACIÓN : 38partialityOrdered [2, 2, 1, 2]
INFORMACIÓN : 38arrivalTimes [75.1509135946934, 95.4139048743608, 98.57618253452918, 142.74982175637672]
INFORMACIÓN : 39historia30[656.0396628308715, 0.0, 156.91343274551218, 0.0, 0.0, 0.0, 0.0, 0.0, 0.0, 0.0, 0.0, 557.9415995582533, 0.0, 0.0, 0.0, 0.0, 0.0, 0.0, 1146.9458433935167, 0.0, 1444.9842339823122, 0.0, 0.0, 0.0, 108.3749426902404, 0.0, 557.9415995582533, 425.6983801736676, 158.46693805163017, 0.0, 0.0, 0.0, 374.0096611493513, 0.0, 0.0, 1146.9458433935167, 0.0, 0.0, 0.0, 979.5234460699037, 225.81372836635342, 0.0, 153.3888752952942, 0.0, 501.3181595291037, 927.0392445180742, 320.9702462911637, 0.0, 0.0, 101.21206423436848, 0.0, 0.0, 425.6983801736676, 0.0, 0.0, 0.0, 0.0, 0.0, 0.0, 0.0, 0.0, 0.0, 374.0096611493513, 656.0396628308715, 208.25944957649813, 0.0, 0.0, 0.0, 557.9415995582533, 0.0, 0.0, 927.0392445180742, 0.0, 0.0, 0.0, 0.0, 0.0, 0.0, 317.0557997669072, 0.0, 0.0, 0.0, 0.0, 0.0, 0.0, 215.6561338182991, 0.0, 1444.9842339823122, 979.5234460699037, 0.0, 0.0, 313.271126775732, 0.0, 979.5234460699037, 0.0, 0.0, 0.0, 0.0, 0.0, 0.0, 0.0, 0.0, 0.0, 0.0, 0.0, 0.0, 0.0, 0.0, 235.33986791288044, 501.3181595291037, 1146.9458433935167, 1444.9842339823122, 0.0, 717.1636819741846, 0.0, 0.0, 0.0, 0.0, 0.0, 374.0096611493513, 225.81372836635342, 0.0, 207.1204318876967, 0.0, 0.0, 0.0, 0.0, 927.0392445180742, 717.1636819741846, 0.0, 0.0, 0.0, 0.0, 0.0, 0.0, 0.0, 0.0, 0.0, 313.271126775732, 0.0, 0.0, 334.55900013282263, 0.0, 656.0396628308715, 0.0, 0.0, 0.0, 0.0, 717.1636819741846, 0.0, 0.0, 0.0, 501.3181595291037, 0.0, 0.0, 0.0]
INFORMACIÓN : 39apuestaBundle [320.9702462911637, 207.1204318876967, 156.91343274551218, 153.3888752952942]
INFORMACIÓN : 39positionsBundle [1092, 2233, 973, 1045]
INFORMACIÓN : 39levelsBundle [2, 2, 2, 1]
INFORMACIÓN : 39positionsOrdered [973, 1092, 1045, 2233]
INFORMACIÓN : 39levelsOrdered [2, 2, 1, 2]
INFORMACIÓN : 39partialityOrdered [2, 2, 1, 2]
INFORMACIÓN : 39arrivalTimes [75.1509135946934, 95.4139048743608, 98.57618253452918, 142.74982175637672]
INFORMACIÓN : 40historia31[656.0396628308715, 0.0, 156.91343274551218, 0.0, 0.0, 0.0, 0.0, 0.0, 0.0, 0.0, 0.0, 557.9415995582533, 0.0, 0.0, 0.0, 0.0, 0.0, 0.0, 1146.9458433935167, 0.0, 1444.9842339823122, 0.0, 0.0, 0.0, 108.3749426902404, 0.0, 557.9415995582533, 425.6983801736676, 158.46693805163017, 0.0, 0.0, 0.0, 374.0096611493513, 0.0, 0.0, 1146.9458433935167, 0.0, 0.0, 0.0, 979.5234460699037, 225.81372836635342, 0.0, 153.3888752952942, 0.0, 501.3181595291037, 927.0392445180742, 320.9702462911637, 0.0, 0.0, 101.21206423436848, 0.0, 0.0, 425.6983801736676, 0.0, 0.0, 0.0, 0.0, 0.0, 0.0, 0.0, 0.0, 0.0, 374.0096611493513, 656.0396628308715, 208.25944957649813, 0.0, 0.0, 0.0, 557.9415995582533, 0.0, 0.0, 927.0392445180742, 0.0, 0.0, 0.0, 0.0, 0.0, 0.0, 317.0557997669072, 0.0, 0.0, 0.0, 0.0, 0.0, 0.0, 215.6561338182991, 0.0, 1444.9842339823122, 979.5234460699037, 0.0, 0.0, 313.271126775732, 0.0, 979.5234460699037, 0.0, 0.0, 0.0, 0.0, 0.0, 0.0, 0.0, 0.0, 0.0, 0.0, 0.0, 0.0, 0.0, 0.0, 235.33986791288044, 501.3181595291037, 1146.9458433935167, 1444.9842339823122, 0.0, 717.1636819741846, 0.0, 0.0, 0.0, 0.0, 0.0, 374.0096611493513, 225.81372836635342, 0.0, 207.1204318876967, 0.0, 0.0, 0.0, 0.0, 927.0392445180742, 717.1636819741846, 0.0, 0.0, 0.0, 0.0, 0.0, 0.0, 0.0, 0.0, 0.0, 313.271126775732, 0.0, 0.0, 334.55900013282263, 0.0, 656.0396628308715, 0.0, 0.0, 0.0, 0.0, 717.1636819741846, 0.0, 0.0, 0.0, 501.3181595291037, 0.0, 0.0, 0.0]
INFORMACIÓN : 40apuestaBundle [320.9702462911637, 207.1204318876967, 156.91343274551218, 153.3888752952942]
INFORMACIÓN : 40positionsBundle [1092, 2233, 973, 1045]
INFORMACIÓN : 40levelsBundle [2, 2, 2, 1]
INFORMACIÓN : 40positionsOrdered [973, 1092, 1045, 2233]
INFORMACIÓN : 40levelsOrdered [2, 2, 1, 2]
INFORMACIÓN : 40partialityOrdered [2, 2, 1, 2]
INFORMACIÓN : 40arrivalTimes [75.1509135946934, 95.4139048743608, 98.57618253452918, 142.74982175637672]
INFORMACIÓN : 41historia32[656.0396628308715, 0.0, 156.91343274551218, 0.0, 0.0, 0.0, 0.0, 0.0, 0.0, 0.0, 0.0, 557.9415995582533, 0.0, 0.0, 0.0, 0.0, 0.0, 0.0, 1146.9458433935167, 0.0, 1444.9842339823122, 0.0, 0.0, 0.0, 108.3749426902404, 0.0, 557.9415995582533, 425.6983801736676, 158.46693805163017, 0.0, 0.0, 0.0, 374.0096611493513, 0.0, 0.0, 1146.9458433935167, 0.0, 0.0, 0.0, 979.5234460699037, 225.81372836635342, 0.0, 153.3888752952942, 0.0, 501.3181595291037, 927.0392445180742, 320.9702462911637, 0.0, 0.0, 101.21206423436848, 0.0, 0.0, 425.6983801736676, 0.0, 0.0, 0.0, 0.0, 0.0, 0.0, 0.0, 0.0, 0.0, 374.0096611493513, 656.0396628308715, 208.25944957649813, 0.0, 0.0, 0.0, 557.9415995582533, 0.0, 0.0, 927.0392445180742, 0.0, 0.0, 0.0, 0.0, 0.0, 0.0, 317.0557997669072, 0.0, 0.0, 0.0, 0.0, 0.0, 0.0, 215.6561338182991, 0.0, 1444.9842339823122, 979.5234460699037, 0.0, 0.0, 313.271126775732, 0.0, 979.5234460699037, 0.0, 0.0, 0.0, 0.0, 0.0, 0.0, 0.0, 0.0, 0.0, 0.0, 0.0, 0.0, 0.0, 0.0, 235.33986791288044, 501.3181595291037, 1146.9458433935167, 1444.9842339823122, 0.0, 717.1636819741846, 0.0, 0.0, 0.0, 0.0, 0.0, 374.0096611493513, 225.81372836635342, 0.0, 207.1204318876967, 0.0, 0.0, 0.0, 0.0, 927.0392445180742, 717.1636819741846, 0.0, 0.0, 0.0, 0.0, 0.0, 0.0, 0.0, 0.0, 0.0, 313.271126775732, 0.0, 0.0, 334.55900013282263, 0.0, 656.0396628308715, 0.0, 0.0, 0.0, 0.0, 717.1636819741846, 0.0, 0.0, 0.0, 501.3181595291037, 0.0, 0.0, 0.0]
INFORMACIÓN : 41apuestaBundle [320.9702462911637, 207.1204318876967, 156.91343274551218, 153.3888752952942]
INFORMACIÓN : 41positionsBundle [1092, 2233, 973, 1045]
INFORMACIÓN : 41levelsBundle [2, 2, 2, 1]
INFORMACIÓN : 41positionsOrdered [973, 1092, 1045, 2233]
INFORMACIÓN : 41levelsOrdered [2, 2, 1, 2]
INFORMACIÓN : 41partialityOrdered [2, 2, 1, 2]
INFORMACIÓN : 41arrivalTimes [75.1509135946934, 95.4139048743608, 98.57618253452918, 142.74982175637672]
INFORMACIÓN : 42historia33[656.0396628308715, 0.0, 156.91343274551218, 0.0, 0.0, 0.0, 0.0, 0.0, 0.0, 0.0, 0.0, 557.9415995582533, 0.0, 0.0, 0.0, 0.0, 0.0, 0.0, 1146.9458433935167, 0.0, 1444.9842339823122, 0.0, 0.0, 0.0, 108.3749426902404, 0.0, 557.9415995582533, 425.6983801736676, 158.46693805163017, 0.0, 0.0, 0.0, 374.0096611493513, 0.0, 0.0, 1146.9458433935167, 0.0, 0.0, 0.0, 979.5234460699037, 225.81372836635342, 0.0, 153.3888752952942, 0.0, 501.3181595291037, 927.0392445180742, 320.9702462911637, 0.0, 0.0, 101.21206423436848, 0.0, 0.0, 425.6983801736676, 0.0, 0.0, 0.0, 0.0, 0.0, 0.0, 0.0, 0.0, 0.0, 374.0096611493513, 656.0396628308715, 208.25944957649813, 0.0, 0.0, 0.0, 557.9415995582533, 0.0, 0.0, 927.0392445180742, 0.0, 0.0, 0.0, 0.0, 0.0, 0.0, 317.0557997669072, 0.0, 0.0, 0.0, 0.0, 0.0, 0.0, 215.6561338182991, 0.0, 1444.9842339823122, 979.5234460699037, 0.0, 0.0, 313.271126775732, 0.0, 979.5234460699037, 0.0, 0.0, 0.0, 0.0, 0.0, 0.0, 0.0, 0.0, 0.0, 0.0, 0.0, 0.0, 0.0, 0.0, 235.33986791288044, 501.3181595291037, 1146.9458433935167, 1444.9842339823122, 0.0, 717.1636819741846, 0.0, 0.0, 0.0, 0.0, 0.0, 374.0096611493513, 225.81372836635342, 0.0, 207.1204318876967, 0.0, 0.0, 0.0, 0.0, 927.0392445180742, 717.1636819741846, 0.0, 0.0, 0.0, 0.0, 0.0, 0.0, 0.0, 0.0, 0.0, 313.271126775732, 0.0, 0.0, 334.55900013282263, 0.0, 656.0396628308715, 0.0, 0.0, 0.0, 0.0, 717.1636819741846, 0.0, 0.0, 0.0, 501.3181595291037, 0.0, 0.0, 0.0]
INFORMACIÓN : 42apuestaBundle [320.9702462911637, 207.1204318876967, 156.91343274551218, 153.3888752952942]
INFORMACIÓN : 42positionsBundle [1092, 2233, 973, 1045]
INFORMACIÓN : 42levelsBundle [2, 2, 2, 1]
INFORMACIÓN : 42positionsOrdered [973, 1092, 1045, 2233]
INFORMACIÓN : 42levelsOrdered [2, 2, 1, 2]
INFORMACIÓN : 42partialityOrdered [2, 2, 1, 2]
INFORMACIÓN : 42arrivalTimes [75.1509135946934, 95.4139048743608, 98.57618253452918, 142.74982175637672]
INFORMACIÓN : 43historia34[656.0396628308715, 0.0, 156.91343274551218, 0.0, 0.0, 0.0, 0.0, 0.0, 0.0, 0.0, 0.0, 557.9415995582533, 0.0, 0.0, 0.0, 0.0, 0.0, 0.0, 1146.9458433935167, 0.0, 1444.9842339823122, 0.0, 0.0, 0.0, 108.3749426902404, 0.0, 557.9415995582533, 425.6983801736676, 158.46693805163017, 0.0, 0.0, 0.0, 374.0096611493513, 0.0, 0.0, 1146.9458433935167, 0.0, 0.0, 0.0, 979.5234460699037, 225.81372836635342, 0.0, 153.3888752952942, 0.0, 501.3181595291037, 927.0392445180742, 320.9702462911637, 0.0, 0.0, 101.21206423436848, 0.0, 0.0, 425.6983801736676, 0.0, 0.0, 0.0, 0.0, 0.0, 0.0, 0.0, 0.0, 0.0, 374.0096611493513, 656.0396628308715, 208.25944957649813, 0.0, 0.0, 0.0, 557.9415995582533, 0.0, 0.0, 927.0392445180742, 0.0, 0.0, 0.0, 0.0, 0.0, 0.0, 317.0557997669072, 0.0, 0.0, 0.0, 0.0, 0.0, 0.0, 215.6561338182991, 0.0, 1444.9842339823122, 979.5234460699037, 0.0, 0.0, 313.271126775732, 0.0, 979.5234460699037, 0.0, 0.0, 0.0, 0.0, 0.0, 0.0, 0.0, 0.0, 0.0, 0.0, 0.0, 0.0, 0.0, 0.0, 235.33986791288044, 501.3181595291037, 1146.9458433935167, 1444.9842339823122, 0.0, 717.1636819741846, 0.0, 0.0, 0.0, 0.0, 0.0, 374.0096611493513, 225.81372836635342, 0.0, 207.1204318876967, 0.0, 0.0, 0.0, 0.0, 927.0392445180742, 717.1636819741846, 0.0, 0.0, 0.0, 0.0, 0.0, 0.0, 0.0, 0.0, 0.0, 313.271126775732, 0.0, 0.0, 334.55900013282263, 0.0, 656.0396628308715, 0.0, 0.0, 0.0, 0.0, 717.1636819741846, 0.0, 0.0, 0.0, 501.3181595291037, 0.0, 0.0, 0.0]
INFORMACIÓN : 43apuestaBundle [320.9702462911637, 207.1204318876967, 156.91343274551218, 153.3888752952942]
INFORMACIÓN : 43positionsBundle [1092, 2233, 973, 1045]
INFORMACIÓN : 43levelsBundle [2, 2, 2, 1]
INFORMACIÓN : 43positionsOrdered [973, 1092, 1045, 2233]
INFORMACIÓN : 43levelsOrdered [2, 2, 1, 2]
INFORMACIÓN : 43partialityOrdered [2, 2, 1, 2]
INFORMACIÓN : 43arrivalTimes [75.1509135946934, 95.4139048743608, 98.57618253452918, 142.74982175637672]
INFORMACIÓN : 44historia35[656.0396628308715, 0.0, 156.91343274551218, 0.0, 0.0, 0.0, 0.0, 0.0, 0.0, 0.0, 0.0, 557.9415995582533, 0.0, 0.0, 0.0, 0.0, 0.0, 0.0, 1146.9458433935167, 0.0, 1444.9842339823122, 0.0, 0.0, 0.0, 108.3749426902404, 0.0, 557.9415995582533, 425.6983801736676, 158.46693805163017, 0.0, 0.0, 0.0, 374.0096611493513, 0.0, 0.0, 1146.9458433935167, 0.0, 0.0, 0.0, 979.5234460699037, 225.81372836635342, 0.0, 153.3888752952942, 0.0, 501.3181595291037, 927.0392445180742, 320.9702462911637, 0.0, 0.0, 101.21206423436848, 0.0, 0.0, 425.6983801736676, 0.0, 0.0, 0.0, 0.0, 0.0, 0.0, 0.0, 0.0, 0.0, 374.0096611493513, 656.0396628308715, 208.25944957649813, 0.0, 0.0, 0.0, 557.9415995582533, 0.0, 0.0, 927.0392445180742, 0.0, 0.0, 0.0, 0.0, 0.0, 0.0, 317.0557997669072, 0.0, 0.0, 0.0, 0.0, 0.0, 0.0, 215.6561338182991, 0.0, 1444.9842339823122, 979.5234460699037, 0.0, 0.0, 313.271126775732, 0.0, 979.5234460699037, 0.0, 0.0, 0.0, 0.0, 0.0, 0.0, 0.0, 0.0, 0.0, 0.0, 0.0, 0.0, 0.0, 0.0, 235.33986791288044, 501.3181595291037, 1146.9458433935167, 1444.9842339823122, 0.0, 717.1636819741846, 0.0, 0.0, 0.0, 0.0, 0.0, 374.0096611493513, 225.81372836635342, 0.0, 207.1204318876967, 0.0, 0.0, 0.0, 0.0, 927.0392445180742, 717.1636819741846, 0.0, 0.0, 0.0, 0.0, 0.0, 0.0, 0.0, 0.0, 0.0, 313.271126775732, 0.0, 0.0, 334.55900013282263, 0.0, 656.0396628308715, 0.0, 0.0, 0.0, 0.0, 717.1636819741846, 0.0, 0.0, 0.0, 501.3181595291037, 0.0, 0.0, 0.0]
INFORMACIÓN : 44apuestaBundle [320.9702462911637, 207.1204318876967, 156.91343274551218, 153.3888752952942]
INFORMACIÓN : 44positionsBundle [1092, 2233, 973, 1045]
INFORMACIÓN : 44levelsBundle [2, 2, 2, 1]
INFORMACIÓN : 44positionsOrdered [973, 1092, 1045, 2233]
INFORMACIÓN : 44levelsOrdered [2, 2, 1, 2]
INFORMACIÓN : 44partialityOrdered [2, 2, 1, 2]
INFORMACIÓN : 44arrivalTimes [75.1509135946934, 95.4139048743608, 98.57618253452918, 142.74982175637672]
INFORMACIÓN : 45historia36[656.0396628308715, 0.0, 156.91343274551218, 0.0, 0.0, 0.0, 0.0, 0.0, 0.0, 0.0, 0.0, 557.9415995582533, 0.0, 0.0, 0.0, 0.0, 0.0, 0.0, 1146.9458433935167, 0.0, 1444.9842339823122, 0.0, 0.0, 0.0, 108.3749426902404, 0.0, 557.9415995582533, 425.6983801736676, 158.46693805163017, 0.0, 0.0, 0.0, 374.0096611493513, 0.0, 0.0, 1146.9458433935167, 0.0, 0.0, 0.0, 979.5234460699037, 225.81372836635342, 0.0, 153.3888752952942, 0.0, 501.3181595291037, 927.0392445180742, 320.9702462911637, 0.0, 0.0, 101.21206423436848, 0.0, 0.0, 425.6983801736676, 0.0, 0.0, 0.0, 0.0, 0.0, 0.0, 0.0, 0.0, 0.0, 374.0096611493513, 656.0396628308715, 208.25944957649813, 0.0, 0.0, 0.0, 557.9415995582533, 0.0, 0.0, 927.0392445180742, 0.0, 0.0, 0.0, 0.0, 0.0, 0.0, 317.0557997669072, 0.0, 0.0, 0.0, 0.0, 0.0, 0.0, 215.6561338182991, 0.0, 1444.9842339823122, 979.5234460699037, 0.0, 0.0, 313.271126775732, 0.0, 979.5234460699037, 0.0, 0.0, 0.0, 0.0, 0.0, 0.0, 0.0, 0.0, 0.0, 0.0, 0.0, 0.0, 0.0, 0.0, 235.33986791288044, 501.3181595291037, 1146.9458433935167, 1444.9842339823122, 0.0, 717.1636819741846, 0.0, 0.0, 0.0, 0.0, 0.0, 374.0096611493513, 225.81372836635342, 0.0, 207.1204318876967, 0.0, 0.0, 0.0, 0.0, 927.0392445180742, 717.1636819741846, 0.0, 0.0, 0.0, 0.0, 0.0, 0.0, 0.0, 0.0, 0.0, 313.271126775732, 0.0, 0.0, 334.55900013282263, 0.0, 656.0396628308715, 0.0, 0.0, 0.0, 0.0, 717.1636819741846, 0.0, 0.0, 0.0, 501.3181595291037, 0.0, 0.0, 0.0]
INFORMACIÓN : 45apuestaBundle [320.9702462911637, 207.1204318876967, 156.91343274551218, 153.3888752952942]
INFORMACIÓN : 45positionsBundle [1092, 2233, 973, 1045]
INFORMACIÓN : 45levelsBundle [2, 2, 2, 1]
INFORMACIÓN : 45positionsOrdered [973, 1092, 1045, 2233]
INFORMACIÓN : 45levelsOrdered [2, 2, 1, 2]
INFORMACIÓN : 45partialityOrdered [2, 2, 1, 2]
INFORMACIÓN : 45arrivalTimes [75.1509135946934, 95.4139048743608, 98.57618253452918, 142.74982175637672]
INFORMACIÓN : 46historia37[656.0396628308715, 0.0, 156.91343274551218, 0.0, 0.0, 0.0, 0.0, 0.0, 0.0, 0.0, 0.0, 557.9415995582533, 0.0, 0.0, 0.0, 0.0, 0.0, 0.0, 1146.9458433935167, 0.0, 1444.9842339823122, 0.0, 0.0, 0.0, 108.3749426902404, 0.0, 557.9415995582533, 425.6983801736676, 158.46693805163017, 0.0, 0.0, 0.0, 374.0096611493513, 0.0, 0.0, 1146.9458433935167, 0.0, 0.0, 0.0, 979.5234460699037, 225.81372836635342, 0.0, 153.3888752952942, 0.0, 501.3181595291037, 927.0392445180742, 320.9702462911637, 0.0, 0.0, 101.21206423436848, 0.0, 0.0, 425.6983801736676, 0.0, 0.0, 0.0, 0.0, 0.0, 0.0, 0.0, 0.0, 0.0, 374.0096611493513, 656.0396628308715, 208.25944957649813, 0.0, 0.0, 0.0, 557.9415995582533, 0.0, 197.08615453277952, 927.0392445180742, 0.0, 0.0, 0.0, 0.0, 0.0, 0.0, 317.0557997669072, 0.0, 0.0, 0.0, 0.0, 0.0, 0.0, 0.0, 0.0, 1444.9842339823122, 979.5234460699037, 0.0, 0.0, 313.271126775732, 0.0, 979.5234460699037, 0.0, 0.0, 0.0, 0.0, 0.0, 0.0, 0.0, 0.0, 0.0, 0.0, 0.0, 0.0, 0.0, 0.0, 235.33986791288044, 501.3181595291037, 1146.9458433935167, 1444.9842339823122, 0.0, 717.1636819741846, 0.0, 0.0, 0.0, 0.0, 0.0, 374.0096611493513, 225.81372836635342, 0.0, 207.1204318876967, 0.0, 0.0, 0.0, 0.0, 927.0392445180742, 717.1636819741846, 0.0, 0.0, 0.0, 0.0, 0.0, 0.0, 0.0, 0.0, 0.0, 313.271126775732, 0.0, 0.0, 334.55900013282263, 0.0, 656.0396628308715, 0.0, 0.0, 0.0, 0.0, 717.1636819741846, 0.0, 0.0, 0.0, 501.3181595291037, 0.0, 0.0, 0.0]
INFORMACIÓN : 46apuestaBundle [320.9702462911637, 207.1204318876967, 156.91343274551218, 153.3888752952942]
INFORMACIÓN : 46positionsBundle [1092, 2233, 973, 1045]
INFORMACIÓN : 46levelsBundle [2, 2, 2, 1]
INFORMACIÓN : 46positionsOrdered [973, 1092, 1045, 2233]
INFORMACIÓN : 46levelsOrdered [2, 2, 1, 2]
INFORMACIÓN : 46partialityOrdered [2, 2, 1, 2]
INFORMACIÓN : 46arrivalTimes [75.1509135946934, 95.4139048743608, 98.57618253452918, 142.74982175637672]
INFORMACIÓN : 47historia0[656.0396628308715, 0.0, 156.91343274551218, 0.0, 0.0, 0.0, 0.0, 0.0, 0.0, 0.0, 0.0, 557.9415995582533, 0.0, 0.0, 0.0, 0.0, 0.0, 0.0, 1146.9458433935167, 0.0, 1444.9842339823122, 0.0, 0.0, 0.0, 108.3749426902404, 0.0, 557.9415995582533, 425.6983801736676, 158.46693805163017, 0.0, 0.0, 0.0, 374.0096611493513, 0.0, 0.0, 1146.9458433935167, 0.0, 0.0, 0.0, 979.5234460699037, 225.81372836635342, 0.0, 153.3888752952942, 0.0, 501.3181595291037, 927.0392445180742, 320.9702462911637, 0.0, 0.0, 101.21206423436848, 0.0, 0.0, 425.6983801736676, 0.0, 0.0, 0.0, 0.0, 0.0, 0.0, 0.0, 0.0, 0.0, 374.0096611493513, 656.0396628308715, 208.25944957649813, 0.0, 0.0, 0.0, 557.9415995582533, 0.0, 197.08615453277952, 927.0392445180742, 0.0, 0.0, 0.0, 0.0, 0.0, 0.0, 317.0557997669072, 0.0, 0.0, 0.0, 0.0, 0.0, 0.0, 0.0, 0.0, 1444.9842339823122, 979.5234460699037, 0.0, 0.0, 313.271126775732, 0.0, 979.5234460699037, 0.0, 0.0, 0.0, 0.0, 0.0, 0.0, 0.0, 0.0, 0.0, 0.0, 0.0, 0.0, 0.0, 0.0, 235.33986791288044, 501.3181595291037, 1146.9458433935167, 1444.9842339823122, 0.0, 717.1636819741846, 0.0, 0.0, 0.0, 0.0, 0.0, 374.0096611493513, 225.81372836635342, 0.0, 207.1204318876967, 0.0, 0.0, 0.0, 0.0, 927.0392445180742, 717.1636819741846, 0.0, 0.0, 0.0, 0.0, 0.0, 0.0, 0.0, 0.0, 0.0, 313.271126775732, 0.0, 0.0, 334.55900013282263, 0.0, 656.0396628308715, 0.0, 0.0, 0.0, 0.0, 717.1636819741846, 0.0, 0.0, 0.0, 501.3181595291037, 0.0, 0.0, 0.0]
INFORMACIÓN : 47apuestaBundle [320.9702462911637, 207.1204318876967, 156.91343274551218, 153.3888752952942]
INFORMACIÓN : 47positionsBundle [1092, 2233, 973, 1045]
INFORMACIÓN : 47levelsBundle [2, 2, 2, 1]
INFORMACIÓN : 47positionsOrdered [973, 1092, 1045, 2233]
INFORMACIÓN : 47levelsOrdered [2, 2, 1, 2]
INFORMACIÓN : 47partialityOrdered [2, 2, 1, 2]
INFORMACIÓN : 47arrivalTimes [75.1509135946934, 95.4139048743608, 98.57618253452918, 142.74982175637672]
INFORMACIÓN : 48historia1[656.0396628308715, 0.0, 156.91343274551218, 0.0, 0.0, 0.0, 0.0, 0.0, 0.0, 0.0, 0.0, 557.9415995582533, 0.0, 0.0, 0.0, 0.0, 0.0, 0.0, 1146.9458433935167, 0.0, 1444.9842339823122, 0.0, 0.0, 0.0, 0.0, 0.0, 557.9415995582533, 425.6983801736676, 158.46693805163017, 0.0, 0.0, 0.0, 374.0096611493513, 0.0, 0.0, 1146.9458433935167, 0.0, 0.0, 0.0, 979.5234460699037, 225.81372836635342, 0.0, 153.3888752952942, 0.0, 501.3181595291037, 927.0392445180742, 320.9702462911637, 0.0, 0.0, 0.0, 0.0, 0.0, 425.6983801736676, 0.0, 73.66686285891029, 0.0, 0.0, 0.0, 0.0, 0.0, 0.0, 0.0, 374.0096611493513, 656.0396628308715, 208.25944957649813, 0.0, 0.0, 0.0, 557.9415995582533, 0.0, 197.08615453277952, 927.0392445180742, 0.0, 0.0, 0.0, 0.0, 0.0, 0.0, 317.0557997669072, 0.0, 0.0, 0.0, 0.0, 0.0, 0.0, 0.0, 0.0, 1444.9842339823122, 979.5234460699037, 0.0, 0.0, 313.271126775732, 0.0, 979.5234460699037, 52.594514970484255, 0.0, 0.0, 0.0, 0.0, 0.0, 0.0, 0.0, 0.0, 0.0, 0.0, 0.0, 0.0, 0.0, 235.33986791288044, 501.3181595291037, 1146.9458433935167, 1444.9842339823122, 0.0, 717.1636819741846, 0.0, 0.0, 0.0, 0.0, 0.0, 374.0096611493513, 225.81372836635342, 0.0, 207.1204318876967, 0.0, 0.0, 0.0, 0.0, 927.0392445180742, 717.1636819741846, 0.0, 0.0, 0.0, 0.0, 0.0, 0.0, 0.0, 0.0, 0.0, 313.271126775732, 0.0, 0.0, 334.55900013282263, 0.0, 656.0396628308715, 0.0, 0.0, 0.0, 0.0, 717.1636819741846, 0.0, 0.0, 0.0, 501.3181595291037, 0.0, 0.0, 0.0]
