----------------------------------------------------------------------
-- Log session for [myBugCoalitionsCCBBAGuaiDEF-9] started on 2017.07.15.01.42.36 --
----------------------------------------------------------------------

INFORMACIÓN : I started
INFORMACIÓN : 0apuestaBundle [664.0893301556919, 664.0893301556919, 807.0461153482556, 664.0893301556919, 807.0461153482556, 199.16563538672386, 199.16563538672386, 199.16563538672386]
INFORMACIÓN : 0positionsBundle [213, 213, 2259, 213, 2209, 569, 569, 569]
INFORMACIÓN : 0levelsBundle [3, 3, 1, 3, 1, 3, 3, 3]
INFORMACIÓN : 0positionsOrdered [213, 213, 2259, 213, 2209, 569, 569, 569]
INFORMACIÓN : 0levelsOrdered [3, 3, 1, 3, 1, 3, 3, 3]
INFORMACIÓN : 0partialityOrdered [3, 3, 3, 3, 1, 3, 3, 3]
INFORMACIÓN : 0arrivalTimes [15.297058540778355, 15.297058540778355, 15.297058540778355, 15.297058540778355, 15.297058540778355, 24.516602998071242, 24.516602998071242, 24.516602998071242]
INFORMACIÓN : 1historia0[0.0, 0.0, 807.0461153482556, 259.67898060135775, 0.0, 0.0, 807.0461153482556, 0.0, 0.0, 0.0, 0.0, 0.0, 0.0, 0.0, 0.0, 0.0, 0.0, 0.0, 0.0, 664.0893301556919, 0.0, 664.0893301556919, 0.0, 0.0, 0.0, 0.0, 0.0, 0.0, 0.0, 0.0, 0.0, 0.0, 0.0, 0.0, 0.0, 0.0, 0.0, 0.0, 0.0, 0.0, 0.0, 0.0, 0.0, 0.0, 664.0893301556919, 0.0, 0.0, 0.0, 0.0, 0.0, 0.0, 0.0, 0.0, 0.0, 0.0, 0.0, 199.16563538672386, 0.0, 0.0, 0.0, 0.0, 0.0, 0.0, 0.0, 0.0, 0.0, 199.16563538672386, 0.0, 199.16563538672386, 0.0, 0.0, 0.0, 0.0, 0.0, 0.0, 0.0, 0.0, 0.0, 0.0, 0.0, 0.0, 0.0, 0.0, 0.0, 0.0, 0.0, 0.0, 0.0, 0.0, 0.0, 0.0, 0.0, 0.0, 0.0, 0.0, 0.0, 0.0, 0.0, 0.0, 0.0, 0.0, 0.0, 0.0, 0.0, 0.0, 0.0, 0.0, 0.0, 0.0, 0.0, 0.0, 0.0, 0.0, 0.0, 0.0, 0.0, 0.0, 0.0, 0.0, 0.0, 0.0, 0.0, 0.0, 0.0, 0.0, 0.0, 0.0, 0.0, 0.0, 0.0, 0.0, 0.0, 0.0, 0.0, 0.0, 0.0, 0.0, 0.0, 0.0, 0.0, 0.0, 0.0, 0.0, 0.0, 0.0, 0.0, 0.0, 0.0, 0.0, 0.0, 0.0, 0.0, 0.0, 0.0, 0.0, 0.0]
INFORMACIÓN : 1apuestaBundle [664.0893301556919, 664.0893301556919, 807.0461153482556, 664.0893301556919, 807.0461153482556, 199.16563538672386, 199.16563538672386, 199.16563538672386]
INFORMACIÓN : 1positionsBundle [213, 213, 2259, 213, 2209, 569, 569, 569]
INFORMACIÓN : 1levelsBundle [3, 3, 1, 3, 1, 3, 3, 3]
INFORMACIÓN : 1positionsOrdered [213, 213, 2259, 213, 2209, 569, 569, 569]
INFORMACIÓN : 1levelsOrdered [3, 3, 1, 3, 1, 3, 3, 3]
INFORMACIÓN : 1partialityOrdered [3, 3, 3, 3, 1, 3, 3, 3]
INFORMACIÓN : 1arrivalTimes [15.297058540778355, 15.297058540778355, 15.297058540778355, 15.297058540778355, 15.297058540778355, 24.516602998071242, 24.516602998071242, 24.516602998071242]
INFORMACIÓN : I [IR, MW, AB, MW]; lost Test.myBail@5421b83a; POS 213; sensors [IR, MW]; level 3 I paid 664.0893301556919in favour of5@(myturtles,myturtles,bug)@MK-18551 paid 679.6324620435978
INFORMACIÓN : 2historia0[0.0, 0.0, 0.0, 259.67898060135775, 0.0, 0.0, 0.0, 791.5029834603502, 0.0, 0.0, 0.0, 0.0, 0.0, 231.093960519157, 0.0, 0.0, 0.0, 0.0, 0.0, 679.6324620435978, 0.0, 679.6324620435978, 0.0, 0.0, 0.0, 231.093960519157, 0.0, 0.0, 0.0, 0.0, 0.0, 0.0, 0.0, 0.0, 0.0, 0.0, 0.0, 0.0, 0.0, 0.0, 0.0, 378.76803066304325, 0.0, 0.0, 679.6324620435978, 0.0, 0.0, 0.0, 0.0, 0.0, 0.0, 0.0, 0.0, 0.0, 0.0, 0.0, 0.0, 0.0, 0.0, 0.0, 0.0, 0.0, 0.0, 0.0, 0.0, 0.0, 0.0, 0.0, 0.0, 0.0, 0.0, 0.0, 0.0, 0.0, 0.0, 0.0, 0.0, 0.0, 0.0, 0.0, 0.0, 0.0, 0.0, 0.0, 0.0, 0.0, 0.0, 0.0, 194.19355469672803, 0.0, 0.0, 0.0, 0.0, 0.0, 0.0, 0.0, 0.0, 0.0, 0.0, 0.0, 0.0, 0.0, 0.0, 0.0, 0.0, 0.0, 0.0, 0.0, 0.0, 0.0, 0.0, 0.0, 0.0, 0.0, 0.0, 0.0, 0.0, 0.0, 0.0, 0.0, 0.0, 0.0, 0.0, 0.0, 0.0, 0.0, 0.0, 0.0, 0.0, 0.0, 0.0, 378.76803066304325, 0.0, 0.0, 0.0, 0.0, 0.0, 0.0, 0.0, 0.0, 0.0, 0.0, 0.0, 0.0, 0.0, 0.0, 0.0, 0.0, 194.19355469672803, 0.0, 0.0, 0.0, 0.0, 0.0, 0.0, 0.0]
INFORMACIÓN : 2apuestaBundle [199.16563538672386, 199.16563538672386, 226.13775844081636, 199.16563538672386, 226.13775844081636, 77.11233089657797]
INFORMACIÓN : 2positionsBundle [569, 569, 2259, 569, 2209, 2079]
INFORMACIÓN : 2levelsBundle [3, 3, 1, 3, 1, 3]
INFORMACIÓN : 2positionsOrdered [569, 569, 569, 2259, 2209, 2079]
INFORMACIÓN : 2levelsOrdered [3, 3, 3, 1, 1, 3]
INFORMACIÓN : 2partialityOrdered [3, 3, 3, 3, 1, 3]
INFORMACIÓN : 2arrivalTimes [13.45362404707371, 13.45362404707371, 13.45362404707371, 13.45362404707371, 13.45362404707371, 45.0764006487575]
INFORMACIÓN : 3historia0[0.0, 0.0, 226.13775844081636, 259.67898060135775, 0.0, 0.0, 226.13775844081636, 791.5029834603502, 0.0, 0.0, 0.0, 0.0, 0.0, 791.5029834603502, 0.0, 0.0, 0.0, 0.0, 0.0, 679.6324620435978, 0.0, 679.6324620435978, 0.0, 0.0, 0.0, 0.0, 0.0, 0.0, 0.0, 0.0, 0.0, 0.0, 0.0, 0.0, 0.0, 0.0, 73.87106131889965, 0.0, 0.0, 0.0, 77.11233089657797, 612.5286578488658, 0.0, 0.0, 679.6324620435978, 0.0, 0.0, 0.0, 0.0, 0.0, 0.0, 0.0, 0.0, 0.0, 0.0, 0.0, 199.16563538672386, 0.0, 0.0, 0.0, 0.0, 0.0, 0.0, 0.0, 0.0, 0.0, 199.16563538672386, 0.0, 199.16563538672386, 0.0, 0.0, 0.0, 0.0, 0.0, 0.0, 0.0, 0.0, 654.1203059096307, 0.0, 0.0, 0.0, 0.0, 0.0, 0.0, 0.0, 0.0, 0.0, 0.0, 0.0, 0.0, 0.0, 0.0, 0.0, 0.0, 0.0, 0.0, 0.0, 0.0, 0.0, 0.0, 0.0, 0.0, 0.0, 0.0, 0.0, 0.0, 0.0, 0.0, 0.0, 0.0, 0.0, 0.0, 0.0, 612.5286578488658, 0.0, 0.0, 0.0, 0.0, 0.0, 0.0, 0.0, 0.0, 0.0, 0.0, 0.0, 0.0, 0.0, 0.0, 0.0, 0.0, 0.0, 612.5286578488658, 0.0, 0.0, 0.0, 0.0, 0.0, 0.0, 0.0, 0.0, 0.0, 0.0, 0.0, 0.0, 0.0, 0.0, 0.0, 0.0, 0.0, 0.0, 0.0, 0.0, 0.0, 0.0, 0.0, 0.0]
INFORMACIÓN : 3apuestaBundle [199.16563538672386, 199.16563538672386, 226.13775844081636, 199.16563538672386, 226.13775844081636, 77.11233089657797]
INFORMACIÓN : 3positionsBundle [569, 569, 2259, 569, 2209, 2079]
INFORMACIÓN : 3levelsBundle [3, 3, 1, 3, 1, 3]
INFORMACIÓN : 3positionsOrdered [569, 569, 569, 2259, 2209, 2079]
INFORMACIÓN : 3levelsOrdered [3, 3, 3, 1, 1, 3]
INFORMACIÓN : 3partialityOrdered [3, 3, 3, 3, 1, 3]
INFORMACIÓN : 3arrivalTimes [13.45362404707371, 13.45362404707371, 13.45362404707371, 13.45362404707371, 13.45362404707371, 45.0764006487575]
INFORMACIÓN : mutexSat position 2259 level 1
INFORMACIÓN : I [IR, MW, AB, MW]; lost Test.myBail@757b1578; POS 2259; sensors []; level 1 I paid 226.13775844081636in favour ofnull paid 226.13775844081636
INFORMACIÓN : 4historia0[0.0, 0.0, 0.0, 0.0, 0.0, 0.0, 0.0, 791.5029834603502, 0.0, 0.0, 0.0, 0.0, 0.0, 791.5029834603502, 0.0, 0.0, 0.0, 761.5852453982657, 0.0, 679.6324620435978, 0.0, 679.6324620435978, 0.0, 0.0, 0.0, 670.413684890993, 0.0, 0.0, 0.0, 0.0, 0.0, 0.0, 0.0, 0.0, 0.0, 0.0, 0.0, 0.0, 0.0, 0.0, 0.0, 612.5286578488658, 0.0, 0.0, 679.6324620435978, 264.04675663795854, 0.0, 0.0, 0.0, 0.0, 0.0, 0.0, 0.0, 0.0, 0.0, 0.0, 199.16563538672386, 0.0, 0.0, 0.0, 0.0, 0.0, 0.0, 0.0, 0.0, 0.0, 199.16563538672386, 0.0, 0.0, 0.0, 0.0, 0.0, 0.0, 0.0, 0.0, 0.0, 0.0, 654.1203059096307, 0.0, 0.0, 0.0, 0.0, 0.0, 0.0, 0.0, 0.0, 0.0, 0.0, 278.9134729448082, 0.0, 0.0, 0.0, 0.0, 0.0, 0.0, 0.0, 0.0, 0.0, 0.0, 0.0, 0.0, 0.0, 0.0, 0.0, 0.0, 0.0, 0.0, 0.0, 264.04675663795854, 0.0, 0.0, 0.0, 0.0, 612.5286578488658, 0.0, 0.0, 0.0, 0.0, 0.0, 0.0, 0.0, 0.0, 0.0, 0.0, 0.0, 0.0, 0.0, 0.0, 0.0, 0.0, 0.0, 612.5286578488658, 0.0, 0.0, 0.0, 0.0, 0.0, 0.0, 0.0, 0.0, 0.0, 0.0, 0.0, 0.0, 0.0, 0.0, 0.0, 0.0, 278.9134729448082, 0.0, 0.0, 0.0, 0.0, 0.0, 0.0, 0.0]
INFORMACIÓN : 4apuestaBundle [199.16563538672386, 199.16563538672386, 226.13775844081636, 199.16563538672386, 226.13775844081636, 59.32173447422332]
INFORMACIÓN : 4positionsBundle [569, 569, 2209, 569, 2079, 1654]
INFORMACIÓN : 4levelsBundle [3, 3, 1, 3, 1, 2]
INFORMACIÓN : 4positionsOrdered [569, 569, 569, 2209, 2079, 1654]
INFORMACIÓN : 4levelsOrdered [3, 3, 3, 1, 1, 2]
INFORMACIÓN : 4partialityOrdered [3, 3, 3, 1, 3, 2]
INFORMACIÓN : 4arrivalTimes [13.45362404707371, 13.45362404707371, 13.45362404707371, 13.45362404707371, 13.45362404707371, 40.0806779584624]
INFORMACIÓN : mutexSat position 2079 level 1
INFORMACIÓN : I [IR, MW, AB, MW]; lost Test.myBail@18696c5e; POS 2079; sensors []; level 1 I paid 226.13775844081636in favour ofnull paid 226.13775844081636
INFORMACIÓN : 5historia0[0.0, 0.0, 0.0, 0.0, 0.0, 0.0, 226.13775844081636, 791.5029834603502, 0.0, 0.0, 0.0, 0.0, 0.0, 791.5029834603502, 0.0, 0.0, 0.0, 761.5852453982657, 588.9824089772637, 679.6324620435978, 0.0, 679.6324620435978, 0.0, 0.0, 0.0, 0.0, 0.0, 0.0, 0.0, 0.0, 0.0, 0.0, 0.0, 0.0, 0.0, 0.0, 0.0, 0.0, 0.0, 0.0, 0.0, 612.5286578488658, 0.0, 0.0, 679.6324620435978, 0.0, 364.071702775777, 0.0, 0.0, 0.0, 0.0, 0.0, 0.0, 0.0, 0.0, 0.0, 199.16563538672386, 0.0, 0.0, 0.0, 0.0, 0.0, 0.0, 0.0, 0.0, 0.0, 199.16563538672386, 0.0, 199.16563538672386, 0.0, 0.0, 0.0, 0.0, 0.0, 0.0, 0.0, 0.0, 654.1203059096307, 0.0, 0.0, 0.0, 0.0, 0.0, 0.0, 0.0, 0.0, 0.0, 0.0, 278.9134729448082, 0.0, 0.0, 0.0, 0.0, 0.0, 179.4811097222348, 0.0, 0.0, 0.0, 0.0, 0.0, 0.0, 0.0, 0.0, 0.0, 0.0, 0.0, 0.0, 0.0, 0.0, 0.0, 0.0, 0.0, 0.0, 612.5286578488658, 0.0, 0.0, 0.0, 0.0, 0.0, 0.0, 0.0, 0.0, 0.0, 0.0, 0.0, 0.0, 0.0, 0.0, 0.0, 0.0, 0.0, 612.5286578488658, 0.0, 5.005157111560646, 0.0, 0.0, 0.0, 0.0, 0.0, 0.0, 0.0, 0.0, 0.0, 0.0, 0.0, 0.0, 0.0, 0.0, 278.9134729448082, 0.0, 0.0, 0.0, 0.0, 0.0, 0.0, 0.0]
INFORMACIÓN : 5apuestaBundle [199.16563538672386, 199.16563538672386, 226.13775844081636, 199.16563538672386, 103.11441124307976, 103.11441124307976, 77.11233089657797, 77.11233089657797]
INFORMACIÓN : 5positionsBundle [569, 569, 2209, 569, 2395, 2395, 2079, 2079]
INFORMACIÓN : 5levelsBundle [3, 3, 1, 3, 1, 1, 3, 3]
INFORMACIÓN : 5positionsOrdered [569, 569, 569, 2209, 2395, 2395, 2079, 2079]
INFORMACIÓN : 5levelsOrdered [3, 3, 3, 1, 1, 1, 3, 3]
INFORMACIÓN : 5partialityOrdered [3, 3, 3, 1, 3, 3, 3, 3]
INFORMACIÓN : 5arrivalTimes [13.45362404707371, 13.45362404707371, 13.45362404707371, 13.45362404707371, 13.45362404707371, 13.45362404707371, 45.0764006487575, 45.0764006487575]
INFORMACIÓN : 6historia0[0.0, 0.0, 0.0, 0.0, 0.0, 0.0, 226.13775844081636, 791.5029834603502, 0.0, 0.0, 0.0, 0.0, 0.0, 791.5029834603502, 0.0, 0.0, 0.0, 761.5852453982657, 588.9824089772637, 679.6324620435978, 0.0, 679.6324620435978, 0.0, 0.0, 0.0, 670.413684890993, 0.0, 0.0, 0.0, 0.0, 0.0, 0.0, 0.0, 0.0, 0.0, 0.0, 0.0, 0.0, 0.0, 0.0, 77.11233089657797, 612.5286578488658, 0.0, 0.0, 679.6324620435978, 264.04675663795854, 0.0, 0.0, 0.0, 0.0, 0.0, 0.0, 0.0, 0.0, 0.0, 0.0, 199.16563538672386, 0.0, 0.0, 0.0, 0.0, 0.0, 0.0, 0.0, 0.0, 0.0, 199.16563538672386, 0.0, 199.16563538672386, 0.0, 0.0, 0.0, 0.0, 0.0, 0.0, 0.0, 0.0, 654.1203059096307, 0.0, 0.0, 0.0, 0.0, 0.0, 103.11441124307976, 0.0, 0.0, 0.0, 0.0, 278.9134729448082, 0.0, 0.0, 0.0, 0.0, 0.0, 0.0, 0.0, 0.0, 77.11233089657797, 0.0, 0.0, 0.0, 0.0, 0.0, 0.0, 0.0, 0.0, 0.0, 0.0, 264.04675663795854, 0.0, 0.0, 0.0, 0.0, 612.5286578488658, 0.0, 0.0, 0.0, 0.0, 0.0, 0.0, 0.0, 0.0, 0.0, 0.0, 0.0, 0.0, 0.0, 0.0, 0.0, 0.0, 0.0, 612.5286578488658, 0.0, 5.005157111560646, 0.0, 0.0, 0.0, 0.0, 0.0, 0.0, 103.11441124307976, 0.0, 0.0, 0.0, 0.0, 0.0, 0.0, 0.0, 278.9134729448082, 0.0, 0.0, 0.0, 0.0, 0.0, 0.0, 0.0]
INFORMACIÓN : 6apuestaBundle [199.16563538672386, 199.16563538672386, 226.13775844081636, 199.16563538672386, 103.11441124307976, 103.11441124307976, 77.11233089657797, 77.11233089657797, 77.11233089657797]
INFORMACIÓN : 6positionsBundle [569, 569, 2209, 569, 2395, 2395, 2079, 2079, 2079]
INFORMACIÓN : 6levelsBundle [3, 3, 1, 3, 1, 1, 3, 3, 3]
INFORMACIÓN : 6positionsOrdered [569, 569, 569, 2209, 2395, 2395, 2079, 2079, 2079]
INFORMACIÓN : 6levelsOrdered [3, 3, 3, 1, 1, 1, 3, 3, 3]
INFORMACIÓN : 6partialityOrdered [3, 3, 3, 1, 3, 3, 3, 3, 3]
INFORMACIÓN : 6arrivalTimes [13.45362404707371, 13.45362404707371, 13.45362404707371, 13.45362404707371, 13.45362404707371, 13.45362404707371, 45.0764006487575, 45.0764006487575, 45.0764006487575]
INFORMACIÓN : coalSat position 2079 level 3
INFORMACIÓN : coalSat position 2079 level 3
INFORMACIÓN : I [IR, MW, AB, MW]; lost Test.myBail@c936bd3; POS 2079; sensors [IR, MW]; level 3 I paid 77.11233089657797in favour ofnull paid 77.11233089657797
INFORMACIÓN : 7historia0[0.0, 0.0, 0.0, 0.0, 0.0, 0.0, 226.13775844081636, 791.5029834603502, 0.0, 0.0, 0.0, 0.0, 0.0, 791.5029834603502, 0.0, 0.0, 0.0, 761.5852453982657, 588.9824089772637, 679.6324620435978, 0.0, 679.6324620435978, 0.0, 0.0, 0.0, 670.413684890993, 0.0, 0.0, 0.0, 0.0, 0.0, 0.0, 0.0, 0.0, 0.0, 0.0, 0.0, 0.0, 0.0, 0.0, 0.0, 612.5286578488658, 0.0, 0.0, 679.6324620435978, 264.04675663795854, 364.071702775777, 0.0, 0.0, 0.0, 0.0, 0.0, 0.0, 0.0, 0.0, 0.0, 199.16563538672386, 0.0, 0.0, 0.0, 84.9586482395239, 0.0, 0.0, 0.0, 0.0, 0.0, 199.16563538672386, 0.0, 199.16563538672386, 0.0, 0.0, 0.0, 0.0, 0.0, 0.0, 0.0, 0.0, 654.1203059096307, 0.0, 0.0, 0.0, 0.0, 0.0, 103.11441124307976, 0.0, 0.0, 0.0, 0.0, 278.9134729448082, 0.0, 0.0, 0.0, 0.0, 49.52243179945954, 179.4811097222348, 0.0, 0.0, 0.0, 0.0, 0.0, 122.06953647221769, 0.0, 0.0, 0.0, 0.0, 0.0, 0.0, 0.0, 264.04675663795854, 0.0, 0.0, 0.0, 0.0, 612.5286578488658, 0.0, 0.0, 0.0, 0.0, 0.0, 0.0, 0.0, 0.0, 0.0, 0.0, 0.0, 0.0, 0.0, 0.0, 0.0, 0.0, 0.0, 612.5286578488658, 0.0, 5.005157111560646, 0.0, 0.0, 0.0, 0.0, 0.0, 0.0, 103.11441124307976, 0.0, 0.0, 0.0, 0.0, 0.0, 0.0, 0.0, 278.9134729448082, 0.0, 0.0, 0.0, 0.0, 0.0, 0.0, 0.0]
INFORMACIÓN : 7apuestaBundle [199.16563538672386, 199.16563538672386, 226.13775844081636, 199.16563538672386, 103.11441124307976, 103.11441124307976, 77.11233089657797, 77.11233089657797]
INFORMACIÓN : 7positionsBundle [569, 569, 2209, 569, 2395, 2395, 2079, 2079]
INFORMACIÓN : 7levelsBundle [3, 3, 1, 3, 1, 1, 3, 3]
INFORMACIÓN : 7positionsOrdered [569, 569, 569, 2209, 2395, 2395, 2079, 2079]
INFORMACIÓN : 7levelsOrdered [3, 3, 3, 1, 1, 1, 3, 3]
INFORMACIÓN : 7partialityOrdered [3, 3, 3, 1, 3, 3, 3, 3]
INFORMACIÓN : 7arrivalTimes [13.45362404707371, 13.45362404707371, 13.45362404707371, 13.45362404707371, 13.45362404707371, 13.45362404707371, 45.0764006487575, 45.0764006487575]
INFORMACIÓN : 8historia0[0.0, 0.0, 0.0, 0.0, 0.0, 0.0, 226.13775844081636, 791.5029834603502, 0.0, 0.0, 0.0, 0.0, 0.0, 791.5029834603502, 0.0, 0.0, 0.0, 761.5852453982657, 588.9824089772637, 679.6324620435978, 0.0, 679.6324620435978, 0.0, 0.0, 0.0, 670.413684890993, 0.0, 0.0, 0.0, 0.0, 0.0, 0.0, 0.0, 0.0, 0.0, 0.0, 0.0, 0.0, 0.0, 0.0, 77.11233089657797, 612.5286578488658, 0.0, 0.0, 679.6324620435978, 264.04675663795854, 364.071702775777, 0.0, 0.0, 0.0, 0.0, 0.0, 0.0, 0.0, 0.0, 0.0, 199.16563538672386, 0.0, 0.0, 0.0, 84.9586482395239, 0.0, 0.0, 0.0, 0.0, 0.0, 199.16563538672386, 0.0, 199.16563538672386, 0.0, 0.0, 0.0, 0.0, 0.0, 0.0, 0.0, 0.0, 654.1203059096307, 0.0, 0.0, 0.0, 0.0, 0.0, 103.11441124307976, 0.0, 0.0, 0.0, 0.0, 278.9134729448082, 0.0, 0.0, 0.0, 0.0, 49.52243179945954, 179.4811097222348, 0.0, 0.0, 77.11233089657797, 0.0, 0.0, 122.06953647221769, 0.0, 0.0, 0.0, 0.0, 0.0, 0.0, 0.0, 264.04675663795854, 0.0, 0.0, 0.0, 0.0, 612.5286578488658, 0.0, 0.0, 0.0, 0.0, 0.0, 0.0, 0.0, 0.0, 0.0, 0.0, 0.0, 0.0, 0.0, 0.0, 0.0, 0.0, 0.0, 612.5286578488658, 0.0, 5.005157111560646, 0.0, 0.0, 0.0, 0.0, 0.0, 0.0, 103.11441124307976, 0.0, 0.0, 0.0, 0.0, 0.0, 0.0, 0.0, 278.9134729448082, 0.0, 0.0, 0.0, 0.0, 0.0, 0.0, 0.0]
INFORMACIÓN : 8apuestaBundle [199.16563538672386, 199.16563538672386, 226.13775844081636, 199.16563538672386, 103.11441124307976, 103.11441124307976, 77.11233089657797, 77.11233089657797]
INFORMACIÓN : 8positionsBundle [569, 569, 2209, 569, 2395, 2395, 2079, 2079]
INFORMACIÓN : 8levelsBundle [3, 3, 1, 3, 1, 1, 3, 3]
INFORMACIÓN : 8positionsOrdered [569, 569, 569, 2209, 2395, 2395, 2079, 2079]
INFORMACIÓN : 8levelsOrdered [3, 3, 3, 1, 1, 1, 3, 3]
INFORMACIÓN : 8partialityOrdered [3, 3, 3, 1, 3, 3, 3, 3]
INFORMACIÓN : 8arrivalTimes [13.45362404707371, 13.45362404707371, 13.45362404707371, 13.45362404707371, 13.45362404707371, 13.45362404707371, 45.0764006487575, 45.0764006487575]
INFORMACIÓN : 9historia0[0.0, 0.0, 0.0, 0.0, 0.0, 0.0, 226.13775844081636, 791.5029834603502, 0.0, 0.0, 0.0, 0.0, 0.0, 791.5029834603502, 0.0, 0.0, 0.0, 761.5852453982657, 588.9824089772637, 679.6324620435978, 0.0, 679.6324620435978, 0.0, 0.0, 0.0, 670.413684890993, 0.0, 0.0, 0.0, 0.0, 0.0, 0.0, 0.0, 0.0, 0.0, 0.0, 0.0, 0.0, 0.0, 0.0, 77.11233089657797, 612.5286578488658, 0.0, 0.0, 679.6324620435978, 264.04675663795854, 364.071702775777, 0.0, 0.0, 0.0, 0.0, 0.0, 0.0, 0.0, 0.0, 0.0, 199.16563538672386, 0.0, 0.0, 0.0, 84.9586482395239, 0.0, 0.0, 0.0, 0.0, 0.0, 199.16563538672386, 0.0, 199.16563538672386, 0.0, 0.0, 0.0, 0.0, 0.0, 0.0, 0.0, 0.0, 654.1203059096307, 0.0, 0.0, 0.0, 0.0, 0.0, 103.11441124307976, 0.0, 0.0, 0.0, 0.0, 278.9134729448082, 0.0, 0.0, 0.0, 0.0, 49.52243179945954, 179.4811097222348, 0.0, 0.0, 77.11233089657797, 0.0, 0.0, 122.06953647221769, 0.0, 0.0, 0.0, 0.0, 0.0, 0.0, 0.0, 264.04675663795854, 0.0, 0.0, 0.0, 0.0, 612.5286578488658, 0.0, 0.0, 0.0, 0.0, 0.0, 0.0, 0.0, 0.0, 0.0, 0.0, 0.0, 0.0, 0.0, 0.0, 0.0, 0.0, 0.0, 612.5286578488658, 0.0, 5.005157111560646, 0.0, 0.0, 0.0, 0.0, 0.0, 0.0, 103.11441124307976, 0.0, 0.0, 0.0, 0.0, 0.0, 0.0, 0.0, 278.9134729448082, 0.0, 0.0, 0.0, 0.0, 0.0, 0.0, 0.0]
INFORMACIÓN : 9apuestaBundle [199.16563538672386, 199.16563538672386, 226.13775844081636, 199.16563538672386, 103.11441124307976, 103.11441124307976, 77.11233089657797, 77.11233089657797]
INFORMACIÓN : 9positionsBundle [569, 569, 2209, 569, 2395, 2395, 2079, 2079]
INFORMACIÓN : 9levelsBundle [3, 3, 1, 3, 1, 1, 3, 3]
INFORMACIÓN : 9positionsOrdered [569, 569, 569, 2209, 2395, 2395, 2079, 2079]
INFORMACIÓN : 9levelsOrdered [3, 3, 3, 1, 1, 1, 3, 3]
INFORMACIÓN : 9partialityOrdered [3, 3, 3, 1, 3, 3, 3, 3]
INFORMACIÓN : 9arrivalTimes [13.45362404707371, 13.45362404707371, 13.45362404707371, 13.45362404707371, 13.45362404707371, 13.45362404707371, 45.0764006487575, 45.0764006487575]
INFORMACIÓN : 10historia1[0.0, 0.0, 0.0, 0.0, 0.0, 0.0, 226.13775844081636, 791.5029834603502, 0.0, 0.0, 0.0, 0.0, 0.0, 791.5029834603502, 0.0, 0.0, 0.0, 761.5852453982657, 588.9824089772637, 679.6324620435978, 0.0, 679.6324620435978, 0.0, 0.0, 0.0, 670.413684890993, 0.0, 0.0, 0.0, 0.0, 0.0, 0.0, 0.0, 0.0, 0.0, 0.0, 0.0, 0.0, 0.0, 0.0, 77.11233089657797, 612.5286578488658, 0.0, 0.0, 679.6324620435978, 264.04675663795854, 364.071702775777, 0.0, 0.0, 0.0, 0.0, 0.0, 0.0, 0.0, 0.0, 0.0, 199.16563538672386, 0.0, 0.0, 0.0, 84.9586482395239, 0.0, 0.0, 0.0, 0.0, 0.0, 199.16563538672386, 0.0, 199.16563538672386, 0.0, 0.0, 0.0, 0.0, 0.0, 0.0, 0.0, 0.0, 654.1203059096307, 0.0, 0.0, 0.0, 0.0, 0.0, 103.11441124307976, 0.0, 0.0, 0.0, 0.0, 278.9134729448082, 0.0, 0.0, 0.0, 0.0, 0.0, 179.4811097222348, 0.0, 0.0, 77.11233089657797, 0.0, 0.0, 0.0, 0.0, 0.0, 0.0, 0.0, 0.0, 0.0, 0.0, 264.04675663795854, 0.0, 0.0, 0.0, 0.0, 612.5286578488658, 0.0, 0.0, 0.0, 0.0, 0.0, 0.0, 0.0, 0.0, 0.0, 0.0, 0.0, 0.0, 0.0, 0.0, 0.0, 0.0, 0.0, 612.5286578488658, 0.0, 5.005157111560646, 0.0, 0.0, 0.0, 0.0, 0.0, 0.0, 103.11441124307976, 0.0, 0.0, 0.0, 0.0, 0.0, 0.0, 0.0, 278.9134729448082, 0.0, 0.0, 0.0, 0.0, 0.0, 0.0, 0.0]
INFORMACIÓN : 10apuestaBundle [199.16563538672386, 199.16563538672386, 226.13775844081636, 199.16563538672386, 103.11441124307976, 103.11441124307976, 77.11233089657797, 77.11233089657797]
INFORMACIÓN : 10positionsBundle [569, 569, 2209, 569, 2395, 2395, 2079, 2079]
INFORMACIÓN : 10levelsBundle [3, 3, 1, 3, 1, 1, 3, 3]
INFORMACIÓN : 10positionsOrdered [569, 569, 569, 2209, 2395, 2395, 2079, 2079]
INFORMACIÓN : 10levelsOrdered [3, 3, 3, 1, 1, 1, 3, 3]
INFORMACIÓN : 10partialityOrdered [3, 3, 3, 1, 3, 3, 3, 3]
INFORMACIÓN : 10arrivalTimes [13.45362404707371, 13.45362404707371, 13.45362404707371, 13.45362404707371, 13.45362404707371, 13.45362404707371, 45.0764006487575, 45.0764006487575]
INFORMACIÓN : 11historia0[0.0, 0.0, 0.0, 0.0, 0.0, 0.0, 226.13775844081636, 791.5029834603502, 0.0, 0.0, 0.0, 0.0, 0.0, 791.5029834603502, 0.0, 0.0, 0.0, 761.5852453982657, 588.9824089772637, 679.6324620435978, 0.0, 679.6324620435978, 0.0, 0.0, 0.0, 670.413684890993, 0.0, 0.0, 0.0, 0.0, 0.0, 0.0, 0.0, 0.0, 0.0, 0.0, 0.0, 0.0, 0.0, 0.0, 77.11233089657797, 612.5286578488658, 0.0, 0.0, 679.6324620435978, 264.04675663795854, 364.071702775777, 0.0, 0.0, 0.0, 0.0, 0.0, 0.0, 0.0, 0.0, 0.0, 199.16563538672386, 0.0, 0.0, 0.0, 84.9586482395239, 0.0, 0.0, 0.0, 0.0, 0.0, 199.16563538672386, 0.0, 199.16563538672386, 0.0, 0.0, 0.0, 0.0, 0.0, 0.0, 0.0, 0.0, 654.1203059096307, 0.0, 0.0, 0.0, 0.0, 0.0, 103.11441124307976, 0.0, 0.0, 0.0, 0.0, 278.9134729448082, 0.0, 0.0, 0.0, 0.0, 49.52243179945954, 179.4811097222348, 0.0, 0.0, 77.11233089657797, 0.0, 0.0, 122.06953647221769, 0.0, 0.0, 0.0, 0.0, 0.0, 0.0, 0.0, 264.04675663795854, 0.0, 0.0, 0.0, 0.0, 612.5286578488658, 0.0, 0.0, 0.0, 0.0, 0.0, 0.0, 0.0, 0.0, 0.0, 0.0, 0.0, 0.0, 0.0, 0.0, 0.0, 0.0, 0.0, 612.5286578488658, 0.0, 5.005157111560646, 0.0, 0.0, 0.0, 0.0, 0.0, 0.0, 103.11441124307976, 0.0, 0.0, 0.0, 0.0, 0.0, 0.0, 0.0, 278.9134729448082, 0.0, 0.0, 0.0, 0.0, 0.0, 0.0, 0.0]
INFORMACIÓN : 11apuestaBundle [199.16563538672386, 199.16563538672386, 226.13775844081636, 199.16563538672386, 103.11441124307976, 103.11441124307976, 77.11233089657797, 77.11233089657797]
INFORMACIÓN : 11positionsBundle [569, 569, 2209, 569, 2395, 2395, 2079, 2079]
INFORMACIÓN : 11levelsBundle [3, 3, 1, 3, 1, 1, 3, 3]
INFORMACIÓN : 11positionsOrdered [569, 569, 569, 2209, 2395, 2395, 2079, 2079]
INFORMACIÓN : 11levelsOrdered [3, 3, 3, 1, 1, 1, 3, 3]
INFORMACIÓN : 11partialityOrdered [3, 3, 3, 1, 3, 3, 3, 3]
INFORMACIÓN : 11arrivalTimes [13.45362404707371, 13.45362404707371, 13.45362404707371, 13.45362404707371, 13.45362404707371, 13.45362404707371, 45.0764006487575, 45.0764006487575]
INFORMACIÓN : 12historia0[0.0, 0.0, 0.0, 0.0, 0.0, 0.0, 226.13775844081636, 791.5029834603502, 0.0, 0.0, 0.0, 0.0, 0.0, 791.5029834603502, 0.0, 0.0, 0.0, 761.5852453982657, 588.9824089772637, 679.6324620435978, 0.0, 679.6324620435978, 0.0, 0.0, 0.0, 670.413684890993, 0.0, 0.0, 0.0, 0.0, 0.0, 0.0, 0.0, 0.0, 0.0, 0.0, 0.0, 0.0, 0.0, 0.0, 77.11233089657797, 612.5286578488658, 0.0, 0.0, 679.6324620435978, 264.04675663795854, 364.071702775777, 0.0, 0.0, 0.0, 0.0, 0.0, 0.0, 0.0, 0.0, 0.0, 199.16563538672386, 0.0, 0.0, 0.0, 84.9586482395239, 0.0, 0.0, 0.0, 0.0, 0.0, 199.16563538672386, 0.0, 199.16563538672386, 0.0, 0.0, 0.0, 0.0, 0.0, 0.0, 0.0, 0.0, 654.1203059096307, 0.0, 0.0, 0.0, 0.0, 0.0, 103.11441124307976, 0.0, 0.0, 0.0, 0.0, 278.9134729448082, 0.0, 0.0, 0.0, 0.0, 49.52243179945954, 179.4811097222348, 0.0, 0.0, 77.11233089657797, 0.0, 0.0, 122.06953647221769, 0.0, 0.0, 0.0, 0.0, 0.0, 0.0, 0.0, 264.04675663795854, 0.0, 0.0, 0.0, 0.0, 612.5286578488658, 0.0, 0.0, 0.0, 0.0, 0.0, 0.0, 0.0, 0.0, 0.0, 0.0, 0.0, 0.0, 0.0, 0.0, 0.0, 0.0, 0.0, 612.5286578488658, 0.0, 5.005157111560646, 0.0, 0.0, 0.0, 0.0, 0.0, 0.0, 103.11441124307976, 0.0, 0.0, 0.0, 0.0, 0.0, 0.0, 0.0, 278.9134729448082, 0.0, 0.0, 0.0, 0.0, 0.0, 0.0, 0.0]
INFORMACIÓN : 12apuestaBundle [199.16563538672386, 199.16563538672386, 226.13775844081636, 199.16563538672386, 103.11441124307976, 103.11441124307976, 77.11233089657797, 77.11233089657797]
INFORMACIÓN : 12positionsBundle [569, 569, 2209, 569, 2395, 2395, 2079, 2079]
INFORMACIÓN : 12levelsBundle [3, 3, 1, 3, 1, 1, 3, 3]
INFORMACIÓN : 12positionsOrdered [569, 569, 569, 2209, 2395, 2395, 2079, 2079]
INFORMACIÓN : 12levelsOrdered [3, 3, 3, 1, 1, 1, 3, 3]
INFORMACIÓN : 12partialityOrdered [3, 3, 3, 1, 3, 3, 3, 3]
INFORMACIÓN : 12arrivalTimes [13.45362404707371, 13.45362404707371, 13.45362404707371, 13.45362404707371, 13.45362404707371, 13.45362404707371, 45.0764006487575, 45.0764006487575]
INFORMACIÓN : 13historia1[0.0, 0.0, 0.0, 0.0, 0.0, 0.0, 226.13775844081636, 791.5029834603502, 0.0, 0.0, 0.0, 0.0, 0.0, 791.5029834603502, 0.0, 0.0, 0.0, 761.5852453982657, 588.9824089772637, 679.6324620435978, 0.0, 679.6324620435978, 0.0, 0.0, 0.0, 670.413684890993, 0.0, 0.0, 0.0, 0.0, 0.0, 0.0, 0.0, 0.0, 0.0, 0.0, 0.0, 0.0, 0.0, 0.0, 77.11233089657797, 612.5286578488658, 0.0, 0.0, 679.6324620435978, 264.04675663795854, 364.071702775777, 0.0, 0.0, 0.0, 0.0, 0.0, 0.0, 0.0, 0.0, 0.0, 199.16563538672386, 0.0, 0.0, 0.0, 84.9586482395239, 0.0, 0.0, 0.0, 0.0, 0.0, 199.16563538672386, 0.0, 199.16563538672386, 0.0, 0.0, 0.0, 0.0, 0.0, 0.0, 0.0, 0.0, 654.1203059096307, 0.0, 0.0, 0.0, 0.0, 0.0, 103.11441124307976, 0.0, 0.0, 0.0, 0.0, 278.9134729448082, 0.0, 0.0, 0.0, 0.0, 49.52243179945954, 179.4811097222348, 0.0, 0.0, 77.11233089657797, 0.0, 0.0, 122.06953647221769, 0.0, 0.0, 0.0, 0.0, 0.0, 0.0, 0.0, 264.04675663795854, 0.0, 0.0, 0.0, 0.0, 612.5286578488658, 0.0, 0.0, 0.0, 0.0, 0.0, 0.0, 0.0, 0.0, 0.0, 0.0, 0.0, 0.0, 0.0, 0.0, 0.0, 0.0, 0.0, 612.5286578488658, 0.0, 5.005157111560646, 0.0, 0.0, 0.0, 0.0, 0.0, 0.0, 103.11441124307976, 0.0, 0.0, 0.0, 0.0, 0.0, 0.0, 0.0, 278.9134729448082, 0.0, 0.0, 0.0, 0.0, 0.0, 0.0, 0.0]
INFORMACIÓN : 13apuestaBundle [199.16563538672386, 199.16563538672386, 226.13775844081636, 199.16563538672386, 103.11441124307976, 103.11441124307976, 77.11233089657797, 77.11233089657797]
INFORMACIÓN : 13positionsBundle [569, 569, 2209, 569, 2395, 2395, 2079, 2079]
INFORMACIÓN : 13levelsBundle [3, 3, 1, 3, 1, 1, 3, 3]
INFORMACIÓN : 13positionsOrdered [569, 569, 569, 2209, 2395, 2395, 2079, 2079]
INFORMACIÓN : 13levelsOrdered [3, 3, 3, 1, 1, 1, 3, 3]
INFORMACIÓN : 13partialityOrdered [3, 3, 3, 1, 3, 3, 3, 3]
INFORMACIÓN : 13arrivalTimes [13.45362404707371, 13.45362404707371, 13.45362404707371, 13.45362404707371, 13.45362404707371, 13.45362404707371, 45.0764006487575, 45.0764006487575]
INFORMACIÓN : 14historia2[0.0, 0.0, 0.0, 0.0, 0.0, 0.0, 226.13775844081636, 791.5029834603502, 0.0, 0.0, 0.0, 0.0, 0.0, 791.5029834603502, 0.0, 0.0, 0.0, 761.5852453982657, 588.9824089772637, 679.6324620435978, 0.0, 679.6324620435978, 0.0, 0.0, 0.0, 670.413684890993, 0.0, 0.0, 0.0, 0.0, 0.0, 0.0, 0.0, 0.0, 0.0, 0.0, 0.0, 0.0, 0.0, 0.0, 77.11233089657797, 612.5286578488658, 0.0, 0.0, 679.6324620435978, 264.04675663795854, 364.071702775777, 0.0, 0.0, 0.0, 0.0, 0.0, 0.0, 0.0, 0.0, 0.0, 199.16563538672386, 0.0, 0.0, 0.0, 84.9586482395239, 0.0, 0.0, 0.0, 0.0, 0.0, 199.16563538672386, 0.0, 199.16563538672386, 0.0, 0.0, 0.0, 0.0, 0.0, 0.0, 0.0, 0.0, 654.1203059096307, 0.0, 0.0, 0.0, 0.0, 0.0, 103.11441124307976, 0.0, 0.0, 0.0, 0.0, 278.9134729448082, 0.0, 0.0, 0.0, 0.0, 0.0, 179.4811097222348, 0.0, 0.0, 77.11233089657797, 0.0, 0.0, 0.0, 0.0, 0.0, 0.0, 0.0, 0.0, 0.0, 0.0, 264.04675663795854, 0.0, 0.0, 0.0, 0.0, 612.5286578488658, 0.0, 0.0, 0.0, 0.0, 0.0, 0.0, 0.0, 0.0, 0.0, 0.0, 0.0, 0.0, 0.0, 0.0, 0.0, 0.0, 0.0, 612.5286578488658, 0.0, 5.005157111560646, 0.0, 0.0, 0.0, 0.0, 0.0, 0.0, 103.11441124307976, 0.0, 0.0, 0.0, 0.0, 0.0, 0.0, 0.0, 278.9134729448082, 0.0, 0.0, 0.0, 0.0, 0.0, 0.0, 0.0]
INFORMACIÓN : 14apuestaBundle [199.16563538672386, 199.16563538672386, 226.13775844081636, 199.16563538672386, 103.11441124307976, 103.11441124307976, 77.11233089657797, 77.11233089657797]
INFORMACIÓN : 14positionsBundle [569, 569, 2209, 569, 2395, 2395, 2079, 2079]
INFORMACIÓN : 14levelsBundle [3, 3, 1, 3, 1, 1, 3, 3]
INFORMACIÓN : 14positionsOrdered [569, 569, 569, 2209, 2395, 2395, 2079, 2079]
INFORMACIÓN : 14levelsOrdered [3, 3, 3, 1, 1, 1, 3, 3]
INFORMACIÓN : 14partialityOrdered [3, 3, 3, 1, 3, 3, 3, 3]
INFORMACIÓN : 14arrivalTimes [13.45362404707371, 13.45362404707371, 13.45362404707371, 13.45362404707371, 13.45362404707371, 13.45362404707371, 45.0764006487575, 45.0764006487575]
INFORMACIÓN : 15historia0[0.0, 0.0, 0.0, 0.0, 0.0, 0.0, 226.13775844081636, 791.5029834603502, 0.0, 0.0, 0.0, 0.0, 0.0, 791.5029834603502, 0.0, 0.0, 0.0, 761.5852453982657, 588.9824089772637, 679.6324620435978, 0.0, 679.6324620435978, 0.0, 0.0, 0.0, 670.413684890993, 0.0, 0.0, 0.0, 0.0, 0.0, 0.0, 0.0, 0.0, 0.0, 0.0, 0.0, 0.0, 0.0, 0.0, 77.11233089657797, 612.5286578488658, 0.0, 0.0, 679.6324620435978, 264.04675663795854, 364.071702775777, 0.0, 0.0, 0.0, 0.0, 0.0, 0.0, 0.0, 0.0, 0.0, 199.16563538672386, 0.0, 0.0, 0.0, 84.9586482395239, 0.0, 0.0, 0.0, 0.0, 0.0, 199.16563538672386, 0.0, 199.16563538672386, 0.0, 0.0, 0.0, 0.0, 0.0, 0.0, 0.0, 0.0, 654.1203059096307, 0.0, 0.0, 0.0, 0.0, 0.0, 103.11441124307976, 0.0, 0.0, 0.0, 0.0, 278.9134729448082, 0.0, 0.0, 0.0, 0.0, 49.52243179945954, 179.4811097222348, 0.0, 0.0, 77.11233089657797, 0.0, 0.0, 122.06953647221769, 0.0, 0.0, 0.0, 0.0, 0.0, 0.0, 0.0, 264.04675663795854, 0.0, 0.0, 0.0, 0.0, 612.5286578488658, 0.0, 0.0, 0.0, 0.0, 0.0, 0.0, 0.0, 0.0, 0.0, 0.0, 0.0, 0.0, 0.0, 0.0, 0.0, 0.0, 0.0, 612.5286578488658, 0.0, 5.005157111560646, 0.0, 0.0, 0.0, 0.0, 0.0, 0.0, 103.11441124307976, 0.0, 0.0, 0.0, 0.0, 0.0, 0.0, 0.0, 278.9134729448082, 0.0, 0.0, 0.0, 0.0, 0.0, 0.0, 0.0]
INFORMACIÓN : 15apuestaBundle [199.16563538672386, 199.16563538672386, 226.13775844081636, 199.16563538672386, 103.11441124307976, 103.11441124307976, 77.11233089657797, 77.11233089657797]
INFORMACIÓN : 15positionsBundle [569, 569, 2209, 569, 2395, 2395, 2079, 2079]
INFORMACIÓN : 15levelsBundle [3, 3, 1, 3, 1, 1, 3, 3]
INFORMACIÓN : 15positionsOrdered [569, 569, 569, 2209, 2395, 2395, 2079, 2079]
INFORMACIÓN : 15levelsOrdered [3, 3, 3, 1, 1, 1, 3, 3]
INFORMACIÓN : 15partialityOrdered [3, 3, 3, 1, 3, 3, 3, 3]
INFORMACIÓN : 15arrivalTimes [13.45362404707371, 13.45362404707371, 13.45362404707371, 13.45362404707371, 13.45362404707371, 13.45362404707371, 45.0764006487575, 45.0764006487575]
INFORMACIÓN : 16historia0[0.0, 0.0, 0.0, 0.0, 0.0, 0.0, 226.13775844081636, 791.5029834603502, 0.0, 0.0, 0.0, 0.0, 0.0, 791.5029834603502, 0.0, 0.0, 0.0, 761.5852453982657, 588.9824089772637, 679.6324620435978, 0.0, 679.6324620435978, 0.0, 0.0, 0.0, 670.413684890993, 0.0, 0.0, 0.0, 0.0, 0.0, 0.0, 0.0, 0.0, 0.0, 0.0, 0.0, 0.0, 0.0, 0.0, 77.11233089657797, 612.5286578488658, 0.0, 0.0, 679.6324620435978, 264.04675663795854, 364.071702775777, 0.0, 0.0, 0.0, 0.0, 0.0, 0.0, 0.0, 0.0, 0.0, 199.16563538672386, 0.0, 0.0, 0.0, 84.9586482395239, 0.0, 0.0, 0.0, 0.0, 0.0, 199.16563538672386, 0.0, 199.16563538672386, 0.0, 0.0, 0.0, 0.0, 0.0, 0.0, 0.0, 0.0, 654.1203059096307, 0.0, 0.0, 0.0, 0.0, 0.0, 103.11441124307976, 0.0, 0.0, 0.0, 0.0, 278.9134729448082, 0.0, 0.0, 0.0, 0.0, 49.52243179945954, 179.4811097222348, 0.0, 0.0, 77.11233089657797, 0.0, 0.0, 122.06953647221769, 0.0, 0.0, 0.0, 0.0, 0.0, 0.0, 0.0, 264.04675663795854, 0.0, 0.0, 0.0, 0.0, 612.5286578488658, 0.0, 0.0, 0.0, 0.0, 0.0, 0.0, 0.0, 0.0, 0.0, 0.0, 0.0, 0.0, 0.0, 0.0, 0.0, 0.0, 0.0, 612.5286578488658, 0.0, 5.005157111560646, 0.0, 0.0, 0.0, 0.0, 0.0, 0.0, 103.11441124307976, 0.0, 0.0, 0.0, 0.0, 0.0, 0.0, 0.0, 278.9134729448082, 0.0, 0.0, 0.0, 0.0, 0.0, 0.0, 0.0]
INFORMACIÓN : 16apuestaBundle [199.16563538672386, 199.16563538672386, 226.13775844081636, 199.16563538672386, 103.11441124307976, 103.11441124307976, 77.11233089657797, 77.11233089657797]
INFORMACIÓN : 16positionsBundle [569, 569, 2209, 569, 2395, 2395, 2079, 2079]
INFORMACIÓN : 16levelsBundle [3, 3, 1, 3, 1, 1, 3, 3]
INFORMACIÓN : 16positionsOrdered [569, 569, 569, 2209, 2395, 2395, 2079, 2079]
INFORMACIÓN : 16levelsOrdered [3, 3, 3, 1, 1, 1, 3, 3]
INFORMACIÓN : 16partialityOrdered [3, 3, 3, 1, 3, 3, 3, 3]
INFORMACIÓN : 16arrivalTimes [13.45362404707371, 13.45362404707371, 13.45362404707371, 13.45362404707371, 13.45362404707371, 13.45362404707371, 45.0764006487575, 45.0764006487575]
INFORMACIÓN : 17historia1[0.0, 0.0, 0.0, 0.0, 0.0, 0.0, 226.13775844081636, 791.5029834603502, 0.0, 0.0, 0.0, 0.0, 0.0, 791.5029834603502, 0.0, 0.0, 0.0, 761.5852453982657, 588.9824089772637, 679.6324620435978, 0.0, 679.6324620435978, 0.0, 0.0, 0.0, 670.413684890993, 0.0, 0.0, 0.0, 0.0, 0.0, 0.0, 0.0, 0.0, 0.0, 0.0, 0.0, 0.0, 0.0, 0.0, 77.11233089657797, 612.5286578488658, 0.0, 0.0, 679.6324620435978, 264.04675663795854, 364.071702775777, 0.0, 0.0, 0.0, 0.0, 0.0, 0.0, 0.0, 0.0, 0.0, 199.16563538672386, 0.0, 0.0, 0.0, 84.9586482395239, 0.0, 0.0, 0.0, 0.0, 0.0, 199.16563538672386, 0.0, 199.16563538672386, 0.0, 0.0, 0.0, 0.0, 0.0, 0.0, 0.0, 0.0, 654.1203059096307, 0.0, 0.0, 0.0, 0.0, 0.0, 103.11441124307976, 0.0, 0.0, 0.0, 0.0, 278.9134729448082, 0.0, 0.0, 0.0, 0.0, 49.52243179945954, 179.4811097222348, 0.0, 0.0, 77.11233089657797, 0.0, 0.0, 122.06953647221769, 0.0, 0.0, 0.0, 0.0, 0.0, 0.0, 0.0, 264.04675663795854, 0.0, 0.0, 0.0, 0.0, 612.5286578488658, 0.0, 0.0, 0.0, 0.0, 0.0, 0.0, 0.0, 0.0, 0.0, 0.0, 0.0, 0.0, 0.0, 0.0, 0.0, 0.0, 0.0, 612.5286578488658, 0.0, 5.005157111560646, 0.0, 0.0, 0.0, 0.0, 0.0, 0.0, 103.11441124307976, 0.0, 0.0, 0.0, 0.0, 0.0, 0.0, 0.0, 278.9134729448082, 0.0, 0.0, 0.0, 0.0, 0.0, 0.0, 0.0]
INFORMACIÓN : 17apuestaBundle [199.16563538672386, 199.16563538672386, 226.13775844081636, 199.16563538672386, 103.11441124307976, 103.11441124307976, 77.11233089657797, 77.11233089657797]
INFORMACIÓN : 17positionsBundle [569, 569, 2209, 569, 2395, 2395, 2079, 2079]
INFORMACIÓN : 17levelsBundle [3, 3, 1, 3, 1, 1, 3, 3]
INFORMACIÓN : 17positionsOrdered [569, 569, 569, 2209, 2395, 2395, 2079, 2079]
INFORMACIÓN : 17levelsOrdered [3, 3, 3, 1, 1, 1, 3, 3]
INFORMACIÓN : 17partialityOrdered [3, 3, 3, 1, 3, 3, 3, 3]
INFORMACIÓN : 17arrivalTimes [13.45362404707371, 13.45362404707371, 13.45362404707371, 13.45362404707371, 13.45362404707371, 13.45362404707371, 45.0764006487575, 45.0764006487575]
INFORMACIÓN : 18historia2[0.0, 0.0, 0.0, 0.0, 0.0, 0.0, 226.13775844081636, 791.5029834603502, 0.0, 0.0, 0.0, 0.0, 0.0, 791.5029834603502, 0.0, 0.0, 0.0, 761.5852453982657, 588.9824089772637, 679.6324620435978, 0.0, 679.6324620435978, 0.0, 0.0, 0.0, 670.413684890993, 0.0, 0.0, 0.0, 0.0, 0.0, 0.0, 0.0, 0.0, 0.0, 0.0, 0.0, 0.0, 0.0, 0.0, 77.11233089657797, 612.5286578488658, 0.0, 0.0, 679.6324620435978, 264.04675663795854, 364.071702775777, 0.0, 0.0, 0.0, 0.0, 0.0, 0.0, 0.0, 0.0, 0.0, 199.16563538672386, 0.0, 0.0, 0.0, 84.9586482395239, 0.0, 0.0, 0.0, 0.0, 0.0, 199.16563538672386, 0.0, 199.16563538672386, 0.0, 0.0, 0.0, 0.0, 0.0, 0.0, 0.0, 0.0, 654.1203059096307, 0.0, 0.0, 0.0, 0.0, 0.0, 103.11441124307976, 0.0, 0.0, 0.0, 0.0, 278.9134729448082, 0.0, 0.0, 0.0, 0.0, 0.0, 179.4811097222348, 0.0, 0.0, 77.11233089657797, 0.0, 0.0, 0.0, 0.0, 0.0, 0.0, 0.0, 0.0, 0.0, 0.0, 264.04675663795854, 0.0, 0.0, 0.0, 0.0, 612.5286578488658, 0.0, 0.0, 0.0, 0.0, 0.0, 0.0, 0.0, 0.0, 0.0, 0.0, 0.0, 0.0, 0.0, 0.0, 0.0, 0.0, 0.0, 612.5286578488658, 0.0, 5.005157111560646, 0.0, 0.0, 0.0, 0.0, 0.0, 0.0, 103.11441124307976, 0.0, 0.0, 0.0, 0.0, 0.0, 0.0, 0.0, 278.9134729448082, 0.0, 0.0, 0.0, 0.0, 0.0, 0.0, 0.0]
INFORMACIÓN : 18apuestaBundle [199.16563538672386, 199.16563538672386, 226.13775844081636, 199.16563538672386, 103.11441124307976, 103.11441124307976, 77.11233089657797, 77.11233089657797]
INFORMACIÓN : 18positionsBundle [569, 569, 2209, 569, 2395, 2395, 2079, 2079]
INFORMACIÓN : 18levelsBundle [3, 3, 1, 3, 1, 1, 3, 3]
INFORMACIÓN : 18positionsOrdered [569, 569, 569, 2209, 2395, 2395, 2079, 2079]
INFORMACIÓN : 18levelsOrdered [3, 3, 3, 1, 1, 1, 3, 3]
INFORMACIÓN : 18partialityOrdered [3, 3, 3, 1, 3, 3, 3, 3]
INFORMACIÓN : 18arrivalTimes [13.45362404707371, 13.45362404707371, 13.45362404707371, 13.45362404707371, 13.45362404707371, 13.45362404707371, 45.0764006487575, 45.0764006487575]
INFORMACIÓN : 19historia0[0.0, 0.0, 0.0, 0.0, 0.0, 0.0, 226.13775844081636, 791.5029834603502, 0.0, 0.0, 0.0, 0.0, 0.0, 791.5029834603502, 0.0, 0.0, 0.0, 761.5852453982657, 588.9824089772637, 679.6324620435978, 0.0, 679.6324620435978, 0.0, 0.0, 0.0, 670.413684890993, 0.0, 0.0, 0.0, 0.0, 0.0, 0.0, 0.0, 0.0, 0.0, 0.0, 0.0, 0.0, 0.0, 0.0, 77.11233089657797, 612.5286578488658, 0.0, 0.0, 679.6324620435978, 264.04675663795854, 364.071702775777, 0.0, 0.0, 0.0, 0.0, 0.0, 0.0, 0.0, 0.0, 0.0, 199.16563538672386, 0.0, 0.0, 0.0, 84.9586482395239, 0.0, 0.0, 0.0, 0.0, 0.0, 199.16563538672386, 0.0, 199.16563538672386, 0.0, 0.0, 0.0, 0.0, 0.0, 0.0, 0.0, 0.0, 654.1203059096307, 0.0, 0.0, 0.0, 0.0, 0.0, 103.11441124307976, 0.0, 0.0, 0.0, 0.0, 278.9134729448082, 0.0, 0.0, 0.0, 0.0, 49.52243179945954, 179.4811097222348, 0.0, 0.0, 77.11233089657797, 0.0, 0.0, 122.06953647221769, 0.0, 0.0, 0.0, 0.0, 0.0, 0.0, 0.0, 264.04675663795854, 0.0, 0.0, 0.0, 0.0, 612.5286578488658, 0.0, 0.0, 0.0, 0.0, 0.0, 0.0, 0.0, 0.0, 0.0, 0.0, 0.0, 0.0, 0.0, 0.0, 0.0, 0.0, 0.0, 612.5286578488658, 0.0, 5.005157111560646, 0.0, 0.0, 0.0, 0.0, 0.0, 0.0, 103.11441124307976, 0.0, 0.0, 0.0, 0.0, 0.0, 0.0, 0.0, 278.9134729448082, 0.0, 0.0, 0.0, 0.0, 0.0, 0.0, 0.0]
INFORMACIÓN : 19apuestaBundle [199.16563538672386, 199.16563538672386, 226.13775844081636, 199.16563538672386, 103.11441124307976, 103.11441124307976, 77.11233089657797, 77.11233089657797]
INFORMACIÓN : 19positionsBundle [569, 569, 2209, 569, 2395, 2395, 2079, 2079]
INFORMACIÓN : 19levelsBundle [3, 3, 1, 3, 1, 1, 3, 3]
INFORMACIÓN : 19positionsOrdered [569, 569, 569, 2209, 2395, 2395, 2079, 2079]
INFORMACIÓN : 19levelsOrdered [3, 3, 3, 1, 1, 1, 3, 3]
INFORMACIÓN : 19partialityOrdered [3, 3, 3, 1, 3, 3, 3, 3]
INFORMACIÓN : 19arrivalTimes [13.45362404707371, 13.45362404707371, 13.45362404707371, 13.45362404707371, 13.45362404707371, 13.45362404707371, 45.0764006487575, 45.0764006487575]
INFORMACIÓN : 20historia0[0.0, 0.0, 0.0, 0.0, 0.0, 0.0, 226.13775844081636, 791.5029834603502, 0.0, 0.0, 0.0, 0.0, 0.0, 791.5029834603502, 0.0, 0.0, 0.0, 761.5852453982657, 588.9824089772637, 679.6324620435978, 0.0, 679.6324620435978, 0.0, 0.0, 0.0, 670.413684890993, 0.0, 0.0, 0.0, 0.0, 0.0, 0.0, 0.0, 0.0, 0.0, 0.0, 0.0, 0.0, 0.0, 0.0, 77.11233089657797, 612.5286578488658, 0.0, 0.0, 679.6324620435978, 264.04675663795854, 364.071702775777, 0.0, 0.0, 0.0, 0.0, 0.0, 0.0, 0.0, 0.0, 0.0, 199.16563538672386, 0.0, 0.0, 0.0, 84.9586482395239, 0.0, 0.0, 0.0, 0.0, 0.0, 199.16563538672386, 0.0, 199.16563538672386, 0.0, 0.0, 0.0, 0.0, 0.0, 0.0, 0.0, 0.0, 654.1203059096307, 0.0, 0.0, 0.0, 0.0, 0.0, 103.11441124307976, 0.0, 0.0, 0.0, 0.0, 278.9134729448082, 0.0, 0.0, 0.0, 0.0, 49.52243179945954, 179.4811097222348, 0.0, 0.0, 77.11233089657797, 0.0, 0.0, 122.06953647221769, 0.0, 0.0, 0.0, 0.0, 0.0, 0.0, 0.0, 264.04675663795854, 0.0, 0.0, 0.0, 0.0, 612.5286578488658, 0.0, 0.0, 0.0, 0.0, 0.0, 0.0, 0.0, 0.0, 0.0, 0.0, 0.0, 0.0, 0.0, 0.0, 0.0, 0.0, 0.0, 612.5286578488658, 0.0, 5.005157111560646, 0.0, 0.0, 0.0, 0.0, 0.0, 0.0, 103.11441124307976, 0.0, 0.0, 0.0, 0.0, 0.0, 0.0, 0.0, 278.9134729448082, 0.0, 0.0, 0.0, 0.0, 0.0, 0.0, 0.0]
INFORMACIÓN : 20apuestaBundle [199.16563538672386, 199.16563538672386, 226.13775844081636, 199.16563538672386, 103.11441124307976, 103.11441124307976, 77.11233089657797, 77.11233089657797]
INFORMACIÓN : 20positionsBundle [569, 569, 2209, 569, 2395, 2395, 2079, 2079]
INFORMACIÓN : 20levelsBundle [3, 3, 1, 3, 1, 1, 3, 3]
INFORMACIÓN : 20positionsOrdered [569, 569, 569, 2209, 2395, 2395, 2079, 2079]
INFORMACIÓN : 20levelsOrdered [3, 3, 3, 1, 1, 1, 3, 3]
INFORMACIÓN : 20partialityOrdered [3, 3, 3, 1, 3, 3, 3, 3]
INFORMACIÓN : 20arrivalTimes [13.45362404707371, 13.45362404707371, 13.45362404707371, 13.45362404707371, 13.45362404707371, 13.45362404707371, 45.0764006487575, 45.0764006487575]
INFORMACIÓN : 21historia1[0.0, 0.0, 0.0, 0.0, 0.0, 0.0, 226.13775844081636, 791.5029834603502, 0.0, 0.0, 0.0, 0.0, 0.0, 791.5029834603502, 0.0, 0.0, 0.0, 761.5852453982657, 588.9824089772637, 679.6324620435978, 0.0, 679.6324620435978, 0.0, 0.0, 0.0, 670.413684890993, 0.0, 0.0, 0.0, 0.0, 0.0, 0.0, 0.0, 0.0, 0.0, 0.0, 0.0, 0.0, 0.0, 0.0, 77.11233089657797, 612.5286578488658, 0.0, 0.0, 679.6324620435978, 264.04675663795854, 364.071702775777, 0.0, 0.0, 0.0, 0.0, 0.0, 0.0, 0.0, 0.0, 0.0, 199.16563538672386, 0.0, 0.0, 0.0, 84.9586482395239, 0.0, 0.0, 0.0, 0.0, 0.0, 199.16563538672386, 0.0, 199.16563538672386, 0.0, 0.0, 0.0, 0.0, 0.0, 0.0, 0.0, 0.0, 654.1203059096307, 0.0, 0.0, 0.0, 0.0, 0.0, 103.11441124307976, 0.0, 0.0, 0.0, 0.0, 278.9134729448082, 0.0, 0.0, 0.0, 0.0, 49.52243179945954, 179.4811097222348, 0.0, 0.0, 77.11233089657797, 0.0, 0.0, 122.06953647221769, 0.0, 0.0, 0.0, 0.0, 0.0, 0.0, 0.0, 264.04675663795854, 0.0, 0.0, 0.0, 0.0, 612.5286578488658, 0.0, 0.0, 0.0, 0.0, 0.0, 0.0, 0.0, 0.0, 0.0, 0.0, 0.0, 0.0, 0.0, 0.0, 0.0, 0.0, 0.0, 612.5286578488658, 0.0, 5.005157111560646, 0.0, 0.0, 0.0, 0.0, 0.0, 0.0, 103.11441124307976, 0.0, 0.0, 0.0, 0.0, 0.0, 0.0, 0.0, 278.9134729448082, 0.0, 0.0, 0.0, 0.0, 0.0, 0.0, 0.0]
INFORMACIÓN : 21apuestaBundle [199.16563538672386, 199.16563538672386, 226.13775844081636, 199.16563538672386, 103.11441124307976, 103.11441124307976, 77.11233089657797, 77.11233089657797]
INFORMACIÓN : 21positionsBundle [569, 569, 2209, 569, 2395, 2395, 2079, 2079]
INFORMACIÓN : 21levelsBundle [3, 3, 1, 3, 1, 1, 3, 3]
INFORMACIÓN : 21positionsOrdered [569, 569, 569, 2209, 2395, 2395, 2079, 2079]
INFORMACIÓN : 21levelsOrdered [3, 3, 3, 1, 1, 1, 3, 3]
INFORMACIÓN : 21partialityOrdered [3, 3, 3, 1, 3, 3, 3, 3]
INFORMACIÓN : 21arrivalTimes [13.45362404707371, 13.45362404707371, 13.45362404707371, 13.45362404707371, 13.45362404707371, 13.45362404707371, 45.0764006487575, 45.0764006487575]
INFORMACIÓN : 22historia2[0.0, 0.0, 0.0, 0.0, 0.0, 0.0, 226.13775844081636, 791.5029834603502, 0.0, 0.0, 0.0, 0.0, 0.0, 791.5029834603502, 0.0, 0.0, 0.0, 761.5852453982657, 588.9824089772637, 679.6324620435978, 0.0, 679.6324620435978, 0.0, 0.0, 0.0, 670.413684890993, 0.0, 0.0, 0.0, 0.0, 0.0, 0.0, 0.0, 0.0, 0.0, 0.0, 0.0, 0.0, 0.0, 0.0, 77.11233089657797, 612.5286578488658, 0.0, 0.0, 679.6324620435978, 264.04675663795854, 364.071702775777, 0.0, 0.0, 0.0, 0.0, 0.0, 0.0, 0.0, 0.0, 0.0, 199.16563538672386, 0.0, 0.0, 0.0, 84.9586482395239, 0.0, 0.0, 0.0, 0.0, 0.0, 199.16563538672386, 0.0, 199.16563538672386, 0.0, 0.0, 0.0, 0.0, 0.0, 0.0, 0.0, 0.0, 654.1203059096307, 0.0, 0.0, 0.0, 0.0, 0.0, 103.11441124307976, 0.0, 0.0, 0.0, 0.0, 278.9134729448082, 0.0, 0.0, 0.0, 0.0, 0.0, 179.4811097222348, 0.0, 0.0, 77.11233089657797, 0.0, 0.0, 0.0, 0.0, 0.0, 0.0, 0.0, 0.0, 0.0, 0.0, 264.04675663795854, 0.0, 0.0, 0.0, 0.0, 612.5286578488658, 0.0, 0.0, 0.0, 0.0, 0.0, 0.0, 0.0, 0.0, 0.0, 0.0, 0.0, 0.0, 0.0, 0.0, 0.0, 0.0, 0.0, 612.5286578488658, 0.0, 5.005157111560646, 0.0, 0.0, 0.0, 0.0, 0.0, 0.0, 103.11441124307976, 0.0, 0.0, 0.0, 0.0, 0.0, 0.0, 0.0, 278.9134729448082, 0.0, 0.0, 0.0, 0.0, 0.0, 0.0, 0.0]
INFORMACIÓN : 22apuestaBundle [199.16563538672386, 199.16563538672386, 226.13775844081636, 199.16563538672386, 103.11441124307976, 103.11441124307976, 77.11233089657797, 77.11233089657797]
INFORMACIÓN : 22positionsBundle [569, 569, 2209, 569, 2395, 2395, 2079, 2079]
INFORMACIÓN : 22levelsBundle [3, 3, 1, 3, 1, 1, 3, 3]
INFORMACIÓN : 22positionsOrdered [569, 569, 569, 2209, 2395, 2395, 2079, 2079]
INFORMACIÓN : 22levelsOrdered [3, 3, 3, 1, 1, 1, 3, 3]
INFORMACIÓN : 22partialityOrdered [3, 3, 3, 1, 3, 3, 3, 3]
INFORMACIÓN : 22arrivalTimes [13.45362404707371, 13.45362404707371, 13.45362404707371, 13.45362404707371, 13.45362404707371, 13.45362404707371, 45.0764006487575, 45.0764006487575]
INFORMACIÓN : 23historia0[0.0, 0.0, 0.0, 0.0, 0.0, 0.0, 226.13775844081636, 791.5029834603502, 0.0, 0.0, 0.0, 0.0, 0.0, 791.5029834603502, 0.0, 0.0, 0.0, 761.5852453982657, 588.9824089772637, 679.6324620435978, 0.0, 679.6324620435978, 0.0, 0.0, 0.0, 670.413684890993, 0.0, 0.0, 0.0, 0.0, 0.0, 0.0, 0.0, 0.0, 0.0, 0.0, 0.0, 0.0, 0.0, 0.0, 77.11233089657797, 612.5286578488658, 0.0, 0.0, 679.6324620435978, 264.04675663795854, 364.071702775777, 0.0, 0.0, 0.0, 0.0, 0.0, 0.0, 0.0, 0.0, 0.0, 199.16563538672386, 0.0, 0.0, 0.0, 84.9586482395239, 0.0, 0.0, 0.0, 0.0, 0.0, 199.16563538672386, 0.0, 199.16563538672386, 0.0, 0.0, 0.0, 0.0, 0.0, 0.0, 0.0, 0.0, 654.1203059096307, 0.0, 0.0, 0.0, 0.0, 0.0, 103.11441124307976, 0.0, 0.0, 0.0, 0.0, 278.9134729448082, 0.0, 0.0, 0.0, 0.0, 49.52243179945954, 179.4811097222348, 0.0, 0.0, 77.11233089657797, 0.0, 0.0, 122.06953647221769, 0.0, 0.0, 0.0, 0.0, 0.0, 0.0, 0.0, 264.04675663795854, 0.0, 0.0, 0.0, 0.0, 612.5286578488658, 0.0, 0.0, 0.0, 0.0, 0.0, 0.0, 0.0, 0.0, 0.0, 0.0, 0.0, 0.0, 0.0, 0.0, 0.0, 0.0, 0.0, 612.5286578488658, 0.0, 5.005157111560646, 0.0, 0.0, 0.0, 0.0, 0.0, 0.0, 103.11441124307976, 0.0, 0.0, 0.0, 0.0, 0.0, 0.0, 0.0, 278.9134729448082, 0.0, 0.0, 0.0, 0.0, 0.0, 0.0, 0.0]
INFORMACIÓN : 23apuestaBundle [199.16563538672386, 199.16563538672386, 226.13775844081636, 199.16563538672386, 103.11441124307976, 103.11441124307976, 77.11233089657797, 77.11233089657797]
INFORMACIÓN : 23positionsBundle [569, 569, 2209, 569, 2395, 2395, 2079, 2079]
INFORMACIÓN : 23levelsBundle [3, 3, 1, 3, 1, 1, 3, 3]
INFORMACIÓN : 23positionsOrdered [569, 569, 569, 2209, 2395, 2395, 2079, 2079]
INFORMACIÓN : 23levelsOrdered [3, 3, 3, 1, 1, 1, 3, 3]
INFORMACIÓN : 23partialityOrdered [3, 3, 3, 1, 3, 3, 3, 3]
INFORMACIÓN : 23arrivalTimes [13.45362404707371, 13.45362404707371, 13.45362404707371, 13.45362404707371, 13.45362404707371, 13.45362404707371, 45.0764006487575, 45.0764006487575]
INFORMACIÓN : 24historia0[0.0, 0.0, 0.0, 0.0, 0.0, 0.0, 226.13775844081636, 791.5029834603502, 0.0, 0.0, 0.0, 0.0, 0.0, 791.5029834603502, 0.0, 0.0, 0.0, 761.5852453982657, 588.9824089772637, 679.6324620435978, 0.0, 679.6324620435978, 0.0, 0.0, 0.0, 670.413684890993, 0.0, 0.0, 0.0, 0.0, 0.0, 0.0, 0.0, 0.0, 0.0, 0.0, 0.0, 0.0, 0.0, 0.0, 77.11233089657797, 612.5286578488658, 0.0, 0.0, 679.6324620435978, 264.04675663795854, 364.071702775777, 0.0, 0.0, 0.0, 0.0, 0.0, 0.0, 0.0, 0.0, 0.0, 199.16563538672386, 0.0, 0.0, 0.0, 84.9586482395239, 0.0, 0.0, 0.0, 0.0, 0.0, 199.16563538672386, 0.0, 199.16563538672386, 0.0, 0.0, 0.0, 0.0, 0.0, 0.0, 0.0, 0.0, 654.1203059096307, 0.0, 0.0, 0.0, 0.0, 0.0, 103.11441124307976, 0.0, 0.0, 0.0, 0.0, 278.9134729448082, 0.0, 0.0, 0.0, 0.0, 49.52243179945954, 179.4811097222348, 0.0, 0.0, 77.11233089657797, 0.0, 0.0, 122.06953647221769, 0.0, 0.0, 0.0, 0.0, 0.0, 0.0, 0.0, 264.04675663795854, 0.0, 0.0, 0.0, 0.0, 612.5286578488658, 0.0, 0.0, 0.0, 0.0, 0.0, 0.0, 0.0, 0.0, 0.0, 0.0, 0.0, 0.0, 0.0, 0.0, 0.0, 0.0, 0.0, 612.5286578488658, 0.0, 5.005157111560646, 0.0, 0.0, 0.0, 0.0, 0.0, 0.0, 103.11441124307976, 0.0, 0.0, 0.0, 0.0, 0.0, 0.0, 0.0, 278.9134729448082, 0.0, 0.0, 0.0, 0.0, 0.0, 0.0, 0.0]
INFORMACIÓN : 24apuestaBundle [199.16563538672386, 199.16563538672386, 226.13775844081636, 199.16563538672386, 103.11441124307976, 103.11441124307976, 77.11233089657797, 77.11233089657797]
INFORMACIÓN : 24positionsBundle [569, 569, 2209, 569, 2395, 2395, 2079, 2079]
INFORMACIÓN : 24levelsBundle [3, 3, 1, 3, 1, 1, 3, 3]
INFORMACIÓN : 24positionsOrdered [569, 569, 569, 2209, 2395, 2395, 2079, 2079]
INFORMACIÓN : 24levelsOrdered [3, 3, 3, 1, 1, 1, 3, 3]
INFORMACIÓN : 24partialityOrdered [3, 3, 3, 1, 3, 3, 3, 3]
INFORMACIÓN : 24arrivalTimes [13.45362404707371, 13.45362404707371, 13.45362404707371, 13.45362404707371, 13.45362404707371, 13.45362404707371, 45.0764006487575, 45.0764006487575]
INFORMACIÓN : 25historia1[0.0, 0.0, 0.0, 0.0, 0.0, 0.0, 226.13775844081636, 791.5029834603502, 0.0, 0.0, 0.0, 0.0, 0.0, 791.5029834603502, 0.0, 0.0, 0.0, 761.5852453982657, 588.9824089772637, 679.6324620435978, 0.0, 679.6324620435978, 0.0, 0.0, 0.0, 670.413684890993, 0.0, 0.0, 0.0, 0.0, 0.0, 0.0, 0.0, 0.0, 0.0, 0.0, 0.0, 0.0, 0.0, 0.0, 77.11233089657797, 612.5286578488658, 0.0, 0.0, 679.6324620435978, 264.04675663795854, 364.071702775777, 0.0, 0.0, 0.0, 0.0, 0.0, 0.0, 0.0, 0.0, 0.0, 199.16563538672386, 0.0, 0.0, 0.0, 84.9586482395239, 0.0, 0.0, 0.0, 0.0, 0.0, 199.16563538672386, 0.0, 199.16563538672386, 0.0, 0.0, 0.0, 0.0, 0.0, 0.0, 0.0, 0.0, 654.1203059096307, 0.0, 0.0, 0.0, 0.0, 0.0, 103.11441124307976, 0.0, 0.0, 0.0, 0.0, 278.9134729448082, 0.0, 0.0, 0.0, 0.0, 49.52243179945954, 179.4811097222348, 0.0, 0.0, 77.11233089657797, 0.0, 0.0, 122.06953647221769, 0.0, 0.0, 0.0, 0.0, 0.0, 0.0, 0.0, 264.04675663795854, 0.0, 0.0, 0.0, 0.0, 612.5286578488658, 0.0, 0.0, 0.0, 0.0, 0.0, 0.0, 0.0, 0.0, 0.0, 0.0, 0.0, 0.0, 0.0, 0.0, 0.0, 0.0, 0.0, 612.5286578488658, 0.0, 5.005157111560646, 0.0, 0.0, 0.0, 0.0, 0.0, 0.0, 103.11441124307976, 0.0, 0.0, 0.0, 0.0, 0.0, 0.0, 0.0, 278.9134729448082, 0.0, 0.0, 0.0, 0.0, 0.0, 0.0, 0.0]
