----------------------------------------------------------------------
-- Log session for [myBugCoalitionsCCBBAGuaiDEF-5] started on 2017.07.15.01.42.36 --
----------------------------------------------------------------------

INFORMACIÓN : I started
INFORMACIÓN : 0apuestaBundle [679.6324620435978, 679.6324620435978, 791.5029834603502, 679.6324620435978, 791.5029834603502, 612.5286578488658, 612.5286578488658, 612.5286578488658]
INFORMACIÓN : 0positionsBundle [213, 213, 2259, 213, 2209, 702, 702, 702]
INFORMACIÓN : 0levelsBundle [3, 3, 1, 3, 1, 3, 3, 3]
INFORMACIÓN : 0positionsOrdered [702, 702, 702, 213, 213, 2259, 213, 2209]
INFORMACIÓN : 0levelsOrdered [3, 3, 3, 3, 3, 1, 3, 1]
INFORMACIÓN : 0partialityOrdered [3, 3, 3, 3, 3, 3, 3, 1]
INFORMACIÓN : 0arrivalTimes [0.0, 0.0, 0.0, 14.866068747318506, 14.866068747318506, 14.866068747318506, 14.866068747318506, 14.866068747318506]
INFORMACIÓN : I [MW, IR, AB]; lost Test.myBail@757b1578; POS 2259; sensors []; level 1 I paid 791.5029834603502in favour of9@(myturtles,myturtles,bug)@MK-18551 paid 807.0461153482556
INFORMACIÓN : 1historia0[0.0, 0.0, 807.0461153482556, 259.67898060135775, 0.0, 0.0, 807.0461153482556, 0.0, 0.0, 0.0, 0.0, 0.0, 0.0, 771.2589607827374, 0.0, 0.0, 0.0, 339.79985213388227, 588.9824089772637, 679.6324620435978, 0.0, 679.6324620435978, 0.0, 0.0, 0.0, 0.0, 0.0, 0.0, 0.0, 0.0, 0.0, 0.0, 0.0, 0.0, 0.0, 0.0, 0.0, 0.0, 0.0, 0.0, 0.0, 0.0, 0.0, 0.0, 0.0, 0.0, 394.7196504717955, 0.0, 0.0, 0.0, 0.0, 0.0, 0.0, 0.0, 0.0, 0.0, 199.16563538672386, 0.0, 0.0, 0.0, 0.0, 0.0, 0.0, 0.0, 0.0, 0.0, 199.16563538672386, 0.0, 199.16563538672386, 0.0, 0.0, 0.0, 0.0, 0.0, 0.0, 0.0, 0.0, 654.1203059096307, 0.0, 0.0, 0.0, 0.0, 0.0, 301.11533706946057, 0.0, 0.0, 0.0, 0.0, 0.0, 0.0, 0.0, 0.0, 0.0, 0.0, 0.0, 0.0, 0.0, 0.0, 0.0, 0.0, 90.10918456284065, 0.0, 0.0, 0.0, 0.0, 0.0, 0.0, 0.0, 0.0, 0.0, 0.0, 0.0, 0.0, 0.0, 0.0, 0.0, 0.0, 0.0, 0.0, 0.0, 0.0, 0.0, 0.0, 0.0, 0.0, 0.0, 0.0, 0.0, 0.0, 0.0, 0.0, 0.0, 0.0, 0.0, 0.0, 0.0, 0.0, 0.0, 0.0, 0.0, 0.0, 0.0, 0.0, 0.0, 0.0, 0.0, 0.0, 0.0, 76.90896951630577, 0.0, 0.0, 0.0, 0.0, 0.0, 0.0, 0.0]
INFORMACIÓN : 1apuestaBundle [679.6324620435978, 679.6324620435978, 791.5029834603502, 679.6324620435978, 791.5029834603502, 612.5286578488658, 612.5286578488658, 612.5286578488658]
INFORMACIÓN : 1positionsBundle [213, 213, 2418, 213, 2112, 702, 702, 702]
INFORMACIÓN : 1levelsBundle [3, 3, 1, 3, 1, 3, 3, 3]
INFORMACIÓN : 1positionsOrdered [702, 702, 702, 213, 213, 2418, 213, 2112]
INFORMACIÓN : 1levelsOrdered [3, 3, 3, 3, 3, 1, 3, 1]
INFORMACIÓN : 1partialityOrdered [3, 3, 3, 3, 3, 1, 3, 3]
INFORMACIÓN : 1arrivalTimes [0.0, 0.0, 0.0, 14.866068747318506, 14.866068747318506, 14.866068747318506, 14.866068747318506, 14.866068747318506]
INFORMACIÓN : mutexSat position 2112 level 1
INFORMACIÓN : I [MW, IR, AB]; lost Test.myBail@62e679f7; POS 2112; sensors []; level 1 I paid 791.5029834603502in favour ofnull paid 791.5029834603502
INFORMACIÓN : 2historia0[0.0, 0.0, 807.0461153482556, 259.67898060135775, 0.0, 0.0, 807.0461153482556, 791.5029834603502, 0.0, 0.0, 0.0, 0.0, 0.0, 231.093960519157, 0.0, 0.0, 0.0, 0.0, 0.0, 679.6324620435978, 0.0, 679.6324620435978, 0.0, 0.0, 0.0, 231.093960519157, 0.0, 0.0, 0.0, 0.0, 0.0, 0.0, 0.0, 0.0, 0.0, 0.0, 0.0, 0.0, 0.0, 0.0, 0.0, 0.0, 0.0, 0.0, 679.6324620435978, 0.0, 394.7196504717955, 0.0, 0.0, 0.0, 0.0, 0.0, 0.0, 0.0, 0.0, 0.0, 199.16563538672386, 0.0, 0.0, 0.0, 0.0, 0.0, 0.0, 0.0, 0.0, 0.0, 199.16563538672386, 0.0, 199.16563538672386, 0.0, 0.0, 0.0, 0.0, 0.0, 0.0, 76.21966100300733, 0.0, 654.1203059096307, 0.0, 0.0, 0.0, 0.0, 0.0, 0.0, 0.0, 0.0, 0.0, 0.0, 194.19355469672803, 0.0, 0.0, 0.0, 0.0, 0.0, 0.0, 0.0, 0.0, 0.0, 0.0, 0.0, 90.10918456284065, 0.0, 0.0, 83.40210475618437, 0.0, 0.0, 0.0, 0.0, 0.0, 0.0, 0.0, 0.0, 0.0, 0.0, 0.0, 0.0, 0.0, 0.0, 0.0, 0.0, 0.0, 0.0, 0.0, 0.0, 0.0, 0.0, 0.0, 0.0, 0.0, 0.0, 0.0, 0.0, 0.0, 0.0, 0.0, 0.0, 0.0, 0.0, 0.0, 0.0, 0.0, 0.0, 0.0, 0.0, 0.0, 0.0, 0.0, 0.0, 194.19355469672803, 0.0, 0.0, 0.0, 0.0, 0.0, 0.0, 0.0]
INFORMACIÓN : 2apuestaBundle [679.6324620435978, 679.6324620435978, 791.5029834603502, 679.6324620435978, 791.5029834603502, 612.5286578488658, 612.5286578488658, 612.5286578488658]
INFORMACIÓN : 2positionsBundle [213, 213, 2418, 213, 2436, 702, 702, 702]
INFORMACIÓN : 2levelsBundle [3, 3, 1, 3, 1, 3, 3, 3]
INFORMACIÓN : 2positionsOrdered [702, 702, 702, 213, 213, 2418, 213, 2436]
INFORMACIÓN : 2levelsOrdered [3, 3, 3, 3, 3, 1, 3, 1]
INFORMACIÓN : 2partialityOrdered [3, 3, 3, 3, 3, 1, 3, 3]
INFORMACIÓN : 2arrivalTimes [0.0, 0.0, 0.0, 14.866068747318506, 14.866068747318506, 14.866068747318506, 14.866068747318506, 14.866068747318506]
INFORMACIÓN : 3historia0[0.0, 0.0, 226.13775844081636, 259.67898060135775, 0.0, 0.0, 226.13775844081636, 791.5029834603502, 0.0, 0.0, 0.0, 0.0, 0.0, 791.5029834603502, 0.0, 0.0, 0.0, 0.0, 0.0, 679.6324620435978, 0.0, 679.6324620435978, 0.0, 80.36962201386541, 0.0, 231.093960519157, 0.0, 0.0, 0.0, 0.0, 0.0, 0.0, 0.0, 0.0, 0.0, 0.0, 73.87106131889965, 0.0, 0.0, 0.0, 77.11233089657797, 612.5286578488658, 0.0, 0.0, 679.6324620435978, 0.0, 394.7196504717955, 0.0, 0.0, 0.0, 0.0, 0.0, 0.0, 0.0, 0.0, 0.0, 199.16563538672386, 0.0, 0.0, 0.0, 0.0, 0.0, 0.0, 0.0, 0.0, 0.0, 199.16563538672386, 0.0, 199.16563538672386, 0.0, 0.0, 0.0, 0.0, 0.0, 0.0, 0.0, 0.0, 654.1203059096307, 0.0, 0.0, 0.0, 0.0, 0.0, 0.0, 0.0, 0.0, 0.0, 0.0, 194.19355469672803, 0.0, 0.0, 64.01727125997536, 0.0, 0.0, 0.0, 0.0, 0.0, 0.0, 0.0, 0.0, 90.10918456284065, 0.0, 0.0, 83.40210475618437, 0.0, 0.0, 0.0, 0.0, 0.0, 0.0, 0.0, 0.0, 0.0, 612.5286578488658, 0.0, 0.0, 0.0, 0.0, 0.0, 0.0, 0.0, 0.0, 0.0, 0.0, 0.0, 0.0, 0.0, 0.0, 0.0, 0.0, 0.0, 612.5286578488658, 64.01727125997536, 0.0, 0.0, 0.0, 0.0, 0.0, 0.0, 0.0, 0.0, 0.0, 0.0, 0.0, 0.0, 0.0, 0.0, 0.0, 194.19355469672803, 0.0, 0.0, 0.0, 0.0, 0.0, 0.0, 0.0]
INFORMACIÓN : 3apuestaBundle [679.6324620435978, 679.6324620435978, 791.5029834603502, 679.6324620435978, 791.5029834603502, 612.5286578488658, 612.5286578488658, 612.5286578488658]
INFORMACIÓN : 3positionsBundle [213, 213, 2418, 213, 2436, 702, 702, 702]
INFORMACIÓN : 3levelsBundle [3, 3, 1, 3, 1, 3, 3, 3]
INFORMACIÓN : 3positionsOrdered [702, 702, 702, 213, 213, 2418, 213, 2436]
INFORMACIÓN : 3levelsOrdered [3, 3, 3, 3, 3, 1, 3, 1]
INFORMACIÓN : 3partialityOrdered [3, 3, 3, 3, 3, 1, 3, 3]
INFORMACIÓN : 3arrivalTimes [0.0, 0.0, 0.0, 14.866068747318506, 14.866068747318506, 14.866068747318506, 14.866068747318506, 14.866068747318506]
INFORMACIÓN : 4historia0[0.0, 0.0, 226.13775844081636, 259.67898060135775, 0.0, 0.0, 226.13775844081636, 791.5029834603502, 0.0, 0.0, 0.0, 0.0, 0.0, 791.5029834603502, 0.0, 0.0, 0.0, 761.5852453982657, 588.9824089772637, 679.6324620435978, 0.0, 679.6324620435978, 0.0, 0.0, 0.0, 670.413684890993, 0.0, 0.0, 0.0, 0.0, 0.0, 0.0, 0.0, 0.0, 0.0, 0.0, 73.87106131889965, 0.0, 0.0, 0.0, 77.11233089657797, 612.5286578488658, 0.0, 0.0, 679.6324620435978, 264.04675663795854, 364.071702775777, 0.0, 0.0, 0.0, 0.0, 0.0, 0.0, 0.0, 0.0, 0.0, 199.16563538672386, 0.0, 0.0, 0.0, 0.0, 0.0, 0.0, 0.0, 0.0, 0.0, 199.16563538672386, 0.0, 199.16563538672386, 0.0, 0.0, 0.0, 0.0, 0.0, 0.0, 0.0, 0.0, 654.1203059096307, 0.0, 0.0, 0.0, 0.0, 0.0, 0.0, 0.0, 0.0, 0.0, 0.0, 278.9134729448082, 0.0, 0.0, 0.0, 0.0, 0.0, 179.4811097222348, 0.0, 0.0, 0.0, 0.0, 0.0, 70.0659554604045, 0.0, 0.0, 0.0, 0.0, 0.0, 0.0, 0.0, 264.04675663795854, 0.0, 0.0, 0.0, 0.0, 612.5286578488658, 0.0, 0.0, 0.0, 0.0, 0.0, 0.0, 0.0, 0.0, 0.0, 0.0, 0.0, 0.0, 0.0, 0.0, 0.0, 0.0, 0.0, 612.5286578488658, 0.0, 0.0, 0.0, 0.0, 0.0, 0.0, 0.0, 0.0, 0.0, 0.0, 0.0, 0.0, 0.0, 0.0, 0.0, 0.0, 278.9134729448082, 0.0, 0.0, 0.0, 0.0, 0.0, 0.0, 0.0]
INFORMACIÓN : 4apuestaBundle [679.6324620435978, 679.6324620435978, 791.5029834603502, 679.6324620435978, 791.5029834603502, 612.5286578488658, 612.5286578488658, 612.5286578488658]
INFORMACIÓN : 4positionsBundle [213, 213, 2418, 213, 2436, 702, 702, 702]
INFORMACIÓN : 4levelsBundle [3, 3, 1, 3, 1, 3, 3, 3]
INFORMACIÓN : 4positionsOrdered [702, 702, 702, 213, 213, 2418, 213, 2436]
INFORMACIÓN : 4levelsOrdered [3, 3, 3, 3, 3, 1, 3, 1]
INFORMACIÓN : 4partialityOrdered [3, 3, 3, 3, 3, 1, 3, 3]
INFORMACIÓN : 4arrivalTimes [0.0, 0.0, 0.0, 14.866068747318506, 14.866068747318506, 14.866068747318506, 14.866068747318506, 14.866068747318506]
INFORMACIÓN : 5historia0[0.0, 0.0, 0.0, 0.0, 0.0, 0.0, 226.13775844081636, 791.5029834603502, 0.0, 0.0, 0.0, 0.0, 0.0, 791.5029834603502, 0.0, 0.0, 0.0, 761.5852453982657, 588.9824089772637, 679.6324620435978, 0.0, 679.6324620435978, 0.0, 0.0, 0.0, 670.413684890993, 0.0, 0.0, 0.0, 0.0, 0.0, 0.0, 0.0, 0.0, 226.13775844081636, 0.0, 0.0, 59.32173447422332, 0.0, 0.0, 0.0, 612.5286578488658, 0.0, 0.0, 679.6324620435978, 264.04675663795854, 364.071702775777, 0.0, 0.0, 0.0, 0.0, 0.0, 0.0, 0.0, 0.0, 0.0, 199.16563538672386, 0.0, 0.0, 0.0, 0.0, 0.0, 0.0, 0.0, 0.0, 0.0, 199.16563538672386, 0.0, 199.16563538672386, 0.0, 0.0, 0.0, 0.0, 0.0, 0.0, 0.0, 0.0, 654.1203059096307, 0.0, 0.0, 0.0, 0.0, 0.0, 0.0, 0.0, 0.0, 0.0, 0.0, 278.9134729448082, 0.0, 0.0, 0.0, 0.0, 0.0, 179.4811097222348, 0.0, 0.0, 0.0, 0.0, 0.0, 0.0, 0.0, 0.0, 0.0, 0.0, 0.0, 0.0, 0.0, 264.04675663795854, 0.0, 0.0, 0.0, 0.0, 612.5286578488658, 0.0, 0.0, 0.0, 0.0, 0.0, 0.0, 0.0, 0.0, 0.0, 0.0, 0.0, 0.0, 0.0, 0.0, 0.0, 0.0, 0.0, 612.5286578488658, 0.0, 5.005157111560646, 0.0, 0.0, 0.0, 0.0, 0.0, 0.0, 0.0, 0.0, 0.0, 0.0, 0.0, 0.0, 0.0, 0.0, 278.9134729448082, 0.0, 0.0, 0.0, 0.0, 0.0, 0.0, 0.0]
INFORMACIÓN : 5apuestaBundle [679.6324620435978, 679.6324620435978, 791.5029834603502, 679.6324620435978, 791.5029834603502, 612.5286578488658, 612.5286578488658, 612.5286578488658]
INFORMACIÓN : 5positionsBundle [213, 213, 2418, 213, 2436, 702, 702, 702]
INFORMACIÓN : 5levelsBundle [3, 3, 1, 3, 1, 3, 3, 3]
INFORMACIÓN : 5positionsOrdered [702, 702, 702, 213, 213, 2418, 213, 2436]
INFORMACIÓN : 5levelsOrdered [3, 3, 3, 3, 3, 1, 3, 1]
INFORMACIÓN : 5partialityOrdered [3, 3, 3, 3, 3, 1, 3, 3]
INFORMACIÓN : 5arrivalTimes [0.0, 0.0, 0.0, 14.866068747318506, 14.866068747318506, 14.866068747318506, 14.866068747318506, 14.866068747318506]
INFORMACIÓN : 6historia0[0.0, 0.0, 0.0, 0.0, 0.0, 0.0, 226.13775844081636, 791.5029834603502, 0.0, 0.0, 0.0, 0.0, 0.0, 791.5029834603502, 0.0, 0.0, 0.0, 761.5852453982657, 588.9824089772637, 679.6324620435978, 0.0, 679.6324620435978, 0.0, 0.0, 0.0, 670.413684890993, 0.0, 0.0, 0.0, 0.0, 0.0, 0.0, 0.0, 0.0, 0.0, 0.0, 0.0, 0.0, 0.0, 0.0, 77.11233089657797, 612.5286578488658, 0.0, 0.0, 679.6324620435978, 264.04675663795854, 364.071702775777, 0.0, 0.0, 0.0, 0.0, 0.0, 372.4837859184882, 0.0, 0.0, 0.0, 199.16563538672386, 0.0, 0.0, 0.0, 84.9586482395239, 0.0, 0.0, 0.0, 0.0, 0.0, 199.16563538672386, 0.0, 199.16563538672386, 0.0, 0.0, 0.0, 0.0, 0.0, 0.0, 0.0, 0.0, 654.1203059096307, 0.0, 0.0, 0.0, 0.0, 0.0, 103.11441124307976, 0.0, 0.0, 0.0, 0.0, 278.9134729448082, 0.0, 0.0, 0.0, 0.0, 0.0, 179.4811097222348, 0.0, 0.0, 77.11233089657797, 0.0, 0.0, 0.0, 0.0, 0.0, 0.0, 0.0, 0.0, 0.0, 0.0, 264.04675663795854, 0.0, 0.0, 0.0, 0.0, 612.5286578488658, 0.0, 0.0, 0.0, 0.0, 0.0, 0.0, 0.0, 0.0, 0.0, 0.0, 0.0, 0.0, 0.0, 0.0, 0.0, 0.0, 0.0, 612.5286578488658, 0.0, 5.005157111560646, 0.0, 0.0, 0.0, 0.0, 0.0, 0.0, 103.11441124307976, 0.0, 0.0, 0.0, 0.0, 0.0, 0.0, 0.0, 278.9134729448082, 0.0, 0.0, 0.0, 0.0, 0.0, 0.0, 0.0]
INFORMACIÓN : 6apuestaBundle [679.6324620435978, 679.6324620435978, 791.5029834603502, 679.6324620435978, 791.5029834603502, 612.5286578488658, 612.5286578488658, 612.5286578488658]
INFORMACIÓN : 6positionsBundle [213, 213, 2418, 213, 2436, 702, 702, 702]
INFORMACIÓN : 6levelsBundle [3, 3, 1, 3, 1, 3, 3, 3]
INFORMACIÓN : 6positionsOrdered [702, 702, 702, 213, 213, 2418, 213, 2436]
INFORMACIÓN : 6levelsOrdered [3, 3, 3, 3, 3, 1, 3, 1]
INFORMACIÓN : 6partialityOrdered [3, 3, 3, 3, 3, 1, 3, 3]
INFORMACIÓN : 6arrivalTimes [0.0, 0.0, 0.0, 14.866068747318506, 14.866068747318506, 14.866068747318506, 14.866068747318506, 14.866068747318506]
INFORMACIÓN : 7historia0[0.0, 0.0, 0.0, 0.0, 0.0, 0.0, 226.13775844081636, 791.5029834603502, 0.0, 0.0, 0.0, 0.0, 0.0, 791.5029834603502, 0.0, 0.0, 0.0, 761.5852453982657, 588.9824089772637, 679.6324620435978, 0.0, 679.6324620435978, 0.0, 0.0, 0.0, 670.413684890993, 0.0, 0.0, 0.0, 0.0, 0.0, 0.0, 0.0, 0.0, 0.0, 0.0, 0.0, 0.0, 0.0, 0.0, 77.11233089657797, 612.5286578488658, 0.0, 0.0, 679.6324620435978, 264.04675663795854, 364.071702775777, 0.0, 0.0, 0.0, 0.0, 0.0, 0.0, 0.0, 0.0, 0.0, 199.16563538672386, 0.0, 0.0, 0.0, 84.9586482395239, 0.0, 0.0, 0.0, 0.0, 0.0, 199.16563538672386, 0.0, 199.16563538672386, 0.0, 0.0, 0.0, 0.0, 0.0, 0.0, 0.0, 0.0, 654.1203059096307, 0.0, 0.0, 0.0, 0.0, 0.0, 103.11441124307976, 0.0, 0.0, 0.0, 0.0, 278.9134729448082, 0.0, 0.0, 0.0, 0.0, 49.52243179945954, 179.4811097222348, 0.0, 0.0, 77.11233089657797, 0.0, 0.0, 122.06953647221769, 0.0, 0.0, 0.0, 0.0, 0.0, 0.0, 0.0, 264.04675663795854, 0.0, 0.0, 0.0, 0.0, 612.5286578488658, 0.0, 0.0, 0.0, 0.0, 0.0, 0.0, 0.0, 0.0, 0.0, 0.0, 0.0, 0.0, 0.0, 0.0, 0.0, 0.0, 0.0, 612.5286578488658, 0.0, 5.005157111560646, 0.0, 0.0, 0.0, 0.0, 0.0, 0.0, 103.11441124307976, 0.0, 0.0, 0.0, 0.0, 0.0, 0.0, 0.0, 278.9134729448082, 0.0, 0.0, 0.0, 0.0, 0.0, 0.0, 0.0]
INFORMACIÓN : 7apuestaBundle [679.6324620435978, 679.6324620435978, 791.5029834603502, 679.6324620435978, 791.5029834603502, 612.5286578488658, 612.5286578488658, 612.5286578488658]
INFORMACIÓN : 7positionsBundle [213, 213, 2418, 213, 2436, 702, 702, 702]
INFORMACIÓN : 7levelsBundle [3, 3, 1, 3, 1, 3, 3, 3]
INFORMACIÓN : 7positionsOrdered [702, 702, 702, 213, 213, 2418, 213, 2436]
INFORMACIÓN : 7levelsOrdered [3, 3, 3, 3, 3, 1, 3, 1]
INFORMACIÓN : 7partialityOrdered [3, 3, 3, 3, 3, 1, 3, 3]
INFORMACIÓN : 7arrivalTimes [0.0, 0.0, 0.0, 14.866068747318506, 14.866068747318506, 14.866068747318506, 14.866068747318506, 14.866068747318506]
INFORMACIÓN : 8historia0[0.0, 0.0, 0.0, 0.0, 0.0, 0.0, 226.13775844081636, 791.5029834603502, 0.0, 0.0, 0.0, 0.0, 0.0, 791.5029834603502, 0.0, 0.0, 0.0, 761.5852453982657, 588.9824089772637, 679.6324620435978, 0.0, 679.6324620435978, 0.0, 0.0, 0.0, 670.413684890993, 0.0, 0.0, 0.0, 0.0, 0.0, 0.0, 0.0, 0.0, 0.0, 0.0, 0.0, 0.0, 0.0, 0.0, 77.11233089657797, 612.5286578488658, 0.0, 0.0, 679.6324620435978, 264.04675663795854, 364.071702775777, 0.0, 0.0, 0.0, 0.0, 0.0, 0.0, 0.0, 0.0, 0.0, 199.16563538672386, 0.0, 0.0, 0.0, 84.9586482395239, 0.0, 0.0, 0.0, 0.0, 0.0, 199.16563538672386, 0.0, 199.16563538672386, 0.0, 0.0, 0.0, 0.0, 0.0, 0.0, 0.0, 0.0, 654.1203059096307, 0.0, 0.0, 0.0, 0.0, 0.0, 103.11441124307976, 0.0, 0.0, 0.0, 0.0, 278.9134729448082, 0.0, 0.0, 0.0, 0.0, 49.52243179945954, 179.4811097222348, 0.0, 0.0, 77.11233089657797, 0.0, 0.0, 122.06953647221769, 0.0, 0.0, 0.0, 0.0, 0.0, 0.0, 0.0, 264.04675663795854, 0.0, 0.0, 0.0, 0.0, 612.5286578488658, 0.0, 0.0, 0.0, 0.0, 0.0, 0.0, 0.0, 0.0, 0.0, 0.0, 0.0, 0.0, 0.0, 0.0, 0.0, 0.0, 0.0, 612.5286578488658, 0.0, 5.005157111560646, 0.0, 0.0, 0.0, 0.0, 0.0, 0.0, 103.11441124307976, 0.0, 0.0, 0.0, 0.0, 0.0, 0.0, 0.0, 278.9134729448082, 0.0, 0.0, 0.0, 0.0, 0.0, 0.0, 0.0]
INFORMACIÓN : 8apuestaBundle [679.6324620435978, 679.6324620435978, 791.5029834603502, 679.6324620435978, 791.5029834603502, 612.5286578488658, 612.5286578488658, 612.5286578488658]
INFORMACIÓN : 8positionsBundle [213, 213, 2418, 213, 2436, 702, 702, 702]
INFORMACIÓN : 8levelsBundle [3, 3, 1, 3, 1, 3, 3, 3]
INFORMACIÓN : 8positionsOrdered [702, 702, 702, 213, 213, 2418, 213, 2436]
INFORMACIÓN : 8levelsOrdered [3, 3, 3, 3, 3, 1, 3, 1]
INFORMACIÓN : 8partialityOrdered [3, 3, 3, 3, 3, 1, 3, 3]
INFORMACIÓN : 8arrivalTimes [0.0, 0.0, 0.0, 14.866068747318506, 14.866068747318506, 14.866068747318506, 14.866068747318506, 14.866068747318506]
INFORMACIÓN : 9historia1[0.0, 0.0, 0.0, 0.0, 0.0, 0.0, 226.13775844081636, 791.5029834603502, 0.0, 0.0, 0.0, 0.0, 0.0, 791.5029834603502, 0.0, 0.0, 0.0, 761.5852453982657, 588.9824089772637, 679.6324620435978, 0.0, 679.6324620435978, 0.0, 0.0, 0.0, 670.413684890993, 0.0, 0.0, 0.0, 0.0, 0.0, 0.0, 0.0, 0.0, 0.0, 0.0, 0.0, 0.0, 0.0, 0.0, 77.11233089657797, 612.5286578488658, 0.0, 0.0, 679.6324620435978, 264.04675663795854, 364.071702775777, 0.0, 0.0, 0.0, 0.0, 0.0, 0.0, 0.0, 0.0, 0.0, 199.16563538672386, 0.0, 0.0, 0.0, 84.9586482395239, 0.0, 0.0, 0.0, 0.0, 0.0, 199.16563538672386, 0.0, 199.16563538672386, 0.0, 0.0, 0.0, 0.0, 0.0, 0.0, 0.0, 0.0, 654.1203059096307, 0.0, 0.0, 0.0, 0.0, 0.0, 103.11441124307976, 0.0, 0.0, 0.0, 0.0, 278.9134729448082, 0.0, 0.0, 0.0, 0.0, 49.52243179945954, 179.4811097222348, 0.0, 0.0, 77.11233089657797, 0.0, 0.0, 122.06953647221769, 0.0, 0.0, 0.0, 0.0, 0.0, 0.0, 0.0, 264.04675663795854, 0.0, 0.0, 0.0, 0.0, 612.5286578488658, 0.0, 0.0, 0.0, 0.0, 0.0, 0.0, 0.0, 0.0, 0.0, 0.0, 0.0, 0.0, 0.0, 0.0, 0.0, 0.0, 0.0, 612.5286578488658, 0.0, 5.005157111560646, 0.0, 0.0, 0.0, 0.0, 0.0, 0.0, 103.11441124307976, 0.0, 0.0, 0.0, 0.0, 0.0, 0.0, 0.0, 278.9134729448082, 0.0, 0.0, 0.0, 0.0, 0.0, 0.0, 0.0]
INFORMACIÓN : 9apuestaBundle [679.6324620435978, 679.6324620435978, 791.5029834603502, 679.6324620435978, 791.5029834603502, 612.5286578488658, 612.5286578488658, 612.5286578488658]
INFORMACIÓN : 9positionsBundle [213, 213, 2418, 213, 2436, 702, 702, 702]
INFORMACIÓN : 9levelsBundle [3, 3, 1, 3, 1, 3, 3, 3]
INFORMACIÓN : 9positionsOrdered [702, 702, 702, 213, 213, 2418, 213, 2436]
INFORMACIÓN : 9levelsOrdered [3, 3, 3, 3, 3, 1, 3, 1]
INFORMACIÓN : 9partialityOrdered [3, 3, 3, 3, 3, 1, 3, 3]
INFORMACIÓN : 9arrivalTimes [0.0, 0.0, 0.0, 14.866068747318506, 14.866068747318506, 14.866068747318506, 14.866068747318506, 14.866068747318506]
INFORMACIÓN : 10historia2[0.0, 0.0, 0.0, 0.0, 0.0, 0.0, 226.13775844081636, 791.5029834603502, 0.0, 0.0, 0.0, 0.0, 0.0, 791.5029834603502, 0.0, 0.0, 0.0, 761.5852453982657, 588.9824089772637, 679.6324620435978, 0.0, 679.6324620435978, 0.0, 0.0, 0.0, 670.413684890993, 0.0, 0.0, 0.0, 0.0, 0.0, 0.0, 0.0, 0.0, 0.0, 0.0, 0.0, 0.0, 0.0, 0.0, 77.11233089657797, 612.5286578488658, 0.0, 0.0, 679.6324620435978, 264.04675663795854, 364.071702775777, 0.0, 0.0, 0.0, 0.0, 0.0, 0.0, 0.0, 0.0, 0.0, 199.16563538672386, 0.0, 0.0, 0.0, 84.9586482395239, 0.0, 0.0, 0.0, 0.0, 0.0, 199.16563538672386, 0.0, 199.16563538672386, 0.0, 0.0, 0.0, 0.0, 0.0, 0.0, 0.0, 0.0, 654.1203059096307, 0.0, 0.0, 0.0, 0.0, 0.0, 103.11441124307976, 0.0, 0.0, 0.0, 0.0, 278.9134729448082, 0.0, 0.0, 0.0, 0.0, 49.52243179945954, 179.4811097222348, 0.0, 0.0, 77.11233089657797, 0.0, 0.0, 122.06953647221769, 0.0, 0.0, 0.0, 0.0, 0.0, 0.0, 0.0, 264.04675663795854, 0.0, 0.0, 0.0, 0.0, 612.5286578488658, 0.0, 0.0, 0.0, 0.0, 0.0, 0.0, 0.0, 0.0, 0.0, 0.0, 0.0, 0.0, 0.0, 0.0, 0.0, 0.0, 0.0, 612.5286578488658, 0.0, 5.005157111560646, 0.0, 0.0, 0.0, 0.0, 0.0, 0.0, 103.11441124307976, 0.0, 0.0, 0.0, 0.0, 0.0, 0.0, 0.0, 278.9134729448082, 0.0, 0.0, 0.0, 0.0, 0.0, 0.0, 0.0]
INFORMACIÓN : 10apuestaBundle [679.6324620435978, 679.6324620435978, 791.5029834603502, 679.6324620435978, 791.5029834603502, 612.5286578488658, 612.5286578488658, 612.5286578488658]
INFORMACIÓN : 10positionsBundle [213, 213, 2418, 213, 2436, 702, 702, 702]
INFORMACIÓN : 10levelsBundle [3, 3, 1, 3, 1, 3, 3, 3]
INFORMACIÓN : 10positionsOrdered [702, 702, 702, 213, 213, 2418, 213, 2436]
INFORMACIÓN : 10levelsOrdered [3, 3, 3, 3, 3, 1, 3, 1]
INFORMACIÓN : 10partialityOrdered [3, 3, 3, 3, 3, 1, 3, 3]
INFORMACIÓN : 10arrivalTimes [0.0, 0.0, 0.0, 14.866068747318506, 14.866068747318506, 14.866068747318506, 14.866068747318506, 14.866068747318506]
INFORMACIÓN : 11historia3[0.0, 0.0, 0.0, 0.0, 0.0, 0.0, 226.13775844081636, 791.5029834603502, 0.0, 0.0, 0.0, 0.0, 0.0, 791.5029834603502, 0.0, 0.0, 0.0, 761.5852453982657, 588.9824089772637, 679.6324620435978, 0.0, 679.6324620435978, 0.0, 0.0, 0.0, 670.413684890993, 0.0, 0.0, 0.0, 0.0, 0.0, 0.0, 0.0, 0.0, 0.0, 0.0, 0.0, 0.0, 0.0, 0.0, 77.11233089657797, 612.5286578488658, 0.0, 0.0, 679.6324620435978, 264.04675663795854, 364.071702775777, 0.0, 0.0, 0.0, 0.0, 0.0, 0.0, 0.0, 0.0, 0.0, 199.16563538672386, 0.0, 0.0, 0.0, 84.9586482395239, 0.0, 0.0, 0.0, 0.0, 0.0, 199.16563538672386, 0.0, 199.16563538672386, 0.0, 0.0, 0.0, 0.0, 0.0, 0.0, 0.0, 0.0, 654.1203059096307, 0.0, 0.0, 0.0, 0.0, 0.0, 103.11441124307976, 0.0, 0.0, 0.0, 0.0, 278.9134729448082, 0.0, 0.0, 0.0, 0.0, 49.52243179945954, 179.4811097222348, 0.0, 0.0, 77.11233089657797, 0.0, 0.0, 122.06953647221769, 0.0, 0.0, 0.0, 0.0, 0.0, 0.0, 0.0, 264.04675663795854, 0.0, 0.0, 0.0, 0.0, 612.5286578488658, 0.0, 0.0, 0.0, 0.0, 0.0, 0.0, 0.0, 0.0, 0.0, 0.0, 0.0, 0.0, 0.0, 0.0, 0.0, 0.0, 0.0, 612.5286578488658, 0.0, 5.005157111560646, 0.0, 0.0, 0.0, 0.0, 0.0, 0.0, 103.11441124307976, 0.0, 0.0, 0.0, 0.0, 0.0, 0.0, 0.0, 278.9134729448082, 0.0, 0.0, 0.0, 0.0, 0.0, 0.0, 0.0]
INFORMACIÓN : 11apuestaBundle [679.6324620435978, 679.6324620435978, 791.5029834603502, 679.6324620435978, 791.5029834603502, 612.5286578488658, 612.5286578488658, 612.5286578488658]
INFORMACIÓN : 11positionsBundle [213, 213, 2418, 213, 2436, 702, 702, 702]
INFORMACIÓN : 11levelsBundle [3, 3, 1, 3, 1, 3, 3, 3]
INFORMACIÓN : 11positionsOrdered [702, 702, 702, 213, 213, 2418, 213, 2436]
INFORMACIÓN : 11levelsOrdered [3, 3, 3, 3, 3, 1, 3, 1]
INFORMACIÓN : 11partialityOrdered [3, 3, 3, 3, 3, 1, 3, 3]
INFORMACIÓN : 11arrivalTimes [0.0, 0.0, 0.0, 14.866068747318506, 14.866068747318506, 14.866068747318506, 14.866068747318506, 14.866068747318506]
INFORMACIÓN : 12historia4[0.0, 0.0, 0.0, 0.0, 0.0, 0.0, 226.13775844081636, 791.5029834603502, 0.0, 0.0, 0.0, 0.0, 0.0, 791.5029834603502, 0.0, 0.0, 0.0, 761.5852453982657, 588.9824089772637, 679.6324620435978, 0.0, 679.6324620435978, 0.0, 0.0, 0.0, 670.413684890993, 0.0, 0.0, 0.0, 0.0, 0.0, 0.0, 0.0, 0.0, 0.0, 0.0, 0.0, 0.0, 0.0, 0.0, 77.11233089657797, 612.5286578488658, 0.0, 0.0, 679.6324620435978, 264.04675663795854, 364.071702775777, 0.0, 0.0, 0.0, 0.0, 0.0, 0.0, 0.0, 0.0, 0.0, 199.16563538672386, 0.0, 0.0, 0.0, 84.9586482395239, 0.0, 0.0, 0.0, 0.0, 0.0, 199.16563538672386, 0.0, 199.16563538672386, 0.0, 0.0, 0.0, 0.0, 0.0, 0.0, 0.0, 0.0, 654.1203059096307, 0.0, 0.0, 0.0, 0.0, 0.0, 103.11441124307976, 0.0, 0.0, 0.0, 0.0, 278.9134729448082, 0.0, 0.0, 0.0, 0.0, 49.52243179945954, 179.4811097222348, 0.0, 0.0, 77.11233089657797, 0.0, 0.0, 122.06953647221769, 0.0, 0.0, 0.0, 0.0, 0.0, 0.0, 0.0, 264.04675663795854, 0.0, 0.0, 0.0, 0.0, 612.5286578488658, 0.0, 0.0, 0.0, 0.0, 0.0, 0.0, 0.0, 0.0, 0.0, 0.0, 0.0, 0.0, 0.0, 0.0, 0.0, 0.0, 0.0, 612.5286578488658, 0.0, 5.005157111560646, 0.0, 0.0, 0.0, 0.0, 0.0, 0.0, 103.11441124307976, 0.0, 0.0, 0.0, 0.0, 0.0, 0.0, 0.0, 278.9134729448082, 0.0, 0.0, 0.0, 0.0, 0.0, 0.0, 0.0]
INFORMACIÓN : 12apuestaBundle [679.6324620435978, 679.6324620435978, 791.5029834603502, 679.6324620435978, 791.5029834603502, 612.5286578488658, 612.5286578488658, 612.5286578488658]
INFORMACIÓN : 12positionsBundle [213, 213, 2418, 213, 2436, 702, 702, 702]
INFORMACIÓN : 12levelsBundle [3, 3, 1, 3, 1, 3, 3, 3]
INFORMACIÓN : 12positionsOrdered [702, 702, 702, 213, 213, 2418, 213, 2436]
INFORMACIÓN : 12levelsOrdered [3, 3, 3, 3, 3, 1, 3, 1]
INFORMACIÓN : 12partialityOrdered [3, 3, 3, 3, 3, 1, 3, 3]
INFORMACIÓN : 12arrivalTimes [0.0, 0.0, 0.0, 14.866068747318506, 14.866068747318506, 14.866068747318506, 14.866068747318506, 14.866068747318506]
INFORMACIÓN : 13historia5[0.0, 0.0, 0.0, 0.0, 0.0, 0.0, 226.13775844081636, 791.5029834603502, 0.0, 0.0, 0.0, 0.0, 0.0, 791.5029834603502, 0.0, 0.0, 0.0, 761.5852453982657, 588.9824089772637, 679.6324620435978, 0.0, 679.6324620435978, 0.0, 0.0, 0.0, 670.413684890993, 0.0, 0.0, 0.0, 0.0, 0.0, 0.0, 0.0, 0.0, 0.0, 0.0, 0.0, 0.0, 0.0, 0.0, 77.11233089657797, 612.5286578488658, 0.0, 0.0, 679.6324620435978, 264.04675663795854, 364.071702775777, 0.0, 0.0, 0.0, 0.0, 0.0, 0.0, 0.0, 0.0, 0.0, 199.16563538672386, 0.0, 0.0, 0.0, 84.9586482395239, 0.0, 0.0, 0.0, 0.0, 0.0, 199.16563538672386, 0.0, 199.16563538672386, 0.0, 0.0, 0.0, 0.0, 0.0, 0.0, 0.0, 0.0, 654.1203059096307, 0.0, 0.0, 0.0, 0.0, 0.0, 103.11441124307976, 0.0, 0.0, 0.0, 0.0, 278.9134729448082, 0.0, 0.0, 0.0, 0.0, 49.52243179945954, 179.4811097222348, 0.0, 0.0, 77.11233089657797, 0.0, 0.0, 122.06953647221769, 0.0, 0.0, 0.0, 0.0, 0.0, 0.0, 0.0, 264.04675663795854, 0.0, 0.0, 0.0, 0.0, 612.5286578488658, 0.0, 0.0, 0.0, 0.0, 0.0, 0.0, 0.0, 0.0, 0.0, 0.0, 0.0, 0.0, 0.0, 0.0, 0.0, 0.0, 0.0, 612.5286578488658, 0.0, 5.005157111560646, 0.0, 0.0, 0.0, 0.0, 0.0, 0.0, 103.11441124307976, 0.0, 0.0, 0.0, 0.0, 0.0, 0.0, 0.0, 278.9134729448082, 0.0, 0.0, 0.0, 0.0, 0.0, 0.0, 0.0]
INFORMACIÓN : 13apuestaBundle [679.6324620435978, 679.6324620435978, 791.5029834603502, 679.6324620435978, 791.5029834603502, 612.5286578488658, 612.5286578488658, 612.5286578488658]
INFORMACIÓN : 13positionsBundle [213, 213, 2418, 213, 2436, 702, 702, 702]
INFORMACIÓN : 13levelsBundle [3, 3, 1, 3, 1, 3, 3, 3]
INFORMACIÓN : 13positionsOrdered [702, 702, 702, 213, 213, 2418, 213, 2436]
INFORMACIÓN : 13levelsOrdered [3, 3, 3, 3, 3, 1, 3, 1]
INFORMACIÓN : 13partialityOrdered [3, 3, 3, 3, 3, 1, 3, 3]
INFORMACIÓN : 13arrivalTimes [0.0, 0.0, 0.0, 14.866068747318506, 14.866068747318506, 14.866068747318506, 14.866068747318506, 14.866068747318506]
INFORMACIÓN : 14historia6[0.0, 0.0, 0.0, 0.0, 0.0, 0.0, 226.13775844081636, 791.5029834603502, 0.0, 0.0, 0.0, 0.0, 0.0, 791.5029834603502, 0.0, 0.0, 0.0, 761.5852453982657, 588.9824089772637, 679.6324620435978, 0.0, 679.6324620435978, 0.0, 0.0, 0.0, 670.413684890993, 0.0, 0.0, 0.0, 0.0, 0.0, 0.0, 0.0, 0.0, 0.0, 0.0, 0.0, 0.0, 0.0, 0.0, 77.11233089657797, 612.5286578488658, 0.0, 0.0, 679.6324620435978, 264.04675663795854, 364.071702775777, 0.0, 0.0, 0.0, 0.0, 0.0, 0.0, 0.0, 0.0, 0.0, 199.16563538672386, 0.0, 0.0, 0.0, 84.9586482395239, 0.0, 0.0, 0.0, 0.0, 0.0, 199.16563538672386, 0.0, 199.16563538672386, 0.0, 0.0, 0.0, 0.0, 0.0, 0.0, 0.0, 0.0, 654.1203059096307, 0.0, 0.0, 0.0, 0.0, 0.0, 103.11441124307976, 0.0, 0.0, 0.0, 0.0, 278.9134729448082, 0.0, 0.0, 0.0, 0.0, 49.52243179945954, 179.4811097222348, 0.0, 0.0, 77.11233089657797, 0.0, 0.0, 122.06953647221769, 0.0, 0.0, 0.0, 0.0, 0.0, 0.0, 0.0, 264.04675663795854, 0.0, 0.0, 0.0, 0.0, 612.5286578488658, 0.0, 0.0, 0.0, 0.0, 0.0, 0.0, 0.0, 0.0, 0.0, 0.0, 0.0, 0.0, 0.0, 0.0, 0.0, 0.0, 0.0, 612.5286578488658, 0.0, 5.005157111560646, 0.0, 0.0, 0.0, 0.0, 0.0, 0.0, 103.11441124307976, 0.0, 0.0, 0.0, 0.0, 0.0, 0.0, 0.0, 278.9134729448082, 0.0, 0.0, 0.0, 0.0, 0.0, 0.0, 0.0]
INFORMACIÓN : 14apuestaBundle [679.6324620435978, 679.6324620435978, 791.5029834603502, 679.6324620435978, 791.5029834603502, 612.5286578488658, 612.5286578488658, 612.5286578488658]
INFORMACIÓN : 14positionsBundle [213, 213, 2418, 213, 2436, 702, 702, 702]
INFORMACIÓN : 14levelsBundle [3, 3, 1, 3, 1, 3, 3, 3]
INFORMACIÓN : 14positionsOrdered [702, 702, 702, 213, 213, 2418, 213, 2436]
INFORMACIÓN : 14levelsOrdered [3, 3, 3, 3, 3, 1, 3, 1]
INFORMACIÓN : 14partialityOrdered [3, 3, 3, 3, 3, 1, 3, 3]
INFORMACIÓN : 14arrivalTimes [0.0, 0.0, 0.0, 14.866068747318506, 14.866068747318506, 14.866068747318506, 14.866068747318506, 14.866068747318506]
INFORMACIÓN : 15historia7[0.0, 0.0, 0.0, 0.0, 0.0, 0.0, 226.13775844081636, 791.5029834603502, 0.0, 0.0, 0.0, 0.0, 0.0, 791.5029834603502, 0.0, 0.0, 0.0, 761.5852453982657, 588.9824089772637, 679.6324620435978, 0.0, 679.6324620435978, 0.0, 0.0, 0.0, 670.413684890993, 0.0, 0.0, 0.0, 0.0, 0.0, 0.0, 0.0, 0.0, 0.0, 0.0, 0.0, 0.0, 0.0, 0.0, 77.11233089657797, 612.5286578488658, 0.0, 0.0, 679.6324620435978, 264.04675663795854, 364.071702775777, 0.0, 0.0, 0.0, 0.0, 0.0, 0.0, 0.0, 0.0, 0.0, 199.16563538672386, 0.0, 0.0, 0.0, 84.9586482395239, 0.0, 0.0, 0.0, 0.0, 0.0, 199.16563538672386, 0.0, 199.16563538672386, 0.0, 0.0, 0.0, 0.0, 0.0, 0.0, 0.0, 0.0, 654.1203059096307, 0.0, 0.0, 0.0, 0.0, 0.0, 103.11441124307976, 0.0, 0.0, 0.0, 0.0, 278.9134729448082, 0.0, 0.0, 0.0, 0.0, 49.52243179945954, 179.4811097222348, 0.0, 0.0, 77.11233089657797, 0.0, 0.0, 122.06953647221769, 0.0, 0.0, 0.0, 0.0, 0.0, 0.0, 0.0, 264.04675663795854, 0.0, 0.0, 0.0, 0.0, 612.5286578488658, 0.0, 0.0, 0.0, 0.0, 0.0, 0.0, 0.0, 0.0, 0.0, 0.0, 0.0, 0.0, 0.0, 0.0, 0.0, 0.0, 0.0, 612.5286578488658, 0.0, 5.005157111560646, 0.0, 0.0, 0.0, 0.0, 0.0, 0.0, 103.11441124307976, 0.0, 0.0, 0.0, 0.0, 0.0, 0.0, 0.0, 278.9134729448082, 0.0, 0.0, 0.0, 0.0, 0.0, 0.0, 0.0]
INFORMACIÓN : 15apuestaBundle [679.6324620435978, 679.6324620435978, 791.5029834603502, 679.6324620435978, 791.5029834603502, 612.5286578488658, 612.5286578488658, 612.5286578488658]
INFORMACIÓN : 15positionsBundle [213, 213, 2418, 213, 2436, 702, 702, 702]
INFORMACIÓN : 15levelsBundle [3, 3, 1, 3, 1, 3, 3, 3]
INFORMACIÓN : 15positionsOrdered [702, 702, 702, 213, 213, 2418, 213, 2436]
INFORMACIÓN : 15levelsOrdered [3, 3, 3, 3, 3, 1, 3, 1]
INFORMACIÓN : 15partialityOrdered [3, 3, 3, 3, 3, 1, 3, 3]
INFORMACIÓN : 15arrivalTimes [0.0, 0.0, 0.0, 14.866068747318506, 14.866068747318506, 14.866068747318506, 14.866068747318506, 14.866068747318506]
INFORMACIÓN : 16historia8[0.0, 0.0, 0.0, 0.0, 0.0, 0.0, 226.13775844081636, 791.5029834603502, 0.0, 0.0, 0.0, 0.0, 0.0, 791.5029834603502, 0.0, 0.0, 0.0, 761.5852453982657, 588.9824089772637, 679.6324620435978, 0.0, 679.6324620435978, 0.0, 0.0, 0.0, 670.413684890993, 0.0, 0.0, 0.0, 0.0, 0.0, 0.0, 0.0, 0.0, 0.0, 0.0, 0.0, 0.0, 0.0, 0.0, 77.11233089657797, 612.5286578488658, 0.0, 0.0, 679.6324620435978, 264.04675663795854, 364.071702775777, 0.0, 0.0, 0.0, 0.0, 0.0, 0.0, 0.0, 0.0, 0.0, 199.16563538672386, 0.0, 0.0, 0.0, 84.9586482395239, 0.0, 0.0, 0.0, 0.0, 0.0, 199.16563538672386, 0.0, 199.16563538672386, 0.0, 0.0, 0.0, 0.0, 0.0, 0.0, 0.0, 0.0, 654.1203059096307, 0.0, 0.0, 0.0, 0.0, 0.0, 103.11441124307976, 0.0, 0.0, 0.0, 0.0, 278.9134729448082, 0.0, 0.0, 0.0, 0.0, 49.52243179945954, 179.4811097222348, 0.0, 0.0, 77.11233089657797, 0.0, 0.0, 122.06953647221769, 0.0, 0.0, 0.0, 0.0, 0.0, 0.0, 0.0, 264.04675663795854, 0.0, 0.0, 0.0, 0.0, 612.5286578488658, 0.0, 0.0, 0.0, 0.0, 0.0, 0.0, 0.0, 0.0, 0.0, 0.0, 0.0, 0.0, 0.0, 0.0, 0.0, 0.0, 0.0, 612.5286578488658, 0.0, 5.005157111560646, 0.0, 0.0, 0.0, 0.0, 0.0, 0.0, 103.11441124307976, 0.0, 0.0, 0.0, 0.0, 0.0, 0.0, 0.0, 278.9134729448082, 0.0, 0.0, 0.0, 0.0, 0.0, 0.0, 0.0]
INFORMACIÓN : 16apuestaBundle [679.6324620435978, 679.6324620435978, 791.5029834603502, 679.6324620435978, 791.5029834603502, 612.5286578488658, 612.5286578488658, 612.5286578488658]
INFORMACIÓN : 16positionsBundle [213, 213, 2418, 213, 2436, 702, 702, 702]
INFORMACIÓN : 16levelsBundle [3, 3, 1, 3, 1, 3, 3, 3]
INFORMACIÓN : 16positionsOrdered [702, 702, 702, 213, 213, 2418, 213, 2436]
INFORMACIÓN : 16levelsOrdered [3, 3, 3, 3, 3, 1, 3, 1]
INFORMACIÓN : 16partialityOrdered [3, 3, 3, 3, 3, 1, 3, 3]
INFORMACIÓN : 16arrivalTimes [0.0, 0.0, 0.0, 14.866068747318506, 14.866068747318506, 14.866068747318506, 14.866068747318506, 14.866068747318506]
INFORMACIÓN : 17historia9[0.0, 0.0, 0.0, 0.0, 0.0, 0.0, 226.13775844081636, 791.5029834603502, 0.0, 0.0, 0.0, 0.0, 0.0, 791.5029834603502, 0.0, 0.0, 0.0, 761.5852453982657, 588.9824089772637, 679.6324620435978, 0.0, 679.6324620435978, 0.0, 0.0, 0.0, 670.413684890993, 0.0, 0.0, 0.0, 0.0, 0.0, 0.0, 0.0, 0.0, 0.0, 0.0, 0.0, 0.0, 0.0, 0.0, 77.11233089657797, 612.5286578488658, 0.0, 0.0, 679.6324620435978, 264.04675663795854, 364.071702775777, 0.0, 0.0, 0.0, 0.0, 0.0, 0.0, 0.0, 0.0, 0.0, 199.16563538672386, 0.0, 0.0, 0.0, 84.9586482395239, 0.0, 0.0, 0.0, 0.0, 0.0, 199.16563538672386, 0.0, 199.16563538672386, 0.0, 0.0, 0.0, 0.0, 0.0, 0.0, 0.0, 0.0, 654.1203059096307, 0.0, 0.0, 0.0, 0.0, 0.0, 103.11441124307976, 0.0, 0.0, 0.0, 0.0, 278.9134729448082, 0.0, 0.0, 0.0, 0.0, 49.52243179945954, 179.4811097222348, 0.0, 0.0, 77.11233089657797, 0.0, 0.0, 122.06953647221769, 0.0, 0.0, 0.0, 0.0, 0.0, 0.0, 0.0, 264.04675663795854, 0.0, 0.0, 0.0, 0.0, 612.5286578488658, 0.0, 0.0, 0.0, 0.0, 0.0, 0.0, 0.0, 0.0, 0.0, 0.0, 0.0, 0.0, 0.0, 0.0, 0.0, 0.0, 0.0, 612.5286578488658, 0.0, 5.005157111560646, 0.0, 0.0, 0.0, 0.0, 0.0, 0.0, 103.11441124307976, 0.0, 0.0, 0.0, 0.0, 0.0, 0.0, 0.0, 278.9134729448082, 0.0, 0.0, 0.0, 0.0, 0.0, 0.0, 0.0]
INFORMACIÓN : 17apuestaBundle [679.6324620435978, 679.6324620435978, 791.5029834603502, 679.6324620435978, 791.5029834603502, 612.5286578488658, 612.5286578488658, 612.5286578488658]
INFORMACIÓN : 17positionsBundle [213, 213, 2418, 213, 2436, 702, 702, 702]
INFORMACIÓN : 17levelsBundle [3, 3, 1, 3, 1, 3, 3, 3]
INFORMACIÓN : 17positionsOrdered [702, 702, 702, 213, 213, 2418, 213, 2436]
INFORMACIÓN : 17levelsOrdered [3, 3, 3, 3, 3, 1, 3, 1]
INFORMACIÓN : 17partialityOrdered [3, 3, 3, 3, 3, 1, 3, 3]
INFORMACIÓN : 17arrivalTimes [0.0, 0.0, 0.0, 14.866068747318506, 14.866068747318506, 14.866068747318506, 14.866068747318506, 14.866068747318506]
INFORMACIÓN : 18historia10[0.0, 0.0, 0.0, 0.0, 0.0, 0.0, 226.13775844081636, 791.5029834603502, 0.0, 0.0, 0.0, 0.0, 0.0, 791.5029834603502, 0.0, 0.0, 0.0, 761.5852453982657, 588.9824089772637, 679.6324620435978, 0.0, 679.6324620435978, 0.0, 0.0, 0.0, 670.413684890993, 0.0, 0.0, 0.0, 0.0, 0.0, 0.0, 0.0, 0.0, 0.0, 0.0, 0.0, 0.0, 0.0, 0.0, 77.11233089657797, 612.5286578488658, 0.0, 0.0, 679.6324620435978, 264.04675663795854, 364.071702775777, 0.0, 0.0, 0.0, 0.0, 0.0, 0.0, 0.0, 0.0, 0.0, 199.16563538672386, 0.0, 0.0, 0.0, 84.9586482395239, 0.0, 0.0, 0.0, 0.0, 0.0, 199.16563538672386, 0.0, 199.16563538672386, 0.0, 0.0, 0.0, 0.0, 0.0, 0.0, 0.0, 0.0, 654.1203059096307, 0.0, 0.0, 0.0, 0.0, 0.0, 103.11441124307976, 0.0, 0.0, 0.0, 0.0, 278.9134729448082, 0.0, 0.0, 0.0, 0.0, 49.52243179945954, 179.4811097222348, 0.0, 0.0, 77.11233089657797, 0.0, 0.0, 122.06953647221769, 0.0, 0.0, 0.0, 0.0, 0.0, 0.0, 0.0, 264.04675663795854, 0.0, 0.0, 0.0, 0.0, 612.5286578488658, 0.0, 0.0, 0.0, 0.0, 0.0, 0.0, 0.0, 0.0, 0.0, 0.0, 0.0, 0.0, 0.0, 0.0, 0.0, 0.0, 0.0, 612.5286578488658, 0.0, 5.005157111560646, 0.0, 0.0, 0.0, 0.0, 0.0, 0.0, 103.11441124307976, 0.0, 0.0, 0.0, 0.0, 0.0, 0.0, 0.0, 278.9134729448082, 0.0, 0.0, 0.0, 0.0, 0.0, 0.0, 0.0]
INFORMACIÓN : 18apuestaBundle [679.6324620435978, 679.6324620435978, 791.5029834603502, 679.6324620435978, 791.5029834603502, 612.5286578488658, 612.5286578488658, 612.5286578488658]
INFORMACIÓN : 18positionsBundle [213, 213, 2418, 213, 2436, 702, 702, 702]
INFORMACIÓN : 18levelsBundle [3, 3, 1, 3, 1, 3, 3, 3]
INFORMACIÓN : 18positionsOrdered [702, 702, 702, 213, 213, 2418, 213, 2436]
INFORMACIÓN : 18levelsOrdered [3, 3, 3, 3, 3, 1, 3, 1]
INFORMACIÓN : 18partialityOrdered [3, 3, 3, 3, 3, 1, 3, 3]
INFORMACIÓN : 18arrivalTimes [0.0, 0.0, 0.0, 14.866068747318506, 14.866068747318506, 14.866068747318506, 14.866068747318506, 14.866068747318506]
INFORMACIÓN : 19historia11[0.0, 0.0, 0.0, 0.0, 0.0, 0.0, 226.13775844081636, 791.5029834603502, 0.0, 0.0, 0.0, 0.0, 0.0, 791.5029834603502, 0.0, 0.0, 0.0, 761.5852453982657, 588.9824089772637, 679.6324620435978, 0.0, 679.6324620435978, 0.0, 0.0, 0.0, 670.413684890993, 0.0, 0.0, 0.0, 0.0, 0.0, 0.0, 0.0, 0.0, 0.0, 0.0, 0.0, 0.0, 0.0, 0.0, 77.11233089657797, 612.5286578488658, 0.0, 0.0, 679.6324620435978, 264.04675663795854, 364.071702775777, 0.0, 0.0, 0.0, 0.0, 0.0, 0.0, 0.0, 0.0, 0.0, 199.16563538672386, 0.0, 0.0, 0.0, 84.9586482395239, 0.0, 0.0, 0.0, 0.0, 0.0, 199.16563538672386, 0.0, 199.16563538672386, 0.0, 0.0, 0.0, 0.0, 0.0, 0.0, 0.0, 0.0, 654.1203059096307, 0.0, 0.0, 0.0, 0.0, 0.0, 103.11441124307976, 0.0, 0.0, 0.0, 0.0, 278.9134729448082, 0.0, 0.0, 0.0, 0.0, 49.52243179945954, 179.4811097222348, 0.0, 0.0, 77.11233089657797, 0.0, 0.0, 122.06953647221769, 0.0, 0.0, 0.0, 0.0, 0.0, 0.0, 0.0, 264.04675663795854, 0.0, 0.0, 0.0, 0.0, 612.5286578488658, 0.0, 0.0, 0.0, 0.0, 0.0, 0.0, 0.0, 0.0, 0.0, 0.0, 0.0, 0.0, 0.0, 0.0, 0.0, 0.0, 0.0, 612.5286578488658, 0.0, 5.005157111560646, 0.0, 0.0, 0.0, 0.0, 0.0, 0.0, 103.11441124307976, 0.0, 0.0, 0.0, 0.0, 0.0, 0.0, 0.0, 278.9134729448082, 0.0, 0.0, 0.0, 0.0, 0.0, 0.0, 0.0]
INFORMACIÓN : 19apuestaBundle [679.6324620435978, 679.6324620435978, 791.5029834603502, 679.6324620435978, 791.5029834603502, 612.5286578488658, 612.5286578488658, 612.5286578488658]
INFORMACIÓN : 19positionsBundle [213, 213, 2418, 213, 2436, 702, 702, 702]
INFORMACIÓN : 19levelsBundle [3, 3, 1, 3, 1, 3, 3, 3]
INFORMACIÓN : 19positionsOrdered [702, 702, 702, 213, 213, 2418, 213, 2436]
INFORMACIÓN : 19levelsOrdered [3, 3, 3, 3, 3, 1, 3, 1]
INFORMACIÓN : 19partialityOrdered [3, 3, 3, 3, 3, 1, 3, 3]
INFORMACIÓN : 19arrivalTimes [0.0, 0.0, 0.0, 14.866068747318506, 14.866068747318506, 14.866068747318506, 14.866068747318506, 14.866068747318506]
INFORMACIÓN : 20historia12[0.0, 0.0, 0.0, 0.0, 0.0, 0.0, 226.13775844081636, 791.5029834603502, 0.0, 0.0, 0.0, 0.0, 0.0, 791.5029834603502, 0.0, 0.0, 0.0, 761.5852453982657, 588.9824089772637, 679.6324620435978, 0.0, 679.6324620435978, 0.0, 0.0, 0.0, 670.413684890993, 0.0, 0.0, 0.0, 0.0, 0.0, 0.0, 0.0, 0.0, 0.0, 0.0, 0.0, 0.0, 0.0, 0.0, 77.11233089657797, 612.5286578488658, 0.0, 0.0, 679.6324620435978, 264.04675663795854, 364.071702775777, 0.0, 0.0, 0.0, 0.0, 0.0, 0.0, 0.0, 0.0, 0.0, 199.16563538672386, 0.0, 0.0, 0.0, 84.9586482395239, 0.0, 0.0, 0.0, 0.0, 0.0, 199.16563538672386, 0.0, 199.16563538672386, 0.0, 0.0, 0.0, 0.0, 0.0, 0.0, 0.0, 0.0, 654.1203059096307, 0.0, 0.0, 0.0, 0.0, 0.0, 103.11441124307976, 0.0, 0.0, 0.0, 0.0, 278.9134729448082, 0.0, 0.0, 0.0, 0.0, 49.52243179945954, 179.4811097222348, 0.0, 0.0, 77.11233089657797, 0.0, 0.0, 122.06953647221769, 0.0, 0.0, 0.0, 0.0, 0.0, 0.0, 0.0, 264.04675663795854, 0.0, 0.0, 0.0, 0.0, 612.5286578488658, 0.0, 0.0, 0.0, 0.0, 0.0, 0.0, 0.0, 0.0, 0.0, 0.0, 0.0, 0.0, 0.0, 0.0, 0.0, 0.0, 0.0, 612.5286578488658, 0.0, 5.005157111560646, 0.0, 0.0, 0.0, 0.0, 0.0, 0.0, 103.11441124307976, 0.0, 0.0, 0.0, 0.0, 0.0, 0.0, 0.0, 278.9134729448082, 0.0, 0.0, 0.0, 0.0, 0.0, 0.0, 0.0]
INFORMACIÓN : 20apuestaBundle [679.6324620435978, 679.6324620435978, 791.5029834603502, 679.6324620435978, 791.5029834603502, 612.5286578488658, 612.5286578488658, 612.5286578488658]
INFORMACIÓN : 20positionsBundle [213, 213, 2418, 213, 2436, 702, 702, 702]
INFORMACIÓN : 20levelsBundle [3, 3, 1, 3, 1, 3, 3, 3]
INFORMACIÓN : 20positionsOrdered [702, 702, 702, 213, 213, 2418, 213, 2436]
INFORMACIÓN : 20levelsOrdered [3, 3, 3, 3, 3, 1, 3, 1]
INFORMACIÓN : 20partialityOrdered [3, 3, 3, 3, 3, 1, 3, 3]
INFORMACIÓN : 20arrivalTimes [0.0, 0.0, 0.0, 14.866068747318506, 14.866068747318506, 14.866068747318506, 14.866068747318506, 14.866068747318506]
INFORMACIÓN : 21historia13[0.0, 0.0, 0.0, 0.0, 0.0, 0.0, 226.13775844081636, 791.5029834603502, 0.0, 0.0, 0.0, 0.0, 0.0, 791.5029834603502, 0.0, 0.0, 0.0, 761.5852453982657, 588.9824089772637, 679.6324620435978, 0.0, 679.6324620435978, 0.0, 0.0, 0.0, 670.413684890993, 0.0, 0.0, 0.0, 0.0, 0.0, 0.0, 0.0, 0.0, 0.0, 0.0, 0.0, 0.0, 0.0, 0.0, 77.11233089657797, 612.5286578488658, 0.0, 0.0, 679.6324620435978, 264.04675663795854, 364.071702775777, 0.0, 0.0, 0.0, 0.0, 0.0, 0.0, 0.0, 0.0, 0.0, 199.16563538672386, 0.0, 0.0, 0.0, 84.9586482395239, 0.0, 0.0, 0.0, 0.0, 0.0, 199.16563538672386, 0.0, 199.16563538672386, 0.0, 0.0, 0.0, 0.0, 0.0, 0.0, 0.0, 0.0, 654.1203059096307, 0.0, 0.0, 0.0, 0.0, 0.0, 103.11441124307976, 0.0, 0.0, 0.0, 0.0, 278.9134729448082, 0.0, 0.0, 0.0, 0.0, 49.52243179945954, 179.4811097222348, 0.0, 0.0, 77.11233089657797, 0.0, 0.0, 122.06953647221769, 0.0, 0.0, 0.0, 0.0, 0.0, 0.0, 0.0, 264.04675663795854, 0.0, 0.0, 0.0, 0.0, 612.5286578488658, 0.0, 0.0, 0.0, 0.0, 0.0, 0.0, 0.0, 0.0, 0.0, 0.0, 0.0, 0.0, 0.0, 0.0, 0.0, 0.0, 0.0, 612.5286578488658, 0.0, 5.005157111560646, 0.0, 0.0, 0.0, 0.0, 0.0, 0.0, 103.11441124307976, 0.0, 0.0, 0.0, 0.0, 0.0, 0.0, 0.0, 278.9134729448082, 0.0, 0.0, 0.0, 0.0, 0.0, 0.0, 0.0]
INFORMACIÓN : 21apuestaBundle [679.6324620435978, 679.6324620435978, 791.5029834603502, 679.6324620435978, 791.5029834603502, 612.5286578488658, 612.5286578488658, 612.5286578488658]
INFORMACIÓN : 21positionsBundle [213, 213, 2418, 213, 2436, 702, 702, 702]
INFORMACIÓN : 21levelsBundle [3, 3, 1, 3, 1, 3, 3, 3]
INFORMACIÓN : 21positionsOrdered [702, 702, 702, 213, 213, 2418, 213, 2436]
INFORMACIÓN : 21levelsOrdered [3, 3, 3, 3, 3, 1, 3, 1]
INFORMACIÓN : 21partialityOrdered [3, 3, 3, 3, 3, 1, 3, 3]
INFORMACIÓN : 21arrivalTimes [0.0, 0.0, 0.0, 14.866068747318506, 14.866068747318506, 14.866068747318506, 14.866068747318506, 14.866068747318506]
INFORMACIÓN : 22historia14[0.0, 0.0, 0.0, 0.0, 0.0, 0.0, 226.13775844081636, 791.5029834603502, 0.0, 0.0, 0.0, 0.0, 0.0, 791.5029834603502, 0.0, 0.0, 0.0, 761.5852453982657, 588.9824089772637, 679.6324620435978, 0.0, 679.6324620435978, 0.0, 0.0, 0.0, 670.413684890993, 0.0, 0.0, 0.0, 0.0, 0.0, 0.0, 0.0, 0.0, 0.0, 0.0, 0.0, 0.0, 0.0, 0.0, 77.11233089657797, 612.5286578488658, 0.0, 0.0, 679.6324620435978, 264.04675663795854, 364.071702775777, 0.0, 0.0, 0.0, 0.0, 0.0, 0.0, 0.0, 0.0, 0.0, 199.16563538672386, 0.0, 0.0, 0.0, 84.9586482395239, 0.0, 0.0, 0.0, 0.0, 0.0, 199.16563538672386, 0.0, 199.16563538672386, 0.0, 0.0, 0.0, 0.0, 0.0, 0.0, 0.0, 0.0, 654.1203059096307, 0.0, 0.0, 0.0, 0.0, 0.0, 103.11441124307976, 0.0, 0.0, 0.0, 0.0, 278.9134729448082, 0.0, 0.0, 0.0, 0.0, 49.52243179945954, 179.4811097222348, 0.0, 0.0, 77.11233089657797, 0.0, 0.0, 122.06953647221769, 0.0, 0.0, 0.0, 0.0, 0.0, 0.0, 0.0, 264.04675663795854, 0.0, 0.0, 0.0, 0.0, 612.5286578488658, 0.0, 0.0, 0.0, 0.0, 0.0, 0.0, 0.0, 0.0, 0.0, 0.0, 0.0, 0.0, 0.0, 0.0, 0.0, 0.0, 0.0, 612.5286578488658, 0.0, 5.005157111560646, 0.0, 0.0, 0.0, 0.0, 0.0, 0.0, 103.11441124307976, 0.0, 0.0, 0.0, 0.0, 0.0, 0.0, 0.0, 278.9134729448082, 0.0, 0.0, 0.0, 0.0, 0.0, 0.0, 0.0]
INFORMACIÓN : 22apuestaBundle [679.6324620435978, 679.6324620435978, 791.5029834603502, 679.6324620435978, 791.5029834603502, 612.5286578488658, 612.5286578488658, 612.5286578488658]
INFORMACIÓN : 22positionsBundle [213, 213, 2418, 213, 2436, 702, 702, 702]
INFORMACIÓN : 22levelsBundle [3, 3, 1, 3, 1, 3, 3, 3]
INFORMACIÓN : 22positionsOrdered [702, 702, 702, 213, 213, 2418, 213, 2436]
INFORMACIÓN : 22levelsOrdered [3, 3, 3, 3, 3, 1, 3, 1]
INFORMACIÓN : 22partialityOrdered [3, 3, 3, 3, 3, 1, 3, 3]
INFORMACIÓN : 22arrivalTimes [0.0, 0.0, 0.0, 14.866068747318506, 14.866068747318506, 14.866068747318506, 14.866068747318506, 14.866068747318506]
INFORMACIÓN : 23historia15[0.0, 0.0, 0.0, 0.0, 0.0, 0.0, 226.13775844081636, 791.5029834603502, 0.0, 0.0, 0.0, 0.0, 0.0, 791.5029834603502, 0.0, 0.0, 0.0, 761.5852453982657, 588.9824089772637, 679.6324620435978, 0.0, 679.6324620435978, 0.0, 0.0, 0.0, 670.413684890993, 0.0, 0.0, 0.0, 0.0, 0.0, 0.0, 0.0, 0.0, 0.0, 0.0, 0.0, 0.0, 0.0, 0.0, 77.11233089657797, 612.5286578488658, 0.0, 0.0, 679.6324620435978, 264.04675663795854, 364.071702775777, 0.0, 0.0, 0.0, 0.0, 0.0, 0.0, 0.0, 0.0, 0.0, 199.16563538672386, 0.0, 0.0, 0.0, 84.9586482395239, 0.0, 0.0, 0.0, 0.0, 0.0, 199.16563538672386, 0.0, 199.16563538672386, 0.0, 0.0, 0.0, 0.0, 0.0, 0.0, 0.0, 0.0, 654.1203059096307, 0.0, 0.0, 0.0, 0.0, 0.0, 103.11441124307976, 0.0, 0.0, 0.0, 0.0, 278.9134729448082, 0.0, 0.0, 0.0, 0.0, 49.52243179945954, 179.4811097222348, 0.0, 0.0, 77.11233089657797, 0.0, 0.0, 122.06953647221769, 0.0, 0.0, 0.0, 0.0, 0.0, 0.0, 0.0, 264.04675663795854, 0.0, 0.0, 0.0, 0.0, 612.5286578488658, 0.0, 0.0, 0.0, 0.0, 0.0, 0.0, 0.0, 0.0, 0.0, 0.0, 0.0, 0.0, 0.0, 0.0, 0.0, 0.0, 0.0, 612.5286578488658, 0.0, 5.005157111560646, 0.0, 0.0, 0.0, 0.0, 0.0, 0.0, 103.11441124307976, 0.0, 0.0, 0.0, 0.0, 0.0, 0.0, 0.0, 278.9134729448082, 0.0, 0.0, 0.0, 0.0, 0.0, 0.0, 0.0]
INFORMACIÓN : 23apuestaBundle [679.6324620435978, 679.6324620435978, 791.5029834603502, 679.6324620435978, 791.5029834603502, 612.5286578488658, 612.5286578488658, 612.5286578488658]
INFORMACIÓN : 23positionsBundle [213, 213, 2418, 213, 2436, 702, 702, 702]
INFORMACIÓN : 23levelsBundle [3, 3, 1, 3, 1, 3, 3, 3]
INFORMACIÓN : 23positionsOrdered [702, 702, 702, 213, 213, 2418, 213, 2436]
INFORMACIÓN : 23levelsOrdered [3, 3, 3, 3, 3, 1, 3, 1]
INFORMACIÓN : 23partialityOrdered [3, 3, 3, 3, 3, 1, 3, 3]
INFORMACIÓN : 23arrivalTimes [0.0, 0.0, 0.0, 14.866068747318506, 14.866068747318506, 14.866068747318506, 14.866068747318506, 14.866068747318506]
INFORMACIÓN : 24historia16[0.0, 0.0, 0.0, 0.0, 0.0, 0.0, 226.13775844081636, 791.5029834603502, 0.0, 0.0, 0.0, 0.0, 0.0, 791.5029834603502, 0.0, 0.0, 0.0, 761.5852453982657, 588.9824089772637, 679.6324620435978, 0.0, 679.6324620435978, 0.0, 0.0, 0.0, 670.413684890993, 0.0, 0.0, 0.0, 0.0, 0.0, 0.0, 0.0, 0.0, 0.0, 0.0, 0.0, 0.0, 0.0, 0.0, 77.11233089657797, 612.5286578488658, 0.0, 0.0, 679.6324620435978, 264.04675663795854, 364.071702775777, 0.0, 0.0, 0.0, 0.0, 0.0, 0.0, 0.0, 0.0, 0.0, 199.16563538672386, 0.0, 0.0, 0.0, 84.9586482395239, 0.0, 0.0, 0.0, 0.0, 0.0, 199.16563538672386, 0.0, 199.16563538672386, 0.0, 0.0, 0.0, 0.0, 0.0, 0.0, 0.0, 0.0, 654.1203059096307, 0.0, 0.0, 0.0, 0.0, 0.0, 103.11441124307976, 0.0, 0.0, 0.0, 0.0, 278.9134729448082, 0.0, 0.0, 0.0, 0.0, 49.52243179945954, 179.4811097222348, 0.0, 0.0, 77.11233089657797, 0.0, 0.0, 122.06953647221769, 0.0, 0.0, 0.0, 0.0, 0.0, 0.0, 0.0, 264.04675663795854, 0.0, 0.0, 0.0, 0.0, 612.5286578488658, 0.0, 0.0, 0.0, 0.0, 0.0, 0.0, 0.0, 0.0, 0.0, 0.0, 0.0, 0.0, 0.0, 0.0, 0.0, 0.0, 0.0, 612.5286578488658, 0.0, 5.005157111560646, 0.0, 0.0, 0.0, 0.0, 0.0, 0.0, 103.11441124307976, 0.0, 0.0, 0.0, 0.0, 0.0, 0.0, 0.0, 278.9134729448082, 0.0, 0.0, 0.0, 0.0, 0.0, 0.0, 0.0]
INFORMACIÓN : 24apuestaBundle [679.6324620435978, 679.6324620435978, 791.5029834603502, 679.6324620435978, 791.5029834603502, 612.5286578488658, 612.5286578488658, 612.5286578488658]
INFORMACIÓN : 24positionsBundle [213, 213, 2418, 213, 2436, 702, 702, 702]
INFORMACIÓN : 24levelsBundle [3, 3, 1, 3, 1, 3, 3, 3]
INFORMACIÓN : 24positionsOrdered [702, 702, 702, 213, 213, 2418, 213, 2436]
INFORMACIÓN : 24levelsOrdered [3, 3, 3, 3, 3, 1, 3, 1]
INFORMACIÓN : 24partialityOrdered [3, 3, 3, 3, 3, 1, 3, 3]
INFORMACIÓN : 24arrivalTimes [0.0, 0.0, 0.0, 14.866068747318506, 14.866068747318506, 14.866068747318506, 14.866068747318506, 14.866068747318506]
INFORMACIÓN : 25historia17[0.0, 0.0, 0.0, 0.0, 0.0, 0.0, 226.13775844081636, 791.5029834603502, 0.0, 0.0, 0.0, 0.0, 0.0, 791.5029834603502, 0.0, 0.0, 0.0, 761.5852453982657, 588.9824089772637, 679.6324620435978, 0.0, 679.6324620435978, 0.0, 0.0, 0.0, 670.413684890993, 0.0, 0.0, 0.0, 0.0, 0.0, 0.0, 0.0, 0.0, 0.0, 0.0, 0.0, 0.0, 0.0, 0.0, 77.11233089657797, 612.5286578488658, 0.0, 0.0, 679.6324620435978, 264.04675663795854, 364.071702775777, 0.0, 0.0, 0.0, 0.0, 0.0, 0.0, 0.0, 0.0, 0.0, 199.16563538672386, 0.0, 0.0, 0.0, 84.9586482395239, 0.0, 0.0, 0.0, 0.0, 0.0, 199.16563538672386, 0.0, 199.16563538672386, 0.0, 0.0, 0.0, 0.0, 0.0, 0.0, 0.0, 0.0, 654.1203059096307, 0.0, 0.0, 0.0, 0.0, 0.0, 103.11441124307976, 0.0, 0.0, 0.0, 0.0, 278.9134729448082, 0.0, 0.0, 0.0, 0.0, 49.52243179945954, 179.4811097222348, 0.0, 0.0, 77.11233089657797, 0.0, 0.0, 122.06953647221769, 0.0, 0.0, 0.0, 0.0, 0.0, 0.0, 0.0, 264.04675663795854, 0.0, 0.0, 0.0, 0.0, 612.5286578488658, 0.0, 0.0, 0.0, 0.0, 0.0, 0.0, 0.0, 0.0, 0.0, 0.0, 0.0, 0.0, 0.0, 0.0, 0.0, 0.0, 0.0, 612.5286578488658, 0.0, 5.005157111560646, 0.0, 0.0, 0.0, 0.0, 0.0, 0.0, 103.11441124307976, 0.0, 0.0, 0.0, 0.0, 0.0, 0.0, 0.0, 278.9134729448082, 0.0, 0.0, 0.0, 0.0, 0.0, 0.0, 0.0]
