----------------------------------------------------------------------
-- Log session for [myBugCoalitionsCCBBAGuaiDEF-8] started on 2017.07.15.01.42.36 --
----------------------------------------------------------------------

INFORMACIÓN : I started
INFORMACIÓN : 0apuestaBundle [259.67898060135775, 248.7398124403786, 90.10918456284065, 76.90896951630577]
INFORMACIÓN : 0positionsBundle [691, 213, 60, 2112]
INFORMACIÓN : 0levelsBundle [3, 3, 1, 3]
INFORMACIÓN : 0positionsOrdered [691, 213, 60, 2112]
INFORMACIÓN : 0levelsOrdered [3, 3, 1, 3]
INFORMACIÓN : 0partialityOrdered [3, 3, 2, 3]
INFORMACIÓN : 0arrivalTimes [13.601470508735444, 43.012352848440926, 47.25499353556021, 88.3037450391078]
INFORMACIÓN : I [AB]; lost Test.myBail@5421b83a; POS 213; sensors [IR, MW]; level 3 I paid 248.7398124403786in favour of9@(myturtles,myturtles,bug)@MK-18551 paid 664.0893301556919
INFORMACIÓN : 1historia0[0.0, 0.0, 807.0461153482556, 259.67898060135775, 0.0, 0.0, 807.0461153482556, 0.0, 0.0, 0.0, 0.0, 0.0, 0.0, 0.0, 0.0, 0.0, 0.0, 0.0, 0.0, 664.0893301556919, 0.0, 0.0, 0.0, 0.0, 0.0, 0.0, 0.0, 0.0, 0.0, 0.0, 0.0, 0.0, 0.0, 0.0, 0.0, 0.0, 0.0, 0.0, 0.0, 0.0, 0.0, 0.0, 0.0, 0.0, 664.0893301556919, 0.0, 0.0, 0.0, 0.0, 0.0, 0.0, 0.0, 0.0, 0.0, 0.0, 0.0, 199.16563538672386, 0.0, 0.0, 0.0, 0.0, 0.0, 0.0, 0.0, 0.0, 0.0, 199.16563538672386, 0.0, 199.16563538672386, 0.0, 0.0, 0.0, 0.0, 0.0, 0.0, 0.0, 0.0, 0.0, 0.0, 0.0, 0.0, 0.0, 0.0, 0.0, 0.0, 0.0, 0.0, 0.0, 0.0, 0.0, 0.0, 0.0, 0.0, 0.0, 0.0, 0.0, 0.0, 0.0, 0.0, 0.0, 0.0, 0.0, 0.0, 0.0, 0.0, 0.0, 0.0, 0.0, 0.0, 0.0, 0.0, 0.0, 0.0, 0.0, 0.0, 0.0, 0.0, 0.0, 0.0, 0.0, 0.0, 0.0, 0.0, 0.0, 0.0, 0.0, 0.0, 0.0, 0.0, 0.0, 0.0, 0.0, 0.0, 0.0, 0.0, 0.0, 0.0, 0.0, 0.0, 0.0, 0.0, 0.0, 0.0, 0.0, 0.0, 0.0, 0.0, 0.0, 0.0, 0.0, 0.0, 0.0, 0.0, 0.0, 0.0, 0.0]
INFORMACIÓN : 1apuestaBundle [259.67898060135775, 77.20343992033742, 76.21966100300733, 90.10918456284065]
INFORMACIÓN : 1positionsBundle [691, 2112, 2436, 60]
INFORMACIÓN : 1levelsBundle [3, 3, 3, 1]
INFORMACIÓN : 1positionsOrdered [691, 2112, 60, 2436]
INFORMACIÓN : 1levelsOrdered [3, 3, 1, 3]
INFORMACIÓN : 1partialityOrdered [3, 3, 2, 3]
INFORMACIÓN : 1arrivalTimes [13.601470508735444, 54.6136638175552, 54.6136638175552, 79.35229757126116]
INFORMACIÓN : mutexSat position 2436 level 3
INFORMACIÓN : I [AB]; lost Test.myBail@4e587ab5; POS 2112; sensors [IR, MW]; level 3 I paid 77.20343992033742in favour of7@(myturtles,myturtles,bug)@MK-18551 paid 194.19355469672803
INFORMACIÓN : 2historia0[0.0, 0.0, 807.0461153482556, 259.67898060135775, 0.0, 0.0, 807.0461153482556, 791.5029834603502, 0.0, 0.0, 0.0, 0.0, 0.0, 231.093960519157, 0.0, 0.0, 0.0, 0.0, 0.0, 679.6324620435978, 0.0, 679.6324620435978, 0.0, 0.0, 0.0, 231.093960519157, 0.0, 0.0, 0.0, 0.0, 0.0, 0.0, 0.0, 0.0, 0.0, 0.0, 0.0, 0.0, 0.0, 0.0, 0.0, 378.76803066304325, 0.0, 0.0, 679.6324620435978, 0.0, 0.0, 0.0, 0.0, 0.0, 0.0, 0.0, 0.0, 0.0, 0.0, 0.0, 199.16563538672386, 0.0, 0.0, 0.0, 0.0, 0.0, 0.0, 0.0, 0.0, 0.0, 199.16563538672386, 0.0, 199.16563538672386, 0.0, 0.0, 0.0, 0.0, 0.0, 0.0, 0.0, 0.0, 0.0, 0.0, 0.0, 0.0, 0.0, 0.0, 0.0, 0.0, 0.0, 0.0, 0.0, 194.19355469672803, 0.0, 0.0, 0.0, 0.0, 0.0, 0.0, 0.0, 0.0, 0.0, 0.0, 0.0, 0.0, 0.0, 0.0, 0.0, 0.0, 0.0, 0.0, 0.0, 0.0, 0.0, 0.0, 0.0, 0.0, 0.0, 0.0, 0.0, 0.0, 0.0, 0.0, 0.0, 0.0, 0.0, 0.0, 0.0, 0.0, 0.0, 0.0, 0.0, 0.0, 0.0, 0.0, 378.76803066304325, 0.0, 0.0, 0.0, 0.0, 0.0, 0.0, 0.0, 0.0, 0.0, 0.0, 0.0, 0.0, 0.0, 0.0, 0.0, 0.0, 194.19355469672803, 0.0, 0.0, 0.0, 0.0, 0.0, 0.0, 0.0]
INFORMACIÓN : 2apuestaBundle [259.67898060135775, 73.87106131889965, 64.01727125997536, 90.10918456284065, 64.01727125997536]
INFORMACIÓN : 2positionsBundle [691, 2395, 2079, 60, 2079]
INFORMACIÓN : 2levelsBundle [3, 3, 2, 1, 2]
INFORMACIÓN : 2positionsOrdered [691, 2395, 60, 2079, 2079]
INFORMACIÓN : 2levelsOrdered [3, 3, 1, 2, 2]
INFORMACIÓN : 2partialityOrdered [3, 3, 2, 3, 3]
INFORMACIÓN : 2arrivalTimes [13.601470508735444, 47.835956045982826, 47.835956045982826, 64.92396353661789, 64.92396353661789]
INFORMACIÓN : mutexSat position 2079 level 2
INFORMACIÓN : mutexSat position 2079 level 2
INFORMACIÓN : I [AB]; lost Test.myBail@4bb1d03e; POS 2079; sensors [IR]; level 2 I paid 64.01727125997536in favour ofnull paid 64.01727125997536
INFORMACIÓN : 3historia0[0.0, 0.0, 226.13775844081636, 259.67898060135775, 0.0, 0.0, 226.13775844081636, 791.5029834603502, 0.0, 0.0, 0.0, 0.0, 0.0, 791.5029834603502, 0.0, 0.0, 0.0, 0.0, 0.0, 679.6324620435978, 0.0, 679.6324620435978, 0.0, 0.0, 0.0, 0.0, 0.0, 0.0, 0.0, 0.0, 0.0, 0.0, 0.0, 0.0, 0.0, 0.0, 73.87106131889965, 0.0, 0.0, 0.0, 77.11233089657797, 612.5286578488658, 0.0, 0.0, 679.6324620435978, 0.0, 0.0, 0.0, 0.0, 0.0, 0.0, 0.0, 0.0, 0.0, 0.0, 0.0, 199.16563538672386, 0.0, 0.0, 0.0, 0.0, 0.0, 0.0, 0.0, 0.0, 0.0, 199.16563538672386, 0.0, 199.16563538672386, 0.0, 0.0, 0.0, 0.0, 0.0, 0.0, 0.0, 0.0, 654.1203059096307, 0.0, 0.0, 0.0, 0.0, 0.0, 0.0, 0.0, 0.0, 0.0, 0.0, 0.0, 0.0, 0.0, 0.0, 0.0, 0.0, 0.0, 0.0, 0.0, 0.0, 0.0, 0.0, 0.0, 0.0, 0.0, 0.0, 0.0, 0.0, 0.0, 0.0, 0.0, 0.0, 0.0, 0.0, 0.0, 612.5286578488658, 0.0, 0.0, 0.0, 0.0, 0.0, 0.0, 0.0, 0.0, 0.0, 0.0, 0.0, 0.0, 0.0, 0.0, 0.0, 0.0, 0.0, 612.5286578488658, 0.0, 0.0, 0.0, 0.0, 0.0, 0.0, 0.0, 0.0, 0.0, 0.0, 0.0, 0.0, 0.0, 0.0, 0.0, 0.0, 0.0, 0.0, 0.0, 0.0, 0.0, 0.0, 0.0, 0.0]
INFORMACIÓN : 3apuestaBundle [259.67898060135775, 73.87106131889965, 77.20343992033742, 70.0659554604045]
INFORMACIÓN : 3positionsBundle [691, 2395, 2112, 60]
INFORMACIÓN : 3levelsBundle [3, 3, 3, 1]
INFORMACIÓN : 3positionsOrdered [691, 2395, 2112, 60]
INFORMACIÓN : 3levelsOrdered [3, 3, 3, 1]
INFORMACIÓN : 3partialityOrdered [3, 3, 3, 2]
INFORMACIÓN : 3arrivalTimes [13.601470508735444, 47.835956045982826, 82.3037450391078, 82.3037450391078]
INFORMACIÓN : mutexSat position 691 level 3
INFORMACIÓN : depSat position 691 level 3
INFORMACIÓN : I [AB]; lost Test.myBail@5b56445e; POS 691; sensors [IR, MW]; level 3 I paid 259.67898060135775in favour ofnull paid 259.67898060135775
INFORMACIÓN : 4historia0[0.0, 0.0, 226.13775844081636, 0.0, 0.0, 0.0, 226.13775844081636, 791.5029834603502, 0.0, 0.0, 0.0, 0.0, 0.0, 791.5029834603502, 0.0, 0.0, 0.0, 761.5852453982657, 0.0, 679.6324620435978, 0.0, 679.6324620435978, 0.0, 0.0, 0.0, 670.413684890993, 0.0, 0.0, 0.0, 0.0, 0.0, 0.0, 0.0, 0.0, 0.0, 0.0, 0.0, 0.0, 0.0, 0.0, 77.11233089657797, 612.5286578488658, 0.0, 0.0, 679.6324620435978, 264.04675663795854, 0.0, 0.0, 0.0, 0.0, 0.0, 0.0, 0.0, 0.0, 0.0, 0.0, 199.16563538672386, 0.0, 0.0, 0.0, 0.0, 0.0, 0.0, 0.0, 0.0, 0.0, 199.16563538672386, 0.0, 199.16563538672386, 0.0, 0.0, 0.0, 0.0, 0.0, 0.0, 0.0, 0.0, 654.1203059096307, 0.0, 0.0, 0.0, 0.0, 0.0, 0.0, 0.0, 0.0, 0.0, 0.0, 278.9134729448082, 0.0, 0.0, 0.0, 0.0, 0.0, 0.0, 0.0, 0.0, 0.0, 0.0, 0.0, 0.0, 0.0, 0.0, 0.0, 0.0, 0.0, 0.0, 0.0, 264.04675663795854, 0.0, 0.0, 0.0, 0.0, 612.5286578488658, 0.0, 0.0, 0.0, 0.0, 0.0, 0.0, 0.0, 0.0, 0.0, 0.0, 0.0, 0.0, 0.0, 0.0, 0.0, 0.0, 0.0, 612.5286578488658, 0.0, 0.0, 0.0, 0.0, 0.0, 0.0, 0.0, 0.0, 0.0, 0.0, 0.0, 0.0, 0.0, 0.0, 0.0, 0.0, 278.9134729448082, 0.0, 0.0, 0.0, 0.0, 0.0, 0.0, 0.0]
INFORMACIÓN : 4apuestaBundle [5.005157111560646]
INFORMACIÓN : 4positionsBundle [576]
INFORMACIÓN : 4levelsBundle [1]
INFORMACIÓN : 4positionsOrdered [576]
INFORMACIÓN : 4levelsOrdered [1]
INFORMACIÓN : 4partialityOrdered [1]
INFORMACIÓN : 4arrivalTimes [21.95449840010015]
INFORMACIÓN : 5historia0[0.0, 0.0, 0.0, 0.0, 0.0, 0.0, 226.13775844081636, 791.5029834603502, 0.0, 0.0, 0.0, 0.0, 0.0, 791.5029834603502, 0.0, 0.0, 0.0, 761.5852453982657, 588.9824089772637, 679.6324620435978, 0.0, 679.6324620435978, 0.0, 0.0, 0.0, 0.0, 0.0, 0.0, 0.0, 0.0, 0.0, 0.0, 0.0, 0.0, 226.13775844081636, 0.0, 0.0, 59.32173447422332, 0.0, 0.0, 0.0, 612.5286578488658, 0.0, 0.0, 679.6324620435978, 0.0, 364.071702775777, 0.0, 0.0, 0.0, 0.0, 0.0, 0.0, 0.0, 0.0, 0.0, 199.16563538672386, 0.0, 0.0, 0.0, 0.0, 0.0, 0.0, 0.0, 0.0, 0.0, 199.16563538672386, 0.0, 199.16563538672386, 0.0, 0.0, 0.0, 0.0, 0.0, 0.0, 0.0, 0.0, 654.1203059096307, 0.0, 0.0, 0.0, 0.0, 0.0, 0.0, 0.0, 0.0, 0.0, 0.0, 278.9134729448082, 0.0, 0.0, 0.0, 0.0, 0.0, 179.4811097222348, 0.0, 0.0, 0.0, 0.0, 0.0, 0.0, 0.0, 0.0, 0.0, 0.0, 0.0, 0.0, 0.0, 0.0, 0.0, 0.0, 0.0, 0.0, 612.5286578488658, 0.0, 0.0, 0.0, 0.0, 0.0, 0.0, 0.0, 0.0, 0.0, 0.0, 0.0, 0.0, 0.0, 0.0, 0.0, 0.0, 0.0, 612.5286578488658, 0.0, 5.005157111560646, 0.0, 0.0, 0.0, 0.0, 0.0, 0.0, 0.0, 0.0, 0.0, 0.0, 0.0, 0.0, 0.0, 0.0, 278.9134729448082, 0.0, 0.0, 0.0, 0.0, 0.0, 0.0, 0.0]
INFORMACIÓN : 5apuestaBundle [5.005157111560646, 121.36060512594713, 84.9586482395239, 372.4837859184882]
INFORMACIÓN : 5positionsBundle [576, 2259, 1258, 1550]
INFORMACIÓN : 5levelsBundle [1, 3, 1, 1]
INFORMACIÓN : 5positionsOrdered [576, 1258, 1550, 2259]
INFORMACIÓN : 5levelsOrdered [1, 1, 1, 3]
INFORMACIÓN : 5partialityOrdered [1, 1, 2, 3]
INFORMACIÓN : 5arrivalTimes [21.95449840010015, 44.75800690208291, 54.75800690208291, 86.54638572622709]
INFORMACIÓN : I [AB]; lost Test.myBail@4f5f6b3; POS 2259; sensors [IR, MW]; level 3 I paid 121.36060512594713in favour of7@(myturtles,myturtles,bug)@MK-18551 paid 264.04675663795854
INFORMACIÓN : 6historia0[0.0, 0.0, 0.0, 0.0, 0.0, 0.0, 226.13775844081636, 791.5029834603502, 0.0, 0.0, 0.0, 0.0, 0.0, 791.5029834603502, 0.0, 0.0, 0.0, 761.5852453982657, 588.9824089772637, 679.6324620435978, 0.0, 679.6324620435978, 0.0, 0.0, 0.0, 670.413684890993, 0.0, 0.0, 0.0, 0.0, 0.0, 0.0, 0.0, 0.0, 0.0, 0.0, 0.0, 0.0, 0.0, 0.0, 77.11233089657797, 612.5286578488658, 0.0, 0.0, 679.6324620435978, 264.04675663795854, 0.0, 0.0, 0.0, 0.0, 0.0, 0.0, 0.0, 0.0, 0.0, 0.0, 199.16563538672386, 0.0, 0.0, 0.0, 0.0, 0.0, 0.0, 0.0, 0.0, 0.0, 199.16563538672386, 0.0, 199.16563538672386, 0.0, 0.0, 0.0, 0.0, 0.0, 0.0, 0.0, 0.0, 654.1203059096307, 0.0, 0.0, 0.0, 0.0, 0.0, 103.11441124307976, 0.0, 0.0, 0.0, 0.0, 278.9134729448082, 0.0, 0.0, 0.0, 0.0, 0.0, 0.0, 0.0, 0.0, 77.11233089657797, 0.0, 0.0, 0.0, 0.0, 0.0, 0.0, 0.0, 0.0, 0.0, 0.0, 264.04675663795854, 0.0, 0.0, 0.0, 0.0, 612.5286578488658, 0.0, 0.0, 0.0, 0.0, 0.0, 0.0, 0.0, 0.0, 0.0, 0.0, 0.0, 0.0, 0.0, 0.0, 0.0, 0.0, 0.0, 612.5286578488658, 0.0, 5.005157111560646, 0.0, 0.0, 0.0, 0.0, 0.0, 0.0, 103.11441124307976, 0.0, 0.0, 0.0, 0.0, 0.0, 0.0, 0.0, 278.9134729448082, 0.0, 0.0, 0.0, 0.0, 0.0, 0.0, 0.0]
INFORMACIÓN : 6apuestaBundle [5.005157111560646, 84.9586482395239, 49.52243179945954, 122.06953647221769]
INFORMACIÓN : 6positionsBundle [576, 1258, 1563, 60]
INFORMACIÓN : 6levelsBundle [1, 1, 2, 1]
INFORMACIÓN : 6positionsOrdered [576, 1258, 1563, 60]
INFORMACIÓN : 6levelsOrdered [1, 1, 2, 1]
INFORMACIÓN : 6partialityOrdered [1, 1, 2, 2]
INFORMACIÓN : 6arrivalTimes [21.95449840010015, 44.75800690208291, 52.568256577989565, 52.568256577989565]
INFORMACIÓN : 7historia0[0.0, 0.0, 0.0, 0.0, 0.0, 0.0, 226.13775844081636, 791.5029834603502, 0.0, 0.0, 0.0, 0.0, 0.0, 791.5029834603502, 0.0, 0.0, 0.0, 761.5852453982657, 588.9824089772637, 679.6324620435978, 0.0, 679.6324620435978, 0.0, 0.0, 0.0, 670.413684890993, 0.0, 0.0, 0.0, 0.0, 0.0, 0.0, 0.0, 0.0, 0.0, 0.0, 0.0, 0.0, 0.0, 0.0, 77.11233089657797, 612.5286578488658, 0.0, 0.0, 679.6324620435978, 264.04675663795854, 364.071702775777, 0.0, 0.0, 0.0, 0.0, 0.0, 0.0, 0.0, 0.0, 0.0, 199.16563538672386, 0.0, 0.0, 0.0, 84.9586482395239, 0.0, 0.0, 0.0, 0.0, 0.0, 199.16563538672386, 0.0, 199.16563538672386, 0.0, 0.0, 0.0, 0.0, 0.0, 0.0, 0.0, 0.0, 654.1203059096307, 0.0, 0.0, 0.0, 0.0, 0.0, 103.11441124307976, 0.0, 0.0, 0.0, 0.0, 278.9134729448082, 0.0, 0.0, 0.0, 0.0, 49.52243179945954, 179.4811097222348, 0.0, 0.0, 77.11233089657797, 0.0, 0.0, 122.06953647221769, 0.0, 0.0, 0.0, 0.0, 0.0, 0.0, 0.0, 264.04675663795854, 0.0, 0.0, 0.0, 0.0, 612.5286578488658, 0.0, 0.0, 0.0, 0.0, 0.0, 0.0, 0.0, 0.0, 0.0, 0.0, 0.0, 0.0, 0.0, 0.0, 0.0, 0.0, 0.0, 612.5286578488658, 0.0, 5.005157111560646, 0.0, 0.0, 0.0, 0.0, 0.0, 0.0, 103.11441124307976, 0.0, 0.0, 0.0, 0.0, 0.0, 0.0, 0.0, 278.9134729448082, 0.0, 0.0, 0.0, 0.0, 0.0, 0.0, 0.0]
INFORMACIÓN : 7apuestaBundle [5.005157111560646, 84.9586482395239, 49.52243179945954, 122.06953647221769]
INFORMACIÓN : 7positionsBundle [576, 1258, 1563, 60]
INFORMACIÓN : 7levelsBundle [1, 1, 2, 1]
INFORMACIÓN : 7positionsOrdered [576, 1258, 1563, 60]
INFORMACIÓN : 7levelsOrdered [1, 1, 2, 1]
INFORMACIÓN : 7partialityOrdered [1, 1, 2, 2]
INFORMACIÓN : 7arrivalTimes [21.95449840010015, 44.75800690208291, 52.568256577989565, 52.568256577989565]
INFORMACIÓN : 8historia0[0.0, 0.0, 0.0, 0.0, 0.0, 0.0, 226.13775844081636, 791.5029834603502, 0.0, 0.0, 0.0, 0.0, 0.0, 791.5029834603502, 0.0, 0.0, 0.0, 761.5852453982657, 588.9824089772637, 679.6324620435978, 0.0, 679.6324620435978, 0.0, 0.0, 0.0, 670.413684890993, 0.0, 0.0, 0.0, 0.0, 0.0, 0.0, 0.0, 0.0, 0.0, 0.0, 0.0, 0.0, 0.0, 0.0, 77.11233089657797, 612.5286578488658, 0.0, 0.0, 679.6324620435978, 264.04675663795854, 364.071702775777, 0.0, 0.0, 0.0, 0.0, 0.0, 0.0, 0.0, 0.0, 0.0, 199.16563538672386, 0.0, 0.0, 0.0, 84.9586482395239, 0.0, 0.0, 0.0, 0.0, 0.0, 199.16563538672386, 0.0, 199.16563538672386, 0.0, 0.0, 0.0, 0.0, 0.0, 0.0, 0.0, 0.0, 654.1203059096307, 0.0, 0.0, 0.0, 0.0, 0.0, 103.11441124307976, 0.0, 0.0, 0.0, 0.0, 278.9134729448082, 0.0, 0.0, 0.0, 0.0, 49.52243179945954, 179.4811097222348, 0.0, 0.0, 77.11233089657797, 0.0, 0.0, 122.06953647221769, 0.0, 0.0, 0.0, 0.0, 0.0, 0.0, 0.0, 264.04675663795854, 0.0, 0.0, 0.0, 0.0, 612.5286578488658, 0.0, 0.0, 0.0, 0.0, 0.0, 0.0, 0.0, 0.0, 0.0, 0.0, 0.0, 0.0, 0.0, 0.0, 0.0, 0.0, 0.0, 612.5286578488658, 0.0, 5.005157111560646, 0.0, 0.0, 0.0, 0.0, 0.0, 0.0, 103.11441124307976, 0.0, 0.0, 0.0, 0.0, 0.0, 0.0, 0.0, 278.9134729448082, 0.0, 0.0, 0.0, 0.0, 0.0, 0.0, 0.0]
INFORMACIÓN : 8apuestaBundle [5.005157111560646, 84.9586482395239, 49.52243179945954, 122.06953647221769]
INFORMACIÓN : 8positionsBundle [576, 1258, 1563, 60]
INFORMACIÓN : 8levelsBundle [1, 1, 2, 1]
INFORMACIÓN : 8positionsOrdered [576, 1258, 1563, 60]
INFORMACIÓN : 8levelsOrdered [1, 1, 2, 1]
INFORMACIÓN : 8partialityOrdered [1, 1, 2, 2]
INFORMACIÓN : 8arrivalTimes [21.95449840010015, 44.75800690208291, 52.568256577989565, 52.568256577989565]
INFORMACIÓN : 9historia0[0.0, 0.0, 0.0, 0.0, 0.0, 0.0, 226.13775844081636, 791.5029834603502, 0.0, 0.0, 0.0, 0.0, 0.0, 791.5029834603502, 0.0, 0.0, 0.0, 761.5852453982657, 588.9824089772637, 679.6324620435978, 0.0, 679.6324620435978, 0.0, 0.0, 0.0, 670.413684890993, 0.0, 0.0, 0.0, 0.0, 0.0, 0.0, 0.0, 0.0, 0.0, 0.0, 0.0, 0.0, 0.0, 0.0, 77.11233089657797, 612.5286578488658, 0.0, 0.0, 679.6324620435978, 264.04675663795854, 364.071702775777, 0.0, 0.0, 0.0, 0.0, 0.0, 0.0, 0.0, 0.0, 0.0, 199.16563538672386, 0.0, 0.0, 0.0, 84.9586482395239, 0.0, 0.0, 0.0, 0.0, 0.0, 199.16563538672386, 0.0, 199.16563538672386, 0.0, 0.0, 0.0, 0.0, 0.0, 0.0, 0.0, 0.0, 654.1203059096307, 0.0, 0.0, 0.0, 0.0, 0.0, 103.11441124307976, 0.0, 0.0, 0.0, 0.0, 278.9134729448082, 0.0, 0.0, 0.0, 0.0, 49.52243179945954, 179.4811097222348, 0.0, 0.0, 77.11233089657797, 0.0, 0.0, 122.06953647221769, 0.0, 0.0, 0.0, 0.0, 0.0, 0.0, 0.0, 264.04675663795854, 0.0, 0.0, 0.0, 0.0, 612.5286578488658, 0.0, 0.0, 0.0, 0.0, 0.0, 0.0, 0.0, 0.0, 0.0, 0.0, 0.0, 0.0, 0.0, 0.0, 0.0, 0.0, 0.0, 612.5286578488658, 0.0, 5.005157111560646, 0.0, 0.0, 0.0, 0.0, 0.0, 0.0, 103.11441124307976, 0.0, 0.0, 0.0, 0.0, 0.0, 0.0, 0.0, 278.9134729448082, 0.0, 0.0, 0.0, 0.0, 0.0, 0.0, 0.0]
INFORMACIÓN : 9apuestaBundle [5.005157111560646, 84.9586482395239, 49.52243179945954, 122.06953647221769]
INFORMACIÓN : 9positionsBundle [576, 1258, 1563, 60]
INFORMACIÓN : 9levelsBundle [1, 1, 2, 1]
INFORMACIÓN : 9positionsOrdered [576, 1258, 1563, 60]
INFORMACIÓN : 9levelsOrdered [1, 1, 2, 1]
INFORMACIÓN : 9partialityOrdered [1, 1, 2, 2]
INFORMACIÓN : 9arrivalTimes [21.95449840010015, 44.75800690208291, 52.568256577989565, 52.568256577989565]
INFORMACIÓN : depSat position 1563 level 2
INFORMACIÓN : I [AB]; lost Test.myBail@76b2f623; POS 1563; sensors [MW]; level 2 I paid 49.52243179945954in favour ofnull paid 49.52243179945954
INFORMACIÓN : 10historia0[0.0, 0.0, 0.0, 0.0, 0.0, 0.0, 226.13775844081636, 791.5029834603502, 0.0, 0.0, 0.0, 0.0, 0.0, 791.5029834603502, 0.0, 0.0, 0.0, 761.5852453982657, 588.9824089772637, 679.6324620435978, 0.0, 679.6324620435978, 0.0, 0.0, 0.0, 670.413684890993, 0.0, 0.0, 0.0, 0.0, 0.0, 0.0, 0.0, 0.0, 0.0, 0.0, 0.0, 0.0, 0.0, 0.0, 77.11233089657797, 612.5286578488658, 0.0, 0.0, 679.6324620435978, 264.04675663795854, 364.071702775777, 0.0, 0.0, 0.0, 0.0, 0.0, 0.0, 0.0, 0.0, 0.0, 199.16563538672386, 0.0, 0.0, 0.0, 84.9586482395239, 0.0, 0.0, 0.0, 0.0, 0.0, 199.16563538672386, 0.0, 199.16563538672386, 0.0, 0.0, 0.0, 0.0, 0.0, 0.0, 0.0, 0.0, 654.1203059096307, 0.0, 0.0, 0.0, 0.0, 0.0, 103.11441124307976, 0.0, 0.0, 0.0, 0.0, 278.9134729448082, 0.0, 0.0, 0.0, 0.0, 0.0, 179.4811097222348, 0.0, 0.0, 77.11233089657797, 0.0, 0.0, 0.0, 0.0, 0.0, 0.0, 0.0, 0.0, 0.0, 0.0, 264.04675663795854, 0.0, 0.0, 0.0, 0.0, 612.5286578488658, 0.0, 0.0, 0.0, 0.0, 0.0, 0.0, 0.0, 0.0, 0.0, 0.0, 0.0, 0.0, 0.0, 0.0, 0.0, 0.0, 0.0, 612.5286578488658, 0.0, 5.005157111560646, 0.0, 0.0, 0.0, 0.0, 0.0, 0.0, 103.11441124307976, 0.0, 0.0, 0.0, 0.0, 0.0, 0.0, 0.0, 278.9134729448082, 0.0, 0.0, 0.0, 0.0, 0.0, 0.0, 0.0]
INFORMACIÓN : 10apuestaBundle [5.005157111560646, 84.9586482395239, 49.52243179945954, 122.06953647221769]
INFORMACIÓN : 10positionsBundle [576, 1258, 1563, 60]
INFORMACIÓN : 10levelsBundle [1, 1, 2, 1]
INFORMACIÓN : 10positionsOrdered [576, 1258, 1563, 60]
INFORMACIÓN : 10levelsOrdered [1, 1, 2, 1]
INFORMACIÓN : 10partialityOrdered [1, 1, 2, 2]
INFORMACIÓN : 10arrivalTimes [21.95449840010015, 44.75800690208291, 52.568256577989565, 52.568256577989565]
INFORMACIÓN : 11historia0[0.0, 0.0, 0.0, 0.0, 0.0, 0.0, 226.13775844081636, 791.5029834603502, 0.0, 0.0, 0.0, 0.0, 0.0, 791.5029834603502, 0.0, 0.0, 0.0, 761.5852453982657, 588.9824089772637, 679.6324620435978, 0.0, 679.6324620435978, 0.0, 0.0, 0.0, 670.413684890993, 0.0, 0.0, 0.0, 0.0, 0.0, 0.0, 0.0, 0.0, 0.0, 0.0, 0.0, 0.0, 0.0, 0.0, 77.11233089657797, 612.5286578488658, 0.0, 0.0, 679.6324620435978, 264.04675663795854, 364.071702775777, 0.0, 0.0, 0.0, 0.0, 0.0, 0.0, 0.0, 0.0, 0.0, 199.16563538672386, 0.0, 0.0, 0.0, 84.9586482395239, 0.0, 0.0, 0.0, 0.0, 0.0, 199.16563538672386, 0.0, 199.16563538672386, 0.0, 0.0, 0.0, 0.0, 0.0, 0.0, 0.0, 0.0, 654.1203059096307, 0.0, 0.0, 0.0, 0.0, 0.0, 103.11441124307976, 0.0, 0.0, 0.0, 0.0, 278.9134729448082, 0.0, 0.0, 0.0, 0.0, 49.52243179945954, 179.4811097222348, 0.0, 0.0, 77.11233089657797, 0.0, 0.0, 122.06953647221769, 0.0, 0.0, 0.0, 0.0, 0.0, 0.0, 0.0, 264.04675663795854, 0.0, 0.0, 0.0, 0.0, 612.5286578488658, 0.0, 0.0, 0.0, 0.0, 0.0, 0.0, 0.0, 0.0, 0.0, 0.0, 0.0, 0.0, 0.0, 0.0, 0.0, 0.0, 0.0, 612.5286578488658, 0.0, 5.005157111560646, 0.0, 0.0, 0.0, 0.0, 0.0, 0.0, 103.11441124307976, 0.0, 0.0, 0.0, 0.0, 0.0, 0.0, 0.0, 278.9134729448082, 0.0, 0.0, 0.0, 0.0, 0.0, 0.0, 0.0]
INFORMACIÓN : 11apuestaBundle [5.005157111560646, 84.9586482395239, 49.52243179945954, 122.06953647221769]
INFORMACIÓN : 11positionsBundle [576, 1258, 1563, 60]
INFORMACIÓN : 11levelsBundle [1, 1, 2, 1]
INFORMACIÓN : 11positionsOrdered [576, 1258, 1563, 60]
INFORMACIÓN : 11levelsOrdered [1, 1, 2, 1]
INFORMACIÓN : 11partialityOrdered [1, 1, 2, 2]
INFORMACIÓN : 11arrivalTimes [21.95449840010015, 44.75800690208291, 52.568256577989565, 52.568256577989565]
INFORMACIÓN : 12historia0[0.0, 0.0, 0.0, 0.0, 0.0, 0.0, 226.13775844081636, 791.5029834603502, 0.0, 0.0, 0.0, 0.0, 0.0, 791.5029834603502, 0.0, 0.0, 0.0, 761.5852453982657, 588.9824089772637, 679.6324620435978, 0.0, 679.6324620435978, 0.0, 0.0, 0.0, 670.413684890993, 0.0, 0.0, 0.0, 0.0, 0.0, 0.0, 0.0, 0.0, 0.0, 0.0, 0.0, 0.0, 0.0, 0.0, 77.11233089657797, 612.5286578488658, 0.0, 0.0, 679.6324620435978, 264.04675663795854, 364.071702775777, 0.0, 0.0, 0.0, 0.0, 0.0, 0.0, 0.0, 0.0, 0.0, 199.16563538672386, 0.0, 0.0, 0.0, 84.9586482395239, 0.0, 0.0, 0.0, 0.0, 0.0, 199.16563538672386, 0.0, 199.16563538672386, 0.0, 0.0, 0.0, 0.0, 0.0, 0.0, 0.0, 0.0, 654.1203059096307, 0.0, 0.0, 0.0, 0.0, 0.0, 103.11441124307976, 0.0, 0.0, 0.0, 0.0, 278.9134729448082, 0.0, 0.0, 0.0, 0.0, 49.52243179945954, 179.4811097222348, 0.0, 0.0, 77.11233089657797, 0.0, 0.0, 122.06953647221769, 0.0, 0.0, 0.0, 0.0, 0.0, 0.0, 0.0, 264.04675663795854, 0.0, 0.0, 0.0, 0.0, 612.5286578488658, 0.0, 0.0, 0.0, 0.0, 0.0, 0.0, 0.0, 0.0, 0.0, 0.0, 0.0, 0.0, 0.0, 0.0, 0.0, 0.0, 0.0, 612.5286578488658, 0.0, 5.005157111560646, 0.0, 0.0, 0.0, 0.0, 0.0, 0.0, 103.11441124307976, 0.0, 0.0, 0.0, 0.0, 0.0, 0.0, 0.0, 278.9134729448082, 0.0, 0.0, 0.0, 0.0, 0.0, 0.0, 0.0]
INFORMACIÓN : 12apuestaBundle [5.005157111560646, 84.9586482395239, 49.52243179945954, 122.06953647221769]
INFORMACIÓN : 12positionsBundle [576, 1258, 1563, 60]
INFORMACIÓN : 12levelsBundle [1, 1, 2, 1]
INFORMACIÓN : 12positionsOrdered [576, 1258, 1563, 60]
INFORMACIÓN : 12levelsOrdered [1, 1, 2, 1]
INFORMACIÓN : 12partialityOrdered [1, 1, 2, 2]
INFORMACIÓN : 12arrivalTimes [21.95449840010015, 44.75800690208291, 52.568256577989565, 52.568256577989565]
INFORMACIÓN : 13historia0[0.0, 0.0, 0.0, 0.0, 0.0, 0.0, 226.13775844081636, 791.5029834603502, 0.0, 0.0, 0.0, 0.0, 0.0, 791.5029834603502, 0.0, 0.0, 0.0, 761.5852453982657, 588.9824089772637, 679.6324620435978, 0.0, 679.6324620435978, 0.0, 0.0, 0.0, 670.413684890993, 0.0, 0.0, 0.0, 0.0, 0.0, 0.0, 0.0, 0.0, 0.0, 0.0, 0.0, 0.0, 0.0, 0.0, 77.11233089657797, 612.5286578488658, 0.0, 0.0, 679.6324620435978, 264.04675663795854, 364.071702775777, 0.0, 0.0, 0.0, 0.0, 0.0, 0.0, 0.0, 0.0, 0.0, 199.16563538672386, 0.0, 0.0, 0.0, 84.9586482395239, 0.0, 0.0, 0.0, 0.0, 0.0, 199.16563538672386, 0.0, 199.16563538672386, 0.0, 0.0, 0.0, 0.0, 0.0, 0.0, 0.0, 0.0, 654.1203059096307, 0.0, 0.0, 0.0, 0.0, 0.0, 103.11441124307976, 0.0, 0.0, 0.0, 0.0, 278.9134729448082, 0.0, 0.0, 0.0, 0.0, 49.52243179945954, 179.4811097222348, 0.0, 0.0, 77.11233089657797, 0.0, 0.0, 122.06953647221769, 0.0, 0.0, 0.0, 0.0, 0.0, 0.0, 0.0, 264.04675663795854, 0.0, 0.0, 0.0, 0.0, 612.5286578488658, 0.0, 0.0, 0.0, 0.0, 0.0, 0.0, 0.0, 0.0, 0.0, 0.0, 0.0, 0.0, 0.0, 0.0, 0.0, 0.0, 0.0, 612.5286578488658, 0.0, 5.005157111560646, 0.0, 0.0, 0.0, 0.0, 0.0, 0.0, 103.11441124307976, 0.0, 0.0, 0.0, 0.0, 0.0, 0.0, 0.0, 278.9134729448082, 0.0, 0.0, 0.0, 0.0, 0.0, 0.0, 0.0]
INFORMACIÓN : 13apuestaBundle [5.005157111560646, 84.9586482395239, 49.52243179945954, 122.06953647221769]
INFORMACIÓN : 13positionsBundle [576, 1258, 1563, 60]
INFORMACIÓN : 13levelsBundle [1, 1, 2, 1]
INFORMACIÓN : 13positionsOrdered [576, 1258, 1563, 60]
INFORMACIÓN : 13levelsOrdered [1, 1, 2, 1]
INFORMACIÓN : 13partialityOrdered [1, 1, 2, 2]
INFORMACIÓN : 13arrivalTimes [21.95449840010015, 44.75800690208291, 52.568256577989565, 52.568256577989565]
INFORMACIÓN : depSat position 1563 level 2
INFORMACIÓN : I [AB]; lost Test.myBail@76b2f623; POS 1563; sensors [MW]; level 2 I paid 49.52243179945954in favour ofnull paid 49.52243179945954
INFORMACIÓN : 14historia0[0.0, 0.0, 0.0, 0.0, 0.0, 0.0, 226.13775844081636, 791.5029834603502, 0.0, 0.0, 0.0, 0.0, 0.0, 791.5029834603502, 0.0, 0.0, 0.0, 761.5852453982657, 588.9824089772637, 679.6324620435978, 0.0, 679.6324620435978, 0.0, 0.0, 0.0, 670.413684890993, 0.0, 0.0, 0.0, 0.0, 0.0, 0.0, 0.0, 0.0, 0.0, 0.0, 0.0, 0.0, 0.0, 0.0, 77.11233089657797, 612.5286578488658, 0.0, 0.0, 679.6324620435978, 264.04675663795854, 364.071702775777, 0.0, 0.0, 0.0, 0.0, 0.0, 0.0, 0.0, 0.0, 0.0, 199.16563538672386, 0.0, 0.0, 0.0, 84.9586482395239, 0.0, 0.0, 0.0, 0.0, 0.0, 199.16563538672386, 0.0, 199.16563538672386, 0.0, 0.0, 0.0, 0.0, 0.0, 0.0, 0.0, 0.0, 654.1203059096307, 0.0, 0.0, 0.0, 0.0, 0.0, 103.11441124307976, 0.0, 0.0, 0.0, 0.0, 278.9134729448082, 0.0, 0.0, 0.0, 0.0, 0.0, 179.4811097222348, 0.0, 0.0, 77.11233089657797, 0.0, 0.0, 0.0, 0.0, 0.0, 0.0, 0.0, 0.0, 0.0, 0.0, 264.04675663795854, 0.0, 0.0, 0.0, 0.0, 612.5286578488658, 0.0, 0.0, 0.0, 0.0, 0.0, 0.0, 0.0, 0.0, 0.0, 0.0, 0.0, 0.0, 0.0, 0.0, 0.0, 0.0, 0.0, 612.5286578488658, 0.0, 5.005157111560646, 0.0, 0.0, 0.0, 0.0, 0.0, 0.0, 103.11441124307976, 0.0, 0.0, 0.0, 0.0, 0.0, 0.0, 0.0, 278.9134729448082, 0.0, 0.0, 0.0, 0.0, 0.0, 0.0, 0.0]
INFORMACIÓN : 14apuestaBundle [5.005157111560646, 84.9586482395239, 49.52243179945954, 122.06953647221769]
INFORMACIÓN : 14positionsBundle [576, 1258, 1563, 60]
INFORMACIÓN : 14levelsBundle [1, 1, 2, 1]
INFORMACIÓN : 14positionsOrdered [576, 1258, 1563, 60]
INFORMACIÓN : 14levelsOrdered [1, 1, 2, 1]
INFORMACIÓN : 14partialityOrdered [1, 1, 2, 2]
INFORMACIÓN : 14arrivalTimes [21.95449840010015, 44.75800690208291, 52.568256577989565, 52.568256577989565]
INFORMACIÓN : 15historia0[0.0, 0.0, 0.0, 0.0, 0.0, 0.0, 226.13775844081636, 791.5029834603502, 0.0, 0.0, 0.0, 0.0, 0.0, 791.5029834603502, 0.0, 0.0, 0.0, 761.5852453982657, 588.9824089772637, 679.6324620435978, 0.0, 679.6324620435978, 0.0, 0.0, 0.0, 670.413684890993, 0.0, 0.0, 0.0, 0.0, 0.0, 0.0, 0.0, 0.0, 0.0, 0.0, 0.0, 0.0, 0.0, 0.0, 77.11233089657797, 612.5286578488658, 0.0, 0.0, 679.6324620435978, 264.04675663795854, 364.071702775777, 0.0, 0.0, 0.0, 0.0, 0.0, 0.0, 0.0, 0.0, 0.0, 199.16563538672386, 0.0, 0.0, 0.0, 84.9586482395239, 0.0, 0.0, 0.0, 0.0, 0.0, 199.16563538672386, 0.0, 199.16563538672386, 0.0, 0.0, 0.0, 0.0, 0.0, 0.0, 0.0, 0.0, 654.1203059096307, 0.0, 0.0, 0.0, 0.0, 0.0, 103.11441124307976, 0.0, 0.0, 0.0, 0.0, 278.9134729448082, 0.0, 0.0, 0.0, 0.0, 49.52243179945954, 179.4811097222348, 0.0, 0.0, 77.11233089657797, 0.0, 0.0, 122.06953647221769, 0.0, 0.0, 0.0, 0.0, 0.0, 0.0, 0.0, 264.04675663795854, 0.0, 0.0, 0.0, 0.0, 612.5286578488658, 0.0, 0.0, 0.0, 0.0, 0.0, 0.0, 0.0, 0.0, 0.0, 0.0, 0.0, 0.0, 0.0, 0.0, 0.0, 0.0, 0.0, 612.5286578488658, 0.0, 5.005157111560646, 0.0, 0.0, 0.0, 0.0, 0.0, 0.0, 103.11441124307976, 0.0, 0.0, 0.0, 0.0, 0.0, 0.0, 0.0, 278.9134729448082, 0.0, 0.0, 0.0, 0.0, 0.0, 0.0, 0.0]
INFORMACIÓN : 15apuestaBundle [5.005157111560646, 84.9586482395239, 49.52243179945954, 122.06953647221769]
INFORMACIÓN : 15positionsBundle [576, 1258, 1563, 60]
INFORMACIÓN : 15levelsBundle [1, 1, 2, 1]
INFORMACIÓN : 15positionsOrdered [576, 1258, 1563, 60]
INFORMACIÓN : 15levelsOrdered [1, 1, 2, 1]
INFORMACIÓN : 15partialityOrdered [1, 1, 2, 2]
INFORMACIÓN : 15arrivalTimes [21.95449840010015, 44.75800690208291, 52.568256577989565, 52.568256577989565]
INFORMACIÓN : 16historia0[0.0, 0.0, 0.0, 0.0, 0.0, 0.0, 226.13775844081636, 791.5029834603502, 0.0, 0.0, 0.0, 0.0, 0.0, 791.5029834603502, 0.0, 0.0, 0.0, 761.5852453982657, 588.9824089772637, 679.6324620435978, 0.0, 679.6324620435978, 0.0, 0.0, 0.0, 670.413684890993, 0.0, 0.0, 0.0, 0.0, 0.0, 0.0, 0.0, 0.0, 0.0, 0.0, 0.0, 0.0, 0.0, 0.0, 77.11233089657797, 612.5286578488658, 0.0, 0.0, 679.6324620435978, 264.04675663795854, 364.071702775777, 0.0, 0.0, 0.0, 0.0, 0.0, 0.0, 0.0, 0.0, 0.0, 199.16563538672386, 0.0, 0.0, 0.0, 84.9586482395239, 0.0, 0.0, 0.0, 0.0, 0.0, 199.16563538672386, 0.0, 199.16563538672386, 0.0, 0.0, 0.0, 0.0, 0.0, 0.0, 0.0, 0.0, 654.1203059096307, 0.0, 0.0, 0.0, 0.0, 0.0, 103.11441124307976, 0.0, 0.0, 0.0, 0.0, 278.9134729448082, 0.0, 0.0, 0.0, 0.0, 49.52243179945954, 179.4811097222348, 0.0, 0.0, 77.11233089657797, 0.0, 0.0, 122.06953647221769, 0.0, 0.0, 0.0, 0.0, 0.0, 0.0, 0.0, 264.04675663795854, 0.0, 0.0, 0.0, 0.0, 612.5286578488658, 0.0, 0.0, 0.0, 0.0, 0.0, 0.0, 0.0, 0.0, 0.0, 0.0, 0.0, 0.0, 0.0, 0.0, 0.0, 0.0, 0.0, 612.5286578488658, 0.0, 5.005157111560646, 0.0, 0.0, 0.0, 0.0, 0.0, 0.0, 103.11441124307976, 0.0, 0.0, 0.0, 0.0, 0.0, 0.0, 0.0, 278.9134729448082, 0.0, 0.0, 0.0, 0.0, 0.0, 0.0, 0.0]
INFORMACIÓN : 16apuestaBundle [5.005157111560646, 84.9586482395239, 49.52243179945954, 122.06953647221769]
INFORMACIÓN : 16positionsBundle [576, 1258, 1563, 60]
INFORMACIÓN : 16levelsBundle [1, 1, 2, 1]
INFORMACIÓN : 16positionsOrdered [576, 1258, 1563, 60]
INFORMACIÓN : 16levelsOrdered [1, 1, 2, 1]
INFORMACIÓN : 16partialityOrdered [1, 1, 2, 2]
INFORMACIÓN : 16arrivalTimes [21.95449840010015, 44.75800690208291, 52.568256577989565, 52.568256577989565]
INFORMACIÓN : 17historia0[0.0, 0.0, 0.0, 0.0, 0.0, 0.0, 226.13775844081636, 791.5029834603502, 0.0, 0.0, 0.0, 0.0, 0.0, 791.5029834603502, 0.0, 0.0, 0.0, 761.5852453982657, 588.9824089772637, 679.6324620435978, 0.0, 679.6324620435978, 0.0, 0.0, 0.0, 670.413684890993, 0.0, 0.0, 0.0, 0.0, 0.0, 0.0, 0.0, 0.0, 0.0, 0.0, 0.0, 0.0, 0.0, 0.0, 77.11233089657797, 612.5286578488658, 0.0, 0.0, 679.6324620435978, 264.04675663795854, 364.071702775777, 0.0, 0.0, 0.0, 0.0, 0.0, 0.0, 0.0, 0.0, 0.0, 199.16563538672386, 0.0, 0.0, 0.0, 84.9586482395239, 0.0, 0.0, 0.0, 0.0, 0.0, 199.16563538672386, 0.0, 199.16563538672386, 0.0, 0.0, 0.0, 0.0, 0.0, 0.0, 0.0, 0.0, 654.1203059096307, 0.0, 0.0, 0.0, 0.0, 0.0, 103.11441124307976, 0.0, 0.0, 0.0, 0.0, 278.9134729448082, 0.0, 0.0, 0.0, 0.0, 49.52243179945954, 179.4811097222348, 0.0, 0.0, 77.11233089657797, 0.0, 0.0, 122.06953647221769, 0.0, 0.0, 0.0, 0.0, 0.0, 0.0, 0.0, 264.04675663795854, 0.0, 0.0, 0.0, 0.0, 612.5286578488658, 0.0, 0.0, 0.0, 0.0, 0.0, 0.0, 0.0, 0.0, 0.0, 0.0, 0.0, 0.0, 0.0, 0.0, 0.0, 0.0, 0.0, 612.5286578488658, 0.0, 5.005157111560646, 0.0, 0.0, 0.0, 0.0, 0.0, 0.0, 103.11441124307976, 0.0, 0.0, 0.0, 0.0, 0.0, 0.0, 0.0, 278.9134729448082, 0.0, 0.0, 0.0, 0.0, 0.0, 0.0, 0.0]
INFORMACIÓN : 17apuestaBundle [5.005157111560646, 84.9586482395239, 49.52243179945954, 122.06953647221769]
INFORMACIÓN : 17positionsBundle [576, 1258, 1563, 60]
INFORMACIÓN : 17levelsBundle [1, 1, 2, 1]
INFORMACIÓN : 17positionsOrdered [576, 1258, 1563, 60]
INFORMACIÓN : 17levelsOrdered [1, 1, 2, 1]
INFORMACIÓN : 17partialityOrdered [1, 1, 2, 2]
INFORMACIÓN : 17arrivalTimes [21.95449840010015, 44.75800690208291, 52.568256577989565, 52.568256577989565]
INFORMACIÓN : depSat position 1563 level 2
INFORMACIÓN : I [AB]; lost Test.myBail@76b2f623; POS 1563; sensors [MW]; level 2 I paid 49.52243179945954in favour ofnull paid 49.52243179945954
INFORMACIÓN : 18historia0[0.0, 0.0, 0.0, 0.0, 0.0, 0.0, 226.13775844081636, 791.5029834603502, 0.0, 0.0, 0.0, 0.0, 0.0, 791.5029834603502, 0.0, 0.0, 0.0, 761.5852453982657, 588.9824089772637, 679.6324620435978, 0.0, 679.6324620435978, 0.0, 0.0, 0.0, 670.413684890993, 0.0, 0.0, 0.0, 0.0, 0.0, 0.0, 0.0, 0.0, 0.0, 0.0, 0.0, 0.0, 0.0, 0.0, 77.11233089657797, 612.5286578488658, 0.0, 0.0, 679.6324620435978, 264.04675663795854, 364.071702775777, 0.0, 0.0, 0.0, 0.0, 0.0, 0.0, 0.0, 0.0, 0.0, 199.16563538672386, 0.0, 0.0, 0.0, 84.9586482395239, 0.0, 0.0, 0.0, 0.0, 0.0, 199.16563538672386, 0.0, 199.16563538672386, 0.0, 0.0, 0.0, 0.0, 0.0, 0.0, 0.0, 0.0, 654.1203059096307, 0.0, 0.0, 0.0, 0.0, 0.0, 103.11441124307976, 0.0, 0.0, 0.0, 0.0, 278.9134729448082, 0.0, 0.0, 0.0, 0.0, 0.0, 179.4811097222348, 0.0, 0.0, 77.11233089657797, 0.0, 0.0, 0.0, 0.0, 0.0, 0.0, 0.0, 0.0, 0.0, 0.0, 264.04675663795854, 0.0, 0.0, 0.0, 0.0, 612.5286578488658, 0.0, 0.0, 0.0, 0.0, 0.0, 0.0, 0.0, 0.0, 0.0, 0.0, 0.0, 0.0, 0.0, 0.0, 0.0, 0.0, 0.0, 612.5286578488658, 0.0, 5.005157111560646, 0.0, 0.0, 0.0, 0.0, 0.0, 0.0, 103.11441124307976, 0.0, 0.0, 0.0, 0.0, 0.0, 0.0, 0.0, 278.9134729448082, 0.0, 0.0, 0.0, 0.0, 0.0, 0.0, 0.0]
INFORMACIÓN : 18apuestaBundle [5.005157111560646, 84.9586482395239, 49.52243179945954, 122.06953647221769]
INFORMACIÓN : 18positionsBundle [576, 1258, 1563, 60]
INFORMACIÓN : 18levelsBundle [1, 1, 2, 1]
INFORMACIÓN : 18positionsOrdered [576, 1258, 1563, 60]
INFORMACIÓN : 18levelsOrdered [1, 1, 2, 1]
INFORMACIÓN : 18partialityOrdered [1, 1, 2, 2]
INFORMACIÓN : 18arrivalTimes [21.95449840010015, 44.75800690208291, 52.568256577989565, 52.568256577989565]
INFORMACIÓN : 19historia0[0.0, 0.0, 0.0, 0.0, 0.0, 0.0, 226.13775844081636, 791.5029834603502, 0.0, 0.0, 0.0, 0.0, 0.0, 791.5029834603502, 0.0, 0.0, 0.0, 761.5852453982657, 588.9824089772637, 679.6324620435978, 0.0, 679.6324620435978, 0.0, 0.0, 0.0, 670.413684890993, 0.0, 0.0, 0.0, 0.0, 0.0, 0.0, 0.0, 0.0, 0.0, 0.0, 0.0, 0.0, 0.0, 0.0, 77.11233089657797, 612.5286578488658, 0.0, 0.0, 679.6324620435978, 264.04675663795854, 364.071702775777, 0.0, 0.0, 0.0, 0.0, 0.0, 0.0, 0.0, 0.0, 0.0, 199.16563538672386, 0.0, 0.0, 0.0, 84.9586482395239, 0.0, 0.0, 0.0, 0.0, 0.0, 199.16563538672386, 0.0, 199.16563538672386, 0.0, 0.0, 0.0, 0.0, 0.0, 0.0, 0.0, 0.0, 654.1203059096307, 0.0, 0.0, 0.0, 0.0, 0.0, 103.11441124307976, 0.0, 0.0, 0.0, 0.0, 278.9134729448082, 0.0, 0.0, 0.0, 0.0, 49.52243179945954, 179.4811097222348, 0.0, 0.0, 77.11233089657797, 0.0, 0.0, 122.06953647221769, 0.0, 0.0, 0.0, 0.0, 0.0, 0.0, 0.0, 264.04675663795854, 0.0, 0.0, 0.0, 0.0, 612.5286578488658, 0.0, 0.0, 0.0, 0.0, 0.0, 0.0, 0.0, 0.0, 0.0, 0.0, 0.0, 0.0, 0.0, 0.0, 0.0, 0.0, 0.0, 612.5286578488658, 0.0, 5.005157111560646, 0.0, 0.0, 0.0, 0.0, 0.0, 0.0, 103.11441124307976, 0.0, 0.0, 0.0, 0.0, 0.0, 0.0, 0.0, 278.9134729448082, 0.0, 0.0, 0.0, 0.0, 0.0, 0.0, 0.0]
INFORMACIÓN : 19apuestaBundle [5.005157111560646, 84.9586482395239, 49.52243179945954, 122.06953647221769]
INFORMACIÓN : 19positionsBundle [576, 1258, 1563, 60]
INFORMACIÓN : 19levelsBundle [1, 1, 2, 1]
INFORMACIÓN : 19positionsOrdered [576, 1258, 1563, 60]
INFORMACIÓN : 19levelsOrdered [1, 1, 2, 1]
INFORMACIÓN : 19partialityOrdered [1, 1, 2, 2]
INFORMACIÓN : 19arrivalTimes [21.95449840010015, 44.75800690208291, 52.568256577989565, 52.568256577989565]
INFORMACIÓN : 20historia0[0.0, 0.0, 0.0, 0.0, 0.0, 0.0, 226.13775844081636, 791.5029834603502, 0.0, 0.0, 0.0, 0.0, 0.0, 791.5029834603502, 0.0, 0.0, 0.0, 761.5852453982657, 588.9824089772637, 679.6324620435978, 0.0, 679.6324620435978, 0.0, 0.0, 0.0, 670.413684890993, 0.0, 0.0, 0.0, 0.0, 0.0, 0.0, 0.0, 0.0, 0.0, 0.0, 0.0, 0.0, 0.0, 0.0, 77.11233089657797, 612.5286578488658, 0.0, 0.0, 679.6324620435978, 264.04675663795854, 364.071702775777, 0.0, 0.0, 0.0, 0.0, 0.0, 0.0, 0.0, 0.0, 0.0, 199.16563538672386, 0.0, 0.0, 0.0, 84.9586482395239, 0.0, 0.0, 0.0, 0.0, 0.0, 199.16563538672386, 0.0, 199.16563538672386, 0.0, 0.0, 0.0, 0.0, 0.0, 0.0, 0.0, 0.0, 654.1203059096307, 0.0, 0.0, 0.0, 0.0, 0.0, 103.11441124307976, 0.0, 0.0, 0.0, 0.0, 278.9134729448082, 0.0, 0.0, 0.0, 0.0, 49.52243179945954, 179.4811097222348, 0.0, 0.0, 77.11233089657797, 0.0, 0.0, 122.06953647221769, 0.0, 0.0, 0.0, 0.0, 0.0, 0.0, 0.0, 264.04675663795854, 0.0, 0.0, 0.0, 0.0, 612.5286578488658, 0.0, 0.0, 0.0, 0.0, 0.0, 0.0, 0.0, 0.0, 0.0, 0.0, 0.0, 0.0, 0.0, 0.0, 0.0, 0.0, 0.0, 612.5286578488658, 0.0, 5.005157111560646, 0.0, 0.0, 0.0, 0.0, 0.0, 0.0, 103.11441124307976, 0.0, 0.0, 0.0, 0.0, 0.0, 0.0, 0.0, 278.9134729448082, 0.0, 0.0, 0.0, 0.0, 0.0, 0.0, 0.0]
INFORMACIÓN : 20apuestaBundle [5.005157111560646, 84.9586482395239, 49.52243179945954, 122.06953647221769]
INFORMACIÓN : 20positionsBundle [576, 1258, 1563, 60]
INFORMACIÓN : 20levelsBundle [1, 1, 2, 1]
INFORMACIÓN : 20positionsOrdered [576, 1258, 1563, 60]
INFORMACIÓN : 20levelsOrdered [1, 1, 2, 1]
INFORMACIÓN : 20partialityOrdered [1, 1, 2, 2]
INFORMACIÓN : 20arrivalTimes [21.95449840010015, 44.75800690208291, 52.568256577989565, 52.568256577989565]
INFORMACIÓN : 21historia0[0.0, 0.0, 0.0, 0.0, 0.0, 0.0, 226.13775844081636, 791.5029834603502, 0.0, 0.0, 0.0, 0.0, 0.0, 791.5029834603502, 0.0, 0.0, 0.0, 761.5852453982657, 588.9824089772637, 679.6324620435978, 0.0, 679.6324620435978, 0.0, 0.0, 0.0, 670.413684890993, 0.0, 0.0, 0.0, 0.0, 0.0, 0.0, 0.0, 0.0, 0.0, 0.0, 0.0, 0.0, 0.0, 0.0, 77.11233089657797, 612.5286578488658, 0.0, 0.0, 679.6324620435978, 264.04675663795854, 364.071702775777, 0.0, 0.0, 0.0, 0.0, 0.0, 0.0, 0.0, 0.0, 0.0, 199.16563538672386, 0.0, 0.0, 0.0, 84.9586482395239, 0.0, 0.0, 0.0, 0.0, 0.0, 199.16563538672386, 0.0, 199.16563538672386, 0.0, 0.0, 0.0, 0.0, 0.0, 0.0, 0.0, 0.0, 654.1203059096307, 0.0, 0.0, 0.0, 0.0, 0.0, 103.11441124307976, 0.0, 0.0, 0.0, 0.0, 278.9134729448082, 0.0, 0.0, 0.0, 0.0, 49.52243179945954, 179.4811097222348, 0.0, 0.0, 77.11233089657797, 0.0, 0.0, 122.06953647221769, 0.0, 0.0, 0.0, 0.0, 0.0, 0.0, 0.0, 264.04675663795854, 0.0, 0.0, 0.0, 0.0, 612.5286578488658, 0.0, 0.0, 0.0, 0.0, 0.0, 0.0, 0.0, 0.0, 0.0, 0.0, 0.0, 0.0, 0.0, 0.0, 0.0, 0.0, 0.0, 612.5286578488658, 0.0, 5.005157111560646, 0.0, 0.0, 0.0, 0.0, 0.0, 0.0, 103.11441124307976, 0.0, 0.0, 0.0, 0.0, 0.0, 0.0, 0.0, 278.9134729448082, 0.0, 0.0, 0.0, 0.0, 0.0, 0.0, 0.0]
INFORMACIÓN : 21apuestaBundle [5.005157111560646, 84.9586482395239, 49.52243179945954, 122.06953647221769]
INFORMACIÓN : 21positionsBundle [576, 1258, 1563, 60]
INFORMACIÓN : 21levelsBundle [1, 1, 2, 1]
INFORMACIÓN : 21positionsOrdered [576, 1258, 1563, 60]
INFORMACIÓN : 21levelsOrdered [1, 1, 2, 1]
INFORMACIÓN : 21partialityOrdered [1, 1, 2, 2]
INFORMACIÓN : 21arrivalTimes [21.95449840010015, 44.75800690208291, 52.568256577989565, 52.568256577989565]
INFORMACIÓN : depSat position 1563 level 2
INFORMACIÓN : I [AB]; lost Test.myBail@76b2f623; POS 1563; sensors [MW]; level 2 I paid 49.52243179945954in favour ofnull paid 49.52243179945954
INFORMACIÓN : 22historia0[0.0, 0.0, 0.0, 0.0, 0.0, 0.0, 226.13775844081636, 791.5029834603502, 0.0, 0.0, 0.0, 0.0, 0.0, 791.5029834603502, 0.0, 0.0, 0.0, 761.5852453982657, 588.9824089772637, 679.6324620435978, 0.0, 679.6324620435978, 0.0, 0.0, 0.0, 670.413684890993, 0.0, 0.0, 0.0, 0.0, 0.0, 0.0, 0.0, 0.0, 0.0, 0.0, 0.0, 0.0, 0.0, 0.0, 77.11233089657797, 612.5286578488658, 0.0, 0.0, 679.6324620435978, 264.04675663795854, 364.071702775777, 0.0, 0.0, 0.0, 0.0, 0.0, 0.0, 0.0, 0.0, 0.0, 199.16563538672386, 0.0, 0.0, 0.0, 84.9586482395239, 0.0, 0.0, 0.0, 0.0, 0.0, 199.16563538672386, 0.0, 199.16563538672386, 0.0, 0.0, 0.0, 0.0, 0.0, 0.0, 0.0, 0.0, 654.1203059096307, 0.0, 0.0, 0.0, 0.0, 0.0, 103.11441124307976, 0.0, 0.0, 0.0, 0.0, 278.9134729448082, 0.0, 0.0, 0.0, 0.0, 0.0, 179.4811097222348, 0.0, 0.0, 77.11233089657797, 0.0, 0.0, 0.0, 0.0, 0.0, 0.0, 0.0, 0.0, 0.0, 0.0, 264.04675663795854, 0.0, 0.0, 0.0, 0.0, 612.5286578488658, 0.0, 0.0, 0.0, 0.0, 0.0, 0.0, 0.0, 0.0, 0.0, 0.0, 0.0, 0.0, 0.0, 0.0, 0.0, 0.0, 0.0, 612.5286578488658, 0.0, 5.005157111560646, 0.0, 0.0, 0.0, 0.0, 0.0, 0.0, 103.11441124307976, 0.0, 0.0, 0.0, 0.0, 0.0, 0.0, 0.0, 278.9134729448082, 0.0, 0.0, 0.0, 0.0, 0.0, 0.0, 0.0]
INFORMACIÓN : 22apuestaBundle [5.005157111560646, 84.9586482395239, 49.52243179945954, 122.06953647221769]
INFORMACIÓN : 22positionsBundle [576, 1258, 1563, 60]
INFORMACIÓN : 22levelsBundle [1, 1, 2, 1]
INFORMACIÓN : 22positionsOrdered [576, 1258, 1563, 60]
INFORMACIÓN : 22levelsOrdered [1, 1, 2, 1]
INFORMACIÓN : 22partialityOrdered [1, 1, 2, 2]
INFORMACIÓN : 22arrivalTimes [21.95449840010015, 44.75800690208291, 52.568256577989565, 52.568256577989565]
INFORMACIÓN : 23historia0[0.0, 0.0, 0.0, 0.0, 0.0, 0.0, 226.13775844081636, 791.5029834603502, 0.0, 0.0, 0.0, 0.0, 0.0, 791.5029834603502, 0.0, 0.0, 0.0, 761.5852453982657, 588.9824089772637, 679.6324620435978, 0.0, 679.6324620435978, 0.0, 0.0, 0.0, 670.413684890993, 0.0, 0.0, 0.0, 0.0, 0.0, 0.0, 0.0, 0.0, 0.0, 0.0, 0.0, 0.0, 0.0, 0.0, 77.11233089657797, 612.5286578488658, 0.0, 0.0, 679.6324620435978, 264.04675663795854, 364.071702775777, 0.0, 0.0, 0.0, 0.0, 0.0, 0.0, 0.0, 0.0, 0.0, 199.16563538672386, 0.0, 0.0, 0.0, 84.9586482395239, 0.0, 0.0, 0.0, 0.0, 0.0, 199.16563538672386, 0.0, 199.16563538672386, 0.0, 0.0, 0.0, 0.0, 0.0, 0.0, 0.0, 0.0, 654.1203059096307, 0.0, 0.0, 0.0, 0.0, 0.0, 103.11441124307976, 0.0, 0.0, 0.0, 0.0, 278.9134729448082, 0.0, 0.0, 0.0, 0.0, 49.52243179945954, 179.4811097222348, 0.0, 0.0, 77.11233089657797, 0.0, 0.0, 122.06953647221769, 0.0, 0.0, 0.0, 0.0, 0.0, 0.0, 0.0, 264.04675663795854, 0.0, 0.0, 0.0, 0.0, 612.5286578488658, 0.0, 0.0, 0.0, 0.0, 0.0, 0.0, 0.0, 0.0, 0.0, 0.0, 0.0, 0.0, 0.0, 0.0, 0.0, 0.0, 0.0, 612.5286578488658, 0.0, 5.005157111560646, 0.0, 0.0, 0.0, 0.0, 0.0, 0.0, 103.11441124307976, 0.0, 0.0, 0.0, 0.0, 0.0, 0.0, 0.0, 278.9134729448082, 0.0, 0.0, 0.0, 0.0, 0.0, 0.0, 0.0]
INFORMACIÓN : 23apuestaBundle [5.005157111560646, 84.9586482395239, 49.52243179945954, 122.06953647221769]
INFORMACIÓN : 23positionsBundle [576, 1258, 1563, 60]
INFORMACIÓN : 23levelsBundle [1, 1, 2, 1]
INFORMACIÓN : 23positionsOrdered [576, 1258, 1563, 60]
INFORMACIÓN : 23levelsOrdered [1, 1, 2, 1]
INFORMACIÓN : 23partialityOrdered [1, 1, 2, 2]
INFORMACIÓN : 23arrivalTimes [21.95449840010015, 44.75800690208291, 52.568256577989565, 52.568256577989565]
INFORMACIÓN : 24historia0[0.0, 0.0, 0.0, 0.0, 0.0, 0.0, 226.13775844081636, 791.5029834603502, 0.0, 0.0, 0.0, 0.0, 0.0, 791.5029834603502, 0.0, 0.0, 0.0, 761.5852453982657, 588.9824089772637, 679.6324620435978, 0.0, 679.6324620435978, 0.0, 0.0, 0.0, 670.413684890993, 0.0, 0.0, 0.0, 0.0, 0.0, 0.0, 0.0, 0.0, 0.0, 0.0, 0.0, 0.0, 0.0, 0.0, 77.11233089657797, 612.5286578488658, 0.0, 0.0, 679.6324620435978, 264.04675663795854, 364.071702775777, 0.0, 0.0, 0.0, 0.0, 0.0, 0.0, 0.0, 0.0, 0.0, 199.16563538672386, 0.0, 0.0, 0.0, 84.9586482395239, 0.0, 0.0, 0.0, 0.0, 0.0, 199.16563538672386, 0.0, 199.16563538672386, 0.0, 0.0, 0.0, 0.0, 0.0, 0.0, 0.0, 0.0, 654.1203059096307, 0.0, 0.0, 0.0, 0.0, 0.0, 103.11441124307976, 0.0, 0.0, 0.0, 0.0, 278.9134729448082, 0.0, 0.0, 0.0, 0.0, 49.52243179945954, 179.4811097222348, 0.0, 0.0, 77.11233089657797, 0.0, 0.0, 122.06953647221769, 0.0, 0.0, 0.0, 0.0, 0.0, 0.0, 0.0, 264.04675663795854, 0.0, 0.0, 0.0, 0.0, 612.5286578488658, 0.0, 0.0, 0.0, 0.0, 0.0, 0.0, 0.0, 0.0, 0.0, 0.0, 0.0, 0.0, 0.0, 0.0, 0.0, 0.0, 0.0, 612.5286578488658, 0.0, 5.005157111560646, 0.0, 0.0, 0.0, 0.0, 0.0, 0.0, 103.11441124307976, 0.0, 0.0, 0.0, 0.0, 0.0, 0.0, 0.0, 278.9134729448082, 0.0, 0.0, 0.0, 0.0, 0.0, 0.0, 0.0]
INFORMACIÓN : 24apuestaBundle [5.005157111560646, 84.9586482395239, 49.52243179945954, 122.06953647221769]
INFORMACIÓN : 24positionsBundle [576, 1258, 1563, 60]
INFORMACIÓN : 24levelsBundle [1, 1, 2, 1]
INFORMACIÓN : 24positionsOrdered [576, 1258, 1563, 60]
INFORMACIÓN : 24levelsOrdered [1, 1, 2, 1]
INFORMACIÓN : 24partialityOrdered [1, 1, 2, 2]
INFORMACIÓN : 24arrivalTimes [21.95449840010015, 44.75800690208291, 52.568256577989565, 52.568256577989565]
INFORMACIÓN : 25historia0[0.0, 0.0, 0.0, 0.0, 0.0, 0.0, 226.13775844081636, 791.5029834603502, 0.0, 0.0, 0.0, 0.0, 0.0, 791.5029834603502, 0.0, 0.0, 0.0, 761.5852453982657, 588.9824089772637, 679.6324620435978, 0.0, 679.6324620435978, 0.0, 0.0, 0.0, 670.413684890993, 0.0, 0.0, 0.0, 0.0, 0.0, 0.0, 0.0, 0.0, 0.0, 0.0, 0.0, 0.0, 0.0, 0.0, 77.11233089657797, 612.5286578488658, 0.0, 0.0, 679.6324620435978, 264.04675663795854, 364.071702775777, 0.0, 0.0, 0.0, 0.0, 0.0, 0.0, 0.0, 0.0, 0.0, 199.16563538672386, 0.0, 0.0, 0.0, 84.9586482395239, 0.0, 0.0, 0.0, 0.0, 0.0, 199.16563538672386, 0.0, 199.16563538672386, 0.0, 0.0, 0.0, 0.0, 0.0, 0.0, 0.0, 0.0, 654.1203059096307, 0.0, 0.0, 0.0, 0.0, 0.0, 103.11441124307976, 0.0, 0.0, 0.0, 0.0, 278.9134729448082, 0.0, 0.0, 0.0, 0.0, 49.52243179945954, 179.4811097222348, 0.0, 0.0, 77.11233089657797, 0.0, 0.0, 122.06953647221769, 0.0, 0.0, 0.0, 0.0, 0.0, 0.0, 0.0, 264.04675663795854, 0.0, 0.0, 0.0, 0.0, 612.5286578488658, 0.0, 0.0, 0.0, 0.0, 0.0, 0.0, 0.0, 0.0, 0.0, 0.0, 0.0, 0.0, 0.0, 0.0, 0.0, 0.0, 0.0, 612.5286578488658, 0.0, 5.005157111560646, 0.0, 0.0, 0.0, 0.0, 0.0, 0.0, 103.11441124307976, 0.0, 0.0, 0.0, 0.0, 0.0, 0.0, 0.0, 278.9134729448082, 0.0, 0.0, 0.0, 0.0, 0.0, 0.0, 0.0]
