----------------------------------------------------------------------
-- Log session for [myBugCoalitionsCCBBAGuaiDEF-6] started on 2017.07.15.01.42.36 --
----------------------------------------------------------------------

INFORMACIÓN : I started
INFORMACIÓN : 0apuestaBundle [654.1203059096307, 588.9824089772637, 394.7196504717955, 301.11533706946057]
INFORMACIÓN : 0positionsBundle [2112, 2259, 2079, 2395]
INFORMACIÓN : 0levelsBundle [3, 3, 3, 1]
INFORMACIÓN : 0positionsOrdered [2112, 2259, 2079, 2395]
INFORMACIÓN : 0levelsOrdered [3, 3, 3, 1]
INFORMACIÓN : 0partialityOrdered [3, 3, 3, 3]
INFORMACIÓN : 0arrivalTimes [8.94427190999916, 13.186912597118443, 33.58299065148958, 50.670998142124645]
INFORMACIÓN : coalSat position 2112 level 3
INFORMACIÓN : timeSat position 2112 level 3
INFORMACIÓN : mutexSat position 2259 level 3
INFORMACIÓN : I [MW]; lost Test.myBail@5ca65b24; POS 2112; sensors [AB, IR]; level 3 I paid 654.1203059096307in favour ofnull paid 654.1203059096307
INFORMACIÓN : 1historia0[0.0, 0.0, 807.0461153482556, 259.67898060135775, 0.0, 0.0, 807.0461153482556, 0.0, 0.0, 0.0, 0.0, 0.0, 0.0, 771.2589607827374, 0.0, 0.0, 0.0, 339.79985213388227, 0.0, 664.0893301556919, 0.0, 0.0, 0.0, 0.0, 0.0, 0.0, 0.0, 0.0, 0.0, 0.0, 0.0, 0.0, 0.0, 0.0, 0.0, 0.0, 0.0, 0.0, 0.0, 0.0, 0.0, 270.0621390483183, 0.0, 0.0, 664.0893301556919, 0.0, 0.0, 0.0, 0.0, 0.0, 0.0, 0.0, 0.0, 0.0, 0.0, 0.0, 199.16563538672386, 0.0, 0.0, 0.0, 0.0, 0.0, 0.0, 0.0, 0.0, 0.0, 199.16563538672386, 0.0, 199.16563538672386, 0.0, 0.0, 0.0, 0.0, 0.0, 0.0, 0.0, 0.0, 0.0, 0.0, 0.0, 0.0, 0.0, 0.0, 0.0, 0.0, 0.0, 0.0, 0.0, 0.0, 0.0, 0.0, 0.0, 0.0, 0.0, 0.0, 0.0, 0.0, 0.0, 0.0, 0.0, 90.10918456284065, 0.0, 0.0, 0.0, 0.0, 0.0, 0.0, 0.0, 0.0, 0.0, 0.0, 0.0, 0.0, 0.0, 0.0, 0.0, 0.0, 0.0, 0.0, 0.0, 0.0, 0.0, 0.0, 0.0, 0.0, 0.0, 0.0, 0.0, 0.0, 0.0, 0.0, 270.0621390483183, 0.0, 0.0, 0.0, 0.0, 0.0, 0.0, 0.0, 0.0, 0.0, 0.0, 0.0, 0.0, 0.0, 0.0, 0.0, 0.0, 76.90896951630577, 0.0, 0.0, 0.0, 0.0, 0.0, 0.0, 0.0]
INFORMACIÓN : 1apuestaBundle [654.1203059096307, 394.7196504717955, 94.57343663971199, 83.40210475618437]
INFORMACIÓN : 1positionsBundle [2112, 2079, 2418, 1563]
INFORMACIÓN : 1levelsBundle [3, 3, 1, 2]
INFORMACIÓN : 1positionsOrdered [2418, 2112, 2079, 1563]
INFORMACIÓN : 1levelsOrdered [1, 3, 3, 2]
INFORMACIÓN : 1partialityOrdered [1, 3, 3, 2]
INFORMACIÓN : 1arrivalTimes [10.198039027185569, 86.3037450391078, 103.3331314050342, 122.2010936691474]
INFORMACIÓN : coalSat position 2112 level 3
INFORMACIÓN : I [MW]; lost Test.myBail@5ca65b24; POS 2112; sensors [AB, IR]; level 3 I paid 654.1203059096307in favour ofnull paid 654.1203059096307
INFORMACIÓN : 2historia0[0.0, 0.0, 807.0461153482556, 259.67898060135775, 0.0, 0.0, 807.0461153482556, 791.5029834603502, 0.0, 0.0, 0.0, 0.0, 0.0, 231.093960519157, 0.0, 0.0, 0.0, 0.0, 0.0, 679.6324620435978, 0.0, 679.6324620435978, 0.0, 0.0, 0.0, 231.093960519157, 0.0, 0.0, 0.0, 0.0, 0.0, 0.0, 0.0, 0.0, 0.0, 0.0, 0.0, 0.0, 0.0, 0.0, 0.0, 378.76803066304325, 0.0, 0.0, 679.6324620435978, 0.0, 0.0, 0.0, 0.0, 0.0, 0.0, 0.0, 0.0, 0.0, 0.0, 0.0, 199.16563538672386, 0.0, 0.0, 0.0, 0.0, 0.0, 0.0, 0.0, 0.0, 0.0, 199.16563538672386, 0.0, 199.16563538672386, 0.0, 0.0, 0.0, 0.0, 0.0, 0.0, 76.21966100300733, 0.0, 0.0, 0.0, 0.0, 0.0, 0.0, 0.0, 0.0, 0.0, 0.0, 0.0, 0.0, 194.19355469672803, 0.0, 0.0, 0.0, 0.0, 0.0, 0.0, 0.0, 0.0, 0.0, 0.0, 0.0, 90.10918456284065, 0.0, 0.0, 0.0, 0.0, 0.0, 0.0, 0.0, 0.0, 0.0, 0.0, 0.0, 0.0, 0.0, 0.0, 0.0, 0.0, 0.0, 0.0, 0.0, 0.0, 0.0, 0.0, 0.0, 0.0, 0.0, 0.0, 0.0, 0.0, 0.0, 0.0, 378.76803066304325, 0.0, 0.0, 0.0, 0.0, 0.0, 0.0, 0.0, 0.0, 0.0, 0.0, 0.0, 0.0, 0.0, 0.0, 0.0, 0.0, 194.19355469672803, 0.0, 0.0, 0.0, 0.0, 0.0, 0.0, 0.0]
INFORMACIÓN : 2apuestaBundle [654.1203059096307, 394.7196504717955, 83.40210475618437, 80.36962201386541]
INFORMACIÓN : 2positionsBundle [2112, 2079, 1563, 2395]
INFORMACIÓN : 2levelsBundle [3, 3, 2, 3]
INFORMACIÓN : 2positionsOrdered [1563, 2112, 2079, 2395]
INFORMACIÓN : 2levelsOrdered [2, 3, 3, 3]
INFORMACIÓN : 2partialityOrdered [2, 3, 3, 3]
INFORMACIÓN : 2arrivalTimes [9.899494936611665, 84.3037450391078, 101.3331314050342, 118.42113889566926]
INFORMACIÓN : coalSat position 2079 level 3
INFORMACIÓN : coalSat position 2395 level 3
INFORMACIÓN : I [MW]; lost Test.myBail@7f54c91c; POS 2079; sensors [AB, IR]; level 3 I paid 394.7196504717955in favour ofnull paid 394.7196504717955
INFORMACIÓN : 3historia0[0.0, 0.0, 226.13775844081636, 259.67898060135775, 0.0, 0.0, 226.13775844081636, 791.5029834603502, 0.0, 0.0, 0.0, 0.0, 0.0, 791.5029834603502, 0.0, 0.0, 0.0, 0.0, 0.0, 679.6324620435978, 0.0, 679.6324620435978, 0.0, 0.0, 0.0, 231.093960519157, 0.0, 0.0, 0.0, 0.0, 0.0, 0.0, 0.0, 0.0, 0.0, 0.0, 73.87106131889965, 0.0, 0.0, 0.0, 77.11233089657797, 612.5286578488658, 0.0, 0.0, 679.6324620435978, 0.0, 0.0, 0.0, 0.0, 0.0, 0.0, 0.0, 0.0, 0.0, 0.0, 0.0, 199.16563538672386, 0.0, 0.0, 0.0, 0.0, 0.0, 0.0, 0.0, 0.0, 0.0, 199.16563538672386, 0.0, 199.16563538672386, 0.0, 0.0, 0.0, 0.0, 0.0, 0.0, 0.0, 0.0, 654.1203059096307, 0.0, 0.0, 0.0, 0.0, 0.0, 0.0, 0.0, 0.0, 0.0, 0.0, 194.19355469672803, 0.0, 0.0, 64.01727125997536, 0.0, 0.0, 0.0, 0.0, 0.0, 0.0, 0.0, 0.0, 90.10918456284065, 0.0, 0.0, 0.0, 0.0, 0.0, 0.0, 0.0, 0.0, 0.0, 0.0, 0.0, 0.0, 612.5286578488658, 0.0, 0.0, 0.0, 0.0, 0.0, 0.0, 0.0, 0.0, 0.0, 0.0, 0.0, 0.0, 0.0, 0.0, 0.0, 0.0, 0.0, 612.5286578488658, 64.01727125997536, 0.0, 0.0, 0.0, 0.0, 0.0, 0.0, 0.0, 0.0, 0.0, 0.0, 0.0, 0.0, 0.0, 0.0, 0.0, 194.19355469672803, 0.0, 0.0, 0.0, 0.0, 0.0, 0.0, 0.0]
INFORMACIÓN : 3apuestaBundle [654.1203059096307, 588.9824089772637, 364.071702775777, 179.4811097222348]
INFORMACIÓN : 3positionsBundle [2112, 2259, 2079, 1047]
INFORMACIÓN : 3levelsBundle [3, 3, 3, 1]
INFORMACIÓN : 3positionsOrdered [2079, 2112, 2259, 1047]
INFORMACIÓN : 3levelsOrdered [3, 3, 3, 1]
INFORMACIÓN : 3partialityOrdered [3, 3, 3, 1]
INFORMACIÓN : 3arrivalTimes [43.0764006487575, 84.3037450391078, 88.54638572622709, 88.54638572622709]
INFORMACIÓN : coalSat position 2259 level 3
INFORMACIÓN : I [MW]; lost Test.myBail@2b136aa; POS 2259; sensors [AB, IR]; level 3 I paid 588.9824089772637in favour ofnull paid 588.9824089772637
INFORMACIÓN : 4historia0[0.0, 0.0, 226.13775844081636, 259.67898060135775, 0.0, 0.0, 226.13775844081636, 791.5029834603502, 0.0, 0.0, 0.0, 0.0, 0.0, 791.5029834603502, 0.0, 0.0, 0.0, 761.5852453982657, 0.0, 679.6324620435978, 0.0, 679.6324620435978, 0.0, 0.0, 0.0, 670.413684890993, 0.0, 0.0, 0.0, 0.0, 0.0, 0.0, 0.0, 0.0, 0.0, 0.0, 73.87106131889965, 0.0, 0.0, 0.0, 77.11233089657797, 612.5286578488658, 0.0, 0.0, 679.6324620435978, 264.04675663795854, 0.0, 0.0, 0.0, 0.0, 0.0, 0.0, 0.0, 0.0, 0.0, 0.0, 199.16563538672386, 0.0, 0.0, 0.0, 0.0, 0.0, 0.0, 0.0, 0.0, 0.0, 199.16563538672386, 0.0, 199.16563538672386, 0.0, 0.0, 0.0, 0.0, 0.0, 0.0, 0.0, 0.0, 654.1203059096307, 0.0, 0.0, 0.0, 0.0, 0.0, 0.0, 0.0, 0.0, 0.0, 0.0, 278.9134729448082, 0.0, 0.0, 0.0, 0.0, 0.0, 0.0, 0.0, 0.0, 0.0, 0.0, 0.0, 70.0659554604045, 0.0, 0.0, 0.0, 0.0, 0.0, 0.0, 0.0, 264.04675663795854, 0.0, 0.0, 0.0, 0.0, 612.5286578488658, 0.0, 0.0, 0.0, 0.0, 0.0, 0.0, 0.0, 0.0, 0.0, 0.0, 0.0, 0.0, 0.0, 0.0, 0.0, 0.0, 0.0, 612.5286578488658, 0.0, 0.0, 0.0, 0.0, 0.0, 0.0, 0.0, 0.0, 0.0, 0.0, 0.0, 0.0, 0.0, 0.0, 0.0, 0.0, 278.9134729448082, 0.0, 0.0, 0.0, 0.0, 0.0, 0.0, 0.0]
INFORMACIÓN : 4apuestaBundle [654.1203059096307, 588.9824089772637, 364.071702775777, 179.4811097222348]
INFORMACIÓN : 4positionsBundle [2112, 2259, 2079, 1047]
INFORMACIÓN : 4levelsBundle [3, 3, 3, 1]
INFORMACIÓN : 4positionsOrdered [2079, 2112, 2259, 1047]
INFORMACIÓN : 4levelsOrdered [3, 3, 3, 1]
INFORMACIÓN : 4partialityOrdered [3, 3, 3, 1]
INFORMACIÓN : 4arrivalTimes [43.0764006487575, 84.3037450391078, 88.54638572622709, 88.54638572622709]
INFORMACIÓN : 5historia0[0.0, 0.0, 0.0, 0.0, 0.0, 0.0, 226.13775844081636, 791.5029834603502, 0.0, 0.0, 0.0, 0.0, 0.0, 791.5029834603502, 0.0, 0.0, 0.0, 761.5852453982657, 588.9824089772637, 679.6324620435978, 0.0, 679.6324620435978, 0.0, 0.0, 0.0, 670.413684890993, 0.0, 0.0, 0.0, 0.0, 0.0, 0.0, 0.0, 0.0, 226.13775844081636, 0.0, 0.0, 59.32173447422332, 0.0, 0.0, 0.0, 612.5286578488658, 0.0, 0.0, 679.6324620435978, 264.04675663795854, 364.071702775777, 0.0, 0.0, 0.0, 0.0, 0.0, 0.0, 0.0, 0.0, 0.0, 199.16563538672386, 0.0, 0.0, 0.0, 0.0, 0.0, 0.0, 0.0, 0.0, 0.0, 199.16563538672386, 0.0, 199.16563538672386, 0.0, 0.0, 0.0, 0.0, 0.0, 0.0, 0.0, 0.0, 654.1203059096307, 0.0, 0.0, 0.0, 0.0, 0.0, 0.0, 0.0, 0.0, 0.0, 0.0, 278.9134729448082, 0.0, 0.0, 0.0, 0.0, 0.0, 179.4811097222348, 0.0, 0.0, 0.0, 0.0, 0.0, 0.0, 0.0, 0.0, 0.0, 0.0, 0.0, 0.0, 0.0, 264.04675663795854, 0.0, 0.0, 0.0, 0.0, 612.5286578488658, 0.0, 0.0, 0.0, 0.0, 0.0, 0.0, 0.0, 0.0, 0.0, 0.0, 0.0, 0.0, 0.0, 0.0, 0.0, 0.0, 0.0, 612.5286578488658, 0.0, 5.005157111560646, 0.0, 0.0, 0.0, 0.0, 0.0, 0.0, 0.0, 0.0, 0.0, 0.0, 0.0, 0.0, 0.0, 0.0, 278.9134729448082, 0.0, 0.0, 0.0, 0.0, 0.0, 0.0, 0.0]
INFORMACIÓN : 5apuestaBundle [654.1203059096307, 588.9824089772637, 364.071702775777, 179.4811097222348]
INFORMACIÓN : 5positionsBundle [2112, 2259, 2079, 1047]
INFORMACIÓN : 5levelsBundle [3, 3, 3, 1]
INFORMACIÓN : 5positionsOrdered [2079, 2112, 2259, 1047]
INFORMACIÓN : 5levelsOrdered [3, 3, 3, 1]
INFORMACIÓN : 5partialityOrdered [3, 3, 3, 1]
INFORMACIÓN : 5arrivalTimes [43.0764006487575, 84.3037450391078, 88.54638572622709, 88.54638572622709]
INFORMACIÓN : coalSat position 2079 level 3
INFORMACIÓN : I [MW]; lost Test.myBail@7f54c91c; POS 2079; sensors [AB, IR]; level 3 I paid 364.071702775777in favour ofnull paid 364.071702775777
INFORMACIÓN : 6historia0[0.0, 0.0, 0.0, 0.0, 0.0, 0.0, 226.13775844081636, 791.5029834603502, 0.0, 0.0, 0.0, 0.0, 0.0, 791.5029834603502, 0.0, 0.0, 0.0, 761.5852453982657, 588.9824089772637, 679.6324620435978, 0.0, 679.6324620435978, 0.0, 0.0, 0.0, 670.413684890993, 0.0, 0.0, 0.0, 0.0, 0.0, 0.0, 0.0, 0.0, 0.0, 0.0, 0.0, 0.0, 0.0, 0.0, 77.11233089657797, 612.5286578488658, 0.0, 0.0, 679.6324620435978, 264.04675663795854, 0.0, 0.0, 0.0, 0.0, 0.0, 0.0, 372.4837859184882, 0.0, 0.0, 0.0, 199.16563538672386, 0.0, 0.0, 0.0, 84.9586482395239, 0.0, 0.0, 0.0, 0.0, 0.0, 199.16563538672386, 0.0, 199.16563538672386, 0.0, 0.0, 0.0, 0.0, 0.0, 0.0, 0.0, 0.0, 654.1203059096307, 0.0, 0.0, 0.0, 0.0, 0.0, 103.11441124307976, 0.0, 0.0, 0.0, 0.0, 278.9134729448082, 0.0, 0.0, 0.0, 0.0, 0.0, 0.0, 0.0, 0.0, 77.11233089657797, 0.0, 0.0, 0.0, 0.0, 0.0, 0.0, 0.0, 0.0, 0.0, 0.0, 264.04675663795854, 0.0, 0.0, 0.0, 0.0, 612.5286578488658, 0.0, 0.0, 0.0, 0.0, 0.0, 0.0, 0.0, 0.0, 0.0, 0.0, 0.0, 0.0, 0.0, 0.0, 0.0, 0.0, 0.0, 612.5286578488658, 0.0, 5.005157111560646, 0.0, 0.0, 0.0, 0.0, 0.0, 0.0, 103.11441124307976, 0.0, 0.0, 0.0, 0.0, 0.0, 0.0, 0.0, 278.9134729448082, 0.0, 0.0, 0.0, 0.0, 0.0, 0.0, 0.0]
INFORMACIÓN : 6apuestaBundle [654.1203059096307, 588.9824089772637, 364.071702775777, 179.4811097222348]
INFORMACIÓN : 6positionsBundle [2112, 2259, 2079, 1047]
INFORMACIÓN : 6levelsBundle [3, 3, 3, 1]
INFORMACIÓN : 6positionsOrdered [2079, 2112, 2259, 1047]
INFORMACIÓN : 6levelsOrdered [3, 3, 3, 1]
INFORMACIÓN : 6partialityOrdered [3, 3, 3, 1]
INFORMACIÓN : 6arrivalTimes [43.0764006487575, 84.3037450391078, 88.54638572622709, 88.54638572622709]
INFORMACIÓN : 7historia0[0.0, 0.0, 0.0, 0.0, 0.0, 0.0, 226.13775844081636, 791.5029834603502, 0.0, 0.0, 0.0, 0.0, 0.0, 791.5029834603502, 0.0, 0.0, 0.0, 761.5852453982657, 588.9824089772637, 679.6324620435978, 0.0, 679.6324620435978, 0.0, 0.0, 0.0, 670.413684890993, 0.0, 0.0, 0.0, 0.0, 0.0, 0.0, 0.0, 0.0, 0.0, 0.0, 0.0, 0.0, 0.0, 0.0, 77.11233089657797, 612.5286578488658, 0.0, 0.0, 679.6324620435978, 264.04675663795854, 364.071702775777, 0.0, 0.0, 0.0, 0.0, 0.0, 0.0, 0.0, 0.0, 0.0, 199.16563538672386, 0.0, 0.0, 0.0, 84.9586482395239, 0.0, 0.0, 0.0, 0.0, 0.0, 199.16563538672386, 0.0, 199.16563538672386, 0.0, 0.0, 0.0, 0.0, 0.0, 0.0, 0.0, 0.0, 654.1203059096307, 0.0, 0.0, 0.0, 0.0, 0.0, 103.11441124307976, 0.0, 0.0, 0.0, 0.0, 278.9134729448082, 0.0, 0.0, 0.0, 0.0, 49.52243179945954, 179.4811097222348, 0.0, 0.0, 77.11233089657797, 0.0, 0.0, 122.06953647221769, 0.0, 0.0, 0.0, 0.0, 0.0, 0.0, 0.0, 264.04675663795854, 0.0, 0.0, 0.0, 0.0, 612.5286578488658, 0.0, 0.0, 0.0, 0.0, 0.0, 0.0, 0.0, 0.0, 0.0, 0.0, 0.0, 0.0, 0.0, 0.0, 0.0, 0.0, 0.0, 612.5286578488658, 0.0, 5.005157111560646, 0.0, 0.0, 0.0, 0.0, 0.0, 0.0, 103.11441124307976, 0.0, 0.0, 0.0, 0.0, 0.0, 0.0, 0.0, 278.9134729448082, 0.0, 0.0, 0.0, 0.0, 0.0, 0.0, 0.0]
INFORMACIÓN : 7apuestaBundle [654.1203059096307, 588.9824089772637, 364.071702775777, 179.4811097222348]
INFORMACIÓN : 7positionsBundle [2112, 2259, 2079, 1047]
INFORMACIÓN : 7levelsBundle [3, 3, 3, 1]
INFORMACIÓN : 7positionsOrdered [2079, 2112, 2259, 1047]
INFORMACIÓN : 7levelsOrdered [3, 3, 3, 1]
INFORMACIÓN : 7partialityOrdered [3, 3, 3, 1]
INFORMACIÓN : 7arrivalTimes [43.0764006487575, 84.3037450391078, 88.54638572622709, 88.54638572622709]
INFORMACIÓN : 8historia0[0.0, 0.0, 0.0, 0.0, 0.0, 0.0, 226.13775844081636, 791.5029834603502, 0.0, 0.0, 0.0, 0.0, 0.0, 791.5029834603502, 0.0, 0.0, 0.0, 761.5852453982657, 588.9824089772637, 679.6324620435978, 0.0, 679.6324620435978, 0.0, 0.0, 0.0, 670.413684890993, 0.0, 0.0, 0.0, 0.0, 0.0, 0.0, 0.0, 0.0, 0.0, 0.0, 0.0, 0.0, 0.0, 0.0, 77.11233089657797, 612.5286578488658, 0.0, 0.0, 679.6324620435978, 264.04675663795854, 364.071702775777, 0.0, 0.0, 0.0, 0.0, 0.0, 0.0, 0.0, 0.0, 0.0, 199.16563538672386, 0.0, 0.0, 0.0, 84.9586482395239, 0.0, 0.0, 0.0, 0.0, 0.0, 199.16563538672386, 0.0, 199.16563538672386, 0.0, 0.0, 0.0, 0.0, 0.0, 0.0, 0.0, 0.0, 654.1203059096307, 0.0, 0.0, 0.0, 0.0, 0.0, 103.11441124307976, 0.0, 0.0, 0.0, 0.0, 278.9134729448082, 0.0, 0.0, 0.0, 0.0, 49.52243179945954, 179.4811097222348, 0.0, 0.0, 77.11233089657797, 0.0, 0.0, 122.06953647221769, 0.0, 0.0, 0.0, 0.0, 0.0, 0.0, 0.0, 264.04675663795854, 0.0, 0.0, 0.0, 0.0, 612.5286578488658, 0.0, 0.0, 0.0, 0.0, 0.0, 0.0, 0.0, 0.0, 0.0, 0.0, 0.0, 0.0, 0.0, 0.0, 0.0, 0.0, 0.0, 612.5286578488658, 0.0, 5.005157111560646, 0.0, 0.0, 0.0, 0.0, 0.0, 0.0, 103.11441124307976, 0.0, 0.0, 0.0, 0.0, 0.0, 0.0, 0.0, 278.9134729448082, 0.0, 0.0, 0.0, 0.0, 0.0, 0.0, 0.0]
INFORMACIÓN : 8apuestaBundle [654.1203059096307, 588.9824089772637, 364.071702775777, 179.4811097222348]
INFORMACIÓN : 8positionsBundle [2112, 2259, 2079, 1047]
INFORMACIÓN : 8levelsBundle [3, 3, 3, 1]
INFORMACIÓN : 8positionsOrdered [2079, 2112, 2259, 1047]
INFORMACIÓN : 8levelsOrdered [3, 3, 3, 1]
INFORMACIÓN : 8partialityOrdered [3, 3, 3, 1]
INFORMACIÓN : 8arrivalTimes [43.0764006487575, 84.3037450391078, 88.54638572622709, 88.54638572622709]
INFORMACIÓN : 9historia1[0.0, 0.0, 0.0, 0.0, 0.0, 0.0, 226.13775844081636, 791.5029834603502, 0.0, 0.0, 0.0, 0.0, 0.0, 791.5029834603502, 0.0, 0.0, 0.0, 761.5852453982657, 588.9824089772637, 679.6324620435978, 0.0, 679.6324620435978, 0.0, 0.0, 0.0, 670.413684890993, 0.0, 0.0, 0.0, 0.0, 0.0, 0.0, 0.0, 0.0, 0.0, 0.0, 0.0, 0.0, 0.0, 0.0, 77.11233089657797, 612.5286578488658, 0.0, 0.0, 679.6324620435978, 264.04675663795854, 364.071702775777, 0.0, 0.0, 0.0, 0.0, 0.0, 0.0, 0.0, 0.0, 0.0, 199.16563538672386, 0.0, 0.0, 0.0, 84.9586482395239, 0.0, 0.0, 0.0, 0.0, 0.0, 199.16563538672386, 0.0, 199.16563538672386, 0.0, 0.0, 0.0, 0.0, 0.0, 0.0, 0.0, 0.0, 654.1203059096307, 0.0, 0.0, 0.0, 0.0, 0.0, 103.11441124307976, 0.0, 0.0, 0.0, 0.0, 278.9134729448082, 0.0, 0.0, 0.0, 0.0, 49.52243179945954, 179.4811097222348, 0.0, 0.0, 77.11233089657797, 0.0, 0.0, 122.06953647221769, 0.0, 0.0, 0.0, 0.0, 0.0, 0.0, 0.0, 264.04675663795854, 0.0, 0.0, 0.0, 0.0, 612.5286578488658, 0.0, 0.0, 0.0, 0.0, 0.0, 0.0, 0.0, 0.0, 0.0, 0.0, 0.0, 0.0, 0.0, 0.0, 0.0, 0.0, 0.0, 612.5286578488658, 0.0, 5.005157111560646, 0.0, 0.0, 0.0, 0.0, 0.0, 0.0, 103.11441124307976, 0.0, 0.0, 0.0, 0.0, 0.0, 0.0, 0.0, 278.9134729448082, 0.0, 0.0, 0.0, 0.0, 0.0, 0.0, 0.0]
INFORMACIÓN : 9apuestaBundle [654.1203059096307, 588.9824089772637, 364.071702775777, 179.4811097222348]
INFORMACIÓN : 9positionsBundle [2112, 2259, 2079, 1047]
INFORMACIÓN : 9levelsBundle [3, 3, 3, 1]
INFORMACIÓN : 9positionsOrdered [2079, 2112, 2259, 1047]
INFORMACIÓN : 9levelsOrdered [3, 3, 3, 1]
INFORMACIÓN : 9partialityOrdered [3, 3, 3, 1]
INFORMACIÓN : 9arrivalTimes [43.0764006487575, 84.3037450391078, 88.54638572622709, 88.54638572622709]
INFORMACIÓN : 10historia2[0.0, 0.0, 0.0, 0.0, 0.0, 0.0, 226.13775844081636, 791.5029834603502, 0.0, 0.0, 0.0, 0.0, 0.0, 791.5029834603502, 0.0, 0.0, 0.0, 761.5852453982657, 588.9824089772637, 679.6324620435978, 0.0, 679.6324620435978, 0.0, 0.0, 0.0, 670.413684890993, 0.0, 0.0, 0.0, 0.0, 0.0, 0.0, 0.0, 0.0, 0.0, 0.0, 0.0, 0.0, 0.0, 0.0, 77.11233089657797, 612.5286578488658, 0.0, 0.0, 679.6324620435978, 264.04675663795854, 364.071702775777, 0.0, 0.0, 0.0, 0.0, 0.0, 0.0, 0.0, 0.0, 0.0, 199.16563538672386, 0.0, 0.0, 0.0, 84.9586482395239, 0.0, 0.0, 0.0, 0.0, 0.0, 199.16563538672386, 0.0, 199.16563538672386, 0.0, 0.0, 0.0, 0.0, 0.0, 0.0, 0.0, 0.0, 654.1203059096307, 0.0, 0.0, 0.0, 0.0, 0.0, 103.11441124307976, 0.0, 0.0, 0.0, 0.0, 278.9134729448082, 0.0, 0.0, 0.0, 0.0, 49.52243179945954, 179.4811097222348, 0.0, 0.0, 77.11233089657797, 0.0, 0.0, 122.06953647221769, 0.0, 0.0, 0.0, 0.0, 0.0, 0.0, 0.0, 264.04675663795854, 0.0, 0.0, 0.0, 0.0, 612.5286578488658, 0.0, 0.0, 0.0, 0.0, 0.0, 0.0, 0.0, 0.0, 0.0, 0.0, 0.0, 0.0, 0.0, 0.0, 0.0, 0.0, 0.0, 612.5286578488658, 0.0, 5.005157111560646, 0.0, 0.0, 0.0, 0.0, 0.0, 0.0, 103.11441124307976, 0.0, 0.0, 0.0, 0.0, 0.0, 0.0, 0.0, 278.9134729448082, 0.0, 0.0, 0.0, 0.0, 0.0, 0.0, 0.0]
INFORMACIÓN : 10apuestaBundle [654.1203059096307, 588.9824089772637, 364.071702775777, 179.4811097222348]
INFORMACIÓN : 10positionsBundle [2112, 2259, 2079, 1047]
INFORMACIÓN : 10levelsBundle [3, 3, 3, 1]
INFORMACIÓN : 10positionsOrdered [2079, 2112, 2259, 1047]
INFORMACIÓN : 10levelsOrdered [3, 3, 3, 1]
INFORMACIÓN : 10partialityOrdered [3, 3, 3, 1]
INFORMACIÓN : 10arrivalTimes [43.0764006487575, 84.3037450391078, 88.54638572622709, 88.54638572622709]
INFORMACIÓN : 11historia3[0.0, 0.0, 0.0, 0.0, 0.0, 0.0, 226.13775844081636, 791.5029834603502, 0.0, 0.0, 0.0, 0.0, 0.0, 791.5029834603502, 0.0, 0.0, 0.0, 761.5852453982657, 588.9824089772637, 679.6324620435978, 0.0, 679.6324620435978, 0.0, 0.0, 0.0, 670.413684890993, 0.0, 0.0, 0.0, 0.0, 0.0, 0.0, 0.0, 0.0, 0.0, 0.0, 0.0, 0.0, 0.0, 0.0, 77.11233089657797, 612.5286578488658, 0.0, 0.0, 679.6324620435978, 264.04675663795854, 364.071702775777, 0.0, 0.0, 0.0, 0.0, 0.0, 0.0, 0.0, 0.0, 0.0, 199.16563538672386, 0.0, 0.0, 0.0, 84.9586482395239, 0.0, 0.0, 0.0, 0.0, 0.0, 199.16563538672386, 0.0, 199.16563538672386, 0.0, 0.0, 0.0, 0.0, 0.0, 0.0, 0.0, 0.0, 654.1203059096307, 0.0, 0.0, 0.0, 0.0, 0.0, 103.11441124307976, 0.0, 0.0, 0.0, 0.0, 278.9134729448082, 0.0, 0.0, 0.0, 0.0, 49.52243179945954, 179.4811097222348, 0.0, 0.0, 77.11233089657797, 0.0, 0.0, 122.06953647221769, 0.0, 0.0, 0.0, 0.0, 0.0, 0.0, 0.0, 264.04675663795854, 0.0, 0.0, 0.0, 0.0, 612.5286578488658, 0.0, 0.0, 0.0, 0.0, 0.0, 0.0, 0.0, 0.0, 0.0, 0.0, 0.0, 0.0, 0.0, 0.0, 0.0, 0.0, 0.0, 612.5286578488658, 0.0, 5.005157111560646, 0.0, 0.0, 0.0, 0.0, 0.0, 0.0, 103.11441124307976, 0.0, 0.0, 0.0, 0.0, 0.0, 0.0, 0.0, 278.9134729448082, 0.0, 0.0, 0.0, 0.0, 0.0, 0.0, 0.0]
INFORMACIÓN : 11apuestaBundle [654.1203059096307, 588.9824089772637, 364.071702775777, 179.4811097222348]
INFORMACIÓN : 11positionsBundle [2112, 2259, 2079, 1047]
INFORMACIÓN : 11levelsBundle [3, 3, 3, 1]
INFORMACIÓN : 11positionsOrdered [2079, 2112, 2259, 1047]
INFORMACIÓN : 11levelsOrdered [3, 3, 3, 1]
INFORMACIÓN : 11partialityOrdered [3, 3, 3, 1]
INFORMACIÓN : 11arrivalTimes [43.0764006487575, 84.3037450391078, 88.54638572622709, 88.54638572622709]
INFORMACIÓN : 12historia4[0.0, 0.0, 0.0, 0.0, 0.0, 0.0, 226.13775844081636, 791.5029834603502, 0.0, 0.0, 0.0, 0.0, 0.0, 791.5029834603502, 0.0, 0.0, 0.0, 761.5852453982657, 588.9824089772637, 679.6324620435978, 0.0, 679.6324620435978, 0.0, 0.0, 0.0, 670.413684890993, 0.0, 0.0, 0.0, 0.0, 0.0, 0.0, 0.0, 0.0, 0.0, 0.0, 0.0, 0.0, 0.0, 0.0, 77.11233089657797, 612.5286578488658, 0.0, 0.0, 679.6324620435978, 264.04675663795854, 364.071702775777, 0.0, 0.0, 0.0, 0.0, 0.0, 0.0, 0.0, 0.0, 0.0, 199.16563538672386, 0.0, 0.0, 0.0, 84.9586482395239, 0.0, 0.0, 0.0, 0.0, 0.0, 199.16563538672386, 0.0, 199.16563538672386, 0.0, 0.0, 0.0, 0.0, 0.0, 0.0, 0.0, 0.0, 654.1203059096307, 0.0, 0.0, 0.0, 0.0, 0.0, 103.11441124307976, 0.0, 0.0, 0.0, 0.0, 278.9134729448082, 0.0, 0.0, 0.0, 0.0, 49.52243179945954, 179.4811097222348, 0.0, 0.0, 77.11233089657797, 0.0, 0.0, 122.06953647221769, 0.0, 0.0, 0.0, 0.0, 0.0, 0.0, 0.0, 264.04675663795854, 0.0, 0.0, 0.0, 0.0, 612.5286578488658, 0.0, 0.0, 0.0, 0.0, 0.0, 0.0, 0.0, 0.0, 0.0, 0.0, 0.0, 0.0, 0.0, 0.0, 0.0, 0.0, 0.0, 612.5286578488658, 0.0, 5.005157111560646, 0.0, 0.0, 0.0, 0.0, 0.0, 0.0, 103.11441124307976, 0.0, 0.0, 0.0, 0.0, 0.0, 0.0, 0.0, 278.9134729448082, 0.0, 0.0, 0.0, 0.0, 0.0, 0.0, 0.0]
INFORMACIÓN : 12apuestaBundle [654.1203059096307, 588.9824089772637, 364.071702775777, 179.4811097222348]
INFORMACIÓN : 12positionsBundle [2112, 2259, 2079, 1047]
INFORMACIÓN : 12levelsBundle [3, 3, 3, 1]
INFORMACIÓN : 12positionsOrdered [2079, 2112, 2259, 1047]
INFORMACIÓN : 12levelsOrdered [3, 3, 3, 1]
INFORMACIÓN : 12partialityOrdered [3, 3, 3, 1]
INFORMACIÓN : 12arrivalTimes [43.0764006487575, 84.3037450391078, 88.54638572622709, 88.54638572622709]
INFORMACIÓN : 13historia5[0.0, 0.0, 0.0, 0.0, 0.0, 0.0, 226.13775844081636, 791.5029834603502, 0.0, 0.0, 0.0, 0.0, 0.0, 791.5029834603502, 0.0, 0.0, 0.0, 761.5852453982657, 588.9824089772637, 679.6324620435978, 0.0, 679.6324620435978, 0.0, 0.0, 0.0, 670.413684890993, 0.0, 0.0, 0.0, 0.0, 0.0, 0.0, 0.0, 0.0, 0.0, 0.0, 0.0, 0.0, 0.0, 0.0, 77.11233089657797, 612.5286578488658, 0.0, 0.0, 679.6324620435978, 264.04675663795854, 364.071702775777, 0.0, 0.0, 0.0, 0.0, 0.0, 0.0, 0.0, 0.0, 0.0, 199.16563538672386, 0.0, 0.0, 0.0, 84.9586482395239, 0.0, 0.0, 0.0, 0.0, 0.0, 199.16563538672386, 0.0, 199.16563538672386, 0.0, 0.0, 0.0, 0.0, 0.0, 0.0, 0.0, 0.0, 654.1203059096307, 0.0, 0.0, 0.0, 0.0, 0.0, 103.11441124307976, 0.0, 0.0, 0.0, 0.0, 278.9134729448082, 0.0, 0.0, 0.0, 0.0, 49.52243179945954, 179.4811097222348, 0.0, 0.0, 77.11233089657797, 0.0, 0.0, 122.06953647221769, 0.0, 0.0, 0.0, 0.0, 0.0, 0.0, 0.0, 264.04675663795854, 0.0, 0.0, 0.0, 0.0, 612.5286578488658, 0.0, 0.0, 0.0, 0.0, 0.0, 0.0, 0.0, 0.0, 0.0, 0.0, 0.0, 0.0, 0.0, 0.0, 0.0, 0.0, 0.0, 612.5286578488658, 0.0, 5.005157111560646, 0.0, 0.0, 0.0, 0.0, 0.0, 0.0, 103.11441124307976, 0.0, 0.0, 0.0, 0.0, 0.0, 0.0, 0.0, 278.9134729448082, 0.0, 0.0, 0.0, 0.0, 0.0, 0.0, 0.0]
INFORMACIÓN : 13apuestaBundle [654.1203059096307, 588.9824089772637, 364.071702775777, 179.4811097222348]
INFORMACIÓN : 13positionsBundle [2112, 2259, 2079, 1047]
INFORMACIÓN : 13levelsBundle [3, 3, 3, 1]
INFORMACIÓN : 13positionsOrdered [2079, 2112, 2259, 1047]
INFORMACIÓN : 13levelsOrdered [3, 3, 3, 1]
INFORMACIÓN : 13partialityOrdered [3, 3, 3, 1]
INFORMACIÓN : 13arrivalTimes [43.0764006487575, 84.3037450391078, 88.54638572622709, 88.54638572622709]
INFORMACIÓN : 14historia6[0.0, 0.0, 0.0, 0.0, 0.0, 0.0, 226.13775844081636, 791.5029834603502, 0.0, 0.0, 0.0, 0.0, 0.0, 791.5029834603502, 0.0, 0.0, 0.0, 761.5852453982657, 588.9824089772637, 679.6324620435978, 0.0, 679.6324620435978, 0.0, 0.0, 0.0, 670.413684890993, 0.0, 0.0, 0.0, 0.0, 0.0, 0.0, 0.0, 0.0, 0.0, 0.0, 0.0, 0.0, 0.0, 0.0, 77.11233089657797, 612.5286578488658, 0.0, 0.0, 679.6324620435978, 264.04675663795854, 364.071702775777, 0.0, 0.0, 0.0, 0.0, 0.0, 0.0, 0.0, 0.0, 0.0, 199.16563538672386, 0.0, 0.0, 0.0, 84.9586482395239, 0.0, 0.0, 0.0, 0.0, 0.0, 199.16563538672386, 0.0, 199.16563538672386, 0.0, 0.0, 0.0, 0.0, 0.0, 0.0, 0.0, 0.0, 654.1203059096307, 0.0, 0.0, 0.0, 0.0, 0.0, 103.11441124307976, 0.0, 0.0, 0.0, 0.0, 278.9134729448082, 0.0, 0.0, 0.0, 0.0, 49.52243179945954, 179.4811097222348, 0.0, 0.0, 77.11233089657797, 0.0, 0.0, 122.06953647221769, 0.0, 0.0, 0.0, 0.0, 0.0, 0.0, 0.0, 264.04675663795854, 0.0, 0.0, 0.0, 0.0, 612.5286578488658, 0.0, 0.0, 0.0, 0.0, 0.0, 0.0, 0.0, 0.0, 0.0, 0.0, 0.0, 0.0, 0.0, 0.0, 0.0, 0.0, 0.0, 612.5286578488658, 0.0, 5.005157111560646, 0.0, 0.0, 0.0, 0.0, 0.0, 0.0, 103.11441124307976, 0.0, 0.0, 0.0, 0.0, 0.0, 0.0, 0.0, 278.9134729448082, 0.0, 0.0, 0.0, 0.0, 0.0, 0.0, 0.0]
INFORMACIÓN : 14apuestaBundle [654.1203059096307, 588.9824089772637, 364.071702775777, 179.4811097222348]
INFORMACIÓN : 14positionsBundle [2112, 2259, 2079, 1047]
INFORMACIÓN : 14levelsBundle [3, 3, 3, 1]
INFORMACIÓN : 14positionsOrdered [2079, 2112, 2259, 1047]
INFORMACIÓN : 14levelsOrdered [3, 3, 3, 1]
INFORMACIÓN : 14partialityOrdered [3, 3, 3, 1]
INFORMACIÓN : 14arrivalTimes [43.0764006487575, 84.3037450391078, 88.54638572622709, 88.54638572622709]
INFORMACIÓN : 15historia7[0.0, 0.0, 0.0, 0.0, 0.0, 0.0, 226.13775844081636, 791.5029834603502, 0.0, 0.0, 0.0, 0.0, 0.0, 791.5029834603502, 0.0, 0.0, 0.0, 761.5852453982657, 588.9824089772637, 679.6324620435978, 0.0, 679.6324620435978, 0.0, 0.0, 0.0, 670.413684890993, 0.0, 0.0, 0.0, 0.0, 0.0, 0.0, 0.0, 0.0, 0.0, 0.0, 0.0, 0.0, 0.0, 0.0, 77.11233089657797, 612.5286578488658, 0.0, 0.0, 679.6324620435978, 264.04675663795854, 364.071702775777, 0.0, 0.0, 0.0, 0.0, 0.0, 0.0, 0.0, 0.0, 0.0, 199.16563538672386, 0.0, 0.0, 0.0, 84.9586482395239, 0.0, 0.0, 0.0, 0.0, 0.0, 199.16563538672386, 0.0, 199.16563538672386, 0.0, 0.0, 0.0, 0.0, 0.0, 0.0, 0.0, 0.0, 654.1203059096307, 0.0, 0.0, 0.0, 0.0, 0.0, 103.11441124307976, 0.0, 0.0, 0.0, 0.0, 278.9134729448082, 0.0, 0.0, 0.0, 0.0, 49.52243179945954, 179.4811097222348, 0.0, 0.0, 77.11233089657797, 0.0, 0.0, 122.06953647221769, 0.0, 0.0, 0.0, 0.0, 0.0, 0.0, 0.0, 264.04675663795854, 0.0, 0.0, 0.0, 0.0, 612.5286578488658, 0.0, 0.0, 0.0, 0.0, 0.0, 0.0, 0.0, 0.0, 0.0, 0.0, 0.0, 0.0, 0.0, 0.0, 0.0, 0.0, 0.0, 612.5286578488658, 0.0, 5.005157111560646, 0.0, 0.0, 0.0, 0.0, 0.0, 0.0, 103.11441124307976, 0.0, 0.0, 0.0, 0.0, 0.0, 0.0, 0.0, 278.9134729448082, 0.0, 0.0, 0.0, 0.0, 0.0, 0.0, 0.0]
INFORMACIÓN : 15apuestaBundle [654.1203059096307, 588.9824089772637, 364.071702775777, 179.4811097222348]
INFORMACIÓN : 15positionsBundle [2112, 2259, 2079, 1047]
INFORMACIÓN : 15levelsBundle [3, 3, 3, 1]
INFORMACIÓN : 15positionsOrdered [2079, 2112, 2259, 1047]
INFORMACIÓN : 15levelsOrdered [3, 3, 3, 1]
INFORMACIÓN : 15partialityOrdered [3, 3, 3, 1]
INFORMACIÓN : 15arrivalTimes [43.0764006487575, 84.3037450391078, 88.54638572622709, 88.54638572622709]
INFORMACIÓN : 16historia8[0.0, 0.0, 0.0, 0.0, 0.0, 0.0, 226.13775844081636, 791.5029834603502, 0.0, 0.0, 0.0, 0.0, 0.0, 791.5029834603502, 0.0, 0.0, 0.0, 761.5852453982657, 588.9824089772637, 679.6324620435978, 0.0, 679.6324620435978, 0.0, 0.0, 0.0, 670.413684890993, 0.0, 0.0, 0.0, 0.0, 0.0, 0.0, 0.0, 0.0, 0.0, 0.0, 0.0, 0.0, 0.0, 0.0, 77.11233089657797, 612.5286578488658, 0.0, 0.0, 679.6324620435978, 264.04675663795854, 364.071702775777, 0.0, 0.0, 0.0, 0.0, 0.0, 0.0, 0.0, 0.0, 0.0, 199.16563538672386, 0.0, 0.0, 0.0, 84.9586482395239, 0.0, 0.0, 0.0, 0.0, 0.0, 199.16563538672386, 0.0, 199.16563538672386, 0.0, 0.0, 0.0, 0.0, 0.0, 0.0, 0.0, 0.0, 654.1203059096307, 0.0, 0.0, 0.0, 0.0, 0.0, 103.11441124307976, 0.0, 0.0, 0.0, 0.0, 278.9134729448082, 0.0, 0.0, 0.0, 0.0, 49.52243179945954, 179.4811097222348, 0.0, 0.0, 77.11233089657797, 0.0, 0.0, 122.06953647221769, 0.0, 0.0, 0.0, 0.0, 0.0, 0.0, 0.0, 264.04675663795854, 0.0, 0.0, 0.0, 0.0, 612.5286578488658, 0.0, 0.0, 0.0, 0.0, 0.0, 0.0, 0.0, 0.0, 0.0, 0.0, 0.0, 0.0, 0.0, 0.0, 0.0, 0.0, 0.0, 612.5286578488658, 0.0, 5.005157111560646, 0.0, 0.0, 0.0, 0.0, 0.0, 0.0, 103.11441124307976, 0.0, 0.0, 0.0, 0.0, 0.0, 0.0, 0.0, 278.9134729448082, 0.0, 0.0, 0.0, 0.0, 0.0, 0.0, 0.0]
INFORMACIÓN : 16apuestaBundle [654.1203059096307, 588.9824089772637, 364.071702775777, 179.4811097222348]
INFORMACIÓN : 16positionsBundle [2112, 2259, 2079, 1047]
INFORMACIÓN : 16levelsBundle [3, 3, 3, 1]
INFORMACIÓN : 16positionsOrdered [2079, 2112, 2259, 1047]
INFORMACIÓN : 16levelsOrdered [3, 3, 3, 1]
INFORMACIÓN : 16partialityOrdered [3, 3, 3, 1]
INFORMACIÓN : 16arrivalTimes [43.0764006487575, 84.3037450391078, 88.54638572622709, 88.54638572622709]
INFORMACIÓN : 17historia9[0.0, 0.0, 0.0, 0.0, 0.0, 0.0, 226.13775844081636, 791.5029834603502, 0.0, 0.0, 0.0, 0.0, 0.0, 791.5029834603502, 0.0, 0.0, 0.0, 761.5852453982657, 588.9824089772637, 679.6324620435978, 0.0, 679.6324620435978, 0.0, 0.0, 0.0, 670.413684890993, 0.0, 0.0, 0.0, 0.0, 0.0, 0.0, 0.0, 0.0, 0.0, 0.0, 0.0, 0.0, 0.0, 0.0, 77.11233089657797, 612.5286578488658, 0.0, 0.0, 679.6324620435978, 264.04675663795854, 364.071702775777, 0.0, 0.0, 0.0, 0.0, 0.0, 0.0, 0.0, 0.0, 0.0, 199.16563538672386, 0.0, 0.0, 0.0, 84.9586482395239, 0.0, 0.0, 0.0, 0.0, 0.0, 199.16563538672386, 0.0, 199.16563538672386, 0.0, 0.0, 0.0, 0.0, 0.0, 0.0, 0.0, 0.0, 654.1203059096307, 0.0, 0.0, 0.0, 0.0, 0.0, 103.11441124307976, 0.0, 0.0, 0.0, 0.0, 278.9134729448082, 0.0, 0.0, 0.0, 0.0, 49.52243179945954, 179.4811097222348, 0.0, 0.0, 77.11233089657797, 0.0, 0.0, 122.06953647221769, 0.0, 0.0, 0.0, 0.0, 0.0, 0.0, 0.0, 264.04675663795854, 0.0, 0.0, 0.0, 0.0, 612.5286578488658, 0.0, 0.0, 0.0, 0.0, 0.0, 0.0, 0.0, 0.0, 0.0, 0.0, 0.0, 0.0, 0.0, 0.0, 0.0, 0.0, 0.0, 612.5286578488658, 0.0, 5.005157111560646, 0.0, 0.0, 0.0, 0.0, 0.0, 0.0, 103.11441124307976, 0.0, 0.0, 0.0, 0.0, 0.0, 0.0, 0.0, 278.9134729448082, 0.0, 0.0, 0.0, 0.0, 0.0, 0.0, 0.0]
INFORMACIÓN : 17apuestaBundle [654.1203059096307, 588.9824089772637, 364.071702775777, 179.4811097222348]
INFORMACIÓN : 17positionsBundle [2112, 2259, 2079, 1047]
INFORMACIÓN : 17levelsBundle [3, 3, 3, 1]
INFORMACIÓN : 17positionsOrdered [2079, 2112, 2259, 1047]
INFORMACIÓN : 17levelsOrdered [3, 3, 3, 1]
INFORMACIÓN : 17partialityOrdered [3, 3, 3, 1]
INFORMACIÓN : 17arrivalTimes [43.0764006487575, 84.3037450391078, 88.54638572622709, 88.54638572622709]
INFORMACIÓN : 18historia10[0.0, 0.0, 0.0, 0.0, 0.0, 0.0, 226.13775844081636, 791.5029834603502, 0.0, 0.0, 0.0, 0.0, 0.0, 791.5029834603502, 0.0, 0.0, 0.0, 761.5852453982657, 588.9824089772637, 679.6324620435978, 0.0, 679.6324620435978, 0.0, 0.0, 0.0, 670.413684890993, 0.0, 0.0, 0.0, 0.0, 0.0, 0.0, 0.0, 0.0, 0.0, 0.0, 0.0, 0.0, 0.0, 0.0, 77.11233089657797, 612.5286578488658, 0.0, 0.0, 679.6324620435978, 264.04675663795854, 364.071702775777, 0.0, 0.0, 0.0, 0.0, 0.0, 0.0, 0.0, 0.0, 0.0, 199.16563538672386, 0.0, 0.0, 0.0, 84.9586482395239, 0.0, 0.0, 0.0, 0.0, 0.0, 199.16563538672386, 0.0, 199.16563538672386, 0.0, 0.0, 0.0, 0.0, 0.0, 0.0, 0.0, 0.0, 654.1203059096307, 0.0, 0.0, 0.0, 0.0, 0.0, 103.11441124307976, 0.0, 0.0, 0.0, 0.0, 278.9134729448082, 0.0, 0.0, 0.0, 0.0, 49.52243179945954, 179.4811097222348, 0.0, 0.0, 77.11233089657797, 0.0, 0.0, 122.06953647221769, 0.0, 0.0, 0.0, 0.0, 0.0, 0.0, 0.0, 264.04675663795854, 0.0, 0.0, 0.0, 0.0, 612.5286578488658, 0.0, 0.0, 0.0, 0.0, 0.0, 0.0, 0.0, 0.0, 0.0, 0.0, 0.0, 0.0, 0.0, 0.0, 0.0, 0.0, 0.0, 612.5286578488658, 0.0, 5.005157111560646, 0.0, 0.0, 0.0, 0.0, 0.0, 0.0, 103.11441124307976, 0.0, 0.0, 0.0, 0.0, 0.0, 0.0, 0.0, 278.9134729448082, 0.0, 0.0, 0.0, 0.0, 0.0, 0.0, 0.0]
INFORMACIÓN : 18apuestaBundle [654.1203059096307, 588.9824089772637, 364.071702775777, 179.4811097222348]
INFORMACIÓN : 18positionsBundle [2112, 2259, 2079, 1047]
INFORMACIÓN : 18levelsBundle [3, 3, 3, 1]
INFORMACIÓN : 18positionsOrdered [2079, 2112, 2259, 1047]
INFORMACIÓN : 18levelsOrdered [3, 3, 3, 1]
INFORMACIÓN : 18partialityOrdered [3, 3, 3, 1]
INFORMACIÓN : 18arrivalTimes [43.0764006487575, 84.3037450391078, 88.54638572622709, 88.54638572622709]
INFORMACIÓN : 19historia11[0.0, 0.0, 0.0, 0.0, 0.0, 0.0, 226.13775844081636, 791.5029834603502, 0.0, 0.0, 0.0, 0.0, 0.0, 791.5029834603502, 0.0, 0.0, 0.0, 761.5852453982657, 588.9824089772637, 679.6324620435978, 0.0, 679.6324620435978, 0.0, 0.0, 0.0, 670.413684890993, 0.0, 0.0, 0.0, 0.0, 0.0, 0.0, 0.0, 0.0, 0.0, 0.0, 0.0, 0.0, 0.0, 0.0, 77.11233089657797, 612.5286578488658, 0.0, 0.0, 679.6324620435978, 264.04675663795854, 364.071702775777, 0.0, 0.0, 0.0, 0.0, 0.0, 0.0, 0.0, 0.0, 0.0, 199.16563538672386, 0.0, 0.0, 0.0, 84.9586482395239, 0.0, 0.0, 0.0, 0.0, 0.0, 199.16563538672386, 0.0, 199.16563538672386, 0.0, 0.0, 0.0, 0.0, 0.0, 0.0, 0.0, 0.0, 654.1203059096307, 0.0, 0.0, 0.0, 0.0, 0.0, 103.11441124307976, 0.0, 0.0, 0.0, 0.0, 278.9134729448082, 0.0, 0.0, 0.0, 0.0, 49.52243179945954, 179.4811097222348, 0.0, 0.0, 77.11233089657797, 0.0, 0.0, 122.06953647221769, 0.0, 0.0, 0.0, 0.0, 0.0, 0.0, 0.0, 264.04675663795854, 0.0, 0.0, 0.0, 0.0, 612.5286578488658, 0.0, 0.0, 0.0, 0.0, 0.0, 0.0, 0.0, 0.0, 0.0, 0.0, 0.0, 0.0, 0.0, 0.0, 0.0, 0.0, 0.0, 612.5286578488658, 0.0, 5.005157111560646, 0.0, 0.0, 0.0, 0.0, 0.0, 0.0, 103.11441124307976, 0.0, 0.0, 0.0, 0.0, 0.0, 0.0, 0.0, 278.9134729448082, 0.0, 0.0, 0.0, 0.0, 0.0, 0.0, 0.0]
INFORMACIÓN : 19apuestaBundle [654.1203059096307, 588.9824089772637, 364.071702775777, 179.4811097222348]
INFORMACIÓN : 19positionsBundle [2112, 2259, 2079, 1047]
INFORMACIÓN : 19levelsBundle [3, 3, 3, 1]
INFORMACIÓN : 19positionsOrdered [2079, 2112, 2259, 1047]
INFORMACIÓN : 19levelsOrdered [3, 3, 3, 1]
INFORMACIÓN : 19partialityOrdered [3, 3, 3, 1]
INFORMACIÓN : 19arrivalTimes [43.0764006487575, 84.3037450391078, 88.54638572622709, 88.54638572622709]
INFORMACIÓN : 20historia12[0.0, 0.0, 0.0, 0.0, 0.0, 0.0, 226.13775844081636, 791.5029834603502, 0.0, 0.0, 0.0, 0.0, 0.0, 791.5029834603502, 0.0, 0.0, 0.0, 761.5852453982657, 588.9824089772637, 679.6324620435978, 0.0, 679.6324620435978, 0.0, 0.0, 0.0, 670.413684890993, 0.0, 0.0, 0.0, 0.0, 0.0, 0.0, 0.0, 0.0, 0.0, 0.0, 0.0, 0.0, 0.0, 0.0, 77.11233089657797, 612.5286578488658, 0.0, 0.0, 679.6324620435978, 264.04675663795854, 364.071702775777, 0.0, 0.0, 0.0, 0.0, 0.0, 0.0, 0.0, 0.0, 0.0, 199.16563538672386, 0.0, 0.0, 0.0, 84.9586482395239, 0.0, 0.0, 0.0, 0.0, 0.0, 199.16563538672386, 0.0, 199.16563538672386, 0.0, 0.0, 0.0, 0.0, 0.0, 0.0, 0.0, 0.0, 654.1203059096307, 0.0, 0.0, 0.0, 0.0, 0.0, 103.11441124307976, 0.0, 0.0, 0.0, 0.0, 278.9134729448082, 0.0, 0.0, 0.0, 0.0, 49.52243179945954, 179.4811097222348, 0.0, 0.0, 77.11233089657797, 0.0, 0.0, 122.06953647221769, 0.0, 0.0, 0.0, 0.0, 0.0, 0.0, 0.0, 264.04675663795854, 0.0, 0.0, 0.0, 0.0, 612.5286578488658, 0.0, 0.0, 0.0, 0.0, 0.0, 0.0, 0.0, 0.0, 0.0, 0.0, 0.0, 0.0, 0.0, 0.0, 0.0, 0.0, 0.0, 612.5286578488658, 0.0, 5.005157111560646, 0.0, 0.0, 0.0, 0.0, 0.0, 0.0, 103.11441124307976, 0.0, 0.0, 0.0, 0.0, 0.0, 0.0, 0.0, 278.9134729448082, 0.0, 0.0, 0.0, 0.0, 0.0, 0.0, 0.0]
INFORMACIÓN : 20apuestaBundle [654.1203059096307, 588.9824089772637, 364.071702775777, 179.4811097222348]
INFORMACIÓN : 20positionsBundle [2112, 2259, 2079, 1047]
INFORMACIÓN : 20levelsBundle [3, 3, 3, 1]
INFORMACIÓN : 20positionsOrdered [2079, 2112, 2259, 1047]
INFORMACIÓN : 20levelsOrdered [3, 3, 3, 1]
INFORMACIÓN : 20partialityOrdered [3, 3, 3, 1]
INFORMACIÓN : 20arrivalTimes [43.0764006487575, 84.3037450391078, 88.54638572622709, 88.54638572622709]
INFORMACIÓN : 21historia13[0.0, 0.0, 0.0, 0.0, 0.0, 0.0, 226.13775844081636, 791.5029834603502, 0.0, 0.0, 0.0, 0.0, 0.0, 791.5029834603502, 0.0, 0.0, 0.0, 761.5852453982657, 588.9824089772637, 679.6324620435978, 0.0, 679.6324620435978, 0.0, 0.0, 0.0, 670.413684890993, 0.0, 0.0, 0.0, 0.0, 0.0, 0.0, 0.0, 0.0, 0.0, 0.0, 0.0, 0.0, 0.0, 0.0, 77.11233089657797, 612.5286578488658, 0.0, 0.0, 679.6324620435978, 264.04675663795854, 364.071702775777, 0.0, 0.0, 0.0, 0.0, 0.0, 0.0, 0.0, 0.0, 0.0, 199.16563538672386, 0.0, 0.0, 0.0, 84.9586482395239, 0.0, 0.0, 0.0, 0.0, 0.0, 199.16563538672386, 0.0, 199.16563538672386, 0.0, 0.0, 0.0, 0.0, 0.0, 0.0, 0.0, 0.0, 654.1203059096307, 0.0, 0.0, 0.0, 0.0, 0.0, 103.11441124307976, 0.0, 0.0, 0.0, 0.0, 278.9134729448082, 0.0, 0.0, 0.0, 0.0, 49.52243179945954, 179.4811097222348, 0.0, 0.0, 77.11233089657797, 0.0, 0.0, 122.06953647221769, 0.0, 0.0, 0.0, 0.0, 0.0, 0.0, 0.0, 264.04675663795854, 0.0, 0.0, 0.0, 0.0, 612.5286578488658, 0.0, 0.0, 0.0, 0.0, 0.0, 0.0, 0.0, 0.0, 0.0, 0.0, 0.0, 0.0, 0.0, 0.0, 0.0, 0.0, 0.0, 612.5286578488658, 0.0, 5.005157111560646, 0.0, 0.0, 0.0, 0.0, 0.0, 0.0, 103.11441124307976, 0.0, 0.0, 0.0, 0.0, 0.0, 0.0, 0.0, 278.9134729448082, 0.0, 0.0, 0.0, 0.0, 0.0, 0.0, 0.0]
INFORMACIÓN : 21apuestaBundle [654.1203059096307, 588.9824089772637, 364.071702775777, 179.4811097222348]
INFORMACIÓN : 21positionsBundle [2112, 2259, 2079, 1047]
INFORMACIÓN : 21levelsBundle [3, 3, 3, 1]
INFORMACIÓN : 21positionsOrdered [2079, 2112, 2259, 1047]
INFORMACIÓN : 21levelsOrdered [3, 3, 3, 1]
INFORMACIÓN : 21partialityOrdered [3, 3, 3, 1]
INFORMACIÓN : 21arrivalTimes [43.0764006487575, 84.3037450391078, 88.54638572622709, 88.54638572622709]
INFORMACIÓN : 22historia14[0.0, 0.0, 0.0, 0.0, 0.0, 0.0, 226.13775844081636, 791.5029834603502, 0.0, 0.0, 0.0, 0.0, 0.0, 791.5029834603502, 0.0, 0.0, 0.0, 761.5852453982657, 588.9824089772637, 679.6324620435978, 0.0, 679.6324620435978, 0.0, 0.0, 0.0, 670.413684890993, 0.0, 0.0, 0.0, 0.0, 0.0, 0.0, 0.0, 0.0, 0.0, 0.0, 0.0, 0.0, 0.0, 0.0, 77.11233089657797, 612.5286578488658, 0.0, 0.0, 679.6324620435978, 264.04675663795854, 364.071702775777, 0.0, 0.0, 0.0, 0.0, 0.0, 0.0, 0.0, 0.0, 0.0, 199.16563538672386, 0.0, 0.0, 0.0, 84.9586482395239, 0.0, 0.0, 0.0, 0.0, 0.0, 199.16563538672386, 0.0, 199.16563538672386, 0.0, 0.0, 0.0, 0.0, 0.0, 0.0, 0.0, 0.0, 654.1203059096307, 0.0, 0.0, 0.0, 0.0, 0.0, 103.11441124307976, 0.0, 0.0, 0.0, 0.0, 278.9134729448082, 0.0, 0.0, 0.0, 0.0, 49.52243179945954, 179.4811097222348, 0.0, 0.0, 77.11233089657797, 0.0, 0.0, 122.06953647221769, 0.0, 0.0, 0.0, 0.0, 0.0, 0.0, 0.0, 264.04675663795854, 0.0, 0.0, 0.0, 0.0, 612.5286578488658, 0.0, 0.0, 0.0, 0.0, 0.0, 0.0, 0.0, 0.0, 0.0, 0.0, 0.0, 0.0, 0.0, 0.0, 0.0, 0.0, 0.0, 612.5286578488658, 0.0, 5.005157111560646, 0.0, 0.0, 0.0, 0.0, 0.0, 0.0, 103.11441124307976, 0.0, 0.0, 0.0, 0.0, 0.0, 0.0, 0.0, 278.9134729448082, 0.0, 0.0, 0.0, 0.0, 0.0, 0.0, 0.0]
INFORMACIÓN : 22apuestaBundle [654.1203059096307, 588.9824089772637, 364.071702775777, 179.4811097222348]
INFORMACIÓN : 22positionsBundle [2112, 2259, 2079, 1047]
INFORMACIÓN : 22levelsBundle [3, 3, 3, 1]
INFORMACIÓN : 22positionsOrdered [2079, 2112, 2259, 1047]
INFORMACIÓN : 22levelsOrdered [3, 3, 3, 1]
INFORMACIÓN : 22partialityOrdered [3, 3, 3, 1]
INFORMACIÓN : 22arrivalTimes [43.0764006487575, 84.3037450391078, 88.54638572622709, 88.54638572622709]
INFORMACIÓN : 23historia15[0.0, 0.0, 0.0, 0.0, 0.0, 0.0, 226.13775844081636, 791.5029834603502, 0.0, 0.0, 0.0, 0.0, 0.0, 791.5029834603502, 0.0, 0.0, 0.0, 761.5852453982657, 588.9824089772637, 679.6324620435978, 0.0, 679.6324620435978, 0.0, 0.0, 0.0, 670.413684890993, 0.0, 0.0, 0.0, 0.0, 0.0, 0.0, 0.0, 0.0, 0.0, 0.0, 0.0, 0.0, 0.0, 0.0, 77.11233089657797, 612.5286578488658, 0.0, 0.0, 679.6324620435978, 264.04675663795854, 364.071702775777, 0.0, 0.0, 0.0, 0.0, 0.0, 0.0, 0.0, 0.0, 0.0, 199.16563538672386, 0.0, 0.0, 0.0, 84.9586482395239, 0.0, 0.0, 0.0, 0.0, 0.0, 199.16563538672386, 0.0, 199.16563538672386, 0.0, 0.0, 0.0, 0.0, 0.0, 0.0, 0.0, 0.0, 654.1203059096307, 0.0, 0.0, 0.0, 0.0, 0.0, 103.11441124307976, 0.0, 0.0, 0.0, 0.0, 278.9134729448082, 0.0, 0.0, 0.0, 0.0, 49.52243179945954, 179.4811097222348, 0.0, 0.0, 77.11233089657797, 0.0, 0.0, 122.06953647221769, 0.0, 0.0, 0.0, 0.0, 0.0, 0.0, 0.0, 264.04675663795854, 0.0, 0.0, 0.0, 0.0, 612.5286578488658, 0.0, 0.0, 0.0, 0.0, 0.0, 0.0, 0.0, 0.0, 0.0, 0.0, 0.0, 0.0, 0.0, 0.0, 0.0, 0.0, 0.0, 612.5286578488658, 0.0, 5.005157111560646, 0.0, 0.0, 0.0, 0.0, 0.0, 0.0, 103.11441124307976, 0.0, 0.0, 0.0, 0.0, 0.0, 0.0, 0.0, 278.9134729448082, 0.0, 0.0, 0.0, 0.0, 0.0, 0.0, 0.0]
INFORMACIÓN : 23apuestaBundle [654.1203059096307, 588.9824089772637, 364.071702775777, 179.4811097222348]
INFORMACIÓN : 23positionsBundle [2112, 2259, 2079, 1047]
INFORMACIÓN : 23levelsBundle [3, 3, 3, 1]
INFORMACIÓN : 23positionsOrdered [2079, 2112, 2259, 1047]
INFORMACIÓN : 23levelsOrdered [3, 3, 3, 1]
INFORMACIÓN : 23partialityOrdered [3, 3, 3, 1]
INFORMACIÓN : 23arrivalTimes [43.0764006487575, 84.3037450391078, 88.54638572622709, 88.54638572622709]
INFORMACIÓN : 24historia16[0.0, 0.0, 0.0, 0.0, 0.0, 0.0, 226.13775844081636, 791.5029834603502, 0.0, 0.0, 0.0, 0.0, 0.0, 791.5029834603502, 0.0, 0.0, 0.0, 761.5852453982657, 588.9824089772637, 679.6324620435978, 0.0, 679.6324620435978, 0.0, 0.0, 0.0, 670.413684890993, 0.0, 0.0, 0.0, 0.0, 0.0, 0.0, 0.0, 0.0, 0.0, 0.0, 0.0, 0.0, 0.0, 0.0, 77.11233089657797, 612.5286578488658, 0.0, 0.0, 679.6324620435978, 264.04675663795854, 364.071702775777, 0.0, 0.0, 0.0, 0.0, 0.0, 0.0, 0.0, 0.0, 0.0, 199.16563538672386, 0.0, 0.0, 0.0, 84.9586482395239, 0.0, 0.0, 0.0, 0.0, 0.0, 199.16563538672386, 0.0, 199.16563538672386, 0.0, 0.0, 0.0, 0.0, 0.0, 0.0, 0.0, 0.0, 654.1203059096307, 0.0, 0.0, 0.0, 0.0, 0.0, 103.11441124307976, 0.0, 0.0, 0.0, 0.0, 278.9134729448082, 0.0, 0.0, 0.0, 0.0, 49.52243179945954, 179.4811097222348, 0.0, 0.0, 77.11233089657797, 0.0, 0.0, 122.06953647221769, 0.0, 0.0, 0.0, 0.0, 0.0, 0.0, 0.0, 264.04675663795854, 0.0, 0.0, 0.0, 0.0, 612.5286578488658, 0.0, 0.0, 0.0, 0.0, 0.0, 0.0, 0.0, 0.0, 0.0, 0.0, 0.0, 0.0, 0.0, 0.0, 0.0, 0.0, 0.0, 612.5286578488658, 0.0, 5.005157111560646, 0.0, 0.0, 0.0, 0.0, 0.0, 0.0, 103.11441124307976, 0.0, 0.0, 0.0, 0.0, 0.0, 0.0, 0.0, 278.9134729448082, 0.0, 0.0, 0.0, 0.0, 0.0, 0.0, 0.0]
INFORMACIÓN : 24apuestaBundle [654.1203059096307, 588.9824089772637, 364.071702775777, 179.4811097222348]
INFORMACIÓN : 24positionsBundle [2112, 2259, 2079, 1047]
INFORMACIÓN : 24levelsBundle [3, 3, 3, 1]
INFORMACIÓN : 24positionsOrdered [2079, 2112, 2259, 1047]
INFORMACIÓN : 24levelsOrdered [3, 3, 3, 1]
INFORMACIÓN : 24partialityOrdered [3, 3, 3, 1]
INFORMACIÓN : 24arrivalTimes [43.0764006487575, 84.3037450391078, 88.54638572622709, 88.54638572622709]
INFORMACIÓN : 25historia17[0.0, 0.0, 0.0, 0.0, 0.0, 0.0, 226.13775844081636, 791.5029834603502, 0.0, 0.0, 0.0, 0.0, 0.0, 791.5029834603502, 0.0, 0.0, 0.0, 761.5852453982657, 588.9824089772637, 679.6324620435978, 0.0, 679.6324620435978, 0.0, 0.0, 0.0, 670.413684890993, 0.0, 0.0, 0.0, 0.0, 0.0, 0.0, 0.0, 0.0, 0.0, 0.0, 0.0, 0.0, 0.0, 0.0, 77.11233089657797, 612.5286578488658, 0.0, 0.0, 679.6324620435978, 264.04675663795854, 364.071702775777, 0.0, 0.0, 0.0, 0.0, 0.0, 0.0, 0.0, 0.0, 0.0, 199.16563538672386, 0.0, 0.0, 0.0, 84.9586482395239, 0.0, 0.0, 0.0, 0.0, 0.0, 199.16563538672386, 0.0, 199.16563538672386, 0.0, 0.0, 0.0, 0.0, 0.0, 0.0, 0.0, 0.0, 654.1203059096307, 0.0, 0.0, 0.0, 0.0, 0.0, 103.11441124307976, 0.0, 0.0, 0.0, 0.0, 278.9134729448082, 0.0, 0.0, 0.0, 0.0, 49.52243179945954, 179.4811097222348, 0.0, 0.0, 77.11233089657797, 0.0, 0.0, 122.06953647221769, 0.0, 0.0, 0.0, 0.0, 0.0, 0.0, 0.0, 264.04675663795854, 0.0, 0.0, 0.0, 0.0, 612.5286578488658, 0.0, 0.0, 0.0, 0.0, 0.0, 0.0, 0.0, 0.0, 0.0, 0.0, 0.0, 0.0, 0.0, 0.0, 0.0, 0.0, 0.0, 612.5286578488658, 0.0, 5.005157111560646, 0.0, 0.0, 0.0, 0.0, 0.0, 0.0, 103.11441124307976, 0.0, 0.0, 0.0, 0.0, 0.0, 0.0, 0.0, 278.9134729448082, 0.0, 0.0, 0.0, 0.0, 0.0, 0.0, 0.0]
