----------------------------------------------------------------------
-- Log session for [myBugCoalitionsCCBBAGuaiDEF-378] started on 2017.07.13.00.58.58 --
----------------------------------------------------------------------

INFORMACIÓN : I started
INFORMACIÓN : 0apuestaBundle [797.5867459344378, 794.2741635505315, 793.0080981776578, 779.613013978445, 774.0647071894142]
INFORMACIÓN : 0positionsBundle [131, 86, 268, 1139, 1475]
INFORMACIÓN : 0levelsBundle [3, 3, 3, 3, 3]
INFORMACIÓN : 0positionsOrdered [131, 86, 268, 1139, 1475]
INFORMACIÓN : 0levelsOrdered [3, 3, 3, 3, 3]
INFORMACIÓN : 0partialityOrdered [3, 3, 3, 3, 3]
INFORMACIÓN : 0arrivalTimes [11.359739156672024, 16.458758670264807, 34.89784758485058, 61.91635975706318, 77.56883559956171]
INFORMACIÓN : timeSat position 131 level 3
INFORMACIÓN : timeSat position 86 level 3
INFORMACIÓN : timeSat position 268 level 3
INFORMACIÓN : 1historia0[0.0, 0.0, 0.0, 0.0, 0.0, 0.0, 0.0, 0.0, 0.0, 0.0, 0.0, 0.0, 0.0, 0.0, 0.0, 352.7109792966409, 0.0, 0.0, 0.0, 0.0, 0.0, 0.0, 238.74468903961792, 772.1135758503145, 795.3484678964646, 789.9798745585753, 0.0, 0.0, 0.0, 0.0, 0.0, 0.0, 0.0, 0.0, 0.0, 0.0, 0.0, 0.0, 0.0, 0.0, 0.0, 798.0054054916034, 783.4563778275367, 0.0, 0.0, 0.0, 0.0, 0.0, 0.0, 0.0, 0.0, 801.0853855977341, 0.0, 0.0, 0.0, 0.0, 0.0, 0.0, 237.41055810476792, 0.0, 0.0, 0.0, 352.7109792966409, 0.0, 0.0, 0.0, 792.0589201773506, 0.0, 0.0, 0.0, 0.0, 0.0, 0.0, 0.0, 0.0, 0.0, 0.0, 0.0, 0.0, 0.0, 0.0, 0.0, 0.0, 0.0, 0.0, 0.0, 0.0, 0.0, 0.0, 0.0, 0.0, 0.0, 0.0, 0.0, 0.0, 0.0, 0.0, 292.22600403909917, 0.0, 0.0, 0.0, 0.0, 0.0, 0.0, 0.0, 0.0, 0.0, 0.0, 0.0, 0.0, 0.0, 0.0, 0.0, 0.0, 0.0, 0.0, 0.0, 151.00171005347033, 780.1277010213182, 0.0, 0.0, 0.0, 802.2531400951455, 0.0, 0.0, 0.0, 0.0, 0.0, 0.0, 0.0, 0.0, 0.0, 227.89130901319322, 0.0, 780.4583258382934, 0.0, 0.0, 0.0, 0.0, 776.1879410912376, 0.0, 0.0, 789.5515931557552, 0.0, 0.0, 0.0, 0.0, 0.0, 0.0, 0.0, 0.0, 0.0, 0.0, 0.0, 0.0, 0.0, 0.0, 0.0, 0.0, 0.0, 0.0, 788.20791122992, 0.0, 0.0, 0.0, 0.0, 0.0, 0.0, 0.0, 0.0]
INFORMACIÓN : 1apuestaBundle [795.5869482713091, 792.1627104864211, 790.1839514502661, 771.3597589076704, 261.50389573416044]
INFORMACIÓN : 1positionsBundle [131, 86, 268, 253, 1573]
INFORMACIÓN : 1levelsBundle [3, 3, 3, 3, 2]
INFORMACIÓN : 1positionsOrdered [131, 86, 268, 253, 1573]
INFORMACIÓN : 1levelsOrdered [3, 3, 3, 3, 2]
INFORMACIÓN : 1partialityOrdered [3, 3, 3, 3, 2]
INFORMACIÓN : 1arrivalTimes [60.470718501698826, 65.5697380152916, 84.00882692987739, 99.00882692987739, 131.81126586359085]
INFORMACIÓN : 2historia0[0.0, 0.0, 0.0, 792.1627104864211, 0.0, 0.0, 0.0, 0.0, 0.0, 0.0, 0.0, 0.0, 0.0, 0.0, 0.0, 0.0, 0.0, 0.0, 0.0, 0.0, 0.0, 0.0, 0.0, 772.1135758503145, 795.3484678964646, 0.0, 0.0, 0.0, 0.0, 0.0, 0.0, 0.0, 0.0, 0.0, 0.0, 0.0, 0.0, 0.0, 0.0, 0.0, 0.0, 798.0054054916034, 783.4563778275367, 0.0, 0.0, 0.0, 0.0, 0.0, 0.0, 0.0, 0.0, 801.0853855977341, 0.0, 0.0, 0.0, 0.0, 0.0, 0.0, 0.0, 0.0, 0.0, 0.0, 0.0, 0.0, 0.0, 0.0, 0.0, 0.0, 0.0, 0.0, 790.1839514502661, 0.0, 0.0, 0.0, 0.0, 0.0, 795.5869482713091, 0.0, 261.50389573416044, 0.0, 0.0, 0.0, 0.0, 0.0, 0.0, 0.0, 0.0, 0.0, 0.0, 0.0, 0.0, 0.0, 0.0, 0.0, 0.0, 0.0, 0.0, 0.0, 0.0, 0.0, 0.0, 0.0, 0.0, 0.0, 0.0, 0.0, 0.0, 0.0, 0.0, 0.0, 0.0, 0.0, 0.0, 0.0, 0.0, 0.0, 0.0, 0.0, 780.1277010213182, 0.0, 0.0, 0.0, 802.2531400951455, 0.0, 0.0, 0.0, 0.0, 0.0, 0.0, 771.3597589076704, 0.0, 0.0, 0.0, 0.0, 780.4583258382934, 0.0, 0.0, 0.0, 0.0, 0.0, 0.0, 0.0, 789.5515931557552, 0.0, 0.0, 0.0, 0.0, 0.0, 0.0, 0.0, 0.0, 0.0, 0.0, 0.0, 0.0, 0.0, 0.0, 0.0, 0.0, 0.0, 0.0, 788.20791122992, 0.0, 0.0, 0.0, 0.0, 0.0, 0.0, 0.0, 0.0]
INFORMACIÓN : 2apuestaBundle [795.5869482713091, 792.1627104864211, 790.1839514502661, 771.3597589076704, 261.50389573416044]
INFORMACIÓN : 2positionsBundle [131, 86, 268, 253, 1573]
INFORMACIÓN : 2levelsBundle [3, 3, 3, 3, 2]
INFORMACIÓN : 2positionsOrdered [131, 86, 268, 253, 1573]
INFORMACIÓN : 2levelsOrdered [3, 3, 3, 3, 2]
INFORMACIÓN : 2partialityOrdered [3, 3, 3, 3, 2]
INFORMACIÓN : 2arrivalTimes [60.470718501698826, 65.5697380152916, 84.00882692987739, 99.00882692987739, 131.81126586359085]
INFORMACIÓN : 3historia0[0.0, 0.0, 0.0, 792.1627104864211, 0.0, 0.0, 0.0, 0.0, 0.0, 0.0, 0.0, 0.0, 0.0, 0.0, 0.0, 0.0, 0.0, 63.01256384129374, 0.0, 0.0, 0.0, 0.0, 0.0, 774.4839355387355, 795.3484678964646, 789.9798745585753, 0.0, 0.0, 366.78008295163454, 0.0, 0.0, 0.0, 0.0, 0.0, 0.0, 0.0, 81.21169491713827, 0.0, 0.0, 0.0, 0.0, 798.0054054916034, 783.4563778275367, 0.0, 0.0, 0.0, 0.0, 0.0, 0.0, 0.0, 0.0, 801.0853855977341, 0.0, 0.0, 0.0, 0.0, 366.78008295163454, 0.0, 0.0, 0.0, 0.0, 0.0, 0.0, 0.0, 0.0, 0.0, 792.0589201773506, 0.0, 0.0, 0.0, 790.1839514502661, 0.0, 0.0, 756.930364623066, 0.0, 0.0, 795.5869482713091, 0.0, 261.50389573416044, 0.0, 0.0, 0.0, 0.0, 0.0, 0.0, 0.0, 0.0, 0.0, 154.4511473843847, 0.0, 0.0, 0.0, 0.0, 0.0, 0.0, 0.0, 0.0, 292.22600403909917, 0.0, 0.0, 0.0, 0.0, 0.0, 0.0, 0.0, 0.0, 0.0, 0.0, 0.0, 0.0, 0.0, 0.0, 0.0, 0.0, 0.0, 0.0, 0.0, 0.0, 780.0926083466379, 0.0, 0.0, 0.0, 802.2531400951455, 0.0, 53.020689092130915, 0.0, 0.0, 0.0, 0.0, 771.3597589076704, 0.0, 0.0, 0.0, 0.0, 780.6209168978371, 0.0, 0.0, 0.0, 0.0, 776.1879410912376, 0.0, 0.0, 789.7144734935098, 0.0, 0.0, 0.0, 0.0, 0.0, 0.0, 0.0, 0.0, 0.0, 0.0, 0.0, 0.0, 0.0, 0.0, 0.0, 0.0, 0.0, 0.0, 788.20791122992, 0.0, 0.0, 0.0, 0.0, 0.0, 0.0, 0.0, 0.0]
INFORMACIÓN : 3apuestaBundle [795.5869482713091, 792.1627104864211, 790.1839514502661, 771.3597589076704, 261.50389573416044]
INFORMACIÓN : 3positionsBundle [131, 86, 268, 253, 1573]
INFORMACIÓN : 3levelsBundle [3, 3, 3, 3, 2]
INFORMACIÓN : 3positionsOrdered [131, 86, 268, 253, 1573]
INFORMACIÓN : 3levelsOrdered [3, 3, 3, 3, 2]
INFORMACIÓN : 3partialityOrdered [3, 3, 3, 3, 2]
INFORMACIÓN : 3arrivalTimes [60.470718501698826, 65.5697380152916, 84.00882692987739, 99.00882692987739, 131.81126586359085]
INFORMACIÓN : 4historia0[0.0, 0.0, 0.0, 792.1627104864211, 0.0, 0.0, 0.0, 0.0, 0.0, 0.0, 0.0, 0.0, 0.0, 0.0, 0.0, 0.0, 0.0, 63.01256384129374, 0.0, 0.0, 0.0, 0.0, 0.0, 774.4839355387355, 795.3484678964646, 789.9798745585753, 0.0, 0.0, 0.0, 0.0, 0.0, 0.0, 0.0, 0.0, 0.0, 0.0, 81.21169491713827, 0.0, 0.0, 0.0, 0.0, 798.0054054916034, 783.4563778275367, 0.0, 0.0, 0.0, 0.0, 0.0, 0.0, 0.0, 0.0, 801.0853855977341, 0.0, 0.0, 0.0, 0.0, 0.0, 0.0, 0.0, 0.0, 0.0, 0.0, 0.0, 0.0, 0.0, 0.0, 792.0589201773506, 0.0, 0.0, 0.0, 790.1839514502661, 0.0, 0.0, 756.930364623066, 0.0, 0.0, 795.5869482713091, 0.0, 285.4004813092754, 0.0, 0.0, 0.0, 0.0, 0.0, 0.0, 0.0, 0.0, 0.0, 154.4511473843847, 0.0, 0.0, 0.0, 0.0, 0.0, 0.0, 0.0, 0.0, 292.22600403909917, 0.0, 0.0, 0.0, 0.0, 0.0, 0.0, 0.0, 0.0, 0.0, 0.0, 0.0, 0.0, 0.0, 0.0, 0.0, 0.0, 0.0, 0.0, 0.0, 0.0, 780.0926083466379, 0.0, 0.0, 0.0, 802.2531400951455, 0.0, 53.020689092130915, 0.0, 0.0, 0.0, 0.0, 771.3597589076704, 0.0, 0.0, 0.0, 0.0, 780.6209168978371, 0.0, 0.0, 0.0, 0.0, 776.1879410912376, 0.0, 0.0, 789.7144734935098, 0.0, 0.0, 0.0, 0.0, 0.0, 0.0, 0.0, 0.0, 0.0, 0.0, 0.0, 0.0, 0.0, 0.0, 0.0, 0.0, 0.0, 0.0, 788.3707994092138, 0.0, 0.0, 0.0, 0.0, 0.0, 0.0, 0.0, 0.0]
INFORMACIÓN : 4apuestaBundle [795.5869482713091, 792.1627104864211, 790.1839514502661, 771.3597589076704, 256.686761777862]
INFORMACIÓN : 4positionsBundle [131, 86, 268, 253, 952]
INFORMACIÓN : 4levelsBundle [3, 3, 3, 3, 2]
INFORMACIÓN : 4positionsOrdered [131, 86, 268, 253, 952]
INFORMACIÓN : 4levelsOrdered [3, 3, 3, 3, 2]
INFORMACIÓN : 4partialityOrdered [3, 3, 3, 3, 2]
INFORMACIÓN : 4arrivalTimes [60.470718501698826, 65.5697380152916, 84.00882692987739, 99.00882692987739, 113.04449577749558]
INFORMACIÓN : 5historia0[0.0, 0.0, 0.0, 792.1627104864211, 0.0, 0.0, 0.0, 0.0, 0.0, 0.0, 0.0, 0.0, 0.0, 0.0, 0.0, 0.0, 0.0, 63.01256384129374, 0.0, 0.0, 0.0, 0.0, 0.0, 774.4839355387355, 795.3484678964646, 789.9798745585753, 0.0, 0.0, 0.0, 0.0, 0.0, 0.0, 0.0, 0.0, 0.0, 0.0, 81.21169491713827, 0.0, 0.0, 0.0, 0.0, 798.0054054916034, 783.4563778275367, 0.0, 0.0, 0.0, 0.0, 0.0, 0.0, 0.0, 0.0, 801.0853855977341, 0.0, 0.0, 0.0, 0.0, 0.0, 0.0, 0.0, 0.0, 0.0, 0.0, 0.0, 0.0, 0.0, 0.0, 792.0589201773506, 0.0, 0.0, 0.0, 790.1839514502661, 0.0, 0.0, 756.930364623066, 0.0, 0.0, 795.5869482713091, 0.0, 285.4004813092754, 0.0, 0.0, 0.0, 256.686761777862, 0.0, 0.0, 0.0, 0.0, 0.0, 154.4511473843847, 0.0, 0.0, 0.0, 0.0, 0.0, 0.0, 0.0, 0.0, 292.22600403909917, 0.0, 0.0, 0.0, 0.0, 0.0, 0.0, 0.0, 0.0, 0.0, 0.0, 0.0, 0.0, 0.0, 0.0, 0.0, 0.0, 0.0, 0.0, 0.0, 0.0, 780.0926083466379, 0.0, 0.0, 0.0, 802.2531400951455, 0.0, 53.020689092130915, 0.0, 0.0, 0.0, 0.0, 771.3597589076704, 0.0, 0.0, 0.0, 0.0, 780.6209168978371, 0.0, 0.0, 0.0, 0.0, 776.1879410912376, 0.0, 0.0, 789.7144734935098, 0.0, 0.0, 0.0, 0.0, 0.0, 0.0, 0.0, 0.0, 0.0, 0.0, 0.0, 0.0, 0.0, 0.0, 0.0, 0.0, 0.0, 0.0, 788.3707994092138, 0.0, 0.0, 0.0, 0.0, 0.0, 0.0, 0.0, 0.0]
INFORMACIÓN : 5apuestaBundle [795.5869482713091, 792.1627104864211, 790.1839514502661, 771.3597589076704, 256.686761777862]
INFORMACIÓN : 5positionsBundle [131, 86, 268, 253, 952]
INFORMACIÓN : 5levelsBundle [3, 3, 3, 3, 2]
INFORMACIÓN : 5positionsOrdered [131, 86, 268, 253, 952]
INFORMACIÓN : 5levelsOrdered [3, 3, 3, 3, 2]
INFORMACIÓN : 5partialityOrdered [3, 3, 3, 3, 2]
INFORMACIÓN : 5arrivalTimes [60.470718501698826, 65.5697380152916, 84.00882692987739, 99.00882692987739, 113.04449577749558]
INFORMACIÓN : 6historia0[0.0, 0.0, 0.0, 792.1627104864211, 0.0, 0.0, 0.0, 0.0, 0.0, 0.0, 0.0, 0.0, 0.0, 0.0, 0.0, 0.0, 0.0, 63.01256384129374, 0.0, 0.0, 0.0, 0.0, 0.0, 774.4839355387355, 795.3484678964646, 789.9798745585753, 0.0, 0.0, 0.0, 0.0, 0.0, 0.0, 0.0, 0.0, 0.0, 0.0, 81.21169491713827, 0.0, 0.0, 0.0, 0.0, 798.0054054916034, 783.4563778275367, 0.0, 0.0, 0.0, 0.0, 0.0, 0.0, 0.0, 0.0, 801.0853855977341, 0.0, 0.0, 0.0, 0.0, 0.0, 0.0, 0.0, 0.0, 0.0, 0.0, 0.0, 0.0, 0.0, 0.0, 792.0589201773506, 0.0, 0.0, 0.0, 790.1839514502661, 0.0, 0.0, 756.930364623066, 0.0, 0.0, 795.5869482713091, 0.0, 285.4004813092754, 0.0, 0.0, 0.0, 256.686761777862, 0.0, 0.0, 0.0, 0.0, 0.0, 154.4511473843847, 0.0, 0.0, 0.0, 0.0, 0.0, 0.0, 0.0, 0.0, 292.22600403909917, 0.0, 0.0, 0.0, 0.0, 0.0, 0.0, 0.0, 0.0, 0.0, 0.0, 0.0, 0.0, 0.0, 0.0, 0.0, 0.0, 0.0, 0.0, 0.0, 0.0, 780.0926083466379, 0.0, 0.0, 0.0, 802.2531400951455, 0.0, 53.020689092130915, 0.0, 0.0, 0.0, 0.0, 771.3597589076704, 0.0, 0.0, 0.0, 0.0, 780.6209168978371, 0.0, 0.0, 0.0, 0.0, 776.1879410912376, 0.0, 0.0, 789.7144734935098, 0.0, 0.0, 0.0, 0.0, 0.0, 0.0, 0.0, 0.0, 0.0, 0.0, 0.0, 0.0, 0.0, 0.0, 0.0, 0.0, 0.0, 0.0, 788.3707994092138, 0.0, 0.0, 0.0, 0.0, 0.0, 0.0, 0.0, 0.0]
INFORMACIÓN : 6apuestaBundle [795.5869482713091, 792.1627104864211, 790.1839514502661, 771.3597589076704, 256.686761777862]
INFORMACIÓN : 6positionsBundle [131, 86, 268, 253, 952]
INFORMACIÓN : 6levelsBundle [3, 3, 3, 3, 2]
INFORMACIÓN : 6positionsOrdered [131, 86, 268, 253, 952]
INFORMACIÓN : 6levelsOrdered [3, 3, 3, 3, 2]
INFORMACIÓN : 6partialityOrdered [3, 3, 3, 3, 2]
INFORMACIÓN : 6arrivalTimes [60.470718501698826, 65.5697380152916, 84.00882692987739, 99.00882692987739, 113.04449577749558]
INFORMACIÓN : depSat position 131 level 3
INFORMACIÓN : depSat position 86 level 3
INFORMACIÓN : depSat position 268 level 3
INFORMACIÓN : depSat position 253 level 3
INFORMACIÓN : 7historia0[0.0, 0.0, 0.0, 0.0, 0.0, 0.0, 0.0, 0.0, 0.0, 0.0, 0.0, 0.0, 0.0, 0.0, 0.0, 0.0, 0.0, 63.01256384129374, 0.0, 0.0, 0.0, 0.0, 0.0, 774.4839355387355, 795.3484678964646, 789.9798745585753, 0.0, 0.0, 0.0, 0.0, 0.0, 0.0, 0.0, 0.0, 0.0, 0.0, 81.21169491713827, 0.0, 0.0, 0.0, 0.0, 798.0054054916034, 783.4563778275367, 0.0, 0.0, 0.0, 0.0, 0.0, 0.0, 0.0, 0.0, 801.0853855977341, 0.0, 0.0, 0.0, 0.0, 0.0, 0.0, 0.0, 0.0, 0.0, 0.0, 0.0, 0.0, 0.0, 0.0, 792.0589201773506, 0.0, 0.0, 0.0, 0.0, 0.0, 0.0, 756.930364623066, 0.0, 0.0, 0.0, 0.0, 285.4004813092754, 0.0, 0.0, 0.0, 0.0, 0.0, 0.0, 0.0, 0.0, 0.0, 154.4511473843847, 0.0, 0.0, 0.0, 0.0, 0.0, 0.0, 0.0, 0.0, 292.22600403909917, 0.0, 0.0, 0.0, 0.0, 0.0, 0.0, 0.0, 0.0, 0.0, 0.0, 0.0, 0.0, 0.0, 0.0, 0.0, 0.0, 0.0, 0.0, 0.0, 0.0, 780.0926083466379, 0.0, 0.0, 0.0, 802.2531400951455, 0.0, 53.020689092130915, 0.0, 0.0, 0.0, 0.0, 0.0, 0.0, 0.0, 0.0, 0.0, 780.6209168978371, 0.0, 0.0, 0.0, 0.0, 776.1879410912376, 0.0, 0.0, 789.7144734935098, 0.0, 0.0, 0.0, 0.0, 0.0, 0.0, 0.0, 0.0, 0.0, 0.0, 0.0, 0.0, 0.0, 0.0, 0.0, 0.0, 0.0, 0.0, 788.3707994092138, 0.0, 0.0, 0.0, 0.0, 0.0, 0.0, 0.0, 0.0]
INFORMACIÓN : 7apuestaBundle [795.7496445271549, 792.3253462281368, 790.3464300485526, 770.9814469661966, 256.74760267347165]
INFORMACIÓN : 7positionsBundle [131, 86, 268, 253, 952]
INFORMACIÓN : 7levelsBundle [3, 3, 3, 3, 2]
INFORMACIÓN : 7positionsOrdered [131, 86, 268, 253, 952]
INFORMACIÓN : 7levelsOrdered [3, 3, 3, 3, 2]
INFORMACIÓN : 7partialityOrdered [3, 3, 3, 3, 2]
INFORMACIÓN : 7arrivalTimes [56.470718501698826, 61.56973801529161, 80.00882692987739, 95.00882692987739, 109.04449577749558]
INFORMACIÓN : 8historia0[0.0, 0.0, 0.0, 792.3253462281368, 0.0, 0.0, 0.0, 0.0, 0.0, 0.0, 0.0, 0.0, 0.0, 0.0, 0.0, 0.0, 0.0, 0.0, 0.0, 0.0, 0.0, 0.0, 0.0, 774.4839355387355, 795.3484678964646, 0.0, 0.0, 0.0, 0.0, 0.0, 0.0, 0.0, 0.0, 0.0, 0.0, 0.0, 0.0, 0.0, 0.0, 0.0, 0.0, 798.0054054916034, 783.4563778275367, 0.0, 0.0, 0.0, 0.0, 0.0, 0.0, 0.0, 0.0, 801.0853855977341, 0.0, 0.0, 0.0, 0.0, 0.0, 0.0, 0.0, 0.0, 0.0, 0.0, 0.0, 0.0, 0.0, 0.0, 0.0, 0.0, 0.0, 0.0, 790.3464300485526, 0.0, 0.0, 0.0, 0.0, 0.0, 795.7496445271549, 0.0, 285.4004813092754, 0.0, 0.0, 0.0, 256.74760267347165, 0.0, 0.0, 0.0, 0.0, 0.0, 0.0, 0.0, 0.0, 0.0, 0.0, 0.0, 0.0, 0.0, 0.0, 0.0, 0.0, 0.0, 0.0, 0.0, 0.0, 0.0, 0.0, 0.0, 0.0, 0.0, 0.0, 0.0, 0.0, 0.0, 0.0, 0.0, 0.0, 0.0, 0.0, 0.0, 780.0926083466379, 0.0, 0.0, 0.0, 802.2531400951455, 0.0, 0.0, 0.0, 0.0, 0.0, 0.0, 770.9814469661966, 0.0, 0.0, 0.0, 0.0, 780.6209168978371, 0.0, 0.0, 0.0, 0.0, 0.0, 0.0, 0.0, 789.7144734935098, 0.0, 0.0, 0.0, 0.0, 0.0, 0.0, 0.0, 0.0, 0.0, 0.0, 0.0, 0.0, 0.0, 0.0, 0.0, 0.0, 0.0, 0.0, 788.3707994092138, 0.0, 0.0, 0.0, 0.0, 0.0, 0.0, 0.0, 0.0]
INFORMACIÓN : 8apuestaBundle [795.7496445271549, 792.3253462281368, 790.3464300485526, 770.9814469661966, 256.74760267347165]
INFORMACIÓN : 8positionsBundle [131, 86, 268, 253, 952]
INFORMACIÓN : 8levelsBundle [3, 3, 3, 3, 2]
INFORMACIÓN : 8positionsOrdered [131, 86, 268, 253, 952]
INFORMACIÓN : 8levelsOrdered [3, 3, 3, 3, 2]
INFORMACIÓN : 8partialityOrdered [3, 3, 3, 3, 2]
INFORMACIÓN : 8arrivalTimes [56.470718501698826, 61.56973801529161, 80.00882692987739, 95.00882692987739, 109.04449577749558]
INFORMACIÓN : 9historia0[0.0, 0.0, 0.0, 792.3253462281368, 0.0, 0.0, 0.0, 0.0, 0.0, 0.0, 0.0, 0.0, 0.0, 0.0, 0.0, 0.0, 0.0, 0.0, 0.0, 0.0, 0.0, 0.0, 0.0, 772.4383203817988, 795.3484678964646, 789.9798745585753, 0.0, 0.0, 0.0, 0.0, 0.0, 0.0, 0.0, 0.0, 0.0, 0.0, 0.0, 0.0, 0.0, 0.0, 0.0, 798.0054054916034, 783.4563778275367, 0.0, 0.0, 0.0, 0.0, 0.0, 0.0, 0.0, 0.0, 801.0853855977341, 0.0, 0.0, 0.0, 0.0, 0.0, 0.0, 0.0, 0.0, 0.0, 45.25286689043469, 0.0, 0.0, 0.0, 0.0, 792.0589201773506, 0.0, 0.0, 0.0, 790.3464300485526, 0.0, 0.0, 757.0925443763981, 0.0, 0.0, 795.7496445271549, 0.0, 285.4004813092754, 0.0, 0.0, 0.0, 256.74760267347165, 0.0, 0.0, 0.0, 0.0, 0.0, 0.0, 0.0, 0.0, 0.0, 42.902024595221064, 0.0, 0.0, 0.0, 0.0, 292.22600403909917, 0.0, 0.0, 0.0, 50.789197548823125, 0.0, 0.0, 45.25286689043469, 0.0, 0.0, 0.0, 0.0, 0.0, 0.0, 0.0, 0.0, 0.0, 0.0, 0.0, 0.0, 0.0, 780.255132997218, 0.0, 280.3707970921423, 0.0, 802.2531400951455, 0.0, 0.0, 0.0, 0.0, 0.0, 0.0, 770.9814469661966, 0.0, 0.0, 0.0, 0.0, 780.6360040348227, 0.0, 0.0, 0.0, 0.0, 776.1879410912376, 0.0, 0.0, 789.7295874731769, 0.0, 0.0, 0.0, 0.0, 0.0, 0.0, 0.0, 0.0, 0.0, 0.0, 0.0, 0.0, 0.0, 0.0, 0.0, 0.0, 0.0, 0.0, 788.3707994092138, 0.0, 0.0, 0.0, 0.0, 0.0, 0.0, 0.0, 0.0]
INFORMACIÓN : 9apuestaBundle [795.7496445271549, 792.3253462281368, 790.3464300485526, 770.9814469661966, 256.74760267347165]
INFORMACIÓN : 9positionsBundle [131, 86, 268, 253, 952]
INFORMACIÓN : 9levelsBundle [3, 3, 3, 3, 2]
INFORMACIÓN : 9positionsOrdered [131, 86, 268, 253, 952]
INFORMACIÓN : 9levelsOrdered [3, 3, 3, 3, 2]
INFORMACIÓN : 9partialityOrdered [3, 3, 3, 3, 2]
INFORMACIÓN : 9arrivalTimes [56.470718501698826, 61.56973801529161, 80.00882692987739, 95.00882692987739, 109.04449577749558]
INFORMACIÓN : 10historia0[0.0, 0.0, 0.0, 792.3253462281368, 0.0, 0.0, 0.0, 0.0, 0.0, 0.0, 0.0, 0.0, 0.0, 0.0, 0.0, 0.0, 0.0, 0.0, 0.0, 0.0, 0.0, 0.0, 0.0, 772.4383203817988, 795.3484678964646, 789.9798745585753, 0.0, 0.0, 0.0, 0.0, 0.0, 0.0, 0.0, 0.0, 0.0, 0.0, 0.0, 0.0, 0.0, 0.0, 0.0, 798.0054054916034, 783.4563778275367, 0.0, 0.0, 0.0, 0.0, 0.0, 0.0, 0.0, 0.0, 801.0853855977341, 0.0, 0.0, 0.0, 0.0, 0.0, 0.0, 0.0, 0.0, 0.0, 45.25286689043469, 0.0, 0.0, 0.0, 0.0, 792.0589201773506, 0.0, 0.0, 0.0, 790.3464300485526, 0.0, 0.0, 757.0925443763981, 0.0, 0.0, 795.7496445271549, 0.0, 285.4004813092754, 0.0, 0.0, 0.0, 256.74760267347165, 0.0, 0.0, 0.0, 0.0, 0.0, 0.0, 0.0, 0.0, 0.0, 42.902024595221064, 0.0, 0.0, 0.0, 0.0, 292.22600403909917, 0.0, 0.0, 0.0, 50.789197548823125, 0.0, 0.0, 45.25286689043469, 0.0, 0.0, 0.0, 0.0, 0.0, 0.0, 0.0, 0.0, 0.0, 0.0, 0.0, 0.0, 0.0, 780.255132997218, 0.0, 280.3707970921423, 0.0, 802.2531400951455, 0.0, 0.0, 0.0, 0.0, 0.0, 0.0, 770.9814469661966, 0.0, 0.0, 0.0, 0.0, 780.6360040348227, 0.0, 0.0, 0.0, 0.0, 776.1879410912376, 0.0, 0.0, 789.7295874731769, 0.0, 0.0, 0.0, 0.0, 0.0, 0.0, 0.0, 0.0, 0.0, 0.0, 0.0, 0.0, 0.0, 0.0, 0.0, 0.0, 0.0, 0.0, 788.3859141165124, 0.0, 0.0, 0.0, 0.0, 0.0, 0.0, 0.0, 0.0]
INFORMACIÓN : 10apuestaBundle [795.7496445271549, 792.3253462281368, 790.3464300485526, 770.9814469661966, 256.74760267347165]
INFORMACIÓN : 10positionsBundle [131, 86, 268, 253, 952]
INFORMACIÓN : 10levelsBundle [3, 3, 3, 3, 2]
INFORMACIÓN : 10positionsOrdered [131, 86, 268, 253, 952]
INFORMACIÓN : 10levelsOrdered [3, 3, 3, 3, 2]
INFORMACIÓN : 10partialityOrdered [3, 3, 3, 3, 2]
INFORMACIÓN : 10arrivalTimes [56.470718501698826, 61.56973801529161, 80.00882692987739, 95.00882692987739, 109.04449577749558]
INFORMACIÓN : 11historia0[0.0, 0.0, 0.0, 792.3253462281368, 0.0, 0.0, 0.0, 0.0, 0.0, 0.0, 0.0, 0.0, 0.0, 0.0, 0.0, 0.0, 0.0, 0.0, 0.0, 0.0, 0.0, 0.0, 0.0, 772.4383203817988, 795.3484678964646, 789.9798745585753, 0.0, 0.0, 0.0, 0.0, 0.0, 0.0, 0.0, 0.0, 0.0, 0.0, 0.0, 0.0, 0.0, 0.0, 0.0, 798.0054054916034, 783.4563778275367, 0.0, 0.0, 0.0, 0.0, 0.0, 0.0, 0.0, 0.0, 801.0853855977341, 0.0, 0.0, 0.0, 0.0, 0.0, 0.0, 0.0, 0.0, 0.0, 45.25286689043469, 0.0, 0.0, 0.0, 0.0, 792.0589201773506, 0.0, 0.0, 0.0, 790.3464300485526, 0.0, 0.0, 757.0925443763981, 0.0, 0.0, 795.7496445271549, 0.0, 285.4004813092754, 0.0, 0.0, 0.0, 256.74760267347165, 0.0, 0.0, 0.0, 0.0, 0.0, 0.0, 0.0, 0.0, 0.0, 42.902024595221064, 0.0, 0.0, 0.0, 0.0, 292.22600403909917, 0.0, 0.0, 0.0, 50.789197548823125, 0.0, 0.0, 45.25286689043469, 0.0, 0.0, 0.0, 0.0, 0.0, 0.0, 0.0, 0.0, 0.0, 0.0, 0.0, 0.0, 0.0, 780.255132997218, 0.0, 280.3707970921423, 0.0, 802.2531400951455, 0.0, 0.0, 0.0, 0.0, 0.0, 0.0, 770.9814469661966, 0.0, 0.0, 0.0, 0.0, 780.6360040348227, 0.0, 0.0, 0.0, 0.0, 776.1879410912376, 0.0, 0.0, 789.7295874731769, 0.0, 0.0, 0.0, 0.0, 0.0, 0.0, 0.0, 0.0, 0.0, 0.0, 0.0, 0.0, 0.0, 0.0, 0.0, 0.0, 0.0, 0.0, 788.3859141165124, 0.0, 0.0, 0.0, 0.0, 0.0, 0.0, 0.0, 0.0]
INFORMACIÓN : 11apuestaBundle [795.7496445271549, 792.3253462281368, 790.3464300485526, 770.9814469661966, 256.74760267347165]
INFORMACIÓN : 11positionsBundle [131, 86, 268, 253, 952]
INFORMACIÓN : 11levelsBundle [3, 3, 3, 3, 2]
INFORMACIÓN : 11positionsOrdered [131, 86, 268, 253, 952]
INFORMACIÓN : 11levelsOrdered [3, 3, 3, 3, 2]
INFORMACIÓN : 11partialityOrdered [3, 3, 3, 3, 2]
INFORMACIÓN : 11arrivalTimes [56.470718501698826, 61.56973801529161, 80.00882692987739, 95.00882692987739, 109.04449577749558]
INFORMACIÓN : 12historia0[0.0, 0.0, 0.0, 792.3253462281368, 0.0, 0.0, 0.0, 0.0, 0.0, 0.0, 0.0, 0.0, 0.0, 0.0, 0.0, 0.0, 0.0, 0.0, 0.0, 0.0, 0.0, 0.0, 0.0, 772.4383203817988, 795.3484678964646, 789.9798745585753, 0.0, 0.0, 0.0, 0.0, 0.0, 0.0, 0.0, 0.0, 0.0, 0.0, 0.0, 0.0, 0.0, 0.0, 0.0, 798.0054054916034, 783.4563778275367, 0.0, 0.0, 0.0, 0.0, 0.0, 0.0, 0.0, 0.0, 801.0853855977341, 0.0, 0.0, 0.0, 0.0, 0.0, 0.0, 0.0, 0.0, 0.0, 45.25286689043469, 0.0, 0.0, 0.0, 0.0, 792.0589201773506, 0.0, 0.0, 0.0, 790.3464300485526, 0.0, 0.0, 757.0925443763981, 0.0, 0.0, 795.7496445271549, 0.0, 285.4004813092754, 0.0, 0.0, 0.0, 256.74760267347165, 0.0, 0.0, 0.0, 0.0, 0.0, 0.0, 0.0, 0.0, 0.0, 42.902024595221064, 0.0, 0.0, 0.0, 0.0, 292.22600403909917, 0.0, 0.0, 0.0, 50.789197548823125, 0.0, 0.0, 45.25286689043469, 0.0, 0.0, 0.0, 0.0, 0.0, 0.0, 0.0, 0.0, 0.0, 0.0, 0.0, 0.0, 0.0, 780.255132997218, 0.0, 280.3707970921423, 0.0, 802.2531400951455, 0.0, 0.0, 0.0, 0.0, 0.0, 0.0, 770.9814469661966, 0.0, 0.0, 0.0, 0.0, 780.6360040348227, 0.0, 0.0, 0.0, 0.0, 776.1879410912376, 0.0, 0.0, 789.7295874731769, 0.0, 0.0, 0.0, 0.0, 0.0, 0.0, 0.0, 0.0, 0.0, 0.0, 0.0, 0.0, 0.0, 0.0, 0.0, 0.0, 0.0, 0.0, 788.3859141165124, 0.0, 0.0, 0.0, 0.0, 0.0, 0.0, 0.0, 0.0]
INFORMACIÓN : 12apuestaBundle [795.7496445271549, 792.3253462281368, 790.3464300485526, 770.9814469661966, 256.74760267347165]
INFORMACIÓN : 12positionsBundle [131, 86, 268, 253, 952]
INFORMACIÓN : 12levelsBundle [3, 3, 3, 3, 2]
INFORMACIÓN : 12positionsOrdered [131, 86, 268, 253, 952]
INFORMACIÓN : 12levelsOrdered [3, 3, 3, 3, 2]
INFORMACIÓN : 12partialityOrdered [3, 3, 3, 3, 2]
INFORMACIÓN : 12arrivalTimes [56.470718501698826, 61.56973801529161, 80.00882692987739, 95.00882692987739, 109.04449577749558]
INFORMACIÓN : depSat position 131 level 3
INFORMACIÓN : timeSat position 86 level 3
INFORMACIÓN : depSat position 268 level 3
INFORMACIÓN : depSat position 253 level 3
INFORMACIÓN : depSat position 952 level 2
INFORMACIÓN : 13historia0[0.0, 0.0, 0.0, 0.0, 0.0, 0.0, 0.0, 0.0, 777.819571056674, 0.0, 0.0, 0.0, 0.0, 0.0, 0.0, 0.0, 0.0, 0.0, 792.966167241904, 0.0, 0.0, 0.0, 0.0, 772.4383203817988, 795.3484678964646, 0.0, 0.0, 0.0, 0.0, 0.0, 0.0, 0.0, 0.0, 0.0, 0.0, 0.0, 0.0, 0.0, 0.0, 0.0, 0.0, 798.0054054916034, 783.4563778275367, 0.0, 0.0, 0.0, 0.0, 0.0, 0.0, 0.0, 0.0, 801.0853855977341, 0.0, 0.0, 0.0, 0.0, 0.0, 0.0, 0.0, 0.0, 0.0, 45.25286689043469, 0.0, 0.0, 0.0, 0.0, 0.0, 0.0, 0.0, 0.0, 0.0, 0.0, 0.0, 0.0, 0.0, 0.0, 0.0, 0.0, 285.4004813092754, 0.0, 0.0, 0.0, 0.0, 0.0, 0.0, 0.0, 0.0, 0.0, 0.0, 0.0, 0.0, 0.0, 42.902024595221064, 0.0, 0.0, 0.0, 0.0, 0.0, 0.0, 0.0, 0.0, 50.789197548823125, 0.0, 0.0, 45.25286689043469, 0.0, 0.0, 0.0, 0.0, 0.0, 0.0, 0.0, 0.0, 0.0, 0.0, 0.0, 0.0, 0.0, 780.255132997218, 0.0, 280.3707970921423, 0.0, 802.2531400951455, 0.0, 0.0, 0.0, 0.0, 0.0, 0.0, 0.0, 0.0, 0.0, 0.0, 0.0, 780.6360040348227, 0.0, 752.1888843313532, 0.0, 0.0, 0.0, 0.0, 0.0, 789.7295874731769, 0.0, 0.0, 0.0, 0.0, 779.3378692989528, 0.0, 0.0, 0.0, 0.0, 0.0, 0.0, 0.0, 0.0, 0.0, 0.0, 0.0, 0.0, 0.0, 788.3859141165124, 0.0, 0.0, 781.9724774343855, 0.0, 0.0, 0.0, 0.0, 0.0]
INFORMACIÓN : 13apuestaBundle [795.7647414255079, 790.3615067500422, 771.5371528249121, 256.75324821713787, 234.67930562962806]
INFORMACIÓN : 13positionsBundle [131, 268, 253, 952, 2348]
INFORMACIÓN : 13levelsBundle [3, 3, 3, 2, 2]
INFORMACIÓN : 13positionsOrdered [131, 268, 253, 952, 2348]
INFORMACIÓN : 13levelsOrdered [3, 3, 3, 2, 2]
INFORMACIÓN : 13partialityOrdered [3, 3, 3, 2, 2]
INFORMACIÓN : 13arrivalTimes [56.09959136965886, 79.63769979783743, 94.63769979783743, 108.67336864545562, 162.01191005783397]
INFORMACIÓN : 14historia0[0.0, 284.0230629296697, 0.0, 0.0, 0.0, 0.0, 0.0, 0.0, 0.0, 0.0, 0.0, 0.0, 0.0, 0.0, 0.0, 0.0, 0.0, 0.0, 792.4103854439745, 0.0, 0.0, 0.0, 0.0, 772.4383203817988, 795.3484678964646, 0.0, 0.0, 0.0, 0.0, 0.0, 0.0, 0.0, 0.0, 0.0, 0.0, 0.0, 0.0, 0.0, 0.0, 0.0, 0.0, 798.0054054916034, 783.4563778275367, 0.0, 0.0, 0.0, 0.0, 0.0, 0.0, 0.0, 0.0, 801.0853855977341, 0.0, 272.8713895088232, 0.0, 0.0, 0.0, 0.0, 0.0, 0.0, 0.0, 0.0, 0.0, 0.0, 0.0, 0.0, 0.0, 0.0, 732.2894193096502, 0.0, 790.3615067500422, 0.0, 0.0, 757.0925443763981, 0.0, 0.0, 795.7647414255079, 0.0, 285.4004813092754, 0.0, 0.0, 0.0, 256.75324821713787, 0.0, 0.0, 0.0, 0.0, 234.67930562962806, 0.0, 0.0, 0.0, 0.0, 0.0, 0.0, 0.0, 0.0, 0.0, 292.81971096982784, 0.0, 0.0, 0.0, 0.0, 0.0, 0.0, 0.0, 0.0, 0.0, 0.0, 0.0, 0.0, 0.0, 0.0, 745.3024440583727, 0.0, 0.0, 0.0, 0.0, 0.0, 780.255132997218, 0.0, 0.0, 0.0, 802.2531400951455, 0.0, 0.0, 0.0, 0.0, 0.0, 0.0, 771.5371528249121, 0.0, 0.0, 295.0753041959823, 0.0, 780.6360040348227, 0.0, 751.4678660751008, 0.0, 0.0, 776.1879410912376, 0.0, 0.0, 789.7295874731769, 0.0, 0.0, 0.0, 0.0, 0.0, 0.0, 0.0, 0.0, 0.0, 0.0, 0.0, 0.0, 0.0, 0.0, 0.0, 0.0, 0.0, 0.0, 788.3859141165124, 0.0, 0.0, 0.0, 0.0, 0.0, 0.0, 0.0, 0.0]
INFORMACIÓN : 14apuestaBundle [795.7647414255079, 790.3615067500422, 771.5371528249121, 256.75324821713787, 234.67930562962806]
INFORMACIÓN : 14positionsBundle [131, 268, 253, 952, 2348]
INFORMACIÓN : 14levelsBundle [3, 3, 3, 2, 2]
INFORMACIÓN : 14positionsOrdered [131, 268, 253, 952, 2348]
INFORMACIÓN : 14levelsOrdered [3, 3, 3, 2, 2]
INFORMACIÓN : 14partialityOrdered [3, 3, 3, 2, 2]
INFORMACIÓN : 14arrivalTimes [56.09959136965886, 79.63769979783743, 94.63769979783743, 108.67336864545562, 162.01191005783397]
INFORMACIÓN : 15historia0[0.0, 284.0230629296697, 0.0, 0.0, 0.0, 0.0, 0.0, 0.0, 0.0, 0.0, 0.0, 0.0, 0.0, 0.0, 0.0, 0.0, 0.0, 0.0, 792.4103854439745, 0.0, 0.0, 0.0, 247.42822657875809, 772.4533887231705, 795.3484678964646, 0.0, 0.0, 0.0, 0.0, 0.0, 0.0, 0.0, 0.0, 0.0, 0.0, 0.0, 0.0, 0.0, 0.0, 0.0, 0.0, 798.0054054916034, 783.4563778275367, 0.0, 0.0, 0.0, 0.0, 0.0, 0.0, 0.0, 0.0, 801.0853855977341, 0.0, 272.8713895088232, 0.0, 0.0, 0.0, 0.0, 0.0, 0.0, 0.0, 0.0, 0.0, 0.0, 0.0, 0.0, 0.0, 0.0, 732.2894193096502, 0.0, 790.3615067500422, 0.0, 0.0, 757.0925443763981, 0.0, 0.0, 795.7647414255079, 0.0, 285.4004813092754, 0.0, 0.0, 0.0, 256.75324821713787, 0.0, 0.0, 0.0, 0.0, 234.67930562962806, 0.0, 0.0, 0.0, 0.0, 0.0, 0.0, 0.0, 0.0, 0.0, 292.81971096982784, 0.0, 0.0, 0.0, 0.0, 0.0, 0.0, 0.0, 0.0, 0.0, 11.715580360612421, 0.0, 0.0, 0.0, 0.0, 745.3024440583727, 0.0, 0.0, 0.0, 0.0, 142.31817251433017, 780.270213444488, 0.0, 0.0, 0.0, 802.2531400951455, 0.0, 0.0, 0.0, 0.0, 0.0, 0.0, 771.5371528249121, 0.0, 0.0, 295.0753041959823, 0.0, 780.6360040348227, 0.0, 751.4678660751008, 0.0, 0.0, 776.1879410912376, 0.0, 0.0, 789.7295874731769, 0.0, 0.0, 0.0, 0.0, 0.0, 0.0, 0.0, 0.0, 0.0, 0.0, 0.0, 0.0, 0.0, 0.0, 0.0, 0.0, 0.0, 0.0, 788.3859141165124, 0.0, 0.0, 0.0, 0.0, 0.0, 0.0, 0.0, 0.0]
INFORMACIÓN : 15apuestaBundle [795.7647414255079, 790.3615067500422, 771.5371528249121, 256.75324821713787, 234.67930562962806]
INFORMACIÓN : 15positionsBundle [131, 268, 253, 952, 2348]
INFORMACIÓN : 15levelsBundle [3, 3, 3, 2, 2]
INFORMACIÓN : 15positionsOrdered [131, 268, 253, 952, 2348]
INFORMACIÓN : 15levelsOrdered [3, 3, 3, 2, 2]
INFORMACIÓN : 15partialityOrdered [3, 3, 3, 2, 2]
INFORMACIÓN : 15arrivalTimes [56.09959136965886, 79.63769979783743, 94.63769979783743, 108.67336864545562, 162.01191005783397]
INFORMACIÓN : 16historia0[0.0, 284.0230629296697, 0.0, 0.0, 0.0, 0.0, 0.0, 0.0, 0.0, 0.0, 0.0, 0.0, 0.0, 0.0, 0.0, 0.0, 0.0, 0.0, 792.4103854439745, 0.0, 0.0, 0.0, 247.42822657875809, 772.4533887231705, 795.362109530356, 0.0, 0.0, 0.0, 0.0, 0.0, 0.0, 0.0, 0.0, 0.0, 0.0, 0.0, 0.0, 0.0, 0.0, 0.0, 0.0, 798.1818289985807, 783.4563778275368, 0.0, 0.0, 0.0, 0.0, 0.0, 0.0, 0.0, 0.0, 801.0853855977341, 0.0, 272.8713895088232, 0.0, 0.0, 0.0, 0.0, 0.0, 0.0, 0.0, 0.0, 0.0, 0.0, 0.0, 0.0, 0.0, 0.0, 732.2894193096502, 0.0, 790.3615067500422, 0.0, 0.0, 757.0925443763981, 0.0, 0.0, 795.7647414255079, 0.0, 284.9723340176502, 0.0, 0.0, 0.0, 256.75324821713787, 0.0, 0.0, 0.0, 0.0, 234.67930562962806, 0.0, 0.0, 0.0, 0.0, 0.0, 0.0, 0.0, 0.0, 0.0, 292.81971096982784, 0.0, 0.0, 0.0, 0.0, 0.0, 0.0, 0.0, 0.0, 0.0, 11.715580360612421, 0.0, 0.0, 0.0, 0.0, 745.3024440583727, 0.0, 0.0, 0.0, 0.0, 142.31817251433017, 780.270213444488, 0.0, 0.0, 0.0, 802.2531400951455, 0.0, 0.0, 0.0, 0.0, 0.0, 0.0, 771.5371528249121, 0.0, 0.0, 295.0753041959823, 0.0, 780.6360040348227, 0.0, 751.4678660751008, 0.0, 0.0, 776.1879410912376, 0.0, 0.0, 789.7295874731769, 0.0, 0.0, 0.0, 0.0, 0.0, 0.0, 0.0, 0.0, 0.0, 0.0, 0.0, 0.0, 0.0, 0.0, 0.0, 0.0, 0.0, 0.0, 788.3859141165124, 0.0, 0.0, 0.0, 0.0, 0.0, 0.0, 0.0, 0.0]
INFORMACIÓN : 16apuestaBundle [795.7647414255079, 790.3615067500422, 771.5371528249121, 256.75324821713787, 234.67930562962806]
INFORMACIÓN : 16positionsBundle [131, 268, 253, 952, 2348]
INFORMACIÓN : 16levelsBundle [3, 3, 3, 2, 2]
INFORMACIÓN : 16positionsOrdered [131, 268, 253, 952, 2348]
INFORMACIÓN : 16levelsOrdered [3, 3, 3, 2, 2]
INFORMACIÓN : 16partialityOrdered [3, 3, 3, 2, 2]
INFORMACIÓN : 16arrivalTimes [56.09959136965886, 79.63769979783743, 94.63769979783743, 108.67336864545562, 162.01191005783397]
INFORMACIÓN : 17historia0[0.0, 284.0230629296697, 0.0, 0.0, 0.0, 0.0, 0.0, 0.0, 0.0, 0.0, 0.0, 0.0, 0.0, 0.0, 0.0, 0.0, 0.0, 0.0, 792.4103854439745, 0.0, 0.0, 0.0, 247.42822657875809, 772.4533887231705, 795.362109530356, 0.0, 0.0, 0.0, 0.0, 0.0, 0.0, 0.0, 0.0, 0.0, 0.0, 0.0, 0.0, 0.0, 0.0, 0.0, 0.0, 798.1818289985807, 783.4563778275368, 0.0, 0.0, 0.0, 0.0, 0.0, 0.0, 0.0, 0.0, 801.0853855977341, 0.0, 272.8713895088232, 0.0, 0.0, 0.0, 0.0, 0.0, 0.0, 0.0, 0.0, 0.0, 0.0, 0.0, 0.0, 0.0, 0.0, 732.2894193096502, 0.0, 790.3615067500422, 0.0, 0.0, 757.0925443763981, 0.0, 0.0, 795.7647414255079, 0.0, 284.9723340176502, 0.0, 0.0, 0.0, 256.75324821713787, 0.0, 0.0, 0.0, 0.0, 234.67930562962806, 0.0, 0.0, 0.0, 0.0, 0.0, 0.0, 0.0, 0.0, 0.0, 292.81971096982784, 0.0, 0.0, 0.0, 0.0, 0.0, 0.0, 0.0, 0.0, 0.0, 11.715580360612421, 0.0, 0.0, 0.0, 0.0, 745.3024440583727, 0.0, 0.0, 0.0, 0.0, 142.31817251433017, 780.270213444488, 0.0, 0.0, 0.0, 802.2531400951455, 0.0, 0.0, 0.0, 0.0, 0.0, 0.0, 771.5371528249121, 0.0, 0.0, 295.0753041959823, 0.0, 780.6360040348227, 0.0, 751.4678660751008, 0.0, 0.0, 776.1879410912376, 0.0, 0.0, 789.7295874731769, 0.0, 0.0, 0.0, 0.0, 0.0, 0.0, 0.0, 0.0, 0.0, 0.0, 0.0, 0.0, 0.0, 0.0, 0.0, 0.0, 0.0, 0.0, 788.3859141165124, 0.0, 0.0, 0.0, 0.0, 0.0, 0.0, 0.0, 0.0]
INFORMACIÓN : 17apuestaBundle [795.7647414255079, 790.3615067500422, 771.5371528249121, 256.75324821713787, 234.67930562962806]
INFORMACIÓN : 17positionsBundle [131, 268, 253, 952, 2348]
INFORMACIÓN : 17levelsBundle [3, 3, 3, 2, 2]
INFORMACIÓN : 17positionsOrdered [131, 268, 253, 952, 2348]
INFORMACIÓN : 17levelsOrdered [3, 3, 3, 2, 2]
INFORMACIÓN : 17partialityOrdered [3, 3, 3, 2, 2]
INFORMACIÓN : 17arrivalTimes [56.09959136965886, 79.63769979783743, 94.63769979783743, 108.67336864545562, 162.01191005783397]
INFORMACIÓN : 18historia0[0.0, 284.0230629296697, 0.0, 0.0, 0.0, 0.0, 0.0, 0.0, 0.0, 0.0, 0.0, 0.0, 0.0, 0.0, 0.0, 0.0, 0.0, 0.0, 792.4103854439745, 0.0, 0.0, 0.0, 247.42822657875809, 772.4533887231705, 795.362109530356, 0.0, 0.0, 0.0, 0.0, 0.0, 0.0, 0.0, 0.0, 0.0, 0.0, 0.0, 0.0, 0.0, 0.0, 0.0, 0.0, 798.1818289985807, 783.4563778275368, 0.0, 0.0, 0.0, 0.0, 0.0, 0.0, 0.0, 0.0, 801.0853855977341, 0.0, 272.8713895088232, 0.0, 0.0, 0.0, 0.0, 0.0, 0.0, 0.0, 0.0, 0.0, 0.0, 0.0, 0.0, 0.0, 0.0, 732.2894193096502, 0.0, 790.3615067500422, 0.0, 0.0, 757.0925443763981, 0.0, 0.0, 795.7647414255079, 0.0, 284.9723340176502, 0.0, 0.0, 0.0, 256.75324821713787, 0.0, 0.0, 0.0, 0.0, 234.67930562962806, 0.0, 0.0, 0.0, 0.0, 0.0, 0.0, 0.0, 0.0, 0.0, 292.81971096982784, 0.0, 0.0, 0.0, 0.0, 0.0, 0.0, 0.0, 0.0, 0.0, 11.715580360612421, 0.0, 0.0, 0.0, 0.0, 745.3024440583727, 0.0, 0.0, 0.0, 0.0, 142.31817251433017, 780.270213444488, 0.0, 0.0, 0.0, 802.2531400951455, 0.0, 0.0, 0.0, 0.0, 0.0, 0.0, 771.5371528249121, 0.0, 0.0, 295.0753041959823, 0.0, 780.6360040348227, 0.0, 751.4678660751008, 0.0, 0.0, 776.1879410912376, 0.0, 0.0, 789.7295874731769, 0.0, 0.0, 0.0, 0.0, 0.0, 0.0, 0.0, 0.0, 0.0, 0.0, 0.0, 0.0, 0.0, 0.0, 0.0, 0.0, 0.0, 0.0, 788.3859141165124, 0.0, 0.0, 0.0, 0.0, 0.0, 0.0, 0.0, 0.0]
INFORMACIÓN : 18apuestaBundle [795.7647414255079, 790.3615067500422, 771.5371528249121, 256.75324821713787, 234.67930562962806]
INFORMACIÓN : 18positionsBundle [131, 268, 253, 952, 2348]
INFORMACIÓN : 18levelsBundle [3, 3, 3, 2, 2]
INFORMACIÓN : 18positionsOrdered [131, 268, 253, 952, 2348]
INFORMACIÓN : 18levelsOrdered [3, 3, 3, 2, 2]
INFORMACIÓN : 18partialityOrdered [3, 3, 3, 2, 2]
INFORMACIÓN : 18arrivalTimes [56.09959136965886, 79.63769979783743, 94.63769979783743, 108.67336864545562, 162.01191005783397]
INFORMACIÓN : depSat position 131 level 3
INFORMACIÓN : depSat position 952 level 2
INFORMACIÓN : depSat position 2348 level 2
INFORMACIÓN : 19historia0[0.0, 0.0, 0.0, 0.0, 0.0, 0.0, 0.0, 0.0, 0.0, 0.0, 0.0, 0.0, 0.0, 0.0, 0.0, 0.0, 0.0, 0.0, 792.4103854439745, 0.0, 0.0, 0.0, 247.42822657875809, 772.4533887231705, 795.362109530356, 0.0, 0.0, 0.0, 0.0, 0.0, 0.0, 0.0, 0.0, 0.0, 0.0, 0.0, 0.0, 0.0, 0.0, 0.0, 0.0, 798.1818289985807, 783.4563778275368, 0.0, 0.0, 0.0, 0.0, 0.0, 0.0, 0.0, 0.0, 801.0853855977341, 0.0, 0.0, 0.0, 0.0, 0.0, 0.0, 0.0, 0.0, 0.0, 0.0, 0.0, 0.0, 0.0, 0.0, 0.0, 0.0, 732.2894193096502, 0.0, 0.0, 0.0, 0.0, 757.0925443763981, 0.0, 0.0, 0.0, 0.0, 284.9723340176502, 0.0, 0.0, 0.0, 0.0, 0.0, 0.0, 0.0, 0.0, 0.0, 0.0, 0.0, 0.0, 0.0, 0.0, 0.0, 0.0, 0.0, 0.0, 0.0, 0.0, 0.0, 0.0, 0.0, 0.0, 0.0, 0.0, 0.0, 0.0, 11.715580360612421, 0.0, 0.0, 0.0, 0.0, 745.3024440583727, 0.0, 0.0, 0.0, 0.0, 142.31817251433017, 780.270213444488, 0.0, 0.0, 0.0, 802.2531400951455, 0.0, 0.0, 0.0, 0.0, 0.0, 0.0, 0.0, 0.0, 0.0, 295.0753041959823, 0.0, 780.6360040348227, 0.0, 751.4678660751008, 0.0, 0.0, 776.1879410912376, 0.0, 0.0, 789.7295874731769, 0.0, 0.0, 0.0, 0.0, 0.0, 0.0, 0.0, 0.0, 0.0, 0.0, 0.0, 0.0, 0.0, 0.0, 0.0, 0.0, 0.0, 0.0, 788.3859141165124, 0.0, 0.0, 0.0, 0.0, 0.0, 0.0, 0.0, 0.0]
INFORMACIÓN : 19apuestaBundle [795.7647414255079, 792.3404375112673, 790.3615067500422, 771.0776387609681, 256.75324821713787]
INFORMACIÓN : 19positionsBundle [131, 86, 268, 253, 952]
INFORMACIÓN : 19levelsBundle [3, 3, 3, 3, 2]
INFORMACIÓN : 19positionsOrdered [131, 86, 268, 253, 952]
INFORMACIÓN : 19levelsOrdered [3, 3, 3, 3, 2]
INFORMACIÓN : 19partialityOrdered [3, 3, 3, 3, 2]
INFORMACIÓN : 19arrivalTimes [56.09959136965886, 61.198610883251646, 79.63769979783743, 94.63769979783743, 108.67336864545562]
INFORMACIÓN : 20historia0[0.0, 0.0, 0.0, 792.3404375112673, 0.0, 0.0, 267.0225655006112, 0.0, 0.0, 0.0, 0.0, 0.0, 0.0, 0.0, 0.0, 0.0, 0.0, 0.0, 792.4103854439745, 0.0, 0.0, 0.0, 260.5514545995585, 772.4533887231705, 795.362109530356, 0.0, 0.0, 0.0, 0.0, 0.0, 0.0, 0.0, 0.0, 0.0, 0.0, 0.0, 0.0, 0.0, 0.0, 0.0, 0.0, 798.1818289985807, 783.4563778275368, 0.0, 0.0, 0.0, 0.0, 0.0, 0.0, 0.0, 0.0, 801.0853855977341, 0.0, 0.0, 0.0, 0.0, 0.0, 0.0, 0.0, 0.0, 0.0, 0.0, 0.0, 0.0, 0.0, 0.0, 0.0, 0.0, 0.0, 0.0, 790.3615067500422, 0.0, 0.0, 757.0925443763981, 0.0, 0.0, 795.7647414255079, 0.0, 284.9723340176502, 0.0, 0.0, 0.0, 256.75324821713787, 0.0, 0.0, 0.0, 0.0, 0.0, 136.79923724124546, 0.0, 0.0, 0.0, 91.11902757948928, 0.0, 0.0, 0.0, 0.0, 0.0, 0.0, 0.0, 0.0, 0.0, 0.0, 0.0, 0.0, 0.0, 0.0, 0.0, 0.0, 0.0, 0.0, 0.0, 0.0, 0.0, 0.0, 0.0, 0.0, 0.0, 780.270213444488, 0.0, 250.22138374988094, 0.0, 802.2531400951455, 0.0, 0.0, 0.0, 0.0, 0.0, 0.0, 771.0776387609681, 0.0, 0.0, 0.0, 0.0, 780.6360040348227, 0.0, 0.0, 236.154668475446, 0.0, 776.1879410912376, 0.0, 0.0, 789.7295874731769, 0.0, 182.9477347703234, 0.0, 0.0, 0.0, 0.0, 0.0, 0.0, 0.0, 0.0, 0.0, 0.0, 0.0, 0.0, 0.0, 0.0, 0.0, 0.0, 788.3859141165124, 0.0, 0.0, 0.0, 0.0, 0.0, 0.0, 0.0, 0.0]
INFORMACIÓN : 20apuestaBundle [795.7647414255079, 792.3404375112673, 790.3615067500422, 771.0776387609681, 256.75324821713787]
INFORMACIÓN : 20positionsBundle [131, 86, 268, 253, 952]
INFORMACIÓN : 20levelsBundle [3, 3, 3, 3, 2]
INFORMACIÓN : 20positionsOrdered [131, 86, 268, 253, 952]
INFORMACIÓN : 20levelsOrdered [3, 3, 3, 3, 2]
INFORMACIÓN : 20partialityOrdered [3, 3, 3, 3, 2]
INFORMACIÓN : 20arrivalTimes [56.09959136965886, 61.198610883251646, 79.63769979783743, 94.63769979783743, 108.67336864545562]
INFORMACIÓN : 21historia0[0.0, 0.0, 0.0, 792.3404375112673, 0.0, 0.0, 267.0225655006112, 0.0, 0.0, 0.0, 0.0, 0.0, 0.0, 0.0, 0.0, 0.0, 0.0, 0.0, 792.4103854439745, 0.0, 0.0, 0.0, 0.0, 772.4533887231705, 795.362109530356, 0.0, 0.0, 0.0, 0.0, 0.0, 0.0, 0.0, 0.0, 0.0, 0.0, 0.0, 79.65089110829535, 0.0, 0.0, 0.0, 0.0, 798.1818289985807, 783.4563778275368, 0.0, 0.0, 0.0, 0.0, 0.0, 0.0, 0.0, 0.0, 801.0853855977341, 0.0, 0.0, 0.0, 0.0, 0.0, 0.0, 0.0, 0.0, 0.0, 0.0, 0.0, 0.0, 0.0, 0.0, 0.0, 0.0, 0.0, 0.0, 790.3615067500422, 0.0, 0.0, 757.0925443763981, 0.0, 0.0, 795.7647414255079, 0.0, 284.9723340176502, 0.0, 0.0, 0.0, 256.75324821713787, 0.0, 0.0, 0.0, 0.0, 0.0, 150.20648883819285, 0.0, 0.0, 0.0, 91.11902757948928, 0.0, 0.0, 0.0, 0.0, 0.0, 0.0, 0.0, 0.0, 71.15849628332478, 0.0, 0.0, 0.0, 0.0, 0.0, 0.0, 0.0, 0.0, 0.0, 0.0, 0.0, 0.0, 0.0, 0.0, 0.0, 138.6892307583729, 780.2702440814285, 0.0, 0.0, 0.0, 802.2531400951455, 0.0, 65.71720874382004, 0.0, 0.0, 0.0, 0.0, 771.0776387609681, 0.0, 0.0, 245.43459951197428, 0.0, 780.7173132685264, 0.0, 0.0, 236.154668475446, 0.0, 776.1879410912376, 0.0, 0.0, 789.8110413703675, 0.0, 182.9477347703234, 0.0, 0.0, 0.0, 0.0, 0.0, 0.0, 0.0, 0.0, 0.0, 0.0, 0.0, 0.0, 0.0, 0.0, 0.0, 0.0, 788.3859141165124, 0.0, 0.0, 0.0, 0.0, 0.0, 0.0, 0.0, 0.0]
INFORMACIÓN : 21apuestaBundle [795.7647414255079, 792.3404375112673, 790.3615067500422, 771.0776387609681, 256.75324821713787]
INFORMACIÓN : 21positionsBundle [131, 86, 268, 253, 952]
INFORMACIÓN : 21levelsBundle [3, 3, 3, 3, 2]
INFORMACIÓN : 21positionsOrdered [131, 86, 268, 253, 952]
INFORMACIÓN : 21levelsOrdered [3, 3, 3, 3, 2]
INFORMACIÓN : 21partialityOrdered [3, 3, 3, 3, 2]
INFORMACIÓN : 21arrivalTimes [56.09959136965886, 61.198610883251646, 79.63769979783743, 94.63769979783743, 108.67336864545562]
INFORMACIÓN : 22historia0[0.0, 0.0, 0.0, 792.3404375112673, 0.0, 0.0, 267.0225655006112, 0.0, 0.0, 0.0, 0.0, 0.0, 0.0, 0.0, 0.0, 0.0, 0.0, 57.073209810078424, 792.4103854439745, 0.0, 0.0, 0.0, 0.0, 772.4533887231705, 795.362109530356, 0.0, 0.0, 0.0, 0.0, 0.0, 0.0, 0.0, 0.0, 0.0, 0.0, 0.0, 79.65089110829535, 0.0, 0.0, 0.0, 0.0, 798.1818289985807, 783.4563778275368, 0.0, 0.0, 0.0, 0.0, 0.0, 0.0, 0.0, 0.0, 801.0853855977341, 0.0, 0.0, 0.0, 0.0, 0.0, 0.0, 0.0, 0.0, 65.16205415069467, 0.0, 0.0, 0.0, 0.0, 0.0, 0.0, 0.0, 0.0, 0.0, 790.3615067500422, 0.0, 0.0, 757.0925443763981, 0.0, 0.0, 795.7647414255079, 0.0, 285.4004813092754, 0.0, 0.0, 0.0, 256.75324821713787, 0.0, 35.49149755515157, 0.0, 0.0, 0.0, 150.20648883819285, 0.0, 0.0, 0.0, 0.0, 0.0, 0.0, 0.0, 0.0, 0.0, 0.0, 0.0, 0.0, 0.0, 0.0, 0.0, 0.0, 0.0, 0.0, 0.0, 0.0, 0.0, 0.0, 0.0, 0.0, 0.0, 0.0, 0.0, 0.0, 138.6892307583729, 780.2702440814285, 0.0, 0.0, 0.0, 802.2531400951455, 0.0, 0.0, 0.0, 0.0, 0.0, 0.0, 771.0776387609681, 0.0, 0.0, 245.43459951197428, 0.0, 780.7173132685264, 0.0, 0.0, 236.154668475446, 0.0, 776.1879410912376, 0.0, 0.0, 789.8110413703675, 0.0, 182.9477347703234, 0.0, 0.0, 0.0, 0.0, 0.0, 0.0, 0.0, 0.0, 0.0, 0.0, 0.0, 0.0, 0.0, 0.0, 0.0, 0.0, 788.3859141165124, 0.0, 0.0, 0.0, 0.0, 0.0, 0.0, 0.0, 0.0]
INFORMACIÓN : 22apuestaBundle [795.7647414255079, 792.3404375112673, 790.3615067500422, 771.0776387609681, 256.75324821713787]
INFORMACIÓN : 22positionsBundle [131, 86, 268, 253, 952]
INFORMACIÓN : 22levelsBundle [3, 3, 3, 3, 2]
INFORMACIÓN : 22positionsOrdered [131, 86, 268, 253, 952]
INFORMACIÓN : 22levelsOrdered [3, 3, 3, 3, 2]
INFORMACIÓN : 22partialityOrdered [3, 3, 3, 3, 2]
INFORMACIÓN : 22arrivalTimes [56.09959136965886, 61.198610883251646, 79.63769979783743, 94.63769979783743, 108.67336864545562]
