----------------------------------------------------------------------
-- Log session for [myBugCoalitionsCCBBAGuaiDEF-363] started on 2017.07.13.00.58.54 --
----------------------------------------------------------------------

INFORMACIÓN : I started
INFORMACIÓN : 0apuestaBundle [802.2531400951455, 790.2058102283988, 781.0673663308617, 780.7367267699951, 774.4839355387355]
INFORMACIÓN : 0positionsBundle [1139, 1588, 131, 86, 268]
INFORMACIÓN : 0levelsBundle [3, 3, 3, 3, 3]
INFORMACIÓN : 0positionsOrdered [1139, 1588, 131, 86, 268]
INFORMACIÓN : 0levelsOrdered [3, 3, 3, 3, 3]
INFORMACIÓN : 0partialityOrdered [3, 3, 3, 3, 3]
INFORMACIÓN : 0arrivalTimes [8.061670143710892, 17.11705528184831, 46.94992306220091, 52.048942575793696, 70.48803149037947]
INFORMACIÓN : timeSat position 1139 level 3
INFORMACIÓN : timeSat position 1588 level 3
INFORMACIÓN : 1historia0[0.0, 0.0, 0.0, 0.0, 0.0, 0.0, 0.0, 0.0, 0.0, 0.0, 0.0, 0.0, 0.0, 0.0, 0.0, 0.0, 0.0, 0.0, 0.0, 0.0, 0.0, 0.0, 0.0, 0.0, 795.362109530356, 0.0, 0.0, 0.0, 0.0, 0.0, 0.0, 0.0, 0.0, 0.0, 0.0, 0.0, 0.0, 0.0, 0.0, 0.0, 0.0, 798.1818289985807, 782.9645083510518, 0.0, 0.0, 0.0, 0.0, 0.0, 0.0, 0.0, 0.0, 0.0, 0.0, 0.0, 0.0, 0.0, 0.0, 0.0, 0.0, 0.0, 0.0, 0.0, 0.0, 0.0, 0.0, 0.0, 0.0, 791.0674668668909, 0.0, 0.0, 0.0, 0.0, 0.0, 0.0, 0.0, 0.0, 0.0, 0.0, 0.0, 0.0, 0.0, 0.0, 0.0, 0.0, 0.0, 0.0, 0.0, 0.0, 0.0, 0.0, 0.0, 0.0, 0.0, 0.0, 0.0, 0.0, 0.0, 0.0, 0.0, 0.0, 0.0, 0.0, 0.0, 0.0, 0.0, 0.0, 0.0, 0.0, 0.0, 0.0, 0.0, 0.0, 0.0, 0.0, 0.0, 0.0, 0.0, 0.0, 0.0, 0.0, 0.0, 0.0, 0.0, 0.0, 0.0, 0.0, 0.0, 0.0, 0.0, 0.0, 0.0, 0.0, 0.0, 0.0, 0.0, 0.0, 0.0, 0.0, 0.0, 0.0, 0.0, 0.0, 0.0, 0.0, 0.0, 0.0, 0.0, 0.0, 0.0, 0.0, 0.0, 0.0, 0.0, 0.0, 0.0, 0.0, 0.0, 0.0, 0.0, 0.0, 0.0, 788.7384026702563, 0.0, 0.0, 0.0, 0.0, 0.0, 0.0, 0.0, 0.0]
INFORMACIÓN : 1apuestaBundle [801.4574034014131, 789.3887453908108, 780.2957672937102, 779.9651462746585, 774.310561755437]
INFORMACIÓN : 1positionsBundle [1139, 1588, 131, 86, 268]
INFORMACIÓN : 1levelsBundle [3, 3, 3, 3, 3]
INFORMACIÓN : 1positionsOrdered [1139, 1588, 131, 86, 268]
INFORMACIÓN : 1levelsOrdered [3, 3, 3, 3, 3]
INFORMACIÓN : 1partialityOrdered [3, 3, 3, 3, 3]
INFORMACIÓN : 1arrivalTimes [27.582465583208815, 36.63785072134623, 66.47071850169883, 71.5697380152916, 90.00882692987739]
INFORMACIÓN : 2historia0[0.0, 0.0, 0.0, 0.0, 0.0, 0.0, 0.0, 0.0, 0.0, 0.0, 0.0, 0.0, 0.0, 0.0, 0.0, 0.0, 0.0, 0.0, 0.0, 0.0, 0.0, 0.0, 0.0, 774.310561755437, 795.362109530356, 0.0, 0.0, 0.0, 0.0, 0.0, 0.0, 0.0, 0.0, 0.0, 0.0, 0.0, 0.0, 0.0, 0.0, 0.0, 0.0, 798.1818289985807, 782.9645083510518, 0.0, 0.0, 0.0, 0.0, 0.0, 0.0, 0.0, 0.0, 0.0, 0.0, 0.0, 0.0, 0.0, 0.0, 0.0, 0.0, 0.0, 0.0, 0.0, 0.0, 0.0, 0.0, 0.0, 0.0, 791.0674668668909, 0.0, 0.0, 0.0, 0.0, 0.0, 0.0, 0.0, 0.0, 0.0, 0.0, 0.0, 0.0, 0.0, 0.0, 0.0, 0.0, 0.0, 0.0, 0.0, 0.0, 0.0, 0.0, 0.0, 0.0, 0.0, 0.0, 0.0, 0.0, 0.0, 0.0, 0.0, 0.0, 0.0, 0.0, 0.0, 0.0, 0.0, 0.0, 0.0, 0.0, 0.0, 0.0, 0.0, 0.0, 0.0, 0.0, 0.0, 0.0, 0.0, 0.0, 779.9651462746585, 0.0, 0.0, 0.0, 801.4574034014131, 0.0, 0.0, 0.0, 0.0, 0.0, 0.0, 0.0, 0.0, 0.0, 0.0, 0.0, 780.2957672937102, 0.0, 0.0, 0.0, 0.0, 0.0, 0.0, 0.0, 789.3887453908108, 0.0, 0.0, 0.0, 0.0, 0.0, 0.0, 0.0, 0.0, 0.0, 0.0, 0.0, 0.0, 0.0, 0.0, 0.0, 0.0, 0.0, 0.0, 788.7384026702563, 0.0, 0.0, 0.0, 0.0, 0.0, 0.0, 0.0, 0.0]
INFORMACIÓN : 2apuestaBundle [801.4574034014131, 789.3887453908108, 780.2957672937102, 779.9651462746585, 774.310561755437]
INFORMACIÓN : 2positionsBundle [1139, 1588, 131, 86, 268]
INFORMACIÓN : 2levelsBundle [3, 3, 3, 3, 3]
INFORMACIÓN : 2positionsOrdered [1139, 1588, 131, 86, 268]
INFORMACIÓN : 2levelsOrdered [3, 3, 3, 3, 3]
INFORMACIÓN : 2partialityOrdered [3, 3, 3, 3, 3]
INFORMACIÓN : 2arrivalTimes [27.582465583208815, 36.63785072134623, 66.47071850169883, 71.5697380152916, 90.00882692987739]
INFORMACIÓN : 3historia0[0.0, 0.0, 0.0, 0.0, 0.0, 0.0, 0.0, 0.0, 0.0, 0.0, 0.0, 0.0, 0.0, 0.0, 0.0, 0.0, 0.0, 0.0, 736.0120625521217, 0.0, 0.0, 0.0, 0.0, 774.310561755437, 795.362109530356, 789.9798745585753, 0.0, 0.0, 0.0, 0.0, 0.0, 0.0, 0.0, 0.0, 0.0, 0.0, 0.0, 0.0, 0.0, 0.0, 0.0, 798.1818289985807, 782.9645083510518, 0.0, 0.0, 0.0, 0.0, 0.0, 0.0, 0.0, 0.0, 801.0853855977341, 0.0, 0.0, 0.0, 0.0, 0.0, 0.0, 0.0, 0.0, 0.0, 0.0, 0.0, 0.0, 0.0, 0.0, 792.0589201773506, 791.0674668668909, 791.8756188409507, 0.0, 0.0, 0.0, 0.0, 0.0, 0.0, 0.0, 0.0, 0.0, 0.0, 0.0, 0.0, 0.0, 0.0, 0.0, 0.0, 0.0, 0.0, 0.0, 0.0, 0.0, 0.0, 0.0, 0.0, 0.0, 0.0, 0.0, 0.0, 0.0, 0.0, 0.0, 0.0, 0.0, 0.0, 0.0, 0.0, 0.0, 0.0, 0.0, 0.0, 0.0, 0.0, 0.0, 0.0, 0.0, 0.0, 0.0, 0.0, 0.0, 779.9651462746585, 0.0, 277.592096118512, 0.0, 801.4574034014131, 0.0, 0.0, 0.0, 0.0, 0.0, 0.0, 0.0, 0.0, 0.0, 0.0, 0.0, 780.2957672937102, 0.0, 0.0, 0.0, 0.0, 0.0, 0.0, 0.0, 789.3887453908108, 0.0, 0.0, 0.0, 0.0, 0.0, 0.0, 0.0, 0.0, 0.0, 0.0, 0.0, 0.0, 0.0, 0.0, 0.0, 0.0, 0.0, 0.0, 788.7384026702563, 0.0, 0.0, 743.8855062980981, 0.0, 0.0, 0.0, 0.0, 0.0]
INFORMACIÓN : 3apuestaBundle [801.4574034014131, 789.3887453908108, 780.2957672937102, 779.9651462746585, 774.310561755437]
INFORMACIÓN : 3positionsBundle [1139, 1588, 131, 86, 268]
INFORMACIÓN : 3levelsBundle [3, 3, 3, 3, 3]
INFORMACIÓN : 3positionsOrdered [1139, 1588, 131, 86, 268]
INFORMACIÓN : 3levelsOrdered [3, 3, 3, 3, 3]
INFORMACIÓN : 3partialityOrdered [3, 3, 3, 3, 3]
INFORMACIÓN : 3arrivalTimes [27.582465583208815, 36.63785072134623, 66.47071850169883, 71.5697380152916, 90.00882692987739]
INFORMACIÓN : 4historia0[0.0, 284.4713088916607, 0.0, 0.0, 0.0, 0.0, 0.0, 0.0, 0.0, 0.0, 0.0, 0.0, 0.0, 0.0, 0.0, 0.0, 0.0, 0.0, 736.0120625521217, 0.0, 0.0, 0.0, 0.0, 774.310561755437, 795.3484678964646, 789.9798745585753, 0.0, 0.0, 0.0, 0.0, 0.0, 0.0, 0.0, 0.0, 0.0, 0.0, 0.0, 0.0, 0.0, 0.0, 0.0, 798.0054054916034, 783.4563778275367, 0.0, 0.0, 0.0, 0.0, 0.0, 0.0, 0.0, 0.0, 801.0853855977341, 0.0, 0.0, 0.0, 0.0, 0.0, 0.0, 0.0, 0.0, 0.0, 0.0, 0.0, 0.0, 0.0, 0.0, 792.0589201773506, 0.0, 791.8756188409507, 0.0, 775.7269325495986, 0.0, 0.0, 759.3092734572322, 0.0, 0.0, 0.0, 0.0, 0.0, 0.0, 0.0, 0.0, 0.0, 0.0, 0.0, 0.0, 0.0, 0.0, 0.0, 0.0, 0.0, 0.0, 0.0, 0.0, 0.0, 0.0, 0.0, 292.22600403909917, 0.0, 0.0, 0.0, 0.0, 0.0, 0.0, 0.0, 0.0, 0.0, 0.0, 0.0, 0.0, 0.0, 0.0, 0.0, 0.0, 0.0, 0.0, 0.0, 0.0, 779.9651462746585, 0.0, 277.592096118512, 0.0, 801.4574034014131, 0.0, 0.0, 0.0, 0.0, 0.0, 0.0, 0.0, 0.0, 0.0, 0.0, 0.0, 780.2957672937102, 0.0, 0.0, 0.0, 0.0, 0.0, 0.0, 0.0, 789.3887453908108, 0.0, 0.0, 0.0, 0.0, 0.0, 0.0, 0.0, 0.0, 0.0, 0.0, 0.0, 0.0, 0.0, 0.0, 0.0, 0.0, 0.0, 0.0, 788.0450556250045, 0.0, 0.0, 743.8855062980981, 0.0, 0.0, 0.0, 0.0, 0.0]
INFORMACIÓN : 4apuestaBundle [801.4574034014131, 789.3887453908108, 780.2957672937102, 779.9651462746585, 774.310561755437]
INFORMACIÓN : 4positionsBundle [1139, 1588, 131, 86, 268]
INFORMACIÓN : 4levelsBundle [3, 3, 3, 3, 3]
INFORMACIÓN : 4positionsOrdered [1139, 1588, 131, 86, 268]
INFORMACIÓN : 4levelsOrdered [3, 3, 3, 3, 3]
INFORMACIÓN : 4partialityOrdered [3, 3, 3, 3, 3]
INFORMACIÓN : 4arrivalTimes [27.582465583208815, 36.63785072134623, 66.47071850169883, 71.5697380152916, 90.00882692987739]
INFORMACIÓN : 5historia0[0.0, 284.4713088916607, 0.0, 0.0, 0.0, 0.0, 0.0, 0.0, 0.0, 0.0, 0.0, 0.0, 0.0, 0.0, 0.0, 0.0, 0.0, 0.0, 736.0120625521217, 0.0, 0.0, 0.0, 0.0, 774.310561755437, 795.3484678964646, 789.9798745585753, 0.0, 0.0, 0.0, 0.0, 0.0, 0.0, 0.0, 0.0, 0.0, 0.0, 0.0, 0.0, 0.0, 0.0, 0.0, 798.0054054916034, 783.4563778275367, 0.0, 0.0, 0.0, 0.0, 0.0, 0.0, 0.0, 0.0, 801.0853855977341, 0.0, 0.0, 0.0, 0.0, 0.0, 0.0, 0.0, 0.0, 0.0, 0.0, 0.0, 0.0, 0.0, 0.0, 792.0589201773506, 0.0, 791.8756188409507, 0.0, 775.7269325495986, 0.0, 0.0, 759.3092734572322, 0.0, 0.0, 0.0, 0.0, 0.0, 0.0, 0.0, 0.0, 0.0, 0.0, 0.0, 0.0, 0.0, 0.0, 0.0, 0.0, 0.0, 0.0, 0.0, 0.0, 0.0, 0.0, 0.0, 292.22600403909917, 0.0, 0.0, 0.0, 0.0, 0.0, 0.0, 0.0, 0.0, 0.0, 0.0, 0.0, 0.0, 0.0, 0.0, 0.0, 0.0, 0.0, 0.0, 0.0, 0.0, 779.9651462746585, 0.0, 277.592096118512, 0.0, 801.4574034014131, 0.0, 0.0, 0.0, 0.0, 0.0, 0.0, 0.0, 0.0, 0.0, 0.0, 0.0, 780.2957672937102, 0.0, 0.0, 0.0, 0.0, 0.0, 0.0, 0.0, 789.3887453908108, 0.0, 0.0, 0.0, 0.0, 0.0, 0.0, 0.0, 0.0, 0.0, 0.0, 0.0, 0.0, 0.0, 0.0, 0.0, 0.0, 0.0, 0.0, 788.0450556250045, 0.0, 0.0, 743.8855062980981, 0.0, 0.0, 0.0, 0.0, 0.0]
INFORMACIÓN : 5apuestaBundle [801.4574034014131, 789.3887453908108, 780.2957672937102, 779.9651462746585, 774.310561755437]
INFORMACIÓN : 5positionsBundle [1139, 1588, 131, 86, 268]
INFORMACIÓN : 5levelsBundle [3, 3, 3, 3, 3]
INFORMACIÓN : 5positionsOrdered [1139, 1588, 131, 86, 268]
INFORMACIÓN : 5levelsOrdered [3, 3, 3, 3, 3]
INFORMACIÓN : 5partialityOrdered [3, 3, 3, 3, 3]
INFORMACIÓN : 5arrivalTimes [27.582465583208815, 36.63785072134623, 66.47071850169883, 71.5697380152916, 90.00882692987739]
INFORMACIÓN : 6historia0[0.0, 284.4713088916607, 0.0, 0.0, 0.0, 0.0, 0.0, 0.0, 0.0, 0.0, 0.0, 0.0, 0.0, 0.0, 0.0, 0.0, 0.0, 0.0, 736.0120625521217, 0.0, 0.0, 0.0, 0.0, 774.310561755437, 795.3484678964646, 789.9798745585753, 0.0, 0.0, 0.0, 0.0, 0.0, 0.0, 0.0, 0.0, 0.0, 0.0, 0.0, 0.0, 0.0, 0.0, 0.0, 798.0054054916034, 783.4563778275367, 0.0, 0.0, 0.0, 0.0, 0.0, 0.0, 0.0, 0.0, 801.0853855977341, 0.0, 0.0, 0.0, 0.0, 0.0, 0.0, 0.0, 0.0, 0.0, 0.0, 0.0, 0.0, 0.0, 0.0, 792.0589201773506, 0.0, 791.8756188409507, 0.0, 775.7269325495986, 0.0, 0.0, 759.3092734572322, 0.0, 0.0, 0.0, 0.0, 0.0, 0.0, 0.0, 0.0, 0.0, 0.0, 0.0, 0.0, 0.0, 0.0, 0.0, 0.0, 0.0, 0.0, 0.0, 0.0, 0.0, 0.0, 0.0, 292.22600403909917, 0.0, 0.0, 0.0, 0.0, 0.0, 0.0, 0.0, 0.0, 0.0, 0.0, 0.0, 0.0, 0.0, 0.0, 0.0, 0.0, 0.0, 0.0, 0.0, 0.0, 779.9651462746585, 0.0, 277.592096118512, 0.0, 801.4574034014131, 0.0, 0.0, 0.0, 0.0, 0.0, 0.0, 0.0, 0.0, 0.0, 0.0, 0.0, 780.2957672937102, 0.0, 0.0, 0.0, 0.0, 0.0, 0.0, 0.0, 789.3887453908108, 0.0, 0.0, 0.0, 0.0, 0.0, 0.0, 0.0, 0.0, 0.0, 0.0, 0.0, 0.0, 0.0, 0.0, 0.0, 0.0, 0.0, 0.0, 788.0450556250045, 0.0, 0.0, 743.8855062980981, 0.0, 0.0, 0.0, 0.0, 0.0]
INFORMACIÓN : 6apuestaBundle [801.4574034014131, 789.3887453908108, 780.2957672937102, 779.9651462746585, 774.310561755437]
INFORMACIÓN : 6positionsBundle [1139, 1588, 131, 86, 268]
INFORMACIÓN : 6levelsBundle [3, 3, 3, 3, 3]
INFORMACIÓN : 6positionsOrdered [1139, 1588, 131, 86, 268]
INFORMACIÓN : 6levelsOrdered [3, 3, 3, 3, 3]
INFORMACIÓN : 6partialityOrdered [3, 3, 3, 3, 3]
INFORMACIÓN : 6arrivalTimes [27.582465583208815, 36.63785072134623, 66.47071850169883, 71.5697380152916, 90.00882692987739]
INFORMACIÓN : depSat position 131 level 3
INFORMACIÓN : depSat position 86 level 3
INFORMACIÓN : depSat position 268 level 3
INFORMACIÓN : 7historia0[0.0, 284.4713088916607, 0.0, 0.0, 0.0, 0.0, 0.0, 0.0, 0.0, 0.0, 0.0, 0.0, 0.0, 0.0, 0.0, 0.0, 0.0, 0.0, 736.0120625521217, 0.0, 0.0, 0.0, 0.0, 0.0, 795.3484678964646, 789.9798745585753, 0.0, 0.0, 0.0, 0.0, 0.0, 0.0, 0.0, 0.0, 0.0, 0.0, 0.0, 0.0, 0.0, 0.0, 0.0, 798.0054054916034, 783.4563778275367, 0.0, 0.0, 0.0, 0.0, 0.0, 0.0, 0.0, 0.0, 801.0853855977341, 0.0, 0.0, 0.0, 0.0, 0.0, 0.0, 0.0, 0.0, 0.0, 0.0, 0.0, 0.0, 0.0, 0.0, 792.0589201773506, 0.0, 791.8756188409507, 0.0, 775.7269325495986, 0.0, 0.0, 759.3092734572322, 0.0, 0.0, 0.0, 0.0, 0.0, 0.0, 0.0, 0.0, 0.0, 0.0, 0.0, 0.0, 0.0, 0.0, 0.0, 0.0, 0.0, 0.0, 0.0, 0.0, 0.0, 0.0, 0.0, 292.22600403909917, 0.0, 0.0, 0.0, 0.0, 0.0, 0.0, 0.0, 0.0, 0.0, 0.0, 0.0, 0.0, 0.0, 0.0, 0.0, 0.0, 0.0, 0.0, 0.0, 0.0, 0.0, 0.0, 277.592096118512, 0.0, 801.4574034014131, 0.0, 0.0, 0.0, 0.0, 0.0, 0.0, 0.0, 0.0, 0.0, 0.0, 0.0, 0.0, 0.0, 0.0, 0.0, 0.0, 0.0, 0.0, 0.0, 789.3887453908108, 0.0, 0.0, 0.0, 0.0, 0.0, 0.0, 0.0, 0.0, 0.0, 0.0, 0.0, 0.0, 0.0, 0.0, 0.0, 0.0, 0.0, 0.0, 788.0450556250045, 0.0, 0.0, 743.8855062980981, 0.0, 0.0, 0.0, 0.0, 0.0]
INFORMACIÓN : 7apuestaBundle [801.4574034014131, 789.3887453908108, 374.09315705829385, 374.09315705829385, 373.77202989784337, 373.77202989784337]
INFORMACIÓN : 7positionsBundle [1139, 1588, 131, 131, 86, 86]
INFORMACIÓN : 7levelsBundle [3, 3, 2, 2, 2, 2]
INFORMACIÓN : 7positionsOrdered [1139, 1588, 131, 131, 86, 86]
INFORMACIÓN : 7levelsOrdered [3, 3, 2, 2, 2, 2]
INFORMACIÓN : 7partialityOrdered [3, 3, 3, 3, 3, 3]
INFORMACIÓN : 7arrivalTimes [27.582465583208815, 36.63785072134623, 66.47071850169883, 66.47071850169883, 71.5697380152916, 71.5697380152916]
INFORMACIÓN : depSat position 1139 level 3
INFORMACIÓN : 8historia0[0.0, 0.0, 0.0, 0.0, 0.0, 0.0, 0.0, 0.0, 0.0, 0.0, 0.0, 0.0, 0.0, 0.0, 0.0, 0.0, 0.0, 0.0, 0.0, 0.0, 0.0, 0.0, 0.0, 0.0, 795.3484678964646, 0.0, 0.0, 0.0, 0.0, 0.0, 0.0, 0.0, 0.0, 0.0, 0.0, 0.0, 0.0, 0.0, 0.0, 0.0, 0.0, 798.0054054916034, 783.4563778275367, 0.0, 0.0, 0.0, 0.0, 0.0, 0.0, 0.0, 0.0, 801.0853855977341, 0.0, 0.0, 0.0, 0.0, 0.0, 0.0, 0.0, 0.0, 0.0, 0.0, 0.0, 0.0, 0.0, 0.0, 0.0, 0.0, 0.0, 0.0, 775.7269325495986, 0.0, 0.0, 0.0, 0.0, 0.0, 0.0, 0.0, 0.0, 0.0, 0.0, 0.0, 0.0, 0.0, 0.0, 0.0, 0.0, 0.0, 0.0, 0.0, 0.0, 0.0, 0.0, 0.0, 0.0, 0.0, 0.0, 0.0, 0.0, 0.0, 0.0, 0.0, 0.0, 0.0, 0.0, 0.0, 0.0, 0.0, 0.0, 0.0, 0.0, 0.0, 0.0, 0.0, 0.0, 0.0, 0.0, 0.0, 0.0, 0.0, 0.0, 0.0, 0.0, 0.0, 0.0, 0.0, 0.0, 0.0, 0.0, 0.0, 0.0, 0.0, 0.0, 0.0, 0.0, 0.0, 0.0, 0.0, 0.0, 0.0, 0.0, 0.0, 0.0, 0.0, 0.0, 0.0, 0.0, 0.0, 0.0, 0.0, 0.0, 0.0, 0.0, 0.0, 0.0, 0.0, 0.0, 0.0, 0.0, 0.0, 0.0, 788.0450556250045, 0.0, 0.0, 0.0, 0.0, 0.0, 0.0, 0.0, 0.0]
INFORMACIÓN : 8apuestaBundle [802.2531400951455, 789.5515931557552, 780.4583258382934, 780.1277010213182, 772.1135758503145]
INFORMACIÓN : 8positionsBundle [1139, 1588, 131, 86, 268]
INFORMACIÓN : 8levelsBundle [3, 3, 3, 3, 3]
INFORMACIÓN : 8positionsOrdered [1139, 1588, 131, 86, 268]
INFORMACIÓN : 8levelsOrdered [3, 3, 3, 3, 3]
INFORMACIÓN : 8partialityOrdered [3, 3, 3, 3, 3]
INFORMACIÓN : 8arrivalTimes [8.061670143710892, 32.63785072134623, 62.470718501698826, 67.5697380152916, 86.00882692987739]
INFORMACIÓN : 9historia0[0.0, 0.0, 0.0, 0.0, 0.0, 0.0, 0.0, 0.0, 0.0, 0.0, 0.0, 0.0, 0.0, 0.0, 0.0, 0.0, 0.0, 0.0, 0.0, 0.0, 0.0, 0.0, 238.74468903961792, 772.1135758503145, 795.3484678964646, 789.9798745585753, 0.0, 0.0, 0.0, 0.0, 0.0, 0.0, 0.0, 0.0, 0.0, 0.0, 0.0, 0.0, 0.0, 0.0, 0.0, 798.0054054916034, 783.4563778275367, 0.0, 0.0, 0.0, 0.0, 0.0, 0.0, 0.0, 0.0, 801.0853855977341, 0.0, 0.0, 0.0, 0.0, 0.0, 0.0, 237.41055810476792, 0.0, 0.0, 0.0, 0.0, 0.0, 0.0, 0.0, 792.0589201773506, 0.0, 0.0, 0.0, 775.7269325495986, 0.0, 0.0, 0.0, 0.0, 0.0, 0.0, 0.0, 0.0, 0.0, 0.0, 0.0, 0.0, 0.0, 0.0, 0.0, 0.0, 0.0, 0.0, 0.0, 0.0, 0.0, 0.0, 0.0, 0.0, 0.0, 0.0, 0.0, 0.0, 0.0, 0.0, 0.0, 0.0, 0.0, 0.0, 0.0, 0.0, 0.0, 0.0, 0.0, 0.0, 0.0, 0.0, 0.0, 0.0, 0.0, 0.0, 151.00171005347033, 780.1277010213182, 0.0, 0.0, 0.0, 802.2531400951455, 0.0, 0.0, 0.0, 0.0, 0.0, 0.0, 0.0, 0.0, 0.0, 227.89130901319322, 0.0, 780.4583258382934, 0.0, 0.0, 0.0, 0.0, 776.1879410912376, 0.0, 0.0, 789.5515931557552, 0.0, 0.0, 0.0, 0.0, 0.0, 0.0, 0.0, 0.0, 0.0, 0.0, 0.0, 0.0, 0.0, 0.0, 0.0, 0.0, 0.0, 0.0, 788.0450556250045, 0.0, 0.0, 0.0, 0.0, 0.0, 0.0, 0.0, 0.0]
INFORMACIÓN : 9apuestaBundle [802.2531400951455, 789.5515931557552, 780.4583258382934, 780.1277010213182, 772.1135758503145]
INFORMACIÓN : 9positionsBundle [1139, 1588, 131, 86, 268]
INFORMACIÓN : 9levelsBundle [3, 3, 3, 3, 3]
INFORMACIÓN : 9positionsOrdered [1139, 1588, 131, 86, 268]
INFORMACIÓN : 9levelsOrdered [3, 3, 3, 3, 3]
INFORMACIÓN : 9partialityOrdered [3, 3, 3, 3, 3]
INFORMACIÓN : 9arrivalTimes [8.061670143710892, 32.63785072134623, 62.470718501698826, 67.5697380152916, 86.00882692987739]
INFORMACIÓN : 10historia0[0.0, 0.0, 0.0, 0.0, 0.0, 0.0, 0.0, 0.0, 0.0, 0.0, 0.0, 0.0, 0.0, 0.0, 0.0, 352.7109792966409, 0.0, 0.0, 0.0, 0.0, 0.0, 0.0, 238.74468903961792, 772.1135758503145, 795.3484678964646, 789.9798745585753, 0.0, 0.0, 0.0, 0.0, 0.0, 0.0, 0.0, 0.0, 0.0, 0.0, 0.0, 0.0, 0.0, 0.0, 0.0, 798.0054054916034, 783.4563778275367, 0.0, 0.0, 0.0, 0.0, 0.0, 0.0, 0.0, 0.0, 801.0853855977341, 0.0, 0.0, 0.0, 0.0, 0.0, 0.0, 237.41055810476792, 0.0, 0.0, 0.0, 352.7109792966409, 0.0, 0.0, 0.0, 792.0589201773506, 0.0, 0.0, 0.0, 775.8892941717293, 0.0, 0.0, 0.0, 0.0, 0.0, 0.0, 0.0, 0.0, 0.0, 0.0, 0.0, 0.0, 0.0, 0.0, 0.0, 0.0, 0.0, 0.0, 0.0, 0.0, 0.0, 0.0, 0.0, 0.0, 0.0, 0.0, 292.22600403909917, 0.0, 0.0, 0.0, 0.0, 0.0, 0.0, 0.0, 0.0, 0.0, 0.0, 0.0, 0.0, 0.0, 0.0, 0.0, 0.0, 0.0, 0.0, 0.0, 151.00171005347033, 780.1277010213182, 0.0, 0.0, 0.0, 802.2531400951455, 0.0, 0.0, 0.0, 0.0, 0.0, 0.0, 0.0, 0.0, 0.0, 227.89130901319322, 0.0, 780.4583258382934, 0.0, 0.0, 0.0, 0.0, 776.1879410912376, 0.0, 0.0, 789.5515931557552, 0.0, 0.0, 0.0, 0.0, 0.0, 0.0, 0.0, 0.0, 0.0, 0.0, 0.0, 0.0, 0.0, 0.0, 0.0, 0.0, 0.0, 0.0, 788.20791122992, 0.0, 0.0, 0.0, 0.0, 0.0, 0.0, 0.0, 0.0]
INFORMACIÓN : 10apuestaBundle [802.2531400951455, 789.5515931557552, 780.4583258382934, 780.1277010213182, 772.1135758503145]
INFORMACIÓN : 10positionsBundle [1139, 1588, 131, 86, 268]
INFORMACIÓN : 10levelsBundle [3, 3, 3, 3, 3]
INFORMACIÓN : 10positionsOrdered [1139, 1588, 131, 86, 268]
INFORMACIÓN : 10levelsOrdered [3, 3, 3, 3, 3]
INFORMACIÓN : 10partialityOrdered [3, 3, 3, 3, 3]
INFORMACIÓN : 10arrivalTimes [8.061670143710892, 32.63785072134623, 62.470718501698826, 67.5697380152916, 86.00882692987739]
INFORMACIÓN : 11historia0[0.0, 0.0, 0.0, 0.0, 0.0, 0.0, 0.0, 0.0, 0.0, 0.0, 0.0, 0.0, 0.0, 0.0, 0.0, 352.7109792966409, 0.0, 0.0, 0.0, 0.0, 0.0, 0.0, 238.74468903961792, 772.1135758503145, 795.3484678964646, 789.9798745585753, 0.0, 0.0, 0.0, 0.0, 0.0, 0.0, 0.0, 0.0, 0.0, 0.0, 0.0, 0.0, 0.0, 0.0, 0.0, 798.0054054916034, 783.4563778275367, 0.0, 0.0, 0.0, 0.0, 0.0, 0.0, 0.0, 0.0, 801.0853855977341, 0.0, 0.0, 0.0, 0.0, 0.0, 0.0, 237.41055810476792, 0.0, 0.0, 0.0, 352.7109792966409, 0.0, 0.0, 0.0, 792.0589201773506, 0.0, 0.0, 0.0, 775.8892941717293, 0.0, 0.0, 0.0, 0.0, 0.0, 0.0, 0.0, 0.0, 0.0, 0.0, 0.0, 0.0, 0.0, 0.0, 0.0, 0.0, 0.0, 0.0, 0.0, 0.0, 0.0, 0.0, 0.0, 0.0, 0.0, 0.0, 292.22600403909917, 0.0, 0.0, 0.0, 0.0, 0.0, 0.0, 0.0, 0.0, 0.0, 0.0, 0.0, 0.0, 0.0, 0.0, 0.0, 0.0, 0.0, 0.0, 0.0, 151.00171005347033, 780.1277010213182, 0.0, 0.0, 0.0, 802.2531400951455, 0.0, 0.0, 0.0, 0.0, 0.0, 0.0, 0.0, 0.0, 0.0, 227.89130901319322, 0.0, 780.4583258382934, 0.0, 0.0, 0.0, 0.0, 776.1879410912376, 0.0, 0.0, 789.5515931557552, 0.0, 0.0, 0.0, 0.0, 0.0, 0.0, 0.0, 0.0, 0.0, 0.0, 0.0, 0.0, 0.0, 0.0, 0.0, 0.0, 0.0, 0.0, 788.20791122992, 0.0, 0.0, 0.0, 0.0, 0.0, 0.0, 0.0, 0.0]
INFORMACIÓN : 11apuestaBundle [802.2531400951455, 789.5515931557552, 780.4583258382934, 780.1277010213182, 772.1135758503145]
INFORMACIÓN : 11positionsBundle [1139, 1588, 131, 86, 268]
INFORMACIÓN : 11levelsBundle [3, 3, 3, 3, 3]
INFORMACIÓN : 11positionsOrdered [1139, 1588, 131, 86, 268]
INFORMACIÓN : 11levelsOrdered [3, 3, 3, 3, 3]
INFORMACIÓN : 11partialityOrdered [3, 3, 3, 3, 3]
INFORMACIÓN : 11arrivalTimes [8.061670143710892, 32.63785072134623, 62.470718501698826, 67.5697380152916, 86.00882692987739]
INFORMACIÓN : 12historia0[0.0, 0.0, 0.0, 0.0, 0.0, 0.0, 0.0, 0.0, 0.0, 0.0, 0.0, 0.0, 0.0, 0.0, 0.0, 352.7109792966409, 0.0, 0.0, 0.0, 0.0, 0.0, 0.0, 238.74468903961792, 772.1135758503145, 795.3484678964646, 789.9798745585753, 0.0, 0.0, 0.0, 0.0, 0.0, 0.0, 0.0, 0.0, 0.0, 0.0, 0.0, 0.0, 0.0, 0.0, 0.0, 798.0054054916034, 783.4563778275367, 0.0, 0.0, 0.0, 0.0, 0.0, 0.0, 0.0, 0.0, 801.0853855977341, 0.0, 0.0, 0.0, 0.0, 0.0, 0.0, 237.41055810476792, 0.0, 0.0, 0.0, 352.7109792966409, 0.0, 0.0, 0.0, 792.0589201773506, 0.0, 0.0, 0.0, 775.8892941717293, 0.0, 0.0, 0.0, 0.0, 0.0, 0.0, 0.0, 0.0, 0.0, 0.0, 0.0, 0.0, 0.0, 0.0, 0.0, 0.0, 0.0, 0.0, 0.0, 0.0, 0.0, 0.0, 0.0, 0.0, 0.0, 0.0, 292.22600403909917, 0.0, 0.0, 0.0, 0.0, 0.0, 0.0, 0.0, 0.0, 0.0, 0.0, 0.0, 0.0, 0.0, 0.0, 0.0, 0.0, 0.0, 0.0, 0.0, 151.00171005347033, 780.1277010213182, 0.0, 0.0, 0.0, 802.2531400951455, 0.0, 0.0, 0.0, 0.0, 0.0, 0.0, 0.0, 0.0, 0.0, 227.89130901319322, 0.0, 780.4583258382934, 0.0, 0.0, 0.0, 0.0, 776.1879410912376, 0.0, 0.0, 789.5515931557552, 0.0, 0.0, 0.0, 0.0, 0.0, 0.0, 0.0, 0.0, 0.0, 0.0, 0.0, 0.0, 0.0, 0.0, 0.0, 0.0, 0.0, 0.0, 788.20791122992, 0.0, 0.0, 0.0, 0.0, 0.0, 0.0, 0.0, 0.0]
INFORMACIÓN : 12apuestaBundle [802.2531400951455, 789.5515931557552, 780.4583258382934, 780.1277010213182, 772.1135758503145]
INFORMACIÓN : 12positionsBundle [1139, 1588, 131, 86, 268]
INFORMACIÓN : 12levelsBundle [3, 3, 3, 3, 3]
INFORMACIÓN : 12positionsOrdered [1139, 1588, 131, 86, 268]
INFORMACIÓN : 12levelsOrdered [3, 3, 3, 3, 3]
INFORMACIÓN : 12partialityOrdered [3, 3, 3, 3, 3]
INFORMACIÓN : 12arrivalTimes [8.061670143710892, 32.63785072134623, 62.470718501698826, 67.5697380152916, 86.00882692987739]
INFORMACIÓN : 13historia0[0.0, 0.0, 0.0, 0.0, 0.0, 0.0, 0.0, 0.0, 0.0, 0.0, 0.0, 0.0, 0.0, 0.0, 0.0, 352.7109792966409, 0.0, 0.0, 0.0, 0.0, 0.0, 0.0, 238.74468903961792, 772.1135758503145, 795.3484678964646, 789.9798745585753, 0.0, 0.0, 0.0, 0.0, 0.0, 0.0, 0.0, 0.0, 0.0, 0.0, 0.0, 0.0, 0.0, 0.0, 0.0, 798.0054054916034, 783.4563778275367, 0.0, 0.0, 0.0, 0.0, 0.0, 0.0, 0.0, 0.0, 801.0853855977341, 0.0, 0.0, 0.0, 0.0, 0.0, 0.0, 237.41055810476792, 0.0, 0.0, 0.0, 352.7109792966409, 0.0, 0.0, 0.0, 792.0589201773506, 0.0, 0.0, 0.0, 775.8892941717293, 0.0, 0.0, 0.0, 0.0, 0.0, 0.0, 0.0, 0.0, 0.0, 0.0, 0.0, 0.0, 0.0, 0.0, 0.0, 0.0, 0.0, 0.0, 0.0, 0.0, 0.0, 0.0, 0.0, 0.0, 0.0, 0.0, 292.22600403909917, 0.0, 0.0, 0.0, 0.0, 0.0, 0.0, 0.0, 0.0, 0.0, 0.0, 0.0, 0.0, 0.0, 0.0, 0.0, 0.0, 0.0, 0.0, 0.0, 151.00171005347033, 780.1277010213182, 0.0, 0.0, 0.0, 802.2531400951455, 0.0, 0.0, 0.0, 0.0, 0.0, 0.0, 0.0, 0.0, 0.0, 227.89130901319322, 0.0, 780.4583258382934, 0.0, 0.0, 0.0, 0.0, 776.1879410912376, 0.0, 0.0, 789.5515931557552, 0.0, 0.0, 0.0, 0.0, 0.0, 0.0, 0.0, 0.0, 0.0, 0.0, 0.0, 0.0, 0.0, 0.0, 0.0, 0.0, 0.0, 0.0, 788.20791122992, 0.0, 0.0, 0.0, 0.0, 0.0, 0.0, 0.0, 0.0]
INFORMACIÓN : 13apuestaBundle [802.2531400951455, 789.5515931557552, 780.4583258382934, 780.1277010213182, 772.1135758503145]
INFORMACIÓN : 13positionsBundle [1139, 1588, 131, 86, 268]
INFORMACIÓN : 13levelsBundle [3, 3, 3, 3, 3]
INFORMACIÓN : 13positionsOrdered [1139, 1588, 131, 86, 268]
INFORMACIÓN : 13levelsOrdered [3, 3, 3, 3, 3]
INFORMACIÓN : 13partialityOrdered [3, 3, 3, 3, 3]
INFORMACIÓN : 13arrivalTimes [8.061670143710892, 32.63785072134623, 62.470718501698826, 67.5697380152916, 86.00882692987739]
INFORMACIÓN : depSat position 1139 level 3
INFORMACIÓN : depSat position 1588 level 3
INFORMACIÓN : depSat position 131 level 3
INFORMACIÓN : depSat position 86 level 3
INFORMACIÓN : depSat position 268 level 3
INFORMACIÓN : 14historia0[0.0, 0.0, 0.0, 792.1627104864211, 0.0, 0.0, 0.0, 0.0, 0.0, 0.0, 0.0, 0.0, 0.0, 0.0, 0.0, 0.0, 0.0, 0.0, 0.0, 0.0, 0.0, 0.0, 0.0, 0.0, 795.3484678964646, 0.0, 0.0, 0.0, 0.0, 0.0, 0.0, 0.0, 0.0, 0.0, 0.0, 0.0, 0.0, 0.0, 0.0, 0.0, 0.0, 798.0054054916034, 783.4563778275367, 0.0, 0.0, 0.0, 0.0, 0.0, 0.0, 0.0, 0.0, 801.0853855977341, 0.0, 0.0, 0.0, 0.0, 0.0, 0.0, 0.0, 0.0, 0.0, 0.0, 0.0, 0.0, 0.0, 0.0, 0.0, 0.0, 0.0, 0.0, 0.0, 0.0, 0.0, 0.0, 0.0, 0.0, 795.5869482713091, 0.0, 261.50389573416044, 0.0, 0.0, 0.0, 0.0, 0.0, 0.0, 0.0, 0.0, 0.0, 0.0, 0.0, 0.0, 0.0, 0.0, 0.0, 0.0, 0.0, 0.0, 0.0, 0.0, 0.0, 0.0, 0.0, 0.0, 0.0, 0.0, 0.0, 0.0, 0.0, 0.0, 0.0, 0.0, 0.0, 0.0, 0.0, 0.0, 0.0, 0.0, 0.0, 0.0, 0.0, 0.0, 0.0, 0.0, 0.0, 0.0, 0.0, 0.0, 0.0, 0.0, 771.3597589076704, 0.0, 0.0, 0.0, 0.0, 0.0, 0.0, 0.0, 0.0, 0.0, 0.0, 0.0, 0.0, 0.0, 0.0, 0.0, 0.0, 0.0, 0.0, 0.0, 0.0, 0.0, 0.0, 0.0, 0.0, 0.0, 0.0, 0.0, 0.0, 0.0, 0.0, 0.0, 788.20791122992, 0.0, 0.0, 0.0, 0.0, 0.0, 0.0, 0.0, 0.0]
INFORMACIÓN : 14apuestaBundle [802.2531400951455, 789.7144734935098, 780.6209168978371, 780.0926083466379, 774.4839355387355]
INFORMACIÓN : 14positionsBundle [1139, 1588, 131, 86, 268]
INFORMACIÓN : 14levelsBundle [3, 3, 3, 3, 3]
INFORMACIÓN : 14positionsOrdered [1139, 1588, 131, 86, 268]
INFORMACIÓN : 14levelsOrdered [3, 3, 3, 3, 3]
INFORMACIÓN : 14partialityOrdered [3, 3, 3, 3, 3]
INFORMACIÓN : 14arrivalTimes [8.061670143710892, 28.637850721346233, 58.470718501698826, 63.56973801529161, 82.00882692987739]
INFORMACIÓN : 15historia0[0.0, 0.0, 0.0, 792.1627104864211, 0.0, 0.0, 0.0, 0.0, 0.0, 0.0, 0.0, 0.0, 0.0, 0.0, 0.0, 0.0, 0.0, 63.01256384129374, 0.0, 0.0, 0.0, 0.0, 0.0, 774.4839355387355, 795.3484678964646, 789.9798745585753, 0.0, 0.0, 366.78008295163454, 0.0, 0.0, 0.0, 0.0, 0.0, 0.0, 0.0, 81.21169491713827, 0.0, 0.0, 0.0, 0.0, 798.0054054916034, 783.4563778275367, 0.0, 0.0, 0.0, 0.0, 0.0, 0.0, 0.0, 0.0, 801.0853855977341, 0.0, 0.0, 0.0, 0.0, 366.78008295163454, 0.0, 0.0, 0.0, 0.0, 0.0, 0.0, 0.0, 0.0, 0.0, 792.0589201773506, 0.0, 0.0, 0.0, 790.1839514502661, 0.0, 0.0, 756.930364623066, 0.0, 0.0, 795.5869482713091, 0.0, 261.50389573416044, 0.0, 0.0, 0.0, 0.0, 0.0, 0.0, 0.0, 0.0, 0.0, 154.4511473843847, 0.0, 0.0, 0.0, 0.0, 0.0, 0.0, 0.0, 0.0, 292.22600403909917, 0.0, 0.0, 0.0, 0.0, 0.0, 0.0, 0.0, 0.0, 0.0, 0.0, 0.0, 0.0, 0.0, 0.0, 0.0, 0.0, 0.0, 0.0, 0.0, 0.0, 780.0926083466379, 0.0, 0.0, 0.0, 802.2531400951455, 0.0, 53.020689092130915, 0.0, 0.0, 0.0, 0.0, 771.3597589076704, 0.0, 0.0, 0.0, 0.0, 780.6209168978371, 0.0, 0.0, 0.0, 0.0, 776.1879410912376, 0.0, 0.0, 789.7144734935098, 0.0, 0.0, 0.0, 0.0, 0.0, 0.0, 0.0, 0.0, 0.0, 0.0, 0.0, 0.0, 0.0, 0.0, 0.0, 0.0, 0.0, 0.0, 788.20791122992, 0.0, 0.0, 0.0, 0.0, 0.0, 0.0, 0.0, 0.0]
INFORMACIÓN : 15apuestaBundle [802.2531400951455, 789.7144734935098, 780.6209168978371, 780.0926083466379, 774.4839355387355]
INFORMACIÓN : 15positionsBundle [1139, 1588, 131, 86, 268]
INFORMACIÓN : 15levelsBundle [3, 3, 3, 3, 3]
INFORMACIÓN : 15positionsOrdered [1139, 1588, 131, 86, 268]
INFORMACIÓN : 15levelsOrdered [3, 3, 3, 3, 3]
INFORMACIÓN : 15partialityOrdered [3, 3, 3, 3, 3]
INFORMACIÓN : 15arrivalTimes [8.061670143710892, 28.637850721346233, 58.470718501698826, 63.56973801529161, 82.00882692987739]
INFORMACIÓN : 16historia0[0.0, 0.0, 0.0, 792.1627104864211, 0.0, 0.0, 0.0, 0.0, 0.0, 0.0, 0.0, 0.0, 0.0, 0.0, 0.0, 0.0, 0.0, 63.01256384129374, 0.0, 0.0, 0.0, 0.0, 0.0, 774.4839355387355, 795.3484678964646, 789.9798745585753, 0.0, 0.0, 0.0, 0.0, 0.0, 0.0, 0.0, 0.0, 0.0, 0.0, 81.21169491713827, 0.0, 0.0, 0.0, 0.0, 798.0054054916034, 783.4563778275367, 0.0, 0.0, 0.0, 0.0, 0.0, 0.0, 0.0, 0.0, 801.0853855977341, 0.0, 0.0, 0.0, 0.0, 0.0, 0.0, 0.0, 0.0, 0.0, 0.0, 0.0, 0.0, 0.0, 0.0, 792.0589201773506, 0.0, 0.0, 0.0, 790.1839514502661, 0.0, 0.0, 756.930364623066, 0.0, 0.0, 795.5869482713091, 0.0, 285.4004813092754, 0.0, 0.0, 0.0, 0.0, 0.0, 0.0, 0.0, 0.0, 0.0, 154.4511473843847, 0.0, 0.0, 0.0, 0.0, 0.0, 0.0, 0.0, 0.0, 292.22600403909917, 0.0, 0.0, 0.0, 0.0, 0.0, 0.0, 0.0, 0.0, 0.0, 0.0, 0.0, 0.0, 0.0, 0.0, 0.0, 0.0, 0.0, 0.0, 0.0, 0.0, 780.0926083466379, 0.0, 0.0, 0.0, 802.2531400951455, 0.0, 53.020689092130915, 0.0, 0.0, 0.0, 0.0, 771.3597589076704, 0.0, 0.0, 0.0, 0.0, 780.6209168978371, 0.0, 0.0, 0.0, 0.0, 776.1879410912376, 0.0, 0.0, 789.7144734935098, 0.0, 0.0, 0.0, 0.0, 0.0, 0.0, 0.0, 0.0, 0.0, 0.0, 0.0, 0.0, 0.0, 0.0, 0.0, 0.0, 0.0, 0.0, 788.3707994092138, 0.0, 0.0, 0.0, 0.0, 0.0, 0.0, 0.0, 0.0]
INFORMACIÓN : 16apuestaBundle [802.2531400951455, 789.7144734935098, 780.6209168978371, 780.0926083466379, 774.4839355387355]
INFORMACIÓN : 16positionsBundle [1139, 1588, 131, 86, 268]
INFORMACIÓN : 16levelsBundle [3, 3, 3, 3, 3]
INFORMACIÓN : 16positionsOrdered [1139, 1588, 131, 86, 268]
INFORMACIÓN : 16levelsOrdered [3, 3, 3, 3, 3]
INFORMACIÓN : 16partialityOrdered [3, 3, 3, 3, 3]
INFORMACIÓN : 16arrivalTimes [8.061670143710892, 28.637850721346233, 58.470718501698826, 63.56973801529161, 82.00882692987739]
INFORMACIÓN : 17historia0[0.0, 0.0, 0.0, 792.1627104864211, 0.0, 0.0, 0.0, 0.0, 0.0, 0.0, 0.0, 0.0, 0.0, 0.0, 0.0, 0.0, 0.0, 63.01256384129374, 0.0, 0.0, 0.0, 0.0, 0.0, 774.4839355387355, 795.3484678964646, 789.9798745585753, 0.0, 0.0, 0.0, 0.0, 0.0, 0.0, 0.0, 0.0, 0.0, 0.0, 81.21169491713827, 0.0, 0.0, 0.0, 0.0, 798.0054054916034, 783.4563778275367, 0.0, 0.0, 0.0, 0.0, 0.0, 0.0, 0.0, 0.0, 801.0853855977341, 0.0, 0.0, 0.0, 0.0, 0.0, 0.0, 0.0, 0.0, 0.0, 0.0, 0.0, 0.0, 0.0, 0.0, 792.0589201773506, 0.0, 0.0, 0.0, 790.1839514502661, 0.0, 0.0, 756.930364623066, 0.0, 0.0, 795.5869482713091, 0.0, 285.4004813092754, 0.0, 0.0, 0.0, 256.686761777862, 0.0, 0.0, 0.0, 0.0, 0.0, 154.4511473843847, 0.0, 0.0, 0.0, 0.0, 0.0, 0.0, 0.0, 0.0, 292.22600403909917, 0.0, 0.0, 0.0, 0.0, 0.0, 0.0, 0.0, 0.0, 0.0, 0.0, 0.0, 0.0, 0.0, 0.0, 0.0, 0.0, 0.0, 0.0, 0.0, 0.0, 780.0926083466379, 0.0, 0.0, 0.0, 802.2531400951455, 0.0, 53.020689092130915, 0.0, 0.0, 0.0, 0.0, 771.3597589076704, 0.0, 0.0, 0.0, 0.0, 780.6209168978371, 0.0, 0.0, 0.0, 0.0, 776.1879410912376, 0.0, 0.0, 789.7144734935098, 0.0, 0.0, 0.0, 0.0, 0.0, 0.0, 0.0, 0.0, 0.0, 0.0, 0.0, 0.0, 0.0, 0.0, 0.0, 0.0, 0.0, 0.0, 788.3707994092138, 0.0, 0.0, 0.0, 0.0, 0.0, 0.0, 0.0, 0.0]
INFORMACIÓN : 17apuestaBundle [802.2531400951455, 789.7144734935098, 780.6209168978371, 780.0926083466379, 774.4839355387355]
INFORMACIÓN : 17positionsBundle [1139, 1588, 131, 86, 268]
INFORMACIÓN : 17levelsBundle [3, 3, 3, 3, 3]
INFORMACIÓN : 17positionsOrdered [1139, 1588, 131, 86, 268]
INFORMACIÓN : 17levelsOrdered [3, 3, 3, 3, 3]
INFORMACIÓN : 17partialityOrdered [3, 3, 3, 3, 3]
INFORMACIÓN : 17arrivalTimes [8.061670143710892, 28.637850721346233, 58.470718501698826, 63.56973801529161, 82.00882692987739]
INFORMACIÓN : 18historia0[0.0, 0.0, 0.0, 792.1627104864211, 0.0, 0.0, 0.0, 0.0, 0.0, 0.0, 0.0, 0.0, 0.0, 0.0, 0.0, 0.0, 0.0, 63.01256384129374, 0.0, 0.0, 0.0, 0.0, 0.0, 774.4839355387355, 795.3484678964646, 789.9798745585753, 0.0, 0.0, 0.0, 0.0, 0.0, 0.0, 0.0, 0.0, 0.0, 0.0, 81.21169491713827, 0.0, 0.0, 0.0, 0.0, 798.0054054916034, 783.4563778275367, 0.0, 0.0, 0.0, 0.0, 0.0, 0.0, 0.0, 0.0, 801.0853855977341, 0.0, 0.0, 0.0, 0.0, 0.0, 0.0, 0.0, 0.0, 0.0, 0.0, 0.0, 0.0, 0.0, 0.0, 792.0589201773506, 0.0, 0.0, 0.0, 790.1839514502661, 0.0, 0.0, 756.930364623066, 0.0, 0.0, 795.5869482713091, 0.0, 285.4004813092754, 0.0, 0.0, 0.0, 256.686761777862, 0.0, 0.0, 0.0, 0.0, 0.0, 154.4511473843847, 0.0, 0.0, 0.0, 0.0, 0.0, 0.0, 0.0, 0.0, 292.22600403909917, 0.0, 0.0, 0.0, 0.0, 0.0, 0.0, 0.0, 0.0, 0.0, 0.0, 0.0, 0.0, 0.0, 0.0, 0.0, 0.0, 0.0, 0.0, 0.0, 0.0, 780.0926083466379, 0.0, 0.0, 0.0, 802.2531400951455, 0.0, 53.020689092130915, 0.0, 0.0, 0.0, 0.0, 771.3597589076704, 0.0, 0.0, 0.0, 0.0, 780.6209168978371, 0.0, 0.0, 0.0, 0.0, 776.1879410912376, 0.0, 0.0, 789.7144734935098, 0.0, 0.0, 0.0, 0.0, 0.0, 0.0, 0.0, 0.0, 0.0, 0.0, 0.0, 0.0, 0.0, 0.0, 0.0, 0.0, 0.0, 0.0, 788.3707994092138, 0.0, 0.0, 0.0, 0.0, 0.0, 0.0, 0.0, 0.0]
INFORMACIÓN : 18apuestaBundle [802.2531400951455, 789.7144734935098, 780.6209168978371, 780.0926083466379, 774.4839355387355]
INFORMACIÓN : 18positionsBundle [1139, 1588, 131, 86, 268]
INFORMACIÓN : 18levelsBundle [3, 3, 3, 3, 3]
INFORMACIÓN : 18positionsOrdered [1139, 1588, 131, 86, 268]
INFORMACIÓN : 18levelsOrdered [3, 3, 3, 3, 3]
INFORMACIÓN : 18partialityOrdered [3, 3, 3, 3, 3]
INFORMACIÓN : 18arrivalTimes [8.061670143710892, 28.637850721346233, 58.470718501698826, 63.56973801529161, 82.00882692987739]
INFORMACIÓN : 19historia0[0.0, 0.0, 0.0, 0.0, 0.0, 0.0, 0.0, 0.0, 0.0, 0.0, 0.0, 0.0, 0.0, 0.0, 0.0, 0.0, 0.0, 63.01256384129374, 0.0, 0.0, 0.0, 0.0, 0.0, 774.4839355387355, 795.3484678964646, 789.9798745585753, 0.0, 0.0, 0.0, 0.0, 0.0, 0.0, 0.0, 0.0, 0.0, 0.0, 81.21169491713827, 0.0, 0.0, 0.0, 0.0, 798.0054054916034, 783.4563778275367, 0.0, 0.0, 0.0, 0.0, 0.0, 0.0, 0.0, 0.0, 801.0853855977341, 0.0, 0.0, 0.0, 0.0, 0.0, 0.0, 0.0, 0.0, 0.0, 0.0, 0.0, 0.0, 0.0, 0.0, 792.0589201773506, 0.0, 0.0, 0.0, 0.0, 0.0, 0.0, 756.930364623066, 0.0, 0.0, 0.0, 0.0, 285.4004813092754, 0.0, 0.0, 0.0, 0.0, 0.0, 0.0, 0.0, 0.0, 0.0, 154.4511473843847, 0.0, 0.0, 0.0, 0.0, 0.0, 0.0, 0.0, 0.0, 292.22600403909917, 0.0, 0.0, 0.0, 0.0, 0.0, 0.0, 0.0, 0.0, 0.0, 0.0, 0.0, 0.0, 0.0, 0.0, 0.0, 0.0, 0.0, 0.0, 0.0, 0.0, 780.0926083466379, 0.0, 0.0, 0.0, 802.2531400951455, 0.0, 53.020689092130915, 0.0, 0.0, 0.0, 0.0, 0.0, 0.0, 0.0, 0.0, 0.0, 780.6209168978371, 0.0, 0.0, 0.0, 0.0, 776.1879410912376, 0.0, 0.0, 789.7144734935098, 0.0, 0.0, 0.0, 0.0, 0.0, 0.0, 0.0, 0.0, 0.0, 0.0, 0.0, 0.0, 0.0, 0.0, 0.0, 0.0, 0.0, 0.0, 788.3707994092138, 0.0, 0.0, 0.0, 0.0, 0.0, 0.0, 0.0, 0.0]
INFORMACIÓN : 19apuestaBundle [802.2531400951455, 789.7144734935098, 780.6209168978371, 780.0926083466379, 774.4839355387355]
INFORMACIÓN : 19positionsBundle [1139, 1588, 131, 86, 268]
INFORMACIÓN : 19levelsBundle [3, 3, 3, 3, 3]
INFORMACIÓN : 19positionsOrdered [1139, 1588, 131, 86, 268]
INFORMACIÓN : 19levelsOrdered [3, 3, 3, 3, 3]
INFORMACIÓN : 19partialityOrdered [3, 3, 3, 3, 3]
INFORMACIÓN : 19arrivalTimes [8.061670143710892, 28.637850721346233, 58.470718501698826, 63.56973801529161, 82.00882692987739]
INFORMACIÓN : depSat position 1139 level 3
INFORMACIÓN : depSat position 1588 level 3
INFORMACIÓN : depSat position 131 level 3
INFORMACIÓN : depSat position 86 level 3
INFORMACIÓN : depSat position 268 level 3
INFORMACIÓN : 20historia0[0.0, 0.0, 0.0, 792.3253462281368, 0.0, 0.0, 0.0, 0.0, 0.0, 0.0, 0.0, 0.0, 0.0, 0.0, 0.0, 0.0, 0.0, 0.0, 0.0, 0.0, 0.0, 0.0, 0.0, 0.0, 795.3484678964646, 0.0, 0.0, 0.0, 0.0, 0.0, 0.0, 0.0, 0.0, 0.0, 0.0, 0.0, 0.0, 0.0, 0.0, 0.0, 0.0, 798.0054054916034, 783.4563778275367, 0.0, 0.0, 0.0, 0.0, 0.0, 0.0, 0.0, 0.0, 801.0853855977341, 0.0, 0.0, 0.0, 0.0, 0.0, 0.0, 0.0, 0.0, 0.0, 0.0, 0.0, 0.0, 0.0, 0.0, 0.0, 0.0, 0.0, 0.0, 790.3464300485526, 0.0, 0.0, 0.0, 0.0, 0.0, 795.7496445271549, 0.0, 285.4004813092754, 0.0, 0.0, 0.0, 256.74760267347165, 0.0, 0.0, 0.0, 0.0, 0.0, 0.0, 0.0, 0.0, 0.0, 0.0, 0.0, 0.0, 0.0, 0.0, 0.0, 0.0, 0.0, 0.0, 0.0, 0.0, 0.0, 0.0, 0.0, 0.0, 0.0, 0.0, 0.0, 0.0, 0.0, 0.0, 0.0, 0.0, 0.0, 0.0, 0.0, 0.0, 0.0, 0.0, 0.0, 0.0, 0.0, 0.0, 0.0, 0.0, 0.0, 0.0, 770.9814469661966, 0.0, 0.0, 0.0, 0.0, 0.0, 0.0, 0.0, 0.0, 0.0, 0.0, 0.0, 0.0, 0.0, 0.0, 0.0, 0.0, 0.0, 0.0, 0.0, 0.0, 0.0, 0.0, 0.0, 0.0, 0.0, 0.0, 0.0, 0.0, 0.0, 0.0, 0.0, 788.3707994092138, 0.0, 0.0, 0.0, 0.0, 0.0, 0.0, 0.0, 0.0]
INFORMACIÓN : 20apuestaBundle [802.2531400951455, 789.7295874731769, 780.6360040348227, 780.255132997218, 772.4383203817988]
INFORMACIÓN : 20positionsBundle [1139, 1588, 131, 86, 268]
INFORMACIÓN : 20levelsBundle [3, 3, 3, 3, 3]
INFORMACIÓN : 20positionsOrdered [1139, 1588, 131, 86, 268]
INFORMACIÓN : 20levelsOrdered [3, 3, 3, 3, 3]
INFORMACIÓN : 20partialityOrdered [3, 3, 3, 3, 3]
INFORMACIÓN : 20arrivalTimes [8.061670143710892, 28.266723589306263, 58.09959136965886, 63.198610883251646, 81.63769979783743]
INFORMACIÓN : 21historia0[0.0, 0.0, 0.0, 792.3253462281368, 0.0, 0.0, 0.0, 0.0, 0.0, 0.0, 0.0, 0.0, 0.0, 0.0, 0.0, 0.0, 0.0, 0.0, 0.0, 0.0, 0.0, 0.0, 0.0, 772.4383203817988, 795.3484678964646, 789.9798745585753, 0.0, 0.0, 0.0, 0.0, 0.0, 0.0, 0.0, 0.0, 0.0, 0.0, 0.0, 0.0, 0.0, 0.0, 0.0, 798.0054054916034, 783.4563778275367, 0.0, 0.0, 0.0, 0.0, 0.0, 0.0, 0.0, 0.0, 801.0853855977341, 0.0, 0.0, 0.0, 0.0, 0.0, 0.0, 0.0, 0.0, 0.0, 45.25286689043469, 0.0, 0.0, 0.0, 0.0, 792.0589201773506, 0.0, 0.0, 0.0, 790.3464300485526, 0.0, 0.0, 757.0925443763981, 0.0, 0.0, 795.7496445271549, 0.0, 285.4004813092754, 0.0, 0.0, 0.0, 256.74760267347165, 0.0, 0.0, 0.0, 0.0, 0.0, 0.0, 0.0, 0.0, 0.0, 42.902024595221064, 0.0, 0.0, 0.0, 0.0, 292.22600403909917, 0.0, 0.0, 0.0, 50.789197548823125, 0.0, 0.0, 45.25286689043469, 0.0, 0.0, 0.0, 0.0, 0.0, 0.0, 0.0, 0.0, 0.0, 0.0, 0.0, 0.0, 0.0, 780.255132997218, 0.0, 280.3707970921423, 0.0, 802.2531400951455, 0.0, 0.0, 0.0, 0.0, 0.0, 0.0, 770.9814469661966, 0.0, 0.0, 0.0, 0.0, 780.6360040348227, 0.0, 0.0, 0.0, 0.0, 776.1879410912376, 0.0, 0.0, 789.7295874731769, 0.0, 0.0, 0.0, 0.0, 0.0, 0.0, 0.0, 0.0, 0.0, 0.0, 0.0, 0.0, 0.0, 0.0, 0.0, 0.0, 0.0, 0.0, 788.3707994092138, 0.0, 0.0, 0.0, 0.0, 0.0, 0.0, 0.0, 0.0]
INFORMACIÓN : 21apuestaBundle [802.2531400951455, 789.7295874731769, 780.6360040348227, 780.255132997218, 772.4383203817988]
INFORMACIÓN : 21positionsBundle [1139, 1588, 131, 86, 268]
INFORMACIÓN : 21levelsBundle [3, 3, 3, 3, 3]
INFORMACIÓN : 21positionsOrdered [1139, 1588, 131, 86, 268]
INFORMACIÓN : 21levelsOrdered [3, 3, 3, 3, 3]
INFORMACIÓN : 21partialityOrdered [3, 3, 3, 3, 3]
INFORMACIÓN : 21arrivalTimes [8.061670143710892, 28.266723589306263, 58.09959136965886, 63.198610883251646, 81.63769979783743]
INFORMACIÓN : 22historia0[0.0, 0.0, 0.0, 792.3253462281368, 0.0, 0.0, 0.0, 0.0, 0.0, 0.0, 0.0, 0.0, 0.0, 0.0, 0.0, 0.0, 0.0, 0.0, 0.0, 0.0, 0.0, 0.0, 0.0, 772.4383203817988, 795.3484678964646, 789.9798745585753, 0.0, 0.0, 0.0, 0.0, 0.0, 0.0, 0.0, 0.0, 0.0, 0.0, 0.0, 0.0, 0.0, 0.0, 0.0, 798.0054054916034, 783.4563778275367, 0.0, 0.0, 0.0, 0.0, 0.0, 0.0, 0.0, 0.0, 801.0853855977341, 0.0, 0.0, 0.0, 0.0, 0.0, 0.0, 0.0, 0.0, 0.0, 45.25286689043469, 0.0, 0.0, 0.0, 0.0, 792.0589201773506, 0.0, 0.0, 0.0, 790.3464300485526, 0.0, 0.0, 757.0925443763981, 0.0, 0.0, 795.7496445271549, 0.0, 285.4004813092754, 0.0, 0.0, 0.0, 256.74760267347165, 0.0, 0.0, 0.0, 0.0, 0.0, 0.0, 0.0, 0.0, 0.0, 42.902024595221064, 0.0, 0.0, 0.0, 0.0, 292.22600403909917, 0.0, 0.0, 0.0, 50.789197548823125, 0.0, 0.0, 45.25286689043469, 0.0, 0.0, 0.0, 0.0, 0.0, 0.0, 0.0, 0.0, 0.0, 0.0, 0.0, 0.0, 0.0, 780.255132997218, 0.0, 280.3707970921423, 0.0, 802.2531400951455, 0.0, 0.0, 0.0, 0.0, 0.0, 0.0, 770.9814469661966, 0.0, 0.0, 0.0, 0.0, 780.6360040348227, 0.0, 0.0, 0.0, 0.0, 776.1879410912376, 0.0, 0.0, 789.7295874731769, 0.0, 0.0, 0.0, 0.0, 0.0, 0.0, 0.0, 0.0, 0.0, 0.0, 0.0, 0.0, 0.0, 0.0, 0.0, 0.0, 0.0, 0.0, 788.3859141165124, 0.0, 0.0, 0.0, 0.0, 0.0, 0.0, 0.0, 0.0]
INFORMACIÓN : 22apuestaBundle [802.2531400951455, 789.7295874731769, 780.6360040348227, 780.255132997218, 772.4383203817988]
INFORMACIÓN : 22positionsBundle [1139, 1588, 131, 86, 268]
INFORMACIÓN : 22levelsBundle [3, 3, 3, 3, 3]
INFORMACIÓN : 22positionsOrdered [1139, 1588, 131, 86, 268]
INFORMACIÓN : 22levelsOrdered [3, 3, 3, 3, 3]
INFORMACIÓN : 22partialityOrdered [3, 3, 3, 3, 3]
INFORMACIÓN : 22arrivalTimes [8.061670143710892, 28.266723589306263, 58.09959136965886, 63.198610883251646, 81.63769979783743]
INFORMACIÓN : 23historia0[0.0, 0.0, 0.0, 792.3253462281368, 0.0, 0.0, 0.0, 0.0, 0.0, 0.0, 0.0, 0.0, 0.0, 0.0, 0.0, 0.0, 0.0, 0.0, 0.0, 0.0, 0.0, 0.0, 0.0, 772.4383203817988, 795.3484678964646, 789.9798745585753, 0.0, 0.0, 0.0, 0.0, 0.0, 0.0, 0.0, 0.0, 0.0, 0.0, 0.0, 0.0, 0.0, 0.0, 0.0, 798.0054054916034, 783.4563778275367, 0.0, 0.0, 0.0, 0.0, 0.0, 0.0, 0.0, 0.0, 801.0853855977341, 0.0, 0.0, 0.0, 0.0, 0.0, 0.0, 0.0, 0.0, 0.0, 45.25286689043469, 0.0, 0.0, 0.0, 0.0, 792.0589201773506, 0.0, 0.0, 0.0, 790.3464300485526, 0.0, 0.0, 757.0925443763981, 0.0, 0.0, 795.7496445271549, 0.0, 285.4004813092754, 0.0, 0.0, 0.0, 256.74760267347165, 0.0, 0.0, 0.0, 0.0, 0.0, 0.0, 0.0, 0.0, 0.0, 42.902024595221064, 0.0, 0.0, 0.0, 0.0, 292.22600403909917, 0.0, 0.0, 0.0, 50.789197548823125, 0.0, 0.0, 45.25286689043469, 0.0, 0.0, 0.0, 0.0, 0.0, 0.0, 0.0, 0.0, 0.0, 0.0, 0.0, 0.0, 0.0, 780.255132997218, 0.0, 280.3707970921423, 0.0, 802.2531400951455, 0.0, 0.0, 0.0, 0.0, 0.0, 0.0, 770.9814469661966, 0.0, 0.0, 0.0, 0.0, 780.6360040348227, 0.0, 0.0, 0.0, 0.0, 776.1879410912376, 0.0, 0.0, 789.7295874731769, 0.0, 0.0, 0.0, 0.0, 0.0, 0.0, 0.0, 0.0, 0.0, 0.0, 0.0, 0.0, 0.0, 0.0, 0.0, 0.0, 0.0, 0.0, 788.3859141165124, 0.0, 0.0, 0.0, 0.0, 0.0, 0.0, 0.0, 0.0]
INFORMACIÓN : 23apuestaBundle [802.2531400951455, 789.7295874731769, 780.6360040348227, 780.255132997218, 772.4383203817988]
INFORMACIÓN : 23positionsBundle [1139, 1588, 131, 86, 268]
INFORMACIÓN : 23levelsBundle [3, 3, 3, 3, 3]
INFORMACIÓN : 23positionsOrdered [1139, 1588, 131, 86, 268]
INFORMACIÓN : 23levelsOrdered [3, 3, 3, 3, 3]
INFORMACIÓN : 23partialityOrdered [3, 3, 3, 3, 3]
INFORMACIÓN : 23arrivalTimes [8.061670143710892, 28.266723589306263, 58.09959136965886, 63.198610883251646, 81.63769979783743]
INFORMACIÓN : 24historia0[0.0, 0.0, 0.0, 792.3253462281368, 0.0, 0.0, 0.0, 0.0, 0.0, 0.0, 0.0, 0.0, 0.0, 0.0, 0.0, 0.0, 0.0, 0.0, 0.0, 0.0, 0.0, 0.0, 0.0, 772.4383203817988, 795.3484678964646, 789.9798745585753, 0.0, 0.0, 0.0, 0.0, 0.0, 0.0, 0.0, 0.0, 0.0, 0.0, 0.0, 0.0, 0.0, 0.0, 0.0, 798.0054054916034, 783.4563778275367, 0.0, 0.0, 0.0, 0.0, 0.0, 0.0, 0.0, 0.0, 801.0853855977341, 0.0, 0.0, 0.0, 0.0, 0.0, 0.0, 0.0, 0.0, 0.0, 45.25286689043469, 0.0, 0.0, 0.0, 0.0, 792.0589201773506, 0.0, 0.0, 0.0, 790.3464300485526, 0.0, 0.0, 757.0925443763981, 0.0, 0.0, 795.7496445271549, 0.0, 285.4004813092754, 0.0, 0.0, 0.0, 256.74760267347165, 0.0, 0.0, 0.0, 0.0, 0.0, 0.0, 0.0, 0.0, 0.0, 42.902024595221064, 0.0, 0.0, 0.0, 0.0, 292.22600403909917, 0.0, 0.0, 0.0, 50.789197548823125, 0.0, 0.0, 45.25286689043469, 0.0, 0.0, 0.0, 0.0, 0.0, 0.0, 0.0, 0.0, 0.0, 0.0, 0.0, 0.0, 0.0, 780.255132997218, 0.0, 280.3707970921423, 0.0, 802.2531400951455, 0.0, 0.0, 0.0, 0.0, 0.0, 0.0, 770.9814469661966, 0.0, 0.0, 0.0, 0.0, 780.6360040348227, 0.0, 0.0, 0.0, 0.0, 776.1879410912376, 0.0, 0.0, 789.7295874731769, 0.0, 0.0, 0.0, 0.0, 0.0, 0.0, 0.0, 0.0, 0.0, 0.0, 0.0, 0.0, 0.0, 0.0, 0.0, 0.0, 0.0, 0.0, 788.3859141165124, 0.0, 0.0, 0.0, 0.0, 0.0, 0.0, 0.0, 0.0]
INFORMACIÓN : 24apuestaBundle [802.2531400951455, 789.7295874731769, 780.6360040348227, 780.255132997218, 772.4383203817988]
INFORMACIÓN : 24positionsBundle [1139, 1588, 131, 86, 268]
INFORMACIÓN : 24levelsBundle [3, 3, 3, 3, 3]
INFORMACIÓN : 24positionsOrdered [1139, 1588, 131, 86, 268]
INFORMACIÓN : 24levelsOrdered [3, 3, 3, 3, 3]
INFORMACIÓN : 24partialityOrdered [3, 3, 3, 3, 3]
INFORMACIÓN : 24arrivalTimes [8.061670143710892, 28.266723589306263, 58.09959136965886, 63.198610883251646, 81.63769979783743]
INFORMACIÓN : 25historia0[0.0, 0.0, 0.0, 0.0, 0.0, 0.0, 0.0, 0.0, 0.0, 0.0, 0.0, 0.0, 0.0, 0.0, 0.0, 0.0, 0.0, 0.0, 0.0, 0.0, 0.0, 0.0, 0.0, 772.4383203817988, 795.3484678964646, 0.0, 0.0, 0.0, 0.0, 0.0, 0.0, 0.0, 0.0, 0.0, 0.0, 0.0, 0.0, 0.0, 0.0, 0.0, 0.0, 798.0054054916034, 783.4563778275367, 0.0, 0.0, 0.0, 0.0, 0.0, 0.0, 0.0, 0.0, 801.0853855977341, 0.0, 0.0, 0.0, 0.0, 0.0, 0.0, 0.0, 0.0, 0.0, 45.25286689043469, 0.0, 0.0, 0.0, 0.0, 0.0, 0.0, 0.0, 0.0, 0.0, 0.0, 0.0, 0.0, 0.0, 0.0, 0.0, 0.0, 285.4004813092754, 0.0, 0.0, 0.0, 0.0, 0.0, 0.0, 0.0, 0.0, 0.0, 0.0, 0.0, 0.0, 0.0, 42.902024595221064, 0.0, 0.0, 0.0, 0.0, 0.0, 0.0, 0.0, 0.0, 50.789197548823125, 0.0, 0.0, 45.25286689043469, 0.0, 0.0, 0.0, 0.0, 0.0, 0.0, 0.0, 0.0, 0.0, 0.0, 0.0, 0.0, 0.0, 780.255132997218, 0.0, 280.3707970921423, 0.0, 802.2531400951455, 0.0, 0.0, 0.0, 0.0, 0.0, 0.0, 0.0, 0.0, 0.0, 0.0, 0.0, 780.6360040348227, 0.0, 0.0, 0.0, 0.0, 0.0, 0.0, 0.0, 789.7295874731769, 0.0, 0.0, 0.0, 0.0, 0.0, 0.0, 0.0, 0.0, 0.0, 0.0, 0.0, 0.0, 0.0, 0.0, 0.0, 0.0, 0.0, 0.0, 788.3859141165124, 0.0, 0.0, 0.0, 0.0, 0.0, 0.0, 0.0, 0.0]
INFORMACIÓN : 25apuestaBundle [802.2531400951455, 789.7295874731769, 780.6360040348227, 780.255132997218, 772.4383203817988]
INFORMACIÓN : 25positionsBundle [1139, 1588, 131, 86, 268]
INFORMACIÓN : 25levelsBundle [3, 3, 3, 3, 3]
INFORMACIÓN : 25positionsOrdered [1139, 1588, 131, 86, 268]
INFORMACIÓN : 25levelsOrdered [3, 3, 3, 3, 3]
INFORMACIÓN : 25partialityOrdered [3, 3, 3, 3, 3]
INFORMACIÓN : 25arrivalTimes [8.061670143710892, 28.266723589306263, 58.09959136965886, 63.198610883251646, 81.63769979783743]
INFORMACIÓN : depSat position 1139 level 3
INFORMACIÓN : depSat position 131 level 3
INFORMACIÓN : depSat position 86 level 3
INFORMACIÓN : 26historia0[0.0, 284.0230629296697, 0.0, 0.0, 0.0, 0.0, 0.0, 0.0, 0.0, 0.0, 0.0, 0.0, 0.0, 0.0, 0.0, 0.0, 0.0, 0.0, 792.4103854439745, 0.0, 0.0, 0.0, 0.0, 0.0, 795.3484678964646, 0.0, 0.0, 0.0, 0.0, 0.0, 0.0, 0.0, 0.0, 0.0, 0.0, 0.0, 0.0, 0.0, 0.0, 0.0, 0.0, 798.0054054916034, 783.4563778275367, 0.0, 0.0, 0.0, 0.0, 0.0, 0.0, 0.0, 0.0, 801.0853855977341, 0.0, 272.8713895088232, 0.0, 0.0, 0.0, 0.0, 0.0, 0.0, 0.0, 0.0, 0.0, 0.0, 0.0, 0.0, 0.0, 0.0, 732.2894193096502, 0.0, 790.3615067500422, 0.0, 0.0, 757.0925443763981, 0.0, 0.0, 795.7647414255079, 0.0, 285.4004813092754, 0.0, 0.0, 0.0, 256.75324821713787, 0.0, 0.0, 0.0, 0.0, 234.67930562962806, 0.0, 0.0, 0.0, 0.0, 0.0, 0.0, 0.0, 0.0, 0.0, 292.81971096982784, 0.0, 0.0, 0.0, 0.0, 0.0, 0.0, 0.0, 0.0, 0.0, 0.0, 0.0, 0.0, 0.0, 0.0, 745.3024440583727, 0.0, 0.0, 0.0, 0.0, 0.0, 0.0, 0.0, 0.0, 0.0, 0.0, 0.0, 0.0, 0.0, 0.0, 0.0, 0.0, 771.5371528249121, 0.0, 0.0, 295.0753041959823, 0.0, 0.0, 0.0, 751.4678660751008, 0.0, 0.0, 776.1879410912376, 0.0, 0.0, 0.0, 0.0, 0.0, 0.0, 0.0, 0.0, 0.0, 0.0, 0.0, 0.0, 0.0, 0.0, 0.0, 0.0, 0.0, 0.0, 0.0, 0.0, 0.0, 788.3859141165124, 0.0, 0.0, 0.0, 0.0, 0.0, 0.0, 0.0, 0.0]
INFORMACIÓN : 26apuestaBundle [802.2531400951455, 789.7295874731769, 780.6360040348227, 780.270213444488, 772.4533887231705]
INFORMACIÓN : 26positionsBundle [1139, 1588, 131, 86, 268]
INFORMACIÓN : 26levelsBundle [3, 3, 3, 3, 3]
INFORMACIÓN : 26positionsOrdered [1139, 1588, 131, 86, 268]
INFORMACIÓN : 26levelsOrdered [3, 3, 3, 3, 3]
INFORMACIÓN : 26partialityOrdered [3, 3, 3, 3, 3]
INFORMACIÓN : 26arrivalTimes [8.061670143710892, 28.266723589306263, 58.09959136965886, 63.198610883251646, 81.63769979783743]
INFORMACIÓN : 27historia0[0.0, 284.0230629296697, 0.0, 0.0, 0.0, 0.0, 0.0, 0.0, 0.0, 0.0, 0.0, 0.0, 0.0, 0.0, 0.0, 0.0, 0.0, 0.0, 792.4103854439745, 0.0, 0.0, 0.0, 247.42822657875809, 772.4533887231705, 795.3484678964646, 0.0, 0.0, 0.0, 0.0, 0.0, 0.0, 0.0, 0.0, 0.0, 0.0, 0.0, 0.0, 0.0, 0.0, 0.0, 0.0, 798.0054054916034, 783.4563778275367, 0.0, 0.0, 0.0, 0.0, 0.0, 0.0, 0.0, 0.0, 801.0853855977341, 0.0, 272.8713895088232, 0.0, 0.0, 0.0, 0.0, 0.0, 0.0, 0.0, 0.0, 0.0, 0.0, 0.0, 0.0, 0.0, 0.0, 732.2894193096502, 0.0, 790.3615067500422, 0.0, 0.0, 757.0925443763981, 0.0, 0.0, 795.7647414255079, 0.0, 285.4004813092754, 0.0, 0.0, 0.0, 256.75324821713787, 0.0, 0.0, 0.0, 0.0, 234.67930562962806, 0.0, 0.0, 0.0, 0.0, 0.0, 0.0, 0.0, 0.0, 0.0, 292.81971096982784, 0.0, 0.0, 0.0, 0.0, 0.0, 0.0, 0.0, 0.0, 0.0, 11.715580360612421, 0.0, 0.0, 0.0, 0.0, 745.3024440583727, 0.0, 0.0, 0.0, 0.0, 142.31817251433017, 780.270213444488, 0.0, 0.0, 0.0, 802.2531400951455, 0.0, 0.0, 0.0, 0.0, 0.0, 0.0, 771.5371528249121, 0.0, 0.0, 295.0753041959823, 0.0, 780.6360040348227, 0.0, 751.4678660751008, 0.0, 0.0, 776.1879410912376, 0.0, 0.0, 789.7295874731769, 0.0, 0.0, 0.0, 0.0, 0.0, 0.0, 0.0, 0.0, 0.0, 0.0, 0.0, 0.0, 0.0, 0.0, 0.0, 0.0, 0.0, 0.0, 788.3859141165124, 0.0, 0.0, 0.0, 0.0, 0.0, 0.0, 0.0, 0.0]
INFORMACIÓN : 27apuestaBundle [802.2531400951455, 789.7295874731769, 780.6360040348227, 780.270213444488, 772.4533887231705]
INFORMACIÓN : 27positionsBundle [1139, 1588, 131, 86, 268]
INFORMACIÓN : 27levelsBundle [3, 3, 3, 3, 3]
INFORMACIÓN : 27positionsOrdered [1139, 1588, 131, 86, 268]
INFORMACIÓN : 27levelsOrdered [3, 3, 3, 3, 3]
INFORMACIÓN : 27partialityOrdered [3, 3, 3, 3, 3]
INFORMACIÓN : 27arrivalTimes [8.061670143710892, 28.266723589306263, 58.09959136965886, 63.198610883251646, 81.63769979783743]
INFORMACIÓN : 28historia0[0.0, 284.0230629296697, 0.0, 0.0, 0.0, 0.0, 0.0, 0.0, 0.0, 0.0, 0.0, 0.0, 0.0, 0.0, 0.0, 0.0, 0.0, 0.0, 792.4103854439745, 0.0, 0.0, 0.0, 247.42822657875809, 772.4533887231705, 795.362109530356, 0.0, 0.0, 0.0, 0.0, 0.0, 0.0, 0.0, 0.0, 0.0, 0.0, 0.0, 0.0, 0.0, 0.0, 0.0, 0.0, 798.1818289985807, 783.4563778275368, 0.0, 0.0, 0.0, 0.0, 0.0, 0.0, 0.0, 0.0, 801.0853855977341, 0.0, 272.8713895088232, 0.0, 0.0, 0.0, 0.0, 0.0, 0.0, 0.0, 0.0, 0.0, 0.0, 0.0, 0.0, 0.0, 0.0, 732.2894193096502, 0.0, 790.3615067500422, 0.0, 0.0, 757.0925443763981, 0.0, 0.0, 795.7647414255079, 0.0, 284.9723340176502, 0.0, 0.0, 0.0, 256.75324821713787, 0.0, 0.0, 0.0, 0.0, 234.67930562962806, 0.0, 0.0, 0.0, 0.0, 0.0, 0.0, 0.0, 0.0, 0.0, 292.81971096982784, 0.0, 0.0, 0.0, 0.0, 0.0, 0.0, 0.0, 0.0, 0.0, 11.715580360612421, 0.0, 0.0, 0.0, 0.0, 745.3024440583727, 0.0, 0.0, 0.0, 0.0, 142.31817251433017, 780.270213444488, 0.0, 0.0, 0.0, 802.2531400951455, 0.0, 0.0, 0.0, 0.0, 0.0, 0.0, 771.5371528249121, 0.0, 0.0, 295.0753041959823, 0.0, 780.6360040348227, 0.0, 751.4678660751008, 0.0, 0.0, 776.1879410912376, 0.0, 0.0, 789.7295874731769, 0.0, 0.0, 0.0, 0.0, 0.0, 0.0, 0.0, 0.0, 0.0, 0.0, 0.0, 0.0, 0.0, 0.0, 0.0, 0.0, 0.0, 0.0, 788.3859141165124, 0.0, 0.0, 0.0, 0.0, 0.0, 0.0, 0.0, 0.0]
INFORMACIÓN : 28apuestaBundle [802.2531400951455, 789.7295874731769, 780.6360040348227, 780.270213444488, 772.4533887231705]
INFORMACIÓN : 28positionsBundle [1139, 1588, 131, 86, 268]
INFORMACIÓN : 28levelsBundle [3, 3, 3, 3, 3]
INFORMACIÓN : 28positionsOrdered [1139, 1588, 131, 86, 268]
INFORMACIÓN : 28levelsOrdered [3, 3, 3, 3, 3]
INFORMACIÓN : 28partialityOrdered [3, 3, 3, 3, 3]
INFORMACIÓN : 28arrivalTimes [8.061670143710892, 28.266723589306263, 58.09959136965886, 63.198610883251646, 81.63769979783743]
INFORMACIÓN : 29historia0[0.0, 284.0230629296697, 0.0, 0.0, 0.0, 0.0, 0.0, 0.0, 0.0, 0.0, 0.0, 0.0, 0.0, 0.0, 0.0, 0.0, 0.0, 0.0, 792.4103854439745, 0.0, 0.0, 0.0, 247.42822657875809, 772.4533887231705, 795.362109530356, 0.0, 0.0, 0.0, 0.0, 0.0, 0.0, 0.0, 0.0, 0.0, 0.0, 0.0, 0.0, 0.0, 0.0, 0.0, 0.0, 798.1818289985807, 783.4563778275368, 0.0, 0.0, 0.0, 0.0, 0.0, 0.0, 0.0, 0.0, 801.0853855977341, 0.0, 272.8713895088232, 0.0, 0.0, 0.0, 0.0, 0.0, 0.0, 0.0, 0.0, 0.0, 0.0, 0.0, 0.0, 0.0, 0.0, 732.2894193096502, 0.0, 790.3615067500422, 0.0, 0.0, 757.0925443763981, 0.0, 0.0, 795.7647414255079, 0.0, 284.9723340176502, 0.0, 0.0, 0.0, 256.75324821713787, 0.0, 0.0, 0.0, 0.0, 234.67930562962806, 0.0, 0.0, 0.0, 0.0, 0.0, 0.0, 0.0, 0.0, 0.0, 292.81971096982784, 0.0, 0.0, 0.0, 0.0, 0.0, 0.0, 0.0, 0.0, 0.0, 11.715580360612421, 0.0, 0.0, 0.0, 0.0, 745.3024440583727, 0.0, 0.0, 0.0, 0.0, 142.31817251433017, 780.270213444488, 0.0, 0.0, 0.0, 802.2531400951455, 0.0, 0.0, 0.0, 0.0, 0.0, 0.0, 771.5371528249121, 0.0, 0.0, 295.0753041959823, 0.0, 780.6360040348227, 0.0, 751.4678660751008, 0.0, 0.0, 776.1879410912376, 0.0, 0.0, 789.7295874731769, 0.0, 0.0, 0.0, 0.0, 0.0, 0.0, 0.0, 0.0, 0.0, 0.0, 0.0, 0.0, 0.0, 0.0, 0.0, 0.0, 0.0, 0.0, 788.3859141165124, 0.0, 0.0, 0.0, 0.0, 0.0, 0.0, 0.0, 0.0]
INFORMACIÓN : 29apuestaBundle [802.2531400951455, 789.7295874731769, 780.6360040348227, 780.270213444488, 772.4533887231705]
INFORMACIÓN : 29positionsBundle [1139, 1588, 131, 86, 268]
INFORMACIÓN : 29levelsBundle [3, 3, 3, 3, 3]
INFORMACIÓN : 29positionsOrdered [1139, 1588, 131, 86, 268]
INFORMACIÓN : 29levelsOrdered [3, 3, 3, 3, 3]
INFORMACIÓN : 29partialityOrdered [3, 3, 3, 3, 3]
INFORMACIÓN : 29arrivalTimes [8.061670143710892, 28.266723589306263, 58.09959136965886, 63.198610883251646, 81.63769979783743]
INFORMACIÓN : 30historia0[0.0, 284.0230629296697, 0.0, 0.0, 0.0, 0.0, 0.0, 0.0, 0.0, 0.0, 0.0, 0.0, 0.0, 0.0, 0.0, 0.0, 0.0, 0.0, 792.4103854439745, 0.0, 0.0, 0.0, 247.42822657875809, 772.4533887231705, 795.362109530356, 0.0, 0.0, 0.0, 0.0, 0.0, 0.0, 0.0, 0.0, 0.0, 0.0, 0.0, 0.0, 0.0, 0.0, 0.0, 0.0, 798.1818289985807, 783.4563778275368, 0.0, 0.0, 0.0, 0.0, 0.0, 0.0, 0.0, 0.0, 801.0853855977341, 0.0, 272.8713895088232, 0.0, 0.0, 0.0, 0.0, 0.0, 0.0, 0.0, 0.0, 0.0, 0.0, 0.0, 0.0, 0.0, 0.0, 732.2894193096502, 0.0, 790.3615067500422, 0.0, 0.0, 757.0925443763981, 0.0, 0.0, 795.7647414255079, 0.0, 284.9723340176502, 0.0, 0.0, 0.0, 256.75324821713787, 0.0, 0.0, 0.0, 0.0, 234.67930562962806, 0.0, 0.0, 0.0, 0.0, 0.0, 0.0, 0.0, 0.0, 0.0, 292.81971096982784, 0.0, 0.0, 0.0, 0.0, 0.0, 0.0, 0.0, 0.0, 0.0, 11.715580360612421, 0.0, 0.0, 0.0, 0.0, 745.3024440583727, 0.0, 0.0, 0.0, 0.0, 142.31817251433017, 780.270213444488, 0.0, 0.0, 0.0, 802.2531400951455, 0.0, 0.0, 0.0, 0.0, 0.0, 0.0, 771.5371528249121, 0.0, 0.0, 295.0753041959823, 0.0, 780.6360040348227, 0.0, 751.4678660751008, 0.0, 0.0, 776.1879410912376, 0.0, 0.0, 789.7295874731769, 0.0, 0.0, 0.0, 0.0, 0.0, 0.0, 0.0, 0.0, 0.0, 0.0, 0.0, 0.0, 0.0, 0.0, 0.0, 0.0, 0.0, 0.0, 788.3859141165124, 0.0, 0.0, 0.0, 0.0, 0.0, 0.0, 0.0, 0.0]
INFORMACIÓN : 30apuestaBundle [802.2531400951455, 789.7295874731769, 780.6360040348227, 780.270213444488, 772.4533887231705]
INFORMACIÓN : 30positionsBundle [1139, 1588, 131, 86, 268]
INFORMACIÓN : 30levelsBundle [3, 3, 3, 3, 3]
INFORMACIÓN : 30positionsOrdered [1139, 1588, 131, 86, 268]
INFORMACIÓN : 30levelsOrdered [3, 3, 3, 3, 3]
INFORMACIÓN : 30partialityOrdered [3, 3, 3, 3, 3]
INFORMACIÓN : 30arrivalTimes [8.061670143710892, 28.266723589306263, 58.09959136965886, 63.198610883251646, 81.63769979783743]
INFORMACIÓN : 31historia0[0.0, 0.0, 0.0, 0.0, 0.0, 0.0, 0.0, 0.0, 0.0, 0.0, 0.0, 0.0, 0.0, 0.0, 0.0, 0.0, 0.0, 0.0, 792.4103854439745, 0.0, 0.0, 0.0, 247.42822657875809, 772.4533887231705, 795.362109530356, 0.0, 0.0, 0.0, 0.0, 0.0, 0.0, 0.0, 0.0, 0.0, 0.0, 0.0, 0.0, 0.0, 0.0, 0.0, 0.0, 798.1818289985807, 783.4563778275368, 0.0, 0.0, 0.0, 0.0, 0.0, 0.0, 0.0, 0.0, 801.0853855977341, 0.0, 0.0, 0.0, 0.0, 0.0, 0.0, 0.0, 0.0, 0.0, 0.0, 0.0, 0.0, 0.0, 0.0, 0.0, 0.0, 0.0, 0.0, 0.0, 0.0, 0.0, 757.0925443763981, 0.0, 0.0, 0.0, 0.0, 284.9723340176502, 0.0, 0.0, 0.0, 0.0, 0.0, 0.0, 0.0, 0.0, 0.0, 0.0, 0.0, 0.0, 0.0, 0.0, 0.0, 0.0, 0.0, 0.0, 0.0, 0.0, 0.0, 0.0, 0.0, 0.0, 0.0, 0.0, 0.0, 0.0, 11.715580360612421, 0.0, 0.0, 0.0, 0.0, 0.0, 0.0, 0.0, 0.0, 0.0, 142.31817251433017, 780.270213444488, 0.0, 0.0, 0.0, 802.2531400951455, 0.0, 0.0, 0.0, 0.0, 0.0, 0.0, 0.0, 0.0, 0.0, 0.0, 0.0, 780.6360040348227, 0.0, 0.0, 0.0, 0.0, 776.1879410912376, 0.0, 0.0, 789.7295874731769, 0.0, 0.0, 0.0, 0.0, 0.0, 0.0, 0.0, 0.0, 0.0, 0.0, 0.0, 0.0, 0.0, 0.0, 0.0, 0.0, 0.0, 0.0, 788.3859141165124, 0.0, 0.0, 0.0, 0.0, 0.0, 0.0, 0.0, 0.0]
INFORMACIÓN : 31apuestaBundle [802.2531400951455, 789.7295874731769, 780.6360040348227, 780.270213444488, 772.4533887231705]
INFORMACIÓN : 31positionsBundle [1139, 1588, 131, 86, 268]
INFORMACIÓN : 31levelsBundle [3, 3, 3, 3, 3]
INFORMACIÓN : 31positionsOrdered [1139, 1588, 131, 86, 268]
INFORMACIÓN : 31levelsOrdered [3, 3, 3, 3, 3]
INFORMACIÓN : 31partialityOrdered [3, 3, 3, 3, 3]
INFORMACIÓN : 31arrivalTimes [8.061670143710892, 28.266723589306263, 58.09959136965886, 63.198610883251646, 81.63769979783743]
INFORMACIÓN : depSat position 1139 level 3
INFORMACIÓN : depSat position 131 level 3
INFORMACIÓN : depSat position 86 level 3
INFORMACIÓN : 32historia0[0.0, 0.0, 0.0, 792.3404375112673, 0.0, 0.0, 267.0225655006112, 0.0, 0.0, 0.0, 0.0, 0.0, 0.0, 0.0, 0.0, 0.0, 0.0, 0.0, 792.4103854439745, 0.0, 0.0, 0.0, 0.0, 0.0, 795.362109530356, 0.0, 0.0, 0.0, 0.0, 0.0, 0.0, 0.0, 0.0, 0.0, 0.0, 0.0, 0.0, 0.0, 0.0, 0.0, 0.0, 798.1818289985807, 783.4563778275368, 0.0, 0.0, 0.0, 0.0, 0.0, 0.0, 0.0, 0.0, 801.0853855977341, 0.0, 0.0, 0.0, 0.0, 0.0, 0.0, 0.0, 0.0, 0.0, 0.0, 0.0, 0.0, 0.0, 0.0, 0.0, 0.0, 0.0, 0.0, 790.3615067500422, 0.0, 0.0, 757.0925443763981, 0.0, 0.0, 795.7647414255079, 0.0, 284.9723340176502, 0.0, 0.0, 0.0, 256.75324821713787, 0.0, 0.0, 0.0, 0.0, 0.0, 0.0, 0.0, 0.0, 0.0, 0.0, 0.0, 0.0, 0.0, 0.0, 0.0, 0.0, 0.0, 0.0, 0.0, 0.0, 0.0, 0.0, 0.0, 0.0, 0.0, 0.0, 0.0, 0.0, 0.0, 0.0, 0.0, 0.0, 0.0, 0.0, 0.0, 0.0, 0.0, 0.0, 0.0, 0.0, 0.0, 0.0, 0.0, 0.0, 0.0, 0.0, 771.0776387609681, 0.0, 0.0, 0.0, 0.0, 0.0, 0.0, 0.0, 236.154668475446, 0.0, 776.1879410912376, 0.0, 0.0, 0.0, 0.0, 182.9477347703234, 0.0, 0.0, 0.0, 0.0, 0.0, 0.0, 0.0, 0.0, 0.0, 0.0, 0.0, 0.0, 0.0, 0.0, 0.0, 0.0, 788.3859141165124, 0.0, 0.0, 0.0, 0.0, 0.0, 0.0, 0.0, 0.0]
INFORMACIÓN : 32apuestaBundle [802.2531400951455, 789.8110413703675, 780.7173132685264, 780.2702440814285, 772.4533887231705]
INFORMACIÓN : 32positionsBundle [1139, 1588, 131, 86, 268]
INFORMACIÓN : 32levelsBundle [3, 3, 3, 3, 3]
INFORMACIÓN : 32positionsOrdered [1139, 1588, 131, 86, 268]
INFORMACIÓN : 32levelsOrdered [3, 3, 3, 3, 3]
INFORMACIÓN : 32partialityOrdered [3, 3, 3, 3, 3]
INFORMACIÓN : 32arrivalTimes [8.061670143710892, 26.266723589306263, 56.09959136965886, 61.198610883251646, 79.63769979783743]
INFORMACIÓN : 33historia0[0.0, 0.0, 0.0, 792.3404375112673, 0.0, 0.0, 267.0225655006112, 0.0, 0.0, 0.0, 0.0, 0.0, 0.0, 0.0, 0.0, 0.0, 0.0, 0.0, 792.4103854439745, 0.0, 0.0, 0.0, 0.0, 772.4533887231705, 795.362109530356, 0.0, 0.0, 0.0, 0.0, 0.0, 0.0, 0.0, 0.0, 0.0, 0.0, 0.0, 79.65089110829535, 0.0, 0.0, 0.0, 0.0, 798.1818289985807, 783.4563778275368, 0.0, 0.0, 0.0, 0.0, 0.0, 0.0, 0.0, 0.0, 801.0853855977341, 0.0, 0.0, 0.0, 0.0, 0.0, 0.0, 0.0, 0.0, 0.0, 0.0, 0.0, 0.0, 0.0, 0.0, 0.0, 0.0, 0.0, 0.0, 790.3615067500422, 0.0, 0.0, 757.0925443763981, 0.0, 0.0, 795.7647414255079, 0.0, 284.9723340176502, 0.0, 0.0, 0.0, 256.75324821713787, 0.0, 0.0, 0.0, 0.0, 0.0, 150.20648883819285, 0.0, 0.0, 0.0, 0.0, 0.0, 0.0, 0.0, 0.0, 0.0, 0.0, 0.0, 0.0, 0.0, 0.0, 0.0, 0.0, 0.0, 0.0, 0.0, 0.0, 0.0, 0.0, 0.0, 0.0, 0.0, 0.0, 0.0, 0.0, 138.6892307583729, 780.2702440814285, 0.0, 0.0, 0.0, 802.2531400951455, 0.0, 0.0, 0.0, 0.0, 0.0, 0.0, 771.0776387609681, 0.0, 0.0, 245.43459951197428, 0.0, 780.7173132685264, 0.0, 0.0, 236.154668475446, 0.0, 776.1879410912376, 0.0, 0.0, 789.8110413703675, 0.0, 182.9477347703234, 0.0, 0.0, 0.0, 0.0, 0.0, 0.0, 0.0, 0.0, 0.0, 0.0, 0.0, 0.0, 0.0, 0.0, 0.0, 0.0, 788.3859141165124, 0.0, 0.0, 0.0, 0.0, 0.0, 0.0, 0.0, 0.0]
INFORMACIÓN : 33apuestaBundle [802.2531400951455, 789.8110413703675, 780.7173132685264, 780.2702440814285, 772.4533887231705]
INFORMACIÓN : 33positionsBundle [1139, 1588, 131, 86, 268]
INFORMACIÓN : 33levelsBundle [3, 3, 3, 3, 3]
INFORMACIÓN : 33positionsOrdered [1139, 1588, 131, 86, 268]
INFORMACIÓN : 33levelsOrdered [3, 3, 3, 3, 3]
INFORMACIÓN : 33partialityOrdered [3, 3, 3, 3, 3]
INFORMACIÓN : 33arrivalTimes [8.061670143710892, 26.266723589306263, 56.09959136965886, 61.198610883251646, 79.63769979783743]
INFORMACIÓN : 34historia0[0.0, 0.0, 0.0, 792.3404375112673, 0.0, 0.0, 267.0225655006112, 0.0, 0.0, 0.0, 0.0, 0.0, 0.0, 0.0, 0.0, 0.0, 0.0, 57.073209810078424, 792.4103854439745, 0.0, 0.0, 0.0, 0.0, 772.4533887231705, 795.362109530356, 0.0, 0.0, 0.0, 0.0, 0.0, 0.0, 0.0, 0.0, 0.0, 0.0, 0.0, 79.65089110829535, 0.0, 0.0, 0.0, 0.0, 798.1818289985807, 783.4563778275368, 0.0, 0.0, 0.0, 0.0, 0.0, 0.0, 0.0, 0.0, 801.0853855977341, 0.0, 0.0, 0.0, 0.0, 0.0, 0.0, 0.0, 0.0, 65.16205415069467, 0.0, 0.0, 0.0, 0.0, 0.0, 0.0, 0.0, 0.0, 0.0, 790.3615067500422, 0.0, 0.0, 757.0925443763981, 0.0, 0.0, 795.7647414255079, 0.0, 285.4004813092754, 0.0, 0.0, 0.0, 256.75324821713787, 0.0, 0.0, 0.0, 0.0, 0.0, 150.20648883819285, 0.0, 0.0, 0.0, 0.0, 0.0, 0.0, 0.0, 0.0, 0.0, 0.0, 0.0, 0.0, 0.0, 0.0, 0.0, 0.0, 0.0, 0.0, 0.0, 0.0, 0.0, 0.0, 0.0, 0.0, 0.0, 0.0, 0.0, 0.0, 138.6892307583729, 780.2702440814285, 0.0, 0.0, 0.0, 802.2531400951455, 0.0, 0.0, 0.0, 0.0, 0.0, 0.0, 771.0776387609681, 0.0, 0.0, 245.43459951197428, 0.0, 780.7173132685264, 0.0, 0.0, 236.154668475446, 0.0, 776.1879410912376, 0.0, 0.0, 789.8110413703675, 0.0, 182.9477347703234, 0.0, 0.0, 0.0, 0.0, 0.0, 0.0, 0.0, 0.0, 0.0, 0.0, 0.0, 0.0, 0.0, 0.0, 0.0, 0.0, 788.3859141165124, 0.0, 0.0, 0.0, 0.0, 0.0, 0.0, 0.0, 0.0]
INFORMACIÓN : 34apuestaBundle [802.2531400951455, 789.8110413703675, 780.7173132685264, 780.2702440814285, 772.4533887231705]
