----------------------------------------------------------------------
-- Log session for [myBugCoalitionsCCBBAGuaiDEF-315] started on 2017.07.13.00.53.17 --
----------------------------------------------------------------------

INFORMACIÓN : I started
INFORMACIÓN : 0apuestaBundle [806.8287316606733, 787.1926931569288, 771.8622592451861, 764.2814735434185, 759.3564464722613]
INFORMACIÓN : 0positionsBundle [185, 49, 467, 562, 1891]
INFORMACIÓN : 0levelsBundle [3, 3, 3, 3, 3]
INFORMACIÓN : 0positionsOrdered [185, 49, 467, 562, 1891]
INFORMACIÓN : 0levelsOrdered [3, 3, 3, 3, 3]
INFORMACIÓN : 0partialityOrdered [3, 3, 3, 3, 3]
INFORMACIÓN : 0arrivalTimes [4.8278385984119625, 19.145659661688317, 52.38719993887764, 57.772364746012144, 96.72104893431305]
INFORMACIÓN : timeSat position 562 level 3
INFORMACIÓN : 1historia0[0.0, 0.0, 774.8020275776262, 0.0, 0.0, 0.0, 0.0, 0.0, 0.0, 0.0, 0.0, 0.0, 0.0, 790.8525124824118, 0.0, 0.0, 0.0, 0.0, 0.0, 0.0, 0.0, 0.0, 0.0, 0.0, 0.0, 794.9280180510208, 0.0, 0.0, 0.0, 0.0, 0.0, 0.0, 0.0, 0.0, 767.9676085468466, 0.0, 0.0, 0.0, 0.0, 0.0, 0.0, 769.5486456311888, 0.0, 0.0, 0.0, 0.0, 278.0795140799133, 274.89601604759525, 0.0, 0.0, 0.0, 349.439085013189, 0.0, 0.0, 0.0, 0.0, 0.0, 0.0, 155.93849800894975, 0.0, 172.08126084150607, 0.0, 0.0, 0.0, 0.0, 0.0, 158.72532792346883, 0.0, 0.0, 782.0915604607812, 0.0, 789.6031190572761, 0.0, 0.0, 0.0, 0.0, 0.0, 151.25471882069115, 0.0, 796.1128157395408, 0.0, 0.0, 0.0, 259.26982241219594, 0.0, 149.39594327854206, 0.0, 762.5837299250954, 0.0, 0.0, 0.0, 0.0, 0.0, 0.0, 0.0, 0.0, 0.0, 0.0, 0.0, 0.0, 349.439085013189, 0.0, 0.0, 0.0, 0.0, 0.0, 0.0, 0.0, 0.0, 0.0, 0.0, 776.3131663131618, 0.0, 0.0, 0.0, 355.67664553146875, 0.0, 0.0, 772.2989158928601, 173.28961707537388, 0.0, 0.0, 0.0, 0.0, 0.0, 0.0, 0.0, 0.0, 0.0, 0.0, 0.0, 0.0, 0.0, 0.0, 776.3943695347939, 0.0, 0.0, 140.42557527632812, 0.0, 0.0, 827.8897629587109, 0.0, 0.0, 0.0, 0.0, 0.0, 773.4795856958644, 0.0, 0.0, 0.0, 0.0, 789.9945077085636, 0.0, 0.0, 0.0, 0.0, 0.0, 0.0, 0.0, 0.0, 0.0, 0.0, 0.0, 0.0, 0.0, 0.0, 0.0, 0.0, 0.0, 0.0]
INFORMACIÓN : 1apuestaBundle [805.926512412368, 787.1926931569288, 770.0623148193431, 760.75385768879, 288.28516284440366]
INFORMACIÓN : 1positionsBundle [185, 49, 467, 562, 635]
INFORMACIÓN : 1levelsBundle [3, 3, 3, 3, 2]
INFORMACIÓN : 1positionsOrdered [635, 185, 49, 467, 562]
INFORMACIÓN : 1levelsOrdered [2, 3, 3, 3, 3]
INFORMACIÓN : 1partialityOrdered [2, 3, 3, 3, 3]
INFORMACIÓN : 1arrivalTimes [6.919489203898536, 26.95512029419622, 41.272941357472575, 74.5144816346619, 122.51017430195927]
INFORMACIÓN : timeSat position 467 level 3
INFORMACIÓN : 2historia0[0.0, 787.1926931569288, 774.8020275776262, 0.0, 0.0, 0.0, 0.0, 0.0, 0.0, 0.0, 0.0, 0.0, 0.0, 790.8525124824118, 0.0, 0.0, 0.0, 0.0, 0.0, 0.0, 0.0, 0.0, 0.0, 0.0, 0.0, 794.9280180510208, 0.0, 0.0, 0.0, 0.0, 0.0, 0.0, 0.0, 0.0, 767.9676085468466, 0.0, 0.0, 0.0, 0.0, 0.0, 778.2329835217619, 769.5486456311888, 0.0, 0.0, 0.0, 291.65988364486014, 276.851375780289, 274.89601604759525, 0.0, 0.0, 0.0, 0.0, 0.0, 0.0, 754.6069900790462, 0.0, 0.0, 0.0, 155.93849800894975, 0.0, 172.08126084150607, 0.0, 0.0, 0.0, 0.0, 0.0, 158.72532792346883, 0.0, 0.0, 782.0915604607812, 0.0, 789.6031190572761, 0.0, 0.0, 0.0, 0.0, 0.0, 151.25471882069115, 0.0, 796.1128157395408, 0.0, 0.0, 0.0, 0.0, 0.0, 149.39594327854206, 0.0, 762.5837299250954, 0.0, 0.0, 0.0, 0.0, 0.0, 0.0, 0.0, 0.0, 0.0, 0.0, 0.0, 0.0, 0.0, 0.0, 0.0, 0.0, 0.0, 0.0, 0.0, 0.0, 0.0, 0.0, 0.0, 776.3131663131618, 0.0, 0.0, 0.0, 355.67664553146875, 0.0, 0.0, 772.2989158928601, 0.0, 0.0, 0.0, 0.0, 173.88420758072562, 0.0, 0.0, 0.0, 0.0, 282.35854160013116, 0.0, 0.0, 0.0, 253.7629423960115, 0.0, 776.3943695347939, 0.0, 0.0, 0.0, 0.0, 0.0, 827.8897629587109, 0.0, 0.0, 0.0, 0.0, 0.0, 773.4795856958644, 0.0, 0.0, 0.0, 0.0, 805.926512412368, 0.0, 0.0, 0.0, 0.0, 0.0, 0.0, 0.0, 0.0, 0.0, 0.0, 0.0, 0.0, 0.0, 0.0, 0.0, 0.0, 0.0, 0.0]
INFORMACIÓN : 2apuestaBundle [805.926512412368, 787.1926931569288, 256.7377074617548, 249.91320317646137, 245.61665532678603]
INFORMACIÓN : 2positionsBundle [185, 49, 1788, 1982, 907]
INFORMACIÓN : 2levelsBundle [3, 3, 2, 2, 2]
INFORMACIÓN : 2positionsOrdered [185, 49, 1788, 1982, 907]
INFORMACIÓN : 2levelsOrdered [3, 3, 2, 2, 2]
INFORMACIÓN : 2partialityOrdered [3, 3, 2, 2, 2]
INFORMACIÓN : 2arrivalTimes [26.95512029419622, 41.272941357472575, 77.96081401316086, 85.17191656408883, 117.82157199871784]
INFORMACIÓN : 3historia0[0.0, 787.1926931569288, 0.0, 0.0, 0.0, 0.0, 0.0, 0.0, 756.2356383142453, 0.0, 0.0, 0.0, 268.3070582379818, 790.8525124824118, 0.0, 0.0, 0.0, 0.0, 0.0, 0.0, 0.0, 0.0, 0.0, 0.0, 0.0, 794.9280180510208, 0.0, 0.0, 0.0, 0.0, 0.0, 0.0, 0.0, 0.0, 767.9676085468466, 0.0, 0.0, 0.0, 0.0, 0.0, 778.2329835217619, 769.5486456311888, 0.0, 0.0, 0.0, 0.0, 276.851375780289, 274.89601604759525, 0.0, 0.0, 0.0, 0.0, 0.0, 0.0, 0.0, 0.0, 0.0, 0.0, 155.93849800894975, 0.0, 172.08126084150607, 0.0, 0.0, 0.0, 0.0, 0.0, 0.0, 0.0, 227.59885798925887, 782.0915604607812, 0.0, 789.6031190572761, 254.5535154237339, 0.0, 0.0, 0.0, 74.3361612634064, 0.0, 0.0, 796.1128157395408, 0.0, 0.0, 0.0, 0.0, 0.0, 0.0, 0.0, 762.5837299250954, 0.0, 0.0, 0.0, 0.0, 139.82988865248865, 0.0, 0.0, 0.0, 0.0, 0.0, 0.0, 0.0, 0.0, 0.0, 0.0, 0.0, 0.0, 0.0, 0.0, 0.0, 0.0, 0.0, 0.0, 776.3131663131618, 0.0, 0.0, 0.0, 0.0, 0.0, 0.0, 772.2989158928601, 173.28961707537388, 0.0, 0.0, 0.0, 173.88420758072562, 0.0, 0.0, 0.0, 0.0, 0.0, 0.0, 0.0, 0.0, 253.7629423960115, 0.0, 776.3943695347939, 0.0, 0.0, 0.0, 0.0, 0.0, 827.8897629587109, 0.0, 0.0, 0.0, 0.0, 0.0, 773.4795856958644, 0.0, 0.0, 0.0, 60.47383130017158, 805.926512412368, 0.0, 56.550364765944664, 0.0, 0.0, 0.0, 0.0, 0.0, 0.0, 0.0, 0.0, 0.0, 0.0, 0.0, 0.0, 0.0, 48.20971355971244, 0.0, 0.0]
INFORMACIÓN : 3apuestaBundle [805.926512412368, 787.1926931569288, 760.75385768879, 290.76846648581943, 178.39714562830318]
INFORMACIÓN : 3positionsBundle [185, 49, 562, 635, 885]
INFORMACIÓN : 3levelsBundle [3, 3, 3, 2, 1]
INFORMACIÓN : 3positionsOrdered [185, 49, 635, 885, 562]
INFORMACIÓN : 3levelsOrdered [3, 3, 2, 1, 3]
INFORMACIÓN : 3partialityOrdered [3, 3, 2, 1, 3]
INFORMACIÓN : 3arrivalTimes [26.95512029419622, 41.272941357472575, 59.71203027205835, 64.71203027205834, 122.51017430195927]
INFORMACIÓN : 4historia0[0.0, 787.1926931569288, 0.0, 0.0, 0.0, 0.0, 0.0, 0.0, 0.0, 352.5303337990001, 0.0, 0.0, 291.6438804906061, 790.8525124824118, 0.0, 0.0, 0.0, 0.0, 0.0, 0.0, 0.0, 0.0, 0.0, 0.0, 0.0, 794.9280180510208, 0.0, 0.0, 0.0, 0.0, 0.0, 56.360459839286364, 0.0, 0.0, 767.9676085468466, 352.5303337990001, 0.0, 0.0, 0.0, 0.0, 778.2329835217619, 769.5486456311888, 0.0, 0.0, 0.0, 0.0, 276.851375780289, 274.89601604759525, 0.0, 0.0, 0.0, 0.0, 0.0, 0.0, 0.0, 0.0, 0.0, 0.0, 186.57815736348095, 0.0, 172.08126084150607, 0.0, 0.0, 0.0, 0.0, 0.0, 0.0, 0.0, 247.91327390531978, 782.0915604607812, 0.0, 789.6031190572761, 0.0, 0.0, 0.0, 0.0, 0.0, 0.0, 0.0, 796.1128157395408, 0.0, 0.0, 0.0, 278.62378946104576, 0.0, 0.0, 0.0, 762.5837299250954, 0.0, 0.0, 0.0, 0.0, 139.82988865248865, 0.0, 0.0, 0.0, 0.0, 0.0, 0.0, 0.0, 0.0, 0.0, 0.0, 50.692725124430126, 0.0, 0.0, 0.0, 0.0, 0.0, 0.0, 0.0, 776.3131663131618, 0.0, 0.0, 0.0, 0.0, 0.0, 0.0, 772.2989158928601, 0.0, 0.0, 0.0, 0.0, 0.0, 0.0, 0.0, 0.0, 0.0, 261.8041145163129, 0.0, 0.0, 0.0, 0.0, 0.0, 776.3943695347939, 0.0, 0.0, 157.01613975027902, 0.0, 0.0, 0.0, 0.0, 0.0, 0.0, 0.0, 0.0, 773.4795856958644, 0.0, 0.0, 0.0, 0.0, 805.926512412368, 0.0, 0.0, 0.0, 0.0, 0.0, 0.0, 159.44214211013332, 0.0, 0.0, 0.0, 0.0, 0.0, 760.75385768879, 0.0, 0.0, 0.0, 0.0, 0.0]
INFORMACIÓN : 4apuestaBundle [805.926512412368, 787.1926931569288, 760.75385768879, 359.1520094888642, 359.1520094888642, 178.39714562830318]
INFORMACIÓN : 4positionsBundle [185, 49, 562, 467, 467, 885]
INFORMACIÓN : 4levelsBundle [3, 3, 3, 2, 2, 1]
INFORMACIÓN : 4positionsOrdered [885, 185, 49, 467, 467, 562]
INFORMACIÓN : 4levelsOrdered [1, 3, 3, 2, 2, 3]
INFORMACIÓN : 4partialityOrdered [1, 3, 3, 3, 3, 3]
INFORMACIÓN : 4arrivalTimes [11.468655370853085, 26.95512029419622, 41.272941357472575, 74.5144816346619, 74.5144816346619, 122.51017430195927]
INFORMACIÓN : mutexSat position 467 level 2
INFORMACIÓN : mutexSat position 467 level 2
INFORMACIÓN : 5historia0[0.0, 787.1926931569288, 0.0, 0.0, 0.0, 0.0, 0.0, 0.0, 0.0, 0.0, 0.0, 0.0, 291.6438804906061, 790.8525124824118, 0.0, 0.0, 0.0, 0.0, 0.0, 0.0, 0.0, 0.0, 0.0, 0.0, 0.0, 794.9280180510208, 0.0, 0.0, 0.0, 0.0, 0.0, 56.360459839286364, 0.0, 0.0, 767.9676085468466, 0.0, 0.0, 0.0, 0.0, 0.0, 778.2329835217619, 769.5486456311888, 0.0, 0.0, 0.0, 272.52020167087477, 267.14446599071607, 274.89601604759525, 0.0, 0.0, 0.0, 0.0, 0.0, 0.0, 754.5771089842099, 0.0, 0.0, 0.0, 186.57815736348095, 0.0, 172.08126084150607, 0.0, 0.0, 0.0, 0.0, 0.0, 0.0, 0.0, 247.91327390531978, 782.0915604607812, 0.0, 789.6031190572761, 255.7812103042347, 0.0, 0.0, 0.0, 67.79688492406979, 0.0, 0.0, 796.1128157395408, 0.0, 0.0, 0.0, 278.62378946104576, 0.0, 0.0, 0.0, 762.5837299250954, 0.0, 0.0, 0.0, 0.0, 139.82988865248865, 0.0, 0.0, 0.0, 0.0, 0.0, 0.0, 0.0, 0.0, 143.83263774353034, 0.0, 50.692725124430126, 0.0, 0.0, 0.0, 0.0, 0.0, 0.0, 0.0, 776.3131663131618, 0.0, 0.0, 0.0, 0.0, 0.0, 0.0, 772.2989158928601, 0.0, 0.0, 0.0, 0.0, 0.0, 0.0, 0.0, 46.08623792542948, 0.0, 254.60381327627624, 0.0, 0.0, 0.0, 0.0, 0.0, 776.3943695347939, 400.48542624982053, 0.0, 0.0, 0.0, 0.0, 0.0, 0.0, 0.0, 0.0, 0.0, 0.0, 773.4795856958644, 0.0, 0.0, 0.0, 0.0, 805.926512412368, 0.0, 0.0, 0.0, 0.0, 0.0, 0.0, 0.0, 0.0, 0.0, 0.0, 0.0, 0.0, 760.75385768879, 0.0, 0.0, 48.20971355971244, 0.0, 0.0]
INFORMACIÓN : 5apuestaBundle [805.926512412368, 787.1926931569288, 760.75385768879, 178.39714562830318, 162.91487996541173]
INFORMACIÓN : 5positionsBundle [185, 49, 562, 885, 1382]
INFORMACIÓN : 5levelsBundle [3, 3, 3, 1, 1]
INFORMACIÓN : 5positionsOrdered [185, 49, 885, 1382, 562]
INFORMACIÓN : 5levelsOrdered [3, 3, 1, 1, 3]
INFORMACIÓN : 5partialityOrdered [3, 3, 1, 1, 3]
INFORMACIÓN : 5arrivalTimes [26.95512029419622, 41.272941357472575, 63.295656903017814, 73.73596341192837, 122.51017430195927]
INFORMACIÓN : 6historia0[0.0, 787.1926931569288, 0.0, 0.0, 360.69868071145675, 0.0, 0.0, 753.6099521807553, 0.0, 0.0, 0.0, 0.0, 291.6438804906061, 790.8525124824118, 0.0, 0.0, 0.0, 0.0, 0.0, 0.0, 0.0, 0.0, 0.0, 0.0, 0.0, 794.9280180510208, 0.0, 0.0, 0.0, 0.0, 0.0, 0.0, 366.06794402365585, 0.0, 0.0, 0.0, 0.0, 0.0, 0.0, 0.0, 778.2329835217619, 769.5486456311888, 0.0, 0.0, 0.0, 272.52020167087477, 276.851375780289, 274.89601604759525, 0.0, 0.0, 0.0, 0.0, 0.0, 0.0, 754.5771089842099, 0.0, 0.0, 0.0, 186.57815736348095, 0.0, 172.08126084150607, 0.0, 0.0, 0.0, 0.0, 0.0, 0.0, 0.0, 247.91327390531978, 782.0915604607812, 0.0, 789.6031190572761, 255.7812103042347, 0.0, 0.0, 0.0, 67.79688492406979, 0.0, 0.0, 796.1128157395408, 0.0, 0.0, 0.0, 278.62378946104576, 0.0, 0.0, 0.0, 0.0, 0.0, 0.0, 0.0, 0.0, 139.82988865248865, 0.0, 0.0, 0.0, 0.0, 0.0, 0.0, 0.0, 0.0, 143.83263774353034, 0.0, 50.692725124430126, 0.0, 0.0, 0.0, 0.0, 0.0, 0.0, 0.0, 776.3131663131618, 0.0, 0.0, 0.0, 0.0, 0.0, 0.0, 772.2989158928601, 178.39714562830318, 0.0, 0.0, 0.0, 173.88420758072562, 0.0, 0.0, 46.08623792542948, 0.0, 0.0, 0.0, 0.0, 0.0, 0.0, 0.0, 776.3943695347939, 0.0, 0.0, 0.0, 0.0, 0.0, 0.0, 0.0, 0.0, 0.0, 0.0, 0.0, 0.0, 0.0, 0.0, 0.0, 0.0, 805.926512412368, 366.06794402365585, 0.0, 0.0, 0.0, 0.0, 0.0, 160.2966615345404, 0.0, 0.0, 0.0, 0.0, 0.0, 760.75385768879, 0.0, 0.0, 0.0, 0.0, 0.0]
INFORMACIÓN : 6apuestaBundle [805.926512412368, 787.1926931569288, 760.75385768879, 178.39714562830318, 145.40319664543586]
INFORMACIÓN : 6positionsBundle [185, 49, 562, 885, 2138]
INFORMACIÓN : 6levelsBundle [3, 3, 3, 1, 1]
INFORMACIÓN : 6positionsOrdered [185, 49, 885, 562, 2138]
INFORMACIÓN : 6levelsOrdered [3, 3, 1, 3, 1]
INFORMACIÓN : 6partialityOrdered [3, 3, 1, 3, 1]
INFORMACIÓN : 6arrivalTimes [26.95512029419622, 41.272941357472575, 63.295656903017814, 122.51017430195927, 162.9700309502471]
INFORMACIÓN : depSat position 49 level 3
INFORMACIÓN : 7historia0[0.0, 0.0, 0.0, 0.0, 0.0, 0.0, 0.0, 753.6099521807553, 0.0, 0.0, 0.0, 782.3144898290151, 291.6438804906061, 0.0, 0.0, 0.0, 0.0, 0.0, 0.0, 0.0, 0.0, 0.0, 0.0, 0.0, 0.0, 794.9280180510208, 0.0, 0.0, 0.0, 0.0, 0.0, 0.0, 366.06794402365585, 0.0, 0.0, 0.0, 0.0, 0.0, 0.0, 0.0, 778.2329835217619, 769.5486456311888, 0.0, 0.0, 0.0, 272.52020167087477, 276.851375780289, 274.89601604759525, 0.0, 271.2156079695875, 0.0, 0.0, 0.0, 0.0, 754.5771089842099, 0.0, 0.0, 0.0, 186.57815736348095, 0.0, 172.08126084150607, 0.0, 0.0, 0.0, 0.0, 0.0, 0.0, 0.0, 247.91327390531978, 782.0915604607812, 0.0, 789.6031190572761, 255.7812103042347, 0.0, 0.0, 0.0, 67.79688492406979, 0.0, 0.0, 796.1128157395408, 0.0, 0.0, 0.0, 278.62378946104576, 0.0, 0.0, 0.0, 0.0, 0.0, 383.6184230174481, 0.0, 0.0, 139.82988865248865, 0.0, 0.0, 0.0, 0.0, 0.0, 0.0, 0.0, 0.0, 143.83263774353034, 0.0, 50.692725124430126, 0.0, 0.0, 0.0, 350.88217975272283, 0.0, 0.0, 0.0, 776.3131663131618, 383.6184230174481, 350.88217975272283, 0.0, 0.0, 0.0, 0.0, 772.38010725267, 0.0, 0.0, 0.0, 0.0, 0.0, 0.0, 0.0, 46.08623792542948, 0.0, 266.04449108921403, 0.0, 0.0, 0.0, 0.0, 0.0, 776.3943695347939, 0.0, 0.0, 0.0, 0.0, 0.0, 0.0, 0.0, 0.0, 0.0, 0.0, 360.69868071145675, 0.0, 0.0, 0.0, 0.0, 0.0, 805.926512412368, 366.06794402365585, 0.0, 0.0, 0.0, 0.0, 0.0, 0.0, 0.0, 0.0, 0.0, 0.0, 0.0, 0.0, 0.0, 0.0, 0.0, 0.0, 0.0]
INFORMACIÓN : 7apuestaBundle [805.926512412368, 379.7922314258609, 379.7922314258609, 162.91487996541173, 145.43183379809602, 127.61732366757565]
INFORMACIÓN : 7positionsBundle [185, 49, 49, 1382, 1771, 1550]
INFORMACIÓN : 7levelsBundle [3, 2, 2, 1, 1, 1]
INFORMACIÓN : 7positionsOrdered [185, 49, 49, 1382, 1771, 1550]
INFORMACIÓN : 7levelsOrdered [3, 2, 2, 1, 1, 1]
INFORMACIÓN : 7partialityOrdered [3, 3, 3, 1, 1, 1]
INFORMACIÓN : 7arrivalTimes [26.95512029419622, 41.272941357472575, 41.272941357472575, 73.17905362456021, 86.78052413329566, 108.15808245972761]
INFORMACIÓN : 8historia0[0.0, 0.0, 0.0, 0.0, 360.69868071145675, 379.7922314258609, 0.0, 753.6099521807553, 0.0, 0.0, 0.0, 782.3144898290151, 291.6438804906061, 0.0, 0.0, 0.0, 0.0, 0.0, 0.0, 0.0, 0.0, 0.0, 0.0, 0.0, 0.0, 794.9280180510208, 0.0, 0.0, 0.0, 0.0, 0.0, 0.0, 0.0, 0.0, 0.0, 0.0, 0.0, 0.0, 0.0, 0.0, 778.2329835217619, 769.5486456311888, 0.0, 0.0, 0.0, 272.52020167087477, 276.851375780289, 274.89601604759525, 0.0, 271.2156079695875, 0.0, 0.0, 0.0, 0.0, 754.5771089842099, 0.0, 0.0, 0.0, 186.57815736348095, 0.0, 172.08126084150607, 0.0, 0.0, 0.0, 0.0, 0.0, 0.0, 0.0, 247.91327390531978, 782.0915604607812, 0.0, 789.6031190572761, 255.7812103042347, 0.0, 0.0, 0.0, 67.79688492406979, 0.0, 0.0, 796.1128157395408, 0.0, 0.0, 0.0, 278.62378946104576, 0.0, 0.0, 0.0, 0.0, 0.0, 383.6184230174481, 0.0, 0.0, 139.82988865248865, 0.0, 0.0, 0.0, 0.0, 0.0, 0.0, 0.0, 0.0, 143.83263774353034, 0.0, 0.0, 0.0, 0.0, 0.0, 0.0, 0.0, 0.0, 379.7922314258609, 776.3131663131618, 383.6184230174481, 0.0, 0.0, 0.0, 0.0, 0.0, 772.38010725267, 0.0, 0.0, 0.0, 0.0, 162.91487996541173, 0.0, 0.0, 46.08623792542948, 0.0, 266.04449108921403, 0.0, 0.0, 0.0, 0.0, 0.0, 776.3943695347939, 0.0, 0.0, 127.61732366757565, 0.0, 0.0, 0.0, 0.0, 0.0, 0.0, 0.0, 360.69868071145675, 0.0, 0.0, 0.0, 0.0, 0.0, 805.926512412368, 0.0, 0.0, 0.0, 0.0, 0.0, 0.0, 145.43183379809602, 0.0, 0.0, 0.0, 0.0, 0.0, 783.5809497351006, 0.0, 99.91947257849506, 0.0, 0.0, 0.0]
INFORMACIÓN : 8apuestaBundle [805.926512412368, 379.7922314258609, 379.7922314258609, 162.91487996541173, 145.43183379809602, 127.61732366757565]
INFORMACIÓN : 8positionsBundle [185, 49, 49, 1382, 1771, 1550]
INFORMACIÓN : 8levelsBundle [3, 2, 2, 1, 1, 1]
INFORMACIÓN : 8positionsOrdered [185, 49, 49, 1382, 1771, 1550]
INFORMACIÓN : 8levelsOrdered [3, 2, 2, 1, 1, 1]
INFORMACIÓN : 8partialityOrdered [3, 3, 3, 1, 1, 1]
INFORMACIÓN : 8arrivalTimes [26.95512029419622, 41.272941357472575, 41.272941357472575, 73.17905362456021, 86.78052413329566, 108.15808245972761]
INFORMACIÓN : mutexSat position 49 level 2
INFORMACIÓN : mutexSat position 49 level 2
INFORMACIÓN : 9historia0[0.0, 749.1952628292437, 0.0, 0.0, 360.69868071145675, 0.0, 0.0, 753.6099521807553, 0.0, 0.0, 0.0, 782.3144898290151, 0.0, 0.0, 0.0, 0.0, 0.0, 0.0, 0.0, 0.0, 0.0, 0.0, 0.0, 0.0, 0.0, 794.9280180510208, 0.0, 0.0, 0.0, 0.0, 0.0, 0.0, 0.0, 0.0, 0.0, 0.0, 0.0, 0.0, 0.0, 0.0, 778.2329835217619, 769.5486456311888, 0.0, 0.0, 0.0, 272.52020167087477, 0.0, 274.89601604759525, 0.0, 271.2156079695875, 0.0, 0.0, 0.0, 0.0, 754.5771089842099, 0.0, 0.0, 0.0, 0.0, 0.0, 172.08126084150607, 0.0, 0.0, 0.0, 0.0, 0.0, 0.0, 0.0, 0.0, 782.0915604607812, 0.0, 789.6031190572761, 255.7812103042347, 0.0, 0.0, 0.0, 67.79688492406979, 0.0, 0.0, 796.1128157395408, 0.0, 0.0, 0.0, 0.0, 0.0, 0.0, 0.0, 0.0, 0.0, 383.6184230174481, 0.0, 0.0, 139.82988865248865, 0.0, 0.0, 0.0, 0.0, 278.25076724553264, 0.0, 0.0, 0.0, 143.83263774353034, 0.0, 0.0, 0.0, 0.0, 0.0, 0.0, 0.0, 0.0, 0.0, 776.3131663131618, 383.6184230174481, 0.0, 0.0, 0.0, 0.0, 0.0, 772.38010725267, 0.0, 0.0, 0.0, 0.0, 0.0, 0.0, 0.0, 46.08623792542948, 0.0, 266.04449108921403, 0.0, 0.0, 0.0, 0.0, 0.0, 776.3943695347939, 0.0, 0.0, 0.0, 0.0, 0.0, 0.0, 0.0, 0.0, 0.0, 0.0, 360.69868071145675, 0.0, 0.0, 0.0, 0.0, 0.0, 805.926512412368, 0.0, 0.0, 0.0, 0.0, 0.0, 0.0, 0.0, 0.0, 0.0, 0.0, 0.0, 0.0, 0.0, 0.0, 0.0, 0.0, 0.0, 0.0]
INFORMACIÓN : 9apuestaBundle [805.926512412368, 290.76846648581943, 259.7209277623191, 140.46615028065798, 54.39497918924769, 54.39497918924769]
INFORMACIÓN : 9positionsBundle [185, 635, 907, 1550, 1830, 1830]
INFORMACIÓN : 9levelsBundle [3, 2, 2, 1, 2, 2]
INFORMACIÓN : 9positionsOrdered [185, 635, 907, 1550, 1830, 1830]
INFORMACIÓN : 9levelsOrdered [3, 2, 2, 1, 2, 2]
INFORMACIÓN : 9partialityOrdered [3, 2, 2, 1, 3, 3]
INFORMACIÓN : 9arrivalTimes [26.95512029419622, 35.95512029419622, 64.59076242074893, 79.35558548098233, 109.76939813247343, 109.76939813247343]
INFORMACIÓN : mutexSat position 1830 level 2
INFORMACIÓN : mutexSat position 1830 level 2
INFORMACIÓN : timeSat position 1830 level 2
INFORMACIÓN : 10historia0[0.0, 749.1952628292437, 0.0, 0.0, 0.0, 0.0, 0.0, 753.6099521807553, 0.0, 0.0, 0.0, 782.3144898290151, 263.6732544418236, 0.0, 0.0, 0.0, 0.0, 0.0, 0.0, 0.0, 0.0, 0.0, 0.0, 0.0, 0.0, 794.9280180510208, 0.0, 0.0, 0.0, 0.0, 87.73890973304295, 0.0, 0.0, 0.0, 0.0, 0.0, 0.0, 0.0, 0.0, 0.0, 778.2329835217619, 0.0, 0.0, 0.0, 0.0, 0.0, 290.76846648581943, 0.0, 0.0, 271.2156079695875, 0.0, 0.0, 0.0, 0.0, 775.5722985007635, 0.0, 0.0, 0.0, 0.0, 0.0, 0.0, 0.0, 0.0, 0.0, 0.0, 0.0, 0.0, 0.0, 0.0, 782.0915604607812, 0.0, 789.6031190572761, 270.4832758478566, 0.0, 0.0, 0.0, 0.0, 0.0, 0.0, 796.1128157395408, 0.0, 0.0, 0.0, 259.7209277623191, 54.38482331399291, 0.0, 0.0, 0.0, 0.0, 383.6184230174481, 0.0, 0.0, 139.82988865248865, 0.0, 0.0, 0.0, 0.0, 278.25076724553264, 0.0, 0.0, 0.0, 143.83263774353034, 0.0, 0.0, 0.0, 0.0, 83.25923199321224, 0.0, 0.0, 0.0, 0.0, 776.3131663131618, 383.6184230174481, 0.0, 185.51654010924744, 0.0, 0.0, 0.0, 772.38010725267, 173.28961707537388, 0.0, 0.0, 0.0, 165.56070439027235, 0.0, 0.0, 76.99337903437154, 0.0, 266.04449108921403, 0.0, 0.0, 362.66643168810344, 0.0, 0.0, 776.3943695347939, 0.0, 0.0, 140.46615028065798, 0.0, 0.0, 0.0, 0.0, 0.0, 0.0, 0.0, 0.0, 0.0, 0.0, 0.0, 0.0, 0.0, 805.926512412368, 0.0, 56.550364765944664, 0.0, 0.0, 0.0, 0.0, 159.44214211013332, 0.0, 0.0, 0.0, 0.0, 0.0, 0.0, 0.0, 0.0, 48.20971355971244, 0.0, 0.0]
INFORMACIÓN : 10apuestaBundle [805.926512412368, 290.76846648581943, 259.7209277623191, 140.46615028065798, 56.370617208099134]
INFORMACIÓN : 10positionsBundle [185, 635, 907, 1550, 1518]
INFORMACIÓN : 10levelsBundle [3, 2, 2, 1, 1]
INFORMACIÓN : 10positionsOrdered [185, 635, 907, 1550, 1518]
INFORMACIÓN : 10levelsOrdered [3, 2, 2, 1, 1]
INFORMACIÓN : 10partialityOrdered [3, 2, 2, 1, 2]
INFORMACIÓN : 10arrivalTimes [26.95512029419622, 35.95512029419622, 64.59076242074893, 79.35558548098233, 97.38334185830227]
INFORMACIÓN : mutexSat position 1518 level 1
INFORMACIÓN : 11historia0[0.0, 749.1952628292437, 0.0, 0.0, 0.0, 0.0, 0.0, 753.6099521807553, 0.0, 0.0, 0.0, 782.3144898290151, 263.6732544418236, 0.0, 0.0, 0.0, 0.0, 0.0, 0.0, 0.0, 0.0, 0.0, 0.0, 0.0, 0.0, 794.9280180510208, 761.3135097537081, 0.0, 0.0, 0.0, 0.0, 0.0, 0.0, 0.0, 0.0, 0.0, 0.0, 0.0, 0.0, 0.0, 778.2329835217619, 755.2456374230969, 0.0, 0.0, 0.0, 270.10076571208765, 290.76846648581943, 0.0, 0.0, 271.2156079695875, 0.0, 0.0, 0.0, 0.0, 775.5722985007635, 0.0, 0.0, 0.0, 0.0, 0.0, 0.0, 0.0, 0.0, 0.0, 0.0, 0.0, 0.0, 0.0, 0.0, 782.0915604607812, 0.0, 789.6031190572761, 0.0, 0.0, 0.0, 0.0, 0.0, 0.0, 0.0, 796.1128157395408, 0.0, 0.0, 0.0, 259.7209277623191, 0.0, 0.0, 0.0, 0.0, 0.0, 383.6184230174481, 0.0, 0.0, 139.82988865248865, 0.0, 0.0, 0.0, 0.0, 278.25076724553264, 758.6374907321579, 0.0, 0.0, 143.83263774353034, 0.0, 0.0, 0.0, 0.0, 83.25923199321224, 0.0, 0.0, 0.0, 0.0, 776.3131663131618, 383.6184230174481, 0.0, 185.51654010924744, 0.0, 0.0, 0.0, 772.38010725267, 173.28961707537388, 0.0, 0.0, 0.0, 165.56070439027235, 0.0, 0.0, 76.99337903437154, 0.0, 266.04449108921403, 0.0, 0.0, 0.0, 0.0, 0.0, 776.3943695347939, 0.0, 0.0, 140.46615028065798, 0.0, 0.0, 0.0, 0.0, 0.0, 0.0, 0.0, 0.0, 0.0, 0.0, 0.0, 0.0, 0.0, 805.926512412368, 0.0, 0.0, 0.0, 0.0, 0.0, 0.0, 159.44214211013332, 0.0, 0.0, 0.0, 0.0, 0.0, 0.0, 0.0, 0.0, 0.0, 0.0, 0.0]
INFORMACIÓN : 11apuestaBundle [805.926512412368, 290.76846648581943, 259.7209277623191, 140.46615028065798, 55.676098021283224]
INFORMACIÓN : 11positionsBundle [185, 635, 907, 1550, 1788]
INFORMACIÓN : 11levelsBundle [3, 2, 2, 1, 1]
INFORMACIÓN : 11positionsOrdered [185, 635, 907, 1550, 1788]
INFORMACIÓN : 11levelsOrdered [3, 2, 2, 1, 1]
INFORMACIÓN : 11partialityOrdered [3, 2, 2, 1, 2]
INFORMACIÓN : 11arrivalTimes [26.95512029419622, 35.95512029419622, 64.59076242074893, 79.35558548098233, 117.56553183006793]
INFORMACIÓN : mutexSat position 1788 level 1
INFORMACIÓN : 12historia0[0.0, 0.0, 0.0, 8.277115777087147, 0.0, 0.0, 0.0, 753.6099521807553, 0.0, 0.0, 0.0, 782.3144898290151, 0.0, 0.0, 0.0, 0.0, 0.0, 0.0, 0.0, 0.0, 0.0, 0.0, 0.0, 0.0, 0.0, 794.9280180510208, 772.4976292652358, 0.0, 0.0, 0.0, 0.0, 0.0, 0.0, 0.0, 0.0, 0.0, 0.0, 0.0, 0.0, 0.0, 778.2329835217619, 0.0, 0.0, 0.0, 0.0, 0.0, 290.76846648581943, 0.0, 0.0, 0.0, 0.0, 0.0, 0.0, 0.0, 775.5722985007635, 0.0, 0.0, 0.0, 0.0, 0.0, 147.8873193168206, 0.0, 0.0, 0.0, 0.0, 0.0, 0.0, 0.0, 0.0, 782.0915604607812, 0.0, 789.6031190572761, 0.0, 0.0, 0.0, 0.0, 50.32223781706705, 0.0, 0.0, 796.1128157395408, 0.0, 0.0, 0.0, 259.7209277623191, 0.0, 0.0, 0.0, 0.0, 0.0, 0.0, 0.0, 0.0, 139.82988865248865, 0.0, 0.0, 0.0, 0.0, 278.25076724553264, 764.9495101251749, 0.0, 0.0, 143.83263774353034, 0.0, 0.0, 0.0, 0.0, 0.0, 0.0, 0.0, 0.0, 0.0, 776.3131663131618, 0.0, 0.0, 185.51654010924744, 0.0, 0.0, 0.0, 772.38010725267, 173.28961707537388, 0.0, 0.0, 0.0, 0.0, 0.0, 0.0, 0.0, 0.0, 266.04449108921403, 0.0, 0.0, 0.0, 0.0, 0.0, 776.3943695347939, 0.0, 0.0, 140.46615028065798, 0.0, 0.0, 0.0, 0.0, 0.0, 0.0, 0.0, 0.0, 0.0, 0.0, 0.0, 0.0, 0.0, 805.926512412368, 0.0, 0.0, 0.0, 0.0, 0.0, 0.0, 159.44214211013332, 0.0, 0.0, 56.04580762140222, 0.0, 0.0, 0.0, 0.0, 0.0, 0.0, 0.0, 0.0]
INFORMACIÓN : 12apuestaBundle [805.926512412368, 290.76846648581943, 259.7209277623191, 140.46615028065798, 75.5349926898989]
INFORMACIÓN : 12positionsBundle [185, 635, 907, 1550, 49]
INFORMACIÓN : 12levelsBundle [3, 2, 2, 1, 1]
INFORMACIÓN : 12positionsOrdered [185, 635, 907, 1550, 49]
INFORMACIÓN : 12levelsOrdered [3, 2, 2, 1, 1]
INFORMACIÓN : 12partialityOrdered [3, 2, 2, 1, 3]
INFORMACIÓN : 12arrivalTimes [26.95512029419622, 35.95512029419622, 64.59076242074893, 79.35558548098233, 137.33834153827922]
INFORMACIÓN : mutexSat position 49 level 1
INFORMACIÓN : 13historia0[0.0, 782.4537800341895, 0.0, 8.277115777087147, 0.0, 0.0, 0.0, 753.6099521807553, 0.0, 0.0, 0.0, 752.3240278410478, 268.3070582379818, 0.0, 0.0, 0.0, 0.0, 0.0, 0.0, 0.0, 0.0, 0.0, 0.0, 0.0, 0.0, 794.9280180510208, 772.4976292652358, 0.0, 0.0, 0.0, 0.0, 0.0, 0.0, 0.0, 0.0, 0.0, 0.0, 0.0, 0.0, 0.0, 778.2329835217619, 755.4966858623775, 0.0, 0.0, 0.0, 272.52020167087477, 290.76846648581943, 0.0, 0.0, 0.0, 0.0, 0.0, 0.0, 0.0, 775.5722985007635, 0.0, 0.0, 0.0, 0.0, 0.0, 147.8873193168206, 0.0, 0.0, 0.0, 0.0, 0.0, 0.0, 0.0, 0.0, 782.0915604607812, 0.0, 789.6031190572761, 0.0, 0.0, 0.0, 0.0, 50.32223781706705, 0.0, 0.0, 796.1128157395408, 0.0, 0.0, 0.0, 259.7209277623191, 0.0, 0.0, 0.0, 0.0, 0.0, 0.0, 0.0, 0.0, 139.82988865248865, 0.0, 0.0, 0.0, 0.0, 278.25076724553264, 764.9495101251749, 0.0, 0.0, 143.83263774353034, 0.0, 0.0, 0.0, 0.0, 0.0, 0.0, 0.0, 0.0, 0.0, 776.3131663131618, 0.0, 0.0, 185.51654010924744, 0.0, 0.0, 0.0, 742.9219105808079, 0.0, 0.0, 0.0, 0.0, 0.0, 0.0, 36.890307910742195, 0.0, 0.0, 258.090294564282, 0.0, 0.0, 0.0, 0.0, 0.0, 776.3943695347939, 0.0, 0.0, 140.46615028065798, 0.0, 0.0, 0.0, 0.0, 0.0, 0.0, 0.0, 0.0, 0.0, 0.0, 0.0, 721.1995780822214, 44.48915019245828, 805.926512412368, 0.0, 0.0, 0.0, 327.08372452180686, 0.0, 0.0, 0.0, 0.0, 0.0, 56.04580762140222, 0.0, 0.0, 755.7239569627941, 0.0, 0.0, 0.0, 0.0, 0.0]
INFORMACIÓN : 13apuestaBundle [805.926512412368, 290.76846648581943, 259.7209277623191, 140.46615028065798, 9.655320300647645]
INFORMACIÓN : 13positionsBundle [185, 635, 907, 1550, 776]
INFORMACIÓN : 13levelsBundle [3, 2, 2, 1, 1]
INFORMACIÓN : 13positionsOrdered [776, 185, 635, 907, 1550]
INFORMACIÓN : 13levelsOrdered [1, 3, 2, 2, 1]
INFORMACIÓN : 13partialityOrdered [2, 3, 2, 2, 1]
INFORMACIÓN : 13arrivalTimes [10.343206719796875, 26.95512029419622, 35.95512029419622, 64.59076242074893, 79.35558548098233]
INFORMACIÓN : 14historia0[0.0, 748.5840953080473, 0.0, 8.277115777087147, 0.0, 0.0, 0.0, 753.6099521807553, 0.0, 0.0, 0.0, 782.3144898290151, 268.3070582379818, 0.0, 0.0, 0.0, 0.0, 0.0, 0.0, 0.0, 0.0, 0.0, 0.0, 0.0, 0.0, 794.9280180510208, 772.4976292652358, 0.0, 0.0, 0.0, 0.0, 0.0, 0.0, 0.0, 0.0, 0.0, 0.0, 0.0, 0.0, 0.0, 778.2329835217619, 755.4966858623775, 0.0, 0.0, 0.0, 272.52020167087477, 290.76846648581943, 0.0, 0.0, 0.0, 0.0, 0.0, 0.0, 0.0, 775.5722985007635, 0.0, 0.0, 0.0, 0.0, 0.0, 147.8873193168206, 0.0, 0.0, 0.0, 0.0, 0.0, 0.0, 0.0, 227.59885798925887, 782.0915604607812, 0.0, 789.6031190572761, 0.0, 0.0, 0.0, 0.0, 50.32223781706705, 0.0, 0.0, 796.1128157395408, 0.0, 0.0, 0.0, 259.7209277623191, 0.0, 0.0, 0.0, 0.0, 0.0, 0.0, 0.0, 0.0, 139.82988865248865, 0.0, 0.0, 0.0, 0.0, 278.25076724553264, 764.9495101251749, 0.0, 0.0, 143.83263774353034, 348.89211880398966, 0.0, 0.0, 0.0, 0.0, 0.0, 0.0, 0.0, 0.0, 776.3131663131618, 0.0, 0.0, 185.51654010924744, 0.0, 0.0, 0.0, 772.38010725267, 0.0, 0.0, 348.89211880398966, 0.0, 0.0, 0.0, 36.890307910742195, 0.0, 0.0, 0.0, 0.0, 78.84983195042696, 0.0, 280.73722028735057, 0.0, 776.3943695347939, 0.0, 0.0, 157.01613975027902, 0.0, 0.0, 0.0, 0.0, 0.0, 0.0, 0.0, 0.0, 0.0, 0.0, 0.0, 721.1995780822214, 0.0, 805.926512412368, 0.0, 0.0, 0.0, 0.0, 0.0, 0.0, 0.0, 0.0, 0.0, 56.04580762140222, 0.0, 0.0, 755.1047321296284, 0.0, 0.0, 0.0, 0.0, 0.0]
INFORMACIÓN : 14apuestaBundle [805.926512412368, 290.76846648581943, 259.7209277623191, 9.655320300647645]
INFORMACIÓN : 14positionsBundle [185, 635, 907, 776]
INFORMACIÓN : 14levelsBundle [3, 2, 2, 1]
INFORMACIÓN : 14positionsOrdered [185, 635, 907, 776]
INFORMACIÓN : 14levelsOrdered [3, 2, 2, 1]
INFORMACIÓN : 14partialityOrdered [3, 2, 2, 2]
INFORMACIÓN : 14arrivalTimes [26.95512029419622, 35.95512029419622, 64.59076242074893, 83.82614648242027]
INFORMACIÓN : depSat position 635 level 2
INFORMACIÓN : depSat position 907 level 2
INFORMACIÓN : 15historia0[0.0, 748.5840953080473, 0.0, 0.0, 0.0, 0.0, 0.0, 753.6099521807553, 0.0, 0.0, 0.0, 782.3144898290151, 268.3070582379818, 0.0, 0.0, 0.0, 0.0, 0.0, 0.0, 0.0, 0.0, 0.0, 0.0, 0.0, 0.0, 794.9280180510208, 772.4976292652358, 0.0, 0.0, 0.0, 0.0, 0.0, 0.0, 0.0, 0.0, 0.0, 0.0, 0.0, 0.0, 0.0, 778.2329835217619, 755.4966858623775, 0.0, 0.0, 0.0, 272.52020167087477, 0.0, 0.0, 0.0, 0.0, 0.0, 0.0, 0.0, 0.0, 775.5722985007635, 0.0, 0.0, 0.0, 0.0, 0.0, 147.8873193168206, 0.0, 0.0, 0.0, 0.0, 0.0, 0.0, 0.0, 227.59885798925887, 782.0915604607812, 0.0, 789.6031190572761, 0.0, 0.0, 0.0, 0.0, 0.0, 0.0, 0.0, 796.1128157395408, 0.0, 0.0, 0.0, 0.0, 0.0, 0.0, 0.0, 0.0, 0.0, 0.0, 0.0, 0.0, 139.82988865248865, 0.0, 0.0, 0.0, 0.0, 278.25076724553264, 764.9495101251749, 0.0, 0.0, 0.0, 0.0, 0.0, 0.0, 0.0, 0.0, 0.0, 0.0, 0.0, 0.0, 776.3131663131618, 0.0, 0.0, 185.51654010924744, 0.0, 0.0, 0.0, 772.38010725267, 0.0, 0.0, 0.0, 0.0, 0.0, 0.0, 0.0, 0.0, 0.0, 0.0, 0.0, 0.0, 0.0, 280.73722028735057, 0.0, 776.3943695347939, 0.0, 0.0, 0.0, 0.0, 0.0, 0.0, 0.0, 0.0, 0.0, 0.0, 0.0, 0.0, 0.0, 0.0, 721.1995780822214, 0.0, 805.926512412368, 0.0, 0.0, 0.0, 0.0, 0.0, 0.0, 0.0, 0.0, 0.0, 0.0, 0.0, 0.0, 755.1047321296284, 0.0, 0.0, 0.0, 0.0, 0.0]
INFORMACIÓN : 15apuestaBundle [805.926512412368, 787.1926931569288, 173.6958256642988, 156.63157251626103, 141.05207984560866]
INFORMACIÓN : 15positionsBundle [185, 49, 885, 1382, 2138]
INFORMACIÓN : 15levelsBundle [3, 3, 1, 1, 1]
INFORMACIÓN : 15positionsOrdered [885, 185, 49, 1382, 2138]
INFORMACIÓN : 15levelsOrdered [1, 3, 3, 1, 1]
INFORMACIÓN : 15partialityOrdered [1, 3, 3, 1, 1]
INFORMACIÓN : 15arrivalTimes [11.468655370853085, 26.95512029419622, 157.11069243319685, 189.01680470028447, 205.17229912168798]
INFORMACIÓN : 16historia0[0.0, 787.1926931569288, 0.0, 0.0, 0.0, 0.0, 0.0, 753.6099521807553, 0.0, 0.0, 0.0, 782.3144898290151, 268.3070582379818, 0.0, 0.0, 0.0, 0.0, 0.0, 0.0, 0.0, 0.0, 0.0, 0.0, 0.0, 0.0, 794.9280180510208, 772.4976292652358, 0.0, 0.0, 0.0, 0.0, 0.0, 0.0, 0.0, 0.0, 0.0, 0.0, 0.0, 0.0, 0.0, 778.2329835217619, 755.4966858623775, 0.0, 0.0, 0.0, 272.52020167087477, 0.0, 0.0, 0.0, 0.0, 0.0, 0.0, 0.0, 0.0, 0.0, 0.0, 0.0, 0.0, 0.0, 0.0, 172.08126084150607, 0.0, 0.0, 0.0, 0.0, 0.0, 0.0, 0.0, 287.09622671644945, 782.0915604607812, 0.0, 789.6031190572761, 0.0, 0.0, 0.0, 0.0, 0.0, 0.0, 0.0, 796.1128157395408, 0.0, 0.0, 0.0, 278.62378946104576, 0.0, 0.0, 0.0, 0.0, 0.0, 0.0, 0.0, 0.0, 139.82988865248865, 0.0, 0.0, 0.0, 0.0, 278.25076724553264, 764.9495101251749, 0.0, 0.0, 143.83263774353034, 0.0, 0.0, 0.0, 0.0, 0.0, 0.0, 0.0, 0.0, 0.0, 776.3131663131618, 0.0, 0.0, 0.0, 0.0, 0.0, 0.0, 772.38010725267, 173.6958256642988, 0.0, 0.0, 0.0, 156.63157251626103, 13.80900439488116, 0.0, 76.99337903437154, 0.0, 0.0, 0.0, 78.84983195042696, 0.0, 280.73722028735057, 0.0, 776.3943695347939, 360.20409528354276, 0.0, 0.0, 0.0, 0.0, 0.0, 0.0, 0.0, 0.0, 0.0, 0.0, 0.0, 0.0, 368.506320615707, 721.1995780822214, 0.0, 805.926512412368, 0.0, 0.0, 0.0, 0.0, 368.506320615707, 0.0, 0.0, 0.0, 0.0, 0.0, 0.0, 0.0, 755.1047321296284, 0.0, 0.0, 48.20971355971244, 0.0, 0.0]
INFORMACIÓN : 16apuestaBundle [805.926512412368, 787.1926931569288, 173.6958256642988, 156.63157251626103, 139.15003964711832]
INFORMACIÓN : 16positionsBundle [185, 49, 885, 1382, 1771]
INFORMACIÓN : 16levelsBundle [3, 3, 1, 1, 1]
INFORMACIÓN : 16positionsOrdered [885, 185, 49, 1382, 1771]
INFORMACIÓN : 16levelsOrdered [1, 3, 3, 1, 1]
INFORMACIÓN : 16partialityOrdered [1, 3, 3, 1, 1]
INFORMACIÓN : 16arrivalTimes [11.468655370853085, 26.95512029419622, 157.11069243319685, 189.01680470028447, 202.6182752090199]
INFORMACIÓN : 17historia0[0.0, 0.0, 0.0, 0.0, 0.0, 0.0, 0.0, 753.6099521807553, 0.0, 0.0, 0.0, 782.3144898290151, 0.0, 0.0, 0.0, 0.0, 0.0, 0.0, 0.0, 0.0, 0.0, 0.0, 0.0, 0.0, 0.0, 794.9280180510208, 0.0, 0.0, 0.0, 0.0, 0.0, 0.0, 0.0, 0.0, 0.0, 0.0, 0.0, 0.0, 0.0, 0.0, 778.2329835217619, 755.4966858623775, 0.0, 0.0, 0.0, 0.0, 263.47077629327885, 257.97487289169567, 0.0, 0.0, 0.0, 0.0, 0.0, 0.0, 0.0, 0.0, 0.0, 0.0, 0.0, 0.0, 172.08126084150607, 0.0, 0.0, 0.0, 0.0, 0.0, 0.0, 0.0, 0.0, 782.0915604607812, 0.0, 789.6031190572761, 0.0, 0.0, 0.0, 0.0, 0.0, 0.0, 0.0, 796.1128157395408, 0.0, 0.0, 0.0, 278.62378946104576, 54.38482331399291, 159.27850914099417, 0.0, 0.0, 0.0, 0.0, 0.0, 0.0, 139.82988865248865, 0.0, 0.0, 0.0, 0.0, 0.0, 0.0, 0.0, 0.0, 143.83263774353034, 0.0, 0.0, 0.0, 0.0, 83.25923199321224, 0.0, 0.0, 0.0, 0.0, 776.3131663131618, 0.0, 0.0, 0.0, 0.0, 0.0, 0.0, 772.38010725267, 0.0, 0.0, 0.0, 0.0, 0.0, 13.80900439488116, 0.0, 0.0, 0.0, 266.80100884783394, 0.0, 78.84983195042696, 0.0, 0.0, 0.0, 776.3943695347939, 360.20409528354276, 0.0, 0.0, 0.0, 0.0, 0.0, 0.0, 0.0, 0.0, 0.0, 0.0, 0.0, 0.0, 0.0, 785.6665267740458, 0.0, 805.926512412368, 0.0, 0.0, 0.0, 0.0, 0.0, 0.0, 0.0, 0.0, 0.0, 0.0, 0.0, 0.0, 755.1047321296284, 0.0, 0.0, 48.20971355971244, 0.0, 0.0]
INFORMACIÓN : 17apuestaBundle [805.926512412368, 357.5081871546482, 351.21948938824676, 351.21948938824676, 259.2087405481087, 140.46615028065798]
INFORMACIÓN : 17positionsBundle [185, 1891, 1893, 1893, 1788, 1550]
INFORMACIÓN : 17levelsBundle [3, 2, 2, 2, 2, 1]
INFORMACIÓN : 17positionsOrdered [185, 1891, 1893, 1893, 1788, 1550]
INFORMACIÓN : 17levelsOrdered [3, 2, 2, 2, 2, 1]
INFORMACIÓN : 17partialityOrdered [3, 3, 3, 3, 2, 1]
INFORMACIÓN : 17arrivalTimes [26.95512029419622, 61.48047329746036, 63.48047329746036, 63.48047329746036, 68.86563810459486, 107.07558445368046]
INFORMACIÓN : 18historia0[0.0, 0.0, 0.0, 0.0, 0.0, 0.0, 0.0, 753.6099521807553, 0.0, 0.0, 0.0, 782.3144898290151, 0.0, 0.0, 0.0, 0.0, 0.0, 0.0, 0.0, 0.0, 0.0, 0.0, 0.0, 0.0, 0.0, 794.9280180510208, 761.0624613144275, 0.0, 0.0, 0.0, 0.0, 0.0, 0.0, 0.0, 0.0, 0.0, 0.0, 0.0, 0.0, 0.0, 778.2329835217619, 755.4966858623775, 0.0, 0.0, 0.0, 0.0, 0.0, 257.97487289169567, 0.0, 0.0, 0.0, 0.0, 0.0, 0.0, 754.6069900790462, 0.0, 0.0, 0.0, 0.0, 0.0, 172.08126084150607, 0.0, 0.0, 0.0, 0.0, 0.0, 153.8138427830927, 0.0, 0.0, 782.0915604607812, 0.0, 789.6031190572761, 0.0, 0.0, 0.0, 0.0, 0.0, 0.0, 0.0, 796.1128157395408, 0.0, 0.0, 0.0, 278.62378946104576, 54.38482331399291, 0.0, 0.0, 0.0, 0.0, 383.6184230174481, 0.0, 0.0, 139.82988865248865, 0.0, 0.0, 0.0, 0.0, 0.0, 756.3103573026515, 0.0, 0.0, 143.83263774353034, 0.0, 50.692725124430126, 0.0, 0.0, 83.25923199321224, 382.5279178104561, 0.0, 0.0, 0.0, 776.3131663131618, 383.6184230174481, 0.0, 0.0, 0.0, 0.0, 0.0, 772.38010725267, 0.0, 0.0, 0.0, 0.0, 0.0, 0.0, 0.0, 0.0, 0.0, 0.0, 0.0, 0.0, 0.0, 0.0, 0.0, 776.3943695347939, 0.0, 0.0, 0.0, 0.0, 0.0, 0.0, 0.0, 0.0, 0.0, 0.0, 0.0, 0.0, 0.0, 0.0, 785.6665267740458, 60.47383130017158, 805.926512412368, 0.0, 0.0, 0.0, 0.0, 0.0, 0.0, 0.0, 0.0, 0.0, 0.0, 0.0, 0.0, 755.1047321296284, 0.0, 0.0, 0.0, 0.0, 0.0]
INFORMACIÓN : 18apuestaBundle [805.926512412368, 290.76846648581943, 265.296543006255, 148.19084232330852, 140.46615028065798]
INFORMACIÓN : 18positionsBundle [185, 635, 972, 2138, 1550]
INFORMACIÓN : 18levelsBundle [3, 2, 2, 1, 1]
INFORMACIÓN : 18positionsOrdered [185, 635, 972, 2138, 1550]
INFORMACIÓN : 18levelsOrdered [3, 2, 2, 1, 1]
INFORMACIÓN : 18partialityOrdered [3, 2, 2, 1, 1]
INFORMACIÓN : 18arrivalTimes [26.95512029419622, 35.95512029419622, 188.1258404716352, 216.143691923879, 255.70377281358395]
