----------------------------------------------------------------------
-- Log session for [myBugCoalitionsCCBBAGuaiDEF-28] started on 2018.01.04.04.50.19 --
----------------------------------------------------------------------

INFORMACIÓN : I started
INFORMACIÓN : 0apuestaBundle [647.358105760649, 647.358105760649, 611.3590673926911, 581.2751019163521, 581.2751019163521, 576.0050845526474, 565.7839340861018]
INFORMACIÓN : 0positionsBundle [2391, 2391, 1780, 974, 974, 290, 1199]
INFORMACIÓN : 0levelsBundle [2, 2, 2, 2, 2, 2, 2]
INFORMACIÓN : 0positionsOrdered [2391, 2391, 1780, 974, 974, 290, 1199]
INFORMACIÓN : 0levelsOrdered [2, 2, 2, 2, 2, 2, 2]
INFORMACIÓN : 0partialityOrdered [2, 2, 2, 2, 2, 2, 2]
INFORMACIÓN : 0arrivalTimes [42.44997055358225, 42.44997055358225, 58.72879114968195, 75.81679864031702, 75.81679864031702, 97.07709026578632, 117.20170206328443]
INFORMACIÓN : coalSat position 1780 level 2
INFORMACIÓN : timeSat position 1780 level 2
INFORMACIÓN : I [MW, AB]; lost Test.myBail@569ddd56; POS 1780; sensors [IR]; level 2 I paid 611.3590673926911in favour ofnull paid 611.3590673926911
INFORMACIÓN : 1historia0[0.0, 0.0, 647.358105760649, 0.0, 0.0, 0.0, 0.0, 0.0, 0.0, 0.0, 0.0, 0.0, 651.0863976881205, 0.0, 0.0, 0.0, 0.0, 0.0, 0.0, 585.5451030641009, 0.0, 0.0, 0.0, 0.0, 0.0, 0.0, 0.0, 0.0, 0.0, 0.0, 0.0, 0.0, 0.0, 0.0, 0.0, 0.0, 0.0, 0.0, 0.0, 0.0, 0.0, 0.0, 0.0, 0.0, 0.0, 0.0, 0.0, 0.0, 0.0, 0.0, 0.0, 0.0, 0.0, 0.0, 0.0, 0.0, 0.0, 0.0, 589.6389727156702, 0.0, 0.0, 0.0, 647.358105760649, 0.0, 0.0, 0.0, 0.0, 0.0, 0.0, 0.0, 0.0, 0.0, 0.0, 663.5129114558699, 0.0, 0.0, 589.6389727156702, 0.0, 0.0, 0.0, 0.0, 0.0, 0.0, 0.0, 0.0, 0.0, 0.0, 0.0, 0.0, 0.0, 0.0, 0.0, 0.0, 0.0, 0.0, 0.0, 0.0, 0.0, 0.0, 0.0, 0.0, 0.0, 0.0, 0.0, 0.0, 0.0, 0.0, 0.0, 0.0, 0.0, 0.0, 0.0, 0.0, 0.0, 0.0, 0.0, 0.0, 595.9866989916554, 0.0, 602.2034732725475]
INFORMACIÓN : 1apuestaBundle [647.358105760649, 647.358105760649, 611.3590673926911, 565.6715047091842, 530.7203324666642, 519.1371795721114, 519.1371795721114]
INFORMACIÓN : 1positionsBundle [2391, 2391, 1780, 1853, 1353, 638, 638]
INFORMACIÓN : 1levelsBundle [2, 2, 2, 2, 2, 2, 2]
INFORMACIÓN : 1positionsOrdered [2391, 2391, 1780, 1853, 1353, 638, 638]
INFORMACIÓN : 1levelsOrdered [2, 2, 2, 2, 2, 2, 2]
INFORMACIÓN : 1partialityOrdered [2, 2, 2, 2, 2, 2, 2]
INFORMACIÓN : 1arrivalTimes [42.44997055358225, 42.44997055358225, 59.89679950792788, 86.97077224928965, 96.97077224928965, 135.0496377786092, 135.0496377786092]
INFORMACIÓN : coalSat position 2391 level 2
INFORMACIÓN : coalSat position 1353 level 2
INFORMACIÓN : timeSat position 1353 level 2
INFORMACIÓN : I [MW, AB]; lost Test.myBail@6e4b0c4f; POS 2391; sensors [AB]; level 2 I paid 647.358105760649in favour of23@(myturtles,myturtles,bug)@MK-202 paid 687.06129198069
INFORMACIÓN : 2historia0[0.0, 0.0, 687.06129198069, 0.0, 0.0, 0.0, 0.0, 0.0, 0.0, 0.0, 0.0, 0.0, 651.0863976881205, 0.0, 0.0, 0.0, 0.0, 0.0, 0.0, 585.5451030641009, 0.0, 0.0, 0.0, 0.0, 0.0, 0.0, 0.0, 0.0, 0.0, 0.0, 0.0, 573.5797589903639, 0.0, 0.0, 0.0, 0.0, 0.0, 582.7607281756507, 0.0, 0.0, 0.0, 0.0, 0.0, 0.0, 0.0, 0.0, 0.0, 0.0, 0.0, 574.5402938959734, 0.0, 0.0, 0.0, 0.0, 0.0, 0.0, 0.0, 0.0, 633.8705544587784, 0.0, 0.0, 0.0, 0.0, 0.0, 0.0, 0.0, 0.0, 574.5402938959734, 0.0, 0.0, 0.0, 582.7607281756507, 0.0, 662.6979936919721, 0.0, 0.0, 600.5819694531231, 0.0, 0.0, 0.0, 0.0, 0.0, 0.0, 0.0, 0.0, 0.0, 0.0, 0.0, 0.0, 0.0, 0.0, 0.0, 0.0, 0.0, 0.0, 0.0, 0.0, 0.0, 0.0, 0.0, 0.0, 0.0, 0.0, 0.0, 0.0, 0.0, 0.0, 0.0, 0.0, 0.0, 0.0, 0.0, 0.0, 0.0, 0.0, 0.0, 0.0, 581.9572397249914, 0.0, 602.2034732725475]
INFORMACIÓN : 2apuestaBundle [647.358105760649, 517.014383755274, 515.6222998088903, 509.5316833080518, 490.62934120751777]
INFORMACIÓN : 2positionsBundle [2391, 1353, 1168, 992, 566]
INFORMACIÓN : 2levelsBundle [2, 2, 2, 2, 2]
INFORMACIÓN : 2positionsOrdered [2391, 1168, 566, 1353, 992]
INFORMACIÓN : 2levelsOrdered [2, 2, 2, 2, 2]
INFORMACIÓN : 2partialityOrdered [2, 2, 2, 2, 2]
INFORMACIÓN : 2arrivalTimes [42.44997055358225, 75.69151083077156, 87.857035891368, 149.76049093926918, 189.57254941405793]
INFORMACIÓN : I [MW, AB]; lost Test.myBail@a00cc72; POS 1353; sensors [IR]; level 2 I paid 517.014383755274in favour of22@(myturtles,myturtles,bug)@MK-202 paid 605.9332835678089
INFORMACIÓN : 3historia0[0.0, 0.0, 687.06129198069, 0.0, 0.0, 0.0, 0.0, 0.0, 0.0, 0.0, 0.0, 0.0, 651.0863976881205, 0.0, 0.0, 0.0, 0.0, 0.0, 0.0, 585.5451030641009, 0.0, 0.0, 0.0, 0.0, 0.0, 0.0, 0.0, 0.0, 0.0, 0.0, 0.0, 605.9332835678089, 0.0, 0.0, 0.0, 0.0, 0.0, 604.0445300778966, 0.0, 0.0, 0.0, 0.0, 0.0, 0.0, 0.0, 0.0, 531.7965164310924, 0.0, 0.0, 574.5402938959734, 0.0, 0.0, 556.8814347000817, 0.0, 605.9332835678089, 0.0, 0.0, 0.0, 633.8705544587784, 0.0, 0.0, 0.0, 647.358105760649, 0.0, 0.0, 0.0, 0.0, 574.5402938959734, 0.0, 0.0, 0.0, 582.7607281756507, 0.0, 662.6979936919721, 0.0, 0.0, 0.0, 0.0, 0.0, 0.0, 0.0, 0.0, 0.0, 0.0, 0.0, 0.0, 537.5791622743612, 531.7965164310924, 0.0, 0.0, 0.0, 0.0, 0.0, 0.0, 0.0, 0.0, 0.0, 0.0, 0.0, 0.0, 602.2034732725475, 0.0, 0.0, 0.0, 556.8814347000817, 0.0, 0.0, 0.0, 0.0, 0.0, 0.0, 0.0, 0.0, 0.0, 0.0, 0.0, 0.0, 581.9572397249914, 0.0, 624.1914156765212]
INFORMACIÓN : 3apuestaBundle [647.358105760649, 610.8692808523316, 428.48361361545506, 428.48361361545506, 412.304682156176, 412.304682156176, 410.7078453803807]
INFORMACIÓN : 3positionsBundle [2391, 1780, 780, 780, 1036, 1036, 1355]
INFORMACIÓN : 3levelsBundle [2, 2, 2, 2, 2, 2, 2]
INFORMACIÓN : 3positionsOrdered [2391, 1780, 780, 780, 1036, 1036, 1355]
INFORMACIÓN : 3levelsOrdered [2, 2, 2, 2, 2, 2, 2]
INFORMACIÓN : 3partialityOrdered [2, 2, 2, 2, 2, 2, 2]
INFORMACIÓN : 3arrivalTimes [42.44997055358225, 58.72879114968195, 78.72879114968195, 78.72879114968195, 86.53904082558861, 86.53904082558861, 118.31953798973002]
INFORMACIÓN : I [MW, AB]; lost Test.myBail@767e5d79; POS 780; sensors [MW]; level 2 I paid 428.48361361545506in favour of40@(myturtles,myturtles,bug)@MK-202 paid 481.5766554891293
INFORMACIÓN : 4historia0[0.0, 0.0, 687.06129198069, 0.0, 481.5766554891293, 463.15451603874715, 0.0, 0.0, 0.0, 0.0, 0.0, 0.0, 651.0863976881205, 0.0, 0.0, 0.0, 0.0, 0.0, 450.02608950309815, 585.5451030641009, 0.0, 0.0, 0.0, 0.0, 0.0, 0.0, 0.0, 0.0, 0.0, 0.0, 0.0, 605.9332835678089, 0.0, 0.0, 0.0, 0.0, 0.0, 604.0445300778966, 0.0, 0.0, 0.0, 0.0, 0.0, 0.0, 0.0, 0.0, 522.3916987459431, 450.02608950309815, 0.0, 574.5402938959734, 0.0, 0.0, 0.0, 0.0, 605.9332835678089, 0.0, 0.0, 0.0, 633.8705544587784, 0.0, 0.0, 0.0, 647.358105760649, 0.0, 0.0, 0.0, 0.0, 574.5402938959734, 0.0, 0.0, 0.0, 0.0, 0.0, 662.6979936919721, 0.0, 0.0, 0.0, 0.0, 0.0, 0.0, 0.0, 0.0, 0.0, 0.0, 0.0, 529.7485645940424, 537.5791622743612, 522.3916987459431, 0.0, 0.0, 0.0, 0.0, 0.0, 0.0, 0.0, 0.0, 0.0, 0.0, 0.0, 0.0, 610.8692808523316, 0.0, 0.0, 0.0, 559.2906434921593, 0.0, 0.0, 0.0, 0.0, 0.0, 0.0, 0.0, 0.0, 0.0, 0.0, 0.0, 0.0, 581.9572397249914, 0.0, 0.0]
INFORMACIÓN : 4apuestaBundle [647.358105760649, 610.8692808523316, 535.4411401173056, 515.6222998088903, 412.304682156176, 412.304682156176]
INFORMACIÓN : 4positionsBundle [2391, 1780, 566, 1168, 1036, 1036]
INFORMACIÓN : 4levelsBundle [2, 2, 2, 2, 2, 2]
INFORMACIÓN : 4positionsOrdered [2391, 1780, 1168, 566, 1036, 1036]
INFORMACIÓN : 4levelsOrdered [2, 2, 2, 2, 2, 2]
INFORMACIÓN : 4partialityOrdered [2, 2, 2, 2, 2, 2]
INFORMACIÓN : 4arrivalTimes [42.44997055358225, 58.72879114968195, 75.69935389815909, 88.34147980064603, 110.27319200010734, 110.27319200010734]
INFORMACIÓN : coalSat position 1780 level 2
INFORMACIÓN : coalSat position 1036 level 2
INFORMACIÓN : I [MW, AB]; lost Test.myBail@569ddd56; POS 1780; sensors [IR]; level 2 I paid 610.8692808523316in favour ofnull paid 610.8692808523316
INFORMACIÓN : 5historia0[0.0, 0.0, 687.06129198069, 0.0, 481.5766554891293, 0.0, 0.0, 0.0, 0.0, 0.0, 0.0, 0.0, 651.0863976881205, 0.0, 0.0, 0.0, 0.0, 0.0, 0.0, 585.5451030641009, 0.0, 0.0, 0.0, 0.0, 0.0, 0.0, 0.0, 0.0, 0.0, 0.0, 0.0, 605.9332835678089, 0.0, 0.0, 0.0, 0.0, 0.0, 604.0445300778966, 0.0, 0.0, 0.0, 0.0, 0.0, 0.0, 0.0, 0.0, 542.9377417392209, 0.0, 0.0, 574.5402938959734, 0.0, 0.0, 556.8814347000817, 0.0, 605.9332835678089, 0.0, 0.0, 0.0, 633.8705544587784, 0.0, 0.0, 0.0, 647.358105760649, 0.0, 0.0, 0.0, 0.0, 574.5402938959734, 0.0, 0.0, 0.0, 0.0, 0.0, 662.6979936919721, 0.0, 0.0, 0.0, 0.0, 0.0, 0.0, 0.0, 433.9192216633486, 0.0, 0.0, 0.0, 529.7485645940424, 537.5791622743612, 542.9377417392209, 0.0, 0.0, 0.0, 0.0, 0.0, 0.0, 0.0, 0.0, 0.0, 0.0, 0.0, 0.0, 0.0, 0.0, 0.0, 0.0, 559.2906434921593, 0.0, 0.0, 0.0, 0.0, 0.0, 0.0, 0.0, 0.0, 0.0, 0.0, 0.0, 0.0, 581.9572397249914, 0.0, 624.4537315670708]
INFORMACIÓN : 5apuestaBundle [647.358105760649, 610.8692808523316, 410.7078453803807, 402.0695836597357, 386.4106068729467, 386.4106068729467]
INFORMACIÓN : 5positionsBundle [2391, 1780, 1355, 1132, 545, 545]
INFORMACIÓN : 5levelsBundle [2, 2, 2, 2, 2, 2]
INFORMACIÓN : 5positionsOrdered [2391, 1780, 1355, 1132, 545, 545]
INFORMACIÓN : 5levelsOrdered [2, 2, 2, 2, 2, 2]
INFORMACIÓN : 5partialityOrdered [2, 2, 2, 2, 2, 2]
INFORMACIÓN : 5arrivalTimes [42.44997055358225, 58.72879114968195, 84.97760064649533, 112.4366610819873, 130.1284670949414, 130.1284670949414]
INFORMACIÓN : I [MW, AB]; lost Test.myBail@5093999a; POS 545; sensors [AB]; level 2 I paid 386.4106068729467in favour of31@(myturtles,myturtles,bug)@MK-202 paid 451.9307399576379
INFORMACIÓN : 6historia0[0.0, 0.0, 687.06129198069, 0.0, 456.426013733874, 0.0, 0.0, 0.0, 451.9307399576379, 0.0, 414.2863106345035, 0.0, 651.0863976881205, 0.0, 0.0, 0.0, 0.0, 0.0, 410.7078453803807, 585.5451030641009, 0.0, 0.0, 0.0, 0.0, 0.0, 0.0, 0.0, 0.0, 0.0, 0.0, 0.0, 605.9332835678089, 0.0, 0.0, 0.0, 0.0, 0.0, 604.0445300778966, 0.0, 0.0, 0.0, 0.0, 0.0, 0.0, 0.0, 0.0, 567.6627534574804, 0.0, 0.0, 574.5402938959734, 0.0, 0.0, 556.8814347000817, 0.0, 605.9332835678089, 0.0, 0.0, 0.0, 633.8705544587784, 0.0, 0.0, 0.0, 647.358105760649, 0.0, 0.0, 0.0, 0.0, 574.5402938959734, 0.0, 0.0, 0.0, 0.0, 0.0, 662.6979936919721, 0.0, 0.0, 0.0, 0.0, 0.0, 0.0, 0.0, 433.9192216633486, 0.0, 0.0, 0.0, 529.7485645940424, 537.5791622743612, 567.6627534574804, 0.0, 0.0, 0.0, 0.0, 0.0, 0.0, 0.0, 0.0, 0.0, 0.0, 0.0, 0.0, 610.8692808523316, 0.0, 0.0, 0.0, 548.498881325964, 0.0, 451.9307399576379, 0.0, 0.0, 0.0, 0.0, 0.0, 0.0, 0.0, 0.0, 0.0, 402.0695836597357, 581.9572397249914, 0.0, 624.4537315670708]
INFORMACIÓN : 6apuestaBundle [647.358105760649, 610.8692808523316, 410.7078453803807, 402.0695836597357, 371.0613589920255]
INFORMACIÓN : 6positionsBundle [2391, 1780, 1355, 1132, 319]
INFORMACIÓN : 6levelsBundle [2, 2, 2, 2, 2]
INFORMACIÓN : 6positionsOrdered [2391, 1780, 1355, 1132, 319]
INFORMACIÓN : 6levelsOrdered [2, 2, 2, 2, 2]
INFORMACIÓN : 6partialityOrdered [2, 2, 2, 2, 2]
INFORMACIÓN : 6arrivalTimes [42.44997055358225, 58.72879114968195, 84.97760064649533, 112.4366610819873, 133.0521892100756]
INFORMACIÓN : I [MW, AB]; lost Test.myBail@fea5afc; POS 1355; sensors [IR]; level 2 I paid 410.7078453803807in favour of40@(myturtles,myturtles,bug)@MK-202 paid 450.02608950309815
INFORMACIÓN : 7historia0[0.0, 0.0, 687.06129198069, 0.0, 476.34241612738947, 0.0, 0.0, 0.0, 451.9307399576379, 0.0, 414.2863106345035, 0.0, 651.0863976881205, 0.0, 0.0, 0.0, 0.0, 0.0, 450.02608950309815, 585.5451030641009, 0.0, 0.0, 0.0, 0.0, 0.0, 0.0, 0.0, 0.0, 0.0, 0.0, 0.0, 605.9332835678089, 0.0, 0.0, 0.0, 0.0, 0.0, 0.0, 0.0, 0.0, 0.0, 0.0, 0.0, 0.0, 0.0, 0.0, 533.3450237488817, 450.02608950309815, 0.0, 574.5402938959734, 0.0, 0.0, 0.0, 0.0, 605.9332835678089, 0.0, 0.0, 0.0, 633.8705544587784, 0.0, 0.0, 0.0, 647.358105760649, 0.0, 0.0, 0.0, 0.0, 574.5402938959734, 0.0, 0.0, 0.0, 582.7607281756507, 0.0, 662.6979936919721, 0.0, 0.0, 0.0, 0.0, 0.0, 0.0, 0.0, 433.9192216633486, 0.0, 0.0, 0.0, 529.7485645940424, 537.5791622743612, 533.3450237488817, 0.0, 0.0, 0.0, 0.0, 0.0, 0.0, 0.0, 0.0, 0.0, 0.0, 0.0, 0.0, 610.8692808523316, 0.0, 0.0, 0.0, 553.8577090045922, 0.0, 451.9307399576379, 0.0, 0.0, 0.0, 0.0, 0.0, 0.0, 0.0, 0.0, 0.0, 0.0, 581.9572397249914, 0.0, 624.4537315670708]
INFORMACIÓN : 7apuestaBundle [647.358105760649, 610.8692808523316, 602.3447038169083, 382.1668732433311, 371.0613589920255]
INFORMACIÓN : 7positionsBundle [2391, 1780, 1853, 1132, 319]
INFORMACIÓN : 7levelsBundle [2, 2, 2, 2, 2]
INFORMACIÓN : 7positionsOrdered [2391, 1780, 1853, 1132, 319]
INFORMACIÓN : 7levelsOrdered [2, 2, 2, 2, 2]
INFORMACIÓN : 7partialityOrdered [2, 2, 2, 2, 2]
INFORMACIÓN : 7arrivalTimes [42.44997055358225, 58.72879114968195, 85.80276389104372, 118.45241932567274, 139.06794745376104]
INFORMACIÓN : coalSat position 1853 level 2
INFORMACIÓN : I [MW, AB]; lost Test.myBail@3688921c; POS 1853; sensors [IR]; level 2 I paid 602.3447038169083in favour ofnull paid 602.3447038169083
INFORMACIÓN : 8historia0[0.0, 0.0, 687.06129198069, 0.0, 476.34241612738947, 0.0, 0.0, 0.0, 451.9307399576379, 0.0, 414.2863106345035, 0.0, 651.0863976881205, 0.0, 0.0, 0.0, 0.0, 0.0, 450.02608950309815, 585.5451030641009, 0.0, 0.0, 0.0, 0.0, 0.0, 0.0, 0.0, 0.0, 0.0, 0.0, 0.0, 605.9332835678089, 0.0, 0.0, 0.0, 0.0, 0.0, 582.7607281756507, 0.0, 0.0, 0.0, 0.0, 0.0, 0.0, 0.0, 0.0, 533.3450237488817, 450.02608950309815, 0.0, 574.5402938959734, 0.0, 0.0, 516.0231503911963, 0.0, 605.9332835678089, 0.0, 0.0, 0.0, 633.8705544587784, 0.0, 0.0, 0.0, 647.358105760649, 0.0, 0.0, 0.0, 0.0, 574.5402938959734, 0.0, 0.0, 0.0, 0.0, 0.0, 662.6979936919721, 0.0, 0.0, 0.0, 0.0, 0.0, 0.0, 0.0, 433.9192216633486, 0.0, 0.0, 0.0, 529.7485645940424, 537.5791622743612, 533.3450237488817, 0.0, 0.0, 0.0, 0.0, 0.0, 0.0, 0.0, 0.0, 0.0, 0.0, 0.0, 0.0, 610.8692808523316, 0.0, 0.0, 0.0, 553.8577090045922, 0.0, 451.9307399576379, 0.0, 0.0, 0.0, 0.0, 0.0, 0.0, 0.0, 0.0, 0.0, 0.0, 581.9572397249914, 0.0, 624.4537315670708]
INFORMACIÓN : 8apuestaBundle [647.358105760649, 610.8692808523316, 561.2979658007871, 402.0695836597357, 371.0613589920255]
INFORMACIÓN : 8positionsBundle [2391, 1780, 1168, 1132, 319]
INFORMACIÓN : 8levelsBundle [2, 2, 2, 2, 2]
INFORMACIÓN : 8positionsOrdered [2391, 1780, 1168, 1132, 319]
INFORMACIÓN : 8levelsOrdered [2, 2, 2, 2, 2]
INFORMACIÓN : 8partialityOrdered [2, 2, 2, 2, 2]
INFORMACIÓN : 8arrivalTimes [42.44997055358225, 58.72879114968195, 75.69935389815909, 89.73502274577729, 110.35055087386559]
INFORMACIÓN : I [MW, AB]; lost Test.myBail@8fe0f95; POS 1168; sensors [IR]; level 2 I paid 561.2979658007871in favour ofnull paid 0.0
INFORMACIÓN : 9historia0[0.0, 0.0, 687.06129198069, 0.0, 476.34241612738947, 0.0, 0.0, 0.0, 451.9307399576379, 0.0, 414.2863106345035, 0.0, 651.0863976881205, 0.0, 0.0, 0.0, 0.0, 0.0, 450.02608950309815, 585.5451030641009, 0.0, 0.0, 0.0, 0.0, 0.0, 0.0, 0.0, 0.0, 0.0, 0.0, 0.0, 605.9332835678089, 0.0, 0.0, 0.0, 0.0, 0.0, 604.0445300778966, 0.0, 0.0, 0.0, 0.0, 0.0, 0.0, 0.0, 0.0, 533.3450237488817, 450.02608950309815, 0.0, 574.5402938959734, 0.0, 0.0, 0.0, 0.0, 605.9332835678089, 0.0, 0.0, 0.0, 633.8705544587784, 0.0, 0.0, 0.0, 647.358105760649, 0.0, 0.0, 0.0, 0.0, 574.5402938959734, 0.0, 0.0, 0.0, 582.7607281756507, 0.0, 662.6979936919721, 0.0, 0.0, 0.0, 0.0, 0.0, 0.0, 0.0, 433.9192216633486, 0.0, 0.0, 0.0, 529.7485645940424, 537.5791622743612, 533.3450237488817, 0.0, 0.0, 0.0, 0.0, 0.0, 0.0, 0.0, 0.0, 0.0, 0.0, 0.0, 0.0, 610.8692808523316, 0.0, 0.0, 0.0, 553.8577090045922, 0.0, 451.9307399576379, 0.0, 0.0, 0.0, 0.0, 0.0, 0.0, 0.0, 0.0, 0.0, 0.0, 581.9572397249914, 0.0, 624.4537315670708]
INFORMACIÓN : 9apuestaBundle [647.358105760649, 610.8692808523316, 602.3447038169083, 382.1668732433311, 371.0613589920255]
INFORMACIÓN : 9positionsBundle [2391, 1780, 1853, 1132, 319]
INFORMACIÓN : 9levelsBundle [2, 2, 2, 2, 2]
INFORMACIÓN : 9positionsOrdered [2391, 1780, 1853, 1132, 319]
INFORMACIÓN : 9levelsOrdered [2, 2, 2, 2, 2]
INFORMACIÓN : 9partialityOrdered [2, 2, 2, 2, 2]
INFORMACIÓN : 9arrivalTimes [42.44997055358225, 58.72879114968195, 85.80276389104372, 118.45241932567274, 139.06794745376104]
INFORMACIÓN : 10historia0[0.0, 0.0, 687.06129198069, 0.0, 476.34241612738947, 454.75970720733073, 0.0, 0.0, 451.9307399576379, 0.0, 414.2863106345035, 0.0, 651.0863976881205, 0.0, 0.0, 0.0, 0.0, 0.0, 450.02608950309815, 585.5451030641009, 0.0, 0.0, 0.0, 0.0, 0.0, 0.0, 0.0, 0.0, 0.0, 0.0, 0.0, 605.9332835678089, 0.0, 0.0, 0.0, 0.0, 0.0, 0.0, 0.0, 0.0, 0.0, 0.0, 0.0, 371.0613589920255, 0.0, 0.0, 567.975462097355, 450.02608950309815, 0.0, 574.5402938959734, 0.0, 0.0, 0.0, 0.0, 605.9332835678089, 0.0, 0.0, 0.0, 633.8705544587784, 0.0, 0.0, 0.0, 647.358105760649, 0.0, 0.0, 0.0, 0.0, 574.5402938959734, 0.0, 0.0, 0.0, 602.3447038169083, 0.0, 662.6979936919721, 0.0, 0.0, 0.0, 0.0, 0.0, 0.0, 0.0, 433.9192216633486, 0.0, 0.0, 0.0, 529.7485645940424, 537.5791622743612, 567.975462097355, 0.0, 0.0, 0.0, 0.0, 0.0, 0.0, 0.0, 0.0, 0.0, 0.0, 0.0, 0.0, 610.8692808523316, 0.0, 0.0, 0.0, 559.2906434921593, 0.0, 451.9307399576379, 0.0, 0.0, 0.0, 0.0, 0.0, 0.0, 0.0, 0.0, 0.0, 382.1668732433311, 581.9572397249914, 0.0, 624.4537315670708]
INFORMACIÓN : 10apuestaBundle [647.358105760649, 610.8692808523316, 602.3447038169083, 382.1668732433311, 371.0613589920255]
INFORMACIÓN : 10positionsBundle [2391, 1780, 1853, 1132, 319]
INFORMACIÓN : 10levelsBundle [2, 2, 2, 2, 2]
INFORMACIÓN : 10positionsOrdered [2391, 1780, 1853, 1132, 319]
INFORMACIÓN : 10levelsOrdered [2, 2, 2, 2, 2]
INFORMACIÓN : 10partialityOrdered [2, 2, 2, 2, 2]
INFORMACIÓN : 10arrivalTimes [42.44997055358225, 58.72879114968195, 85.80276389104372, 118.45241932567274, 139.06794745376104]
INFORMACIÓN : coalSat position 1853 level 2
INFORMACIÓN : coalSat position 1132 level 2
INFORMACIÓN : I [MW, AB]; lost Test.myBail@3688921c; POS 1853; sensors [IR]; level 2 I paid 602.3447038169083in favour ofnull paid 602.3447038169083
INFORMACIÓN : 11historia0[0.0, 0.0, 687.06129198069, 0.0, 476.34241612738947, 454.75970720733073, 0.0, 0.0, 451.9307399576379, 0.0, 414.2863106345035, 0.0, 651.0863976881205, 0.0, 0.0, 0.0, 0.0, 0.0, 450.02608950309815, 585.5451030641009, 0.0, 0.0, 0.0, 0.0, 0.0, 0.0, 0.0, 0.0, 0.0, 0.0, 0.0, 605.9332835678089, 0.0, 0.0, 0.0, 0.0, 0.0, 604.0445300778966, 0.0, 0.0, 0.0, 0.0, 0.0, 0.0, 0.0, 0.0, 567.975462097355, 478.3701006786447, 0.0, 574.5402938959734, 0.0, 0.0, 556.8814347000817, 0.0, 605.9332835678089, 0.0, 0.0, 0.0, 633.8705544587784, 0.0, 0.0, 0.0, 647.358105760649, 0.0, 0.0, 0.0, 0.0, 574.5402938959734, 0.0, 0.0, 0.0, 0.0, 0.0, 662.6979936919721, 0.0, 0.0, 0.0, 0.0, 0.0, 0.0, 0.0, 433.9192216633486, 0.0, 0.0, 402.3829334632511, 529.7485645940424, 537.5791622743612, 567.975462097355, 0.0, 420.29606169931446, 0.0, 0.0, 0.0, 0.0, 0.0, 0.0, 0.0, 0.0, 0.0, 0.0, 610.8692808523316, 0.0, 0.0, 0.0, 559.2906434921593, 0.0, 451.9307399576379, 0.0, 0.0, 0.0, 0.0, 0.0, 0.0, 0.0, 0.0, 0.0, 0.0, 581.9572397249914, 0.0, 624.4537315670708]
INFORMACIÓN : 11apuestaBundle [647.358105760649, 610.8692808523316, 602.3447038169083, 382.1668732433311, 371.0613589920255]
INFORMACIÓN : 11positionsBundle [2391, 1780, 1853, 1132, 319]
INFORMACIÓN : 11levelsBundle [2, 2, 2, 2, 2]
INFORMACIÓN : 11positionsOrdered [2391, 1780, 1853, 1132, 319]
INFORMACIÓN : 11levelsOrdered [2, 2, 2, 2, 2]
INFORMACIÓN : 11partialityOrdered [2, 2, 2, 2, 2]
INFORMACIÓN : 11arrivalTimes [42.44997055358225, 58.72879114968195, 85.80276389104372, 118.45241932567274, 139.06794745376104]
INFORMACIÓN : 12historia0[0.0, 0.0, 687.06129198069, 0.0, 476.34241612738947, 454.75970720733073, 0.0, 0.0, 451.9307399576379, 0.0, 414.2863106345035, 0.0, 651.0863976881205, 0.0, 0.0, 0.0, 0.0, 0.0, 450.02608950309815, 585.5451030641009, 0.0, 0.0, 0.0, 0.0, 0.0, 0.0, 0.0, 0.0, 0.0, 0.0, 0.0, 605.9332835678089, 0.0, 0.0, 0.0, 0.0, 0.0, 604.0445300778966, 0.0, 0.0, 0.0, 0.0, 0.0, 371.0613589920255, 0.0, 0.0, 567.975462097355, 478.3701006786447, 0.0, 574.5402938959734, 0.0, 0.0, 556.8814347000817, 0.0, 605.9332835678089, 0.0, 0.0, 0.0, 633.8705544587784, 0.0, 0.0, 0.0, 647.358105760649, 0.0, 0.0, 0.0, 0.0, 574.5402938959734, 0.0, 0.0, 0.0, 602.3447038169083, 0.0, 662.6979936919721, 0.0, 0.0, 0.0, 0.0, 0.0, 0.0, 0.0, 433.9192216633486, 0.0, 0.0, 402.3829334632511, 529.7485645940424, 537.5791622743612, 567.975462097355, 0.0, 420.29606169931446, 0.0, 0.0, 0.0, 0.0, 0.0, 0.0, 0.0, 0.0, 0.0, 0.0, 610.8692808523316, 0.0, 0.0, 0.0, 559.2906434921593, 0.0, 451.9307399576379, 0.0, 0.0, 0.0, 0.0, 0.0, 0.0, 0.0, 0.0, 0.0, 382.1668732433311, 581.9572397249914, 0.0, 624.4537315670708]
INFORMACIÓN : 12apuestaBundle [647.358105760649, 610.8692808523316, 602.3447038169083, 382.1668732433311, 371.0613589920255]
INFORMACIÓN : 12positionsBundle [2391, 1780, 1853, 1132, 319]
INFORMACIÓN : 12levelsBundle [2, 2, 2, 2, 2]
INFORMACIÓN : 12positionsOrdered [2391, 1780, 1853, 1132, 319]
INFORMACIÓN : 12levelsOrdered [2, 2, 2, 2, 2]
INFORMACIÓN : 12partialityOrdered [2, 2, 2, 2, 2]
INFORMACIÓN : 12arrivalTimes [42.44997055358225, 58.72879114968195, 85.80276389104372, 118.45241932567274, 139.06794745376104]
INFORMACIÓN : I [MW, AB]; lost Test.myBail@27b557ed; POS 319; sensors [IR]; level 2 I paid 371.0613589920255in favour of40@(myturtles,myturtles,bug)@MK-202 paid 446.1871894044167
INFORMACIÓN : 13historia0[0.0, 0.0, 687.06129198069, 0.0, 476.34241612738947, 0.0, 0.0, 0.0, 451.9307399576379, 0.0, 0.0, 0.0, 651.0863976881205, 0.0, 0.0, 0.0, 0.0, 0.0, 450.02608950309815, 585.5451030641009, 0.0, 0.0, 0.0, 0.0, 0.0, 0.0, 0.0, 0.0, 0.0, 0.0, 0.0, 605.9332835678089, 0.0, 0.0, 0.0, 0.0, 0.0, 604.0445300778966, 0.0, 0.0, 0.0, 0.0, 0.0, 446.1871894044167, 0.0, 0.0, 567.975462097355, 478.3701006786447, 0.0, 574.5402938959734, 0.0, 0.0, 556.8814347000817, 0.0, 605.9332835678089, 0.0, 0.0, 0.0, 633.8705544587784, 0.0, 0.0, 0.0, 647.358105760649, 0.0, 0.0, 0.0, 0.0, 574.5402938959734, 0.0, 0.0, 0.0, 602.3447038169083, 0.0, 662.6979936919721, 0.0, 0.0, 0.0, 0.0, 0.0, 0.0, 0.0, 433.9192216633486, 0.0, 0.0, 0.0, 529.7485645940424, 537.5791622743612, 567.975462097355, 0.0, 420.29606169931446, 0.0, 0.0, 0.0, 0.0, 0.0, 428.5306171097076, 0.0, 0.0, 0.0, 0.0, 610.8692808523316, 0.0, 0.0, 0.0, 559.2906434921593, 0.0, 451.9307399576379, 0.0, 0.0, 0.0, 0.0, 0.0, 0.0, 0.0, 0.0, 0.0, 382.1668732433311, 581.9572397249914, 0.0, 624.4537315670708]
INFORMACIÓN : 13apuestaBundle [647.358105760649, 610.8692808523316, 602.3447038169083, 382.1668732433311, 378.96786918147905]
INFORMACIÓN : 13positionsBundle [2391, 1780, 1853, 1132, 1938]
INFORMACIÓN : 13levelsBundle [2, 2, 2, 2, 2]
INFORMACIÓN : 13positionsOrdered [2391, 1780, 1853, 1132, 1938]
INFORMACIÓN : 13levelsOrdered [2, 2, 2, 2, 2]
INFORMACIÓN : 13partialityOrdered [2, 2, 2, 2, 2]
INFORMACIÓN : 13arrivalTimes [42.44997055358225, 58.72879114968195, 85.80276389104372, 118.45241932567274, 135.5404268163078]
INFORMACIÓN : 14historia0[0.0, 0.0, 687.06129198069, 0.0, 476.34241612738947, 454.75970720733073, 0.0, 0.0, 451.9307399576379, 0.0, 0.0, 0.0, 651.0863976881205, 0.0, 0.0, 0.0, 0.0, 0.0, 450.02608950309815, 585.5451030641009, 0.0, 0.0, 0.0, 0.0, 0.0, 0.0, 0.0, 0.0, 0.0, 0.0, 0.0, 605.9332835678089, 0.0, 0.0, 0.0, 0.0, 0.0, 604.0445300778966, 0.0, 0.0, 0.0, 0.0, 0.0, 446.1871894044167, 0.0, 0.0, 567.975462097355, 478.3701006786447, 0.0, 574.5402938959734, 0.0, 0.0, 556.8814347000817, 0.0, 605.9332835678089, 0.0, 0.0, 0.0, 633.8705544587784, 0.0, 0.0, 0.0, 647.358105760649, 0.0, 0.0, 0.0, 0.0, 574.5402938959734, 0.0, 378.96786918147905, 0.0, 602.3447038169083, 0.0, 662.6979936919721, 0.0, 0.0, 0.0, 0.0, 0.0, 0.0, 0.0, 433.9192216633486, 0.0, 0.0, 0.0, 529.7485645940424, 537.5791622743612, 567.975462097355, 0.0, 420.29606169931446, 0.0, 0.0, 0.0, 0.0, 0.0, 428.5306171097076, 0.0, 0.0, 0.0, 0.0, 610.8692808523316, 0.0, 0.0, 0.0, 559.2906434921593, 0.0, 451.9307399576379, 0.0, 0.0, 0.0, 0.0, 0.0, 0.0, 0.0, 0.0, 0.0, 382.1668732433311, 581.9572397249914, 0.0, 624.4537315670708]
INFORMACIÓN : 14apuestaBundle [647.358105760649, 610.8692808523316, 602.3447038169083, 382.1668732433311, 378.96786918147905]
INFORMACIÓN : 14positionsBundle [2391, 1780, 1853, 1132, 1938]
INFORMACIÓN : 14levelsBundle [2, 2, 2, 2, 2]
INFORMACIÓN : 14positionsOrdered [2391, 1780, 1853, 1132, 1938]
INFORMACIÓN : 14levelsOrdered [2, 2, 2, 2, 2]
INFORMACIÓN : 14partialityOrdered [2, 2, 2, 2, 2]
INFORMACIÓN : 14arrivalTimes [42.44997055358225, 58.72879114968195, 85.80276389104372, 118.45241932567274, 135.5404268163078]
INFORMACIÓN : coalSat position 1132 level 2
INFORMACIÓN : coalSat position 1938 level 2
INFORMACIÓN : I [MW, AB]; lost Test.myBail@65a48d52; POS 1132; sensors [IR]; level 2 I paid 382.1668732433311in favour ofnull paid 382.1668732433311
INFORMACIÓN : 15historia0[0.0, 0.0, 687.06129198069, 0.0, 476.34241612738947, 454.75970720733073, 0.0, 0.0, 451.9307399576379, 0.0, 385.3055393295758, 0.0, 651.0863976881205, 0.0, 0.0, 0.0, 0.0, 0.0, 450.02608950309815, 585.5451030641009, 0.0, 0.0, 0.0, 0.0, 0.0, 0.0, 0.0, 0.0, 0.0, 0.0, 0.0, 605.9332835678089, 0.0, 0.0, 0.0, 0.0, 0.0, 604.0445300778966, 0.0, 0.0, 0.0, 0.0, 0.0, 446.1871894044167, 0.0, 0.0, 567.975462097355, 478.3701006786447, 0.0, 574.5402938959734, 0.0, 0.0, 556.8814347000817, 0.0, 605.9332835678089, 0.0, 0.0, 0.0, 633.8705544587784, 0.0, 0.0, 0.0, 647.358105760649, 0.0, 0.0, 0.0, 0.0, 574.5402938959734, 0.0, 0.0, 0.0, 602.3447038169083, 0.0, 662.6979936919721, 0.0, 0.0, 0.0, 0.0, 0.0, 0.0, 0.0, 433.9192216633486, 0.0, 0.0, 402.3829334632511, 529.7485645940424, 537.5791622743612, 567.975462097355, 0.0, 420.29606169931446, 0.0, 0.0, 0.0, 0.0, 0.0, 428.5306171097076, 0.0, 0.0, 0.0, 0.0, 610.8692808523316, 0.0, 0.0, 0.0, 559.2906434921593, 0.0, 451.9307399576379, 0.0, 0.0, 0.0, 0.0, 0.0, 0.0, 0.0, 0.0, 0.0, 0.0, 581.9572397249914, 0.0, 624.4537315670708]
INFORMACIÓN : 15apuestaBundle [647.358105760649, 610.8692808523316, 602.3447038169083, 382.1668732433311, 362.96067541465595]
INFORMACIÓN : 15positionsBundle [2391, 1780, 1853, 1132, 1938]
INFORMACIÓN : 15levelsBundle [2, 2, 2, 2, 2]
INFORMACIÓN : 15positionsOrdered [2391, 1780, 1853, 1132, 1938]
INFORMACIÓN : 15levelsOrdered [2, 2, 2, 2, 2]
INFORMACIÓN : 15partialityOrdered [2, 2, 2, 2, 2]
INFORMACIÓN : 15arrivalTimes [42.44997055358225, 58.72879114968195, 85.80276389104372, 118.45241932567274, 135.5404268163078]
INFORMACIÓN : 16historia0[0.0, 0.0, 687.06129198069, 0.0, 476.34241612738947, 454.75970720733073, 0.0, 0.0, 451.9307399576379, 0.0, 385.3055393295758, 0.0, 651.0863976881205, 0.0, 0.0, 0.0, 0.0, 0.0, 450.02608950309815, 585.5451030641009, 0.0, 0.0, 0.0, 0.0, 0.0, 0.0, 0.0, 0.0, 0.0, 0.0, 0.0, 605.9332835678089, 0.0, 0.0, 0.0, 0.0, 0.0, 604.0445300778966, 0.0, 0.0, 0.0, 0.0, 0.0, 446.1871894044167, 0.0, 0.0, 567.975462097355, 478.3701006786447, 0.0, 574.5402938959734, 0.0, 0.0, 556.8814347000817, 0.0, 605.9332835678089, 0.0, 0.0, 0.0, 633.8705544587784, 0.0, 0.0, 0.0, 647.358105760649, 0.0, 0.0, 0.0, 0.0, 574.5402938959734, 0.0, 362.96067541465595, 0.0, 602.3447038169083, 0.0, 662.6979936919721, 0.0, 0.0, 0.0, 0.0, 0.0, 0.0, 0.0, 433.9192216633486, 0.0, 0.0, 402.3829334632511, 529.7485645940424, 537.5791622743612, 567.975462097355, 0.0, 420.29606169931446, 0.0, 0.0, 0.0, 0.0, 0.0, 428.5306171097076, 0.0, 0.0, 0.0, 0.0, 610.8692808523316, 0.0, 0.0, 0.0, 559.2906434921593, 0.0, 451.9307399576379, 0.0, 0.0, 0.0, 0.0, 0.0, 0.0, 0.0, 0.0, 0.0, 382.1668732433311, 581.9572397249914, 0.0, 624.4537315670708]
INFORMACIÓN : 16apuestaBundle [647.358105760649, 610.8692808523316, 602.3447038169083, 382.1668732433311, 362.96067541465595]
INFORMACIÓN : 16positionsBundle [2391, 1780, 1853, 1132, 1938]
INFORMACIÓN : 16levelsBundle [2, 2, 2, 2, 2]
INFORMACIÓN : 16positionsOrdered [2391, 1780, 1853, 1132, 1938]
INFORMACIÓN : 16levelsOrdered [2, 2, 2, 2, 2]
INFORMACIÓN : 16partialityOrdered [2, 2, 2, 2, 2]
INFORMACIÓN : 16arrivalTimes [42.44997055358225, 58.72879114968195, 85.80276389104372, 118.45241932567274, 135.5404268163078]
