----------------------------------------------------------------------
-- Log session for [myBugCoalitionsCCBBAGuaiDEF-40] started on 2018.01.04.04.50.19 --
----------------------------------------------------------------------

INFORMACIÓN : I started
INFORMACIÓN : 0apuestaBundle [640.2334391065128, 602.2034732725475, 602.2034732725475, 580.5701962935, 580.3462569697613, 575.2835542605769]
INFORMACIÓN : 0positionsBundle [2391, 1780, 1780, 974, 1199, 290]
INFORMACIÓN : 0levelsBundle [2, 2, 2, 2, 2, 2]
INFORMACIÓN : 0positionsOrdered [2391, 1780, 1780, 974, 1199, 290]
INFORMACIÓN : 0levelsOrdered [2, 2, 2, 2, 2, 2]
INFORMACIÓN : 0partialityOrdered [2, 2, 2, 2, 2, 2]
INFORMACIÓN : 0arrivalTimes [45.617978911828175, 61.89679950792788, 61.89679950792788, 78.98480699856295, 104.30278480090728, 124.42739659840538]
INFORMACIÓN : I [IR, AB]; lost Test.myBail@1bf6517c; POS 2391; sensors [MW]; level 2 I paid 640.2334391065128in favour of28@(myturtles,myturtles,bug)@MK-202 paid 647.358105760649
INFORMACIÓN : 1historia0[0.0, 0.0, 647.358105760649, 0.0, 0.0, 0.0, 0.0, 0.0, 0.0, 0.0, 0.0, 0.0, 651.0863976881205, 0.0, 0.0, 0.0, 0.0, 0.0, 0.0, 0.0, 0.0, 0.0, 0.0, 0.0, 0.0, 0.0, 0.0, 0.0, 0.0, 0.0, 0.0, 0.0, 0.0, 0.0, 0.0, 0.0, 0.0, 0.0, 0.0, 0.0, 0.0, 0.0, 0.0, 0.0, 0.0, 0.0, 0.0, 0.0, 0.0, 0.0, 0.0, 0.0, 0.0, 0.0, 0.0, 0.0, 0.0, 0.0, 0.0, 0.0, 0.0, 0.0, 647.358105760649, 0.0, 0.0, 0.0, 0.0, 0.0, 0.0, 0.0, 0.0, 0.0, 0.0, 0.0, 0.0, 0.0, 0.0, 0.0, 0.0, 0.0, 0.0, 0.0, 0.0, 0.0, 0.0, 0.0, 0.0, 0.0, 0.0, 0.0, 0.0, 0.0, 0.0, 0.0, 0.0, 0.0, 0.0, 0.0, 0.0, 0.0, 0.0, 0.0, 0.0, 0.0, 0.0, 0.0, 0.0, 0.0, 0.0, 0.0, 0.0, 0.0, 0.0, 0.0, 0.0, 0.0, 0.0, 0.0, 0.0, 0.0]
INFORMACIÓN : 1apuestaBundle [633.8705544587784, 602.2034732725475, 602.2034732725475, 582.7607281756507, 582.7607281756507, 580.3462569697613, 573.5797589903639]
INFORMACIÓN : 1positionsBundle [974, 1780, 1780, 1853, 1853, 1199, 1353]
INFORMACIÓN : 1levelsBundle [2, 2, 2, 2, 2, 2, 2]
INFORMACIÓN : 1positionsOrdered [974, 1780, 1780, 1853, 1853, 1199, 1353]
INFORMACIÓN : 1levelsOrdered [2, 2, 2, 2, 2, 2, 2]
INFORMACIÓN : 1partialityOrdered [2, 2, 2, 2, 2, 2, 2]
INFORMACIÓN : 1arrivalTimes [13.341664064126334, 30.429671554761395, 30.429671554761395, 57.50364429612316, 57.50364429612316, 105.58690541680839, 151.76049093926918]
INFORMACIÓN : 2historia0[0.0, 0.0, 687.06129198069, 0.0, 0.0, 0.0, 0.0, 0.0, 0.0, 0.0, 0.0, 0.0, 0.0, 0.0, 0.0, 0.0, 0.0, 0.0, 0.0, 580.3462569697613, 0.0, 0.0, 0.0, 0.0, 0.0, 0.0, 0.0, 0.0, 0.0, 0.0, 0.0, 573.5797589903639, 0.0, 0.0, 0.0, 0.0, 0.0, 582.7607281756507, 0.0, 0.0, 0.0, 0.0, 0.0, 0.0, 0.0, 0.0, 0.0, 0.0, 0.0, 0.0, 0.0, 0.0, 0.0, 0.0, 0.0, 0.0, 0.0, 0.0, 633.8705544587784, 0.0, 0.0, 0.0, 0.0, 0.0, 0.0, 0.0, 0.0, 0.0, 0.0, 0.0, 0.0, 582.7607281756507, 0.0, 662.6979936919721, 0.0, 0.0, 0.0, 0.0, 0.0, 0.0, 0.0, 0.0, 0.0, 0.0, 0.0, 0.0, 0.0, 0.0, 0.0, 0.0, 0.0, 0.0, 0.0, 0.0, 0.0, 0.0, 0.0, 0.0, 0.0, 0.0, 602.2034732725475, 0.0, 0.0, 0.0, 0.0, 0.0, 0.0, 0.0, 0.0, 0.0, 0.0, 0.0, 0.0, 0.0, 0.0, 0.0, 0.0, 0.0, 0.0, 602.2034732725475]
INFORMACIÓN : 2apuestaBundle [633.8705544587784, 602.2034732725475, 602.2034732725475, 582.7607281756507, 582.7607281756507, 580.3462569697613, 573.5797589903639]
INFORMACIÓN : 2positionsBundle [974, 1780, 1780, 1853, 1853, 1199, 1353]
INFORMACIÓN : 2levelsBundle [2, 2, 2, 2, 2, 2, 2]
INFORMACIÓN : 2positionsOrdered [974, 1780, 1780, 1853, 1853, 1199, 1353]
INFORMACIÓN : 2levelsOrdered [2, 2, 2, 2, 2, 2, 2]
INFORMACIÓN : 2partialityOrdered [2, 2, 2, 2, 2, 2, 2]
INFORMACIÓN : 2arrivalTimes [13.341664064126334, 30.429671554761395, 30.429671554761395, 57.50364429612316, 57.50364429612316, 105.58690541680839, 151.76049093926918]
INFORMACIÓN : coalSat position 1780 level 2
INFORMACIÓN : timeSat position 1780 level 2
INFORMACIÓN : coalSat position 1853 level 2
INFORMACIÓN : coalSat position 1199 level 2
INFORMACIÓN : I [IR, AB]; lost Test.myBail@569ddd56; POS 1780; sensors [IR]; level 2 I paid 602.2034732725475in favour ofnull paid 602.2034732725475
INFORMACIÓN : 3historia0[0.0, 0.0, 687.06129198069, 0.0, 0.0, 0.0, 0.0, 0.0, 0.0, 0.0, 0.0, 0.0, 651.0863976881205, 0.0, 0.0, 0.0, 0.0, 0.0, 0.0, 0.0, 0.0, 0.0, 0.0, 0.0, 0.0, 0.0, 0.0, 0.0, 0.0, 0.0, 0.0, 605.9332835678089, 0.0, 0.0, 0.0, 0.0, 0.0, 604.0445300778966, 0.0, 0.0, 0.0, 0.0, 0.0, 0.0, 0.0, 0.0, 531.7965164310924, 0.0, 0.0, 574.5402938959734, 0.0, 0.0, 556.8814347000817, 0.0, 605.9332835678089, 0.0, 0.0, 0.0, 633.8705544587784, 0.0, 0.0, 0.0, 647.358105760649, 0.0, 0.0, 0.0, 0.0, 574.5402938959734, 0.0, 0.0, 0.0, 0.0, 0.0, 662.6979936919721, 0.0, 0.0, 0.0, 0.0, 0.0, 0.0, 0.0, 0.0, 0.0, 0.0, 0.0, 0.0, 537.5791622743612, 531.7965164310924, 0.0, 0.0, 0.0, 0.0, 0.0, 0.0, 0.0, 0.0, 0.0, 0.0, 0.0, 0.0, 0.0, 0.0, 0.0, 0.0, 556.8814347000817, 0.0, 0.0, 0.0, 0.0, 0.0, 0.0, 0.0, 0.0, 0.0, 0.0, 0.0, 0.0, 581.9572397249914, 0.0, 624.1914156765212]
INFORMACIÓN : 3apuestaBundle [633.8705544587784, 602.2034732725475, 559.2906434921593, 481.5766554891293, 450.02608950309815, 450.02608950309815]
INFORMACIÓN : 3positionsBundle [974, 1780, 1168, 780, 1355, 1355]
INFORMACIÓN : 3levelsBundle [2, 2, 2, 2, 2, 2]
INFORMACIÓN : 3positionsOrdered [974, 780, 1780, 1168, 1355, 1355]
INFORMACIÓN : 3levelsOrdered [2, 2, 2, 2, 2, 2]
INFORMACIÓN : 3partialityOrdered [2, 2, 2, 2, 2, 2]
INFORMACIÓN : 3arrivalTimes [13.341664064126334, 20.552766615054313, 55.89679950792788, 74.02192882480635, 87.6233993335418, 87.6233993335418]
INFORMACIÓN : I [IR, AB]; lost Test.myBail@569ddd56; POS 1780; sensors [IR]; level 2 I paid 602.2034732725475in favour of28@(myturtles,myturtles,bug)@MK-202 paid 610.8692808523316
INFORMACIÓN : 4historia0[0.0, 0.0, 687.06129198069, 0.0, 0.0, 0.0, 0.0, 0.0, 0.0, 0.0, 0.0, 0.0, 651.0863976881205, 0.0, 0.0, 0.0, 0.0, 0.0, 0.0, 585.5451030641009, 0.0, 0.0, 0.0, 0.0, 0.0, 0.0, 0.0, 0.0, 0.0, 0.0, 0.0, 605.9332835678089, 0.0, 0.0, 0.0, 0.0, 0.0, 604.0445300778966, 0.0, 0.0, 0.0, 0.0, 0.0, 0.0, 0.0, 0.0, 522.3916987459431, 0.0, 0.0, 574.5402938959734, 0.0, 0.0, 0.0, 0.0, 605.9332835678089, 0.0, 0.0, 0.0, 633.8705544587784, 0.0, 0.0, 0.0, 647.358105760649, 0.0, 0.0, 0.0, 0.0, 574.5402938959734, 0.0, 0.0, 0.0, 0.0, 0.0, 662.6979936919721, 0.0, 0.0, 0.0, 0.0, 0.0, 0.0, 0.0, 0.0, 0.0, 0.0, 0.0, 529.7485645940424, 0.0, 522.3916987459431, 0.0, 0.0, 0.0, 0.0, 0.0, 0.0, 0.0, 0.0, 0.0, 0.0, 0.0, 0.0, 610.8692808523316, 0.0, 0.0, 0.0, 0.0, 0.0, 0.0, 0.0, 0.0, 0.0, 0.0, 0.0, 0.0, 0.0, 0.0, 0.0, 0.0, 581.9572397249914, 0.0, 0.0]
INFORMACIÓN : 4apuestaBundle [633.8705544587784, 602.2034732725475, 559.2906434921593, 542.9377417392209, 542.9377417392209, 481.5766554891293]
INFORMACIÓN : 4positionsBundle [974, 1780, 1168, 566, 566, 780]
INFORMACIÓN : 4levelsBundle [2, 2, 2, 2, 2, 2]
INFORMACIÓN : 4positionsOrdered [974, 1168, 780, 1780, 566, 566]
INFORMACIÓN : 4levelsOrdered [2, 2, 2, 2, 2, 2]
INFORMACIÓN : 4partialityOrdered [2, 2, 2, 2, 2, 2]
INFORMACIÓN : 4arrivalTimes [13.341664064126334, 20.552766615054313, 34.97497171691027, 56.72879114968195, 86.34147980064603, 88.34147980064603]
INFORMACIÓN : coalSat position 1168 level 2
INFORMACIÓN : timeSat position 1168 level 2
INFORMACIÓN : I [IR, AB]; lost Test.myBail@59ffdd04; POS 1780; sensors [AB]; level 2 I paid 602.2034732725475in favour of23@(myturtles,myturtles,bug)@MK-202 paid 624.4537315670708
INFORMACIÓN : 5historia0[0.0, 0.0, 687.06129198069, 0.0, 0.0, 0.0, 0.0, 0.0, 0.0, 0.0, 0.0, 0.0, 651.0863976881205, 0.0, 0.0, 0.0, 0.0, 0.0, 0.0, 585.5451030641009, 0.0, 0.0, 0.0, 0.0, 0.0, 0.0, 0.0, 0.0, 0.0, 0.0, 0.0, 605.9332835678089, 0.0, 0.0, 0.0, 0.0, 0.0, 604.0445300778966, 0.0, 0.0, 0.0, 0.0, 0.0, 0.0, 0.0, 0.0, 0.0, 0.0, 0.0, 574.5402938959734, 0.0, 0.0, 556.8814347000817, 0.0, 605.9332835678089, 0.0, 0.0, 0.0, 633.8705544587784, 0.0, 0.0, 0.0, 647.358105760649, 0.0, 0.0, 0.0, 0.0, 574.5402938959734, 0.0, 0.0, 0.0, 0.0, 0.0, 662.6979936919721, 0.0, 0.0, 0.0, 0.0, 0.0, 0.0, 0.0, 0.0, 0.0, 0.0, 0.0, 0.0, 537.5791622743612, 0.0, 0.0, 0.0, 0.0, 0.0, 0.0, 0.0, 0.0, 0.0, 0.0, 0.0, 0.0, 0.0, 0.0, 0.0, 0.0, 0.0, 0.0, 0.0, 0.0, 0.0, 0.0, 0.0, 0.0, 0.0, 0.0, 0.0, 0.0, 0.0, 0.0, 581.9572397249914, 0.0, 624.4537315670708]
INFORMACIÓN : 5apuestaBundle [633.8705544587784, 602.2034732725475, 567.6627534574804, 567.6627534574804, 548.498881325964, 456.426013733874]
INFORMACIÓN : 5positionsBundle [974, 1780, 566, 566, 1168, 780]
INFORMACIÓN : 5levelsBundle [2, 2, 2, 2, 2, 2]
INFORMACIÓN : 5positionsOrdered [974, 566, 566, 1780, 1168, 780]
INFORMACIÓN : 5levelsOrdered [2, 2, 2, 2, 2, 2]
INFORMACIÓN : 5partialityOrdered [2, 2, 2, 2, 2, 2]
INFORMACIÓN : 5arrivalTimes [13.341664064126334, 24.655372563111094, 24.655372563111094, 54.72879114968195, 74.02192882480635, 88.4441339266623]
INFORMACIÓN : I [IR, AB]; lost Test.myBail@569ddd56; POS 1780; sensors [IR]; level 2 I paid 602.2034732725475in favour of28@(myturtles,myturtles,bug)@MK-202 paid 610.8692808523316
INFORMACIÓN : 6historia0[0.0, 0.0, 687.06129198069, 0.0, 0.0, 0.0, 0.0, 0.0, 451.9307399576379, 0.0, 414.2863106345035, 0.0, 651.0863976881205, 0.0, 0.0, 0.0, 0.0, 0.0, 410.7078453803807, 585.5451030641009, 0.0, 0.0, 0.0, 0.0, 0.0, 0.0, 0.0, 0.0, 0.0, 0.0, 0.0, 605.9332835678089, 0.0, 0.0, 0.0, 0.0, 0.0, 604.0445300778966, 0.0, 0.0, 0.0, 0.0, 0.0, 0.0, 0.0, 0.0, 0.0, 0.0, 0.0, 574.5402938959734, 0.0, 0.0, 556.8814347000817, 0.0, 605.9332835678089, 0.0, 0.0, 0.0, 633.8705544587784, 0.0, 0.0, 0.0, 647.358105760649, 0.0, 0.0, 0.0, 0.0, 574.5402938959734, 0.0, 0.0, 0.0, 0.0, 0.0, 662.6979936919721, 0.0, 0.0, 0.0, 0.0, 0.0, 0.0, 0.0, 433.9192216633486, 0.0, 0.0, 0.0, 529.7485645940424, 537.5791622743612, 0.0, 0.0, 0.0, 0.0, 0.0, 0.0, 0.0, 0.0, 0.0, 0.0, 0.0, 0.0, 0.0, 610.8692808523316, 0.0, 0.0, 0.0, 0.0, 0.0, 451.9307399576379, 0.0, 0.0, 0.0, 0.0, 0.0, 0.0, 0.0, 0.0, 0.0, 402.0695836597357, 581.9572397249914, 0.0, 624.4537315670708]
INFORMACIÓN : 6apuestaBundle [633.8705544587784, 582.7607281756507, 553.8577090045922, 533.3450237488817, 533.3450237488817, 450.02608950309815, 450.02608950309815]
INFORMACIÓN : 6positionsBundle [974, 1853, 1168, 566, 566, 1355, 1355]
INFORMACIÓN : 6levelsBundle [2, 2, 2, 2, 2, 2, 2]
INFORMACIÓN : 6positionsOrdered [974, 1355, 1355, 1853, 1168, 566, 566]
INFORMACIÓN : 6levelsOrdered [2, 2, 2, 2, 2, 2, 2]
INFORMACIÓN : 6partialityOrdered [2, 2, 2, 2, 2, 2, 2]
INFORMACIÓN : 6arrivalTimes [13.341664064126334, 33.957192192214634, 33.957192192214634, 53.50364429612316, 74.02192882480635, 86.18745388540279, 86.18745388540279]
INFORMACIÓN : 7historia0[0.0, 0.0, 687.06129198069, 0.0, 476.34241612738947, 0.0, 0.0, 0.0, 451.9307399576379, 0.0, 414.2863106345035, 0.0, 651.0863976881205, 0.0, 0.0, 0.0, 0.0, 0.0, 450.02608950309815, 585.5451030641009, 0.0, 0.0, 0.0, 0.0, 0.0, 0.0, 0.0, 0.0, 0.0, 0.0, 0.0, 605.9332835678089, 0.0, 0.0, 0.0, 0.0, 0.0, 0.0, 0.0, 0.0, 0.0, 0.0, 0.0, 0.0, 0.0, 0.0, 533.3450237488817, 450.02608950309815, 0.0, 574.5402938959734, 0.0, 0.0, 0.0, 0.0, 605.9332835678089, 0.0, 0.0, 0.0, 633.8705544587784, 0.0, 0.0, 0.0, 647.358105760649, 0.0, 0.0, 0.0, 0.0, 574.5402938959734, 0.0, 0.0, 0.0, 582.7607281756507, 0.0, 662.6979936919721, 0.0, 0.0, 0.0, 0.0, 0.0, 0.0, 0.0, 433.9192216633486, 0.0, 0.0, 0.0, 529.7485645940424, 537.5791622743612, 533.3450237488817, 0.0, 0.0, 0.0, 0.0, 0.0, 0.0, 0.0, 0.0, 0.0, 0.0, 0.0, 0.0, 610.8692808523316, 0.0, 0.0, 0.0, 553.8577090045922, 0.0, 451.9307399576379, 0.0, 0.0, 0.0, 0.0, 0.0, 0.0, 0.0, 0.0, 0.0, 0.0, 581.9572397249914, 0.0, 624.4537315670708]
INFORMACIÓN : 7apuestaBundle [633.8705544587784, 582.7607281756507, 553.8577090045922, 533.3450237488817, 533.3450237488817, 450.02608950309815, 450.02608950309815, 582.7607281756507]
INFORMACIÓN : 7positionsBundle [974, 1853, 1168, 566, 566, 1355, 1355, 1853]
INFORMACIÓN : 7levelsBundle [2, 2, 2, 2, 2, 2, 2, 2]
INFORMACIÓN : 7positionsOrdered [974, 1355, 1355, 1853, 1853, 1168, 566, 566]
INFORMACIÓN : 7levelsOrdered [2, 2, 2, 2, 2, 2, 2, 2]
INFORMACIÓN : 7partialityOrdered [2, 2, 2, 2, 2, 2, 2, 2]
INFORMACIÓN : 7arrivalTimes [13.341664064126334, 33.957192192214634, 33.957192192214634, 51.50364429612316, 53.50364429612316, 74.02192882480635, 86.18745388540279, 86.18745388540279]
INFORMACIÓN : coalSat position 1168 level 2
INFORMACIÓN : I [IR, AB]; lost Test.myBail@7cb8a19; POS 1168; sensors [MW]; level 2 I paid 553.8577090045922in favour ofnull paid 553.8577090045922
INFORMACIÓN : 8historia0[0.0, 0.0, 687.06129198069, 0.0, 476.34241612738947, 0.0, 0.0, 0.0, 451.9307399576379, 0.0, 414.2863106345035, 0.0, 651.0863976881205, 0.0, 0.0, 0.0, 0.0, 0.0, 0.0, 585.5451030641009, 0.0, 0.0, 0.0, 0.0, 0.0, 0.0, 0.0, 0.0, 0.0, 0.0, 0.0, 605.9332835678089, 0.0, 0.0, 0.0, 0.0, 0.0, 0.0, 0.0, 0.0, 0.0, 0.0, 0.0, 0.0, 0.0, 0.0, 0.0, 0.0, 0.0, 574.5402938959734, 0.0, 0.0, 516.0231503911963, 0.0, 605.9332835678089, 0.0, 0.0, 0.0, 633.8705544587784, 0.0, 0.0, 0.0, 647.358105760649, 0.0, 0.0, 0.0, 0.0, 574.5402938959734, 0.0, 0.0, 0.0, 582.7607281756507, 0.0, 662.6979936919721, 0.0, 0.0, 0.0, 0.0, 0.0, 0.0, 0.0, 433.9192216633486, 0.0, 0.0, 0.0, 529.7485645940424, 537.5791622743612, 0.0, 0.0, 0.0, 0.0, 0.0, 0.0, 0.0, 0.0, 0.0, 0.0, 0.0, 0.0, 0.0, 610.8692808523316, 0.0, 0.0, 0.0, 0.0, 0.0, 451.9307399576379, 0.0, 0.0, 0.0, 0.0, 0.0, 0.0, 0.0, 0.0, 0.0, 0.0, 581.9572397249914, 0.0, 624.4537315670708]
INFORMACIÓN : 8apuestaBundle [633.8705544587784, 582.7607281756507, 582.7607281756507, 553.8577090045922, 533.3450237488817, 533.3450237488817, 450.02608950309815, 450.02608950309815]
INFORMACIÓN : 8positionsBundle [974, 1853, 1853, 1168, 566, 566, 1355, 1355]
INFORMACIÓN : 8levelsBundle [2, 2, 2, 2, 2, 2, 2, 2]
INFORMACIÓN : 8positionsOrdered [974, 1355, 1355, 1853, 1853, 1168, 566, 566]
INFORMACIÓN : 8levelsOrdered [2, 2, 2, 2, 2, 2, 2, 2]
INFORMACIÓN : 8partialityOrdered [2, 2, 2, 2, 2, 2, 2, 2]
INFORMACIÓN : 8arrivalTimes [13.341664064126334, 33.957192192214634, 33.957192192214634, 51.50364429612316, 53.50364429612316, 74.02192882480635, 86.18745388540279, 86.18745388540279]
INFORMACIÓN : depSat position 974 level 2
INFORMACIÓN : coalSat position 1853 level 2
INFORMACIÓN : timeSat position 1853 level 2
INFORMACIÓN : I [IR, AB]; lost Test.myBail@197375f3; POS 974; sensors [MW]; level 2 I paid 633.8705544587784in favour ofnull paid 633.8705544587784
INFORMACIÓN : 9historia0[0.0, 0.0, 687.06129198069, 0.0, 476.34241612738947, 0.0, 0.0, 0.0, 451.9307399576379, 0.0, 414.2863106345035, 0.0, 651.0863976881205, 0.0, 0.0, 0.0, 0.0, 0.0, 0.0, 585.5451030641009, 0.0, 0.0, 0.0, 0.0, 0.0, 0.0, 0.0, 0.0, 0.0, 0.0, 0.0, 605.9332835678089, 0.0, 0.0, 0.0, 0.0, 0.0, 604.0445300778966, 0.0, 0.0, 0.0, 0.0, 0.0, 0.0, 0.0, 0.0, 0.0, 0.0, 0.0, 574.5402938959734, 0.0, 0.0, 0.0, 0.0, 605.9332835678089, 0.0, 0.0, 0.0, 0.0, 0.0, 0.0, 0.0, 647.358105760649, 0.0, 0.0, 0.0, 0.0, 574.5402938959734, 0.0, 0.0, 0.0, 0.0, 0.0, 662.6979936919721, 0.0, 0.0, 0.0, 0.0, 0.0, 0.0, 0.0, 433.9192216633486, 0.0, 0.0, 0.0, 529.7485645940424, 537.5791622743612, 0.0, 0.0, 0.0, 0.0, 0.0, 0.0, 0.0, 0.0, 0.0, 0.0, 0.0, 0.0, 0.0, 610.8692808523316, 0.0, 0.0, 0.0, 0.0, 0.0, 451.9307399576379, 0.0, 0.0, 0.0, 0.0, 0.0, 0.0, 0.0, 0.0, 0.0, 0.0, 581.9572397249914, 0.0, 624.4537315670708]
INFORMACIÓN : 9apuestaBundle [633.8705544587784, 572.5521297956875, 567.975462097355, 567.975462097355, 559.2906434921593, 450.02608950309815, 450.02608950309815]
INFORMACIÓN : 9positionsBundle [974, 1853, 566, 566, 1168, 1355, 1355]
INFORMACIÓN : 9levelsBundle [2, 2, 2, 2, 2, 2, 2]
INFORMACIÓN : 9positionsOrdered [974, 566, 566, 1168, 1355, 1355, 1853]
INFORMACIÓN : 9levelsOrdered [2, 2, 2, 2, 2, 2, 2]
INFORMACIÓN : 9partialityOrdered [2, 2, 2, 2, 2, 2, 2]
INFORMACIÓN : 9arrivalTimes [13.341664064126334, 24.655372563111094, 24.655372563111094, 36.82089762370753, 50.422368132442976, 50.422368132442976, 81.80276389104372]
INFORMACIÓN : I [IR, AB]; lost Test.myBail@3688921c; POS 1853; sensors [IR]; level 2 I paid 572.5521297956875in favour of28@(myturtles,myturtles,bug)@MK-202 paid 602.3447038169083
INFORMACIÓN : 10historia0[0.0, 0.0, 687.06129198069, 0.0, 0.0, 454.75970720733073, 0.0, 0.0, 451.9307399576379, 0.0, 414.2863106345035, 0.0, 651.0863976881205, 0.0, 0.0, 0.0, 0.0, 0.0, 0.0, 585.5451030641009, 0.0, 0.0, 0.0, 0.0, 0.0, 0.0, 0.0, 0.0, 0.0, 0.0, 0.0, 605.9332835678089, 0.0, 0.0, 0.0, 0.0, 0.0, 0.0, 0.0, 0.0, 0.0, 0.0, 0.0, 371.0613589920255, 0.0, 0.0, 0.0, 0.0, 0.0, 574.5402938959734, 0.0, 0.0, 0.0, 0.0, 605.9332835678089, 0.0, 0.0, 0.0, 633.8705544587784, 0.0, 0.0, 0.0, 647.358105760649, 0.0, 0.0, 0.0, 0.0, 574.5402938959734, 0.0, 0.0, 0.0, 602.3447038169083, 0.0, 662.6979936919721, 0.0, 0.0, 0.0, 0.0, 0.0, 0.0, 0.0, 433.9192216633486, 0.0, 0.0, 0.0, 529.7485645940424, 537.5791622743612, 0.0, 0.0, 0.0, 0.0, 0.0, 0.0, 0.0, 0.0, 0.0, 0.0, 0.0, 0.0, 0.0, 610.8692808523316, 0.0, 0.0, 0.0, 0.0, 0.0, 451.9307399576379, 0.0, 0.0, 0.0, 0.0, 0.0, 0.0, 0.0, 0.0, 0.0, 382.1668732433311, 581.9572397249914, 0.0, 624.4537315670708]
INFORMACIÓN : 10apuestaBundle [633.8705544587784, 582.7607281756507, 567.975462097355, 567.975462097355, 559.2906434921593, 450.02608950309815, 450.02608950309815]
INFORMACIÓN : 10positionsBundle [974, 1853, 566, 566, 1168, 1355, 1355]
INFORMACIÓN : 10levelsBundle [2, 2, 2, 2, 2, 2, 2]
INFORMACIÓN : 10positionsOrdered [974, 566, 566, 1168, 1355, 1355, 1853]
INFORMACIÓN : 10levelsOrdered [2, 2, 2, 2, 2, 2, 2]
INFORMACIÓN : 10partialityOrdered [2, 2, 2, 2, 2, 2, 2]
INFORMACIÓN : 10arrivalTimes [13.341664064126334, 24.655372563111094, 24.655372563111094, 36.82089762370753, 50.422368132442976, 50.422368132442976, 83.80276389104372]
INFORMACIÓN : coalSat position 1168 level 2
INFORMACIÓN : coalSat position 1355 level 2
INFORMACIÓN : I [IR, AB]; lost Test.myBail@c76a13d; POS 1853; sensors [AB]; level 2 I paid 582.7607281756507in favour of22@(myturtles,myturtles,bug)@MK-202 paid 604.0445300778966
INFORMACIÓN : 11historia0[0.0, 0.0, 687.06129198069, 0.0, 476.34241612738947, 454.75970720733073, 0.0, 0.0, 451.9307399576379, 0.0, 414.2863106345035, 0.0, 651.0863976881205, 0.0, 0.0, 0.0, 0.0, 0.0, 0.0, 585.5451030641009, 0.0, 0.0, 0.0, 0.0, 0.0, 0.0, 0.0, 0.0, 0.0, 0.0, 0.0, 605.9332835678089, 0.0, 0.0, 0.0, 0.0, 0.0, 604.0445300778966, 0.0, 0.0, 0.0, 0.0, 0.0, 0.0, 0.0, 0.0, 0.0, 478.3701006786447, 0.0, 574.5402938959734, 0.0, 0.0, 556.8814347000817, 0.0, 605.9332835678089, 0.0, 0.0, 0.0, 633.8705544587784, 0.0, 0.0, 0.0, 647.358105760649, 0.0, 0.0, 0.0, 0.0, 574.5402938959734, 0.0, 0.0, 0.0, 0.0, 0.0, 662.6979936919721, 0.0, 0.0, 0.0, 0.0, 0.0, 0.0, 0.0, 433.9192216633486, 0.0, 0.0, 402.3829334632511, 529.7485645940424, 537.5791622743612, 0.0, 0.0, 420.29606169931446, 0.0, 0.0, 0.0, 0.0, 0.0, 0.0, 0.0, 0.0, 0.0, 0.0, 610.8692808523316, 0.0, 0.0, 0.0, 0.0, 0.0, 451.9307399576379, 0.0, 0.0, 0.0, 0.0, 0.0, 0.0, 0.0, 0.0, 0.0, 0.0, 581.9572397249914, 0.0, 624.4537315670708]
INFORMACIÓN : 11apuestaBundle [633.8705544587784, 572.5521297956875, 567.975462097355, 567.975462097355, 559.2906434921593, 450.02608950309815]
INFORMACIÓN : 11positionsBundle [974, 1853, 566, 566, 1168, 1355]
INFORMACIÓN : 11levelsBundle [2, 2, 2, 2, 2, 2]
INFORMACIÓN : 11positionsOrdered [974, 566, 566, 1168, 1355, 1853]
INFORMACIÓN : 11levelsOrdered [2, 2, 2, 2, 2, 2]
INFORMACIÓN : 11partialityOrdered [2, 2, 2, 2, 2, 2]
INFORMACIÓN : 11arrivalTimes [13.341664064126334, 24.655372563111094, 24.655372563111094, 36.82089762370753, 50.422368132442976, 81.80276389104372]
INFORMACIÓN : I [IR, AB]; lost Test.myBail@3688921c; POS 1853; sensors [IR]; level 2 I paid 572.5521297956875in favour of28@(myturtles,myturtles,bug)@MK-202 paid 602.3447038169083
INFORMACIÓN : 12historia0[0.0, 0.0, 687.06129198069, 0.0, 476.34241612738947, 454.75970720733073, 0.0, 0.0, 451.9307399576379, 0.0, 414.2863106345035, 0.0, 651.0863976881205, 0.0, 0.0, 0.0, 0.0, 0.0, 0.0, 585.5451030641009, 0.0, 0.0, 0.0, 0.0, 0.0, 0.0, 0.0, 0.0, 0.0, 0.0, 0.0, 605.9332835678089, 0.0, 0.0, 0.0, 0.0, 0.0, 604.0445300778966, 0.0, 0.0, 0.0, 0.0, 0.0, 371.0613589920255, 0.0, 0.0, 0.0, 478.3701006786447, 0.0, 574.5402938959734, 0.0, 0.0, 556.8814347000817, 0.0, 605.9332835678089, 0.0, 0.0, 0.0, 633.8705544587784, 0.0, 0.0, 0.0, 647.358105760649, 0.0, 0.0, 0.0, 0.0, 574.5402938959734, 0.0, 0.0, 0.0, 602.3447038169083, 0.0, 662.6979936919721, 0.0, 0.0, 0.0, 0.0, 0.0, 0.0, 0.0, 433.9192216633486, 0.0, 0.0, 402.3829334632511, 529.7485645940424, 537.5791622743612, 0.0, 0.0, 420.29606169931446, 0.0, 0.0, 0.0, 0.0, 0.0, 0.0, 0.0, 0.0, 0.0, 0.0, 610.8692808523316, 0.0, 0.0, 0.0, 0.0, 0.0, 451.9307399576379, 0.0, 0.0, 0.0, 0.0, 0.0, 0.0, 0.0, 0.0, 0.0, 382.1668732433311, 581.9572397249914, 0.0, 624.4537315670708]
INFORMACIÓN : 12apuestaBundle [633.8705544587784, 567.975462097355, 567.975462097355, 559.2906434921593, 450.02608950309815, 446.1871894044167, 428.5306171097076]
INFORMACIÓN : 12positionsBundle [974, 566, 566, 1168, 1355, 319, 319]
INFORMACIÓN : 12levelsBundle [2, 2, 2, 2, 2, 2, 2]
INFORMACIÓN : 12positionsOrdered [974, 566, 566, 1168, 1355, 319, 319]
INFORMACIÓN : 12levelsOrdered [2, 2, 2, 2, 2, 2, 2]
INFORMACIÓN : 12partialityOrdered [2, 2, 2, 2, 2, 2, 2]
INFORMACIÓN : 12arrivalTimes [13.341664064126334, 24.655372563111094, 24.655372563111094, 36.82089762370753, 50.422368132442976, 75.6612270606909, 75.6612270606909]
INFORMACIÓN : 13historia0[0.0, 0.0, 687.06129198069, 0.0, 0.0, 0.0, 0.0, 0.0, 451.9307399576379, 0.0, 0.0, 0.0, 651.0863976881205, 0.0, 0.0, 0.0, 0.0, 0.0, 450.02608950309815, 585.5451030641009, 0.0, 0.0, 0.0, 0.0, 0.0, 0.0, 0.0, 0.0, 0.0, 0.0, 0.0, 605.9332835678089, 0.0, 0.0, 0.0, 0.0, 0.0, 604.0445300778966, 0.0, 0.0, 0.0, 0.0, 0.0, 446.1871894044167, 0.0, 0.0, 567.975462097355, 478.3701006786447, 0.0, 574.5402938959734, 0.0, 0.0, 556.8814347000817, 0.0, 605.9332835678089, 0.0, 0.0, 0.0, 633.8705544587784, 0.0, 0.0, 0.0, 647.358105760649, 0.0, 0.0, 0.0, 0.0, 574.5402938959734, 0.0, 0.0, 0.0, 602.3447038169083, 0.0, 662.6979936919721, 0.0, 0.0, 0.0, 0.0, 0.0, 0.0, 0.0, 0.0, 0.0, 0.0, 0.0, 529.7485645940424, 537.5791622743612, 567.975462097355, 0.0, 420.29606169931446, 0.0, 0.0, 0.0, 0.0, 0.0, 428.5306171097076, 0.0, 0.0, 0.0, 0.0, 610.8692808523316, 0.0, 0.0, 0.0, 559.2906434921593, 0.0, 451.9307399576379, 0.0, 0.0, 0.0, 0.0, 0.0, 0.0, 0.0, 0.0, 0.0, 382.1668732433311, 581.9572397249914, 0.0, 624.4537315670708]
INFORMACIÓN : 13apuestaBundle [633.8705544587784, 567.975462097355, 567.975462097355, 559.2906434921593, 450.02608950309815, 446.1871894044167, 428.5306171097076]
INFORMACIÓN : 13positionsBundle [974, 566, 566, 1168, 1355, 319, 319]
INFORMACIÓN : 13levelsBundle [2, 2, 2, 2, 2, 2, 2]
INFORMACIÓN : 13positionsOrdered [974, 566, 566, 1168, 1355, 319, 319]
INFORMACIÓN : 13levelsOrdered [2, 2, 2, 2, 2, 2, 2]
INFORMACIÓN : 13partialityOrdered [2, 2, 2, 2, 2, 2, 2]
INFORMACIÓN : 13arrivalTimes [13.341664064126334, 24.655372563111094, 24.655372563111094, 36.82089762370753, 50.422368132442976, 75.6612270606909, 75.6612270606909]
INFORMACIÓN : 14historia0[0.0, 0.0, 687.06129198069, 0.0, 0.0, 454.75970720733073, 0.0, 0.0, 451.9307399576379, 0.0, 0.0, 0.0, 651.0863976881205, 0.0, 0.0, 0.0, 0.0, 0.0, 450.02608950309815, 585.5451030641009, 0.0, 0.0, 0.0, 0.0, 0.0, 0.0, 0.0, 0.0, 0.0, 0.0, 0.0, 605.9332835678089, 0.0, 0.0, 0.0, 0.0, 0.0, 604.0445300778966, 0.0, 0.0, 0.0, 0.0, 0.0, 446.1871894044167, 0.0, 0.0, 567.975462097355, 478.3701006786447, 0.0, 574.5402938959734, 0.0, 0.0, 556.8814347000817, 0.0, 605.9332835678089, 0.0, 0.0, 0.0, 633.8705544587784, 0.0, 0.0, 0.0, 647.358105760649, 0.0, 0.0, 0.0, 0.0, 574.5402938959734, 0.0, 378.96786918147905, 0.0, 602.3447038169083, 0.0, 662.6979936919721, 0.0, 0.0, 0.0, 0.0, 0.0, 0.0, 0.0, 0.0, 0.0, 0.0, 0.0, 529.7485645940424, 537.5791622743612, 567.975462097355, 0.0, 420.29606169931446, 0.0, 0.0, 0.0, 0.0, 0.0, 428.5306171097076, 0.0, 0.0, 0.0, 0.0, 610.8692808523316, 0.0, 0.0, 0.0, 559.2906434921593, 0.0, 451.9307399576379, 0.0, 0.0, 0.0, 0.0, 0.0, 0.0, 0.0, 0.0, 0.0, 382.1668732433311, 581.9572397249914, 0.0, 624.4537315670708]
INFORMACIÓN : 14apuestaBundle [633.8705544587784, 567.975462097355, 567.975462097355, 559.2906434921593, 450.02608950309815, 446.1871894044167, 428.5306171097076]
INFORMACIÓN : 14positionsBundle [974, 566, 566, 1168, 1355, 319, 319]
INFORMACIÓN : 14levelsBundle [2, 2, 2, 2, 2, 2, 2]
INFORMACIÓN : 14positionsOrdered [974, 566, 566, 1168, 1355, 319, 319]
INFORMACIÓN : 14levelsOrdered [2, 2, 2, 2, 2, 2, 2]
INFORMACIÓN : 14partialityOrdered [2, 2, 2, 2, 2, 2, 2]
INFORMACIÓN : 14arrivalTimes [13.341664064126334, 24.655372563111094, 24.655372563111094, 36.82089762370753, 50.422368132442976, 75.6612270606909, 75.6612270606909]
INFORMACIÓN : 15historia0[0.0, 0.0, 687.06129198069, 0.0, 476.34241612738947, 454.75970720733073, 0.0, 0.0, 451.9307399576379, 0.0, 385.3055393295758, 0.0, 651.0863976881205, 0.0, 0.0, 0.0, 0.0, 0.0, 450.02608950309815, 585.5451030641009, 0.0, 0.0, 0.0, 0.0, 0.0, 0.0, 0.0, 0.0, 0.0, 0.0, 0.0, 605.9332835678089, 0.0, 0.0, 0.0, 0.0, 0.0, 604.0445300778966, 0.0, 0.0, 0.0, 0.0, 0.0, 446.1871894044167, 0.0, 0.0, 567.975462097355, 478.3701006786447, 0.0, 574.5402938959734, 0.0, 0.0, 556.8814347000817, 0.0, 605.9332835678089, 0.0, 0.0, 0.0, 633.8705544587784, 0.0, 0.0, 0.0, 647.358105760649, 0.0, 0.0, 0.0, 0.0, 574.5402938959734, 0.0, 0.0, 0.0, 602.3447038169083, 0.0, 662.6979936919721, 0.0, 0.0, 0.0, 0.0, 0.0, 0.0, 0.0, 433.9192216633486, 0.0, 0.0, 402.3829334632511, 529.7485645940424, 537.5791622743612, 567.975462097355, 0.0, 420.29606169931446, 0.0, 0.0, 0.0, 0.0, 0.0, 428.5306171097076, 0.0, 0.0, 0.0, 0.0, 610.8692808523316, 0.0, 0.0, 0.0, 559.2906434921593, 0.0, 451.9307399576379, 0.0, 0.0, 0.0, 0.0, 0.0, 0.0, 0.0, 0.0, 0.0, 0.0, 581.9572397249914, 0.0, 624.4537315670708]
INFORMACIÓN : 15apuestaBundle [633.8705544587784, 567.975462097355, 567.975462097355, 559.2906434921593, 450.02608950309815, 446.1871894044167, 428.5306171097076]
INFORMACIÓN : 15positionsBundle [974, 566, 566, 1168, 1355, 319, 319]
INFORMACIÓN : 15levelsBundle [2, 2, 2, 2, 2, 2, 2]
INFORMACIÓN : 15positionsOrdered [974, 566, 566, 1168, 1355, 319, 319]
INFORMACIÓN : 15levelsOrdered [2, 2, 2, 2, 2, 2, 2]
INFORMACIÓN : 15partialityOrdered [2, 2, 2, 2, 2, 2, 2]
INFORMACIÓN : 15arrivalTimes [13.341664064126334, 24.655372563111094, 24.655372563111094, 36.82089762370753, 50.422368132442976, 75.6612270606909, 75.6612270606909]
INFORMACIÓN : 16historia0[0.0, 0.0, 687.06129198069, 0.0, 476.34241612738947, 454.75970720733073, 0.0, 0.0, 451.9307399576379, 0.0, 385.3055393295758, 0.0, 651.0863976881205, 0.0, 0.0, 0.0, 0.0, 0.0, 450.02608950309815, 585.5451030641009, 0.0, 0.0, 0.0, 0.0, 0.0, 0.0, 0.0, 0.0, 0.0, 0.0, 0.0, 605.9332835678089, 0.0, 0.0, 0.0, 0.0, 0.0, 604.0445300778966, 0.0, 0.0, 0.0, 0.0, 0.0, 446.1871894044167, 0.0, 0.0, 567.975462097355, 478.3701006786447, 0.0, 574.5402938959734, 0.0, 0.0, 556.8814347000817, 0.0, 605.9332835678089, 0.0, 0.0, 0.0, 633.8705544587784, 0.0, 0.0, 0.0, 647.358105760649, 0.0, 0.0, 0.0, 0.0, 574.5402938959734, 0.0, 362.96067541465595, 0.0, 602.3447038169083, 0.0, 662.6979936919721, 0.0, 0.0, 0.0, 0.0, 0.0, 0.0, 0.0, 433.9192216633486, 0.0, 0.0, 402.3829334632511, 529.7485645940424, 537.5791622743612, 567.975462097355, 0.0, 420.29606169931446, 0.0, 0.0, 0.0, 0.0, 0.0, 428.5306171097076, 0.0, 0.0, 0.0, 0.0, 610.8692808523316, 0.0, 0.0, 0.0, 559.2906434921593, 0.0, 451.9307399576379, 0.0, 0.0, 0.0, 0.0, 0.0, 0.0, 0.0, 0.0, 0.0, 382.1668732433311, 581.9572397249914, 0.0, 624.4537315670708]
