----------------------------------------------------------------------
-- Log session for [myBugCoalitionsCCBBAGuaiDEF-31] started on 2018.01.04.04.50.19 --
----------------------------------------------------------------------

INFORMACIÓN : I started
INFORMACIÓN : 0apuestaBundle [663.5129114558699, 636.7432460564855, 636.7432460564855, 595.9866989916554, 589.6389727156702, 589.6389727156702, 585.0421150221194]
INFORMACIÓN : 0positionsBundle [290, 2391, 2391, 1199, 974, 974, 1780]
INFORMACIÓN : 0levelsBundle [2, 2, 2, 2, 2, 2, 2]
INFORMACIÓN : 0positionsOrdered [290, 2391, 2391, 1199, 974, 974, 1780]
INFORMACIÓN : 0levelsOrdered [2, 2, 2, 2, 2, 2, 2]
INFORMACIÓN : 0partialityOrdered [2, 2, 2, 2, 2, 2, 2]
INFORMACIÓN : 0arrivalTimes [7.0710678118654755, 49.082970887065485, 49.082970887065485, 74.38119216841253, 99.69916997075686, 99.69916997075686, 116.78717746139192]
INFORMACIÓN : coalSat position 290 level 2
INFORMACIÓN : timeSat position 290 level 2
INFORMACIÓN : coalSat position 1199 level 2
INFORMACIÓN : timeSat position 1199 level 2
INFORMACIÓN : I [MW, AB]; lost Test.myBail@6a8a581c; POS 290; sensors [IR]; level 2 I paid 663.5129114558699in favour ofnull paid 663.5129114558699
INFORMACIÓN : 1historia0[0.0, 0.0, 647.358105760649, 0.0, 0.0, 0.0, 0.0, 0.0, 0.0, 0.0, 0.0, 0.0, 651.0863976881205, 0.0, 0.0, 0.0, 0.0, 0.0, 0.0, 585.5451030641009, 0.0, 0.0, 0.0, 0.0, 0.0, 0.0, 0.0, 0.0, 0.0, 0.0, 0.0, 0.0, 0.0, 0.0, 0.0, 0.0, 0.0, 0.0, 0.0, 0.0, 0.0, 0.0, 0.0, 0.0, 0.0, 0.0, 0.0, 0.0, 0.0, 0.0, 0.0, 0.0, 0.0, 0.0, 0.0, 0.0, 0.0, 0.0, 0.0, 0.0, 0.0, 0.0, 647.358105760649, 0.0, 0.0, 0.0, 0.0, 0.0, 0.0, 0.0, 0.0, 0.0, 0.0, 0.0, 0.0, 0.0, 0.0, 0.0, 0.0, 0.0, 0.0, 0.0, 0.0, 0.0, 0.0, 0.0, 0.0, 0.0, 0.0, 0.0, 0.0, 0.0, 0.0, 0.0, 0.0, 0.0, 0.0, 0.0, 0.0, 0.0, 602.2034732725475, 0.0, 0.0, 0.0, 0.0, 0.0, 0.0, 0.0, 0.0, 0.0, 0.0, 0.0, 0.0, 0.0, 0.0, 0.0, 0.0, 0.0, 0.0, 602.2034732725475]
INFORMACIÓN : 1apuestaBundle [662.6979936919721, 600.5819694531231, 600.5819694531231, 581.9572397249914, 574.5402938959734, 574.5402938959734, 538.0372635916947]
INFORMACIÓN : 1positionsBundle [290, 974, 974, 1199, 638, 638, 1853]
INFORMACIÓN : 1levelsBundle [2, 2, 2, 2, 2, 2, 2]
INFORMACIÓN : 1positionsOrdered [290, 974, 974, 638, 638, 1199, 1853]
INFORMACIÓN : 1levelsOrdered [2, 2, 2, 2, 2, 2, 2]
INFORMACIÓN : 1partialityOrdered [2, 2, 2, 2, 2, 2, 2]
INFORMACIÓN : 1arrivalTimes [10.649110640673518, 31.90940226614282, 31.90940226614282, 47.56187810864135, 47.56187810864135, 111.34581960495264, 159.42908072563787]
INFORMACIÓN : coalSat position 974 level 2
INFORMACIÓN : I [MW, AB]; lost Test.myBail@197375f3; POS 974; sensors [MW]; level 2 I paid 600.5819694531231in favour of40@(myturtles,myturtles,bug)@MK-202 paid 633.8705544587784
INFORMACIÓN : 2historia0[0.0, 0.0, 687.06129198069, 0.0, 0.0, 0.0, 0.0, 0.0, 0.0, 0.0, 0.0, 0.0, 651.0863976881205, 0.0, 0.0, 0.0, 0.0, 0.0, 0.0, 585.5451030641009, 0.0, 0.0, 0.0, 0.0, 0.0, 0.0, 0.0, 0.0, 0.0, 0.0, 0.0, 573.5797589903639, 0.0, 0.0, 0.0, 0.0, 0.0, 582.7607281756507, 0.0, 0.0, 0.0, 0.0, 0.0, 0.0, 0.0, 0.0, 0.0, 0.0, 0.0, 0.0, 0.0, 0.0, 0.0, 0.0, 0.0, 0.0, 0.0, 0.0, 633.8705544587784, 0.0, 0.0, 0.0, 0.0, 0.0, 0.0, 0.0, 0.0, 0.0, 0.0, 0.0, 0.0, 582.7607281756507, 0.0, 662.6979936919721, 0.0, 0.0, 0.0, 0.0, 0.0, 0.0, 0.0, 0.0, 0.0, 0.0, 0.0, 0.0, 0.0, 0.0, 0.0, 0.0, 0.0, 0.0, 0.0, 0.0, 0.0, 0.0, 0.0, 0.0, 0.0, 0.0, 0.0, 0.0, 0.0, 0.0, 0.0, 0.0, 0.0, 0.0, 0.0, 0.0, 0.0, 0.0, 0.0, 0.0, 0.0, 0.0, 0.0, 0.0, 0.0, 602.2034732725475]
INFORMACIÓN : 2apuestaBundle [662.6979936919721, 581.9572397249914, 574.5402938959734, 574.5402938959734, 537.5791622743612, 525.1418528939714]
INFORMACIÓN : 2positionsBundle [290, 1199, 638, 638, 992, 566]
INFORMACIÓN : 2levelsBundle [2, 2, 2, 2, 2, 2]
INFORMACIÓN : 2positionsOrdered [290, 638, 638, 992, 1199, 566]
INFORMACIÓN : 2levelsOrdered [2, 2, 2, 2, 2, 2]
INFORMACIÓN : 2partialityOrdered [2, 2, 2, 2, 2, 2]
INFORMACIÓN : 2arrivalTimes [10.649110640673518, 17.929220529954037, 17.929220529954037, 25.991478278252586, 57.22738006848715, 92.34147980064603]
INFORMACIÓN : I [MW, AB]; lost Test.myBail@69cbe794; POS 566; sensors [IR]; level 2 I paid 525.1418528939714in favour of35@(myturtles,myturtles,bug)@MK-202 paid 531.7965164310924
INFORMACIÓN : 3historia0[0.0, 0.0, 687.06129198069, 0.0, 0.0, 0.0, 0.0, 0.0, 0.0, 0.0, 0.0, 0.0, 651.0863976881205, 0.0, 0.0, 0.0, 0.0, 0.0, 0.0, 585.5451030641009, 0.0, 0.0, 0.0, 0.0, 0.0, 0.0, 0.0, 0.0, 0.0, 0.0, 0.0, 605.9332835678089, 0.0, 0.0, 0.0, 0.0, 0.0, 604.0445300778966, 0.0, 0.0, 0.0, 0.0, 0.0, 0.0, 0.0, 0.0, 531.7965164310924, 0.0, 0.0, 574.5402938959734, 0.0, 0.0, 556.8814347000817, 0.0, 605.9332835678089, 0.0, 0.0, 0.0, 633.8705544587784, 0.0, 0.0, 0.0, 647.358105760649, 0.0, 0.0, 0.0, 0.0, 574.5402938959734, 0.0, 0.0, 0.0, 582.7607281756507, 0.0, 662.6979936919721, 0.0, 0.0, 0.0, 0.0, 0.0, 0.0, 0.0, 0.0, 0.0, 0.0, 0.0, 0.0, 537.5791622743612, 531.7965164310924, 0.0, 0.0, 0.0, 0.0, 0.0, 0.0, 0.0, 0.0, 0.0, 0.0, 0.0, 0.0, 602.2034732725475, 0.0, 0.0, 0.0, 556.8814347000817, 0.0, 0.0, 0.0, 0.0, 0.0, 0.0, 0.0, 0.0, 0.0, 0.0, 0.0, 0.0, 581.9572397249914, 0.0, 624.1914156765212]
INFORMACIÓN : 3apuestaBundle [662.6979936919721, 581.9572397249914, 574.5402938959734, 574.5402938959734, 537.5791622743612, 463.15451603874715, 463.15451603874715]
INFORMACIÓN : 3positionsBundle [290, 1199, 638, 638, 992, 780, 780]
INFORMACIÓN : 3levelsBundle [2, 2, 2, 2, 2, 2, 2]
INFORMACIÓN : 3positionsOrdered [290, 638, 638, 992, 1199, 780, 780]
INFORMACIÓN : 3levelsOrdered [2, 2, 2, 2, 2, 2, 2]
INFORMACIÓN : 3partialityOrdered [2, 2, 2, 2, 2, 2, 2]
INFORMACIÓN : 3arrivalTimes [10.649110640673518, 17.929220529954037, 17.929220529954037, 25.991478278252586, 57.22738006848715, 77.84290819657545, 77.84290819657545]
INFORMACIÓN : coalSat position 992 level 2
INFORMACIÓN : coalSat position 780 level 2
INFORMACIÓN : I [MW, AB]; lost Test.myBail@435b7df5; POS 992; sensors [IR]; level 2 I paid 537.5791622743612in favour ofnull paid 537.5791622743612
INFORMACIÓN : 4historia0[0.0, 0.0, 687.06129198069, 0.0, 481.5766554891293, 0.0, 0.0, 0.0, 0.0, 0.0, 0.0, 0.0, 651.0863976881205, 0.0, 0.0, 0.0, 0.0, 0.0, 450.02608950309815, 585.5451030641009, 0.0, 0.0, 0.0, 0.0, 0.0, 0.0, 0.0, 0.0, 0.0, 0.0, 0.0, 605.9332835678089, 0.0, 0.0, 0.0, 0.0, 0.0, 604.0445300778966, 0.0, 0.0, 0.0, 0.0, 0.0, 0.0, 0.0, 0.0, 522.3916987459431, 450.02608950309815, 0.0, 574.5402938959734, 0.0, 0.0, 0.0, 0.0, 605.9332835678089, 0.0, 0.0, 0.0, 633.8705544587784, 0.0, 0.0, 0.0, 647.358105760649, 0.0, 0.0, 0.0, 0.0, 574.5402938959734, 0.0, 0.0, 0.0, 0.0, 0.0, 662.6979936919721, 0.0, 0.0, 0.0, 0.0, 0.0, 0.0, 0.0, 0.0, 0.0, 0.0, 0.0, 529.7485645940424, 0.0, 522.3916987459431, 0.0, 0.0, 0.0, 0.0, 0.0, 0.0, 0.0, 0.0, 0.0, 0.0, 0.0, 0.0, 610.8692808523316, 0.0, 0.0, 0.0, 559.2906434921593, 0.0, 0.0, 0.0, 0.0, 0.0, 0.0, 0.0, 0.0, 0.0, 0.0, 0.0, 0.0, 581.9572397249914, 0.0, 0.0]
INFORMACIÓN : 4apuestaBundle [662.6979936919721, 581.9572397249914, 574.5402938959734, 574.5402938959734, 537.5791622743612, 525.1418528939714]
INFORMACIÓN : 4positionsBundle [290, 1199, 638, 638, 992, 566]
INFORMACIÓN : 4levelsBundle [2, 2, 2, 2, 2, 2]
INFORMACIÓN : 4positionsOrdered [290, 638, 638, 992, 1199, 566]
INFORMACIÓN : 4levelsOrdered [2, 2, 2, 2, 2, 2]
INFORMACIÓN : 4partialityOrdered [2, 2, 2, 2, 2, 2]
INFORMACIÓN : 4arrivalTimes [10.649110640673518, 17.929220529954037, 17.929220529954037, 25.991478278252586, 57.22738006848715, 92.34147980064603]
INFORMACIÓN : I [MW, AB]; lost Test.myBail@69cbe794; POS 566; sensors [IR]; level 2 I paid 525.1418528939714in favour of40@(myturtles,myturtles,bug)@MK-202 paid 542.9377417392209
INFORMACIÓN : 5historia0[0.0, 0.0, 687.06129198069, 0.0, 481.5766554891293, 0.0, 0.0, 0.0, 0.0, 0.0, 0.0, 0.0, 651.0863976881205, 0.0, 0.0, 0.0, 0.0, 0.0, 0.0, 585.5451030641009, 0.0, 0.0, 0.0, 0.0, 0.0, 0.0, 0.0, 0.0, 0.0, 0.0, 0.0, 605.9332835678089, 0.0, 0.0, 0.0, 0.0, 0.0, 604.0445300778966, 0.0, 0.0, 0.0, 0.0, 0.0, 0.0, 0.0, 0.0, 542.9377417392209, 0.0, 0.0, 574.5402938959734, 0.0, 0.0, 556.8814347000817, 0.0, 605.9332835678089, 0.0, 0.0, 0.0, 633.8705544587784, 0.0, 0.0, 0.0, 647.358105760649, 0.0, 0.0, 0.0, 0.0, 574.5402938959734, 0.0, 0.0, 0.0, 0.0, 0.0, 662.6979936919721, 0.0, 0.0, 0.0, 0.0, 0.0, 0.0, 0.0, 433.9192216633486, 0.0, 0.0, 0.0, 529.7485645940424, 537.5791622743612, 542.9377417392209, 0.0, 0.0, 0.0, 0.0, 0.0, 0.0, 0.0, 0.0, 0.0, 0.0, 0.0, 0.0, 0.0, 0.0, 0.0, 0.0, 559.2906434921593, 0.0, 0.0, 0.0, 0.0, 0.0, 0.0, 0.0, 0.0, 0.0, 0.0, 0.0, 0.0, 581.9572397249914, 0.0, 624.4537315670708]
INFORMACIÓN : 5apuestaBundle [662.6979936919721, 581.9572397249914, 574.5402938959734, 574.5402938959734, 537.5791622743612, 451.9307399576379, 451.9307399576379]
INFORMACIÓN : 5positionsBundle [290, 1199, 638, 638, 992, 545, 545]
INFORMACIÓN : 5levelsBundle [2, 2, 2, 2, 2, 2, 2]
INFORMACIÓN : 5positionsOrdered [290, 638, 638, 992, 545, 545, 1199]
INFORMACIÓN : 5levelsOrdered [2, 2, 2, 2, 2, 2, 2]
INFORMACIÓN : 5partialityOrdered [2, 2, 2, 2, 2, 2, 2]
INFORMACIÓN : 5arrivalTimes [10.649110640673518, 17.929220529954037, 17.929220529954037, 25.991478278252586, 35.47831125875773, 35.47831125875773, 57.22738006848715]
INFORMACIÓN : 6historia0[0.0, 0.0, 687.06129198069, 0.0, 456.426013733874, 0.0, 0.0, 0.0, 451.9307399576379, 0.0, 414.2863106345035, 0.0, 651.0863976881205, 0.0, 0.0, 0.0, 0.0, 0.0, 410.7078453803807, 585.5451030641009, 0.0, 0.0, 0.0, 0.0, 0.0, 0.0, 0.0, 0.0, 0.0, 0.0, 0.0, 605.9332835678089, 0.0, 0.0, 0.0, 0.0, 0.0, 604.0445300778966, 0.0, 0.0, 0.0, 0.0, 0.0, 0.0, 0.0, 0.0, 567.6627534574804, 0.0, 0.0, 574.5402938959734, 0.0, 0.0, 556.8814347000817, 0.0, 605.9332835678089, 0.0, 0.0, 0.0, 633.8705544587784, 0.0, 0.0, 0.0, 647.358105760649, 0.0, 0.0, 0.0, 0.0, 574.5402938959734, 0.0, 0.0, 0.0, 0.0, 0.0, 662.6979936919721, 0.0, 0.0, 0.0, 0.0, 0.0, 0.0, 0.0, 433.9192216633486, 0.0, 0.0, 0.0, 529.7485645940424, 537.5791622743612, 567.6627534574804, 0.0, 0.0, 0.0, 0.0, 0.0, 0.0, 0.0, 0.0, 0.0, 0.0, 0.0, 0.0, 610.8692808523316, 0.0, 0.0, 0.0, 548.498881325964, 0.0, 451.9307399576379, 0.0, 0.0, 0.0, 0.0, 0.0, 0.0, 0.0, 0.0, 0.0, 402.0695836597357, 581.9572397249914, 0.0, 624.4537315670708]
INFORMACIÓN : 6apuestaBundle [662.6979936919721, 581.9572397249914, 574.5402938959734, 574.5402938959734, 537.5791622743612, 451.9307399576379, 451.9307399576379]
INFORMACIÓN : 6positionsBundle [290, 1199, 638, 638, 992, 545, 545]
INFORMACIÓN : 6levelsBundle [2, 2, 2, 2, 2, 2, 2]
INFORMACIÓN : 6positionsOrdered [290, 638, 638, 992, 545, 545, 1199]
INFORMACIÓN : 6levelsOrdered [2, 2, 2, 2, 2, 2, 2]
INFORMACIÓN : 6partialityOrdered [2, 2, 2, 2, 2, 2, 2]
INFORMACIÓN : 6arrivalTimes [10.649110640673518, 17.929220529954037, 17.929220529954037, 25.991478278252586, 35.47831125875773, 35.47831125875773, 57.22738006848715]
INFORMACIÓN : 7historia0[0.0, 0.0, 687.06129198069, 0.0, 476.34241612738947, 0.0, 0.0, 0.0, 451.9307399576379, 0.0, 414.2863106345035, 0.0, 651.0863976881205, 0.0, 0.0, 0.0, 0.0, 0.0, 450.02608950309815, 585.5451030641009, 0.0, 0.0, 0.0, 0.0, 0.0, 0.0, 0.0, 0.0, 0.0, 0.0, 0.0, 605.9332835678089, 0.0, 0.0, 0.0, 0.0, 0.0, 0.0, 0.0, 0.0, 0.0, 0.0, 0.0, 0.0, 0.0, 0.0, 533.3450237488817, 450.02608950309815, 0.0, 574.5402938959734, 0.0, 0.0, 0.0, 0.0, 605.9332835678089, 0.0, 0.0, 0.0, 633.8705544587784, 0.0, 0.0, 0.0, 647.358105760649, 0.0, 0.0, 0.0, 0.0, 574.5402938959734, 0.0, 0.0, 0.0, 582.7607281756507, 0.0, 662.6979936919721, 0.0, 0.0, 0.0, 0.0, 0.0, 0.0, 0.0, 433.9192216633486, 0.0, 0.0, 0.0, 529.7485645940424, 537.5791622743612, 533.3450237488817, 0.0, 0.0, 0.0, 0.0, 0.0, 0.0, 0.0, 0.0, 0.0, 0.0, 0.0, 0.0, 610.8692808523316, 0.0, 0.0, 0.0, 553.8577090045922, 0.0, 451.9307399576379, 0.0, 0.0, 0.0, 0.0, 0.0, 0.0, 0.0, 0.0, 0.0, 0.0, 581.9572397249914, 0.0, 624.4537315670708]
INFORMACIÓN : 7apuestaBundle [662.6979936919721, 581.9572397249914, 574.5402938959734, 574.5402938959734, 537.5791622743612, 451.9307399576379, 451.9307399576379]
INFORMACIÓN : 7positionsBundle [290, 1199, 638, 638, 992, 545, 545]
INFORMACIÓN : 7levelsBundle [2, 2, 2, 2, 2, 2, 2]
INFORMACIÓN : 7positionsOrdered [290, 638, 638, 992, 545, 545, 1199]
INFORMACIÓN : 7levelsOrdered [2, 2, 2, 2, 2, 2, 2]
INFORMACIÓN : 7partialityOrdered [2, 2, 2, 2, 2, 2, 2]
INFORMACIÓN : 7arrivalTimes [10.649110640673518, 17.929220529954037, 17.929220529954037, 25.991478278252586, 35.47831125875773, 35.47831125875773, 57.22738006848715]
INFORMACIÓN : 8historia0[0.0, 0.0, 687.06129198069, 0.0, 476.34241612738947, 0.0, 0.0, 0.0, 451.9307399576379, 0.0, 414.2863106345035, 0.0, 651.0863976881205, 0.0, 0.0, 0.0, 0.0, 0.0, 450.02608950309815, 585.5451030641009, 0.0, 0.0, 0.0, 0.0, 0.0, 0.0, 0.0, 0.0, 0.0, 0.0, 0.0, 605.9332835678089, 0.0, 0.0, 0.0, 0.0, 0.0, 582.7607281756507, 0.0, 0.0, 0.0, 0.0, 0.0, 0.0, 0.0, 0.0, 533.3450237488817, 450.02608950309815, 0.0, 574.5402938959734, 0.0, 0.0, 516.0231503911963, 0.0, 605.9332835678089, 0.0, 0.0, 0.0, 633.8705544587784, 0.0, 0.0, 0.0, 647.358105760649, 0.0, 0.0, 0.0, 0.0, 574.5402938959734, 0.0, 0.0, 0.0, 0.0, 0.0, 662.6979936919721, 0.0, 0.0, 0.0, 0.0, 0.0, 0.0, 0.0, 433.9192216633486, 0.0, 0.0, 0.0, 529.7485645940424, 537.5791622743612, 533.3450237488817, 0.0, 0.0, 0.0, 0.0, 0.0, 0.0, 0.0, 0.0, 0.0, 0.0, 0.0, 0.0, 610.8692808523316, 0.0, 0.0, 0.0, 553.8577090045922, 0.0, 451.9307399576379, 0.0, 0.0, 0.0, 0.0, 0.0, 0.0, 0.0, 0.0, 0.0, 0.0, 581.9572397249914, 0.0, 624.4537315670708]
INFORMACIÓN : 8apuestaBundle [662.6979936919721, 581.9572397249914, 574.5402938959734, 574.5402938959734, 537.5791622743612, 451.9307399576379, 451.9307399576379]
INFORMACIÓN : 8positionsBundle [290, 1199, 638, 638, 992, 545, 545]
INFORMACIÓN : 8levelsBundle [2, 2, 2, 2, 2, 2, 2]
INFORMACIÓN : 8positionsOrdered [290, 638, 638, 992, 545, 545, 1199]
INFORMACIÓN : 8levelsOrdered [2, 2, 2, 2, 2, 2, 2]
INFORMACIÓN : 8partialityOrdered [2, 2, 2, 2, 2, 2, 2]
INFORMACIÓN : 8arrivalTimes [10.649110640673518, 17.929220529954037, 17.929220529954037, 25.991478278252586, 35.47831125875773, 35.47831125875773, 57.22738006848715]
INFORMACIÓN : 9historia0[0.0, 0.0, 687.06129198069, 0.0, 476.34241612738947, 0.0, 0.0, 0.0, 451.9307399576379, 0.0, 414.2863106345035, 0.0, 651.0863976881205, 0.0, 0.0, 0.0, 0.0, 0.0, 450.02608950309815, 585.5451030641009, 0.0, 0.0, 0.0, 0.0, 0.0, 0.0, 0.0, 0.0, 0.0, 0.0, 0.0, 605.9332835678089, 0.0, 0.0, 0.0, 0.0, 0.0, 604.0445300778966, 0.0, 0.0, 0.0, 0.0, 0.0, 0.0, 0.0, 0.0, 533.3450237488817, 450.02608950309815, 0.0, 574.5402938959734, 0.0, 0.0, 0.0, 0.0, 605.9332835678089, 0.0, 0.0, 0.0, 633.8705544587784, 0.0, 0.0, 0.0, 647.358105760649, 0.0, 0.0, 0.0, 0.0, 574.5402938959734, 0.0, 0.0, 0.0, 582.7607281756507, 0.0, 662.6979936919721, 0.0, 0.0, 0.0, 0.0, 0.0, 0.0, 0.0, 433.9192216633486, 0.0, 0.0, 0.0, 529.7485645940424, 537.5791622743612, 533.3450237488817, 0.0, 0.0, 0.0, 0.0, 0.0, 0.0, 0.0, 0.0, 0.0, 0.0, 0.0, 0.0, 610.8692808523316, 0.0, 0.0, 0.0, 553.8577090045922, 0.0, 451.9307399576379, 0.0, 0.0, 0.0, 0.0, 0.0, 0.0, 0.0, 0.0, 0.0, 0.0, 581.9572397249914, 0.0, 624.4537315670708]
INFORMACIÓN : 9apuestaBundle [662.6979936919721, 581.9572397249914, 574.5402938959734, 574.5402938959734, 537.5791622743612, 451.9307399576379, 451.9307399576379]
INFORMACIÓN : 9positionsBundle [290, 1199, 638, 638, 992, 545, 545]
INFORMACIÓN : 9levelsBundle [2, 2, 2, 2, 2, 2, 2]
INFORMACIÓN : 9positionsOrdered [290, 638, 638, 992, 545, 545, 1199]
INFORMACIÓN : 9levelsOrdered [2, 2, 2, 2, 2, 2, 2]
INFORMACIÓN : 9partialityOrdered [2, 2, 2, 2, 2, 2, 2]
INFORMACIÓN : 9arrivalTimes [10.649110640673518, 17.929220529954037, 17.929220529954037, 25.991478278252586, 35.47831125875773, 35.47831125875773, 57.22738006848715]
INFORMACIÓN : 10historia0[0.0, 0.0, 687.06129198069, 0.0, 476.34241612738947, 454.75970720733073, 0.0, 0.0, 451.9307399576379, 0.0, 414.2863106345035, 0.0, 651.0863976881205, 0.0, 0.0, 0.0, 0.0, 0.0, 450.02608950309815, 585.5451030641009, 0.0, 0.0, 0.0, 0.0, 0.0, 0.0, 0.0, 0.0, 0.0, 0.0, 0.0, 605.9332835678089, 0.0, 0.0, 0.0, 0.0, 0.0, 0.0, 0.0, 0.0, 0.0, 0.0, 0.0, 371.0613589920255, 0.0, 0.0, 567.975462097355, 450.02608950309815, 0.0, 574.5402938959734, 0.0, 0.0, 0.0, 0.0, 605.9332835678089, 0.0, 0.0, 0.0, 633.8705544587784, 0.0, 0.0, 0.0, 647.358105760649, 0.0, 0.0, 0.0, 0.0, 574.5402938959734, 0.0, 0.0, 0.0, 602.3447038169083, 0.0, 662.6979936919721, 0.0, 0.0, 0.0, 0.0, 0.0, 0.0, 0.0, 433.9192216633486, 0.0, 0.0, 0.0, 529.7485645940424, 537.5791622743612, 567.975462097355, 0.0, 0.0, 0.0, 0.0, 0.0, 0.0, 0.0, 0.0, 0.0, 0.0, 0.0, 0.0, 610.8692808523316, 0.0, 0.0, 0.0, 559.2906434921593, 0.0, 451.9307399576379, 0.0, 0.0, 0.0, 0.0, 0.0, 0.0, 0.0, 0.0, 0.0, 382.1668732433311, 581.9572397249914, 0.0, 624.4537315670708]
INFORMACIÓN : 10apuestaBundle [662.6979936919721, 581.9572397249914, 574.5402938959734, 574.5402938959734, 537.5791622743612, 451.9307399576379, 451.9307399576379]
INFORMACIÓN : 10positionsBundle [290, 1199, 638, 638, 992, 545, 545]
INFORMACIÓN : 10levelsBundle [2, 2, 2, 2, 2, 2, 2]
INFORMACIÓN : 10positionsOrdered [290, 638, 638, 992, 545, 545, 1199]
INFORMACIÓN : 10levelsOrdered [2, 2, 2, 2, 2, 2, 2]
INFORMACIÓN : 10partialityOrdered [2, 2, 2, 2, 2, 2, 2]
INFORMACIÓN : 10arrivalTimes [10.649110640673518, 17.929220529954037, 17.929220529954037, 25.991478278252586, 35.47831125875773, 35.47831125875773, 57.22738006848715]
INFORMACIÓN : 11historia0[0.0, 0.0, 687.06129198069, 0.0, 476.34241612738947, 454.75970720733073, 0.0, 0.0, 451.9307399576379, 0.0, 414.2863106345035, 0.0, 651.0863976881205, 0.0, 0.0, 0.0, 0.0, 0.0, 450.02608950309815, 585.5451030641009, 0.0, 0.0, 0.0, 0.0, 0.0, 0.0, 0.0, 0.0, 0.0, 0.0, 0.0, 605.9332835678089, 0.0, 0.0, 0.0, 0.0, 0.0, 604.0445300778966, 0.0, 0.0, 0.0, 0.0, 0.0, 0.0, 0.0, 0.0, 567.975462097355, 478.3701006786447, 0.0, 574.5402938959734, 0.0, 0.0, 556.8814347000817, 0.0, 605.9332835678089, 0.0, 0.0, 0.0, 633.8705544587784, 0.0, 0.0, 0.0, 647.358105760649, 0.0, 0.0, 0.0, 0.0, 574.5402938959734, 0.0, 0.0, 0.0, 0.0, 0.0, 662.6979936919721, 0.0, 0.0, 0.0, 0.0, 0.0, 0.0, 0.0, 433.9192216633486, 0.0, 0.0, 402.3829334632511, 529.7485645940424, 537.5791622743612, 567.975462097355, 0.0, 420.29606169931446, 0.0, 0.0, 0.0, 0.0, 0.0, 0.0, 0.0, 0.0, 0.0, 0.0, 610.8692808523316, 0.0, 0.0, 0.0, 559.2906434921593, 0.0, 451.9307399576379, 0.0, 0.0, 0.0, 0.0, 0.0, 0.0, 0.0, 0.0, 0.0, 0.0, 581.9572397249914, 0.0, 624.4537315670708]
INFORMACIÓN : 11apuestaBundle [662.6979936919721, 581.9572397249914, 574.5402938959734, 574.5402938959734, 537.5791622743612, 451.9307399576379, 451.9307399576379]
INFORMACIÓN : 11positionsBundle [290, 1199, 638, 638, 992, 545, 545]
INFORMACIÓN : 11levelsBundle [2, 2, 2, 2, 2, 2, 2]
INFORMACIÓN : 11positionsOrdered [290, 638, 638, 992, 545, 545, 1199]
INFORMACIÓN : 11levelsOrdered [2, 2, 2, 2, 2, 2, 2]
INFORMACIÓN : 11partialityOrdered [2, 2, 2, 2, 2, 2, 2]
INFORMACIÓN : 11arrivalTimes [10.649110640673518, 17.929220529954037, 17.929220529954037, 25.991478278252586, 35.47831125875773, 35.47831125875773, 57.22738006848715]
INFORMACIÓN : 12historia0[0.0, 0.0, 687.06129198069, 0.0, 476.34241612738947, 454.75970720733073, 0.0, 0.0, 451.9307399576379, 0.0, 414.2863106345035, 0.0, 651.0863976881205, 0.0, 0.0, 0.0, 0.0, 0.0, 450.02608950309815, 585.5451030641009, 0.0, 0.0, 0.0, 0.0, 0.0, 0.0, 0.0, 0.0, 0.0, 0.0, 0.0, 605.9332835678089, 0.0, 0.0, 0.0, 0.0, 0.0, 604.0445300778966, 0.0, 0.0, 0.0, 0.0, 0.0, 371.0613589920255, 0.0, 0.0, 567.975462097355, 478.3701006786447, 0.0, 574.5402938959734, 0.0, 0.0, 556.8814347000817, 0.0, 605.9332835678089, 0.0, 0.0, 0.0, 633.8705544587784, 0.0, 0.0, 0.0, 647.358105760649, 0.0, 0.0, 0.0, 0.0, 574.5402938959734, 0.0, 0.0, 0.0, 602.3447038169083, 0.0, 662.6979936919721, 0.0, 0.0, 0.0, 0.0, 0.0, 0.0, 0.0, 433.9192216633486, 0.0, 0.0, 402.3829334632511, 529.7485645940424, 537.5791622743612, 567.975462097355, 0.0, 420.29606169931446, 0.0, 0.0, 0.0, 0.0, 0.0, 0.0, 0.0, 0.0, 0.0, 0.0, 610.8692808523316, 0.0, 0.0, 0.0, 559.2906434921593, 0.0, 451.9307399576379, 0.0, 0.0, 0.0, 0.0, 0.0, 0.0, 0.0, 0.0, 0.0, 382.1668732433311, 581.9572397249914, 0.0, 624.4537315670708]
INFORMACIÓN : 12apuestaBundle [662.6979936919721, 581.9572397249914, 574.5402938959734, 574.5402938959734, 537.5791622743612, 451.9307399576379, 451.9307399576379]
INFORMACIÓN : 12positionsBundle [290, 1199, 638, 638, 992, 545, 545]
INFORMACIÓN : 12levelsBundle [2, 2, 2, 2, 2, 2, 2]
INFORMACIÓN : 12positionsOrdered [290, 638, 638, 992, 545, 545, 1199]
INFORMACIÓN : 12levelsOrdered [2, 2, 2, 2, 2, 2, 2]
INFORMACIÓN : 12partialityOrdered [2, 2, 2, 2, 2, 2, 2]
INFORMACIÓN : 12arrivalTimes [10.649110640673518, 17.929220529954037, 17.929220529954037, 25.991478278252586, 35.47831125875773, 35.47831125875773, 57.22738006848715]
INFORMACIÓN : 13historia0[0.0, 0.0, 687.06129198069, 0.0, 476.34241612738947, 0.0, 0.0, 0.0, 451.9307399576379, 0.0, 0.0, 0.0, 651.0863976881205, 0.0, 0.0, 0.0, 0.0, 0.0, 450.02608950309815, 585.5451030641009, 0.0, 0.0, 0.0, 0.0, 0.0, 0.0, 0.0, 0.0, 0.0, 0.0, 0.0, 605.9332835678089, 0.0, 0.0, 0.0, 0.0, 0.0, 604.0445300778966, 0.0, 0.0, 0.0, 0.0, 0.0, 446.1871894044167, 0.0, 0.0, 567.975462097355, 478.3701006786447, 0.0, 574.5402938959734, 0.0, 0.0, 556.8814347000817, 0.0, 605.9332835678089, 0.0, 0.0, 0.0, 633.8705544587784, 0.0, 0.0, 0.0, 647.358105760649, 0.0, 0.0, 0.0, 0.0, 574.5402938959734, 0.0, 0.0, 0.0, 602.3447038169083, 0.0, 662.6979936919721, 0.0, 0.0, 0.0, 0.0, 0.0, 0.0, 0.0, 433.9192216633486, 0.0, 0.0, 0.0, 529.7485645940424, 537.5791622743612, 567.975462097355, 0.0, 420.29606169931446, 0.0, 0.0, 0.0, 0.0, 0.0, 428.5306171097076, 0.0, 0.0, 0.0, 0.0, 610.8692808523316, 0.0, 0.0, 0.0, 559.2906434921593, 0.0, 451.9307399576379, 0.0, 0.0, 0.0, 0.0, 0.0, 0.0, 0.0, 0.0, 0.0, 382.1668732433311, 581.9572397249914, 0.0, 624.4537315670708]
INFORMACIÓN : 13apuestaBundle [662.6979936919721, 581.9572397249914, 574.5402938959734, 574.5402938959734, 537.5791622743612, 451.9307399576379, 451.9307399576379]
INFORMACIÓN : 13positionsBundle [290, 1199, 638, 638, 992, 545, 545]
INFORMACIÓN : 13levelsBundle [2, 2, 2, 2, 2, 2, 2]
INFORMACIÓN : 13positionsOrdered [290, 638, 638, 992, 545, 545, 1199]
INFORMACIÓN : 13levelsOrdered [2, 2, 2, 2, 2, 2, 2]
INFORMACIÓN : 13partialityOrdered [2, 2, 2, 2, 2, 2, 2]
INFORMACIÓN : 13arrivalTimes [10.649110640673518, 17.929220529954037, 17.929220529954037, 25.991478278252586, 35.47831125875773, 35.47831125875773, 57.22738006848715]
INFORMACIÓN : 14historia0[0.0, 0.0, 687.06129198069, 0.0, 476.34241612738947, 454.75970720733073, 0.0, 0.0, 451.9307399576379, 0.0, 0.0, 0.0, 651.0863976881205, 0.0, 0.0, 0.0, 0.0, 0.0, 450.02608950309815, 585.5451030641009, 0.0, 0.0, 0.0, 0.0, 0.0, 0.0, 0.0, 0.0, 0.0, 0.0, 0.0, 605.9332835678089, 0.0, 0.0, 0.0, 0.0, 0.0, 604.0445300778966, 0.0, 0.0, 0.0, 0.0, 0.0, 446.1871894044167, 0.0, 0.0, 567.975462097355, 478.3701006786447, 0.0, 574.5402938959734, 0.0, 0.0, 556.8814347000817, 0.0, 605.9332835678089, 0.0, 0.0, 0.0, 633.8705544587784, 0.0, 0.0, 0.0, 647.358105760649, 0.0, 0.0, 0.0, 0.0, 574.5402938959734, 0.0, 378.96786918147905, 0.0, 602.3447038169083, 0.0, 662.6979936919721, 0.0, 0.0, 0.0, 0.0, 0.0, 0.0, 0.0, 433.9192216633486, 0.0, 0.0, 0.0, 529.7485645940424, 537.5791622743612, 567.975462097355, 0.0, 420.29606169931446, 0.0, 0.0, 0.0, 0.0, 0.0, 428.5306171097076, 0.0, 0.0, 0.0, 0.0, 610.8692808523316, 0.0, 0.0, 0.0, 559.2906434921593, 0.0, 451.9307399576379, 0.0, 0.0, 0.0, 0.0, 0.0, 0.0, 0.0, 0.0, 0.0, 382.1668732433311, 581.9572397249914, 0.0, 624.4537315670708]
INFORMACIÓN : 14apuestaBundle [662.6979936919721, 581.9572397249914, 574.5402938959734, 574.5402938959734, 537.5791622743612, 451.9307399576379, 451.9307399576379]
INFORMACIÓN : 14positionsBundle [290, 1199, 638, 638, 992, 545, 545]
INFORMACIÓN : 14levelsBundle [2, 2, 2, 2, 2, 2, 2]
INFORMACIÓN : 14positionsOrdered [290, 638, 638, 992, 545, 545, 1199]
INFORMACIÓN : 14levelsOrdered [2, 2, 2, 2, 2, 2, 2]
INFORMACIÓN : 14partialityOrdered [2, 2, 2, 2, 2, 2, 2]
INFORMACIÓN : 14arrivalTimes [10.649110640673518, 17.929220529954037, 17.929220529954037, 25.991478278252586, 35.47831125875773, 35.47831125875773, 57.22738006848715]
INFORMACIÓN : 15historia0[0.0, 0.0, 687.06129198069, 0.0, 476.34241612738947, 454.75970720733073, 0.0, 0.0, 451.9307399576379, 0.0, 385.3055393295758, 0.0, 651.0863976881205, 0.0, 0.0, 0.0, 0.0, 0.0, 450.02608950309815, 585.5451030641009, 0.0, 0.0, 0.0, 0.0, 0.0, 0.0, 0.0, 0.0, 0.0, 0.0, 0.0, 605.9332835678089, 0.0, 0.0, 0.0, 0.0, 0.0, 604.0445300778966, 0.0, 0.0, 0.0, 0.0, 0.0, 446.1871894044167, 0.0, 0.0, 567.975462097355, 478.3701006786447, 0.0, 574.5402938959734, 0.0, 0.0, 556.8814347000817, 0.0, 605.9332835678089, 0.0, 0.0, 0.0, 633.8705544587784, 0.0, 0.0, 0.0, 647.358105760649, 0.0, 0.0, 0.0, 0.0, 574.5402938959734, 0.0, 0.0, 0.0, 602.3447038169083, 0.0, 662.6979936919721, 0.0, 0.0, 0.0, 0.0, 0.0, 0.0, 0.0, 433.9192216633486, 0.0, 0.0, 402.3829334632511, 529.7485645940424, 537.5791622743612, 567.975462097355, 0.0, 420.29606169931446, 0.0, 0.0, 0.0, 0.0, 0.0, 428.5306171097076, 0.0, 0.0, 0.0, 0.0, 610.8692808523316, 0.0, 0.0, 0.0, 559.2906434921593, 0.0, 451.9307399576379, 0.0, 0.0, 0.0, 0.0, 0.0, 0.0, 0.0, 0.0, 0.0, 0.0, 581.9572397249914, 0.0, 624.4537315670708]
INFORMACIÓN : 15apuestaBundle [662.6979936919721, 581.9572397249914, 574.5402938959734, 574.5402938959734, 537.5791622743612, 451.9307399576379, 451.9307399576379]
INFORMACIÓN : 15positionsBundle [290, 1199, 638, 638, 992, 545, 545]
INFORMACIÓN : 15levelsBundle [2, 2, 2, 2, 2, 2, 2]
INFORMACIÓN : 15positionsOrdered [290, 638, 638, 992, 545, 545, 1199]
INFORMACIÓN : 15levelsOrdered [2, 2, 2, 2, 2, 2, 2]
INFORMACIÓN : 15partialityOrdered [2, 2, 2, 2, 2, 2, 2]
INFORMACIÓN : 15arrivalTimes [10.649110640673518, 17.929220529954037, 17.929220529954037, 25.991478278252586, 35.47831125875773, 35.47831125875773, 57.22738006848715]
INFORMACIÓN : 16historia0[0.0, 0.0, 687.06129198069, 0.0, 476.34241612738947, 454.75970720733073, 0.0, 0.0, 451.9307399576379, 0.0, 385.3055393295758, 0.0, 651.0863976881205, 0.0, 0.0, 0.0, 0.0, 0.0, 450.02608950309815, 585.5451030641009, 0.0, 0.0, 0.0, 0.0, 0.0, 0.0, 0.0, 0.0, 0.0, 0.0, 0.0, 605.9332835678089, 0.0, 0.0, 0.0, 0.0, 0.0, 604.0445300778966, 0.0, 0.0, 0.0, 0.0, 0.0, 446.1871894044167, 0.0, 0.0, 567.975462097355, 478.3701006786447, 0.0, 574.5402938959734, 0.0, 0.0, 556.8814347000817, 0.0, 605.9332835678089, 0.0, 0.0, 0.0, 633.8705544587784, 0.0, 0.0, 0.0, 647.358105760649, 0.0, 0.0, 0.0, 0.0, 574.5402938959734, 0.0, 362.96067541465595, 0.0, 602.3447038169083, 0.0, 662.6979936919721, 0.0, 0.0, 0.0, 0.0, 0.0, 0.0, 0.0, 433.9192216633486, 0.0, 0.0, 402.3829334632511, 529.7485645940424, 537.5791622743612, 567.975462097355, 0.0, 420.29606169931446, 0.0, 0.0, 0.0, 0.0, 0.0, 428.5306171097076, 0.0, 0.0, 0.0, 0.0, 610.8692808523316, 0.0, 0.0, 0.0, 559.2906434921593, 0.0, 451.9307399576379, 0.0, 0.0, 0.0, 0.0, 0.0, 0.0, 0.0, 0.0, 0.0, 382.1668732433311, 581.9572397249914, 0.0, 624.4537315670708]
