----------------------------------------------------------------------
-- Log session for [myBugCoalitionsCCBBAGuaiDEF-23] started on 2018.01.04.04.50.19 --
----------------------------------------------------------------------

INFORMACIÓN : I started
INFORMACIÓN : 0apuestaBundle [691.4433289672737, 628.4070039066083, 585.6368388553032, 580.5837428161254, 580.5837428161254, 580.4696897784673, 580.4696897784673]
INFORMACIÓN : 0positionsBundle [2391, 1780, 974, 1199, 1199, 290, 290]
INFORMACIÓN : 0levelsBundle [2, 2, 2, 2, 2, 2, 2]
INFORMACIÓN : 0positionsOrdered [2391, 1780, 974, 1199, 1199, 290, 290]
INFORMACIÓN : 0levelsOrdered [2, 2, 2, 2, 2, 2, 2]
INFORMACIÓN : 0partialityOrdered [2, 2, 2, 2, 2, 2, 2]
INFORMACIÓN : 0arrivalTimes [22.847319317591726, 39.12613991369143, 56.214147404326496, 81.53212520667083, 81.53212520667083, 101.65673700416893, 101.65673700416893]
INFORMACIÓN : coalSat position 2391 level 2
INFORMACIÓN : timeSat position 2391 level 2
INFORMACIÓN : coalSat position 1780 level 2
INFORMACIÓN : timeSat position 1780 level 2
INFORMACIÓN : I [IR, MW]; lost Test.myBail@6e4b0c4f; POS 2391; sensors [AB]; level 2 I paid 691.4433289672737in favour ofnull paid 691.4433289672737
INFORMACIÓN : 1historia0[0.0, 0.0, 0.0, 0.0, 0.0, 0.0, 0.0, 0.0, 0.0, 0.0, 0.0, 0.0, 651.0863976881205, 0.0, 0.0, 0.0, 0.0, 0.0, 0.0, 585.5451030641009, 0.0, 0.0, 0.0, 0.0, 0.0, 0.0, 0.0, 0.0, 0.0, 0.0, 0.0, 0.0, 0.0, 0.0, 0.0, 0.0, 0.0, 0.0, 0.0, 0.0, 0.0, 0.0, 0.0, 0.0, 0.0, 0.0, 0.0, 0.0, 0.0, 0.0, 0.0, 0.0, 0.0, 0.0, 0.0, 0.0, 0.0, 0.0, 589.6389727156702, 0.0, 0.0, 0.0, 647.358105760649, 0.0, 0.0, 0.0, 0.0, 0.0, 0.0, 0.0, 0.0, 0.0, 0.0, 663.5129114558699, 0.0, 0.0, 589.6389727156702, 0.0, 0.0, 0.0, 0.0, 0.0, 0.0, 0.0, 0.0, 0.0, 0.0, 0.0, 0.0, 0.0, 0.0, 0.0, 0.0, 0.0, 0.0, 0.0, 0.0, 0.0, 0.0, 0.0, 611.3590673926911, 0.0, 0.0, 0.0, 0.0, 0.0, 0.0, 0.0, 0.0, 0.0, 0.0, 0.0, 0.0, 0.0, 0.0, 0.0, 0.0, 595.9866989916554, 0.0, 0.0]
INFORMACIÓN : 1apuestaBundle [687.06129198069, 624.4537315670708, 566.1157830568503, 531.1461900298901, 531.1461900298901, 516.911193896346]
INFORMACIÓN : 1positionsBundle [2391, 1780, 1853, 1353, 1353, 638]
INFORMACIÓN : 1levelsBundle [2, 2, 2, 2, 2, 2]
INFORMACIÓN : 1positionsOrdered [2391, 1780, 1853, 1353, 1353, 638]
INFORMACIÓN : 1levelsOrdered [2, 2, 2, 2, 2, 2]
INFORMACIÓN : 1partialityOrdered [2, 2, 2, 2, 2, 2]
INFORMACIÓN : 1arrivalTimes [40.44997055358225, 56.72879114968195, 83.80276389104372, 93.80276389104372, 93.80276389104372, 131.88162942036325]
INFORMACIÓN : timeSat position 1780 level 2
INFORMACIÓN : coalSat position 1353 level 2
INFORMACIÓN : timeSat position 1353 level 2
INFORMACIÓN : I [IR, MW]; lost Test.myBail@59ffdd04; POS 1780; sensors [AB]; level 2 I paid 624.4537315670708in favour ofnull paid 624.4537315670708
INFORMACIÓN : 2historia0[0.0, 0.0, 687.06129198069, 0.0, 0.0, 0.0, 0.0, 0.0, 0.0, 0.0, 0.0, 0.0, 651.0863976881205, 0.0, 0.0, 0.0, 0.0, 0.0, 0.0, 585.5451030641009, 0.0, 0.0, 0.0, 0.0, 0.0, 0.0, 0.0, 0.0, 0.0, 0.0, 0.0, 573.5797589903639, 0.0, 0.0, 0.0, 0.0, 0.0, 582.7607281756507, 0.0, 0.0, 0.0, 0.0, 0.0, 0.0, 0.0, 0.0, 0.0, 0.0, 0.0, 574.5402938959734, 0.0, 0.0, 0.0, 0.0, 0.0, 0.0, 0.0, 0.0, 633.8705544587784, 0.0, 0.0, 0.0, 647.358105760649, 0.0, 0.0, 0.0, 0.0, 574.5402938959734, 0.0, 0.0, 0.0, 582.7607281756507, 0.0, 662.6979936919721, 0.0, 0.0, 600.5819694531231, 0.0, 0.0, 0.0, 0.0, 0.0, 0.0, 0.0, 0.0, 0.0, 0.0, 0.0, 0.0, 0.0, 0.0, 0.0, 0.0, 0.0, 0.0, 0.0, 0.0, 0.0, 0.0, 0.0, 611.3590673926911, 0.0, 0.0, 0.0, 0.0, 0.0, 0.0, 0.0, 0.0, 0.0, 0.0, 0.0, 0.0, 0.0, 0.0, 0.0, 0.0, 581.9572397249914, 0.0, 0.0]
INFORMACIÓN : 2apuestaBundle [687.06129198069, 624.1914156765212, 517.014383755274, 516.0231503911963, 516.0231503911963, 510.4337084377636]
INFORMACIÓN : 2positionsBundle [2391, 1780, 1353, 1168, 1168, 992]
INFORMACIÓN : 2levelsBundle [2, 2, 2, 2, 2, 2]
INFORMACIÓN : 2positionsOrdered [2391, 1780, 1168, 1168, 1353, 992]
INFORMACIÓN : 2levelsOrdered [2, 2, 2, 2, 2, 2]
INFORMACIÓN : 2partialityOrdered [2, 2, 2, 2, 2, 2]
INFORMACIÓN : 2arrivalTimes [40.44997055358225, 57.89679950792788, 74.86736225640502, 74.86736225640502, 149.76049093926918, 189.57254941405793]
INFORMACIÓN : coalSat position 992 level 2
INFORMACIÓN : I [IR, MW]; lost Test.myBail@a00cc72; POS 1353; sensors [IR]; level 2 I paid 517.014383755274in favour of22@(myturtles,myturtles,bug)@MK-202 paid 605.9332835678089
INFORMACIÓN : 3historia0[0.0, 0.0, 687.06129198069, 0.0, 0.0, 0.0, 0.0, 0.0, 0.0, 0.0, 0.0, 0.0, 651.0863976881205, 0.0, 0.0, 0.0, 0.0, 0.0, 0.0, 585.5451030641009, 0.0, 0.0, 0.0, 0.0, 0.0, 0.0, 0.0, 0.0, 0.0, 0.0, 0.0, 605.9332835678089, 0.0, 0.0, 0.0, 0.0, 0.0, 604.0445300778966, 0.0, 0.0, 0.0, 0.0, 0.0, 0.0, 0.0, 0.0, 531.7965164310924, 0.0, 0.0, 574.5402938959734, 0.0, 0.0, 556.8814347000817, 0.0, 605.9332835678089, 0.0, 0.0, 0.0, 633.8705544587784, 0.0, 0.0, 0.0, 647.358105760649, 0.0, 0.0, 0.0, 0.0, 574.5402938959734, 0.0, 0.0, 0.0, 582.7607281756507, 0.0, 662.6979936919721, 0.0, 0.0, 0.0, 0.0, 0.0, 0.0, 0.0, 0.0, 0.0, 0.0, 0.0, 0.0, 537.5791622743612, 531.7965164310924, 0.0, 0.0, 0.0, 0.0, 0.0, 0.0, 0.0, 0.0, 0.0, 0.0, 0.0, 0.0, 0.0, 0.0, 0.0, 0.0, 556.8814347000817, 0.0, 0.0, 0.0, 0.0, 0.0, 0.0, 0.0, 0.0, 0.0, 0.0, 0.0, 0.0, 581.9572397249914, 0.0, 624.1914156765212]
INFORMACIÓN : 3apuestaBundle [687.06129198069, 624.1914156765212, 428.82575352523156, 414.2863106345035, 412.6263259604199]
INFORMACIÓN : 3positionsBundle [2391, 1780, 780, 1938, 1036]
INFORMACIÓN : 3levelsBundle [2, 2, 2, 2, 2]
INFORMACIÓN : 3positionsOrdered [1938, 2391, 1780, 780, 1036]
INFORMACIÓN : 3levelsOrdered [2, 2, 2, 2, 2]
INFORMACIÓN : 3partialityOrdered [2, 2, 2, 2, 2]
INFORMACIÓN : 3arrivalTimes [18.0, 40.44997055358225, 57.89679950792788, 77.89679950792788, 85.70704918383453]
INFORMACIÓN : coalSat position 1780 level 2
INFORMACIÓN : coalSat position 1036 level 2
INFORMACIÓN : I [IR, MW]; lost Test.myBail@59ffdd04; POS 1780; sensors [AB]; level 2 I paid 624.1914156765212in favour ofnull paid 624.1914156765212
INFORMACIÓN : 4historia0[0.0, 0.0, 687.06129198069, 0.0, 481.5766554891293, 463.15451603874715, 0.0, 0.0, 0.0, 0.0, 0.0, 0.0, 651.0863976881205, 0.0, 0.0, 0.0, 0.0, 0.0, 450.02608950309815, 585.5451030641009, 0.0, 0.0, 0.0, 0.0, 0.0, 0.0, 0.0, 0.0, 0.0, 0.0, 0.0, 605.9332835678089, 0.0, 0.0, 0.0, 0.0, 0.0, 604.0445300778966, 0.0, 0.0, 0.0, 0.0, 0.0, 0.0, 0.0, 0.0, 522.3916987459431, 450.02608950309815, 0.0, 574.5402938959734, 0.0, 0.0, 0.0, 0.0, 605.9332835678089, 0.0, 0.0, 0.0, 633.8705544587784, 0.0, 0.0, 0.0, 647.358105760649, 0.0, 0.0, 0.0, 0.0, 574.5402938959734, 0.0, 0.0, 0.0, 0.0, 0.0, 662.6979936919721, 0.0, 0.0, 0.0, 0.0, 0.0, 0.0, 0.0, 412.304682156176, 0.0, 0.0, 0.0, 529.7485645940424, 537.5791622743612, 522.3916987459431, 0.0, 0.0, 0.0, 0.0, 0.0, 0.0, 0.0, 0.0, 0.0, 0.0, 0.0, 0.0, 610.8692808523316, 0.0, 0.0, 0.0, 559.2906434921593, 0.0, 0.0, 0.0, 0.0, 0.0, 0.0, 0.0, 0.0, 0.0, 0.0, 0.0, 0.0, 581.9572397249914, 0.0, 0.0]
INFORMACIÓN : 4apuestaBundle [687.06129198069, 624.4537315670708, 516.0231503911963, 414.2863106345035, 402.3829334632511]
INFORMACIÓN : 4positionsBundle [2391, 1780, 1168, 1938, 1132]
INFORMACIÓN : 4levelsBundle [2, 2, 2, 2, 2]
INFORMACIÓN : 4positionsOrdered [1938, 2391, 1780, 1168, 1132]
INFORMACIÓN : 4levelsOrdered [2, 2, 2, 2, 2]
INFORMACIÓN : 4partialityOrdered [2, 2, 2, 2, 2]
INFORMACIÓN : 4arrivalTimes [18.0, 40.44997055358225, 56.72879114968195, 73.69935389815909, 87.73502274577729]
INFORMACIÓN : I [IR, MW]; lost Test.myBail@8fe0f95; POS 1168; sensors [IR]; level 2 I paid 516.0231503911963in favour of22@(myturtles,myturtles,bug)@MK-202 paid 556.8814347000817
INFORMACIÓN : 5historia0[0.0, 0.0, 687.06129198069, 0.0, 481.5766554891293, 0.0, 0.0, 0.0, 0.0, 0.0, 0.0, 0.0, 651.0863976881205, 0.0, 0.0, 0.0, 0.0, 0.0, 0.0, 585.5451030641009, 0.0, 0.0, 0.0, 0.0, 0.0, 0.0, 0.0, 0.0, 0.0, 0.0, 0.0, 605.9332835678089, 0.0, 0.0, 0.0, 0.0, 0.0, 604.0445300778966, 0.0, 0.0, 0.0, 0.0, 0.0, 0.0, 0.0, 0.0, 542.9377417392209, 0.0, 0.0, 574.5402938959734, 0.0, 0.0, 556.8814347000817, 0.0, 605.9332835678089, 0.0, 0.0, 0.0, 633.8705544587784, 0.0, 0.0, 0.0, 647.358105760649, 0.0, 0.0, 0.0, 0.0, 574.5402938959734, 0.0, 0.0, 0.0, 0.0, 0.0, 662.6979936919721, 0.0, 0.0, 0.0, 0.0, 0.0, 0.0, 0.0, 433.9192216633486, 0.0, 0.0, 0.0, 529.7485645940424, 537.5791622743612, 542.9377417392209, 0.0, 0.0, 0.0, 0.0, 0.0, 0.0, 0.0, 0.0, 0.0, 0.0, 412.304682156176, 0.0, 610.8692808523316, 0.0, 0.0, 0.0, 559.2906434921593, 0.0, 0.0, 0.0, 0.0, 0.0, 0.0, 0.0, 0.0, 0.0, 0.0, 0.0, 0.0, 581.9572397249914, 0.0, 624.4537315670708]
INFORMACIÓN : 5apuestaBundle [687.06129198069, 624.4537315670708, 414.2863106345035, 410.36851006317795, 402.3829334632511]
INFORMACIÓN : 5positionsBundle [2391, 1780, 1938, 1355, 1132]
INFORMACIÓN : 5levelsBundle [2, 2, 2, 2, 2]
INFORMACIÓN : 5positionsOrdered [1938, 2391, 1780, 1355, 1132]
INFORMACIÓN : 5levelsOrdered [2, 2, 2, 2, 2]
INFORMACIÓN : 5partialityOrdered [2, 2, 2, 2, 2]
INFORMACIÓN : 5arrivalTimes [18.0, 40.44997055358225, 56.72879114968195, 82.97760064649533, 110.4366610819873]
INFORMACIÓN : coalSat position 1355 level 2
INFORMACIÓN : coalSat position 1132 level 2
INFORMACIÓN : I [IR, MW]; lost Test.myBail@198582e5; POS 1355; sensors [AB]; level 2 I paid 410.36851006317795in favour ofnull paid 410.36851006317795
INFORMACIÓN : 6historia0[0.0, 0.0, 687.06129198069, 0.0, 456.426013733874, 0.0, 0.0, 0.0, 451.9307399576379, 0.0, 414.2863106345035, 0.0, 651.0863976881205, 0.0, 0.0, 0.0, 0.0, 0.0, 410.7078453803807, 585.5451030641009, 0.0, 0.0, 0.0, 0.0, 0.0, 0.0, 0.0, 0.0, 0.0, 0.0, 0.0, 605.9332835678089, 0.0, 0.0, 0.0, 0.0, 0.0, 604.0445300778966, 0.0, 0.0, 0.0, 0.0, 0.0, 0.0, 0.0, 0.0, 567.6627534574804, 0.0, 0.0, 574.5402938959734, 0.0, 0.0, 556.8814347000817, 0.0, 605.9332835678089, 0.0, 0.0, 0.0, 633.8705544587784, 0.0, 0.0, 0.0, 647.358105760649, 0.0, 0.0, 0.0, 0.0, 574.5402938959734, 0.0, 0.0, 0.0, 0.0, 0.0, 662.6979936919721, 0.0, 0.0, 0.0, 0.0, 0.0, 0.0, 0.0, 433.9192216633486, 0.0, 0.0, 0.0, 529.7485645940424, 537.5791622743612, 567.6627534574804, 0.0, 0.0, 0.0, 0.0, 0.0, 0.0, 0.0, 0.0, 0.0, 0.0, 0.0, 0.0, 610.8692808523316, 0.0, 0.0, 0.0, 548.498881325964, 0.0, 451.9307399576379, 0.0, 0.0, 0.0, 0.0, 0.0, 0.0, 0.0, 0.0, 0.0, 402.0695836597357, 581.9572397249914, 0.0, 624.4537315670708]
INFORMACIÓN : 6apuestaBundle [687.06129198069, 624.4537315670708, 414.2863106345035, 454.75970720733073, 402.3829334632511]
INFORMACIÓN : 6positionsBundle [2391, 1780, 1938, 780, 1132]
INFORMACIÓN : 6levelsBundle [2, 2, 2, 2, 2]
INFORMACIÓN : 6positionsOrdered [1938, 2391, 1780, 780, 1132]
INFORMACIÓN : 6levelsOrdered [2, 2, 2, 2, 2]
INFORMACIÓN : 6partialityOrdered [2, 2, 2, 2, 2]
INFORMACIÓN : 6arrivalTimes [18.0, 40.44997055358225, 56.72879114968195, 86.4441339266623, 110.4366610819873]
INFORMACIÓN : coalSat position 780 level 2
INFORMACIÓN : I [IR, MW]; lost Test.myBail@59423c45; POS 780; sensors [AB]; level 2 I paid 454.75970720733073in favour ofnull paid 454.75970720733073
INFORMACIÓN : 7historia0[0.0, 0.0, 687.06129198069, 0.0, 476.34241612738947, 0.0, 0.0, 0.0, 451.9307399576379, 0.0, 414.2863106345035, 0.0, 651.0863976881205, 0.0, 0.0, 0.0, 0.0, 0.0, 450.02608950309815, 585.5451030641009, 0.0, 0.0, 0.0, 0.0, 0.0, 0.0, 0.0, 0.0, 0.0, 0.0, 0.0, 605.9332835678089, 0.0, 0.0, 0.0, 0.0, 0.0, 0.0, 0.0, 0.0, 0.0, 0.0, 0.0, 371.0613589920255, 0.0, 0.0, 533.3450237488817, 450.02608950309815, 0.0, 574.5402938959734, 0.0, 0.0, 0.0, 0.0, 605.9332835678089, 0.0, 0.0, 0.0, 633.8705544587784, 0.0, 0.0, 0.0, 647.358105760649, 0.0, 0.0, 0.0, 0.0, 574.5402938959734, 0.0, 0.0, 0.0, 582.7607281756507, 0.0, 662.6979936919721, 0.0, 0.0, 0.0, 0.0, 0.0, 0.0, 0.0, 433.9192216633486, 0.0, 0.0, 0.0, 529.7485645940424, 537.5791622743612, 533.3450237488817, 0.0, 0.0, 0.0, 0.0, 0.0, 0.0, 0.0, 0.0, 0.0, 0.0, 0.0, 0.0, 610.8692808523316, 0.0, 0.0, 0.0, 553.8577090045922, 0.0, 451.9307399576379, 0.0, 0.0, 0.0, 0.0, 0.0, 0.0, 0.0, 0.0, 0.0, 402.0695836597357, 581.9572397249914, 0.0, 624.4537315670708]
INFORMACIÓN : 7apuestaBundle [687.06129198069, 624.4537315670708, 414.2863106345035, 516.0231503911963, 402.3829334632511]
INFORMACIÓN : 7positionsBundle [2391, 1780, 1938, 1168, 1132]
INFORMACIÓN : 7levelsBundle [2, 2, 2, 2, 2]
INFORMACIÓN : 7positionsOrdered [1938, 2391, 1780, 1168, 1132]
INFORMACIÓN : 7levelsOrdered [2, 2, 2, 2, 2]
INFORMACIÓN : 7partialityOrdered [2, 2, 2, 2, 2]
INFORMACIÓN : 7arrivalTimes [18.0, 40.44997055358225, 56.72879114968195, 73.69935389815909, 110.4366610819873]
INFORMACIÓN : timeSat position 1132 level 2
INFORMACIÓN : I [IR, MW]; lost Test.myBail@feda444; POS 1132; sensors [AB]; level 2 I paid 402.3829334632511in favour ofnull paid 402.3829334632511
INFORMACIÓN : 8historia0[0.0, 0.0, 687.06129198069, 0.0, 476.34241612738947, 0.0, 0.0, 0.0, 451.9307399576379, 0.0, 414.2863106345035, 0.0, 651.0863976881205, 0.0, 0.0, 0.0, 0.0, 0.0, 450.02608950309815, 585.5451030641009, 0.0, 0.0, 0.0, 0.0, 0.0, 0.0, 0.0, 0.0, 0.0, 0.0, 0.0, 605.9332835678089, 0.0, 0.0, 0.0, 0.0, 0.0, 582.7607281756507, 0.0, 0.0, 0.0, 0.0, 0.0, 371.0613589920255, 0.0, 0.0, 533.3450237488817, 450.02608950309815, 0.0, 574.5402938959734, 0.0, 0.0, 516.0231503911963, 0.0, 605.9332835678089, 0.0, 0.0, 0.0, 633.8705544587784, 0.0, 0.0, 0.0, 647.358105760649, 0.0, 0.0, 0.0, 0.0, 574.5402938959734, 0.0, 0.0, 0.0, 602.3447038169083, 0.0, 662.6979936919721, 0.0, 0.0, 0.0, 0.0, 0.0, 0.0, 0.0, 433.9192216633486, 0.0, 0.0, 0.0, 529.7485645940424, 537.5791622743612, 533.3450237488817, 0.0, 0.0, 0.0, 0.0, 0.0, 0.0, 0.0, 0.0, 0.0, 0.0, 0.0, 0.0, 610.8692808523316, 0.0, 0.0, 0.0, 553.8577090045922, 0.0, 451.9307399576379, 0.0, 0.0, 0.0, 0.0, 0.0, 0.0, 0.0, 0.0, 0.0, 382.1668732433311, 581.9572397249914, 0.0, 624.4537315670708]
INFORMACIÓN : 8apuestaBundle [687.06129198069, 624.4537315670708, 414.2863106345035, 516.0231503911963, 402.3829334632511]
INFORMACIÓN : 8positionsBundle [2391, 1780, 1938, 1168, 1132]
INFORMACIÓN : 8levelsBundle [2, 2, 2, 2, 2]
INFORMACIÓN : 8positionsOrdered [1938, 2391, 1780, 1168, 1132]
INFORMACIÓN : 8levelsOrdered [2, 2, 2, 2, 2]
INFORMACIÓN : 8partialityOrdered [2, 2, 2, 2, 2]
INFORMACIÓN : 8arrivalTimes [18.0, 40.44997055358225, 56.72879114968195, 73.69935389815909, 116.45241932567274]
INFORMACIÓN : I [IR, MW]; lost Test.myBail@8fe0f95; POS 1168; sensors [IR]; level 2 I paid 516.0231503911963in favour of28@(myturtles,myturtles,bug)@MK-202 paid 561.2979658007871
INFORMACIÓN : 9historia0[0.0, 0.0, 687.06129198069, 0.0, 476.34241612738947, 0.0, 0.0, 0.0, 451.9307399576379, 0.0, 414.2863106345035, 0.0, 651.0863976881205, 0.0, 0.0, 0.0, 0.0, 0.0, 450.02608950309815, 585.5451030641009, 0.0, 0.0, 0.0, 0.0, 0.0, 0.0, 0.0, 0.0, 0.0, 0.0, 0.0, 605.9332835678089, 0.0, 0.0, 0.0, 0.0, 0.0, 604.0445300778966, 0.0, 0.0, 0.0, 0.0, 0.0, 371.0613589920255, 0.0, 0.0, 533.3450237488817, 450.02608950309815, 0.0, 574.5402938959734, 0.0, 0.0, 561.2979658007871, 0.0, 605.9332835678089, 0.0, 0.0, 0.0, 633.8705544587784, 0.0, 0.0, 0.0, 647.358105760649, 0.0, 0.0, 0.0, 0.0, 574.5402938959734, 0.0, 0.0, 0.0, 0.0, 0.0, 662.6979936919721, 0.0, 0.0, 0.0, 0.0, 0.0, 0.0, 0.0, 433.9192216633486, 0.0, 0.0, 0.0, 529.7485645940424, 537.5791622743612, 533.3450237488817, 0.0, 0.0, 0.0, 0.0, 0.0, 0.0, 0.0, 0.0, 0.0, 0.0, 0.0, 0.0, 610.8692808523316, 0.0, 0.0, 0.0, 553.8577090045922, 0.0, 451.9307399576379, 0.0, 0.0, 0.0, 0.0, 0.0, 0.0, 0.0, 0.0, 0.0, 402.0695836597357, 581.9572397249914, 0.0, 624.4537315670708]
INFORMACIÓN : 9apuestaBundle [687.06129198069, 624.4537315670708, 414.2863106345035, 454.75970720733073, 402.3829334632511]
INFORMACIÓN : 9positionsBundle [2391, 1780, 1938, 780, 1132]
INFORMACIÓN : 9levelsBundle [2, 2, 2, 2, 2]
INFORMACIÓN : 9positionsOrdered [1938, 2391, 1780, 780, 1132]
INFORMACIÓN : 9levelsOrdered [2, 2, 2, 2, 2]
INFORMACIÓN : 9partialityOrdered [2, 2, 2, 2, 2]
INFORMACIÓN : 9arrivalTimes [18.0, 40.44997055358225, 56.72879114968195, 76.72879114968195, 87.73502274577729]
INFORMACIÓN : timeSat position 1132 level 2
INFORMACIÓN : I [IR, MW]; lost Test.myBail@feda444; POS 1132; sensors [AB]; level 2 I paid 402.3829334632511in favour ofnull paid 402.3829334632511
INFORMACIÓN : 10historia0[0.0, 0.0, 687.06129198069, 0.0, 476.34241612738947, 454.75970720733073, 0.0, 0.0, 451.9307399576379, 0.0, 414.2863106345035, 0.0, 651.0863976881205, 0.0, 0.0, 0.0, 0.0, 0.0, 450.02608950309815, 585.5451030641009, 0.0, 0.0, 0.0, 0.0, 0.0, 0.0, 0.0, 0.0, 0.0, 0.0, 0.0, 605.9332835678089, 0.0, 0.0, 0.0, 0.0, 0.0, 0.0, 0.0, 0.0, 0.0, 0.0, 0.0, 371.0613589920255, 0.0, 0.0, 567.975462097355, 450.02608950309815, 0.0, 574.5402938959734, 0.0, 0.0, 0.0, 0.0, 605.9332835678089, 0.0, 0.0, 0.0, 633.8705544587784, 0.0, 0.0, 0.0, 647.358105760649, 0.0, 0.0, 0.0, 0.0, 574.5402938959734, 0.0, 0.0, 0.0, 602.3447038169083, 0.0, 662.6979936919721, 0.0, 0.0, 0.0, 0.0, 0.0, 0.0, 0.0, 433.9192216633486, 0.0, 0.0, 0.0, 529.7485645940424, 537.5791622743612, 567.975462097355, 0.0, 0.0, 0.0, 0.0, 0.0, 0.0, 0.0, 0.0, 0.0, 0.0, 0.0, 0.0, 610.8692808523316, 0.0, 0.0, 0.0, 559.2906434921593, 0.0, 451.9307399576379, 0.0, 0.0, 0.0, 0.0, 0.0, 0.0, 0.0, 0.0, 0.0, 382.1668732433311, 581.9572397249914, 0.0, 624.4537315670708]
INFORMACIÓN : 10apuestaBundle [687.06129198069, 624.4537315670708, 414.2863106345035, 454.75970720733073, 402.3829334632511]
INFORMACIÓN : 10positionsBundle [2391, 1780, 1938, 780, 1132]
INFORMACIÓN : 10levelsBundle [2, 2, 2, 2, 2]
INFORMACIÓN : 10positionsOrdered [1938, 2391, 1780, 780, 1132]
INFORMACIÓN : 10levelsOrdered [2, 2, 2, 2, 2]
INFORMACIÓN : 10partialityOrdered [2, 2, 2, 2, 2]
INFORMACIÓN : 10arrivalTimes [18.0, 40.44997055358225, 56.72879114968195, 76.72879114968195, 116.45241932567274]
INFORMACIÓN : 11historia0[0.0, 0.0, 687.06129198069, 0.0, 476.34241612738947, 454.75970720733073, 0.0, 0.0, 451.9307399576379, 0.0, 414.2863106345035, 0.0, 651.0863976881205, 0.0, 0.0, 0.0, 0.0, 0.0, 450.02608950309815, 585.5451030641009, 0.0, 0.0, 0.0, 0.0, 0.0, 0.0, 0.0, 0.0, 0.0, 0.0, 0.0, 605.9332835678089, 0.0, 0.0, 0.0, 0.0, 0.0, 604.0445300778966, 0.0, 0.0, 0.0, 0.0, 0.0, 371.0613589920255, 0.0, 0.0, 567.975462097355, 478.3701006786447, 0.0, 574.5402938959734, 0.0, 0.0, 556.8814347000817, 0.0, 605.9332835678089, 0.0, 0.0, 0.0, 633.8705544587784, 0.0, 0.0, 0.0, 647.358105760649, 0.0, 0.0, 0.0, 0.0, 574.5402938959734, 0.0, 0.0, 0.0, 602.3447038169083, 0.0, 662.6979936919721, 0.0, 0.0, 0.0, 0.0, 0.0, 0.0, 0.0, 433.9192216633486, 0.0, 0.0, 402.3829334632511, 529.7485645940424, 537.5791622743612, 567.975462097355, 0.0, 420.29606169931446, 0.0, 0.0, 0.0, 0.0, 0.0, 0.0, 0.0, 0.0, 0.0, 0.0, 610.8692808523316, 0.0, 0.0, 0.0, 559.2906434921593, 0.0, 451.9307399576379, 0.0, 0.0, 0.0, 0.0, 0.0, 0.0, 0.0, 0.0, 0.0, 382.1668732433311, 581.9572397249914, 0.0, 624.4537315670708]
INFORMACIÓN : 11apuestaBundle [687.06129198069, 624.4537315670708, 414.2863106345035, 454.75970720733073, 402.3829334632511]
INFORMACIÓN : 11positionsBundle [2391, 1780, 1938, 780, 1132]
INFORMACIÓN : 11levelsBundle [2, 2, 2, 2, 2]
INFORMACIÓN : 11positionsOrdered [1938, 2391, 1780, 780, 1132]
INFORMACIÓN : 11levelsOrdered [2, 2, 2, 2, 2]
INFORMACIÓN : 11partialityOrdered [2, 2, 2, 2, 2]
INFORMACIÓN : 11arrivalTimes [18.0, 40.44997055358225, 56.72879114968195, 76.72879114968195, 116.45241932567274]
INFORMACIÓN : 12historia0[0.0, 0.0, 687.06129198069, 0.0, 476.34241612738947, 454.75970720733073, 0.0, 0.0, 451.9307399576379, 0.0, 414.2863106345035, 0.0, 651.0863976881205, 0.0, 0.0, 0.0, 0.0, 0.0, 450.02608950309815, 585.5451030641009, 0.0, 0.0, 0.0, 0.0, 0.0, 0.0, 0.0, 0.0, 0.0, 0.0, 0.0, 605.9332835678089, 0.0, 0.0, 0.0, 0.0, 0.0, 604.0445300778966, 0.0, 0.0, 0.0, 0.0, 0.0, 371.0613589920255, 0.0, 0.0, 567.975462097355, 478.3701006786447, 0.0, 574.5402938959734, 0.0, 0.0, 556.8814347000817, 0.0, 605.9332835678089, 0.0, 0.0, 0.0, 633.8705544587784, 0.0, 0.0, 0.0, 647.358105760649, 0.0, 0.0, 0.0, 0.0, 574.5402938959734, 0.0, 0.0, 0.0, 602.3447038169083, 0.0, 662.6979936919721, 0.0, 0.0, 0.0, 0.0, 0.0, 0.0, 0.0, 433.9192216633486, 0.0, 0.0, 402.3829334632511, 529.7485645940424, 537.5791622743612, 567.975462097355, 0.0, 420.29606169931446, 0.0, 0.0, 0.0, 0.0, 0.0, 0.0, 0.0, 0.0, 0.0, 0.0, 610.8692808523316, 0.0, 0.0, 0.0, 559.2906434921593, 0.0, 451.9307399576379, 0.0, 0.0, 0.0, 0.0, 0.0, 0.0, 0.0, 0.0, 0.0, 382.1668732433311, 581.9572397249914, 0.0, 624.4537315670708]
INFORMACIÓN : 12apuestaBundle [687.06129198069, 624.4537315670708, 414.2863106345035, 454.75970720733073, 402.3829334632511]
INFORMACIÓN : 12positionsBundle [2391, 1780, 1938, 780, 1132]
INFORMACIÓN : 12levelsBundle [2, 2, 2, 2, 2]
INFORMACIÓN : 12positionsOrdered [1938, 2391, 1780, 780, 1132]
INFORMACIÓN : 12levelsOrdered [2, 2, 2, 2, 2]
INFORMACIÓN : 12partialityOrdered [2, 2, 2, 2, 2]
INFORMACIÓN : 12arrivalTimes [18.0, 40.44997055358225, 56.72879114968195, 76.72879114968195, 116.45241932567274]
INFORMACIÓN : depSat position 1938 level 2
INFORMACIÓN : I [IR, MW]; lost Test.myBail@5d0cf901; POS 1938; sensors [AB]; level 2 I paid 414.2863106345035in favour ofnull paid 414.2863106345035
INFORMACIÓN : 13historia0[0.0, 0.0, 687.06129198069, 0.0, 476.34241612738947, 0.0, 0.0, 0.0, 451.9307399576379, 0.0, 0.0, 0.0, 651.0863976881205, 0.0, 0.0, 0.0, 0.0, 0.0, 450.02608950309815, 585.5451030641009, 0.0, 0.0, 0.0, 0.0, 0.0, 0.0, 0.0, 0.0, 0.0, 0.0, 0.0, 605.9332835678089, 0.0, 0.0, 0.0, 0.0, 0.0, 604.0445300778966, 0.0, 0.0, 0.0, 0.0, 0.0, 446.1871894044167, 0.0, 0.0, 567.975462097355, 478.3701006786447, 0.0, 574.5402938959734, 0.0, 0.0, 556.8814347000817, 0.0, 605.9332835678089, 0.0, 0.0, 0.0, 633.8705544587784, 0.0, 0.0, 0.0, 647.358105760649, 0.0, 0.0, 0.0, 0.0, 574.5402938959734, 0.0, 0.0, 0.0, 602.3447038169083, 0.0, 662.6979936919721, 0.0, 0.0, 0.0, 0.0, 0.0, 0.0, 0.0, 433.9192216633486, 0.0, 0.0, 0.0, 529.7485645940424, 537.5791622743612, 567.975462097355, 0.0, 420.29606169931446, 0.0, 0.0, 0.0, 0.0, 0.0, 428.5306171097076, 0.0, 0.0, 0.0, 0.0, 610.8692808523316, 0.0, 0.0, 0.0, 559.2906434921593, 0.0, 451.9307399576379, 0.0, 0.0, 0.0, 0.0, 0.0, 0.0, 0.0, 0.0, 0.0, 382.1668732433311, 581.9572397249914, 0.0, 624.4537315670708]
INFORMACIÓN : 13apuestaBundle [687.06129198069, 624.4537315670708, 454.75970720733073, 414.2863106345035, 402.3829334632511]
INFORMACIÓN : 13positionsBundle [2391, 1780, 780, 1938, 1132]
INFORMACIÓN : 13levelsBundle [2, 2, 2, 2, 2]
INFORMACIÓN : 13positionsOrdered [1938, 2391, 1780, 780, 1132]
INFORMACIÓN : 13levelsOrdered [2, 2, 2, 2, 2]
INFORMACIÓN : 13partialityOrdered [2, 2, 2, 2, 2]
INFORMACIÓN : 13arrivalTimes [18.0, 40.44997055358225, 56.72879114968195, 76.72879114968195, 116.45241932567274]
INFORMACIÓN : coalSat position 1938 level 2
INFORMACIÓN : timeSat position 1938 level 2
INFORMACIÓN : I [IR, MW]; lost Test.myBail@5d0cf901; POS 1938; sensors [AB]; level 2 I paid 414.2863106345035in favour ofnull paid 414.2863106345035
INFORMACIÓN : 14historia0[0.0, 0.0, 687.06129198069, 0.0, 476.34241612738947, 454.75970720733073, 0.0, 0.0, 451.9307399576379, 0.0, 0.0, 0.0, 651.0863976881205, 0.0, 0.0, 0.0, 0.0, 0.0, 450.02608950309815, 585.5451030641009, 0.0, 0.0, 0.0, 0.0, 0.0, 0.0, 0.0, 0.0, 0.0, 0.0, 0.0, 605.9332835678089, 0.0, 0.0, 0.0, 0.0, 0.0, 604.0445300778966, 0.0, 0.0, 0.0, 0.0, 0.0, 446.1871894044167, 0.0, 0.0, 567.975462097355, 478.3701006786447, 0.0, 574.5402938959734, 0.0, 0.0, 556.8814347000817, 0.0, 605.9332835678089, 0.0, 0.0, 0.0, 633.8705544587784, 0.0, 0.0, 0.0, 647.358105760649, 0.0, 0.0, 0.0, 0.0, 574.5402938959734, 0.0, 378.96786918147905, 0.0, 602.3447038169083, 0.0, 662.6979936919721, 0.0, 0.0, 0.0, 0.0, 0.0, 0.0, 0.0, 433.9192216633486, 0.0, 0.0, 0.0, 529.7485645940424, 537.5791622743612, 567.975462097355, 0.0, 420.29606169931446, 0.0, 0.0, 0.0, 0.0, 0.0, 428.5306171097076, 0.0, 0.0, 0.0, 0.0, 610.8692808523316, 0.0, 0.0, 0.0, 559.2906434921593, 0.0, 451.9307399576379, 0.0, 0.0, 0.0, 0.0, 0.0, 0.0, 0.0, 0.0, 0.0, 382.1668732433311, 581.9572397249914, 0.0, 624.4537315670708]
INFORMACIÓN : 14apuestaBundle [687.06129198069, 624.4537315670708, 454.75970720733073, 402.3829334632511, 385.3055393295758]
INFORMACIÓN : 14positionsBundle [2391, 1780, 780, 1132, 1938]
INFORMACIÓN : 14levelsBundle [2, 2, 2, 2, 2]
INFORMACIÓN : 14positionsOrdered [2391, 1780, 780, 1132, 1938]
INFORMACIÓN : 14levelsOrdered [2, 2, 2, 2, 2]
INFORMACIÓN : 14partialityOrdered [2, 2, 2, 2, 2]
INFORMACIÓN : 14arrivalTimes [40.44997055358225, 56.72879114968195, 76.72879114968195, 116.45241932567274, 133.5404268163078]
INFORMACIÓN : 15historia0[0.0, 0.0, 687.06129198069, 0.0, 476.34241612738947, 454.75970720733073, 0.0, 0.0, 451.9307399576379, 0.0, 385.3055393295758, 0.0, 651.0863976881205, 0.0, 0.0, 0.0, 0.0, 0.0, 450.02608950309815, 585.5451030641009, 0.0, 0.0, 0.0, 0.0, 0.0, 0.0, 0.0, 0.0, 0.0, 0.0, 0.0, 605.9332835678089, 0.0, 0.0, 0.0, 0.0, 0.0, 604.0445300778966, 0.0, 0.0, 0.0, 0.0, 0.0, 446.1871894044167, 0.0, 0.0, 567.975462097355, 478.3701006786447, 0.0, 574.5402938959734, 0.0, 0.0, 556.8814347000817, 0.0, 605.9332835678089, 0.0, 0.0, 0.0, 633.8705544587784, 0.0, 0.0, 0.0, 647.358105760649, 0.0, 0.0, 0.0, 0.0, 574.5402938959734, 0.0, 378.96786918147905, 0.0, 602.3447038169083, 0.0, 662.6979936919721, 0.0, 0.0, 0.0, 0.0, 0.0, 0.0, 0.0, 433.9192216633486, 0.0, 0.0, 402.3829334632511, 529.7485645940424, 537.5791622743612, 567.975462097355, 0.0, 420.29606169931446, 0.0, 0.0, 0.0, 0.0, 0.0, 428.5306171097076, 0.0, 0.0, 0.0, 0.0, 610.8692808523316, 0.0, 0.0, 0.0, 559.2906434921593, 0.0, 451.9307399576379, 0.0, 0.0, 0.0, 0.0, 0.0, 0.0, 0.0, 0.0, 0.0, 382.1668732433311, 581.9572397249914, 0.0, 624.4537315670708]
INFORMACIÓN : 15apuestaBundle [687.06129198069, 624.4537315670708, 454.75970720733073, 402.3829334632511, 385.3055393295758]
INFORMACIÓN : 15positionsBundle [2391, 1780, 780, 1132, 1938]
INFORMACIÓN : 15levelsBundle [2, 2, 2, 2, 2]
INFORMACIÓN : 15positionsOrdered [2391, 1780, 780, 1132, 1938]
INFORMACIÓN : 15levelsOrdered [2, 2, 2, 2, 2]
INFORMACIÓN : 15partialityOrdered [2, 2, 2, 2, 2]
INFORMACIÓN : 15arrivalTimes [40.44997055358225, 56.72879114968195, 76.72879114968195, 116.45241932567274, 133.5404268163078]
INFORMACIÓN : 16historia0[0.0, 0.0, 687.06129198069, 0.0, 476.34241612738947, 454.75970720733073, 0.0, 0.0, 451.9307399576379, 0.0, 385.3055393295758, 0.0, 651.0863976881205, 0.0, 0.0, 0.0, 0.0, 0.0, 450.02608950309815, 585.5451030641009, 0.0, 0.0, 0.0, 0.0, 0.0, 0.0, 0.0, 0.0, 0.0, 0.0, 0.0, 605.9332835678089, 0.0, 0.0, 0.0, 0.0, 0.0, 604.0445300778966, 0.0, 0.0, 0.0, 0.0, 0.0, 446.1871894044167, 0.0, 0.0, 567.975462097355, 478.3701006786447, 0.0, 574.5402938959734, 0.0, 0.0, 556.8814347000817, 0.0, 605.9332835678089, 0.0, 0.0, 0.0, 633.8705544587784, 0.0, 0.0, 0.0, 647.358105760649, 0.0, 0.0, 0.0, 0.0, 574.5402938959734, 0.0, 362.96067541465595, 0.0, 602.3447038169083, 0.0, 662.6979936919721, 0.0, 0.0, 0.0, 0.0, 0.0, 0.0, 0.0, 433.9192216633486, 0.0, 0.0, 402.3829334632511, 529.7485645940424, 537.5791622743612, 567.975462097355, 0.0, 420.29606169931446, 0.0, 0.0, 0.0, 0.0, 0.0, 428.5306171097076, 0.0, 0.0, 0.0, 0.0, 610.8692808523316, 0.0, 0.0, 0.0, 559.2906434921593, 0.0, 451.9307399576379, 0.0, 0.0, 0.0, 0.0, 0.0, 0.0, 0.0, 0.0, 0.0, 382.1668732433311, 581.9572397249914, 0.0, 624.4537315670708]
INFORMACIÓN : 16apuestaBundle [687.06129198069, 624.4537315670708, 454.75970720733073, 402.3829334632511, 385.3055393295758]
INFORMACIÓN : 16positionsBundle [2391, 1780, 780, 1132, 1938]
INFORMACIÓN : 16levelsBundle [2, 2, 2, 2, 2]
INFORMACIÓN : 16positionsOrdered [2391, 1780, 780, 1132, 1938]
INFORMACIÓN : 16levelsOrdered [2, 2, 2, 2, 2]
INFORMACIÓN : 16partialityOrdered [2, 2, 2, 2, 2]
INFORMACIÓN : 16arrivalTimes [40.44997055358225, 56.72879114968195, 76.72879114968195, 116.45241932567274, 133.5404268163078]
