----------------------------------------------------------------------
-- Log session for [myBugCoalitionsCCBBAGuaiDEF-35] started on 2018.01.04.04.50.19 --
----------------------------------------------------------------------

INFORMACIÓN : I started
INFORMACIÓN : 0apuestaBundle [651.0863976881205, 635.3224366577438, 593.9851487985874, 593.9851487985874, 588.4300173090342, 585.5451030641009]
INFORMACIÓN : 0positionsBundle [290, 2391, 1780, 1780, 974, 1199]
INFORMACIÓN : 0levelsBundle [2, 2, 2, 2, 2, 2]
INFORMACIÓN : 0positionsOrdered [290, 2391, 1780, 1780, 974, 1199]
INFORMACIÓN : 0levelsOrdered [2, 2, 2, 2, 2, 2]
INFORMACIÓN : 0partialityOrdered [2, 2, 2, 2, 2, 2]
INFORMACIÓN : 0arrivalTimes [12.649110640673518, 54.66101371587353, 70.93983431197324, 70.93983431197324, 88.02784180260831, 113.34581960495264]
INFORMACIÓN : I [IR, AB]; lost Test.myBail@1bf6517c; POS 2391; sensors [MW]; level 2 I paid 635.3224366577438in favour of28@(myturtles,myturtles,bug)@MK-202 paid 647.358105760649
INFORMACIÓN : 1historia0[0.0, 0.0, 647.358105760649, 0.0, 0.0, 0.0, 0.0, 0.0, 0.0, 0.0, 0.0, 0.0, 651.0863976881205, 0.0, 0.0, 0.0, 0.0, 0.0, 0.0, 0.0, 0.0, 0.0, 0.0, 0.0, 0.0, 0.0, 0.0, 0.0, 0.0, 0.0, 0.0, 0.0, 0.0, 0.0, 0.0, 0.0, 0.0, 0.0, 0.0, 0.0, 0.0, 0.0, 0.0, 0.0, 0.0, 0.0, 0.0, 0.0, 0.0, 0.0, 0.0, 0.0, 0.0, 0.0, 0.0, 0.0, 0.0, 0.0, 0.0, 0.0, 0.0, 0.0, 647.358105760649, 0.0, 0.0, 0.0, 0.0, 0.0, 0.0, 0.0, 0.0, 0.0, 0.0, 0.0, 0.0, 0.0, 0.0, 0.0, 0.0, 0.0, 0.0, 0.0, 0.0, 0.0, 0.0, 0.0, 0.0, 0.0, 0.0, 0.0, 0.0, 0.0, 0.0, 0.0, 0.0, 0.0, 0.0, 0.0, 0.0, 0.0, 602.2034732725475, 0.0, 0.0, 0.0, 0.0, 0.0, 0.0, 0.0, 0.0, 0.0, 0.0, 0.0, 0.0, 0.0, 0.0, 0.0, 0.0, 0.0, 0.0, 602.2034732725475]
INFORMACIÓN : 1apuestaBundle [651.0863976881205, 613.4568233081102, 585.5451030641009, 562.7297635366594, 546.2942768910248, 546.2942768910248]
INFORMACIÓN : 1positionsBundle [290, 974, 1199, 638, 1853, 1853]
INFORMACIÓN : 1levelsBundle [2, 2, 2, 2, 2, 2]
INFORMACIÓN : 1positionsOrdered [290, 974, 1199, 638, 1853, 1853]
INFORMACIÓN : 1levelsOrdered [2, 2, 2, 2, 2, 2]
INFORMACIÓN : 1partialityOrdered [2, 2, 2, 2, 2, 2]
INFORMACIÓN : 1arrivalTimes [12.649110640673518, 33.90940226614282, 59.22738006848715, 74.7837292545912, 117.79535558980433, 117.79535558980433]
INFORMACIÓN : coalSat position 290 level 2
INFORMACIÓN : I [IR, AB]; lost Test.myBail@12707f60; POS 290; sensors [MW]; level 2 I paid 651.0863976881205in favour ofnull paid 651.0863976881205
INFORMACIÓN : 2historia0[0.0, 0.0, 687.06129198069, 0.0, 0.0, 0.0, 0.0, 0.0, 0.0, 0.0, 0.0, 0.0, 0.0, 0.0, 0.0, 0.0, 0.0, 0.0, 0.0, 0.0, 0.0, 0.0, 0.0, 0.0, 0.0, 0.0, 0.0, 0.0, 0.0, 0.0, 0.0, 573.5797589903639, 0.0, 0.0, 0.0, 0.0, 0.0, 582.7607281756507, 0.0, 0.0, 0.0, 0.0, 0.0, 0.0, 0.0, 0.0, 0.0, 0.0, 0.0, 0.0, 0.0, 0.0, 0.0, 0.0, 0.0, 0.0, 0.0, 0.0, 633.8705544587784, 0.0, 0.0, 0.0, 0.0, 0.0, 0.0, 0.0, 0.0, 0.0, 0.0, 0.0, 0.0, 582.7607281756507, 0.0, 662.6979936919721, 0.0, 0.0, 0.0, 0.0, 0.0, 0.0, 0.0, 0.0, 0.0, 0.0, 0.0, 0.0, 0.0, 0.0, 0.0, 0.0, 0.0, 0.0, 0.0, 0.0, 0.0, 0.0, 0.0, 0.0, 0.0, 0.0, 0.0, 0.0, 0.0, 0.0, 0.0, 0.0, 0.0, 0.0, 0.0, 0.0, 0.0, 0.0, 0.0, 0.0, 0.0, 0.0, 0.0, 0.0, 0.0, 602.2034732725475]
INFORMACIÓN : 2apuestaBundle [651.0863976881205, 585.5451030641009, 572.3953511634581, 532.1928329547625, 531.7965164310924, 531.7965164310924]
INFORMACIÓN : 2positionsBundle [290, 1199, 638, 1168, 566, 566]
INFORMACIÓN : 2levelsBundle [2, 2, 2, 2, 2, 2]
INFORMACIÓN : 2positionsOrdered [290, 1199, 638, 1168, 566, 566]
INFORMACIÓN : 2levelsOrdered [2, 2, 2, 2, 2, 2]
INFORMACIÓN : 2partialityOrdered [2, 2, 2, 2, 2, 2]
INFORMACIÓN : 2arrivalTimes [12.649110640673518, 32.773722438171625, 48.33007162427567, 71.15549604530233, 83.32102110589877, 83.32102110589877]
INFORMACIÓN : coalSat position 1199 level 2
INFORMACIÓN : timeSat position 1199 level 2
INFORMACIÓN : I [IR, AB]; lost Test.myBail@71f17bef; POS 1199; sensors [MW]; level 2 I paid 585.5451030641009in favour ofnull paid 585.5451030641009
INFORMACIÓN : 3historia0[0.0, 0.0, 687.06129198069, 0.0, 0.0, 0.0, 0.0, 0.0, 0.0, 0.0, 0.0, 0.0, 651.0863976881205, 0.0, 0.0, 0.0, 0.0, 0.0, 0.0, 0.0, 0.0, 0.0, 0.0, 0.0, 0.0, 0.0, 0.0, 0.0, 0.0, 0.0, 0.0, 605.9332835678089, 0.0, 0.0, 0.0, 0.0, 0.0, 604.0445300778966, 0.0, 0.0, 0.0, 0.0, 0.0, 0.0, 0.0, 0.0, 0.0, 0.0, 0.0, 574.5402938959734, 0.0, 0.0, 556.8814347000817, 0.0, 605.9332835678089, 0.0, 0.0, 0.0, 633.8705544587784, 0.0, 0.0, 0.0, 647.358105760649, 0.0, 0.0, 0.0, 0.0, 574.5402938959734, 0.0, 0.0, 0.0, 582.7607281756507, 0.0, 662.6979936919721, 0.0, 0.0, 0.0, 0.0, 0.0, 0.0, 0.0, 0.0, 0.0, 0.0, 0.0, 0.0, 537.5791622743612, 0.0, 0.0, 0.0, 0.0, 0.0, 0.0, 0.0, 0.0, 0.0, 0.0, 0.0, 0.0, 0.0, 602.2034732725475, 0.0, 0.0, 0.0, 556.8814347000817, 0.0, 0.0, 0.0, 0.0, 0.0, 0.0, 0.0, 0.0, 0.0, 0.0, 0.0, 0.0, 581.9572397249914, 0.0, 624.1914156765212]
INFORMACIÓN : 3apuestaBundle [651.0863976881205, 585.5451030641009, 529.7485645940424, 522.3916987459431, 522.3916987459431, 476.34241612738947]
INFORMACIÓN : 3positionsBundle [290, 1199, 992, 566, 566, 780]
INFORMACIÓN : 3levelsBundle [2, 2, 2, 2, 2, 2]
INFORMACIÓN : 3positionsOrdered [290, 992, 1199, 566, 566, 780]
INFORMACIÓN : 3levelsOrdered [2, 2, 2, 2, 2, 2]
INFORMACIÓN : 3partialityOrdered [2, 2, 2, 2, 2, 2]
INFORMACIÓN : 3arrivalTimes [12.649110640673518, 26.79124626440447, 55.22738006848715, 90.34147980064603, 90.34147980064603, 104.90169957920706]
INFORMACIÓN : I [IR, AB]; lost Test.myBail@767e5d79; POS 780; sensors [MW]; level 2 I paid 476.34241612738947in favour of40@(myturtles,myturtles,bug)@MK-202 paid 481.5766554891293
INFORMACIÓN : 4historia0[0.0, 0.0, 687.06129198069, 0.0, 481.5766554891293, 0.0, 0.0, 0.0, 0.0, 0.0, 0.0, 0.0, 651.0863976881205, 0.0, 0.0, 0.0, 0.0, 0.0, 450.02608950309815, 585.5451030641009, 0.0, 0.0, 0.0, 0.0, 0.0, 0.0, 0.0, 0.0, 0.0, 0.0, 0.0, 605.9332835678089, 0.0, 0.0, 0.0, 0.0, 0.0, 604.0445300778966, 0.0, 0.0, 0.0, 0.0, 0.0, 0.0, 0.0, 0.0, 522.3916987459431, 450.02608950309815, 0.0, 574.5402938959734, 0.0, 0.0, 0.0, 0.0, 605.9332835678089, 0.0, 0.0, 0.0, 633.8705544587784, 0.0, 0.0, 0.0, 647.358105760649, 0.0, 0.0, 0.0, 0.0, 574.5402938959734, 0.0, 0.0, 0.0, 0.0, 0.0, 662.6979936919721, 0.0, 0.0, 0.0, 0.0, 0.0, 0.0, 0.0, 0.0, 0.0, 0.0, 0.0, 529.7485645940424, 0.0, 522.3916987459431, 0.0, 0.0, 0.0, 0.0, 0.0, 0.0, 0.0, 0.0, 0.0, 0.0, 0.0, 0.0, 610.8692808523316, 0.0, 0.0, 0.0, 559.2906434921593, 0.0, 0.0, 0.0, 0.0, 0.0, 0.0, 0.0, 0.0, 0.0, 0.0, 0.0, 0.0, 581.9572397249914, 0.0, 0.0]
INFORMACIÓN : 4apuestaBundle [651.0863976881205, 585.5451030641009, 529.7485645940424, 522.3916987459431, 522.3916987459431, 529.7485645940424, 433.9192216633486]
INFORMACIÓN : 4positionsBundle [290, 1199, 992, 566, 566, 992, 1036]
INFORMACIÓN : 4levelsBundle [2, 2, 2, 2, 2, 2, 2]
INFORMACIÓN : 4positionsOrdered [290, 992, 992, 1036, 1199, 566, 566]
INFORMACIÓN : 4levelsOrdered [2, 2, 2, 2, 2, 2, 2]
INFORMACIÓN : 4partialityOrdered [2, 2, 2, 2, 2, 2, 2]
INFORMACIÓN : 4arrivalTimes [12.649110640673518, 26.79124626440447, 26.79124626440447, 32.87400879470269, 55.22738006848715, 90.34147980064603, 90.34147980064603]
INFORMACIÓN : coalSat position 992 level 2
INFORMACIÓN : I [IR, AB]; lost Test.myBail@767c4dd1; POS 992; sensors [AB]; level 2 I paid 529.7485645940424in favour ofnull paid 529.7485645940424
INFORMACIÓN : 5historia0[0.0, 0.0, 687.06129198069, 0.0, 481.5766554891293, 0.0, 0.0, 0.0, 0.0, 0.0, 0.0, 0.0, 651.0863976881205, 0.0, 0.0, 0.0, 0.0, 0.0, 0.0, 585.5451030641009, 0.0, 0.0, 0.0, 0.0, 0.0, 0.0, 0.0, 0.0, 0.0, 0.0, 0.0, 605.9332835678089, 0.0, 0.0, 0.0, 0.0, 0.0, 604.0445300778966, 0.0, 0.0, 0.0, 0.0, 0.0, 0.0, 0.0, 0.0, 542.9377417392209, 0.0, 0.0, 574.5402938959734, 0.0, 0.0, 556.8814347000817, 0.0, 605.9332835678089, 0.0, 0.0, 0.0, 633.8705544587784, 0.0, 0.0, 0.0, 647.358105760649, 0.0, 0.0, 0.0, 0.0, 574.5402938959734, 0.0, 0.0, 0.0, 0.0, 0.0, 662.6979936919721, 0.0, 0.0, 0.0, 0.0, 0.0, 0.0, 0.0, 0.0, 0.0, 0.0, 0.0, 0.0, 537.5791622743612, 542.9377417392209, 0.0, 0.0, 0.0, 0.0, 0.0, 0.0, 0.0, 0.0, 0.0, 0.0, 0.0, 0.0, 0.0, 0.0, 0.0, 0.0, 559.2906434921593, 0.0, 0.0, 0.0, 0.0, 0.0, 0.0, 0.0, 0.0, 0.0, 0.0, 0.0, 0.0, 581.9572397249914, 0.0, 624.4537315670708]
INFORMACIÓN : 5apuestaBundle [651.0863976881205, 585.5451030641009, 529.7485645940424, 433.9192216633486, 431.9899373291901]
INFORMACIÓN : 5positionsBundle [290, 1199, 992, 1036, 545]
INFORMACIÓN : 5levelsBundle [2, 2, 2, 2, 2]
INFORMACIÓN : 5positionsOrdered [290, 992, 1036, 1199, 545]
INFORMACIÓN : 5levelsOrdered [2, 2, 2, 2, 2]
INFORMACIÓN : 5partialityOrdered [2, 2, 2, 2, 2]
INFORMACIÓN : 5arrivalTimes [12.649110640673518, 26.79124626440447, 32.87400879470269, 55.22738006848715, 68.8288505772226]
INFORMACIÓN : I [IR, AB]; lost Test.myBail@5f932f46; POS 545; sensors [MW]; level 2 I paid 431.9899373291901in favour of31@(myturtles,myturtles,bug)@MK-202 paid 451.9307399576379
INFORMACIÓN : 6historia0[0.0, 0.0, 687.06129198069, 0.0, 456.426013733874, 0.0, 0.0, 0.0, 451.9307399576379, 0.0, 414.2863106345035, 0.0, 651.0863976881205, 0.0, 0.0, 0.0, 0.0, 0.0, 410.7078453803807, 585.5451030641009, 0.0, 0.0, 0.0, 0.0, 0.0, 0.0, 0.0, 0.0, 0.0, 0.0, 0.0, 605.9332835678089, 0.0, 0.0, 0.0, 0.0, 0.0, 604.0445300778966, 0.0, 0.0, 0.0, 0.0, 0.0, 0.0, 0.0, 0.0, 567.6627534574804, 0.0, 0.0, 574.5402938959734, 0.0, 0.0, 556.8814347000817, 0.0, 605.9332835678089, 0.0, 0.0, 0.0, 633.8705544587784, 0.0, 0.0, 0.0, 647.358105760649, 0.0, 0.0, 0.0, 0.0, 574.5402938959734, 0.0, 0.0, 0.0, 0.0, 0.0, 662.6979936919721, 0.0, 0.0, 0.0, 0.0, 0.0, 0.0, 0.0, 433.9192216633486, 0.0, 0.0, 0.0, 529.7485645940424, 537.5791622743612, 567.6627534574804, 0.0, 0.0, 0.0, 0.0, 0.0, 0.0, 0.0, 0.0, 0.0, 0.0, 0.0, 0.0, 610.8692808523316, 0.0, 0.0, 0.0, 548.498881325964, 0.0, 451.9307399576379, 0.0, 0.0, 0.0, 0.0, 0.0, 0.0, 0.0, 0.0, 0.0, 402.0695836597357, 581.9572397249914, 0.0, 624.4537315670708]
INFORMACIÓN : 6apuestaBundle [651.0863976881205, 585.5451030641009, 529.7485645940424, 433.9192216633486, 476.34241612738947]
INFORMACIÓN : 6positionsBundle [290, 1199, 992, 1036, 780]
INFORMACIÓN : 6levelsBundle [2, 2, 2, 2, 2]
INFORMACIÓN : 6positionsOrdered [290, 992, 1036, 1199, 780]
INFORMACIÓN : 6levelsOrdered [2, 2, 2, 2, 2]
INFORMACIÓN : 6partialityOrdered [2, 2, 2, 2, 2]
INFORMACIÓN : 6arrivalTimes [12.649110640673518, 26.79124626440447, 32.87400879470269, 55.22738006848715, 75.84290819657545]
INFORMACIÓN : 7historia0[0.0, 0.0, 687.06129198069, 0.0, 476.34241612738947, 0.0, 0.0, 0.0, 451.9307399576379, 0.0, 414.2863106345035, 0.0, 651.0863976881205, 0.0, 0.0, 0.0, 0.0, 0.0, 450.02608950309815, 585.5451030641009, 0.0, 0.0, 0.0, 0.0, 0.0, 0.0, 0.0, 0.0, 0.0, 0.0, 0.0, 605.9332835678089, 0.0, 0.0, 0.0, 0.0, 0.0, 0.0, 0.0, 0.0, 0.0, 0.0, 0.0, 0.0, 0.0, 0.0, 533.3450237488817, 450.02608950309815, 0.0, 574.5402938959734, 0.0, 0.0, 0.0, 0.0, 605.9332835678089, 0.0, 0.0, 0.0, 633.8705544587784, 0.0, 0.0, 0.0, 647.358105760649, 0.0, 0.0, 0.0, 0.0, 574.5402938959734, 0.0, 0.0, 0.0, 582.7607281756507, 0.0, 662.6979936919721, 0.0, 0.0, 0.0, 0.0, 0.0, 0.0, 0.0, 433.9192216633486, 0.0, 0.0, 0.0, 529.7485645940424, 537.5791622743612, 533.3450237488817, 0.0, 0.0, 0.0, 0.0, 0.0, 0.0, 0.0, 0.0, 0.0, 0.0, 0.0, 0.0, 610.8692808523316, 0.0, 0.0, 0.0, 553.8577090045922, 0.0, 451.9307399576379, 0.0, 0.0, 0.0, 0.0, 0.0, 0.0, 0.0, 0.0, 0.0, 0.0, 581.9572397249914, 0.0, 624.4537315670708]
INFORMACIÓN : 7apuestaBundle [651.0863976881205, 585.5451030641009, 529.7485645940424, 433.9192216633486, 476.34241612738947]
INFORMACIÓN : 7positionsBundle [290, 1199, 992, 1036, 780]
INFORMACIÓN : 7levelsBundle [2, 2, 2, 2, 2]
INFORMACIÓN : 7positionsOrdered [290, 992, 1036, 1199, 780]
INFORMACIÓN : 7levelsOrdered [2, 2, 2, 2, 2]
INFORMACIÓN : 7partialityOrdered [2, 2, 2, 2, 2]
INFORMACIÓN : 7arrivalTimes [12.649110640673518, 26.79124626440447, 32.87400879470269, 55.22738006848715, 75.84290819657545]
INFORMACIÓN : 8historia0[0.0, 0.0, 687.06129198069, 0.0, 476.34241612738947, 0.0, 0.0, 0.0, 451.9307399576379, 0.0, 414.2863106345035, 0.0, 651.0863976881205, 0.0, 0.0, 0.0, 0.0, 0.0, 450.02608950309815, 585.5451030641009, 0.0, 0.0, 0.0, 0.0, 0.0, 0.0, 0.0, 0.0, 0.0, 0.0, 0.0, 605.9332835678089, 0.0, 0.0, 0.0, 0.0, 0.0, 582.7607281756507, 0.0, 0.0, 0.0, 0.0, 0.0, 0.0, 0.0, 0.0, 533.3450237488817, 450.02608950309815, 0.0, 574.5402938959734, 0.0, 0.0, 516.0231503911963, 0.0, 605.9332835678089, 0.0, 0.0, 0.0, 633.8705544587784, 0.0, 0.0, 0.0, 647.358105760649, 0.0, 0.0, 0.0, 0.0, 574.5402938959734, 0.0, 0.0, 0.0, 0.0, 0.0, 662.6979936919721, 0.0, 0.0, 0.0, 0.0, 0.0, 0.0, 0.0, 433.9192216633486, 0.0, 0.0, 0.0, 529.7485645940424, 537.5791622743612, 533.3450237488817, 0.0, 0.0, 0.0, 0.0, 0.0, 0.0, 0.0, 0.0, 0.0, 0.0, 0.0, 0.0, 610.8692808523316, 0.0, 0.0, 0.0, 553.8577090045922, 0.0, 451.9307399576379, 0.0, 0.0, 0.0, 0.0, 0.0, 0.0, 0.0, 0.0, 0.0, 0.0, 581.9572397249914, 0.0, 624.4537315670708]
INFORMACIÓN : 8apuestaBundle [651.0863976881205, 585.5451030641009, 529.7485645940424, 433.9192216633486, 476.34241612738947]
INFORMACIÓN : 8positionsBundle [290, 1199, 992, 1036, 780]
INFORMACIÓN : 8levelsBundle [2, 2, 2, 2, 2]
INFORMACIÓN : 8positionsOrdered [290, 992, 1036, 1199, 780]
INFORMACIÓN : 8levelsOrdered [2, 2, 2, 2, 2]
INFORMACIÓN : 8partialityOrdered [2, 2, 2, 2, 2]
INFORMACIÓN : 8arrivalTimes [12.649110640673518, 26.79124626440447, 32.87400879470269, 55.22738006848715, 75.84290819657545]
INFORMACIÓN : 9historia0[0.0, 0.0, 687.06129198069, 0.0, 476.34241612738947, 0.0, 0.0, 0.0, 451.9307399576379, 0.0, 414.2863106345035, 0.0, 651.0863976881205, 0.0, 0.0, 0.0, 0.0, 0.0, 450.02608950309815, 585.5451030641009, 0.0, 0.0, 0.0, 0.0, 0.0, 0.0, 0.0, 0.0, 0.0, 0.0, 0.0, 605.9332835678089, 0.0, 0.0, 0.0, 0.0, 0.0, 604.0445300778966, 0.0, 0.0, 0.0, 0.0, 0.0, 0.0, 0.0, 0.0, 533.3450237488817, 450.02608950309815, 0.0, 574.5402938959734, 0.0, 0.0, 0.0, 0.0, 605.9332835678089, 0.0, 0.0, 0.0, 633.8705544587784, 0.0, 0.0, 0.0, 647.358105760649, 0.0, 0.0, 0.0, 0.0, 574.5402938959734, 0.0, 0.0, 0.0, 582.7607281756507, 0.0, 662.6979936919721, 0.0, 0.0, 0.0, 0.0, 0.0, 0.0, 0.0, 433.9192216633486, 0.0, 0.0, 0.0, 529.7485645940424, 537.5791622743612, 533.3450237488817, 0.0, 0.0, 0.0, 0.0, 0.0, 0.0, 0.0, 0.0, 0.0, 0.0, 0.0, 0.0, 610.8692808523316, 0.0, 0.0, 0.0, 553.8577090045922, 0.0, 451.9307399576379, 0.0, 0.0, 0.0, 0.0, 0.0, 0.0, 0.0, 0.0, 0.0, 0.0, 581.9572397249914, 0.0, 624.4537315670708]
INFORMACIÓN : 9apuestaBundle [651.0863976881205, 585.5451030641009, 529.7485645940424, 433.9192216633486, 476.34241612738947]
INFORMACIÓN : 9positionsBundle [290, 1199, 992, 1036, 780]
INFORMACIÓN : 9levelsBundle [2, 2, 2, 2, 2]
INFORMACIÓN : 9positionsOrdered [290, 992, 1036, 1199, 780]
INFORMACIÓN : 9levelsOrdered [2, 2, 2, 2, 2]
INFORMACIÓN : 9partialityOrdered [2, 2, 2, 2, 2]
INFORMACIÓN : 9arrivalTimes [12.649110640673518, 26.79124626440447, 32.87400879470269, 55.22738006848715, 75.84290819657545]
INFORMACIÓN : coalSat position 780 level 2
INFORMACIÓN : I [IR, AB]; lost Test.myBail@767e5d79; POS 780; sensors [MW]; level 2 I paid 476.34241612738947in favour ofnull paid 476.34241612738947
INFORMACIÓN : 10historia0[0.0, 0.0, 687.06129198069, 0.0, 0.0, 454.75970720733073, 0.0, 0.0, 451.9307399576379, 0.0, 414.2863106345035, 0.0, 651.0863976881205, 0.0, 0.0, 0.0, 0.0, 0.0, 450.02608950309815, 585.5451030641009, 0.0, 0.0, 0.0, 0.0, 0.0, 0.0, 0.0, 0.0, 0.0, 0.0, 0.0, 605.9332835678089, 0.0, 0.0, 0.0, 0.0, 0.0, 0.0, 0.0, 0.0, 0.0, 0.0, 0.0, 371.0613589920255, 0.0, 0.0, 567.975462097355, 450.02608950309815, 0.0, 574.5402938959734, 0.0, 0.0, 0.0, 0.0, 605.9332835678089, 0.0, 0.0, 0.0, 633.8705544587784, 0.0, 0.0, 0.0, 647.358105760649, 0.0, 0.0, 0.0, 0.0, 574.5402938959734, 0.0, 0.0, 0.0, 602.3447038169083, 0.0, 662.6979936919721, 0.0, 0.0, 0.0, 0.0, 0.0, 0.0, 0.0, 433.9192216633486, 0.0, 0.0, 0.0, 529.7485645940424, 537.5791622743612, 567.975462097355, 0.0, 0.0, 0.0, 0.0, 0.0, 0.0, 0.0, 0.0, 0.0, 0.0, 0.0, 0.0, 610.8692808523316, 0.0, 0.0, 0.0, 559.2906434921593, 0.0, 451.9307399576379, 0.0, 0.0, 0.0, 0.0, 0.0, 0.0, 0.0, 0.0, 0.0, 382.1668732433311, 581.9572397249914, 0.0, 624.4537315670708]
INFORMACIÓN : 10apuestaBundle [651.0863976881205, 585.5451030641009, 529.7485645940424, 433.9192216633486, 476.34241612738947]
INFORMACIÓN : 10positionsBundle [290, 1199, 992, 1036, 780]
INFORMACIÓN : 10levelsBundle [2, 2, 2, 2, 2]
INFORMACIÓN : 10positionsOrdered [290, 992, 1036, 1199, 780]
INFORMACIÓN : 10levelsOrdered [2, 2, 2, 2, 2]
INFORMACIÓN : 10partialityOrdered [2, 2, 2, 2, 2]
INFORMACIÓN : 10arrivalTimes [12.649110640673518, 26.79124626440447, 32.87400879470269, 55.22738006848715, 75.84290819657545]
INFORMACIÓN : 11historia0[0.0, 0.0, 687.06129198069, 0.0, 476.34241612738947, 454.75970720733073, 0.0, 0.0, 451.9307399576379, 0.0, 414.2863106345035, 0.0, 651.0863976881205, 0.0, 0.0, 0.0, 0.0, 0.0, 450.02608950309815, 585.5451030641009, 0.0, 0.0, 0.0, 0.0, 0.0, 0.0, 0.0, 0.0, 0.0, 0.0, 0.0, 605.9332835678089, 0.0, 0.0, 0.0, 0.0, 0.0, 604.0445300778966, 0.0, 0.0, 0.0, 0.0, 0.0, 0.0, 0.0, 0.0, 567.975462097355, 478.3701006786447, 0.0, 574.5402938959734, 0.0, 0.0, 556.8814347000817, 0.0, 605.9332835678089, 0.0, 0.0, 0.0, 633.8705544587784, 0.0, 0.0, 0.0, 647.358105760649, 0.0, 0.0, 0.0, 0.0, 574.5402938959734, 0.0, 0.0, 0.0, 0.0, 0.0, 662.6979936919721, 0.0, 0.0, 0.0, 0.0, 0.0, 0.0, 0.0, 433.9192216633486, 0.0, 0.0, 402.3829334632511, 529.7485645940424, 537.5791622743612, 567.975462097355, 0.0, 420.29606169931446, 0.0, 0.0, 0.0, 0.0, 0.0, 0.0, 0.0, 0.0, 0.0, 0.0, 610.8692808523316, 0.0, 0.0, 0.0, 559.2906434921593, 0.0, 451.9307399576379, 0.0, 0.0, 0.0, 0.0, 0.0, 0.0, 0.0, 0.0, 0.0, 0.0, 581.9572397249914, 0.0, 624.4537315670708]
INFORMACIÓN : 11apuestaBundle [651.0863976881205, 585.5451030641009, 529.7485645940424, 433.9192216633486, 476.34241612738947]
INFORMACIÓN : 11positionsBundle [290, 1199, 992, 1036, 780]
INFORMACIÓN : 11levelsBundle [2, 2, 2, 2, 2]
INFORMACIÓN : 11positionsOrdered [290, 992, 1036, 1199, 780]
INFORMACIÓN : 11levelsOrdered [2, 2, 2, 2, 2]
INFORMACIÓN : 11partialityOrdered [2, 2, 2, 2, 2]
INFORMACIÓN : 11arrivalTimes [12.649110640673518, 26.79124626440447, 32.87400879470269, 55.22738006848715, 75.84290819657545]
INFORMACIÓN : 12historia0[0.0, 0.0, 687.06129198069, 0.0, 476.34241612738947, 454.75970720733073, 0.0, 0.0, 451.9307399576379, 0.0, 414.2863106345035, 0.0, 651.0863976881205, 0.0, 0.0, 0.0, 0.0, 0.0, 450.02608950309815, 585.5451030641009, 0.0, 0.0, 0.0, 0.0, 0.0, 0.0, 0.0, 0.0, 0.0, 0.0, 0.0, 605.9332835678089, 0.0, 0.0, 0.0, 0.0, 0.0, 604.0445300778966, 0.0, 0.0, 0.0, 0.0, 0.0, 371.0613589920255, 0.0, 0.0, 567.975462097355, 478.3701006786447, 0.0, 574.5402938959734, 0.0, 0.0, 556.8814347000817, 0.0, 605.9332835678089, 0.0, 0.0, 0.0, 633.8705544587784, 0.0, 0.0, 0.0, 647.358105760649, 0.0, 0.0, 0.0, 0.0, 574.5402938959734, 0.0, 0.0, 0.0, 602.3447038169083, 0.0, 662.6979936919721, 0.0, 0.0, 0.0, 0.0, 0.0, 0.0, 0.0, 433.9192216633486, 0.0, 0.0, 402.3829334632511, 529.7485645940424, 537.5791622743612, 567.975462097355, 0.0, 420.29606169931446, 0.0, 0.0, 0.0, 0.0, 0.0, 0.0, 0.0, 0.0, 0.0, 0.0, 610.8692808523316, 0.0, 0.0, 0.0, 559.2906434921593, 0.0, 451.9307399576379, 0.0, 0.0, 0.0, 0.0, 0.0, 0.0, 0.0, 0.0, 0.0, 382.1668732433311, 581.9572397249914, 0.0, 624.4537315670708]
INFORMACIÓN : 12apuestaBundle [651.0863976881205, 585.5451030641009, 529.7485645940424, 433.9192216633486, 476.34241612738947]
INFORMACIÓN : 12positionsBundle [290, 1199, 992, 1036, 780]
INFORMACIÓN : 12levelsBundle [2, 2, 2, 2, 2]
INFORMACIÓN : 12positionsOrdered [290, 992, 1036, 1199, 780]
INFORMACIÓN : 12levelsOrdered [2, 2, 2, 2, 2]
INFORMACIÓN : 12partialityOrdered [2, 2, 2, 2, 2]
INFORMACIÓN : 12arrivalTimes [12.649110640673518, 26.79124626440447, 32.87400879470269, 55.22738006848715, 75.84290819657545]
INFORMACIÓN : depSat position 1036 level 2
INFORMACIÓN : I [IR, AB]; lost Test.myBail@553ff89f; POS 1036; sensors [MW]; level 2 I paid 433.9192216633486in favour ofnull paid 433.9192216633486
INFORMACIÓN : 13historia0[0.0, 0.0, 687.06129198069, 0.0, 0.0, 0.0, 0.0, 0.0, 451.9307399576379, 0.0, 0.0, 0.0, 651.0863976881205, 0.0, 0.0, 0.0, 0.0, 0.0, 450.02608950309815, 585.5451030641009, 0.0, 0.0, 0.0, 0.0, 0.0, 0.0, 0.0, 0.0, 0.0, 0.0, 0.0, 605.9332835678089, 0.0, 0.0, 0.0, 0.0, 0.0, 604.0445300778966, 0.0, 0.0, 0.0, 0.0, 0.0, 446.1871894044167, 0.0, 0.0, 567.975462097355, 478.3701006786447, 0.0, 574.5402938959734, 0.0, 0.0, 556.8814347000817, 0.0, 605.9332835678089, 0.0, 0.0, 0.0, 633.8705544587784, 0.0, 0.0, 0.0, 647.358105760649, 0.0, 0.0, 0.0, 0.0, 574.5402938959734, 0.0, 0.0, 0.0, 602.3447038169083, 0.0, 662.6979936919721, 0.0, 0.0, 0.0, 0.0, 0.0, 0.0, 0.0, 0.0, 0.0, 0.0, 0.0, 529.7485645940424, 537.5791622743612, 567.975462097355, 0.0, 420.29606169931446, 0.0, 0.0, 0.0, 0.0, 0.0, 428.5306171097076, 0.0, 0.0, 0.0, 0.0, 610.8692808523316, 0.0, 0.0, 0.0, 559.2906434921593, 0.0, 451.9307399576379, 0.0, 0.0, 0.0, 0.0, 0.0, 0.0, 0.0, 0.0, 0.0, 382.1668732433311, 581.9572397249914, 0.0, 624.4537315670708]
INFORMACIÓN : 13apuestaBundle [651.0863976881205, 585.5451030641009, 529.7485645940424, 476.34241612738947, 433.9192216633486]
INFORMACIÓN : 13positionsBundle [290, 1199, 992, 780, 1036]
INFORMACIÓN : 13levelsBundle [2, 2, 2, 2, 2]
INFORMACIÓN : 13positionsOrdered [290, 992, 1036, 1199, 780]
INFORMACIÓN : 13levelsOrdered [2, 2, 2, 2, 2]
INFORMACIÓN : 13partialityOrdered [2, 2, 2, 2, 2]
INFORMACIÓN : 13arrivalTimes [12.649110640673518, 26.79124626440447, 32.87400879470269, 55.22738006848715, 75.84290819657545]
INFORMACIÓN : coalSat position 780 level 2
INFORMACIÓN : I [IR, AB]; lost Test.myBail@767e5d79; POS 780; sensors [MW]; level 2 I paid 476.34241612738947in favour ofnull paid 476.34241612738947
INFORMACIÓN : 14historia0[0.0, 0.0, 687.06129198069, 0.0, 0.0, 454.75970720733073, 0.0, 0.0, 451.9307399576379, 0.0, 0.0, 0.0, 651.0863976881205, 0.0, 0.0, 0.0, 0.0, 0.0, 450.02608950309815, 585.5451030641009, 0.0, 0.0, 0.0, 0.0, 0.0, 0.0, 0.0, 0.0, 0.0, 0.0, 0.0, 605.9332835678089, 0.0, 0.0, 0.0, 0.0, 0.0, 604.0445300778966, 0.0, 0.0, 0.0, 0.0, 0.0, 446.1871894044167, 0.0, 0.0, 567.975462097355, 478.3701006786447, 0.0, 574.5402938959734, 0.0, 0.0, 556.8814347000817, 0.0, 605.9332835678089, 0.0, 0.0, 0.0, 633.8705544587784, 0.0, 0.0, 0.0, 647.358105760649, 0.0, 0.0, 0.0, 0.0, 574.5402938959734, 0.0, 378.96786918147905, 0.0, 602.3447038169083, 0.0, 662.6979936919721, 0.0, 0.0, 0.0, 0.0, 0.0, 0.0, 0.0, 0.0, 0.0, 0.0, 0.0, 529.7485645940424, 537.5791622743612, 567.975462097355, 0.0, 420.29606169931446, 0.0, 0.0, 0.0, 0.0, 0.0, 428.5306171097076, 0.0, 0.0, 0.0, 0.0, 610.8692808523316, 0.0, 0.0, 0.0, 559.2906434921593, 0.0, 451.9307399576379, 0.0, 0.0, 0.0, 0.0, 0.0, 0.0, 0.0, 0.0, 0.0, 382.1668732433311, 581.9572397249914, 0.0, 624.4537315670708]
INFORMACIÓN : 14apuestaBundle [651.0863976881205, 585.5451030641009, 529.7485645940424, 476.34241612738947, 433.9192216633486]
INFORMACIÓN : 14positionsBundle [290, 1199, 992, 780, 1036]
INFORMACIÓN : 14levelsBundle [2, 2, 2, 2, 2]
INFORMACIÓN : 14positionsOrdered [290, 992, 1036, 1199, 780]
INFORMACIÓN : 14levelsOrdered [2, 2, 2, 2, 2]
INFORMACIÓN : 14partialityOrdered [2, 2, 2, 2, 2]
INFORMACIÓN : 14arrivalTimes [12.649110640673518, 26.79124626440447, 32.87400879470269, 55.22738006848715, 75.84290819657545]
INFORMACIÓN : 15historia0[0.0, 0.0, 687.06129198069, 0.0, 476.34241612738947, 454.75970720733073, 0.0, 0.0, 451.9307399576379, 0.0, 385.3055393295758, 0.0, 651.0863976881205, 0.0, 0.0, 0.0, 0.0, 0.0, 450.02608950309815, 585.5451030641009, 0.0, 0.0, 0.0, 0.0, 0.0, 0.0, 0.0, 0.0, 0.0, 0.0, 0.0, 605.9332835678089, 0.0, 0.0, 0.0, 0.0, 0.0, 604.0445300778966, 0.0, 0.0, 0.0, 0.0, 0.0, 446.1871894044167, 0.0, 0.0, 567.975462097355, 478.3701006786447, 0.0, 574.5402938959734, 0.0, 0.0, 556.8814347000817, 0.0, 605.9332835678089, 0.0, 0.0, 0.0, 633.8705544587784, 0.0, 0.0, 0.0, 647.358105760649, 0.0, 0.0, 0.0, 0.0, 574.5402938959734, 0.0, 0.0, 0.0, 602.3447038169083, 0.0, 662.6979936919721, 0.0, 0.0, 0.0, 0.0, 0.0, 0.0, 0.0, 433.9192216633486, 0.0, 0.0, 402.3829334632511, 529.7485645940424, 537.5791622743612, 567.975462097355, 0.0, 420.29606169931446, 0.0, 0.0, 0.0, 0.0, 0.0, 428.5306171097076, 0.0, 0.0, 0.0, 0.0, 610.8692808523316, 0.0, 0.0, 0.0, 559.2906434921593, 0.0, 451.9307399576379, 0.0, 0.0, 0.0, 0.0, 0.0, 0.0, 0.0, 0.0, 0.0, 0.0, 581.9572397249914, 0.0, 624.4537315670708]
INFORMACIÓN : 15apuestaBundle [651.0863976881205, 585.5451030641009, 529.7485645940424, 476.34241612738947, 433.9192216633486]
INFORMACIÓN : 15positionsBundle [290, 1199, 992, 780, 1036]
INFORMACIÓN : 15levelsBundle [2, 2, 2, 2, 2]
INFORMACIÓN : 15positionsOrdered [290, 992, 1036, 1199, 780]
INFORMACIÓN : 15levelsOrdered [2, 2, 2, 2, 2]
INFORMACIÓN : 15partialityOrdered [2, 2, 2, 2, 2]
INFORMACIÓN : 15arrivalTimes [12.649110640673518, 26.79124626440447, 32.87400879470269, 55.22738006848715, 75.84290819657545]
INFORMACIÓN : 16historia0[0.0, 0.0, 687.06129198069, 0.0, 476.34241612738947, 454.75970720733073, 0.0, 0.0, 451.9307399576379, 0.0, 385.3055393295758, 0.0, 651.0863976881205, 0.0, 0.0, 0.0, 0.0, 0.0, 450.02608950309815, 585.5451030641009, 0.0, 0.0, 0.0, 0.0, 0.0, 0.0, 0.0, 0.0, 0.0, 0.0, 0.0, 605.9332835678089, 0.0, 0.0, 0.0, 0.0, 0.0, 604.0445300778966, 0.0, 0.0, 0.0, 0.0, 0.0, 446.1871894044167, 0.0, 0.0, 567.975462097355, 478.3701006786447, 0.0, 574.5402938959734, 0.0, 0.0, 556.8814347000817, 0.0, 605.9332835678089, 0.0, 0.0, 0.0, 633.8705544587784, 0.0, 0.0, 0.0, 647.358105760649, 0.0, 0.0, 0.0, 0.0, 574.5402938959734, 0.0, 362.96067541465595, 0.0, 602.3447038169083, 0.0, 662.6979936919721, 0.0, 0.0, 0.0, 0.0, 0.0, 0.0, 0.0, 433.9192216633486, 0.0, 0.0, 402.3829334632511, 529.7485645940424, 537.5791622743612, 567.975462097355, 0.0, 420.29606169931446, 0.0, 0.0, 0.0, 0.0, 0.0, 428.5306171097076, 0.0, 0.0, 0.0, 0.0, 610.8692808523316, 0.0, 0.0, 0.0, 559.2906434921593, 0.0, 451.9307399576379, 0.0, 0.0, 0.0, 0.0, 0.0, 0.0, 0.0, 0.0, 0.0, 382.1668732433311, 581.9572397249914, 0.0, 624.4537315670708]
