----------------------------------------------------------------------
-- Log session for [myBugCoalitionsCCBBAGuaiDEF-7] started on 2018.01.04.00.36.15 --
----------------------------------------------------------------------

INFORMACIÓN : I started
INFORMACIÓN : 0apuestaBundle [666.8203521704099, 666.8203521704099, 587.5474467003529, 581.4120551460289, 575.5884229773887, 556.0603023447369, 556.0603023447369]
INFORMACIÓN : 0positionsBundle [1759, 1759, 1618, 2095, 2305, 1560, 1560]
INFORMACIÓN : 0levelsBundle [2, 2, 2, 2, 2, 2, 2]
INFORMACIÓN : 0positionsOrdered [1759, 1759, 1618, 2095, 2305, 1560, 1560]
INFORMACIÓN : 0levelsOrdered [2, 2, 2, 2, 2, 2, 2]
INFORMACIÓN : 0partialityOrdered [2, 2, 2, 2, 2, 2, 2]
INFORMACIÓN : 0arrivalTimes [17.029386365926403, 17.029386365926403, 26.51621934643154, 54.97671828794695, 95.2880070294397, 111.0993953302816, 111.0993953302816]
INFORMACIÓN : I [MW, AB]; lost Test.myBail@2462b56e; POS 1618; sensors [IR]; level 2 I paid 587.5474467003529in favour of10@(myturtles,myturtles,bug)@MK-14 paid 552.2331922218013
INFORMACIÓN : 1historia0[0.0, 0.0, 0.0, 0.0, 0.0, 0.0, 0.0, 0.0, 552.2331922218013, 0.0, 0.0, 0.0, 0.0, 0.0, 0.0, 0.0, 543.430195973617, 0.0, 0.0, 0.0, 0.0, 0.0, 0.0, 0.0, 0.0, 0.0, 0.0, 0.0, 0.0, 0.0, 0.0, 0.0, 0.0, 0.0, 0.0, 0.0, 552.2331922218013, 0.0, 0.0, 0.0, 0.0, 580.1711464484285, 0.0, 0.0, 0.0, 0.0, 0.0, 0.0, 0.0, 0.0, 559.3135359979719, 583.3728686780312, 0.0, 0.0, 0.0, 0.0, 0.0, 0.0, 0.0, 0.0, 0.0, 0.0, 0.0, 0.0, 0.0, 0.0, 0.0, 0.0, 0.0, 0.0, 0.0, 0.0, 0.0, 0.0, 0.0, 0.0, 0.0, 0.0, 666.8203521704099, 0.0, 543.430195973617, 0.0, 0.0, 666.8203521704099, 0.0, 0.0, 0.0, 0.0, 0.0, 0.0, 0.0, 0.0, 0.0, 0.0, 0.0, 0.0, 0.0, 0.0, 0.0, 0.0, 0.0, 0.0, 608.2244686194522, 0.0, 0.0, 0.0, 0.0, 0.0, 0.0, 0.0, 0.0, 0.0, 0.0, 0.0, 0.0, 0.0, 560.5860681928235, 0.0, 0.0, 0.0]
INFORMACIÓN : 1apuestaBundle [666.8203521704099, 666.8203521704099, 575.5884229773887, 556.0603023447369, 556.0603023447369, 552.3396149996734, 545.1068254823913, 545.1068254823913]
INFORMACIÓN : 1positionsBundle [1759, 1759, 2305, 1560, 1560, 2080, 317, 317]
INFORMACIÓN : 1levelsBundle [2, 2, 2, 2, 2, 2, 2, 2]
INFORMACIÓN : 1positionsOrdered [1759, 1759, 2305, 1560, 1560, 2080, 317, 317]
INFORMACIÓN : 1levelsOrdered [2, 2, 2, 2, 2, 2, 2, 2]
INFORMACIÓN : 1partialityOrdered [2, 2, 2, 2, 2, 2, 2, 2]
INFORMACIÓN : 1arrivalTimes [17.029386365926403, 17.029386365926403, 28.73408627664603, 44.54547457748792, 44.54547457748792, 66.90615435248583, 104.24246375767477, 104.24246375767477]
INFORMACIÓN : I [MW, AB]; lost Test.myBail@35d4854c; POS 2080; sensors [IR]; level 2 I paid 552.3396149996734in favour of9@(myturtles,myturtles,bug)@MK-14 paid 531.2091883514248
INFORMACIÓN : 2historia0[0.0, 0.0, 0.0, 0.0, 0.0, 0.0, 0.0, 534.5018910902742, 0.0, 0.0, 0.0, 0.0, 0.0, 0.0, 556.0603023447369, 0.0, 570.7099910741575, 0.0, 0.0, 0.0, 0.0, 0.0, 0.0, 0.0, 0.0, 0.0, 0.0, 0.0, 0.0, 0.0, 0.0, 0.0, 0.0, 0.0, 0.0, 0.0, 0.0, 0.0, 0.0, 0.0, 582.6737792524816, 618.5930366198719, 0.0, 0.0, 0.0, 0.0, 0.0, 0.0, 0.0, 0.0, 582.6737792524816, 618.5930366198719, 0.0, 0.0, 0.0, 0.0, 0.0, 0.0, 0.0, 0.0, 0.0, 0.0, 0.0, 0.0, 0.0, 0.0, 0.0, 0.0, 0.0, 0.0, 0.0, 0.0, 0.0, 0.0, 531.2091883514248, 0.0, 0.0, 0.0, 666.8203521704099, 0.0, 570.7099910741575, 0.0, 0.0, 666.8203521704099, 531.2091883514248, 0.0, 0.0, 0.0, 0.0, 534.5018910902742, 0.0, 0.0, 0.0, 0.0, 0.0, 0.0, 0.0, 0.0, 0.0, 0.0, 0.0, 0.0, 592.0795394077119, 0.0, 0.0, 556.0603023447369, 0.0, 0.0, 0.0, 0.0, 0.0, 0.0, 0.0, 0.0, 0.0, 0.0, 604.8704495920058, 575.5884229773887, 0.0, 0.0]
INFORMACIÓN : 2apuestaBundle [666.8203521704099, 666.8203521704099, 575.5884229773887, 556.0603023447369, 556.0603023447369, 587.5474467003529, 545.1068254823913, 545.1068254823913]
INFORMACIÓN : 2positionsBundle [1759, 1759, 2305, 1560, 1560, 1618, 317, 317]
INFORMACIÓN : 2levelsBundle [2, 2, 2, 2, 2, 2, 2, 2]
INFORMACIÓN : 2positionsOrdered [1759, 1759, 2305, 1560, 1560, 1618, 317, 317]
INFORMACIÓN : 2levelsOrdered [2, 2, 2, 2, 2, 2, 2, 2]
INFORMACIÓN : 2partialityOrdered [2, 2, 2, 2, 2, 2, 2, 2]
INFORMACIÓN : 2arrivalTimes [17.029386365926403, 17.029386365926403, 28.73408627664603, 44.54547457748792, 44.54547457748792, 52.60773232578647, 78.62695598830184, 78.62695598830184]
INFORMACIÓN : I [MW, AB]; lost Test.myBail@2462b56e; POS 1618; sensors [IR]; level 2 I paid 587.5474467003529in favour of10@(myturtles,myturtles,bug)@MK-14 paid 564.8532610316275
INFORMACIÓN : 3historia0[0.0, 0.0, 0.0, 0.0, 0.0, 0.0, 0.0, 534.5018910902742, 564.8532610316275, 0.0, 0.0, 0.0, 0.0, 0.0, 556.0603023447369, 0.0, 570.7099910741575, 551.8143537161257, 0.0, 0.0, 0.0, 0.0, 0.0, 0.0, 0.0, 0.0, 0.0, 0.0, 0.0, 0.0, 0.0, 0.0, 0.0, 0.0, 0.0, 0.0, 564.8532610316275, 0.0, 0.0, 516.7564887227326, 582.6737792524816, 618.5930366198719, 0.0, 0.0, 0.0, 0.0, 0.0, 0.0, 0.0, 0.0, 582.6737792524816, 618.5930366198719, 0.0, 0.0, 0.0, 0.0, 0.0, 0.0, 0.0, 0.0, 0.0, 0.0, 0.0, 0.0, 0.0, 0.0, 0.0, 0.0, 0.0, 0.0, 551.8143537161257, 0.0, 0.0, 0.0, 536.3691049291996, 0.0, 0.0, 0.0, 666.8203521704099, 0.0, 570.7099910741575, 516.7564887227326, 0.0, 666.8203521704099, 536.3691049291996, 0.0, 0.0, 0.0, 456.7415127284077, 534.5018910902742, 0.0, 0.0, 0.0, 0.0, 0.0, 0.0, 0.0, 0.0, 0.0, 0.0, 0.0, 0.0, 568.1177869739874, 0.0, 0.0, 556.0603023447369, 0.0, 0.0, 0.0, 0.0, 0.0, 0.0, 0.0, 0.0, 0.0, 0.0, 625.6278294247193, 575.5884229773887, 0.0, 0.0]
INFORMACIÓN : 3apuestaBundle [666.8203521704099, 666.8203521704099, 575.5884229773887, 556.0603023447369, 556.0603023447369, 526.9831973440114, 440.02034646742095, 440.02034646742095]
INFORMACIÓN : 3positionsBundle [1759, 1759, 2305, 1560, 1560, 1562, 626, 626]
INFORMACIÓN : 3levelsBundle [2, 2, 2, 2, 2, 2, 2, 2]
INFORMACIÓN : 3positionsOrdered [1759, 1759, 2305, 1560, 1560, 1562, 626, 626]
INFORMACIÓN : 3levelsOrdered [2, 2, 2, 2, 2, 2, 2, 2]
INFORMACIÓN : 3partialityOrdered [2, 2, 2, 2, 2, 2, 2, 2]
INFORMACIÓN : 3arrivalTimes [17.029386365926403, 17.029386365926403, 28.73408627664603, 44.54547457748792, 44.54547457748792, 46.54547457748792, 70.14632201989981, 70.14632201989981]
INFORMACIÓN : I [MW, AB]; lost Test.myBail@5739c7c4; POS 2305; sensors [IR]; level 2 I paid 575.5884229773887in favour of6@(myturtles,myturtles,bug)@MK-14 paid 518.9787315381368
INFORMACIÓN : 4historia0[0.0, 0.0, 0.0, 0.0, 0.0, 0.0, 0.0, 534.5018910902742, 564.8532610316275, 0.0, 0.0, 0.0, 0.0, 0.0, 0.0, 0.0, 570.7099910741575, 551.8143537161257, 0.0, 456.2061704189818, 0.0, 0.0, 0.0, 456.2061704189818, 0.0, 0.0, 0.0, 0.0, 0.0, 0.0, 0.0, 0.0, 0.0, 0.0, 0.0, 0.0, 564.8532610316275, 0.0, 0.0, 516.7564887227326, 582.6737792524816, 618.5930366198719, 0.0, 0.0, 0.0, 0.0, 0.0, 0.0, 0.0, 0.0, 582.6737792524816, 618.5930366198719, 0.0, 0.0, 0.0, 0.0, 0.0, 0.0, 404.0697230909027, 0.0, 0.0, 0.0, 0.0, 0.0, 0.0, 0.0, 0.0, 0.0, 0.0, 0.0, 551.8143537161257, 0.0, 0.0, 0.0, 536.3691049291996, 0.0, 0.0, 518.9787315381368, 666.8203521704099, 404.0697230909027, 570.7099910741575, 516.7564887227326, 0.0, 666.8203521704099, 536.3691049291996, 0.0, 0.0, 0.0, 512.6170613415316, 534.5018910902742, 0.0, 0.0, 0.0, 0.0, 0.0, 0.0, 0.0, 0.0, 512.6170613415316, 0.0, 0.0, 0.0, 568.1177869739874, 0.0, 0.0, 0.0, 0.0, 0.0, 0.0, 0.0, 0.0, 0.0, 0.0, 0.0, 0.0, 0.0, 625.6278294247193, 518.9787315381368, 0.0, 0.0]
INFORMACIÓN : 4apuestaBundle [666.8203521704099, 666.8203521704099, 556.0603023447369, 556.0603023447369, 418.5166655977682, 409.1856071425724, 403.6572589789721]
INFORMACIÓN : 4positionsBundle [1759, 1759, 1560, 1560, 502, 2282, 1414]
INFORMACIÓN : 4levelsBundle [2, 2, 2, 2, 2, 2, 2]
INFORMACIÓN : 4positionsOrdered [1759, 1759, 1560, 1560, 502, 2282, 1414]
INFORMACIÓN : 4levelsOrdered [2, 2, 2, 2, 2, 2, 2]
INFORMACIÓN : 4partialityOrdered [2, 2, 2, 2, 2, 2, 2]
INFORMACIÓN : 4arrivalTimes [17.029386365926403, 17.029386365926403, 21.152491991544064, 21.152491991544064, 43.624697045788295, 89.72241933225274, 114.48125613853264]
INFORMACIÓN : I [MW, AB]; lost Test.myBail@32ce63e7; POS 1560; sensors [MW]; level 2 I paid 556.0603023447369in favour of8@(myturtles,myturtles,bug)@MK-14 paid 648.7868829482982
INFORMACIÓN : 5historia0[0.0, 384.11902064438084, 0.0, 0.0, 422.1152518802467, 0.0, 0.0, 534.5018910902742, 565.3508779641262, 0.0, 0.0, 0.0, 0.0, 0.0, 648.7868829482982, 0.0, 576.2747546364717, 551.8143537161257, 0.0, 436.80553780275204, 0.0, 0.0, 423.92222096438263, 436.80553780275204, 0.0, 0.0, 0.0, 0.0, 0.0, 0.0, 390.05871997448384, 0.0, 0.0, 0.0, 0.0, 0.0, 565.3508779641262, 0.0, 390.05871997448384, 516.7564887227326, 582.6737792524816, 618.5930366198719, 0.0, 423.92222096438263, 0.0, 0.0, 0.0, 0.0, 0.0, 0.0, 582.6737792524816, 618.5930366198719, 0.0, 0.0, 0.0, 0.0, 0.0, 442.7494250440004, 417.1209301202666, 0.0, 0.0, 0.0, 0.0, 0.0, 0.0, 0.0, 0.0, 0.0, 0.0, 0.0, 551.8143537161257, 0.0, 0.0, 0.0, 539.8449657159427, 0.0, 0.0, 518.9787315381368, 666.8203521704099, 0.0, 576.2747546364717, 516.7564887227326, 0.0, 666.8203521704099, 539.8449657159427, 0.0, 0.0, 0.0, 512.6170613415316, 534.5018910902742, 0.0, 0.0, 0.0, 0.0, 0.0, 0.0, 0.0, 0.0, 512.6170613415316, 442.7494250440004, 0.0, 0.0, 568.1177869739874, 0.0, 0.0, 568.1142449840904, 0.0, 422.1152518802467, 0.0, 0.0, 0.0, 0.0, 0.0, 0.0, 0.0, 0.0, 625.6278294247193, 518.9787315381368, 0.0, 0.0]
INFORMACIÓN : 5apuestaBundle [666.8203521704099, 666.8203521704099, 381.6966533566617, 381.6966533566617, 380.84651847862506, 380.84651847862506, 359.4070979001888, 359.4070979001888, 316.1185879628082, 316.1185879628082]
INFORMACIÓN : 5positionsBundle [1759, 1759, 1019, 1019, 835, 835, 2428, 2428, 2076, 2076]
INFORMACIÓN : 5levelsBundle [2, 2, 2, 2, 2, 2, 2, 2, 2, 2]
INFORMACIÓN : 5positionsOrdered [1759, 1759, 2428, 2428, 2076, 2076, 1019, 1019, 835, 835]
INFORMACIÓN : 5levelsOrdered [2, 2, 2, 2, 2, 2, 2, 2, 2, 2]
INFORMACIÓN : 5partialityOrdered [2, 2, 2, 2, 2, 2, 2, 2, 2, 2]
INFORMACIÓN : 5arrivalTimes [17.029386365926403, 17.029386365926403, 40.05111523236908, 40.05111523236908, 47.331225121649595, 47.331225121649595, 70.04977840738258, 72.04977840738258, 114.89543655801673, 116.89543655801673]
INFORMACIÓN : 6historia0[0.0, 381.6966533566617, 0.0, 0.0, 422.1152518802467, 0.0, 0.0, 534.5018910902742, 565.3508779641262, 0.0, 0.0, 0.0, 0.0, 0.0, 648.7868829482982, 0.0, 576.2747546364717, 551.8143537161257, 0.0, 436.80553780275204, 0.0, 348.01078866484727, 423.92222096438263, 436.80553780275204, 0.0, 0.0, 0.0, 0.0, 0.0, 0.0, 390.05871997448384, 0.0, 0.0, 0.0, 0.0, 0.0, 565.3508779641262, 0.0, 390.05871997448384, 516.7564887227326, 582.6737792524816, 618.5930366198719, 359.4070979001888, 423.92222096438263, 0.0, 0.0, 316.1185879628082, 0.0, 0.0, 0.0, 582.6737792524816, 618.5930366198719, 0.0, 0.0, 0.0, 0.0, 0.0, 442.7494250440004, 380.84651847862506, 0.0, 0.0, 0.0, 0.0, 0.0, 0.0, 0.0, 0.0, 0.0, 0.0, 316.1185879628082, 551.8143537161257, 0.0, 0.0, 0.0, 539.8449657159427, 348.01078866484727, 0.0, 518.9787315381368, 666.8203521704099, 380.84651847862506, 576.2747546364717, 516.7564887227326, 0.0, 666.8203521704099, 539.8449657159427, 359.4070979001888, 0.0, 0.0, 512.6170613415316, 534.5018910902742, 0.0, 0.0, 0.0, 0.0, 0.0, 0.0, 0.0, 0.0, 512.6170613415316, 442.7494250440004, 0.0, 0.0, 568.1177869739874, 0.0, 0.0, 568.1142449840904, 0.0, 422.1152518802467, 0.0, 0.0, 0.0, 381.6966533566617, 0.0, 0.0, 0.0, 0.0, 625.6278294247193, 518.9787315381368, 0.0, 0.0]
INFORMACIÓN : 6apuestaBundle [666.8203521704099, 666.8203521704099, 381.6966533566617, 381.6966533566617, 380.84651847862506, 380.84651847862506, 359.4070979001888, 359.4070979001888, 316.1185879628082, 316.1185879628082]
INFORMACIÓN : 6positionsBundle [1759, 1759, 1019, 1019, 835, 835, 2428, 2428, 2076, 2076]
INFORMACIÓN : 6levelsBundle [2, 2, 2, 2, 2, 2, 2, 2, 2, 2]
INFORMACIÓN : 6positionsOrdered [1759, 1759, 2428, 2428, 2076, 2076, 1019, 1019, 835, 835]
INFORMACIÓN : 6levelsOrdered [2, 2, 2, 2, 2, 2, 2, 2, 2, 2]
INFORMACIÓN : 6partialityOrdered [2, 2, 2, 2, 2, 2, 2, 2, 2, 2]
INFORMACIÓN : 6arrivalTimes [17.029386365926403, 17.029386365926403, 40.05111523236908, 40.05111523236908, 47.331225121649595, 47.331225121649595, 70.04977840738258, 72.04977840738258, 114.89543655801673, 116.89543655801673]
INFORMACIÓN : 7historia0[0.0, 381.6966533566617, 0.0, 315.4433432703988, 422.1152518802467, 0.0, 0.0, 534.5018910902742, 565.3508779641262, 0.0, 0.0, 0.0, 0.0, 0.0, 648.7868829482982, 0.0, 576.2747546364717, 551.8143537161257, 0.0, 436.80553780275204, 0.0, 348.01078866484727, 423.92222096438263, 436.80553780275204, 0.0, 283.9202258832346, 0.0, 0.0, 0.0, 0.0, 390.05871997448384, 0.0, 283.9202258832346, 0.0, 0.0, 0.0, 565.3508779641262, 0.0, 390.05871997448384, 516.7564887227326, 582.6737792524816, 618.5930366198719, 359.4070979001888, 423.92222096438263, 0.0, 0.0, 316.1185879628082, 0.0, 0.0, 0.0, 582.6737792524816, 618.5930366198719, 0.0, 0.0, 0.0, 0.0, 0.0, 442.7494250440004, 380.84651847862506, 0.0, 0.0, 0.0, 0.0, 0.0, 0.0, 0.0, 0.0, 0.0, 0.0, 316.1185879628082, 551.8143537161257, 0.0, 0.0, 0.0, 539.8449657159427, 348.01078866484727, 0.0, 518.9787315381368, 666.8203521704099, 380.84651847862506, 576.2747546364717, 516.7564887227326, 0.0, 666.8203521704099, 539.8449657159427, 359.4070979001888, 0.0, 0.0, 512.6170613415316, 534.5018910902742, 0.0, 0.0, 0.0, 0.0, 0.0, 0.0, 0.0, 0.0, 512.6170613415316, 442.7494250440004, 0.0, 0.0, 568.1177869739874, 0.0, 0.0, 568.1142449840904, 0.0, 422.1152518802467, 0.0, 0.0, 0.0, 381.6966533566617, 0.0, 0.0, 0.0, 315.4433432703988, 625.6278294247193, 518.9787315381368, 0.0, 0.0]
INFORMACIÓN : 7apuestaBundle [666.8203521704099, 666.8203521704099, 381.6966533566617, 381.6966533566617, 380.84651847862506, 380.84651847862506, 359.4070979001888, 359.4070979001888, 316.1185879628082, 316.1185879628082]
INFORMACIÓN : 7positionsBundle [1759, 1759, 1019, 1019, 835, 835, 2428, 2428, 2076, 2076]
INFORMACIÓN : 7levelsBundle [2, 2, 2, 2, 2, 2, 2, 2, 2, 2]
INFORMACIÓN : 7positionsOrdered [1759, 1759, 2428, 2428, 2076, 2076, 1019, 1019, 835, 835]
INFORMACIÓN : 7levelsOrdered [2, 2, 2, 2, 2, 2, 2, 2, 2, 2]
INFORMACIÓN : 7partialityOrdered [2, 2, 2, 2, 2, 2, 2, 2, 2, 2]
INFORMACIÓN : 7arrivalTimes [17.029386365926403, 17.029386365926403, 40.05111523236908, 40.05111523236908, 47.331225121649595, 47.331225121649595, 70.04977840738258, 72.04977840738258, 114.89543655801673, 116.89543655801673]
INFORMACIÓN : 8historia0[0.0, 381.6966533566617, 0.0, 315.4433432703988, 422.1152518802467, 0.0, 0.0, 534.5018910902742, 565.3508779641262, 0.0, 0.0, 0.0, 0.0, 0.0, 648.7868829482982, 0.0, 576.2747546364717, 551.8143537161257, 0.0, 436.80553780275204, 0.0, 348.01078866484727, 423.92222096438263, 436.80553780275204, 0.0, 291.9024011754352, 0.0, 278.3457263103893, 0.0, 0.0, 390.05871997448384, 0.0, 291.9024011754352, 0.0, 0.0, 0.0, 565.3508779641262, 0.0, 390.05871997448384, 516.7564887227326, 582.6737792524816, 618.5930366198719, 359.4070979001888, 423.92222096438263, 0.0, 0.0, 316.1185879628082, 0.0, 0.0, 0.0, 582.6737792524816, 618.5930366198719, 0.0, 0.0, 0.0, 0.0, 0.0, 442.7494250440004, 380.84651847862506, 0.0, 0.0, 0.0, 0.0, 0.0, 0.0, 0.0, 0.0, 0.0, 0.0, 316.1185879628082, 551.8143537161257, 0.0, 0.0, 0.0, 539.8449657159427, 348.01078866484727, 0.0, 518.9787315381368, 666.8203521704099, 380.84651847862506, 576.2747546364717, 516.7564887227326, 0.0, 666.8203521704099, 539.8449657159427, 359.4070979001888, 0.0, 0.0, 512.6170613415316, 534.5018910902742, 0.0, 0.0, 0.0, 278.3457263103893, 0.0, 0.0, 0.0, 271.29449804878413, 512.6170613415316, 442.7494250440004, 0.0, 0.0, 568.1177869739874, 278.20234781893936, 295.5767706453537, 568.1142449840904, 0.0, 422.1152518802467, 0.0, 0.0, 0.0, 381.6966533566617, 0.0, 0.0, 0.0, 315.4433432703988, 625.6278294247193, 518.9787315381368, 0.0, 0.0]
INFORMACIÓN : 8apuestaBundle [666.8203521704099, 666.8203521704099, 381.6966533566617, 381.6966533566617, 380.84651847862506, 380.84651847862506, 359.4070979001888, 359.4070979001888, 316.1185879628082, 316.1185879628082]
INFORMACIÓN : 8positionsBundle [1759, 1759, 1019, 1019, 835, 835, 2428, 2428, 2076, 2076]
INFORMACIÓN : 8levelsBundle [2, 2, 2, 2, 2, 2, 2, 2, 2, 2]
INFORMACIÓN : 8positionsOrdered [1759, 1759, 2428, 2428, 2076, 2076, 1019, 1019, 835, 835]
INFORMACIÓN : 8levelsOrdered [2, 2, 2, 2, 2, 2, 2, 2, 2, 2]
INFORMACIÓN : 8partialityOrdered [2, 2, 2, 2, 2, 2, 2, 2, 2, 2]
INFORMACIÓN : 8arrivalTimes [17.029386365926403, 17.029386365926403, 40.05111523236908, 40.05111523236908, 47.331225121649595, 47.331225121649595, 70.04977840738258, 72.04977840738258, 114.89543655801673, 116.89543655801673]
INFORMACIÓN : 9historia0[0.0, 381.6966533566617, 0.0, 315.4433432703988, 422.1152518802467, 0.0, 0.0, 534.5018910902742, 565.3508779641262, 0.0, 0.0, 0.0, 0.0, 0.0, 648.7868829482982, 0.0, 576.2747546364717, 551.8143537161257, 0.0, 436.80553780275204, 0.0, 348.01078866484727, 423.92222096438263, 436.80553780275204, 0.0, 291.9024011754352, 0.0, 278.3457263103893, 0.0, 0.0, 390.05871997448384, 0.0, 291.9024011754352, 0.0, 0.0, 0.0, 565.3508779641262, 0.0, 390.05871997448384, 516.7564887227326, 582.6737792524816, 618.5930366198719, 359.4070979001888, 423.92222096438263, 0.0, 0.0, 316.1185879628082, 0.0, 0.0, 0.0, 582.6737792524816, 618.5930366198719, 0.0, 0.0, 0.0, 0.0, 272.0039358533228, 442.7494250440004, 380.84651847862506, 0.0, 0.0, 0.0, 0.0, 0.0, 0.0, 0.0, 0.0, 0.0, 0.0, 316.1185879628082, 551.8143537161257, 0.0, 0.0, 0.0, 539.8449657159427, 348.01078866484727, 0.0, 518.9787315381368, 666.8203521704099, 380.84651847862506, 576.2747546364717, 516.7564887227326, 0.0, 666.8203521704099, 539.8449657159427, 359.4070979001888, 0.0, 0.0, 512.6170613415316, 534.5018910902742, 0.0, 0.0, 0.0, 278.3457263103893, 0.0, 0.0, 0.0, 0.0, 512.6170613415316, 442.7494250440004, 0.0, 0.0, 568.1177869739874, 278.20234781893936, 295.5767706453537, 568.1142449840904, 0.0, 422.1152518802467, 0.0, 0.0, 272.0039358533228, 381.6966533566617, 0.0, 0.0, 0.0, 315.4433432703988, 625.6278294247193, 518.9787315381368, 0.0, 0.0]
INFORMACIÓN : 9apuestaBundle [666.8203521704099, 666.8203521704099, 381.6966533566617, 381.6966533566617, 380.84651847862506, 380.84651847862506, 359.4070979001888, 359.4070979001888, 316.1185879628082, 316.1185879628082]
INFORMACIÓN : 9positionsBundle [1759, 1759, 1019, 1019, 835, 835, 2428, 2428, 2076, 2076]
INFORMACIÓN : 9levelsBundle [2, 2, 2, 2, 2, 2, 2, 2, 2, 2]
INFORMACIÓN : 9positionsOrdered [1759, 1759, 2428, 2428, 2076, 2076, 1019, 1019, 835, 835]
INFORMACIÓN : 9levelsOrdered [2, 2, 2, 2, 2, 2, 2, 2, 2, 2]
INFORMACIÓN : 9partialityOrdered [2, 2, 2, 2, 2, 2, 2, 2, 2, 2]
INFORMACIÓN : 9arrivalTimes [17.029386365926403, 17.029386365926403, 40.05111523236908, 40.05111523236908, 47.331225121649595, 47.331225121649595, 70.04977840738258, 72.04977840738258, 114.89543655801673, 116.89543655801673]
