----------------------------------------------------------------------
-- Log session for [myBugCoalitionsCCBBAGuaiDEF-9] started on 2018.01.04.00.36.15 --
----------------------------------------------------------------------

INFORMACIÓN : I started
INFORMACIÓN : 0apuestaBundle [617.8022031646963, 577.8905278881286, 558.9469461503788, 551.2118377565577, 551.2118377565577, 542.4496445431296, 542.4496445431296]
INFORMACIÓN : 0positionsBundle [1759, 2095, 839, 1618, 1618, 1028, 1028]
INFORMACIÓN : 0levelsBundle [2, 2, 2, 2, 2, 2, 2]
INFORMACIÓN : 0positionsOrdered [1759, 2095, 839, 1618, 1618, 1028, 1028]
INFORMACIÓN : 0levelsOrdered [2, 2, 2, 2, 2, 2, 2]
INFORMACIÓN : 0partialityOrdered [2, 2, 2, 2, 2, 2, 2]
INFORMACIÓN : 0arrivalTimes [38.948684188300895, 75.44525937009021, 101.1551796344551, 127.55593719934326, 127.55593719934326, 143.17643655115657, 143.17643655115657]
INFORMACIÓN : I [IR, AB]; lost Test.myBail@28959e23; POS 1759; sensors [MW]; level 2 I paid 617.8022031646963in favour of7@(myturtles,myturtles,bug)@MK-14 paid 666.8203521704099
INFORMACIÓN : 1historia0[0.0, 0.0, 0.0, 0.0, 0.0, 0.0, 0.0, 0.0, 552.2331922218013, 0.0, 0.0, 0.0, 0.0, 0.0, 0.0, 0.0, 543.430195973617, 0.0, 0.0, 0.0, 0.0, 0.0, 0.0, 0.0, 0.0, 0.0, 0.0, 0.0, 0.0, 0.0, 0.0, 0.0, 0.0, 0.0, 0.0, 0.0, 552.2331922218013, 0.0, 0.0, 0.0, 0.0, 580.1711464484285, 0.0, 0.0, 0.0, 0.0, 0.0, 0.0, 0.0, 0.0, 0.0, 0.0, 0.0, 0.0, 0.0, 0.0, 0.0, 0.0, 0.0, 0.0, 0.0, 0.0, 0.0, 0.0, 0.0, 0.0, 0.0, 0.0, 0.0, 0.0, 0.0, 0.0, 0.0, 0.0, 0.0, 0.0, 0.0, 0.0, 666.8203521704099, 0.0, 543.430195973617, 0.0, 0.0, 666.8203521704099, 0.0, 0.0, 0.0, 0.0, 0.0, 0.0, 0.0, 0.0, 0.0, 0.0, 0.0, 0.0, 0.0, 0.0, 0.0, 0.0, 0.0, 0.0, 0.0, 0.0, 0.0, 0.0, 0.0, 0.0, 0.0, 0.0, 0.0, 0.0, 0.0, 0.0, 0.0, 0.0, 560.5860681928235, 0.0, 0.0, 0.0]
INFORMACIÓN : 1apuestaBundle [604.8704495920058, 582.6737792524816, 582.6737792524816, 557.8376773432192, 534.5018910902742, 534.5018910902742, 531.2091883514248, 531.2091883514248]
INFORMACIÓN : 1positionsBundle [839, 791, 791, 317, 2146, 2146, 2080, 2080]
INFORMACIÓN : 1levelsBundle [2, 2, 2, 2, 2, 2, 2, 2]
INFORMACIÓN : 1positionsOrdered [839, 791, 791, 317, 2146, 2146, 2080, 2080]
INFORMACIÓN : 1levelsOrdered [2, 2, 2, 2, 2, 2, 2, 2]
INFORMACIÓN : 1partialityOrdered [2, 2, 2, 2, 2, 2, 2, 2]
INFORMACIÓN : 1arrivalTimes [18.601075237738275, 20.837143215238065, 20.837143215238065, 46.46915445119066, 92.69685177649555, 92.69685177649555, 108.72807131837695, 108.72807131837695]
INFORMACIÓN : I [IR, AB]; lost Test.myBail@64155886; POS 317; sensors [MW]; level 2 I paid 557.8376773432192in favour of10@(myturtles,myturtles,bug)@MK-14 paid 606.1687434220906
INFORMACIÓN : 2historia0[0.0, 0.0, 0.0, 0.0, 0.0, 0.0, 0.0, 0.0, 0.0, 0.0, 0.0, 0.0, 0.0, 0.0, 556.0603023447369, 0.0, 570.7099910741575, 0.0, 0.0, 0.0, 0.0, 0.0, 0.0, 0.0, 0.0, 0.0, 0.0, 0.0, 0.0, 0.0, 0.0, 0.0, 0.0, 0.0, 0.0, 0.0, 0.0, 0.0, 0.0, 0.0, 582.6737792524816, 618.5930366198719, 0.0, 0.0, 0.0, 0.0, 0.0, 0.0, 0.0, 0.0, 582.6737792524816, 618.5930366198719, 0.0, 0.0, 0.0, 0.0, 0.0, 0.0, 0.0, 0.0, 0.0, 0.0, 0.0, 0.0, 0.0, 0.0, 0.0, 0.0, 0.0, 0.0, 606.1687434220906, 0.0, 0.0, 0.0, 0.0, 0.0, 0.0, 0.0, 666.8203521704099, 0.0, 570.7099910741575, 0.0, 0.0, 666.8203521704099, 0.0, 0.0, 0.0, 0.0, 0.0, 0.0, 0.0, 0.0, 0.0, 0.0, 0.0, 0.0, 0.0, 0.0, 0.0, 0.0, 0.0, 0.0, 0.0, 0.0, 0.0, 556.0603023447369, 0.0, 0.0, 0.0, 0.0, 0.0, 0.0, 0.0, 0.0, 0.0, 0.0, 604.8704495920058, 575.5884229773887, 0.0, 0.0]
INFORMACIÓN : 2apuestaBundle [604.8704495920058, 582.6737792524816, 582.6737792524816, 534.5018910902742, 534.5018910902742, 533.3545070921056, 533.3545070921056, 531.2091883514248, 531.2091883514248]
INFORMACIÓN : 2positionsBundle [839, 791, 791, 2146, 2146, 1618, 1618, 2080, 2080]
INFORMACIÓN : 2levelsBundle [2, 2, 2, 2, 2, 2, 2, 2, 2]
INFORMACIÓN : 2positionsOrdered [839, 791, 791, 2146, 2146, 1618, 1618, 2080, 2080]
INFORMACIÓN : 2levelsOrdered [2, 2, 2, 2, 2, 2, 2, 2, 2]
INFORMACIÓN : 2partialityOrdered [2, 2, 2, 2, 2, 2, 2, 2, 2]
INFORMACIÓN : 2arrivalTimes [18.601075237738275, 20.837143215238065, 20.837143215238065, 48.29620365073003, 48.29620365073003, 78.02834114536704, 78.02834114536704, 93.02834114536704, 93.02834114536704]
INFORMACIÓN : I [IR, AB]; lost Test.myBail@10b8b044; POS 839; sensors [MW]; level 2 I paid 604.8704495920058in favour of6@(myturtles,myturtles,bug)@MK-14 paid 625.6278294247193
INFORMACIÓN : 3historia0[0.0, 0.0, 0.0, 0.0, 0.0, 0.0, 0.0, 0.0, 564.8532610316275, 0.0, 0.0, 0.0, 0.0, 0.0, 556.0603023447369, 0.0, 570.7099910741575, 0.0, 0.0, 0.0, 0.0, 0.0, 0.0, 0.0, 0.0, 0.0, 0.0, 0.0, 0.0, 0.0, 0.0, 0.0, 0.0, 0.0, 0.0, 0.0, 564.8532610316275, 0.0, 0.0, 0.0, 0.0, 618.5930366198719, 0.0, 0.0, 0.0, 0.0, 0.0, 0.0, 0.0, 0.0, 0.0, 618.5930366198719, 0.0, 0.0, 0.0, 0.0, 0.0, 0.0, 0.0, 0.0, 0.0, 0.0, 0.0, 0.0, 0.0, 0.0, 0.0, 0.0, 0.0, 0.0, 606.1687434220906, 0.0, 0.0, 0.0, 536.3691049291996, 0.0, 0.0, 0.0, 666.8203521704099, 0.0, 570.7099910741575, 0.0, 0.0, 666.8203521704099, 536.3691049291996, 0.0, 0.0, 0.0, 0.0, 0.0, 0.0, 0.0, 0.0, 0.0, 0.0, 0.0, 0.0, 0.0, 0.0, 0.0, 0.0, 0.0, 568.1177869739874, 0.0, 0.0, 556.0603023447369, 0.0, 0.0, 0.0, 0.0, 0.0, 0.0, 0.0, 0.0, 0.0, 0.0, 625.6278294247193, 575.5884229773887, 0.0, 0.0]
INFORMACIÓN : 3apuestaBundle [582.6737792524816, 582.6737792524816, 534.5018910902742, 534.5018910902742, 522.6500830579859, 479.7568246209014, 468.53251630638897]
INFORMACIÓN : 3positionsBundle [791, 791, 2146, 2146, 1733, 1562, 626]
INFORMACIÓN : 3levelsBundle [2, 2, 2, 2, 2, 2, 2]
INFORMACIÓN : 3positionsOrdered [791, 791, 2146, 2146, 1733, 1562, 626]
INFORMACIÓN : 3levelsOrdered [2, 2, 2, 2, 2, 2, 2]
INFORMACIÓN : 3partialityOrdered [2, 2, 2, 2, 2, 2, 2]
INFORMACIÓN : 3arrivalTimes [19.1049731745428, 19.1049731745428, 46.56403361003476, 46.56403361003476, 61.82837113250851, 83.04157456810493, 106.64242201051682]
INFORMACIÓN : I [IR, AB]; lost Test.myBail@5cbcd512; POS 1733; sensors [MW]; level 2 I paid 522.6500830579859in favour of8@(myturtles,myturtles,bug)@MK-14 paid 516.7564887227326
INFORMACIÓN : 4historia0[0.0, 0.0, 0.0, 0.0, 0.0, 0.0, 0.0, 534.5018910902742, 564.8532610316275, 0.0, 0.0, 0.0, 0.0, 0.0, 0.0, 0.0, 570.7099910741575, 551.8143537161257, 0.0, 0.0, 0.0, 0.0, 0.0, 0.0, 0.0, 0.0, 0.0, 0.0, 0.0, 0.0, 0.0, 0.0, 0.0, 0.0, 0.0, 0.0, 564.8532610316275, 0.0, 0.0, 516.7564887227326, 582.6737792524816, 618.5930366198719, 0.0, 0.0, 0.0, 0.0, 0.0, 0.0, 0.0, 0.0, 582.6737792524816, 618.5930366198719, 0.0, 0.0, 0.0, 0.0, 0.0, 0.0, 0.0, 0.0, 0.0, 0.0, 0.0, 0.0, 0.0, 0.0, 0.0, 0.0, 0.0, 0.0, 551.8143537161257, 0.0, 0.0, 0.0, 536.3691049291996, 0.0, 0.0, 518.9787315381368, 666.8203521704099, 0.0, 570.7099910741575, 516.7564887227326, 0.0, 666.8203521704099, 536.3691049291996, 0.0, 0.0, 0.0, 512.6170613415316, 534.5018910902742, 0.0, 0.0, 0.0, 0.0, 0.0, 0.0, 0.0, 0.0, 512.6170613415316, 0.0, 0.0, 0.0, 568.1177869739874, 0.0, 0.0, 0.0, 0.0, 0.0, 0.0, 0.0, 0.0, 0.0, 0.0, 0.0, 0.0, 0.0, 625.6278294247193, 518.9787315381368, 0.0, 0.0]
INFORMACIÓN : 4apuestaBundle [582.6737792524816, 582.6737792524816, 534.5018910902742, 534.5018910902742, 506.29194965553836, 468.53251630638897, 417.1209301202666]
INFORMACIÓN : 4positionsBundle [791, 791, 2146, 2146, 1560, 626, 835]
INFORMACIÓN : 4levelsBundle [2, 2, 2, 2, 2, 2, 2]
INFORMACIÓN : 4positionsOrdered [791, 791, 2146, 2146, 1560, 626, 835]
INFORMACIÓN : 4levelsOrdered [2, 2, 2, 2, 2, 2, 2]
INFORMACIÓN : 4partialityOrdered [2, 2, 2, 2, 2, 2, 2]
INFORMACIÓN : 4arrivalTimes [19.1049731745428, 19.1049731745428, 46.56403361003476, 46.56403361003476, 84.20709405947218, 109.04657875622063, 118.89543655801673]
INFORMACIÓN : I [IR, AB]; lost Test.myBail@32ce63e7; POS 1560; sensors [MW]; level 2 I paid 506.29194965553836in favour of8@(myturtles,myturtles,bug)@MK-14 paid 648.7868829482982
INFORMACIÓN : 5historia0[0.0, 384.11902064438084, 0.0, 0.0, 422.1152518802467, 0.0, 0.0, 534.5018910902742, 565.3508779641262, 0.0, 0.0, 0.0, 0.0, 0.0, 648.7868829482982, 0.0, 576.2747546364717, 551.8143537161257, 0.0, 436.80553780275204, 0.0, 0.0, 423.92222096438263, 436.80553780275204, 0.0, 0.0, 0.0, 0.0, 0.0, 0.0, 390.05871997448384, 0.0, 0.0, 0.0, 0.0, 0.0, 565.3508779641262, 0.0, 390.05871997448384, 516.7564887227326, 582.6737792524816, 618.5930366198719, 0.0, 423.92222096438263, 0.0, 0.0, 0.0, 0.0, 0.0, 0.0, 582.6737792524816, 618.5930366198719, 0.0, 0.0, 0.0, 0.0, 0.0, 442.7494250440004, 0.0, 0.0, 0.0, 0.0, 0.0, 0.0, 0.0, 0.0, 0.0, 0.0, 0.0, 0.0, 551.8143537161257, 0.0, 0.0, 0.0, 539.8449657159427, 0.0, 0.0, 518.9787315381368, 666.8203521704099, 0.0, 576.2747546364717, 516.7564887227326, 0.0, 666.8203521704099, 539.8449657159427, 0.0, 0.0, 0.0, 512.6170613415316, 534.5018910902742, 0.0, 0.0, 0.0, 0.0, 0.0, 0.0, 0.0, 0.0, 512.6170613415316, 442.7494250440004, 0.0, 0.0, 568.1177869739874, 0.0, 0.0, 568.1142449840904, 0.0, 422.1152518802467, 0.0, 0.0, 0.0, 0.0, 0.0, 0.0, 0.0, 0.0, 625.6278294247193, 518.9787315381368, 0.0, 0.0]
INFORMACIÓN : 5apuestaBundle [582.6737792524816, 582.6737792524816, 534.5018910902742, 534.5018910902742, 417.1209301202666, 348.01078866484727, 348.01078866484727, 333.6224634573068]
INFORMACIÓN : 5positionsBundle [791, 791, 2146, 2146, 835, 241, 241, 2428]
INFORMACIÓN : 5levelsBundle [2, 2, 2, 2, 2, 2, 2, 2]
INFORMACIÓN : 5positionsOrdered [791, 791, 2146, 2146, 835, 241, 241, 2428]
INFORMACIÓN : 5levelsOrdered [2, 2, 2, 2, 2, 2, 2, 2]
INFORMACIÓN : 5partialityOrdered [2, 2, 2, 2, 2, 2, 2, 2]
INFORMACIÓN : 5arrivalTimes [19.1049731745428, 19.1049731745428, 46.56403361003476, 46.56403361003476, 74.79522203702098, 88.21162990201972, 88.21162990201972, 134.09190888983755]
INFORMACIÓN : I [IR, AB]; lost Test.myBail@55b13ecb; POS 835; sensors [MW]; level 2 I paid 417.1209301202666in favour of7@(myturtles,myturtles,bug)@MK-14 paid 380.84651847862506
INFORMACIÓN : 6historia0[0.0, 381.6966533566617, 0.0, 0.0, 422.1152518802467, 0.0, 0.0, 534.5018910902742, 565.3508779641262, 0.0, 0.0, 0.0, 0.0, 0.0, 648.7868829482982, 0.0, 576.2747546364717, 551.8143537161257, 0.0, 436.80553780275204, 0.0, 0.0, 423.92222096438263, 436.80553780275204, 0.0, 0.0, 0.0, 0.0, 0.0, 0.0, 390.05871997448384, 0.0, 0.0, 0.0, 0.0, 0.0, 565.3508779641262, 0.0, 390.05871997448384, 516.7564887227326, 582.6737792524816, 618.5930366198719, 359.4070979001888, 423.92222096438263, 0.0, 0.0, 316.1185879628082, 0.0, 0.0, 0.0, 582.6737792524816, 618.5930366198719, 0.0, 0.0, 0.0, 0.0, 0.0, 442.7494250440004, 380.84651847862506, 0.0, 0.0, 0.0, 0.0, 0.0, 0.0, 0.0, 0.0, 0.0, 0.0, 316.1185879628082, 551.8143537161257, 0.0, 0.0, 0.0, 539.8449657159427, 0.0, 0.0, 518.9787315381368, 666.8203521704099, 380.84651847862506, 576.2747546364717, 516.7564887227326, 0.0, 666.8203521704099, 539.8449657159427, 359.4070979001888, 0.0, 0.0, 512.6170613415316, 534.5018910902742, 0.0, 0.0, 0.0, 0.0, 0.0, 0.0, 0.0, 0.0, 512.6170613415316, 442.7494250440004, 0.0, 0.0, 568.1177869739874, 0.0, 0.0, 568.1142449840904, 0.0, 422.1152518802467, 0.0, 0.0, 0.0, 381.6966533566617, 0.0, 0.0, 0.0, 0.0, 625.6278294247193, 518.9787315381368, 0.0, 0.0]
INFORMACIÓN : 6apuestaBundle [582.6737792524816, 582.6737792524816, 534.5018910902742, 534.5018910902742, 348.01078866484727, 348.01078866484727, 306.9771618107055, 306.9771618107055, 283.9202258832346, 283.9202258832346]
INFORMACIÓN : 6positionsBundle [791, 791, 2146, 2146, 241, 241, 1177, 1177, 427, 427]
INFORMACIÓN : 6levelsBundle [2, 2, 2, 2, 2, 2, 2, 2, 2, 2]
INFORMACIÓN : 6positionsOrdered [791, 791, 2146, 2146, 241, 241, 1177, 1177, 427, 427]
INFORMACIÓN : 6levelsOrdered [2, 2, 2, 2, 2, 2, 2, 2, 2, 2]
INFORMACIÓN : 6partialityOrdered [2, 2, 2, 2, 2, 2, 2, 2, 2, 2]
INFORMACIÓN : 6arrivalTimes [19.1049731745428, 19.1049731745428, 46.56403361003476, 46.56403361003476, 84.89156940350836, 84.89156940350836, 108.49241684592025, 108.49241684592025, 123.49241684592025, 123.49241684592025]
INFORMACIÓN : I [IR, AB]; lost Test.myBail@5cd7e8d4; POS 1177; sensors [AB]; level 2 I paid 306.9771618107055in favour of10@(myturtles,myturtles,bug)@MK-14 paid 315.4433432703988
INFORMACIÓN : 7historia0[0.0, 381.6966533566617, 0.0, 315.4433432703988, 422.1152518802467, 0.0, 0.0, 534.5018910902742, 565.3508779641262, 0.0, 0.0, 0.0, 0.0, 0.0, 648.7868829482982, 0.0, 576.2747546364717, 551.8143537161257, 0.0, 436.80553780275204, 0.0, 348.01078866484727, 423.92222096438263, 436.80553780275204, 0.0, 0.0, 0.0, 0.0, 0.0, 0.0, 390.05871997448384, 0.0, 0.0, 0.0, 0.0, 0.0, 565.3508779641262, 0.0, 390.05871997448384, 516.7564887227326, 582.6737792524816, 618.5930366198719, 359.4070979001888, 423.92222096438263, 0.0, 0.0, 316.1185879628082, 0.0, 0.0, 0.0, 582.6737792524816, 618.5930366198719, 0.0, 0.0, 0.0, 0.0, 0.0, 442.7494250440004, 380.84651847862506, 0.0, 0.0, 0.0, 0.0, 0.0, 0.0, 0.0, 0.0, 0.0, 0.0, 316.1185879628082, 551.8143537161257, 0.0, 0.0, 0.0, 539.8449657159427, 348.01078866484727, 0.0, 518.9787315381368, 666.8203521704099, 380.84651847862506, 576.2747546364717, 516.7564887227326, 0.0, 666.8203521704099, 539.8449657159427, 359.4070979001888, 0.0, 0.0, 512.6170613415316, 534.5018910902742, 0.0, 0.0, 0.0, 0.0, 0.0, 0.0, 0.0, 0.0, 512.6170613415316, 442.7494250440004, 0.0, 0.0, 568.1177869739874, 0.0, 0.0, 568.1142449840904, 0.0, 422.1152518802467, 0.0, 0.0, 0.0, 381.6966533566617, 0.0, 0.0, 0.0, 315.4433432703988, 625.6278294247193, 518.9787315381368, 0.0, 0.0]
INFORMACIÓN : 7apuestaBundle [582.6737792524816, 582.6737792524816, 534.5018910902742, 534.5018910902742, 348.01078866484727, 348.01078866484727, 283.9202258832346, 283.9202258832346, 278.20234781893936]
INFORMACIÓN : 7positionsBundle [791, 791, 2146, 2146, 241, 241, 427, 427, 1334]
INFORMACIÓN : 7levelsBundle [2, 2, 2, 2, 2, 2, 2, 2, 2]
INFORMACIÓN : 7positionsOrdered [791, 791, 2146, 2146, 241, 241, 427, 427, 1334]
INFORMACIÓN : 7levelsOrdered [2, 2, 2, 2, 2, 2, 2, 2, 2]
INFORMACIÓN : 7partialityOrdered [2, 2, 2, 2, 2, 2, 2, 2, 2]
INFORMACIÓN : 7arrivalTimes [19.1049731745428, 19.1049731745428, 46.56403361003476, 46.56403361003476, 84.89156940350836, 84.89156940350836, 99.45178918206939, 99.45178918206939, 118.76499709789735]
INFORMACIÓN : I [IR, AB]; lost Test.myBail@4bc920f0; POS 427; sensors [IR]; level 2 I paid 283.9202258832346in favour of10@(myturtles,myturtles,bug)@MK-14 paid 291.9024011754352
INFORMACIÓN : 8historia0[0.0, 381.6966533566617, 0.0, 315.4433432703988, 422.1152518802467, 0.0, 0.0, 534.5018910902742, 565.3508779641262, 0.0, 0.0, 0.0, 0.0, 0.0, 648.7868829482982, 0.0, 576.2747546364717, 551.8143537161257, 0.0, 436.80553780275204, 0.0, 348.01078866484727, 423.92222096438263, 436.80553780275204, 0.0, 291.9024011754352, 0.0, 278.3457263103893, 0.0, 0.0, 390.05871997448384, 0.0, 291.9024011754352, 0.0, 0.0, 0.0, 565.3508779641262, 0.0, 390.05871997448384, 516.7564887227326, 582.6737792524816, 618.5930366198719, 359.4070979001888, 423.92222096438263, 0.0, 0.0, 316.1185879628082, 0.0, 0.0, 0.0, 582.6737792524816, 618.5930366198719, 0.0, 0.0, 0.0, 0.0, 0.0, 442.7494250440004, 380.84651847862506, 0.0, 0.0, 0.0, 0.0, 0.0, 0.0, 0.0, 0.0, 0.0, 0.0, 316.1185879628082, 551.8143537161257, 0.0, 0.0, 0.0, 539.8449657159427, 348.01078866484727, 0.0, 518.9787315381368, 666.8203521704099, 380.84651847862506, 576.2747546364717, 516.7564887227326, 0.0, 666.8203521704099, 539.8449657159427, 359.4070979001888, 0.0, 0.0, 512.6170613415316, 534.5018910902742, 0.0, 0.0, 0.0, 278.3457263103893, 0.0, 0.0, 0.0, 0.0, 512.6170613415316, 442.7494250440004, 0.0, 0.0, 568.1177869739874, 0.0, 295.5767706453537, 568.1142449840904, 0.0, 422.1152518802467, 0.0, 0.0, 0.0, 381.6966533566617, 0.0, 0.0, 0.0, 315.4433432703988, 625.6278294247193, 518.9787315381368, 0.0, 0.0]
INFORMACIÓN : 8apuestaBundle [582.6737792524816, 582.6737792524816, 534.5018910902742, 534.5018910902742, 348.01078866484727, 348.01078866484727, 278.20234781893936, 272.0039358533228, 272.0039358533228]
INFORMACIÓN : 8positionsBundle [791, 791, 2146, 2146, 241, 241, 1334, 926, 926]
INFORMACIÓN : 8levelsBundle [2, 2, 2, 2, 2, 2, 2, 2, 2]
INFORMACIÓN : 8positionsOrdered [791, 791, 2146, 2146, 241, 241, 1334, 926, 926]
INFORMACIÓN : 8levelsOrdered [2, 2, 2, 2, 2, 2, 2, 2, 2]
INFORMACIÓN : 8partialityOrdered [2, 2, 2, 2, 2, 2, 2, 2, 2]
INFORMACIÓN : 8arrivalTimes [19.1049731745428, 19.1049731745428, 46.56403361003476, 46.56403361003476, 84.89156940350836, 84.89156940350836, 107.97836216473874, 119.2920706637235, 119.2920706637235]
INFORMACIÓN : 9historia0[0.0, 381.6966533566617, 0.0, 315.4433432703988, 422.1152518802467, 0.0, 0.0, 534.5018910902742, 565.3508779641262, 0.0, 0.0, 0.0, 0.0, 0.0, 648.7868829482982, 0.0, 576.2747546364717, 551.8143537161257, 0.0, 436.80553780275204, 0.0, 348.01078866484727, 423.92222096438263, 436.80553780275204, 0.0, 291.9024011754352, 0.0, 278.3457263103893, 0.0, 0.0, 390.05871997448384, 0.0, 291.9024011754352, 0.0, 0.0, 0.0, 565.3508779641262, 0.0, 390.05871997448384, 516.7564887227326, 582.6737792524816, 618.5930366198719, 359.4070979001888, 423.92222096438263, 0.0, 0.0, 316.1185879628082, 0.0, 0.0, 0.0, 582.6737792524816, 618.5930366198719, 0.0, 0.0, 0.0, 0.0, 272.0039358533228, 442.7494250440004, 380.84651847862506, 0.0, 0.0, 0.0, 0.0, 0.0, 0.0, 0.0, 0.0, 0.0, 0.0, 316.1185879628082, 551.8143537161257, 0.0, 0.0, 0.0, 539.8449657159427, 348.01078866484727, 0.0, 518.9787315381368, 666.8203521704099, 380.84651847862506, 576.2747546364717, 516.7564887227326, 0.0, 666.8203521704099, 539.8449657159427, 359.4070979001888, 0.0, 0.0, 512.6170613415316, 534.5018910902742, 0.0, 0.0, 0.0, 278.3457263103893, 0.0, 0.0, 0.0, 0.0, 512.6170613415316, 442.7494250440004, 0.0, 0.0, 568.1177869739874, 278.20234781893936, 295.5767706453537, 568.1142449840904, 0.0, 422.1152518802467, 0.0, 0.0, 272.0039358533228, 381.6966533566617, 0.0, 0.0, 0.0, 315.4433432703988, 625.6278294247193, 518.9787315381368, 0.0, 0.0]
