----------------------------------------------------------------------
-- Log session for [myBugCoalitionsCCBBAGuaiDEF-6] started on 2018.01.04.00.36.15 --
----------------------------------------------------------------------

INFORMACIÓN : I started
INFORMACIÓN : 0apuestaBundle [679.4054318474442, 600.9252201447247, 600.9252201447247, 588.9617071808461, 588.9617071808461, 579.7307897658216, 567.8239090336929]
INFORMACIÓN : 0positionsBundle [1759, 2305, 2305, 2095, 2095, 1618, 2080]
INFORMACIÓN : 0levelsBundle [2, 2, 2, 2, 2, 2, 2]
INFORMACIÓN : 0positionsOrdered [1759, 2305, 2305, 2095, 2095, 1618, 2080]
INFORMACIÓN : 0levelsOrdered [2, 2, 2, 2, 2, 2, 2]
INFORMACIÓN : 0partialityOrdered [2, 2, 2, 2, 2, 2, 2]
INFORMACIÓN : 0arrivalTimes [11.40175425099138, 23.106454161711007, 23.106454161711007, 63.41774290320375, 63.41774290320375, 91.87824184471917, 106.87824184471917]
INFORMACIÓN : I [IR, MW]; lost Test.myBail@68a32308; POS 1759; sensors [AB]; level 2 I paid 679.4054318474442in favour of7@(myturtles,myturtles,bug)@MK-14 paid 666.8203521704099
INFORMACIÓN : 1historia0[0.0, 0.0, 0.0, 0.0, 0.0, 0.0, 0.0, 0.0, 552.2331922218013, 0.0, 0.0, 0.0, 0.0, 0.0, 556.0603023447369, 0.0, 543.430195973617, 0.0, 0.0, 0.0, 0.0, 0.0, 0.0, 0.0, 0.0, 0.0, 0.0, 0.0, 0.0, 0.0, 0.0, 0.0, 0.0, 0.0, 0.0, 0.0, 552.2331922218013, 0.0, 0.0, 0.0, 0.0, 0.0, 0.0, 0.0, 0.0, 0.0, 0.0, 0.0, 0.0, 0.0, 559.3135359979719, 0.0, 0.0, 0.0, 0.0, 0.0, 0.0, 0.0, 0.0, 0.0, 0.0, 0.0, 0.0, 0.0, 0.0, 0.0, 0.0, 0.0, 0.0, 0.0, 0.0, 0.0, 0.0, 0.0, 0.0, 0.0, 0.0, 0.0, 666.8203521704099, 0.0, 543.430195973617, 0.0, 0.0, 666.8203521704099, 0.0, 0.0, 0.0, 0.0, 0.0, 0.0, 0.0, 0.0, 0.0, 0.0, 0.0, 0.0, 0.0, 0.0, 0.0, 0.0, 0.0, 0.0, 608.2244686194522, 0.0, 0.0, 556.0603023447369, 0.0, 0.0, 0.0, 0.0, 0.0, 0.0, 0.0, 0.0, 0.0, 0.0, 560.5860681928235, 0.0, 0.0, 0.0]
INFORMACIÓN : 1apuestaBundle [618.5930366198719, 618.5930366198719, 581.282229017373, 575.3701633428717, 560.4792886761869, 543.9164890361523, 543.9164890361523]
INFORMACIÓN : 1positionsBundle [2095, 2095, 2080, 2146, 1733, 2305, 2305]
INFORMACIÓN : 1levelsBundle [2, 2, 2, 2, 2, 2, 2]
INFORMACIÓN : 1positionsOrdered [2095, 2095, 2080, 2146, 1733, 2305, 2305]
INFORMACIÓN : 1levelsOrdered [2, 2, 2, 2, 2, 2, 2]
INFORMACIÓN : 1partialityOrdered [2, 2, 2, 2, 2, 2, 2]
INFORMACIÓN : 1arrivalTimes [25.179356624028344, 25.179356624028344, 40.179356624028344, 56.21057616590974, 71.4749136883835, 101.93800611183913, 101.93800611183913]
INFORMACIÓN : I [IR, MW]; lost Test.myBail@1ac24275; POS 2080; sensors [AB]; level 2 I paid 581.282229017373in favour of9@(myturtles,myturtles,bug)@MK-14 paid 531.2091883514248
INFORMACIÓN : 2historia0[0.0, 0.0, 0.0, 0.0, 0.0, 0.0, 0.0, 534.5018910902742, 0.0, 0.0, 0.0, 0.0, 0.0, 0.0, 556.0603023447369, 0.0, 570.7099910741575, 545.1068254823913, 0.0, 0.0, 0.0, 0.0, 0.0, 0.0, 0.0, 0.0, 0.0, 0.0, 0.0, 0.0, 0.0, 0.0, 0.0, 0.0, 0.0, 0.0, 0.0, 0.0, 0.0, 0.0, 582.6737792524816, 618.5930366198719, 0.0, 0.0, 0.0, 0.0, 0.0, 0.0, 0.0, 0.0, 582.6737792524816, 618.5930366198719, 0.0, 0.0, 0.0, 0.0, 0.0, 0.0, 0.0, 0.0, 0.0, 0.0, 0.0, 0.0, 0.0, 0.0, 0.0, 0.0, 0.0, 0.0, 545.1068254823913, 0.0, 0.0, 0.0, 531.2091883514248, 0.0, 0.0, 0.0, 666.8203521704099, 0.0, 570.7099910741575, 0.0, 0.0, 666.8203521704099, 531.2091883514248, 0.0, 0.0, 0.0, 0.0, 534.5018910902742, 0.0, 0.0, 0.0, 0.0, 0.0, 0.0, 0.0, 0.0, 0.0, 0.0, 0.0, 0.0, 592.0795394077119, 0.0, 0.0, 556.0603023447369, 0.0, 0.0, 0.0, 0.0, 0.0, 0.0, 0.0, 0.0, 0.0, 0.0, 604.8704495920058, 0.0, 0.0, 0.0]
INFORMACIÓN : 2apuestaBundle [618.5930366198719, 618.5930366198719, 625.6278294247193, 568.1177869739874, 560.4792886761869, 541.579499108684, 518.9787315381368, 518.9787315381368]
INFORMACIÓN : 2positionsBundle [2095, 2095, 839, 839, 1733, 1618, 2305, 2305]
INFORMACIÓN : 2levelsBundle [2, 2, 2, 2, 2, 2, 2, 2]
INFORMACIÓN : 2positionsOrdered [2095, 2095, 1733, 1618, 839, 839, 2305, 2305]
INFORMACIÓN : 2levelsOrdered [2, 2, 2, 2, 2, 2, 2, 2]
INFORMACIÓN : 2partialityOrdered [2, 2, 2, 2, 2, 2, 2, 2]
INFORMACIÓN : 2arrivalTimes [25.179356624028344, 25.179356624028344, 39.071800613478146, 54.204546563899704, 87.59120509910463, 89.59120509910463, 134.93434129412316, 134.93434129412316]
INFORMACIÓN : I [IR, MW]; lost Test.myBail@6007cb54; POS 1733; sensors [AB]; level 2 I paid 560.4792886761869in favour of8@(myturtles,myturtles,bug)@MK-14 paid 516.7564887227326
INFORMACIÓN : 3historia0[0.0, 0.0, 0.0, 0.0, 0.0, 0.0, 0.0, 534.5018910902742, 564.8532610316275, 0.0, 0.0, 0.0, 0.0, 0.0, 556.0603023447369, 0.0, 570.7099910741575, 551.8143537161257, 0.0, 0.0, 0.0, 0.0, 0.0, 0.0, 0.0, 0.0, 0.0, 0.0, 0.0, 0.0, 0.0, 0.0, 0.0, 0.0, 0.0, 0.0, 564.8532610316275, 0.0, 0.0, 516.7564887227326, 582.6737792524816, 618.5930366198719, 0.0, 0.0, 0.0, 0.0, 0.0, 0.0, 0.0, 0.0, 582.6737792524816, 618.5930366198719, 0.0, 0.0, 0.0, 0.0, 0.0, 0.0, 0.0, 0.0, 0.0, 0.0, 0.0, 0.0, 0.0, 0.0, 0.0, 0.0, 0.0, 0.0, 551.8143537161257, 0.0, 0.0, 0.0, 536.3691049291996, 0.0, 0.0, 0.0, 666.8203521704099, 0.0, 570.7099910741575, 516.7564887227326, 0.0, 666.8203521704099, 536.3691049291996, 0.0, 0.0, 0.0, 456.7415127284077, 534.5018910902742, 0.0, 0.0, 0.0, 0.0, 0.0, 0.0, 0.0, 0.0, 0.0, 0.0, 0.0, 0.0, 568.1177869739874, 0.0, 0.0, 556.0603023447369, 0.0, 0.0, 0.0, 0.0, 0.0, 0.0, 0.0, 0.0, 0.0, 0.0, 625.6278294247193, 0.0, 0.0, 0.0]
INFORMACIÓN : 3apuestaBundle [618.5930366198719, 618.5930366198719, 625.6278294247193, 568.1177869739874, 518.9787315381368, 518.9787315381368, 471.49046926060873, 471.49046926060873, 442.7494250440004, 442.7494250440004]
INFORMACIÓN : 3positionsBundle [2095, 2095, 839, 839, 2305, 2305, 1562, 1562, 2282, 2282]
INFORMACIÓN : 3levelsBundle [2, 2, 2, 2, 2, 2, 2, 2, 2, 2]
INFORMACIÓN : 3positionsOrdered [2095, 2095, 2282, 2282, 839, 839, 2305, 2305, 1562, 1562]
INFORMACIÓN : 3levelsOrdered [2, 2, 2, 2, 2, 2, 2, 2, 2, 2]
INFORMACIÓN : 3partialityOrdered [2, 2, 2, 2, 2, 2, 2, 2, 2, 2]
INFORMACIÓN : 3arrivalTimes [25.179356624028344, 25.179356624028344, 38.78082713276379, 38.78082713276379, 87.59120509910463, 89.59120509910463, 134.93434129412316, 134.93434129412316, 151.48728665137, 151.48728665137]
INFORMACIÓN : I [IR, MW]; lost Test.myBail@2a36f089; POS 1562; sensors [IR]; level 2 I paid 471.49046926060873in favour of5@(myturtles,myturtles,bug)@MK-14 paid 512.6170613415316
INFORMACIÓN : 4historia0[0.0, 0.0, 0.0, 0.0, 0.0, 0.0, 0.0, 534.5018910902742, 564.8532610316275, 0.0, 0.0, 0.0, 0.0, 0.0, 556.0603023447369, 0.0, 570.7099910741575, 551.8143537161257, 0.0, 456.2061704189818, 0.0, 0.0, 0.0, 456.2061704189818, 0.0, 0.0, 0.0, 0.0, 0.0, 0.0, 0.0, 0.0, 0.0, 0.0, 0.0, 0.0, 564.8532610316275, 0.0, 0.0, 516.7564887227326, 582.6737792524816, 618.5930366198719, 0.0, 0.0, 0.0, 0.0, 0.0, 0.0, 0.0, 0.0, 582.6737792524816, 618.5930366198719, 0.0, 0.0, 0.0, 0.0, 0.0, 0.0, 404.0697230909027, 0.0, 0.0, 0.0, 0.0, 0.0, 0.0, 0.0, 0.0, 0.0, 0.0, 0.0, 551.8143537161257, 0.0, 0.0, 0.0, 536.3691049291996, 0.0, 0.0, 518.9787315381368, 666.8203521704099, 404.0697230909027, 570.7099910741575, 516.7564887227326, 0.0, 666.8203521704099, 536.3691049291996, 0.0, 0.0, 0.0, 512.6170613415316, 534.5018910902742, 0.0, 0.0, 0.0, 0.0, 0.0, 0.0, 0.0, 0.0, 512.6170613415316, 0.0, 0.0, 0.0, 568.1177869739874, 0.0, 0.0, 556.0603023447369, 0.0, 0.0, 0.0, 0.0, 0.0, 0.0, 0.0, 0.0, 0.0, 0.0, 625.6278294247193, 518.9787315381368, 0.0, 0.0]
INFORMACIÓN : 4apuestaBundle [618.5930366198719, 618.5930366198719, 625.6278294247193, 568.1177869739874, 518.9787315381368, 518.9787315381368, 442.7494250440004, 442.7494250440004, 422.1152518802467, 422.1152518802467]
INFORMACIÓN : 4positionsBundle [2095, 2095, 839, 839, 2305, 2305, 2282, 2282, 2137, 2137]
INFORMACIÓN : 4levelsBundle [2, 2, 2, 2, 2, 2, 2, 2, 2, 2]
INFORMACIÓN : 4positionsOrdered [2095, 2095, 2282, 2282, 2137, 2137, 839, 839, 2305, 2305]
INFORMACIÓN : 4levelsOrdered [2, 2, 2, 2, 2, 2, 2, 2, 2, 2]
INFORMACIÓN : 4partialityOrdered [2, 2, 2, 2, 2, 2, 2, 2, 2, 2]
INFORMACIÓN : 4arrivalTimes [25.179356624028344, 25.179356624028344, 38.78082713276379, 38.78082713276379, 44.61177902760909, 44.61177902760909, 87.59120509910463, 89.59120509910463, 134.93434129412316, 134.93434129412316]
INFORMACIÓN : 5historia0[0.0, 384.11902064438084, 0.0, 0.0, 422.1152518802467, 0.0, 0.0, 534.5018910902742, 565.3508779641262, 0.0, 0.0, 0.0, 0.0, 0.0, 648.7868829482982, 0.0, 576.2747546364717, 551.8143537161257, 0.0, 436.80553780275204, 0.0, 0.0, 423.92222096438263, 436.80553780275204, 0.0, 0.0, 0.0, 0.0, 0.0, 0.0, 390.05871997448384, 0.0, 0.0, 0.0, 0.0, 0.0, 565.3508779641262, 0.0, 390.05871997448384, 516.7564887227326, 582.6737792524816, 618.5930366198719, 0.0, 423.92222096438263, 0.0, 0.0, 0.0, 0.0, 0.0, 0.0, 582.6737792524816, 618.5930366198719, 0.0, 0.0, 0.0, 0.0, 0.0, 442.7494250440004, 417.1209301202666, 0.0, 0.0, 0.0, 0.0, 0.0, 0.0, 0.0, 0.0, 0.0, 0.0, 0.0, 551.8143537161257, 0.0, 0.0, 0.0, 539.8449657159427, 0.0, 0.0, 518.9787315381368, 666.8203521704099, 0.0, 576.2747546364717, 516.7564887227326, 0.0, 666.8203521704099, 539.8449657159427, 0.0, 0.0, 0.0, 512.6170613415316, 534.5018910902742, 0.0, 0.0, 0.0, 0.0, 0.0, 0.0, 0.0, 0.0, 512.6170613415316, 442.7494250440004, 0.0, 0.0, 568.1177869739874, 0.0, 0.0, 568.1142449840904, 0.0, 422.1152518802467, 0.0, 0.0, 0.0, 0.0, 0.0, 0.0, 0.0, 0.0, 625.6278294247193, 518.9787315381368, 0.0, 0.0]
INFORMACIÓN : 5apuestaBundle [618.5930366198719, 618.5930366198719, 625.6278294247193, 568.1177869739874, 518.9787315381368, 518.9787315381368, 442.7494250440004, 442.7494250440004, 422.1152518802467, 422.1152518802467]
INFORMACIÓN : 5positionsBundle [2095, 2095, 839, 839, 2305, 2305, 2282, 2282, 2137, 2137]
INFORMACIÓN : 5levelsBundle [2, 2, 2, 2, 2, 2, 2, 2, 2, 2]
INFORMACIÓN : 5positionsOrdered [2095, 2095, 2282, 2282, 2137, 2137, 839, 839, 2305, 2305]
INFORMACIÓN : 5levelsOrdered [2, 2, 2, 2, 2, 2, 2, 2, 2, 2]
INFORMACIÓN : 5partialityOrdered [2, 2, 2, 2, 2, 2, 2, 2, 2, 2]
INFORMACIÓN : 5arrivalTimes [25.179356624028344, 25.179356624028344, 38.78082713276379, 38.78082713276379, 44.61177902760909, 44.61177902760909, 87.59120509910463, 89.59120509910463, 134.93434129412316, 134.93434129412316]
INFORMACIÓN : 6historia0[0.0, 381.6966533566617, 0.0, 0.0, 422.1152518802467, 0.0, 0.0, 534.5018910902742, 565.3508779641262, 0.0, 0.0, 0.0, 0.0, 0.0, 648.7868829482982, 0.0, 576.2747546364717, 551.8143537161257, 0.0, 436.80553780275204, 0.0, 348.01078866484727, 423.92222096438263, 436.80553780275204, 0.0, 0.0, 0.0, 0.0, 0.0, 0.0, 390.05871997448384, 0.0, 0.0, 0.0, 0.0, 0.0, 565.3508779641262, 0.0, 390.05871997448384, 516.7564887227326, 582.6737792524816, 618.5930366198719, 359.4070979001888, 423.92222096438263, 0.0, 0.0, 316.1185879628082, 0.0, 0.0, 0.0, 582.6737792524816, 618.5930366198719, 0.0, 0.0, 0.0, 0.0, 0.0, 442.7494250440004, 380.84651847862506, 0.0, 0.0, 0.0, 0.0, 0.0, 0.0, 0.0, 0.0, 0.0, 0.0, 316.1185879628082, 551.8143537161257, 0.0, 0.0, 0.0, 539.8449657159427, 348.01078866484727, 0.0, 518.9787315381368, 666.8203521704099, 380.84651847862506, 576.2747546364717, 516.7564887227326, 0.0, 666.8203521704099, 539.8449657159427, 359.4070979001888, 0.0, 0.0, 512.6170613415316, 534.5018910902742, 0.0, 0.0, 0.0, 0.0, 0.0, 0.0, 0.0, 0.0, 512.6170613415316, 442.7494250440004, 0.0, 0.0, 568.1177869739874, 0.0, 0.0, 568.1142449840904, 0.0, 422.1152518802467, 0.0, 0.0, 0.0, 381.6966533566617, 0.0, 0.0, 0.0, 0.0, 625.6278294247193, 518.9787315381368, 0.0, 0.0]
INFORMACIÓN : 6apuestaBundle [618.5930366198719, 618.5930366198719, 625.6278294247193, 568.1177869739874, 518.9787315381368, 518.9787315381368, 442.7494250440004, 442.7494250440004, 422.1152518802467, 422.1152518802467]
INFORMACIÓN : 6positionsBundle [2095, 2095, 839, 839, 2305, 2305, 2282, 2282, 2137, 2137]
INFORMACIÓN : 6levelsBundle [2, 2, 2, 2, 2, 2, 2, 2, 2, 2]
INFORMACIÓN : 6positionsOrdered [2095, 2095, 2282, 2282, 2137, 2137, 839, 839, 2305, 2305]
INFORMACIÓN : 6levelsOrdered [2, 2, 2, 2, 2, 2, 2, 2, 2, 2]
INFORMACIÓN : 6partialityOrdered [2, 2, 2, 2, 2, 2, 2, 2, 2, 2]
INFORMACIÓN : 6arrivalTimes [25.179356624028344, 25.179356624028344, 38.78082713276379, 38.78082713276379, 44.61177902760909, 44.61177902760909, 87.59120509910463, 89.59120509910463, 134.93434129412316, 134.93434129412316]
INFORMACIÓN : 7historia0[0.0, 381.6966533566617, 0.0, 315.4433432703988, 422.1152518802467, 0.0, 0.0, 534.5018910902742, 565.3508779641262, 0.0, 0.0, 0.0, 0.0, 0.0, 648.7868829482982, 0.0, 576.2747546364717, 551.8143537161257, 0.0, 436.80553780275204, 0.0, 348.01078866484727, 423.92222096438263, 436.80553780275204, 0.0, 283.9202258832346, 0.0, 0.0, 0.0, 0.0, 390.05871997448384, 0.0, 283.9202258832346, 0.0, 0.0, 0.0, 565.3508779641262, 0.0, 390.05871997448384, 516.7564887227326, 582.6737792524816, 618.5930366198719, 359.4070979001888, 423.92222096438263, 0.0, 0.0, 316.1185879628082, 0.0, 0.0, 0.0, 582.6737792524816, 618.5930366198719, 0.0, 0.0, 0.0, 0.0, 0.0, 442.7494250440004, 380.84651847862506, 0.0, 0.0, 0.0, 0.0, 0.0, 0.0, 0.0, 0.0, 0.0, 0.0, 316.1185879628082, 551.8143537161257, 0.0, 0.0, 0.0, 539.8449657159427, 348.01078866484727, 0.0, 518.9787315381368, 666.8203521704099, 380.84651847862506, 576.2747546364717, 516.7564887227326, 0.0, 666.8203521704099, 539.8449657159427, 359.4070979001888, 0.0, 0.0, 512.6170613415316, 534.5018910902742, 0.0, 0.0, 0.0, 0.0, 0.0, 0.0, 0.0, 0.0, 512.6170613415316, 442.7494250440004, 0.0, 0.0, 568.1177869739874, 0.0, 0.0, 568.1142449840904, 0.0, 422.1152518802467, 0.0, 0.0, 0.0, 381.6966533566617, 0.0, 0.0, 0.0, 315.4433432703988, 625.6278294247193, 518.9787315381368, 0.0, 0.0]
INFORMACIÓN : 7apuestaBundle [618.5930366198719, 618.5930366198719, 625.6278294247193, 568.1177869739874, 518.9787315381368, 518.9787315381368, 442.7494250440004, 442.7494250440004, 422.1152518802467, 422.1152518802467]
INFORMACIÓN : 7positionsBundle [2095, 2095, 839, 839, 2305, 2305, 2282, 2282, 2137, 2137]
INFORMACIÓN : 7levelsBundle [2, 2, 2, 2, 2, 2, 2, 2, 2, 2]
INFORMACIÓN : 7positionsOrdered [2095, 2095, 2282, 2282, 2137, 2137, 839, 839, 2305, 2305]
INFORMACIÓN : 7levelsOrdered [2, 2, 2, 2, 2, 2, 2, 2, 2, 2]
INFORMACIÓN : 7partialityOrdered [2, 2, 2, 2, 2, 2, 2, 2, 2, 2]
INFORMACIÓN : 7arrivalTimes [25.179356624028344, 25.179356624028344, 38.78082713276379, 38.78082713276379, 44.61177902760909, 44.61177902760909, 87.59120509910463, 89.59120509910463, 134.93434129412316, 134.93434129412316]
INFORMACIÓN : 8historia0[0.0, 381.6966533566617, 0.0, 315.4433432703988, 422.1152518802467, 0.0, 0.0, 534.5018910902742, 565.3508779641262, 0.0, 0.0, 0.0, 0.0, 0.0, 648.7868829482982, 0.0, 576.2747546364717, 551.8143537161257, 0.0, 436.80553780275204, 0.0, 348.01078866484727, 423.92222096438263, 436.80553780275204, 0.0, 291.9024011754352, 0.0, 278.3457263103893, 0.0, 0.0, 390.05871997448384, 0.0, 291.9024011754352, 0.0, 0.0, 0.0, 565.3508779641262, 0.0, 390.05871997448384, 516.7564887227326, 582.6737792524816, 618.5930366198719, 359.4070979001888, 423.92222096438263, 0.0, 0.0, 316.1185879628082, 0.0, 0.0, 0.0, 582.6737792524816, 618.5930366198719, 0.0, 0.0, 0.0, 0.0, 0.0, 442.7494250440004, 380.84651847862506, 0.0, 0.0, 0.0, 0.0, 0.0, 0.0, 0.0, 0.0, 0.0, 0.0, 316.1185879628082, 551.8143537161257, 0.0, 0.0, 0.0, 539.8449657159427, 348.01078866484727, 0.0, 518.9787315381368, 666.8203521704099, 380.84651847862506, 576.2747546364717, 516.7564887227326, 0.0, 666.8203521704099, 539.8449657159427, 359.4070979001888, 0.0, 0.0, 512.6170613415316, 534.5018910902742, 0.0, 0.0, 0.0, 278.3457263103893, 0.0, 0.0, 0.0, 271.29449804878413, 512.6170613415316, 442.7494250440004, 0.0, 0.0, 568.1177869739874, 278.20234781893936, 295.5767706453537, 568.1142449840904, 0.0, 422.1152518802467, 0.0, 0.0, 0.0, 381.6966533566617, 0.0, 0.0, 0.0, 315.4433432703988, 625.6278294247193, 518.9787315381368, 0.0, 0.0]
INFORMACIÓN : 8apuestaBundle [618.5930366198719, 618.5930366198719, 625.6278294247193, 568.1177869739874, 518.9787315381368, 518.9787315381368, 442.7494250440004, 442.7494250440004, 422.1152518802467, 422.1152518802467]
INFORMACIÓN : 8positionsBundle [2095, 2095, 839, 839, 2305, 2305, 2282, 2282, 2137, 2137]
INFORMACIÓN : 8levelsBundle [2, 2, 2, 2, 2, 2, 2, 2, 2, 2]
INFORMACIÓN : 8positionsOrdered [2095, 2095, 2282, 2282, 2137, 2137, 839, 839, 2305, 2305]
INFORMACIÓN : 8levelsOrdered [2, 2, 2, 2, 2, 2, 2, 2, 2, 2]
INFORMACIÓN : 8partialityOrdered [2, 2, 2, 2, 2, 2, 2, 2, 2, 2]
INFORMACIÓN : 8arrivalTimes [25.179356624028344, 25.179356624028344, 38.78082713276379, 38.78082713276379, 44.61177902760909, 44.61177902760909, 87.59120509910463, 89.59120509910463, 134.93434129412316, 134.93434129412316]
INFORMACIÓN : 9historia0[0.0, 381.6966533566617, 0.0, 315.4433432703988, 422.1152518802467, 0.0, 0.0, 534.5018910902742, 565.3508779641262, 0.0, 0.0, 0.0, 0.0, 0.0, 648.7868829482982, 0.0, 576.2747546364717, 551.8143537161257, 0.0, 436.80553780275204, 0.0, 348.01078866484727, 423.92222096438263, 436.80553780275204, 0.0, 291.9024011754352, 0.0, 278.3457263103893, 0.0, 0.0, 390.05871997448384, 0.0, 291.9024011754352, 0.0, 0.0, 0.0, 565.3508779641262, 0.0, 390.05871997448384, 516.7564887227326, 582.6737792524816, 618.5930366198719, 359.4070979001888, 423.92222096438263, 0.0, 0.0, 316.1185879628082, 0.0, 0.0, 0.0, 582.6737792524816, 618.5930366198719, 0.0, 0.0, 0.0, 0.0, 272.0039358533228, 442.7494250440004, 380.84651847862506, 0.0, 0.0, 0.0, 0.0, 0.0, 0.0, 0.0, 0.0, 0.0, 0.0, 316.1185879628082, 551.8143537161257, 0.0, 0.0, 0.0, 539.8449657159427, 348.01078866484727, 0.0, 518.9787315381368, 666.8203521704099, 380.84651847862506, 576.2747546364717, 516.7564887227326, 0.0, 666.8203521704099, 539.8449657159427, 359.4070979001888, 0.0, 0.0, 512.6170613415316, 534.5018910902742, 0.0, 0.0, 0.0, 278.3457263103893, 0.0, 0.0, 0.0, 0.0, 512.6170613415316, 442.7494250440004, 0.0, 0.0, 568.1177869739874, 278.20234781893936, 295.5767706453537, 568.1142449840904, 0.0, 422.1152518802467, 0.0, 0.0, 272.0039358533228, 381.6966533566617, 0.0, 0.0, 0.0, 315.4433432703988, 625.6278294247193, 518.9787315381368, 0.0, 0.0]
INFORMACIÓN : 9apuestaBundle [618.5930366198719, 618.5930366198719, 625.6278294247193, 568.1177869739874, 518.9787315381368, 518.9787315381368, 442.7494250440004, 442.7494250440004, 422.1152518802467, 422.1152518802467]
INFORMACIÓN : 9positionsBundle [2095, 2095, 839, 839, 2305, 2305, 2282, 2282, 2137, 2137]
INFORMACIÓN : 9levelsBundle [2, 2, 2, 2, 2, 2, 2, 2, 2, 2]
INFORMACIÓN : 9positionsOrdered [2095, 2095, 2282, 2282, 2137, 2137, 839, 839, 2305, 2305]
INFORMACIÓN : 9levelsOrdered [2, 2, 2, 2, 2, 2, 2, 2, 2, 2]
INFORMACIÓN : 9partialityOrdered [2, 2, 2, 2, 2, 2, 2, 2, 2, 2]
INFORMACIÓN : 9arrivalTimes [25.179356624028344, 25.179356624028344, 38.78082713276379, 38.78082713276379, 44.61177902760909, 44.61177902760909, 87.59120509910463, 89.59120509910463, 134.93434129412316, 134.93434129412316]
