----------------------------------------------------------------------
-- Log session for [myBugCoalitionsCCBBAGuaiDEF-51] started on 2017.07.13.18.46.24 --
----------------------------------------------------------------------

INFORMACIÓN : I started
INFORMACIÓN : 0apuestaBundle [803.3008552284512, 797.9384565460014, 786.8602333654451, 770.0761888871418, 769.662006644237]
INFORMACIÓN : 0positionsBundle [1910, 1906, 2200, 1640, 575]
INFORMACIÓN : 0levelsBundle [3, 3, 3, 3, 3]
INFORMACIÓN : 0positionsOrdered [1910, 1906, 2200, 1640, 575]
INFORMACIÓN : 0levelsOrdered [3, 3, 3, 3, 3]
INFORMACIÓN : 0partialityOrdered [3, 3, 3, 3, 3]
INFORMACIÓN : 0arrivalTimes [7.321184776224079, 11.32118477622408, 19.806466150462647, 61.56769218610485, 87.37466798723273]
INFORMACIÓN : I [MW]; lost Test.myBail@73d4bdc; POS 1640; sensors [AB, IR]; level 3 I paid 770.0761888871418in favour of54@(myturtles,myturtles,bug)@MK-18429 paid 797.3810963889332
INFORMACIÓN : 1historia0[0.0, 0.0, 0.0, 0.0, 0.0, 0.0, 770.0654992405031, 0.0, 0.0, 0.0, 0.0, 801.6252224115889, 785.867550876907, 0.0, 0.0, 0.0, 0.0, 0.0, 0.0, 0.0, 0.0, 794.9420818571133, 0.0, 769.9969545725345, 0.0, 0.0, 0.0, 799.7717441531511, 0.0, 0.0, 0.0, 0.0, 0.0, 0.0, 0.0, 0.0, 0.0, 0.0, 0.0, 0.0, 0.0, 0.0, 0.0, 0.0, 797.7300409892074, 0.0, 0.0, 0.0, 0.0, 0.0, 0.0, 0.0, 0.0, 0.0, 0.0, 0.0, 805.1249186335946, 0.0, 0.0, 0.0, 0.0, 0.0, 0.0, 0.0, 0.0, 0.0, 0.0, 0.0, 0.0, 0.0, 0.0, 772.798203616051, 0.0, 0.0, 0.0, 0.0, 0.0, 0.0, 0.0, 0.0, 0.0, 0.0, 0.0, 0.0, 792.4758533135348, 0.0, 0.0, 0.0, 0.0, 0.0, 0.0, 0.0, 761.9512881108968, 0.0, 0.0, 0.0, 0.0, 0.0, 0.0, 0.0, 0.0, 770.5549153404042, 0.0, 0.0, 0.0, 0.0, 0.0, 765.5375002566536, 0.0, 797.9384565460014, 0.0, 0.0, 800.5446380995021, 0.0, 0.0, 0.0, 0.0, 802.929022782044, 0.0, 0.0, 0.0, 0.0, 0.0, 0.0, 0.0, 0.0, 0.0, 0.0, 0.0, 0.0, 0.0, 0.0, 0.0, 789.859592087897, 0.0, 0.0, 0.0, 0.0, 0.0, 0.0, 786.8602333654451, 0.0, 0.0, 797.3810963889332, 0.0, 0.0, 0.0, 803.1333872187357, 0.0, 0.0, 0.0, 0.0, 0.0, 0.0, 0.0, 0.0, 0.0, 0.0, 0.0, 0.0, 0.0, 803.3008552284512, 0.0, 0.0, 785.7343506233457, 0.0]
INFORMACIÓN : 1apuestaBundle [803.3008552284512, 797.9384565460014, 786.8602333654451, 268.5057149463005, 266.24184874517255]
INFORMACIÓN : 1positionsBundle [1910, 1906, 2200, 2276, 1132]
INFORMACIÓN : 1levelsBundle [3, 3, 3, 2, 2]
INFORMACIÓN : 1positionsOrdered [1910, 1906, 2200, 2276, 1132]
INFORMACIÓN : 1levelsOrdered [3, 3, 3, 2, 2]
INFORMACIÓN : 1partialityOrdered [3, 3, 3, 2, 2]
INFORMACIÓN : 1arrivalTimes [7.321184776224079, 11.32118477622408, 19.806466150462647, 45.82568981297803, 69.59541846098745]
INFORMACIÓN : I [MW]; lost Test.myBail@ce5b8f3; POS 2276; sensors [AB]; level 2 I paid 268.5057149463005in favour of57@(myturtles,myturtles,bug)@MK-18429 paid 302.07310000523796
INFORMACIÓN : 2historia0[0.0, 0.0, 0.0, 0.0, 0.0, 0.0, 786.4027938076404, 0.0, 0.0, 0.0, 0.0, 801.6252224115889, 785.867550876907, 0.0, 302.07310000523796, 0.0, 0.0, 282.9820951404827, 0.0, 0.0, 0.0, 794.9420818571133, 0.0, 0.0, 0.0, 0.0, 268.4596315369756, 799.7717441531511, 0.0, 0.0, 0.0, 0.0, 0.0, 0.0, 0.0, 264.7879898273462, 0.0, 0.0, 0.0, 0.0, 0.0, 0.0, 0.0, 0.0, 797.7300409892074, 0.0, 0.0, 0.0, 0.0, 0.0, 0.0, 0.0, 0.0, 0.0, 0.0, 0.0, 805.1249186335946, 0.0, 0.0, 0.0, 0.0, 0.0, 0.0, 0.0, 0.0, 157.67540893839737, 0.0, 0.0, 762.8723694429821, 0.0, 0.0, 769.2704502614627, 0.0, 0.0, 0.0, 0.0, 0.0, 0.0, 0.0, 0.0, 0.0, 0.0, 0.0, 0.0, 765.2203964135161, 0.0, 0.0, 0.0, 0.0, 0.0, 275.12375614918705, 0.0, 0.0, 0.0, 0.0, 0.0, 0.0, 0.0, 0.0, 0.0, 283.6793615076239, 782.3460849150786, 0.0, 0.0, 0.0, 0.0, 0.0, 0.0, 0.0, 797.9384565460014, 0.0, 0.0, 800.5446380995021, 0.0, 0.0, 270.62482131736704, 0.0, 802.929022782044, 270.9252952756186, 0.0, 0.0, 0.0, 0.0, 0.0, 0.0, 0.0, 0.0, 0.0, 0.0, 0.0, 0.0, 0.0, 0.0, 789.859592087897, 0.0, 280.21667091743416, 0.0, 0.0, 0.0, 0.0, 786.8602333654451, 0.0, 0.0, 785.3922286074409, 0.0, 0.0, 0.0, 0.0, 0.0, 0.0, 0.0, 0.0, 0.0, 0.0, 0.0, 176.72452570550684, 150.41370134184115, 266.6077795769693, 0.0, 0.0, 0.0, 803.3008552284512, 0.0, 0.0, 776.3626858973691, 0.0]
INFORMACIÓN : 2apuestaBundle [803.3008552284512, 797.9384565460014, 786.8602333654451, 263.55771214359856, 163.0517085238895]
INFORMACIÓN : 2positionsBundle [1910, 1906, 2200, 2364, 1738]
INFORMACIÓN : 2levelsBundle [3, 3, 3, 2, 1]
INFORMACIÓN : 2positionsOrdered [1910, 1906, 2200, 2364, 1738]
INFORMACIÓN : 2levelsOrdered [3, 3, 3, 2, 1]
INFORMACIÓN : 2partialityOrdered [3, 3, 3, 2, 1]
INFORMACIÓN : 2arrivalTimes [7.321184776224079, 11.32118477622408, 19.806466150462647, 34.124287213739, 61.41897534165136]
INFORMACIÓN : 3historia0[0.0, 0.0, 0.0, 0.0, 0.0, 0.0, 784.8332143382477, 263.55771214359856, 0.0, 0.0, 0.0, 801.6252224115889, 785.867550876907, 0.0, 302.07310000523796, 0.0, 0.0, 281.6642052100906, 0.0, 0.0, 0.0, 794.9420818571133, 0.0, 0.0, 0.0, 0.0, 0.0, 799.7717441531511, 0.0, 0.0, 0.0, 0.0, 0.0, 0.0, 0.0, 258.2852088334781, 0.0, 0.0, 0.0, 0.0, 0.0, 0.0, 0.0, 0.0, 797.7300409892074, 0.0, 0.0, 0.0, 0.0, 0.0, 0.0, 163.0517085238895, 0.0, 0.0, 0.0, 0.0, 805.1249186335946, 0.0, 0.0, 0.0, 266.5519629500154, 0.0, 0.0, 0.0, 0.0, 172.37036719803154, 0.0, 0.0, 762.8723694429821, 0.0, 0.0, 769.2704502614627, 0.0, 0.0, 0.0, 0.0, 0.0, 0.0, 0.0, 0.0, 0.0, 0.0, 0.0, 0.0, 0.0, 0.0, 149.76599728429798, 0.0, 0.0, 0.0, 275.12375614918705, 0.0, 0.0, 0.0, 0.0, 0.0, 0.0, 0.0, 0.0, 0.0, 283.6793615076239, 780.1734523239332, 0.0, 0.0, 0.0, 0.0, 0.0, 0.0, 0.0, 797.9384565460014, 0.0, 0.0, 800.5446380995021, 0.0, 0.0, 270.62482131736704, 0.0, 802.929022782044, 270.9252952756186, 0.0, 0.0, 0.0, 0.0, 0.0, 0.0, 0.0, 0.0, 0.0, 0.0, 0.0, 0.0, 154.24912361425982, 0.0, 789.859592087897, 0.0, 279.53440773063505, 138.13855656595493, 0.0, 0.0, 0.0, 786.8602333654451, 0.0, 0.0, 785.3922286074409, 0.0, 0.0, 0.0, 0.0, 0.0, 0.0, 0.0, 0.0, 0.0, 0.0, 0.0, 191.7761963890565, 157.35832187617103, 0.0, 0.0, 0.0, 0.0, 803.3008552284512, 0.0, 0.0, 782.9424883820186, 0.0]
INFORMACIÓN : 3apuestaBundle [803.3008552284512, 797.9384565460014, 786.8602333654451, 263.55771214359856, 163.0517085238895]
INFORMACIÓN : 3positionsBundle [1910, 1906, 2200, 2364, 1738]
INFORMACIÓN : 3levelsBundle [3, 3, 3, 2, 1]
INFORMACIÓN : 3positionsOrdered [1910, 1906, 2200, 2364, 1738]
INFORMACIÓN : 3levelsOrdered [3, 3, 3, 2, 1]
INFORMACIÓN : 3partialityOrdered [3, 3, 3, 2, 1]
INFORMACIÓN : 3arrivalTimes [7.321184776224079, 11.32118477622408, 19.806466150462647, 34.124287213739, 61.41897534165136]
INFORMACIÓN : I [MW]; lost Test.myBail@127d1520; POS 1738; sensors []; level 1 I paid 163.0517085238895in favour of54@(myturtles,myturtles,bug)@MK-18429 paid 186.07442678626975
INFORMACIÓN : 4historia0[0.0, 0.0, 0.0, 0.0, 0.0, 0.0, 784.8332143382477, 263.55771214359856, 0.0, 0.0, 0.0, 801.6252224115889, 785.867550876907, 0.0, 302.07310000523796, 135.26931411500965, 0.0, 0.0, 0.0, 0.0, 0.0, 794.9420818571133, 0.0, 0.0, 0.0, 0.0, 0.0, 799.7717441531511, 0.0, 0.0, 0.0, 0.0, 0.0, 0.0, 0.0, 282.39977886202655, 0.0, 0.0, 0.0, 0.0, 0.0, 0.0, 0.0, 0.0, 797.7300409892074, 0.0, 0.0, 0.0, 0.0, 0.0, 0.0, 186.07442678626975, 0.0, 0.0, 0.0, 0.0, 805.1249186335946, 0.0, 0.0, 0.0, 266.5519629500154, 0.0, 0.0, 0.0, 0.0, 172.37036719803154, 0.0, 0.0, 762.8723694429821, 0.0, 0.0, 769.2704502614627, 0.0, 0.0, 0.0, 0.0, 0.0, 0.0, 0.0, 0.0, 0.0, 0.0, 0.0, 0.0, 799.9543431994448, 0.0, 175.1243405582427, 0.0, 0.0, 0.0, 0.0, 0.0, 0.0, 0.0, 38.55364490579881, 0.0, 0.0, 0.0, 0.0, 0.0, 283.6793615076239, 780.1734523239332, 0.0, 0.0, 0.0, 0.0, 0.0, 0.0, 68.3962922326457, 797.9384565460014, 0.0, 0.0, 800.5446380995021, 0.0, 0.0, 270.62482131736704, 0.0, 802.929022782044, 270.9252952756186, 0.0, 0.0, 0.0, 0.0, 0.0, 0.0, 0.0, 0.0, 0.0, 0.0, 0.0, 0.0, 163.42973636043564, 0.0, 789.859592087897, 0.0, 279.53440773063505, 161.67882714477093, 0.0, 0.0, 0.0, 786.8602333654451, 0.0, 0.0, 785.3922286074409, 0.0, 0.0, 0.0, 795.2620646868268, 0.0, 0.0, 0.0, 0.0, 71.46561396044214, 0.0, 0.0, 191.7761963890565, 0.0, 0.0, 0.0, 0.0, 0.0, 803.3008552284512, 0.0, 0.0, 782.9424883820186, 0.0]
INFORMACIÓN : 4apuestaBundle [803.3008552284512, 797.9384565460014, 786.8602333654451, 263.55771214359856, 150.09615028080384]
INFORMACIÓN : 4positionsBundle [1910, 1906, 2200, 2364, 2347]
INFORMACIÓN : 4levelsBundle [3, 3, 3, 2, 1]
INFORMACIÓN : 4positionsOrdered [1910, 1906, 2200, 2364, 2347]
INFORMACIÓN : 4levelsOrdered [3, 3, 3, 2, 1]
INFORMACIÓN : 4partialityOrdered [3, 3, 3, 2, 1]
INFORMACIÓN : 4arrivalTimes [7.321184776224079, 11.32118477622408, 19.806466150462647, 34.124287213739, 67.13943525217735]
INFORMACIÓN : I [MW]; lost Test.myBail@16336fb2; POS 2347; sensors []; level 1 I paid 150.09615028080384in favour of54@(myturtles,myturtles,bug)@MK-18429 paid 182.48261861163837
INFORMACIÓN : 5historia0[0.0, 0.0, 0.0, 0.0, 0.0, 0.0, 784.8332143382477, 263.55771214359856, 0.0, 0.0, 0.0, 801.6252224115889, 785.867550876907, 0.0, 302.07310000523796, 135.26931411500965, 0.0, 266.23783876805976, 0.0, 0.0, 0.0, 794.9420818571133, 0.0, 0.0, 0.0, 0.0, 0.0, 799.7717441531511, 0.0, 0.0, 0.0, 0.0, 0.0, 0.0, 0.0, 282.39977886202655, 0.0, 0.0, 0.0, 0.0, 0.0, 0.0, 0.0, 0.0, 797.7300409892074, 0.0, 0.0, 0.0, 0.0, 0.0, 0.0, 0.0, 0.0, 0.0, 0.0, 0.0, 805.1249186335946, 0.0, 0.0, 0.0, 266.5519629500154, 0.0, 0.0, 0.0, 0.0, 172.37036719803154, 0.0, 0.0, 762.8723694429821, 0.0, 0.0, 769.2704502614627, 0.0, 0.0, 0.0, 0.0, 0.0, 0.0, 182.48261861163837, 0.0, 0.0, 0.0, 0.0, 0.0, 799.9543431994448, 0.0, 175.1243405582427, 0.0, 0.0, 0.0, 0.0, 0.0, 0.0, 0.0, 43.464475986261505, 0.0, 0.0, 0.0, 0.0, 0.0, 283.6793615076239, 780.1734523239332, 0.0, 0.0, 0.0, 0.0, 0.0, 0.0, 68.3962922326457, 797.9384565460014, 0.0, 0.0, 800.5446380995021, 0.0, 0.0, 270.62482131736704, 0.0, 802.929022782044, 270.9252952756186, 0.0, 0.0, 0.0, 0.0, 0.0, 0.0, 0.0, 0.0, 0.0, 0.0, 0.0, 0.0, 163.42973636043564, 0.0, 789.859592087897, 0.0, 279.53440773063505, 161.67882714477093, 0.0, 0.0, 0.0, 786.8602333654451, 0.0, 0.0, 785.3922286074409, 0.0, 0.0, 0.0, 795.2620646868268, 0.0, 0.0, 0.0, 0.0, 0.0, 0.0, 0.0, 191.7761963890565, 149.07962803381685, 0.0, 0.0, 0.0, 0.0, 803.3008552284512, 0.0, 0.0, 782.9424883820186, 0.0]
INFORMACIÓN : 5apuestaBundle [803.3008552284512, 797.9384565460014, 786.8602333654451, 263.55771214359856, 149.8820435294797]
INFORMACIÓN : 5positionsBundle [1910, 1906, 2200, 2364, 227]
INFORMACIÓN : 5levelsBundle [3, 3, 3, 2, 1]
INFORMACIÓN : 5positionsOrdered [1910, 1906, 2200, 2364, 227]
INFORMACIÓN : 5levelsOrdered [3, 3, 3, 2, 1]
INFORMACIÓN : 5partialityOrdered [3, 3, 3, 2, 1]
INFORMACIÓN : 5arrivalTimes [7.321184776224079, 11.32118477622408, 19.806466150462647, 34.124287213739, 79.0464421041714]
INFORMACIÓN : 6historia0[0.0, 0.0, 0.0, 0.0, 0.0, 0.0, 784.8332143382477, 263.55771214359856, 0.0, 0.0, 0.0, 801.6252224115889, 785.867550876907, 0.0, 302.07310000523796, 135.26931411500965, 0.0, 266.23783876805976, 0.0, 0.0, 0.0, 794.9420818571133, 0.0, 0.0, 0.0, 0.0, 0.0, 799.7717441531511, 0.0, 149.8820435294797, 0.0, 0.0, 0.0, 0.0, 0.0, 282.39977886202655, 0.0, 0.0, 0.0, 0.0, 0.0, 0.0, 0.0, 0.0, 797.7300409892074, 0.0, 0.0, 0.0, 0.0, 0.0, 0.0, 0.0, 0.0, 0.0, 0.0, 0.0, 805.1249186335946, 0.0, 0.0, 0.0, 266.5519629500154, 0.0, 0.0, 0.0, 0.0, 172.37036719803154, 0.0, 0.0, 762.8723694429821, 0.0, 0.0, 769.2704502614627, 0.0, 0.0, 0.0, 0.0, 0.0, 0.0, 182.48261861163837, 0.0, 0.0, 0.0, 0.0, 0.0, 799.9543431994448, 0.0, 175.1243405582427, 0.0, 0.0, 0.0, 0.0, 0.0, 0.0, 0.0, 43.464475986261505, 0.0, 0.0, 0.0, 0.0, 0.0, 283.6793615076239, 780.1734523239332, 0.0, 0.0, 0.0, 0.0, 0.0, 0.0, 68.3962922326457, 797.9384565460014, 0.0, 0.0, 800.5446380995021, 0.0, 0.0, 270.62482131736704, 0.0, 802.929022782044, 270.9252952756186, 0.0, 0.0, 0.0, 0.0, 0.0, 0.0, 0.0, 0.0, 0.0, 0.0, 0.0, 0.0, 163.42973636043564, 0.0, 789.859592087897, 0.0, 279.53440773063505, 161.67882714477093, 0.0, 0.0, 0.0, 786.8602333654451, 0.0, 0.0, 785.3922286074409, 0.0, 0.0, 0.0, 795.2620646868268, 0.0, 0.0, 0.0, 0.0, 0.0, 0.0, 0.0, 191.7761963890565, 149.07962803381685, 0.0, 0.0, 0.0, 0.0, 803.3008552284512, 0.0, 0.0, 782.9424883820186, 0.0]
INFORMACIÓN : 6apuestaBundle [803.3008552284512, 797.9384565460014, 786.8602333654451, 263.55771214359856, 149.8820435294797]
INFORMACIÓN : 6positionsBundle [1910, 1906, 2200, 2364, 227]
INFORMACIÓN : 6levelsBundle [3, 3, 3, 2, 1]
INFORMACIÓN : 6positionsOrdered [1910, 1906, 2200, 2364, 227]
INFORMACIÓN : 6levelsOrdered [3, 3, 3, 2, 1]
INFORMACIÓN : 6partialityOrdered [3, 3, 3, 2, 1]
INFORMACIÓN : 6arrivalTimes [7.321184776224079, 11.32118477622408, 19.806466150462647, 34.124287213739, 79.0464421041714]
INFORMACIÓN : 7historia0[0.0, 0.0, 0.0, 0.0, 0.0, 0.0, 784.8332143382477, 263.55771214359856, 0.0, 0.0, 0.0, 801.6252224115889, 785.867550876907, 0.0, 302.07310000523796, 135.26931411500965, 0.0, 266.23783876805976, 0.0, 0.0, 0.0, 794.9420818571133, 0.0, 0.0, 0.0, 0.0, 0.0, 799.7717441531511, 0.0, 149.8820435294797, 0.0, 0.0, 0.0, 0.0, 0.0, 282.39977886202655, 0.0, 0.0, 0.0, 0.0, 0.0, 0.0, 0.0, 0.0, 797.7300409892074, 0.0, 0.0, 0.0, 0.0, 0.0, 0.0, 0.0, 0.0, 0.0, 0.0, 0.0, 805.1249186335946, 0.0, 0.0, 0.0, 266.5519629500154, 0.0, 0.0, 0.0, 0.0, 172.37036719803154, 0.0, 0.0, 762.8723694429821, 0.0, 0.0, 769.2704502614627, 0.0, 0.0, 0.0, 0.0, 0.0, 0.0, 182.48261861163837, 0.0, 0.0, 0.0, 0.0, 0.0, 799.9543431994448, 0.0, 175.1243405582427, 0.0, 0.0, 0.0, 0.0, 0.0, 0.0, 0.0, 43.464475986261505, 0.0, 0.0, 0.0, 0.0, 0.0, 283.6793615076239, 780.1734523239332, 0.0, 0.0, 0.0, 0.0, 0.0, 0.0, 68.3962922326457, 797.9384565460014, 0.0, 0.0, 800.5446380995021, 0.0, 0.0, 270.62482131736704, 0.0, 802.929022782044, 270.9252952756186, 0.0, 0.0, 0.0, 0.0, 0.0, 0.0, 0.0, 0.0, 0.0, 0.0, 0.0, 0.0, 163.42973636043564, 0.0, 789.859592087897, 0.0, 279.53440773063505, 161.67882714477093, 0.0, 0.0, 0.0, 786.8602333654451, 0.0, 0.0, 785.3922286074409, 0.0, 0.0, 0.0, 795.2620646868268, 0.0, 0.0, 0.0, 0.0, 0.0, 0.0, 0.0, 191.7761963890565, 149.07962803381685, 0.0, 0.0, 0.0, 0.0, 803.3008552284512, 0.0, 0.0, 782.9424883820186, 0.0]
INFORMACIÓN : 7apuestaBundle [803.3008552284512, 797.9384565460014, 786.8602333654451, 263.55771214359856, 149.8820435294797]
INFORMACIÓN : 7positionsBundle [1910, 1906, 2200, 2364, 227]
INFORMACIÓN : 7levelsBundle [3, 3, 3, 2, 1]
INFORMACIÓN : 7positionsOrdered [1910, 1906, 2200, 2364, 227]
INFORMACIÓN : 7levelsOrdered [3, 3, 3, 2, 1]
INFORMACIÓN : 7partialityOrdered [3, 3, 3, 2, 1]
INFORMACIÓN : 7arrivalTimes [7.321184776224079, 11.32118477622408, 19.806466150462647, 34.124287213739, 79.0464421041714]
INFORMACIÓN : 8historia1[0.0, 0.0, 0.0, 0.0, 0.0, 0.0, 784.8332143382477, 263.55771214359856, 0.0, 0.0, 0.0, 801.6252224115889, 785.867550876907, 0.0, 302.07310000523796, 135.26931411500965, 0.0, 266.23783876805976, 0.0, 0.0, 0.0, 794.9420818571133, 0.0, 0.0, 0.0, 0.0, 0.0, 799.7717441531511, 0.0, 149.8820435294797, 0.0, 0.0, 0.0, 0.0, 0.0, 282.39977886202655, 0.0, 0.0, 0.0, 0.0, 0.0, 0.0, 0.0, 0.0, 797.7300409892074, 0.0, 0.0, 0.0, 0.0, 0.0, 0.0, 0.0, 0.0, 0.0, 0.0, 0.0, 805.1249186335946, 0.0, 0.0, 0.0, 266.5519629500154, 0.0, 0.0, 0.0, 0.0, 172.37036719803154, 0.0, 0.0, 762.8723694429821, 0.0, 0.0, 769.2704502614627, 0.0, 0.0, 0.0, 0.0, 0.0, 0.0, 182.48261861163837, 0.0, 0.0, 0.0, 0.0, 0.0, 799.9543431994448, 0.0, 175.1243405582427, 0.0, 0.0, 0.0, 0.0, 0.0, 0.0, 0.0, 43.464475986261505, 0.0, 0.0, 0.0, 0.0, 0.0, 283.6793615076239, 780.1734523239332, 0.0, 0.0, 0.0, 0.0, 0.0, 0.0, 68.3962922326457, 797.9384565460014, 0.0, 0.0, 800.5446380995021, 0.0, 0.0, 270.62482131736704, 0.0, 802.929022782044, 270.9252952756186, 0.0, 0.0, 0.0, 0.0, 0.0, 0.0, 0.0, 0.0, 0.0, 0.0, 0.0, 0.0, 163.42973636043564, 0.0, 789.859592087897, 0.0, 279.53440773063505, 161.67882714477093, 0.0, 0.0, 0.0, 786.8602333654451, 0.0, 0.0, 785.3922286074409, 0.0, 0.0, 0.0, 795.2620646868268, 0.0, 0.0, 0.0, 0.0, 0.0, 0.0, 0.0, 191.7761963890565, 149.07962803381685, 0.0, 0.0, 0.0, 0.0, 803.3008552284512, 0.0, 0.0, 782.9424883820186, 0.0]
INFORMACIÓN : 8apuestaBundle [803.3008552284512, 797.9384565460014, 786.8602333654451, 263.55771214359856, 149.8820435294797]
INFORMACIÓN : 8positionsBundle [1910, 1906, 2200, 2364, 227]
INFORMACIÓN : 8levelsBundle [3, 3, 3, 2, 1]
INFORMACIÓN : 8positionsOrdered [1910, 1906, 2200, 2364, 227]
INFORMACIÓN : 8levelsOrdered [3, 3, 3, 2, 1]
INFORMACIÓN : 8partialityOrdered [3, 3, 3, 2, 1]
INFORMACIÓN : 8arrivalTimes [7.321184776224079, 11.32118477622408, 19.806466150462647, 34.124287213739, 79.0464421041714]
INFORMACIÓN : 9historia2[0.0, 0.0, 0.0, 0.0, 0.0, 0.0, 784.8332143382477, 263.55771214359856, 0.0, 0.0, 0.0, 801.6252224115889, 785.867550876907, 0.0, 302.07310000523796, 135.26931411500965, 0.0, 266.23783876805976, 0.0, 0.0, 0.0, 794.9420818571133, 0.0, 0.0, 0.0, 0.0, 0.0, 799.7717441531511, 0.0, 149.8820435294797, 0.0, 0.0, 0.0, 0.0, 0.0, 282.39977886202655, 0.0, 0.0, 0.0, 0.0, 0.0, 0.0, 0.0, 0.0, 797.7300409892074, 0.0, 0.0, 0.0, 0.0, 0.0, 0.0, 0.0, 0.0, 0.0, 0.0, 0.0, 805.1249186335946, 0.0, 0.0, 0.0, 266.5519629500154, 0.0, 0.0, 0.0, 0.0, 172.37036719803154, 0.0, 0.0, 762.8723694429821, 0.0, 0.0, 769.2704502614627, 0.0, 0.0, 0.0, 0.0, 0.0, 0.0, 182.48261861163837, 0.0, 0.0, 0.0, 0.0, 0.0, 799.9543431994448, 0.0, 175.1243405582427, 0.0, 0.0, 0.0, 0.0, 0.0, 0.0, 0.0, 43.464475986261505, 0.0, 0.0, 0.0, 0.0, 0.0, 283.6793615076239, 780.1734523239332, 0.0, 0.0, 0.0, 0.0, 0.0, 0.0, 68.3962922326457, 797.9384565460014, 0.0, 0.0, 800.5446380995021, 0.0, 0.0, 270.62482131736704, 0.0, 802.929022782044, 270.9252952756186, 0.0, 0.0, 0.0, 0.0, 0.0, 0.0, 0.0, 0.0, 0.0, 0.0, 0.0, 0.0, 163.42973636043564, 0.0, 789.859592087897, 0.0, 279.53440773063505, 161.67882714477093, 0.0, 0.0, 0.0, 786.8602333654451, 0.0, 0.0, 785.3922286074409, 0.0, 0.0, 0.0, 795.2620646868268, 0.0, 0.0, 0.0, 0.0, 0.0, 0.0, 0.0, 191.7761963890565, 149.07962803381685, 0.0, 0.0, 0.0, 0.0, 803.3008552284512, 0.0, 0.0, 782.9424883820186, 0.0]
INFORMACIÓN : 9apuestaBundle [803.3008552284512, 797.9384565460014, 786.8602333654451, 263.55771214359856, 149.8820435294797]
INFORMACIÓN : 9positionsBundle [1910, 1906, 2200, 2364, 227]
INFORMACIÓN : 9levelsBundle [3, 3, 3, 2, 1]
INFORMACIÓN : 9positionsOrdered [1910, 1906, 2200, 2364, 227]
INFORMACIÓN : 9levelsOrdered [3, 3, 3, 2, 1]
INFORMACIÓN : 9partialityOrdered [3, 3, 3, 2, 1]
INFORMACIÓN : 9arrivalTimes [7.321184776224079, 11.32118477622408, 19.806466150462647, 34.124287213739, 79.0464421041714]
INFORMACIÓN : 10historia3[0.0, 0.0, 0.0, 0.0, 0.0, 0.0, 784.8332143382477, 263.55771214359856, 0.0, 0.0, 0.0, 801.6252224115889, 785.867550876907, 0.0, 302.07310000523796, 135.26931411500965, 0.0, 266.23783876805976, 0.0, 0.0, 0.0, 794.9420818571133, 0.0, 0.0, 0.0, 373.5288625852052, 0.0, 799.7717441531511, 0.0, 149.8820435294797, 0.0, 337.7996429016567, 0.0, 0.0, 0.0, 282.39977886202655, 0.0, 0.0, 0.0, 0.0, 0.0, 0.0, 0.0, 0.0, 797.7300409892074, 0.0, 337.7996429016567, 0.0, 0.0, 0.0, 0.0, 0.0, 0.0, 0.0, 0.0, 0.0, 805.1249186335946, 0.0, 0.0, 0.0, 266.5519629500154, 0.0, 0.0, 0.0, 0.0, 172.37036719803154, 0.0, 0.0, 762.8723694429821, 0.0, 0.0, 770.9822276906636, 0.0, 0.0, 0.0, 0.0, 0.0, 0.0, 0.0, 0.0, 0.0, 0.0, 0.0, 0.0, 799.9543431994448, 0.0, 175.1243405582427, 0.0, 0.0, 0.0, 0.0, 0.0, 0.0, 0.0, 43.464475986261505, 0.0, 0.0, 0.0, 0.0, 0.0, 0.0, 780.1734523239332, 0.0, 0.0, 0.0, 0.0, 0.0, 0.0, 68.3962922326457, 797.9384565460014, 0.0, 0.0, 800.5446380995021, 0.0, 0.0, 270.62482131736704, 0.0, 802.929022782044, 270.9252952756186, 0.0, 0.0, 0.0, 0.0, 0.0, 0.0, 0.0, 0.0, 0.0, 0.0, 0.0, 0.0, 163.42973636043564, 0.0, 789.859592087897, 0.0, 279.53440773063505, 161.67882714477093, 0.0, 0.0, 0.0, 786.8602333654451, 0.0, 0.0, 795.5759776930736, 0.0, 0.0, 0.0, 795.2620646868268, 0.0, 373.5288625852052, 0.0, 0.0, 0.0, 0.0, 0.0, 191.7761963890565, 149.07962803381685, 0.0, 0.0, 0.0, 0.0, 803.3008552284512, 0.0, 0.0, 782.9424883820186, 0.0]
INFORMACIÓN : 10apuestaBundle [803.3008552284512, 797.9384565460014, 786.8602333654451, 263.55771214359856, 149.8820435294797]
INFORMACIÓN : 10positionsBundle [1910, 1906, 2200, 2364, 227]
INFORMACIÓN : 10levelsBundle [3, 3, 3, 2, 1]
INFORMACIÓN : 10positionsOrdered [1910, 1906, 2200, 2364, 227]
INFORMACIÓN : 10levelsOrdered [3, 3, 3, 2, 1]
INFORMACIÓN : 10partialityOrdered [3, 3, 3, 2, 1]
INFORMACIÓN : 10arrivalTimes [7.321184776224079, 11.32118477622408, 19.806466150462647, 34.124287213739, 79.0464421041714]
INFORMACIÓN : I [MW]; lost Test.myBail@7eac6aab; POS 2364; sensors [AB]; level 2 I paid 263.55771214359856in favour of57@(myturtles,myturtles,bug)@MK-18429 paid 281.1104285812876
INFORMACIÓN : 11historia0[0.0, 0.0, 0.0, 0.0, 0.0, 0.0, 784.8332143382477, 281.1104285812876, 0.0, 0.0, 0.0, 801.6252224115889, 785.867550876907, 0.0, 302.4942682176181, 135.26931411500965, 0.0, 266.23783876805976, 0.0, 0.0, 0.0, 794.9420818571133, 0.0, 0.0, 0.0, 0.0, 0.0, 799.7717441531511, 0.0, 0.0, 0.0, 0.0, 0.0, 0.0, 0.0, 282.39977886202655, 0.0, 0.0, 0.0, 0.0, 0.0, 0.0, 0.0, 0.0, 797.7300409892074, 0.0, 0.0, 0.0, 0.0, 0.0, 0.0, 0.0, 0.0, 0.0, 0.0, 0.0, 805.1249186335946, 0.0, 0.0, 0.0, 266.5519629500154, 0.0, 0.0, 0.0, 0.0, 172.37036719803154, 0.0, 65.72234357122284, 763.0346363754697, 0.0, 0.0, 770.9822276906636, 0.0, 0.0, 0.0, 0.0, 0.0, 0.0, 0.0, 0.0, 0.0, 0.0, 0.0, 0.0, 799.9543431994448, 0.0, 175.1243405582427, 0.0, 0.0, 0.0, 0.0, 0.0, 0.0, 0.0, 43.464475986261505, 0.0, 0.0, 0.0, 0.0, 0.0, 266.962721098625, 780.1734523239332, 0.0, 0.0, 0.0, 0.0, 0.0, 0.0, 68.3962922326457, 797.9384565460014, 0.0, 0.0, 800.5446380995021, 0.0, 0.0, 270.62482131736704, 0.0, 802.929022782044, 269.7734244801211, 0.0, 0.0, 0.0, 38.474204435825776, 0.0, 0.0, 0.0, 0.0, 0.0, 0.0, 0.0, 0.0, 163.42973636043564, 0.0, 789.859592087897, 0.0, 279.53440773063505, 161.67882714477093, 0.0, 0.0, 0.0, 786.8602333654451, 0.0, 0.0, 795.5759776930736, 0.0, 0.0, 0.0, 795.2620646868268, 0.0, 0.0, 0.0, 0.0, 0.0, 0.0, 0.0, 191.7761963890565, 149.07962803381685, 0.0, 0.0, 0.0, 0.0, 803.3008552284512, 0.0, 0.0, 782.9424883820186, 0.0]
INFORMACIÓN : 11apuestaBundle [803.3008552284512, 797.9384565460014, 786.8602333654451, 144.77605272327992, 60.543667780917986]
INFORMACIÓN : 11positionsBundle [1910, 1906, 2200, 1199, 2434]
INFORMACIÓN : 11levelsBundle [3, 3, 3, 1, 2]
INFORMACIÓN : 11positionsOrdered [1910, 1906, 2200, 1199, 2434]
INFORMACIÓN : 11levelsOrdered [3, 3, 3, 1, 2]
INFORMACIÓN : 11partialityOrdered [3, 3, 3, 1, 2]
INFORMACIÓN : 11arrivalTimes [7.321184776224079, 11.32118477622408, 19.806466150462647, 73.11687789151, 182.2133705368586]
INFORMACIÓN : I [MW]; lost Test.myBail@1fbea79a; POS 1199; sensors []; level 1 I paid 144.77605272327992in favour of57@(myturtles,myturtles,bug)@MK-18429 paid 158.7374932503
INFORMACIÓN : 12historia0[0.0, 0.0, 0.0, 0.0, 0.0, 0.0, 784.995867773916, 0.0, 0.0, 0.0, 0.0, 801.6252224115889, 785.867550876907, 0.0, 302.4942682176181, 0.0, 0.0, 282.9820951404827, 0.0, 158.7374932503, 0.0, 794.9420818571133, 0.0, 742.1904109555826, 0.0, 0.0, 293.10683759534896, 799.7717441531511, 0.0, 0.0, 0.0, 0.0, 0.0, 0.0, 0.0, 0.0, 0.0, 0.0, 0.0, 0.0, 0.0, 0.0, 0.0, 0.0, 797.7300409892074, 0.0, 0.0, 0.0, 0.0, 0.0, 0.0, 179.79592404730246, 0.0, 0.0, 0.0, 0.0, 805.1249186335946, 0.0, 0.0, 0.0, 266.5519629500154, 0.0, 0.0, 0.0, 0.0, 172.37036719803154, 0.0, 0.0, 763.0346363754697, 0.0, 0.0, 770.9822276906636, 0.0, 0.0, 0.0, 0.0, 0.0, 0.0, 0.0, 0.0, 0.0, 0.0, 0.0, 0.0, 799.9543431994448, 0.0, 175.1243405582427, 0.0, 0.0, 0.0, 273.86641210416263, 0.0, 0.0, 0.0, 0.0, 0.0, 0.0, 0.0, 0.0, 0.0, 266.962721098625, 780.2546913074518, 0.0, 0.0, 0.0, 0.0, 0.0, 0.0, 0.0, 797.9384565460014, 0.0, 0.0, 800.5446380995021, 0.0, 0.0, 0.0, 0.0, 802.929022782044, 0.0, 0.0, 0.0, 0.0, 0.0, 0.0, 0.0, 67.03384747277153, 0.0, 0.0, 0.0, 0.0, 0.0, 0.0, 0.0, 789.859592087897, 0.0, 280.21667091743416, 0.0, 0.0, 0.0, 0.0, 786.8602333654451, 0.0, 0.0, 795.5759776930736, 0.0, 0.0, 0.0, 799.9196471628939, 0.0, 0.0, 0.0, 0.0, 0.0, 0.0, 0.0, 193.22226832121703, 157.35832187617103, 0.0, 0.0, 0.0, 0.0, 803.3008552284512, 268.3498359229148, 0.0, 782.9424883820186, 0.0]
INFORMACIÓN : 12apuestaBundle [803.3008552284512, 797.9384565460014, 786.8602333654451, 60.543667780917986, 52.6025279457599, 52.6025279457599]
INFORMACIÓN : 12positionsBundle [1910, 1906, 2200, 2434, 2493, 2493]
INFORMACIÓN : 12levelsBundle [3, 3, 3, 2, 2, 2]
INFORMACIÓN : 12positionsOrdered [1910, 1906, 2200, 2434, 2493, 2493]
INFORMACIÓN : 12levelsOrdered [3, 3, 3, 2, 2, 2]
INFORMACIÓN : 12partialityOrdered [3, 3, 3, 2, 3, 3]
INFORMACIÓN : 12arrivalTimes [7.321184776224079, 11.32118477622408, 19.806466150462647, 54.04095168771003, 63.096336825847445, 63.096336825847445]
INFORMACIÓN : I [MW]; lost Test.myBail@18523cf5; POS 2493; sensors [AB]; level 2 I paid 52.6025279457599in favour of57@(myturtles,myturtles,bug)@MK-18429 paid 65.24304403750125
INFORMACIÓN : 13historia0[0.0, 0.0, 0.0, 0.0, 0.0, 0.0, 784.995867773916, 0.0, 0.0, 0.0, 0.0, 801.6252224115889, 785.867550876907, 0.0, 302.4942682176181, 0.0, 0.0, 282.9820951404827, 0.0, 0.0, 0.0, 794.9420818571133, 0.0, 742.2716899963821, 0.0, 0.0, 293.10683759534896, 799.7717441531511, 0.0, 145.57889733348458, 0.0, 0.0, 0.0, 0.0, 0.0, 275.8198670827761, 65.24304403750125, 0.0, 0.0, 0.0, 0.0, 0.0, 0.0, 0.0, 797.7300409892074, 0.0, 0.0, 0.0, 0.0, 60.543667780917986, 0.0, 0.0, 0.0, 0.0, 0.0, 0.0, 805.1249186335946, 0.0, 0.0, 0.0, 266.5519629500154, 0.0, 0.0, 0.0, 0.0, 172.37036719803154, 0.0, 0.0, 763.0346363754697, 0.0, 0.0, 770.9822276906636, 0.0, 0.0, 0.0, 0.0, 0.0, 0.0, 163.2557347899599, 0.0, 0.0, 0.0, 0.0, 0.0, 799.9543431994448, 0.0, 175.1243405582427, 0.0, 0.0, 0.0, 273.86641210416263, 0.0, 0.0, 0.0, 0.0, 0.0, 0.0, 0.0, 0.0, 0.0, 0.0, 780.2546913074518, 0.0, 0.0, 0.0, 0.0, 65.24304403750125, 0.0, 67.25512055946052, 797.9384565460014, 0.0, 0.0, 800.5446380995021, 0.0, 0.0, 248.99064370069803, 0.0, 802.929022782044, 0.0, 0.0, 0.0, 0.0, 0.0, 0.0, 0.0, 67.03384747277153, 0.0, 0.0, 0.0, 0.0, 0.0, 124.30313104337039, 0.0, 789.859592087897, 0.0, 0.0, 138.13855656595493, 0.0, 0.0, 0.0, 786.8602333654451, 0.0, 0.0, 795.5759776930736, 0.0, 0.0, 0.0, 799.9196471628939, 0.0, 0.0, 0.0, 0.0, 0.0, 0.0, 0.0, 193.22226832121703, 156.48664173293628, 0.0, 0.0, 0.0, 0.0, 803.3008552284512, 268.3498359229148, 0.0, 782.9424883820186, 0.0]
INFORMACIÓN : 13apuestaBundle [803.3008552284512, 797.9384565460014, 786.8602333654451, 60.543667780917986, 252.00324513288638]
INFORMACIÓN : 13positionsBundle [1910, 1906, 2200, 2434, 1396]
INFORMACIÓN : 13levelsBundle [3, 3, 3, 2, 2]
INFORMACIÓN : 13positionsOrdered [1910, 1906, 2200, 2434, 1396]
INFORMACIÓN : 13levelsOrdered [3, 3, 3, 2, 2]
INFORMACIÓN : 13partialityOrdered [3, 3, 3, 2, 2]
INFORMACIÓN : 13arrivalTimes [7.321184776224079, 11.32118477622408, 19.806466150462647, 54.04095168771003, 113.30135161709234]
INFORMACIÓN : 14historia0[0.0, 0.0, 0.0, 0.0, 0.0, 0.0, 784.995867773916, 0.0, 0.0, 0.0, 0.0, 801.6252224115889, 785.867550876907, 0.0, 302.4942682176181, 0.0, 0.0, 282.9820951404827, 0.0, 0.0, 0.0, 794.9420818571133, 0.0, 742.2716899963821, 0.0, 0.0, 293.10683759534896, 799.7717441531511, 0.0, 145.57889733348458, 0.0, 0.0, 0.0, 0.0, 0.0, 275.8198670827761, 65.24304403750125, 0.0, 0.0, 0.0, 0.0, 0.0, 0.0, 0.0, 797.7300409892074, 0.0, 0.0, 0.0, 0.0, 60.543667780917986, 0.0, 0.0, 0.0, 0.0, 0.0, 0.0, 805.1249186335946, 0.0, 0.0, 0.0, 266.5519629500154, 0.0, 0.0, 0.0, 0.0, 172.37036719803154, 0.0, 0.0, 763.0346363754697, 0.0, 0.0, 770.9822276906636, 0.0, 0.0, 0.0, 0.0, 0.0, 0.0, 163.2557347899599, 0.0, 0.0, 0.0, 0.0, 0.0, 799.9543431994448, 0.0, 175.1243405582427, 0.0, 0.0, 0.0, 273.86641210416263, 0.0, 0.0, 0.0, 0.0, 0.0, 0.0, 0.0, 0.0, 0.0, 252.00324513288638, 780.2546913074518, 0.0, 0.0, 0.0, 0.0, 65.24304403750125, 0.0, 67.25512055946052, 797.9384565460014, 0.0, 0.0, 800.5446380995021, 0.0, 0.0, 248.99064370069803, 0.0, 802.929022782044, 0.0, 0.0, 0.0, 0.0, 0.0, 0.0, 0.0, 0.0, 0.0, 0.0, 0.0, 0.0, 0.0, 124.30313104337039, 0.0, 789.859592087897, 0.0, 0.0, 0.0, 0.0, 0.0, 0.0, 786.8602333654451, 0.0, 0.0, 795.5759776930736, 0.0, 0.0, 0.0, 799.9196471628939, 0.0, 0.0, 0.0, 0.0, 0.0, 0.0, 0.0, 193.22226832121703, 156.48664173293628, 0.0, 0.0, 0.0, 0.0, 803.3008552284512, 268.3498359229148, 0.0, 782.9424883820186, 0.0]
INFORMACIÓN : 14apuestaBundle [803.3008552284512, 797.9384565460014, 786.8602333654451, 60.543667780917986, 252.00324513288638]
INFORMACIÓN : 14positionsBundle [1910, 1906, 2200, 2434, 1396]
INFORMACIÓN : 14levelsBundle [3, 3, 3, 2, 2]
INFORMACIÓN : 14positionsOrdered [1910, 1906, 2200, 2434, 1396]
INFORMACIÓN : 14levelsOrdered [3, 3, 3, 2, 2]
INFORMACIÓN : 14partialityOrdered [3, 3, 3, 2, 2]
INFORMACIÓN : 14arrivalTimes [7.321184776224079, 11.32118477622408, 19.806466150462647, 54.04095168771003, 113.30135161709234]
INFORMACIÓN : 15historia0[0.0, 0.0, 0.0, 0.0, 0.0, 0.0, 784.995867773916, 0.0, 0.0, 0.0, 0.0, 801.6252224115889, 785.867550876907, 0.0, 302.4942682176181, 0.0, 0.0, 282.9820951404827, 0.0, 0.0, 0.0, 794.9420818571133, 0.0, 742.2716899963821, 0.0, 0.0, 293.10683759534896, 799.7717441531511, 0.0, 145.57889733348458, 0.0, 0.0, 0.0, 0.0, 0.0, 275.8198670827761, 0.0, 0.0, 0.0, 0.0, 0.0, 0.0, 0.0, 0.0, 797.7300409892074, 0.0, 0.0, 0.0, 0.0, 60.543667780917986, 0.0, 0.0, 0.0, 0.0, 0.0, 0.0, 805.1249186335946, 0.0, 0.0, 0.0, 266.5519629500154, 0.0, 0.0, 0.0, 0.0, 172.37036719803154, 0.0, 0.0, 763.0346363754697, 0.0, 0.0, 770.9822276906636, 0.0, 0.0, 0.0, 0.0, 0.0, 0.0, 163.2557347899599, 0.0, 0.0, 0.0, 0.0, 0.0, 799.9543431994448, 0.0, 175.1243405582427, 0.0, 0.0, 0.0, 273.86641210416263, 0.0, 0.0, 0.0, 0.0, 0.0, 0.0, 0.0, 0.0, 0.0, 252.00324513288638, 780.2546913074518, 0.0, 0.0, 0.0, 0.0, 0.0, 0.0, 67.25512055946052, 797.9384565460014, 0.0, 0.0, 800.5446380995021, 0.0, 0.0, 248.99064370069803, 0.0, 802.929022782044, 0.0, 0.0, 0.0, 0.0, 0.0, 0.0, 0.0, 0.0, 0.0, 0.0, 0.0, 0.0, 0.0, 124.30313104337039, 0.0, 789.859592087897, 0.0, 0.0, 0.0, 0.0, 0.0, 0.0, 786.8602333654451, 0.0, 0.0, 795.5759776930736, 0.0, 0.0, 0.0, 799.9196471628939, 0.0, 0.0, 0.0, 0.0, 0.0, 0.0, 0.0, 193.22226832121703, 156.48664173293628, 0.0, 0.0, 0.0, 0.0, 803.3008552284512, 268.3498359229148, 0.0, 782.9424883820186, 0.0]
INFORMACIÓN : 15apuestaBundle [803.3008552284512, 797.9384565460014, 786.8602333654451, 60.543667780917986, 252.00324513288638]
INFORMACIÓN : 15positionsBundle [1910, 1906, 2200, 2434, 1396]
INFORMACIÓN : 15levelsBundle [3, 3, 3, 2, 2]
INFORMACIÓN : 15positionsOrdered [1910, 1906, 2200, 2434, 1396]
INFORMACIÓN : 15levelsOrdered [3, 3, 3, 2, 2]
INFORMACIÓN : 15partialityOrdered [3, 3, 3, 2, 2]
INFORMACIÓN : 15arrivalTimes [7.321184776224079, 11.32118477622408, 19.806466150462647, 54.04095168771003, 113.30135161709234]
INFORMACIÓN : 16historia0[0.0, 0.0, 0.0, 0.0, 0.0, 0.0, 784.995867773916, 0.0, 0.0, 0.0, 0.0, 801.6252224115889, 785.867550876907, 0.0, 302.4942682176181, 0.0, 0.0, 282.9820951404827, 0.0, 0.0, 0.0, 794.9420818571133, 0.0, 742.2716899963821, 0.0, 0.0, 293.10683759534896, 799.7717441531511, 0.0, 145.57889733348458, 0.0, 0.0, 0.0, 0.0, 0.0, 275.8198670827761, 0.0, 0.0, 0.0, 0.0, 0.0, 0.0, 0.0, 0.0, 797.7300409892074, 0.0, 0.0, 0.0, 0.0, 60.543667780917986, 0.0, 0.0, 0.0, 0.0, 0.0, 0.0, 805.1249186335946, 0.0, 0.0, 0.0, 266.5519629500154, 0.0, 0.0, 0.0, 0.0, 172.37036719803154, 0.0, 0.0, 763.0346363754697, 0.0, 0.0, 770.9822276906636, 0.0, 0.0, 0.0, 0.0, 0.0, 0.0, 163.2557347899599, 0.0, 0.0, 0.0, 0.0, 0.0, 799.9543431994448, 0.0, 175.1243405582427, 0.0, 0.0, 0.0, 273.86641210416263, 0.0, 0.0, 0.0, 0.0, 0.0, 0.0, 0.0, 0.0, 0.0, 252.00324513288638, 780.2546913074518, 0.0, 0.0, 0.0, 0.0, 0.0, 0.0, 67.25512055946052, 797.9384565460014, 0.0, 0.0, 800.5446380995021, 0.0, 0.0, 248.99064370069803, 0.0, 802.929022782044, 0.0, 0.0, 0.0, 0.0, 0.0, 0.0, 0.0, 0.0, 0.0, 0.0, 0.0, 0.0, 0.0, 124.30313104337039, 0.0, 789.859592087897, 0.0, 0.0, 0.0, 0.0, 0.0, 0.0, 786.8602333654451, 0.0, 0.0, 795.5759776930736, 0.0, 0.0, 0.0, 799.9196471628939, 0.0, 0.0, 0.0, 0.0, 0.0, 0.0, 0.0, 193.22226832121703, 156.48664173293628, 0.0, 0.0, 0.0, 0.0, 803.3008552284512, 268.3498359229148, 0.0, 782.9424883820186, 0.0]
INFORMACIÓN : 16apuestaBundle [803.3008552284512, 797.9384565460014, 786.8602333654451, 60.543667780917986, 252.00324513288638]
INFORMACIÓN : 16positionsBundle [1910, 1906, 2200, 2434, 1396]
INFORMACIÓN : 16levelsBundle [3, 3, 3, 2, 2]
INFORMACIÓN : 16positionsOrdered [1910, 1906, 2200, 2434, 1396]
INFORMACIÓN : 16levelsOrdered [3, 3, 3, 2, 2]
INFORMACIÓN : 16partialityOrdered [3, 3, 3, 2, 2]
INFORMACIÓN : 16arrivalTimes [7.321184776224079, 11.32118477622408, 19.806466150462647, 54.04095168771003, 113.30135161709234]
INFORMACIÓN : 17historia0[0.0, 0.0, 0.0, 0.0, 0.0, 0.0, 784.995867773916, 0.0, 0.0, 0.0, 0.0, 801.6252224115889, 785.867550876907, 0.0, 302.4942682176181, 0.0, 0.0, 282.9820951404827, 0.0, 0.0, 0.0, 794.9420818571133, 0.0, 742.2716899963821, 0.0, 0.0, 293.10683759534896, 799.7717441531511, 0.0, 145.57889733348458, 0.0, 0.0, 0.0, 0.0, 0.0, 275.8198670827761, 0.0, 0.0, 0.0, 0.0, 0.0, 0.0, 0.0, 0.0, 797.7300409892074, 0.0, 0.0, 0.0, 0.0, 60.543667780917986, 0.0, 0.0, 0.0, 0.0, 0.0, 0.0, 805.1249186335946, 0.0, 0.0, 0.0, 266.5519629500154, 0.0, 0.0, 0.0, 0.0, 172.37036719803154, 0.0, 0.0, 763.0346363754697, 0.0, 0.0, 770.9822276906636, 0.0, 0.0, 0.0, 0.0, 0.0, 0.0, 163.2557347899599, 0.0, 0.0, 0.0, 0.0, 0.0, 799.9543431994448, 0.0, 175.1243405582427, 0.0, 0.0, 0.0, 273.86641210416263, 0.0, 0.0, 0.0, 0.0, 0.0, 0.0, 0.0, 0.0, 0.0, 252.00324513288638, 780.2546913074518, 0.0, 0.0, 0.0, 0.0, 0.0, 0.0, 67.25512055946052, 797.9384565460014, 0.0, 0.0, 800.5446380995021, 0.0, 0.0, 248.99064370069803, 0.0, 802.929022782044, 0.0, 0.0, 0.0, 0.0, 0.0, 0.0, 0.0, 0.0, 0.0, 0.0, 0.0, 0.0, 0.0, 124.30313104337039, 0.0, 789.859592087897, 0.0, 0.0, 0.0, 0.0, 0.0, 0.0, 786.8602333654451, 0.0, 0.0, 795.5759776930736, 0.0, 0.0, 0.0, 799.9196471628939, 0.0, 0.0, 0.0, 0.0, 0.0, 0.0, 0.0, 193.22226832121703, 156.48664173293628, 0.0, 0.0, 0.0, 0.0, 803.3008552284512, 268.3498359229148, 0.0, 782.9424883820186, 0.0]
INFORMACIÓN : 17apuestaBundle [803.3008552284512, 797.9384565460014, 786.8602333654451, 60.543667780917986, 252.00324513288638]
INFORMACIÓN : 17positionsBundle [1910, 1906, 2200, 2434, 1396]
INFORMACIÓN : 17levelsBundle [3, 3, 3, 2, 2]
INFORMACIÓN : 17positionsOrdered [1910, 1906, 2200, 2434, 1396]
INFORMACIÓN : 17levelsOrdered [3, 3, 3, 2, 2]
INFORMACIÓN : 17partialityOrdered [3, 3, 3, 2, 2]
INFORMACIÓN : 17arrivalTimes [7.321184776224079, 11.32118477622408, 19.806466150462647, 54.04095168771003, 113.30135161709234]
INFORMACIÓN : 18historia0[0.0, 0.0, 0.0, 0.0, 0.0, 0.0, 784.995867773916, 0.0, 0.0, 0.0, 0.0, 801.6252224115889, 785.867550876907, 0.0, 302.4942682176181, 0.0, 0.0, 282.9820951404827, 0.0, 0.0, 0.0, 794.9420818571133, 0.0, 742.2716899963821, 0.0, 0.0, 293.10683759534896, 799.7717441531511, 0.0, 145.57889733348458, 0.0, 0.0, 0.0, 0.0, 0.0, 275.8198670827761, 0.0, 0.0, 0.0, 0.0, 0.0, 0.0, 0.0, 0.0, 797.7300409892074, 0.0, 0.0, 0.0, 0.0, 60.543667780917986, 0.0, 0.0, 0.0, 0.0, 0.0, 0.0, 805.1249186335946, 0.0, 0.0, 0.0, 266.5519629500154, 0.0, 0.0, 0.0, 0.0, 172.37036719803154, 0.0, 0.0, 763.0346363754697, 0.0, 0.0, 770.9822276906636, 0.0, 0.0, 0.0, 0.0, 0.0, 0.0, 163.2557347899599, 0.0, 0.0, 0.0, 0.0, 0.0, 799.9543431994448, 0.0, 175.1243405582427, 0.0, 0.0, 0.0, 273.86641210416263, 0.0, 0.0, 0.0, 0.0, 0.0, 0.0, 0.0, 0.0, 0.0, 252.00324513288638, 780.2546913074518, 0.0, 0.0, 0.0, 0.0, 0.0, 0.0, 67.25512055946052, 797.9384565460014, 0.0, 0.0, 800.5446380995021, 0.0, 0.0, 248.99064370069803, 0.0, 802.929022782044, 0.0, 0.0, 0.0, 0.0, 0.0, 0.0, 0.0, 0.0, 0.0, 0.0, 0.0, 0.0, 0.0, 124.30313104337039, 0.0, 789.859592087897, 0.0, 0.0, 0.0, 0.0, 0.0, 0.0, 786.8602333654451, 0.0, 0.0, 795.5759776930736, 0.0, 0.0, 0.0, 799.9196471628939, 0.0, 0.0, 0.0, 0.0, 0.0, 0.0, 0.0, 193.22226832121703, 156.48664173293628, 0.0, 0.0, 0.0, 0.0, 803.3008552284512, 268.3498359229148, 0.0, 782.9424883820186, 0.0]
INFORMACIÓN : 18apuestaBundle [803.3008552284512, 797.9384565460014, 786.8602333654451, 60.543667780917986, 252.00324513288638]
INFORMACIÓN : 18positionsBundle [1910, 1906, 2200, 2434, 1396]
INFORMACIÓN : 18levelsBundle [3, 3, 3, 2, 2]
INFORMACIÓN : 18positionsOrdered [1910, 1906, 2200, 2434, 1396]
INFORMACIÓN : 18levelsOrdered [3, 3, 3, 2, 2]
INFORMACIÓN : 18partialityOrdered [3, 3, 3, 2, 2]
INFORMACIÓN : 18arrivalTimes [7.321184776224079, 11.32118477622408, 19.806466150462647, 54.04095168771003, 113.30135161709234]
INFORMACIÓN : 19historia0[0.0, 0.0, 0.0, 0.0, 0.0, 0.0, 784.995867773916, 0.0, 0.0, 0.0, 0.0, 801.6252224115889, 785.867550876907, 0.0, 302.4942682176181, 0.0, 0.0, 282.9820951404827, 0.0, 0.0, 0.0, 794.9420818571133, 0.0, 742.2716899963821, 0.0, 0.0, 293.10683759534896, 799.7717441531511, 0.0, 145.57889733348458, 0.0, 337.7996429016567, 0.0, 0.0, 0.0, 275.8198670827761, 0.0, 0.0, 0.0, 0.0, 0.0, 0.0, 0.0, 0.0, 797.7300409892074, 0.0, 337.7996429016567, 0.0, 0.0, 60.543667780917986, 0.0, 0.0, 0.0, 0.0, 0.0, 0.0, 805.1249186335946, 0.0, 0.0, 0.0, 266.5519629500154, 0.0, 0.0, 0.0, 0.0, 172.37036719803154, 0.0, 0.0, 763.0346363754697, 0.0, 0.0, 770.9822276906636, 0.0, 0.0, 0.0, 0.0, 0.0, 0.0, 163.2557347899599, 0.0, 0.0, 0.0, 0.0, 0.0, 799.9543431994448, 0.0, 175.1243405582427, 0.0, 0.0, 0.0, 273.86641210416263, 0.0, 0.0, 0.0, 0.0, 0.0, 0.0, 0.0, 0.0, 0.0, 252.00324513288638, 780.2546913074518, 0.0, 0.0, 0.0, 0.0, 0.0, 0.0, 67.25512055946052, 797.9384565460014, 0.0, 0.0, 800.5446380995021, 0.0, 0.0, 248.99064370069803, 0.0, 802.929022782044, 0.0, 0.0, 0.0, 0.0, 0.0, 0.0, 0.0, 0.0, 0.0, 0.0, 0.0, 0.0, 0.0, 124.30313104337039, 0.0, 789.859592087897, 0.0, 0.0, 0.0, 0.0, 0.0, 0.0, 786.8602333654451, 0.0, 0.0, 795.7387105180453, 0.0, 0.0, 0.0, 799.9196471628939, 0.0, 341.9818734446887, 0.0, 0.0, 0.0, 0.0, 0.0, 193.22226832121703, 156.48664173293628, 0.0, 0.0, 0.0, 0.0, 803.3008552284512, 268.3498359229148, 0.0, 782.9424883820186, 0.0]
INFORMACIÓN : 19apuestaBundle [803.3008552284512, 797.9384565460014, 786.8602333654451, 60.543667780917986, 252.00324513288638]
INFORMACIÓN : 19positionsBundle [1910, 1906, 2200, 2434, 1396]
INFORMACIÓN : 19levelsBundle [3, 3, 3, 2, 2]
INFORMACIÓN : 19positionsOrdered [1910, 1906, 2200, 2434, 1396]
INFORMACIÓN : 19levelsOrdered [3, 3, 3, 2, 2]
INFORMACIÓN : 19partialityOrdered [3, 3, 3, 2, 2]
INFORMACIÓN : 19arrivalTimes [7.321184776224079, 11.32118477622408, 19.806466150462647, 54.04095168771003, 113.30135161709234]
INFORMACIÓN : I [MW]; lost Test.myBail@43687230; POS 2434; sensors [IR]; level 2 I paid 60.543667780917986in favour of57@(myturtles,myturtles,bug)@MK-18429 paid 74.51953366847852
INFORMACIÓN : 20historia0[0.0, 0.0, 0.0, 0.0, 0.0, 0.0, 784.995867773916, 0.0, 0.0, 0.0, 0.0, 801.6252224115889, 785.867550876907, 0.0, 0.0, 0.0, 0.0, 282.9820951404827, 0.0, 158.7374932503, 0.0, 794.9420818571133, 0.0, 742.2716899963821, 0.0, 0.0, 293.10683759534896, 799.7717441531511, 0.0, 0.0, 0.0, 0.0, 0.0, 0.0, 0.0, 275.8198670827761, 0.0, 0.0, 0.0, 0.0, 0.0, 0.0, 0.0, 0.0, 797.7300409892074, 0.0, 0.0, 0.0, 0.0, 74.51953366847852, 0.0, 179.79592404730246, 0.0, 0.0, 0.0, 0.0, 805.1249186335946, 0.0, 0.0, 0.0, 266.5519629500154, 0.0, 0.0, 0.0, 0.0, 172.37036719803154, 0.0, 0.0, 763.0346363754697, 0.0, 0.0, 770.9822276906636, 0.0, 0.0, 0.0, 0.0, 0.0, 0.0, 0.0, 0.0, 0.0, 0.0, 0.0, 0.0, 799.9543431994448, 0.0, 175.1243405582427, 0.0, 0.0, 0.0, 273.86641210416263, 0.0, 0.0, 0.0, 0.0, 0.0, 0.0, 0.0, 0.0, 0.0, 0.0, 780.2546913074518, 0.0, 0.0, 0.0, 0.0, 0.0, 0.0, 67.25512055946052, 797.9384565460014, 0.0, 0.0, 800.5446380995021, 0.0, 0.0, 248.99064370069803, 0.0, 802.929022782044, 0.0, 0.0, 0.0, 0.0, 0.0, 0.0, 0.0, 0.0, 0.0, 0.0, 0.0, 0.0, 0.0, 124.30313104337039, 0.0, 789.859592087897, 0.0, 0.0, 0.0, 0.0, 0.0, 0.0, 786.8602333654451, 0.0, 0.0, 795.7387105180453, 0.0, 0.0, 0.0, 799.9196471628939, 0.0, 0.0, 0.0, 0.0, 0.0, 0.0, 0.0, 193.22226832121703, 156.48664173293628, 0.0, 0.0, 0.0, 0.0, 803.3008552284512, 268.3498359229148, 77.79432571213556, 782.9424883820186, 0.0]
INFORMACIÓN : 20apuestaBundle [803.3008552284512, 797.9384565460014, 786.8602333654451, 268.5057149463005]
INFORMACIÓN : 20positionsBundle [1910, 1906, 2200, 2276]
INFORMACIÓN : 20levelsBundle [3, 3, 3, 2]
INFORMACIÓN : 20positionsOrdered [1910, 1906, 2200, 2276]
INFORMACIÓN : 20levelsOrdered [3, 3, 3, 2]
INFORMACIÓN : 20partialityOrdered [3, 3, 3, 2]
INFORMACIÓN : 20arrivalTimes [7.321184776224079, 11.32118477622408, 19.806466150462647, 45.82568981297803]
INFORMACIÓN : 21historia0[0.0, 0.0, 0.0, 0.0, 0.0, 0.0, 784.995867773916, 0.0, 0.0, 0.0, 0.0, 801.6252224115889, 785.867550876907, 0.0, 268.5057149463005, 0.0, 0.0, 0.0, 0.0, 158.7374932503, 0.0, 794.9420818571133, 0.0, 742.2716899963821, 0.0, 0.0, 252.6907791217809, 799.7717441531511, 0.0, 0.0, 0.0, 0.0, 0.0, 0.0, 0.0, 275.8198670827761, 0.0, 0.0, 0.0, 0.0, 0.0, 0.0, 0.0, 0.0, 797.7300409892074, 48.34209178502124, 0.0, 0.0, 0.0, 74.51953366847852, 0.0, 179.79592404730246, 0.0, 0.0, 0.0, 0.0, 805.1249186335946, 0.0, 0.0, 0.0, 266.15820842451467, 0.0, 0.0, 0.0, 90.4411405389961, 172.37036719803154, 0.0, 0.0, 763.0346363754697, 0.0, 0.0, 770.9822276906636, 0.0, 0.0, 0.0, 0.0, 0.0, 0.0, 0.0, 0.0, 0.0, 0.0, 0.0, 0.0, 799.9543431994448, 0.0, 175.1243405582427, 0.0, 0.0, 0.0, 0.0, 0.0, 0.0, 0.0, 0.0, 0.0, 0.0, 0.0, 0.0, 0.0, 0.0, 780.2546913074518, 0.0, 0.0, 0.0, 0.0, 0.0, 0.0, 0.0, 797.9384565460014, 0.0, 0.0, 800.5446380995021, 0.0, 0.0, 270.62482131736704, 0.0, 802.929022782044, 0.0, 0.0, 0.0, 0.0, 0.0, 0.0, 0.0, 0.0, 0.0, 0.0, 0.0, 0.0, 0.0, 0.0, 0.0, 789.859592087897, 0.0, 0.0, 145.24508413393403, 0.0, 0.0, 0.0, 786.8602333654451, 0.0, 0.0, 795.7387105180453, 0.0, 0.0, 0.0, 799.9196471628939, 0.0, 0.0, 0.0, 0.0, 0.0, 0.0, 0.0, 193.22226832121703, 156.48664173293628, 0.0, 0.0, 0.0, 0.0, 803.3008552284512, 0.0, 77.79432571213556, 782.9424883820186, 0.0]
INFORMACIÓN : 21apuestaBundle [803.3008552284512, 797.9384565460014, 786.8602333654451, 268.5057149463005, 62.78911312235459]
INFORMACIÓN : 21positionsBundle [1910, 1906, 2200, 2276, 1132]
INFORMACIÓN : 21levelsBundle [3, 3, 3, 2, 1]
INFORMACIÓN : 21positionsOrdered [1910, 1906, 2200, 2276, 1132]
INFORMACIÓN : 21levelsOrdered [3, 3, 3, 2, 1]
INFORMACIÓN : 21partialityOrdered [3, 3, 3, 2, 2]
INFORMACIÓN : 21arrivalTimes [7.321184776224079, 11.32118477622408, 19.806466150462647, 45.82568981297803, 69.59541846098745]
INFORMACIÓN : I [MW]; lost Test.myBail@5f835a8d; POS 1132; sensors []; level 1 I paid 62.78911312235459in favour of57@(myturtles,myturtles,bug)@MK-18429 paid 67.32983608009029
INFORMACIÓN : 22historia0[0.0, 0.0, 0.0, 0.0, 0.0, 0.0, 784.995867773916, 0.0, 0.0, 67.32983608009029, 0.0, 801.6252224115889, 785.867550876907, 0.0, 268.5057149463005, 0.0, 0.0, 260.50955674802043, 0.0, 158.7374932503, 0.0, 794.9420818571133, 0.0, 763.1151765518227, 0.0, 0.0, 0.0, 799.7717441531511, 0.0, 0.0, 0.0, 0.0, 57.403212910146976, 0.0, 0.0, 275.8198670827761, 0.0, 0.0, 0.0, 0.0, 0.0, 0.0, 22.84193216829641, 0.0, 797.7300409892074, 0.0, 0.0, 0.0, 0.0, 74.51953366847852, 0.0, 179.79592404730246, 0.0, 0.0, 0.0, 0.0, 805.1249186335946, 0.0, 0.0, 0.0, 266.15820842451467, 0.0, 0.0, 0.0, 0.0, 172.37036719803154, 0.0, 0.0, 763.0346363754697, 0.0, 0.0, 770.9822276906636, 0.0, 0.0, 0.0, 0.0, 0.0, 0.0, 0.0, 0.0, 0.0, 22.84193216829641, 0.0, 0.0, 799.9543431994448, 0.0, 175.1243405582427, 0.0, 0.0, 0.0, 0.0, 0.0, 0.0, 0.0, 0.0, 0.0, 0.0, 0.0, 0.0, 0.0, 0.0, 780.2546913074518, 0.0, 0.0, 0.0, 0.0, 0.0, 0.0, 0.0, 797.9384565460014, 0.0, 0.0, 800.5446380995021, 0.0, 0.0, 270.62482131736704, 0.0, 802.929022782044, 0.0, 0.0, 0.0, 0.0, 38.474204435825776, 0.0, 0.0, 0.0, 0.0, 0.0, 0.0, 0.0, 0.0, 159.44712990771995, 0.0, 789.859592087897, 0.0, 0.0, 161.67882714477093, 0.0, 0.0, 0.0, 786.8602333654451, 0.0, 0.0, 795.7387105180453, 0.0, 0.0, 0.0, 799.9196471628939, 0.0, 0.0, 0.0, 0.0, 0.0, 0.0, 0.0, 193.22226832121703, 156.48664173293628, 0.0, 0.0, 0.0, 0.0, 803.3008552284512, 0.0, 0.0, 782.9424883820186, 0.0]
INFORMACIÓN : 22apuestaBundle [803.3008552284512, 797.9384565460014, 786.8602333654451, 268.5057149463005, 48.76280575674309]
INFORMACIÓN : 22positionsBundle [1910, 1906, 2200, 2276, 1396]
INFORMACIÓN : 22levelsBundle [3, 3, 3, 2, 1]
INFORMACIÓN : 22positionsOrdered [1910, 1906, 2200, 2276, 1396]
INFORMACIÓN : 22levelsOrdered [3, 3, 3, 2, 1]
INFORMACIÓN : 22partialityOrdered [3, 3, 3, 2, 2]
INFORMACIÓN : 22arrivalTimes [7.321184776224079, 11.32118477622408, 19.806466150462647, 45.82568981297803, 72.73293790712545]
INFORMACIÓN : I [MW]; lost Test.myBail@11c7ca3a; POS 1396; sensors []; level 1 I paid 48.76280575674309in favour of57@(myturtles,myturtles,bug)@MK-18429 paid 63.65287371345364
INFORMACIÓN : 23historia0[0.0, 0.0, 0.0, 0.0, 0.0, 0.0, 784.995867773916, 0.0, 0.0, 0.0, 0.0, 801.6252224115889, 785.867550876907, 0.0, 268.5057149463005, 135.26931411500965, 0.0, 260.50955674802043, 0.0, 158.7374932503, 0.0, 794.9420818571133, 0.0, 763.1151765518227, 0.0, 0.0, 257.5471179430947, 799.7717441531511, 0.0, 0.0, 0.0, 0.0, 0.0, 0.0, 0.0, 0.0, 0.0, 0.0, 0.0, 0.0, 0.0, 0.0, 0.0, 0.0, 797.7300409892074, 0.0, 0.0, 0.0, 0.0, 74.51953366847852, 0.0, 179.79592404730246, 0.0, 0.0, 0.0, 0.0, 805.1249186335946, 62.24740486318808, 0.0, 0.0, 266.5519629500154, 0.0, 0.0, 0.0, 0.0, 172.37036719803154, 0.0, 0.0, 763.0346363754697, 0.0, 0.0, 770.9822276906636, 0.0, 0.0, 0.0, 0.0, 0.0, 0.0, 0.0, 0.0, 0.0, 0.0, 0.0, 0.0, 799.9543431994448, 0.0, 175.1243405582427, 0.0, 0.0, 0.0, 0.0, 0.0, 0.0, 0.0, 0.0, 74.42861857188598, 0.0, 0.0, 0.0, 0.0, 0.0, 780.2546913074518, 0.0, 0.0, 0.0, 0.0, 0.0, 0.0, 68.3962922326457, 797.9384565460014, 0.0, 0.0, 800.5446380995021, 0.0, 0.0, 270.62482131736704, 0.0, 802.929022782044, 0.0, 0.0, 0.0, 0.0, 38.474204435825776, 0.0, 0.0, 0.0, 0.0, 0.0, 0.0, 0.0, 0.0, 159.44712990771995, 0.0, 789.859592087897, 0.0, 0.0, 161.67882714477093, 0.0, 0.0, 0.0, 786.8602333654451, 0.0, 0.0, 795.7387105180453, 0.0, 0.0, 0.0, 799.9196471628939, 0.0, 0.0, 0.0, 0.0, 54.03837000374396, 0.0, 0.0, 0.0, 0.0, 0.0, 0.0, 0.0, 0.0, 803.3008552284512, 0.0, 0.0, 782.9424883820186, 63.65287371345364]
INFORMACIÓN : 23apuestaBundle [803.3008552284512, 797.9384565460014, 786.8602333654451, 268.5057149463005]
INFORMACIÓN : 23positionsBundle [1910, 1906, 2200, 2276]
INFORMACIÓN : 23levelsBundle [3, 3, 3, 2]
INFORMACIÓN : 23positionsOrdered [1910, 1906, 2200, 2276]
INFORMACIÓN : 23levelsOrdered [3, 3, 3, 2]
INFORMACIÓN : 23partialityOrdered [3, 3, 3, 2]
INFORMACIÓN : 23arrivalTimes [7.321184776224079, 11.32118477622408, 19.806466150462647, 45.82568981297803]
INFORMACIÓN : 24historia0[0.0, 0.0, 0.0, 0.0, 0.0, 0.0, 784.995867773916, 0.0, 0.0, 0.0, 0.0, 801.6252224115889, 785.867550876907, 0.0, 268.5057149463005, 135.26931411500965, 0.0, 260.50955674802043, 0.0, 158.7374932503, 0.0, 794.9420818571133, 0.0, 763.1151765518227, 0.0, 0.0, 257.5471179430947, 799.7717441531511, 0.0, 0.0, 0.0, 0.0, 0.0, 0.0, 0.0, 0.0, 0.0, 0.0, 0.0, 0.0, 0.0, 0.0, 58.13536773687247, 0.0, 797.7300409892074, 0.0, 0.0, 0.0, 0.0, 74.51953366847852, 0.0, 179.79592404730246, 0.0, 0.0, 0.0, 0.0, 805.1249186335946, 83.34786528206158, 0.0, 0.0, 266.5519629500154, 0.0, 0.0, 0.0, 0.0, 172.37036719803154, 0.0, 0.0, 763.0346363754697, 0.0, 0.0, 770.9822276906636, 0.0, 0.0, 0.0, 0.0, 0.0, 0.0, 0.0, 0.0, 0.0, 58.13536773687247, 0.0, 0.0, 799.9543431994448, 0.0, 175.1243405582427, 0.0, 0.0, 0.0, 0.0, 0.0, 0.0, 0.5257519434441491, 0.0, 0.0, 0.0, 0.0, 0.0, 0.0, 0.0, 780.2546913074518, 0.0, 0.0, 0.0, 0.0, 0.0, 0.0, 0.0, 797.9384565460014, 0.0, 0.0, 800.5446380995021, 0.0, 0.0, 270.62482131736704, 0.0, 802.929022782044, 0.0, 0.0, 0.0, 0.0, 64.7928189846098, 0.0, 0.0, 0.0, 0.0, 0.0, 0.0, 0.0, 0.0, 0.0, 0.0, 789.859592087897, 0.0, 0.0, 0.0, 0.0, 0.0, 0.0, 786.8602333654451, 0.0, 0.0, 795.7387105180453, 0.0, 0.0, 0.0, 799.9196471628939, 0.0, 0.0, 0.0, 0.0, 71.46561396044214, 0.0, 0.0, 189.8071702327643, 142.66846167628864, 0.0, 0.0, 0.0, 0.0, 803.3008552284512, 0.0, 0.0, 782.9424883820186, 63.65287371345364]
INFORMACIÓN : 24apuestaBundle [803.3008552284512, 797.9384565460014, 786.8602333654451, 268.5057149463005, 5.700624466435329]
INFORMACIÓN : 24positionsBundle [1910, 1906, 2200, 2276, 1320]
INFORMACIÓN : 24levelsBundle [3, 3, 3, 2, 1]
INFORMACIÓN : 24positionsOrdered [1910, 1906, 2200, 2276, 1320]
INFORMACIÓN : 24levelsOrdered [3, 3, 3, 2, 1]
INFORMACIÓN : 24partialityOrdered [3, 3, 3, 2, 2]
INFORMACIÓN : 24arrivalTimes [7.321184776224079, 11.32118477622408, 19.806466150462647, 45.82568981297803, 65.7505486581493]
INFORMACIÓN : 25historia0[0.0, 0.0, 0.0, 0.0, 0.0, 0.0, 784.995867773916, 0.0, 0.0, 0.0, 0.0, 801.6252224115889, 785.867550876907, 0.0, 268.5057149463005, 135.26931411500965, 0.0, 260.50955674802043, 0.0, 158.7374932503, 0.0, 794.9420818571133, 0.0, 763.1151765518227, 0.0, 0.0, 257.5471179430947, 799.7717441531511, 0.0, 0.0, 0.0, 0.0, 0.0, 0.0, 0.0, 0.0, 65.24304403750125, 0.0, 0.0, 0.0, 0.0, 0.0, 0.0, 0.0, 797.7300409892074, 0.0, 0.0, 0.0, 0.0, 74.51953366847852, 0.0, 179.79592404730246, 0.0, 0.0, 0.0, 0.0, 805.1249186335946, 83.34786528206158, 0.0, 0.0, 266.5519629500154, 0.0, 0.0, 0.0, 0.0, 172.37036719803154, 0.0, 0.0, 763.0346363754697, 0.0, 0.0, 770.9822276906636, 0.0, 0.0, 0.0, 0.0, 0.0, 0.0, 0.0, 0.0, 0.0, 0.0, 0.0, 0.0, 799.9543431994448, 0.0, 175.1243405582427, 0.0, 0.0, 0.0, 0.0, 0.0, 0.0, 0.5257519434441491, 0.0, 0.0, 0.0, 0.0, 0.0, 0.0, 0.0, 780.2546913074518, 0.0, 0.0, 0.0, 0.0, 0.0, 0.0, 0.0, 797.9384565460014, 0.0, 0.0, 800.5446380995021, 0.0, 0.0, 270.62482131736704, 0.0, 802.929022782044, 0.0, 0.0, 0.0, 0.0, 0.0, 0.0, 0.0, 0.0, 0.0, 0.0, 0.0, 0.0, 0.0, 159.44712990771995, 0.0, 789.859592087897, 0.0, 0.0, 0.0, 0.0, 5.700624466435329, 0.0, 786.8602333654451, 0.0, 0.0, 795.7387105180453, 0.0, 0.0, 0.0, 799.9196471628939, 0.0, 0.0, 0.0, 0.0, 0.0, 0.0, 0.0, 189.8071702327643, 142.66846167628864, 0.0, 0.0, 0.0, 0.0, 803.3008552284512, 0.0, 0.0, 782.9424883820186, 0.0]
INFORMACIÓN : 25apuestaBundle [803.3008552284512, 797.9384565460014, 786.8602333654451, 268.5057149463005, 5.700624466435329]
INFORMACIÓN : 25positionsBundle [1910, 1906, 2200, 2276, 1320]
INFORMACIÓN : 25levelsBundle [3, 3, 3, 2, 1]
INFORMACIÓN : 25positionsOrdered [1910, 1906, 2200, 2276, 1320]
INFORMACIÓN : 25levelsOrdered [3, 3, 3, 2, 1]
INFORMACIÓN : 25partialityOrdered [3, 3, 3, 2, 2]
INFORMACIÓN : 25arrivalTimes [7.321184776224079, 11.32118477622408, 19.806466150462647, 45.82568981297803, 65.7505486581493]
INFORMACIÓN : 26historia0[0.0, 0.0, 0.0, 0.0, 0.0, 0.0, 784.995867773916, 0.0, 0.0, 0.0, 0.0, 801.6252224115889, 785.867550876907, 0.0, 268.5057149463005, 135.26931411500965, 0.0, 260.50955674802043, 0.0, 158.7374932503, 0.0, 794.9420818571133, 0.0, 763.1151765518227, 0.0, 0.0, 257.5471179430947, 799.7717441531511, 0.0, 0.0, 0.0, 0.0, 0.0, 0.0, 0.0, 0.0, 0.0, 0.0, 0.0, 0.0, 0.0, 0.0, 0.0, 0.0, 797.7300409892074, 0.0, 0.0, 0.0, 0.0, 74.51953366847852, 0.0, 179.79592404730246, 0.0, 0.0, 0.0, 0.0, 805.1249186335946, 83.34786528206158, 0.0, 0.0, 266.5519629500154, 0.0, 0.0, 0.0, 0.0, 172.37036719803154, 0.0, 0.0, 763.0346363754697, 0.0, 0.0, 770.9822276906636, 0.0, 0.0, 0.0, 0.0, 0.0, 0.0, 0.0, 0.0, 0.0, 0.0, 0.0, 0.0, 799.9543431994448, 0.0, 175.1243405582427, 0.0, 0.0, 0.0, 0.0, 0.0, 0.0, 0.0, 0.0, 0.0, 0.0, 0.0, 0.0, 0.0, 0.0, 780.2546913074518, 0.0, 0.0, 0.0, 0.0, 0.0, 0.0, 0.0, 797.9384565460014, 0.0, 0.0, 800.5446380995021, 0.0, 0.0, 270.62482131736704, 0.0, 802.929022782044, 0.0, 0.0, 0.0, 0.0, 0.0, 0.0, 0.0, 0.0, 0.0, 0.0, 0.0, 0.0, 0.0, 159.44712990771995, 0.0, 789.859592087897, 0.0, 0.0, 0.0, 0.0, 5.700624466435329, 0.0, 786.8602333654451, 0.0, 0.0, 795.7387105180453, 0.0, 0.0, 0.0, 799.9196471628939, 0.0, 0.0, 0.0, 0.0, 0.0, 0.0, 0.0, 189.8071702327643, 142.66846167628864, 0.0, 0.0, 0.0, 0.0, 803.3008552284512, 0.0, 0.0, 782.9424883820186, 0.0]
INFORMACIÓN : 26apuestaBundle [803.3008552284512, 797.9384565460014, 786.8602333654451, 268.5057149463005, 5.700624466435329]
INFORMACIÓN : 26positionsBundle [1910, 1906, 2200, 2276, 1320]
INFORMACIÓN : 26levelsBundle [3, 3, 3, 2, 1]
INFORMACIÓN : 26positionsOrdered [1910, 1906, 2200, 2276, 1320]
INFORMACIÓN : 26levelsOrdered [3, 3, 3, 2, 1]
INFORMACIÓN : 26partialityOrdered [3, 3, 3, 2, 2]
INFORMACIÓN : 26arrivalTimes [7.321184776224079, 11.32118477622408, 19.806466150462647, 45.82568981297803, 65.7505486581493]
INFORMACIÓN : 27historia0[0.0, 0.0, 0.0, 0.0, 0.0, 0.0, 784.995867773916, 0.0, 0.0, 0.0, 0.0, 801.6252224115889, 785.867550876907, 0.0, 268.5057149463005, 135.26931411500965, 0.0, 260.50955674802043, 0.0, 158.7374932503, 0.0, 794.9420818571133, 0.0, 763.1151765518227, 0.0, 0.0, 257.5471179430947, 799.7717441531511, 0.0, 0.0, 0.0, 0.0, 0.0, 0.0, 0.0, 0.0, 0.0, 0.0, 0.0, 0.0, 0.0, 0.0, 0.0, 0.0, 797.7300409892074, 0.0, 0.0, 0.0, 0.0, 74.51953366847852, 0.0, 179.79592404730246, 0.0, 0.0, 0.0, 0.0, 805.1249186335946, 83.34786528206158, 0.0, 0.0, 266.5519629500154, 0.0, 0.0, 0.0, 0.0, 172.37036719803154, 0.0, 0.0, 763.0346363754697, 0.0, 0.0, 770.9822276906636, 0.0, 0.0, 0.0, 0.0, 0.0, 0.0, 0.0, 0.0, 0.0, 0.0, 0.0, 0.0, 799.9543431994448, 0.0, 175.1243405582427, 0.0, 0.0, 0.0, 0.0, 0.0, 0.0, 0.0, 0.0, 0.0, 0.0, 0.0, 0.0, 0.0, 0.0, 780.2546913074518, 0.0, 0.0, 0.0, 0.0, 0.0, 0.0, 0.0, 797.9384565460014, 0.0, 0.0, 800.5446380995021, 0.0, 0.0, 270.62482131736704, 0.0, 802.929022782044, 0.0, 0.0, 0.0, 0.0, 0.0, 0.0, 0.0, 0.0, 0.0, 0.0, 0.0, 0.0, 0.0, 159.44712990771995, 0.0, 789.859592087897, 0.0, 0.0, 0.0, 0.0, 5.700624466435329, 0.0, 786.8602333654451, 0.0, 0.0, 795.7387105180453, 0.0, 0.0, 0.0, 799.9196471628939, 0.0, 0.0, 0.0, 0.0, 0.0, 0.0, 0.0, 189.8071702327643, 142.66846167628864, 0.0, 0.0, 0.0, 0.0, 803.3008552284512, 0.0, 0.0, 782.9424883820186, 0.0]
INFORMACIÓN : 27apuestaBundle [803.3008552284512, 797.9384565460014, 786.8602333654451, 268.5057149463005, 5.700624466435329]
INFORMACIÓN : 27positionsBundle [1910, 1906, 2200, 2276, 1320]
INFORMACIÓN : 27levelsBundle [3, 3, 3, 2, 1]
INFORMACIÓN : 27positionsOrdered [1910, 1906, 2200, 2276, 1320]
INFORMACIÓN : 27levelsOrdered [3, 3, 3, 2, 1]
INFORMACIÓN : 27partialityOrdered [3, 3, 3, 2, 2]
INFORMACIÓN : 27arrivalTimes [7.321184776224079, 11.32118477622408, 19.806466150462647, 45.82568981297803, 65.7505486581493]
INFORMACIÓN : 28historia0[0.0, 0.0, 0.0, 0.0, 0.0, 0.0, 784.995867773916, 0.0, 0.0, 0.0, 0.0, 801.6252224115889, 785.867550876907, 0.0, 268.5057149463005, 135.26931411500965, 0.0, 260.50955674802043, 0.0, 158.7374932503, 0.0, 794.9420818571133, 0.0, 763.1151765518227, 0.0, 373.5288625852052, 257.5471179430947, 799.7717441531511, 0.0, 0.0, 0.0, 369.37649992930966, 0.0, 0.0, 0.0, 0.0, 0.0, 0.0, 0.0, 0.0, 0.0, 0.0, 0.0, 0.0, 797.7300409892074, 0.0, 337.7996429016567, 0.0, 0.0, 74.51953366847852, 0.0, 179.79592404730246, 0.0, 0.0, 0.0, 0.0, 805.1249186335946, 83.34786528206158, 0.0, 0.0, 266.5519629500154, 0.0, 0.0, 0.0, 0.0, 172.37036719803154, 0.0, 0.0, 763.0346363754697, 0.0, 0.0, 770.9822276906636, 0.0, 0.0, 0.0, 0.0, 0.0, 0.0, 0.0, 0.0, 0.0, 0.0, 0.0, 0.0, 799.9543431994448, 0.0, 175.1243405582427, 0.0, 0.0, 0.0, 0.0, 0.0, 0.0, 0.0, 0.0, 0.0, 0.0, 0.0, 0.0, 0.0, 0.0, 780.2546913074518, 0.0, 0.0, 0.0, 0.0, 0.0, 0.0, 0.0, 797.9384565460014, 0.0, 0.0, 800.5446380995021, 0.0, 0.0, 270.62482131736704, 0.0, 802.929022782044, 0.0, 0.0, 0.0, 0.0, 0.0, 0.0, 0.0, 0.0, 0.0, 0.0, 0.0, 0.0, 0.0, 159.44712990771995, 0.0, 789.859592087897, 0.0, 0.0, 0.0, 0.0, 5.700624466435329, 0.0, 786.8602333654451, 0.0, 0.0, 795.7387105180453, 0.0, 0.0, 0.0, 799.9196471628939, 0.0, 373.5288625852052, 0.0, 0.0, 0.0, 0.0, 0.0, 189.8071702327643, 142.66846167628864, 0.0, 0.0, 0.0, 0.0, 803.3008552284512, 0.0, 0.0, 782.9424883820186, 0.0]
INFORMACIÓN : 28apuestaBundle [803.3008552284512, 797.9384565460014, 786.8602333654451, 268.5057149463005, 5.700624466435329]
INFORMACIÓN : 28positionsBundle [1910, 1906, 2200, 2276, 1320]
INFORMACIÓN : 28levelsBundle [3, 3, 3, 2, 1]
INFORMACIÓN : 28positionsOrdered [1910, 1906, 2200, 2276, 1320]
INFORMACIÓN : 28levelsOrdered [3, 3, 3, 2, 1]
INFORMACIÓN : 28partialityOrdered [3, 3, 3, 2, 2]
INFORMACIÓN : 28arrivalTimes [7.321184776224079, 11.32118477622408, 19.806466150462647, 45.82568981297803, 65.7505486581493]
INFORMACIÓN : depSat position 2276 level 2
INFORMACIÓN : I [MW]; lost Test.myBail@ce5b8f3; POS 2276; sensors [AB]; level 2 I paid 268.5057149463005in favour ofnull paid 268.5057149463005
INFORMACIÓN : 29historia0[0.0, 0.0, 0.0, 0.0, 0.0, 0.0, 784.995867773916, 0.0, 0.0, 0.0, 0.0, 801.6252224115889, 785.867550876907, 0.0, 0.0, 135.26931411500965, 0.0, 260.50955674802043, 0.0, 158.7374932503, 0.0, 794.9420818571133, 0.0, 763.1151765518227, 0.0, 0.0, 257.5471179430947, 799.7717441531511, 0.0, 0.0, 0.0, 0.0, 0.0, 0.0, 0.0, 0.0, 0.0, 0.0, 0.0, 0.0, 0.0, 0.0, 0.0, 0.0, 797.7300409892074, 0.0, 0.0, 0.0, 0.0, 74.51953366847852, 0.0, 179.79592404730246, 0.0, 0.0, 0.0, 0.0, 805.1249186335946, 83.34786528206158, 0.0, 0.0, 266.5519629500154, 0.0, 0.0, 0.0, 0.0, 172.37036719803154, 0.0, 0.0, 763.0346363754697, 0.0, 0.0, 770.9822276906636, 0.0, 0.0, 0.0, 0.0, 0.0, 0.0, 0.0, 0.0, 0.0, 0.0, 0.0, 0.0, 799.9543431994448, 0.0, 175.1243405582427, 0.0, 0.0, 0.0, 0.0, 0.0, 0.0, 0.0, 0.0, 0.0, 0.0, 0.0, 0.0, 0.0, 0.0, 780.2546913074518, 0.0, 0.0, 0.0, 0.0, 0.0, 0.0, 0.0, 797.9384565460014, 0.0, 0.0, 800.5446380995021, 0.0, 0.0, 270.62482131736704, 0.0, 802.929022782044, 0.0, 0.0, 0.0, 0.0, 0.0, 0.0, 0.0, 0.0, 0.0, 0.0, 0.0, 0.0, 0.0, 159.44712990771995, 0.0, 789.859592087897, 0.0, 0.0, 0.0, 0.0, 0.0, 0.0, 786.8602333654451, 0.0, 0.0, 795.7387105180453, 0.0, 0.0, 0.0, 799.9196471628939, 0.0, 0.0, 0.0, 0.0, 0.0, 0.0, 0.0, 189.8071702327643, 142.66846167628864, 0.0, 0.0, 0.0, 0.0, 803.3008552284512, 0.0, 0.0, 782.9424883820186, 0.0]
INFORMACIÓN : 29apuestaBundle [803.3008552284512, 797.9384565460014, 786.8602333654451, 66.0036932472326]
INFORMACIÓN : 29positionsBundle [1910, 1906, 2200, 2276]
INFORMACIÓN : 29levelsBundle [3, 3, 3, 1]
INFORMACIÓN : 29positionsOrdered [1910, 1906, 2200, 2276]
INFORMACIÓN : 29levelsOrdered [3, 3, 3, 1]
INFORMACIÓN : 29partialityOrdered [3, 3, 3, 2]
INFORMACIÓN : 29arrivalTimes [7.321184776224079, 11.32118477622408, 19.806466150462647, 45.82568981297803]
INFORMACIÓN : 30historia0[0.0, 0.0, 0.0, 0.0, 0.0, 0.0, 784.995867773916, 0.0, 0.0, 0.0, 0.0, 801.6252224115889, 785.867550876907, 0.0, 0.0, 135.26931411500965, 0.0, 0.0, 0.0, 158.7374932503, 0.0, 794.9420818571133, 0.0, 763.1151765518227, 0.0, 0.0, 293.10683759534896, 799.7717441531511, 0.0, 0.0, 0.0, 0.0, 79.20657729399683, 0.0, 0.0, 0.0, 0.0, 0.0, 0.0, 0.0, 0.0, 0.0, 0.0, 0.0, 797.7300409892074, 0.0, 0.0, 0.0, 0.0, 74.51953366847852, 0.0, 179.79592404730246, 0.0, 0.0, 0.0, 43.77867132547719, 805.1249186335946, 83.34786528206158, 0.0, 0.0, 266.5519629500154, 0.0, 0.0, 0.0, 0.0, 172.37036719803154, 0.0, 40.12005785432365, 763.0346363754697, 0.0, 0.0, 770.9822276906636, 0.0, 0.0, 0.0, 0.0, 0.0, 0.0, 0.0, 0.0, 0.0, 0.0, 0.0, 0.0, 799.9543431994448, 0.0, 175.1243405582427, 0.0, 0.0, 0.0, 0.0, 0.0, 0.0, 0.5257519434441491, 0.0, 0.0, 0.0, 0.0, 0.0, 0.0, 0.0, 780.2546913074518, 0.0, 0.0, 0.0, 0.0, 0.0, 0.0, 0.0, 797.9384565460014, 0.0, 0.0, 800.5446380995021, 0.0, 0.0, 262.0837311519847, 0.0, 802.929022782044, 0.0, 0.0, 0.0, 0.0, 0.0, 0.0, 0.0, 67.03384747277153, 0.0, 0.0, 0.0, 0.0, 0.0, 159.44712990771995, 0.0, 789.859592087897, 0.0, 0.0, 0.0, 0.0, 0.0, 0.0, 786.8602333654451, 0.0, 0.0, 795.7387105180453, 0.0, 0.0, 0.0, 799.9196471628939, 0.0, 0.0, 0.0, 0.0, 0.0, 0.0, 0.0, 189.8071702327643, 142.66846167628864, 0.0, 0.0, 0.0, 0.0, 803.3008552284512, 0.0, 66.0036932472326, 782.9424883820186, 0.0]
INFORMACIÓN : 30apuestaBundle [803.3008552284512, 797.9384565460014, 786.8602333654451, 66.0036932472326]
INFORMACIÓN : 30positionsBundle [1910, 1906, 2200, 2276]
INFORMACIÓN : 30levelsBundle [3, 3, 3, 1]
INFORMACIÓN : 30positionsOrdered [1910, 1906, 2200, 2276]
INFORMACIÓN : 30levelsOrdered [3, 3, 3, 1]
INFORMACIÓN : 30partialityOrdered [3, 3, 3, 2]
INFORMACIÓN : 30arrivalTimes [7.321184776224079, 11.32118477622408, 19.806466150462647, 45.82568981297803]
INFORMACIÓN : 31historia0[0.0, 0.0, 0.0, 0.0, 0.0, 0.0, 784.995867773916, 0.0, 0.0, 0.0, 0.0, 801.6252224115889, 785.867550876907, 0.0, 0.0, 135.26931411500965, 0.0, 0.0, 0.0, 158.7374932503, 0.0, 794.9420818571133, 0.0, 763.1151765518227, 0.0, 0.0, 0.0, 799.7717441531511, 0.0, 0.0, 0.0, 0.0, 79.20657729399683, 0.0, 0.0, 0.0, 0.0, 0.0, 0.0, 0.0, 0.0, 0.0, 0.0, 0.0, 797.7300409892074, 0.0, 0.0, 0.0, 0.0, 0.0, 0.0, 179.79592404730246, 0.0, 0.0, 0.0, 0.0, 805.1249186335946, 0.0, 0.0, 0.0, 266.5519629500154, 0.0, 0.0, 0.0, 0.0, 172.37036719803154, 0.0, 0.0, 763.0346363754697, 0.0, 0.0, 770.9822276906636, 0.0, 0.0, 0.0, 0.0, 0.0, 0.0, 0.0, 0.0, 0.0, 0.0, 0.0, 0.0, 799.9543431994448, 0.0, 175.1243405582427, 0.0, 0.0, 0.0, 257.4325096792569, 0.0, 0.0, 0.5257519434441491, 0.0, 0.0, 0.0, 0.0, 0.0, 0.0, 0.0, 780.2546913074518, 0.0, 0.0, 0.0, 0.0, 0.0, 0.0, 0.0, 797.9384565460014, 0.0, 0.0, 800.5446380995021, 0.0, 0.0, 262.0837311519847, 0.0, 802.929022782044, 0.0, 0.0, 0.0, 0.0, 48.09303544570366, 0.0, 0.0, 0.0, 0.0, 0.0, 0.0, 0.0, 0.0, 159.44712990771995, 0.0, 789.859592087897, 0.0, 0.0, 138.13855656595493, 0.0, 2.285805897017781, 0.0, 786.8602333654451, 0.0, 0.0, 795.7387105180453, 0.0, 0.0, 0.0, 799.9196471628939, 7.950172634766659, 0.0, 0.0, 0.0, 0.0, 0.0, 0.0, 189.8071702327643, 142.66846167628864, 0.0, 0.0, 0.0, 0.0, 803.3008552284512, 0.0, 66.0036932472326, 782.9424883820186, 0.0]
INFORMACIÓN : 31apuestaBundle [803.3008552284512, 797.9384565460014, 786.8602333654451, 66.0036932472326, 60.543667780917986]
INFORMACIÓN : 31positionsBundle [1910, 1906, 2200, 2276, 2434]
INFORMACIÓN : 31levelsBundle [3, 3, 3, 1, 2]
INFORMACIÓN : 31positionsOrdered [1910, 1906, 2200, 2276, 2434]
INFORMACIÓN : 31levelsOrdered [3, 3, 3, 1, 2]
INFORMACIÓN : 31partialityOrdered [3, 3, 3, 2, 2]
INFORMACIÓN : 31arrivalTimes [7.321184776224079, 11.32118477622408, 19.806466150462647, 45.82568981297803, 54.36969355829556]
INFORMACIÓN : mutexSat position 2276 level 1
INFORMACIÓN : I [MW]; lost Test.myBail@37a2e555; POS 2276; sensors []; level 1 I paid 66.0036932472326in favour ofnull paid 66.0036932472326
INFORMACIÓN : 32historia0[0.0, 0.0, 0.0, 0.0, 0.0, 0.0, 784.995867773916, 0.0, 0.0, 0.0, 0.0, 801.6252224115889, 785.867550876907, 0.0, 0.0, 135.26931411500965, 0.0, 0.0, 0.0, 158.7374932503, 0.0, 794.9420818571133, 0.0, 763.1151765518227, 0.0, 0.0, 0.0, 799.7717441531511, 0.0, 0.0, 0.0, 0.0, 79.20657729399683, 0.0, 0.0, 0.0, 0.0, 0.0, 0.0, 0.0, 0.0, 0.0, 0.0, 0.0, 797.7300409892074, 63.71005780913083, 0.0, 0.0, 0.0, 0.0, 0.0, 179.79592404730246, 0.0, 0.0, 0.0, 0.0, 805.1249186335946, 0.0, 0.0, 0.0, 246.07409268128777, 0.0, 0.0, 0.0, 0.0, 172.37036719803154, 0.0, 0.0, 763.0346363754697, 0.0, 0.0, 770.9822276906636, 0.0, 0.0, 0.0, 0.0, 0.0, 0.0, 0.0, 0.0, 0.0, 0.0, 0.0, 0.0, 799.9543431994448, 0.0, 175.1243405582427, 0.0, 0.0, 0.0, 257.4325096792569, 0.0, 0.0, 0.0, 0.0, 71.23619996177513, 0.0, 0.0, 0.0, 0.0, 0.0, 780.2546913074518, 0.0, 0.0, 0.0, 0.0, 0.0, 0.0, 0.0, 797.9384565460014, 0.0, 0.0, 800.5446380995021, 0.0, 0.0, 262.0837311519847, 0.0, 802.929022782044, 0.0, 0.0, 0.0, 0.0, 38.474204435825776, 0.0, 0.0, 0.0, 0.0, 0.0, 0.0, 0.0, 0.0, 159.44712990771995, 0.0, 789.859592087897, 0.0, 0.0, 138.13855656595493, 0.0, 2.285805897017781, 0.0, 786.8602333654451, 0.0, 0.0, 795.7387105180453, 0.0, 0.0, 0.0, 799.9196471628939, 7.950172634766659, 0.0, 0.0, 0.0, 0.0, 0.0, 0.0, 189.8071702327643, 142.66846167628864, 266.6077795769693, 0.0, 0.0, 0.0, 803.3008552284512, 0.0, 0.0, 782.9424883820186, 0.0]
INFORMACIÓN : 32apuestaBundle [803.3008552284512, 797.9384565460014, 786.8602333654451, 268.5057149463005, 60.543667780917986]
INFORMACIÓN : 32positionsBundle [1910, 1906, 2200, 2276, 2434]
INFORMACIÓN : 32levelsBundle [3, 3, 3, 2, 2]
INFORMACIÓN : 32positionsOrdered [1910, 1906, 2200, 2276, 2434]
INFORMACIÓN : 32levelsOrdered [3, 3, 3, 2, 2]
INFORMACIÓN : 32partialityOrdered [3, 3, 3, 2, 2]
INFORMACIÓN : 32arrivalTimes [7.321184776224079, 11.32118477622408, 19.806466150462647, 45.82568981297803, 54.36969355829556]
INFORMACIÓN : 33historia0[0.0, 0.0, 0.0, 0.0, 0.0, 0.0, 784.995867773916, 0.0, 0.0, 0.0, 0.0, 801.6252224115889, 785.867550876907, 0.0, 268.5057149463005, 135.26931411500965, 0.0, 0.0, 0.0, 158.7374932503, 0.0, 794.9420818571133, 0.0, 763.1151765518227, 0.0, 0.0, 0.0, 799.7717441531511, 0.0, 0.0, 0.0, 0.0, 79.20657729399683, 0.0, 0.0, 0.0, 0.0, 0.0, 0.0, 0.0, 0.0, 0.0, 0.0, 0.0, 797.7300409892074, 0.0, 0.0, 0.0, 0.0, 60.543667780917986, 0.0, 179.79592404730246, 0.0, 0.0, 0.0, 0.0, 805.1249186335946, 0.0, 0.0, 0.0, 246.07409268128777, 0.0, 0.0, 0.0, 0.0, 172.37036719803154, 0.0, 0.0, 763.0346363754697, 0.0, 0.0, 770.9822276906636, 0.0, 0.0, 0.0, 0.0, 0.0, 0.0, 0.0, 0.0, 0.0, 0.0, 0.0, 0.0, 799.9543431994448, 0.0, 175.1243405582427, 0.0, 0.0, 0.0, 257.4325096792569, 0.0, 0.0, 0.0, 0.0, 71.23619996177513, 0.0, 0.0, 0.0, 0.0, 0.0, 780.2546913074518, 0.0, 0.0, 0.0, 0.0, 0.0, 0.0, 0.0, 797.9384565460014, 0.0, 0.0, 800.5446380995021, 0.0, 0.0, 262.0837311519847, 0.0, 802.929022782044, 0.0, 0.0, 0.0, 0.0, 48.09303544570366, 0.0, 0.0, 0.0, 0.0, 0.0, 0.0, 0.0, 0.0, 159.44712990771995, 0.0, 789.859592087897, 0.0, 0.0, 138.13855656595493, 0.0, 0.0, 0.0, 786.8602333654451, 0.0, 0.0, 795.7387105180453, 0.0, 0.0, 0.0, 799.9196471628939, 0.0, 0.0, 0.0, 0.0, 0.0, 0.0, 0.0, 189.8071702327643, 142.66846167628864, 266.6077795769693, 0.0, 0.0, 0.0, 803.3008552284512, 0.0, 0.0, 782.9424883820186, 0.0]
INFORMACIÓN : 33apuestaBundle [803.3008552284512, 797.9384565460014, 786.8602333654451, 268.5057149463005, 60.543667780917986]
INFORMACIÓN : 33positionsBundle [1910, 1906, 2200, 2276, 2434]
INFORMACIÓN : 33levelsBundle [3, 3, 3, 2, 2]
INFORMACIÓN : 33positionsOrdered [1910, 1906, 2200, 2276, 2434]
INFORMACIÓN : 33levelsOrdered [3, 3, 3, 2, 2]
INFORMACIÓN : 33partialityOrdered [3, 3, 3, 2, 2]
INFORMACIÓN : 33arrivalTimes [7.321184776224079, 11.32118477622408, 19.806466150462647, 45.82568981297803, 54.36969355829556]
INFORMACIÓN : I [MW]; lost Test.myBail@43687230; POS 2434; sensors [IR]; level 2 I paid 60.543667780917986in favour of57@(myturtles,myturtles,bug)@MK-18429 paid 74.51953366847852
INFORMACIÓN : 34historia0[0.0, 0.0, 0.0, 0.0, 0.0, 0.0, 784.995867773916, 0.0, 0.0, 0.0, 0.0, 801.6252224115889, 785.867550876907, 0.0, 268.5057149463005, 135.26931411500965, 0.0, 0.0, 0.0, 158.7374932503, 0.0, 794.9420818571133, 0.0, 763.1151765518227, 0.0, 0.0, 252.6907791217809, 799.7717441531511, 0.0, 0.0, 0.0, 0.0, 0.0, 0.0, 0.0, 0.0, 0.0, 0.0, 0.0, 0.0, 0.0, 0.0, 0.0, 0.0, 797.7300409892074, 42.84927573064435, 0.0, 0.0, 0.0, 74.51953366847852, 0.0, 179.79592404730246, 0.0, 0.0, 0.0, 0.0, 805.1249186335946, 0.0, 0.0, 0.0, 266.15820842451467, 0.0, 0.0, 0.0, 90.4411405389961, 172.37036719803154, 0.0, 0.0, 763.0346363754697, 0.0, 0.0, 770.9822276906636, 0.0, 0.0, 0.0, 0.0, 0.0, 0.0, 0.0, 0.0, 0.0, 0.0, 0.0, 0.0, 799.9543431994448, 0.0, 175.1243405582427, 0.0, 0.0, 0.0, 257.4325096792569, 0.0, 0.0, 0.0, 0.0, 71.23619996177513, 0.0, 0.0, 0.0, 0.0, 0.0, 780.2546913074518, 0.0, 0.0, 0.0, 0.0, 0.0, 0.0, 0.0, 797.9384565460014, 0.0, 0.0, 800.5446380995021, 0.0, 0.0, 0.0, 0.0, 802.929022782044, 0.0, 0.0, 48.361847312954524, 0.0, 48.09303544570366, 0.0, 0.0, 59.15489927831163, 0.0, 0.0, 0.0, 0.0, 0.0, 0.0, 0.0, 789.859592087897, 0.0, 0.0, 138.13855656595493, 0.0, 0.0, 0.0, 786.8602333654451, 0.0, 0.0, 795.7387105180453, 0.0, 0.0, 0.0, 799.9196471628939, 0.0, 0.0, 0.0, 0.0, 0.0, 0.0, 0.0, 189.8071702327643, 142.66846167628864, 266.6077795769693, 0.0, 0.0, 0.0, 803.3008552284512, 0.0, 0.0, 782.9424883820186, 0.0]
INFORMACIÓN : 34apuestaBundle [803.3008552284512, 797.9384565460014, 786.8602333654451, 268.5057149463005, 52.6025279457599]
INFORMACIÓN : 34positionsBundle [1910, 1906, 2200, 2276, 2493]
INFORMACIÓN : 34levelsBundle [3, 3, 3, 2, 2]
INFORMACIÓN : 34positionsOrdered [1910, 1906, 2200, 2276, 2493]
INFORMACIÓN : 34levelsOrdered [3, 3, 3, 2, 2]
INFORMACIÓN : 34partialityOrdered [3, 3, 3, 2, 3]
INFORMACIÓN : 34arrivalTimes [7.321184776224079, 11.32118477622408, 19.806466150462647, 45.82568981297803, 63.289939009551006]
INFORMACIÓN : mutexSat position 2493 level 2
INFORMACIÓN : I [MW]; lost Test.myBail@70c06dfe; POS 2493; sensors [IR]; level 2 I paid 52.6025279457599in favour ofnull paid 52.6025279457599
INFORMACIÓN : 35historia0[0.0, 0.0, 0.0, 0.0, 0.0, 0.0, 784.995867773916, 0.0, 0.0, 0.0, 0.0, 801.6252224115889, 785.867550876907, 0.0, 268.5057149463005, 135.26931411500965, 0.0, 0.0, 0.0, 158.7374932503, 0.0, 794.9420818571133, 0.0, 763.1151765518227, 0.0, 0.0, 252.6907791217809, 799.7717441531511, 0.0, 0.0, 0.0, 0.0, 58.13084262122276, 0.0, 0.0, 0.0, 0.0, 0.0, 0.0, 0.0, 0.0, 0.0, 0.0, 0.0, 797.7300409892074, 0.0, 0.0, 0.0, 0.0, 0.0, 0.0, 179.79592404730246, 0.0, 0.0, 0.0, 0.0, 805.1249186335946, 0.0, 0.0, 0.0, 266.15820842451467, 0.0, 0.0, 0.0, 0.0, 172.37036719803154, 0.0, 0.0, 763.0346363754697, 0.0, 0.0, 770.9822276906636, 0.0, 0.0, 0.0, 0.0, 0.0, 0.0, 0.0, 0.0, 0.0, 0.0, 0.0, 0.0, 799.9543431994448, 0.0, 175.1243405582427, 0.0, 0.0, 0.0, 257.4325096792569, 0.0, 0.0, 0.0, 0.0, 0.0, 0.0, 0.0, 0.0, 0.0, 0.0, 780.2546913074518, 0.0, 0.0, 0.0, 0.0, 0.0, 0.0, 0.0, 797.9384565460014, 0.0, 0.0, 800.5446380995021, 0.0, 0.0, 0.0, 0.0, 802.929022782044, 0.0, 0.0, 0.0, 0.0, 48.09303544570366, 0.0, 0.0, 59.15489927831163, 0.0, 0.0, 0.0, 0.0, 0.0, 124.30313104337039, 0.0, 789.859592087897, 0.0, 0.0, 138.13855656595493, 0.0, 2.285805897017781, 0.0, 786.8602333654451, 0.0, 0.0, 795.7387105180453, 0.0, 0.0, 0.0, 799.9196471628939, 0.0, 0.0, 0.0, 0.0, 0.0, 0.0, 0.0, 189.8071702327643, 142.66846167628864, 266.6077795769693, 0.0, 0.0, 0.0, 803.3008552284512, 0.0, 0.0, 782.9424883820186, 0.0]
INFORMACIÓN : 35apuestaBundle [803.3008552284512, 797.9384565460014, 786.8602333654451, 268.5057149463005, 5.700624466435329]
INFORMACIÓN : 35positionsBundle [1910, 1906, 2200, 2276, 1320]
INFORMACIÓN : 35levelsBundle [3, 3, 3, 2, 1]
INFORMACIÓN : 35positionsOrdered [1910, 1906, 2200, 2276, 1320]
INFORMACIÓN : 35levelsOrdered [3, 3, 3, 2, 1]
INFORMACIÓN : 35partialityOrdered [3, 3, 3, 2, 2]
INFORMACIÓN : 35arrivalTimes [7.321184776224079, 11.32118477622408, 19.806466150462647, 45.82568981297803, 65.7505486581493]
INFORMACIÓN : 36historia0[0.0, 0.0, 0.0, 0.0, 0.0, 0.0, 784.995867773916, 0.0, 0.0, 0.0, 0.0, 801.6252224115889, 785.867550876907, 0.0, 268.5057149463005, 135.26931411500965, 0.0, 0.0, 0.0, 158.7374932503, 0.0, 794.9420818571133, 0.0, 763.1151765518227, 0.0, 0.0, 252.6907791217809, 799.7717441531511, 0.0, 0.0, 0.0, 0.0, 58.13084262122276, 0.0, 0.0, 0.0, 0.0, 0.0, 0.0, 0.0, 0.0, 0.0, 0.0, 0.0, 797.7300409892074, 0.0, 0.0, 0.0, 0.0, 0.0, 0.0, 179.79592404730246, 0.0, 0.0, 0.0, 0.0, 805.1249186335946, 0.0, 0.0, 0.0, 266.15820842451467, 0.0, 0.0, 0.0, 0.0, 172.37036719803154, 0.0, 0.0, 763.0346363754697, 0.0, 0.0, 770.9822276906636, 0.0, 0.0, 0.0, 0.0, 0.0, 0.0, 0.0, 0.0, 0.0, 0.0, 0.0, 0.0, 799.9543431994448, 0.0, 175.1243405582427, 0.0, 0.0, 0.0, 257.4325096792569, 0.0, 0.0, 0.0, 0.0, 0.0, 0.0, 0.0, 0.0, 0.0, 0.0, 780.2546913074518, 0.0, 0.0, 0.0, 0.0, 0.0, 0.0, 0.0, 797.9384565460014, 0.0, 0.0, 800.5446380995021, 0.0, 0.0, 0.0, 0.0, 802.929022782044, 0.0, 0.0, 0.0, 0.0, 48.09303544570366, 0.0, 0.0, 59.15489927831163, 0.0, 0.0, 0.0, 0.0, 0.0, 124.30313104337039, 0.0, 789.859592087897, 0.0, 0.0, 138.13855656595493, 0.0, 5.700624466435329, 0.0, 786.8602333654451, 0.0, 0.0, 795.7387105180453, 0.0, 0.0, 0.0, 799.9196471628939, 0.0, 0.0, 0.0, 0.0, 0.0, 0.0, 0.0, 189.8071702327643, 142.66846167628864, 266.6077795769693, 0.0, 0.0, 0.0, 803.3008552284512, 0.0, 0.0, 782.9424883820186, 0.0]
INFORMACIÓN : 36apuestaBundle [803.3008552284512, 797.9384565460014, 786.8602333654451, 268.5057149463005, 5.700624466435329]
INFORMACIÓN : 36positionsBundle [1910, 1906, 2200, 2276, 1320]
INFORMACIÓN : 36levelsBundle [3, 3, 3, 2, 1]
INFORMACIÓN : 36positionsOrdered [1910, 1906, 2200, 2276, 1320]
INFORMACIÓN : 36levelsOrdered [3, 3, 3, 2, 1]
INFORMACIÓN : 36partialityOrdered [3, 3, 3, 2, 2]
INFORMACIÓN : 36arrivalTimes [7.321184776224079, 11.32118477622408, 19.806466150462647, 45.82568981297803, 65.7505486581493]
INFORMACIÓN : 37historia0[0.0, 0.0, 0.0, 0.0, 0.0, 0.0, 784.995867773916, 0.0, 0.0, 0.0, 0.0, 801.6252224115889, 785.867550876907, 0.0, 268.5057149463005, 135.26931411500965, 0.0, 0.0, 0.0, 158.7374932503, 0.0, 794.9420818571133, 0.0, 763.1151765518227, 0.0, 0.0, 252.6907791217809, 799.7717441531511, 0.0, 0.0, 0.0, 0.0, 58.13084262122276, 0.0, 0.0, 0.0, 0.0, 0.0, 0.0, 0.0, 0.0, 0.0, 0.0, 0.0, 797.7300409892074, 0.0, 0.0, 0.0, 0.0, 0.0, 0.0, 179.79592404730246, 0.0, 0.0, 0.0, 0.0, 805.1249186335946, 0.0, 0.0, 0.0, 266.15820842451467, 0.0, 0.0, 0.0, 0.0, 172.37036719803154, 0.0, 0.0, 763.0346363754697, 0.0, 0.0, 770.9822276906636, 0.0, 0.0, 0.0, 0.0, 0.0, 0.0, 0.0, 0.0, 0.0, 0.0, 0.0, 0.0, 799.9543431994448, 0.0, 175.1243405582427, 0.0, 0.0, 0.0, 257.4325096792569, 0.0, 0.0, 0.0, 0.0, 0.0, 0.0, 0.0, 0.0, 0.0, 0.0, 780.2546913074518, 0.0, 0.0, 0.0, 0.0, 0.0, 0.0, 0.0, 797.9384565460014, 0.0, 0.0, 800.5446380995021, 0.0, 0.0, 0.0, 0.0, 802.929022782044, 0.0, 0.0, 0.0, 0.0, 48.09303544570366, 0.0, 0.0, 59.15489927831163, 0.0, 0.0, 0.0, 0.0, 0.0, 124.30313104337039, 0.0, 789.859592087897, 0.0, 0.0, 138.13855656595493, 0.0, 5.700624466435329, 0.0, 786.8602333654451, 0.0, 0.0, 795.7387105180453, 0.0, 0.0, 0.0, 799.9196471628939, 0.0, 0.0, 0.0, 0.0, 0.0, 0.0, 0.0, 189.8071702327643, 142.66846167628864, 266.6077795769693, 0.0, 0.0, 0.0, 803.3008552284512, 0.0, 0.0, 782.9424883820186, 0.0]
INFORMACIÓN : 37apuestaBundle [803.3008552284512, 797.9384565460014, 786.8602333654451, 268.5057149463005, 5.700624466435329]
INFORMACIÓN : 37positionsBundle [1910, 1906, 2200, 2276, 1320]
INFORMACIÓN : 37levelsBundle [3, 3, 3, 2, 1]
INFORMACIÓN : 37positionsOrdered [1910, 1906, 2200, 2276, 1320]
INFORMACIÓN : 37levelsOrdered [3, 3, 3, 2, 1]
INFORMACIÓN : 37partialityOrdered [3, 3, 3, 2, 2]
INFORMACIÓN : 37arrivalTimes [7.321184776224079, 11.32118477622408, 19.806466150462647, 45.82568981297803, 65.7505486581493]
INFORMACIÓN : 38historia1[0.0, 0.0, 0.0, 0.0, 0.0, 0.0, 784.995867773916, 0.0, 0.0, 0.0, 0.0, 801.6252224115889, 785.867550876907, 0.0, 268.5057149463005, 135.26931411500965, 0.0, 0.0, 0.0, 158.7374932503, 0.0, 794.9420818571133, 0.0, 763.1151765518227, 0.0, 0.0, 252.6907791217809, 799.7717441531511, 0.0, 0.0, 0.0, 0.0, 58.13084262122276, 0.0, 0.0, 0.0, 0.0, 0.0, 0.0, 0.0, 0.0, 0.0, 0.0, 0.0, 797.7300409892074, 0.0, 0.0, 0.0, 0.0, 74.51953366847852, 0.0, 179.79592404730246, 0.0, 0.0, 0.0, 0.0, 805.1249186335946, 0.0, 0.0, 0.0, 266.15820842451467, 0.0, 0.0, 0.0, 0.0, 172.37036719803154, 0.0, 0.0, 763.0346363754697, 0.0, 0.0, 770.9822276906636, 0.0, 0.0, 0.0, 0.0, 0.0, 0.0, 0.0, 0.0, 0.0, 0.0, 0.0, 0.0, 799.9543431994448, 0.0, 175.1243405582427, 0.0, 0.0, 0.0, 257.4325096792569, 0.0, 0.0, 0.0, 0.0, 0.0, 0.0, 0.0, 0.0, 0.0, 0.0, 780.2546913074518, 0.0, 0.0, 0.0, 0.0, 0.0, 0.0, 0.0, 797.9384565460014, 0.0, 0.0, 800.5446380995021, 0.0, 0.0, 0.0, 0.0, 802.929022782044, 0.0, 0.0, 0.0, 0.0, 48.09303544570366, 0.0, 0.0, 59.15489927831163, 0.0, 0.0, 0.0, 0.0, 0.0, 124.30313104337039, 0.0, 789.859592087897, 0.0, 0.0, 138.13855656595493, 0.0, 5.700624466435329, 0.0, 786.8602333654451, 0.0, 0.0, 795.7387105180453, 0.0, 0.0, 0.0, 799.9196471628939, 0.0, 0.0, 0.0, 0.0, 0.0, 0.0, 0.0, 189.8071702327643, 142.66846167628864, 266.6077795769693, 0.0, 0.0, 0.0, 803.3008552284512, 0.0, 0.0, 782.9424883820186, 0.0]
INFORMACIÓN : 38apuestaBundle [803.3008552284512, 797.9384565460014, 786.8602333654451, 268.5057149463005, 5.700624466435329]
INFORMACIÓN : 38positionsBundle [1910, 1906, 2200, 2276, 1320]
INFORMACIÓN : 38levelsBundle [3, 3, 3, 2, 1]
INFORMACIÓN : 38positionsOrdered [1910, 1906, 2200, 2276, 1320]
INFORMACIÓN : 38levelsOrdered [3, 3, 3, 2, 1]
INFORMACIÓN : 38partialityOrdered [3, 3, 3, 2, 2]
INFORMACIÓN : 38arrivalTimes [7.321184776224079, 11.32118477622408, 19.806466150462647, 45.82568981297803, 65.7505486581493]
