----------------------------------------------------------------------
-- Log session for [myBugCoalitionsCCBBAGuaiDEF-58] started on 2017.07.13.18.46.24 --
----------------------------------------------------------------------

INFORMACIÓN : I started
INFORMACIÓN : 0apuestaBundle [796.2041668084931, 791.1062825397147, 779.7074005415084, 769.8721907745872, 769.4580145041158]
INFORMACIÓN : 0positionsBundle [1910, 1906, 2200, 1640, 575]
INFORMACIÓN : 0levelsBundle [3, 3, 3, 3, 3]
INFORMACIÓN : 0positionsOrdered [1910, 1906, 2200, 1640, 575]
INFORMACIÓN : 0levelsOrdered [3, 3, 3, 3, 3]
INFORMACIÓN : 0partialityOrdered [3, 3, 3, 3, 3]
INFORMACIÓN : 0arrivalTimes [12.3369171220408, 16.336917122040802, 24.82219849627937, 66.58342453192157, 92.39040033304944]
INFORMACIÓN : I [AB]; lost Test.myBail@6d0f06bb; POS 1910; sensors [IR, MW]; level 3 I paid 796.2041668084931in favour of52@(myturtles,myturtles,bug)@MK-18429 paid 802.929022782044
INFORMACIÓN : 1historia0[0.0, 0.0, 0.0, 0.0, 0.0, 0.0, 770.0654992405031, 0.0, 0.0, 0.0, 0.0, 801.6252224115889, 785.867550876907, 0.0, 0.0, 0.0, 0.0, 0.0, 0.0, 0.0, 0.0, 794.9420818571133, 0.0, 0.0, 0.0, 0.0, 0.0, 799.7717441531511, 0.0, 0.0, 0.0, 0.0, 0.0, 0.0, 0.0, 0.0, 0.0, 0.0, 0.0, 0.0, 0.0, 0.0, 0.0, 0.0, 797.7300409892074, 0.0, 0.0, 0.0, 0.0, 0.0, 0.0, 0.0, 0.0, 0.0, 0.0, 0.0, 805.1249186335946, 0.0, 0.0, 0.0, 0.0, 0.0, 0.0, 0.0, 0.0, 0.0, 0.0, 0.0, 0.0, 0.0, 0.0, 0.0, 0.0, 0.0, 0.0, 0.0, 0.0, 0.0, 0.0, 0.0, 0.0, 0.0, 0.0, 0.0, 0.0, 0.0, 0.0, 0.0, 0.0, 0.0, 0.0, 0.0, 0.0, 0.0, 0.0, 0.0, 0.0, 0.0, 0.0, 0.0, 0.0, 0.0, 0.0, 0.0, 0.0, 0.0, 0.0, 0.0, 0.0, 797.9384565460014, 0.0, 0.0, 800.5446380995021, 0.0, 0.0, 0.0, 0.0, 802.929022782044, 0.0, 0.0, 0.0, 0.0, 0.0, 0.0, 0.0, 0.0, 0.0, 0.0, 0.0, 0.0, 0.0, 0.0, 0.0, 789.859592087897, 0.0, 0.0, 0.0, 0.0, 0.0, 0.0, 786.8602333654451, 0.0, 0.0, 0.0, 0.0, 0.0, 0.0, 0.0, 0.0, 0.0, 0.0, 0.0, 0.0, 0.0, 0.0, 0.0, 0.0, 0.0, 0.0, 0.0, 0.0, 803.3008552284512, 0.0, 0.0, 0.0, 0.0]
INFORMACIÓN : 1apuestaBundle [786.4027938076404, 782.3460849150786, 776.3626858973691, 282.9820951404827, 275.12375614918705]
INFORMACIÓN : 1positionsBundle [1640, 785, 575, 1132, 987]
INFORMACIÓN : 1levelsBundle [3, 3, 3, 2, 2]
INFORMACIÓN : 1positionsOrdered [1640, 785, 575, 1132, 987]
INFORMACIÓN : 1levelsOrdered [3, 3, 3, 2, 2]
INFORMACIÓN : 1partialityOrdered [3, 3, 3, 2, 2]
INFORMACIÓN : 1arrivalTimes [19.264479997909103, 36.984525144578456, 47.754854758847465, 60.79325956925276, 66.62421146409807]
INFORMACIÓN : timeSat position 1640 level 3
INFORMACIÓN : timeSat position 785 level 3
INFORMACIÓN : timeSat position 575 level 3
INFORMACIÓN : timeSat position 1132 level 2
INFORMACIÓN : I [AB]; lost Test.myBail@78113816; POS 1640; sensors [IR, MW]; level 3 I paid 786.4027938076404in favour ofnull paid 786.4027938076404
INFORMACIÓN : 2historia0[0.0, 0.0, 0.0, 0.0, 0.0, 0.0, 0.0, 0.0, 0.0, 0.0, 0.0, 801.6252224115889, 785.867550876907, 0.0, 302.07310000523796, 0.0, 0.0, 0.0, 0.0, 0.0, 0.0, 794.9420818571133, 0.0, 0.0, 0.0, 0.0, 0.0, 799.7717441531511, 0.0, 0.0, 0.0, 0.0, 0.0, 0.0, 0.0, 0.0, 0.0, 0.0, 0.0, 0.0, 0.0, 0.0, 0.0, 0.0, 797.7300409892074, 0.0, 0.0, 0.0, 0.0, 0.0, 0.0, 0.0, 0.0, 0.0, 0.0, 0.0, 805.1249186335946, 0.0, 0.0, 0.0, 0.0, 0.0, 0.0, 0.0, 0.0, 0.0, 0.0, 0.0, 762.8723694429821, 0.0, 0.0, 769.2704502614627, 0.0, 0.0, 0.0, 0.0, 0.0, 0.0, 0.0, 0.0, 0.0, 0.0, 0.0, 0.0, 0.0, 0.0, 0.0, 0.0, 0.0, 0.0, 0.0, 0.0, 0.0, 0.0, 0.0, 0.0, 0.0, 0.0, 0.0, 0.0, 283.6793615076239, 0.0, 0.0, 0.0, 0.0, 0.0, 0.0, 0.0, 0.0, 797.9384565460014, 0.0, 0.0, 800.5446380995021, 0.0, 0.0, 0.0, 0.0, 802.929022782044, 270.9252952756186, 0.0, 0.0, 0.0, 0.0, 0.0, 0.0, 0.0, 0.0, 0.0, 0.0, 0.0, 0.0, 0.0, 0.0, 789.859592087897, 0.0, 0.0, 0.0, 0.0, 0.0, 0.0, 786.8602333654451, 0.0, 0.0, 785.3922286074409, 0.0, 0.0, 0.0, 0.0, 0.0, 0.0, 0.0, 0.0, 0.0, 0.0, 0.0, 0.0, 0.0, 0.0, 0.0, 0.0, 0.0, 803.3008552284512, 0.0, 0.0, 0.0, 0.0]
INFORMACIÓN : 2apuestaBundle [784.8332143382477, 780.1734523239332, 774.6027273781274, 281.6642052100906, 275.12375614918705]
INFORMACIÓN : 2positionsBundle [1640, 785, 575, 1132, 987]
INFORMACIÓN : 2levelsBundle [3, 3, 3, 2, 2]
INFORMACIÓN : 2positionsOrdered [1640, 785, 575, 1132, 987]
INFORMACIÓN : 2levelsOrdered [3, 3, 3, 2, 2]
INFORMACIÓN : 2partialityOrdered [3, 3, 3, 2, 2]
INFORMACIÓN : 2arrivalTimes [57.830488911897454, 75.5505340585668, 88.39040033304944, 101.42880514345474, 107.25975703830004]
INFORMACIÓN : I [AB]; lost Test.myBail@24ef7b13; POS 575; sensors [IR, MW]; level 3 I paid 774.6027273781274in favour of55@(myturtles,myturtles,bug)@MK-18429 paid 782.9424883820186
INFORMACIÓN : 3historia0[0.0, 0.0, 0.0, 0.0, 0.0, 0.0, 784.8332143382477, 263.55771214359856, 0.0, 0.0, 0.0, 801.6252224115889, 785.867550876907, 0.0, 302.07310000523796, 0.0, 0.0, 0.0, 0.0, 0.0, 0.0, 794.9420818571133, 0.0, 0.0, 0.0, 0.0, 0.0, 799.7717441531511, 0.0, 0.0, 0.0, 0.0, 0.0, 0.0, 0.0, 0.0, 0.0, 0.0, 0.0, 0.0, 0.0, 0.0, 0.0, 0.0, 797.7300409892074, 0.0, 0.0, 0.0, 0.0, 0.0, 0.0, 163.0517085238895, 0.0, 0.0, 0.0, 0.0, 805.1249186335946, 0.0, 0.0, 0.0, 266.5519629500154, 0.0, 0.0, 0.0, 0.0, 0.0, 0.0, 0.0, 762.8723694429821, 0.0, 0.0, 769.2704502614627, 0.0, 0.0, 0.0, 0.0, 0.0, 0.0, 0.0, 0.0, 0.0, 0.0, 0.0, 0.0, 0.0, 0.0, 0.0, 0.0, 0.0, 0.0, 0.0, 0.0, 0.0, 0.0, 0.0, 0.0, 0.0, 0.0, 0.0, 0.0, 283.6793615076239, 780.1734523239332, 0.0, 0.0, 0.0, 0.0, 0.0, 0.0, 0.0, 797.9384565460014, 0.0, 0.0, 800.5446380995021, 0.0, 0.0, 270.62482131736704, 0.0, 802.929022782044, 270.9252952756186, 0.0, 0.0, 0.0, 0.0, 0.0, 0.0, 0.0, 0.0, 0.0, 0.0, 0.0, 0.0, 154.24912361425982, 0.0, 789.859592087897, 0.0, 279.53440773063505, 0.0, 0.0, 0.0, 0.0, 786.8602333654451, 0.0, 0.0, 785.3922286074409, 0.0, 0.0, 0.0, 0.0, 0.0, 0.0, 0.0, 0.0, 0.0, 0.0, 0.0, 191.7761963890565, 0.0, 0.0, 0.0, 0.0, 0.0, 803.3008552284512, 0.0, 0.0, 782.9424883820186, 0.0]
INFORMACIÓN : 3apuestaBundle [784.8332143382477, 780.1734523239332, 163.42973636043564, 161.67882714477093, 71.46561396044214]
INFORMACIÓN : 3positionsBundle [1640, 785, 2493, 1249, 987]
INFORMACIÓN : 3levelsBundle [3, 3, 3, 1, 1]
INFORMACIÓN : 3positionsOrdered [2493, 1640, 785, 1249, 987]
INFORMACIÓN : 3levelsOrdered [3, 3, 3, 1, 1]
INFORMACIÓN : 3partialityOrdered [3, 3, 3, 1, 2]
INFORMACIÓN : 3arrivalTimes [28.06003391753212, 57.830488911897454, 75.5505340585668, 92.19385103566003, 105.19385103566003]
INFORMACIÓN : mutexSat position 987 level 1
INFORMACIÓN : I [AB]; lost Test.myBail@52e37213; POS 987; sensors []; level 1 I paid 71.46561396044214in favour ofnull paid 71.46561396044214
INFORMACIÓN : 4historia0[0.0, 0.0, 0.0, 0.0, 0.0, 0.0, 784.8332143382477, 263.55771214359856, 0.0, 0.0, 0.0, 801.6252224115889, 785.867550876907, 0.0, 302.07310000523796, 135.26931411500965, 0.0, 0.0, 0.0, 0.0, 0.0, 794.9420818571133, 0.0, 0.0, 0.0, 0.0, 0.0, 799.7717441531511, 0.0, 0.0, 0.0, 0.0, 0.0, 0.0, 0.0, 282.39977886202655, 0.0, 0.0, 0.0, 0.0, 0.0, 0.0, 0.0, 0.0, 797.7300409892074, 0.0, 0.0, 0.0, 0.0, 0.0, 0.0, 0.0, 0.0, 0.0, 0.0, 0.0, 805.1249186335946, 0.0, 0.0, 0.0, 266.5519629500154, 0.0, 0.0, 0.0, 0.0, 172.37036719803154, 0.0, 0.0, 762.8723694429821, 0.0, 0.0, 769.2704502614627, 0.0, 0.0, 0.0, 0.0, 0.0, 0.0, 0.0, 0.0, 0.0, 0.0, 0.0, 0.0, 799.9543431994448, 0.0, 175.1243405582427, 0.0, 0.0, 0.0, 0.0, 0.0, 0.0, 0.0, 38.55364490579881, 0.0, 0.0, 0.0, 0.0, 0.0, 283.6793615076239, 780.1734523239332, 0.0, 0.0, 0.0, 0.0, 0.0, 0.0, 68.3962922326457, 797.9384565460014, 0.0, 0.0, 800.5446380995021, 0.0, 0.0, 270.62482131736704, 0.0, 802.929022782044, 270.9252952756186, 0.0, 0.0, 0.0, 0.0, 0.0, 0.0, 0.0, 0.0, 0.0, 0.0, 0.0, 0.0, 163.42973636043564, 0.0, 789.859592087897, 0.0, 279.53440773063505, 161.67882714477093, 0.0, 0.0, 0.0, 786.8602333654451, 0.0, 0.0, 785.3922286074409, 0.0, 0.0, 0.0, 795.2620646868268, 0.0, 0.0, 0.0, 0.0, 0.0, 0.0, 0.0, 191.7761963890565, 0.0, 0.0, 0.0, 0.0, 0.0, 803.3008552284512, 0.0, 0.0, 782.9424883820186, 0.0]
INFORMACIÓN : 4apuestaBundle [784.8332143382477, 780.1734523239332, 163.42973636043564, 161.67882714477093]
INFORMACIÓN : 4positionsBundle [1640, 785, 2493, 1249]
INFORMACIÓN : 4levelsBundle [3, 3, 3, 1]
INFORMACIÓN : 4positionsOrdered [2493, 1640, 785, 1249]
INFORMACIÓN : 4levelsOrdered [3, 3, 3, 1]
INFORMACIÓN : 4partialityOrdered [3, 3, 3, 1]
INFORMACIÓN : 4arrivalTimes [28.06003391753212, 57.830488911897454, 75.5505340585668, 92.19385103566003]
INFORMACIÓN : 5historia0[0.0, 0.0, 0.0, 0.0, 0.0, 0.0, 784.8332143382477, 263.55771214359856, 0.0, 0.0, 0.0, 801.6252224115889, 785.867550876907, 0.0, 302.07310000523796, 135.26931411500965, 0.0, 266.23783876805976, 0.0, 0.0, 0.0, 794.9420818571133, 0.0, 0.0, 0.0, 0.0, 0.0, 799.7717441531511, 0.0, 0.0, 0.0, 0.0, 0.0, 0.0, 0.0, 282.39977886202655, 0.0, 0.0, 0.0, 0.0, 0.0, 0.0, 0.0, 0.0, 797.7300409892074, 0.0, 0.0, 0.0, 0.0, 0.0, 0.0, 0.0, 0.0, 0.0, 0.0, 0.0, 805.1249186335946, 0.0, 0.0, 0.0, 266.5519629500154, 0.0, 0.0, 0.0, 0.0, 172.37036719803154, 0.0, 0.0, 762.8723694429821, 0.0, 0.0, 769.2704502614627, 0.0, 0.0, 0.0, 0.0, 0.0, 0.0, 182.48261861163837, 0.0, 0.0, 0.0, 0.0, 0.0, 799.9543431994448, 0.0, 175.1243405582427, 0.0, 0.0, 0.0, 0.0, 0.0, 0.0, 0.0, 43.464475986261505, 0.0, 0.0, 0.0, 0.0, 0.0, 283.6793615076239, 780.1734523239332, 0.0, 0.0, 0.0, 0.0, 0.0, 0.0, 68.3962922326457, 797.9384565460014, 0.0, 0.0, 800.5446380995021, 0.0, 0.0, 270.62482131736704, 0.0, 802.929022782044, 270.9252952756186, 0.0, 0.0, 0.0, 0.0, 0.0, 0.0, 0.0, 0.0, 0.0, 0.0, 0.0, 0.0, 163.42973636043564, 0.0, 789.859592087897, 0.0, 279.53440773063505, 161.67882714477093, 0.0, 0.0, 0.0, 786.8602333654451, 0.0, 0.0, 785.3922286074409, 0.0, 0.0, 0.0, 795.2620646868268, 0.0, 0.0, 0.0, 0.0, 0.0, 0.0, 0.0, 191.7761963890565, 149.07962803381685, 0.0, 0.0, 0.0, 0.0, 803.3008552284512, 0.0, 0.0, 782.9424883820186, 0.0]
INFORMACIÓN : 5apuestaBundle [784.8332143382477, 780.1734523239332, 163.42973636043564, 161.67882714477093]
INFORMACIÓN : 5positionsBundle [1640, 785, 2493, 1249]
INFORMACIÓN : 5levelsBundle [3, 3, 3, 1]
INFORMACIÓN : 5positionsOrdered [2493, 1640, 785, 1249]
INFORMACIÓN : 5levelsOrdered [3, 3, 3, 1]
INFORMACIÓN : 5partialityOrdered [3, 3, 3, 1]
INFORMACIÓN : 5arrivalTimes [28.06003391753212, 57.830488911897454, 75.5505340585668, 92.19385103566003]
INFORMACIÓN : 6historia0[0.0, 0.0, 0.0, 0.0, 0.0, 0.0, 784.8332143382477, 263.55771214359856, 0.0, 0.0, 0.0, 801.6252224115889, 785.867550876907, 0.0, 302.07310000523796, 135.26931411500965, 0.0, 266.23783876805976, 0.0, 0.0, 0.0, 794.9420818571133, 0.0, 0.0, 0.0, 0.0, 0.0, 799.7717441531511, 0.0, 149.8820435294797, 0.0, 0.0, 0.0, 0.0, 0.0, 282.39977886202655, 0.0, 0.0, 0.0, 0.0, 0.0, 0.0, 0.0, 0.0, 797.7300409892074, 0.0, 0.0, 0.0, 0.0, 0.0, 0.0, 0.0, 0.0, 0.0, 0.0, 0.0, 805.1249186335946, 0.0, 0.0, 0.0, 266.5519629500154, 0.0, 0.0, 0.0, 0.0, 172.37036719803154, 0.0, 0.0, 762.8723694429821, 0.0, 0.0, 769.2704502614627, 0.0, 0.0, 0.0, 0.0, 0.0, 0.0, 182.48261861163837, 0.0, 0.0, 0.0, 0.0, 0.0, 799.9543431994448, 0.0, 175.1243405582427, 0.0, 0.0, 0.0, 0.0, 0.0, 0.0, 0.0, 43.464475986261505, 0.0, 0.0, 0.0, 0.0, 0.0, 283.6793615076239, 780.1734523239332, 0.0, 0.0, 0.0, 0.0, 0.0, 0.0, 68.3962922326457, 797.9384565460014, 0.0, 0.0, 800.5446380995021, 0.0, 0.0, 270.62482131736704, 0.0, 802.929022782044, 270.9252952756186, 0.0, 0.0, 0.0, 0.0, 0.0, 0.0, 0.0, 0.0, 0.0, 0.0, 0.0, 0.0, 163.42973636043564, 0.0, 789.859592087897, 0.0, 279.53440773063505, 161.67882714477093, 0.0, 0.0, 0.0, 786.8602333654451, 0.0, 0.0, 785.3922286074409, 0.0, 0.0, 0.0, 795.2620646868268, 0.0, 0.0, 0.0, 0.0, 0.0, 0.0, 0.0, 191.7761963890565, 149.07962803381685, 0.0, 0.0, 0.0, 0.0, 803.3008552284512, 0.0, 0.0, 782.9424883820186, 0.0]
INFORMACIÓN : 6apuestaBundle [784.8332143382477, 780.1734523239332, 163.42973636043564, 161.67882714477093]
INFORMACIÓN : 6positionsBundle [1640, 785, 2493, 1249]
INFORMACIÓN : 6levelsBundle [3, 3, 3, 1]
INFORMACIÓN : 6positionsOrdered [2493, 1640, 785, 1249]
INFORMACIÓN : 6levelsOrdered [3, 3, 3, 1]
INFORMACIÓN : 6partialityOrdered [3, 3, 3, 1]
INFORMACIÓN : 6arrivalTimes [28.06003391753212, 57.830488911897454, 75.5505340585668, 92.19385103566003]
INFORMACIÓN : 7historia0[0.0, 0.0, 0.0, 0.0, 0.0, 0.0, 784.8332143382477, 263.55771214359856, 0.0, 0.0, 0.0, 801.6252224115889, 785.867550876907, 0.0, 302.07310000523796, 135.26931411500965, 0.0, 266.23783876805976, 0.0, 0.0, 0.0, 794.9420818571133, 0.0, 0.0, 0.0, 0.0, 0.0, 799.7717441531511, 0.0, 149.8820435294797, 0.0, 0.0, 0.0, 0.0, 0.0, 282.39977886202655, 0.0, 0.0, 0.0, 0.0, 0.0, 0.0, 0.0, 0.0, 797.7300409892074, 0.0, 0.0, 0.0, 0.0, 0.0, 0.0, 0.0, 0.0, 0.0, 0.0, 0.0, 805.1249186335946, 0.0, 0.0, 0.0, 266.5519629500154, 0.0, 0.0, 0.0, 0.0, 172.37036719803154, 0.0, 0.0, 762.8723694429821, 0.0, 0.0, 769.2704502614627, 0.0, 0.0, 0.0, 0.0, 0.0, 0.0, 182.48261861163837, 0.0, 0.0, 0.0, 0.0, 0.0, 799.9543431994448, 0.0, 175.1243405582427, 0.0, 0.0, 0.0, 0.0, 0.0, 0.0, 0.0, 43.464475986261505, 0.0, 0.0, 0.0, 0.0, 0.0, 283.6793615076239, 780.1734523239332, 0.0, 0.0, 0.0, 0.0, 0.0, 0.0, 68.3962922326457, 797.9384565460014, 0.0, 0.0, 800.5446380995021, 0.0, 0.0, 270.62482131736704, 0.0, 802.929022782044, 270.9252952756186, 0.0, 0.0, 0.0, 0.0, 0.0, 0.0, 0.0, 0.0, 0.0, 0.0, 0.0, 0.0, 163.42973636043564, 0.0, 789.859592087897, 0.0, 279.53440773063505, 161.67882714477093, 0.0, 0.0, 0.0, 786.8602333654451, 0.0, 0.0, 785.3922286074409, 0.0, 0.0, 0.0, 795.2620646868268, 0.0, 0.0, 0.0, 0.0, 0.0, 0.0, 0.0, 191.7761963890565, 149.07962803381685, 0.0, 0.0, 0.0, 0.0, 803.3008552284512, 0.0, 0.0, 782.9424883820186, 0.0]
INFORMACIÓN : 7apuestaBundle [784.8332143382477, 780.1734523239332, 163.42973636043564, 161.67882714477093]
INFORMACIÓN : 7positionsBundle [1640, 785, 2493, 1249]
INFORMACIÓN : 7levelsBundle [3, 3, 3, 1]
INFORMACIÓN : 7positionsOrdered [2493, 1640, 785, 1249]
INFORMACIÓN : 7levelsOrdered [3, 3, 3, 1]
INFORMACIÓN : 7partialityOrdered [3, 3, 3, 1]
INFORMACIÓN : 7arrivalTimes [28.06003391753212, 57.830488911897454, 75.5505340585668, 92.19385103566003]
INFORMACIÓN : 8historia0[0.0, 0.0, 0.0, 0.0, 0.0, 0.0, 784.8332143382477, 263.55771214359856, 0.0, 0.0, 0.0, 801.6252224115889, 785.867550876907, 0.0, 302.07310000523796, 135.26931411500965, 0.0, 266.23783876805976, 0.0, 0.0, 0.0, 794.9420818571133, 0.0, 0.0, 0.0, 0.0, 0.0, 799.7717441531511, 0.0, 149.8820435294797, 0.0, 0.0, 0.0, 0.0, 0.0, 282.39977886202655, 0.0, 0.0, 0.0, 0.0, 0.0, 0.0, 0.0, 0.0, 797.7300409892074, 0.0, 0.0, 0.0, 0.0, 0.0, 0.0, 0.0, 0.0, 0.0, 0.0, 0.0, 805.1249186335946, 0.0, 0.0, 0.0, 266.5519629500154, 0.0, 0.0, 0.0, 0.0, 172.37036719803154, 0.0, 0.0, 762.8723694429821, 0.0, 0.0, 769.2704502614627, 0.0, 0.0, 0.0, 0.0, 0.0, 0.0, 182.48261861163837, 0.0, 0.0, 0.0, 0.0, 0.0, 799.9543431994448, 0.0, 175.1243405582427, 0.0, 0.0, 0.0, 0.0, 0.0, 0.0, 0.0, 43.464475986261505, 0.0, 0.0, 0.0, 0.0, 0.0, 283.6793615076239, 780.1734523239332, 0.0, 0.0, 0.0, 0.0, 0.0, 0.0, 68.3962922326457, 797.9384565460014, 0.0, 0.0, 800.5446380995021, 0.0, 0.0, 270.62482131736704, 0.0, 802.929022782044, 270.9252952756186, 0.0, 0.0, 0.0, 0.0, 0.0, 0.0, 0.0, 0.0, 0.0, 0.0, 0.0, 0.0, 163.42973636043564, 0.0, 789.859592087897, 0.0, 279.53440773063505, 161.67882714477093, 0.0, 0.0, 0.0, 786.8602333654451, 0.0, 0.0, 785.3922286074409, 0.0, 0.0, 0.0, 795.2620646868268, 0.0, 0.0, 0.0, 0.0, 0.0, 0.0, 0.0, 191.7761963890565, 149.07962803381685, 0.0, 0.0, 0.0, 0.0, 803.3008552284512, 0.0, 0.0, 782.9424883820186, 0.0]
INFORMACIÓN : 8apuestaBundle [784.8332143382477, 780.1734523239332, 163.42973636043564, 161.67882714477093]
INFORMACIÓN : 8positionsBundle [1640, 785, 2493, 1249]
INFORMACIÓN : 8levelsBundle [3, 3, 3, 1]
INFORMACIÓN : 8positionsOrdered [2493, 1640, 785, 1249]
INFORMACIÓN : 8levelsOrdered [3, 3, 3, 1]
INFORMACIÓN : 8partialityOrdered [3, 3, 3, 1]
INFORMACIÓN : 8arrivalTimes [28.06003391753212, 57.830488911897454, 75.5505340585668, 92.19385103566003]
INFORMACIÓN : 9historia0[0.0, 0.0, 0.0, 0.0, 0.0, 0.0, 784.8332143382477, 263.55771214359856, 0.0, 0.0, 0.0, 0.0, 785.867550876907, 0.0, 302.07310000523796, 135.26931411500965, 0.0, 266.23783876805976, 0.0, 0.0, 0.0, 794.9420818571133, 0.0, 0.0, 0.0, 0.0, 0.0, 0.0, 0.0, 149.8820435294797, 0.0, 0.0, 0.0, 0.0, 0.0, 282.39977886202655, 0.0, 0.0, 0.0, 0.0, 0.0, 0.0, 0.0, 0.0, 797.7300409892074, 0.0, 0.0, 0.0, 0.0, 0.0, 0.0, 0.0, 0.0, 0.0, 0.0, 0.0, 0.0, 0.0, 0.0, 0.0, 266.5519629500154, 0.0, 0.0, 0.0, 0.0, 172.37036719803154, 0.0, 0.0, 762.8723694429821, 0.0, 0.0, 769.2704502614627, 0.0, 0.0, 0.0, 0.0, 0.0, 0.0, 0.0, 0.0, 0.0, 0.0, 0.0, 0.0, 799.9543431994448, 0.0, 175.1243405582427, 0.0, 0.0, 0.0, 0.0, 0.0, 0.0, 0.0, 43.464475986261505, 0.0, 0.0, 0.0, 0.0, 0.0, 0.0, 780.1734523239332, 0.0, 0.0, 0.0, 0.0, 0.0, 0.0, 68.3962922326457, 797.9384565460014, 0.0, 0.0, 800.5446380995021, 0.0, 0.0, 270.62482131736704, 0.0, 802.929022782044, 270.9252952756186, 0.0, 0.0, 0.0, 0.0, 0.0, 0.0, 0.0, 0.0, 0.0, 0.0, 0.0, 0.0, 163.42973636043564, 0.0, 789.859592087897, 0.0, 279.53440773063505, 161.67882714477093, 0.0, 0.0, 0.0, 786.8602333654451, 0.0, 0.0, 785.3922286074409, 0.0, 0.0, 0.0, 795.2620646868268, 0.0, 0.0, 0.0, 0.0, 0.0, 0.0, 0.0, 191.7761963890565, 149.07962803381685, 0.0, 0.0, 0.0, 0.0, 803.3008552284512, 0.0, 0.0, 782.9424883820186, 0.0]
INFORMACIÓN : 9apuestaBundle [784.8332143382477, 780.1734523239332, 163.42973636043564, 161.67882714477093, 373.5288625852052, 373.5288625852052]
INFORMACIÓN : 9positionsBundle [1640, 785, 2493, 1249, 1644, 1644]
INFORMACIÓN : 9levelsBundle [3, 3, 3, 1, 2, 2]
INFORMACIÓN : 9positionsOrdered [2493, 1644, 1644, 1640, 785, 1249]
INFORMACIÓN : 9levelsOrdered [3, 2, 2, 3, 3, 1]
INFORMACIÓN : 9partialityOrdered [3, 3, 3, 3, 3, 1]
INFORMACIÓN : 9arrivalTimes [28.06003391753212, 45.08942028345852, 45.08942028345852, 57.830488911897454, 75.5505340585668, 92.19385103566003]
INFORMACIÓN : mutexSat position 1644 level 2
INFORMACIÓN : mutexSat position 1644 level 2
INFORMACIÓN : I [AB]; lost Test.myBail@1b77bb5b; POS 1644; sensors [MW]; level 2 I paid 373.5288625852052in favour ofnull paid 373.5288625852052
INFORMACIÓN : 10historia0[0.0, 0.0, 0.0, 0.0, 0.0, 0.0, 784.8332143382477, 263.55771214359856, 0.0, 0.0, 0.0, 801.6252224115889, 785.867550876907, 0.0, 0.0, 135.26931411500965, 0.0, 266.23783876805976, 0.0, 0.0, 0.0, 794.9420818571133, 0.0, 0.0, 0.0, 0.0, 0.0, 799.7717441531511, 0.0, 149.8820435294797, 0.0, 0.0, 0.0, 0.0, 0.0, 282.39977886202655, 0.0, 0.0, 0.0, 0.0, 0.0, 0.0, 0.0, 0.0, 797.7300409892074, 0.0, 0.0, 0.0, 0.0, 0.0, 0.0, 0.0, 0.0, 0.0, 0.0, 0.0, 805.1249186335946, 0.0, 0.0, 0.0, 266.5519629500154, 0.0, 0.0, 0.0, 0.0, 172.37036719803154, 0.0, 0.0, 0.0, 0.0, 0.0, 770.9822276906636, 0.0, 0.0, 0.0, 0.0, 0.0, 0.0, 0.0, 0.0, 0.0, 0.0, 0.0, 0.0, 799.9543431994448, 0.0, 175.1243405582427, 0.0, 0.0, 0.0, 0.0, 0.0, 0.0, 0.0, 43.464475986261505, 0.0, 0.0, 0.0, 0.0, 0.0, 0.0, 780.1734523239332, 0.0, 0.0, 0.0, 0.0, 0.0, 0.0, 68.3962922326457, 797.9384565460014, 0.0, 0.0, 800.5446380995021, 0.0, 0.0, 270.62482131736704, 0.0, 802.929022782044, 0.0, 0.0, 0.0, 0.0, 0.0, 0.0, 0.0, 0.0, 0.0, 0.0, 0.0, 0.0, 0.0, 163.42973636043564, 0.0, 789.859592087897, 0.0, 279.53440773063505, 161.67882714477093, 0.0, 0.0, 0.0, 786.8602333654451, 0.0, 0.0, 795.5759776930736, 0.0, 0.0, 0.0, 795.2620646868268, 0.0, 0.0, 0.0, 0.0, 0.0, 0.0, 0.0, 191.7761963890565, 149.07962803381685, 0.0, 0.0, 0.0, 0.0, 803.3008552284512, 0.0, 0.0, 782.9424883820186, 0.0]
INFORMACIÓN : 10apuestaBundle [784.8332143382477, 780.1734523239332, 163.42973636043564, 161.67882714477093, 65.72234357122284]
INFORMACIÓN : 10positionsBundle [1640, 785, 2493, 1249, 2276]
INFORMACIÓN : 10levelsBundle [3, 3, 3, 1, 1]
INFORMACIÓN : 10positionsOrdered [2493, 1640, 785, 1249, 2276]
INFORMACIÓN : 10levelsOrdered [3, 3, 3, 1, 1]
INFORMACIÓN : 10partialityOrdered [3, 3, 3, 1, 2]
INFORMACIÓN : 10arrivalTimes [28.06003391753212, 57.830488911897454, 75.5505340585668, 92.19385103566003, 123.3386740404549]
INFORMACIÓN : depSat position 1640 level 3
INFORMACIÓN : mutexSat position 2276 level 1
INFORMACIÓN : I [AB]; lost Test.myBail@78113816; POS 1640; sensors [IR, MW]; level 3 I paid 784.8332143382477in favour ofnull paid 784.8332143382477
INFORMACIÓN : 11historia0[0.0, 0.0, 0.0, 0.0, 0.0, 0.0, 0.0, 0.0, 0.0, 0.0, 0.0, 801.6252224115889, 785.867550876907, 0.0, 302.4942682176181, 0.0, 0.0, 266.23783876805976, 0.0, 0.0, 0.0, 794.9420818571133, 0.0, 0.0, 0.0, 0.0, 0.0, 799.7717441531511, 0.0, 0.0, 0.0, 0.0, 0.0, 0.0, 0.0, 282.39977886202655, 0.0, 0.0, 0.0, 0.0, 0.0, 0.0, 0.0, 0.0, 797.7300409892074, 0.0, 0.0, 0.0, 0.0, 0.0, 0.0, 0.0, 0.0, 0.0, 0.0, 0.0, 805.1249186335946, 0.0, 0.0, 0.0, 266.5519629500154, 0.0, 0.0, 0.0, 0.0, 172.37036719803154, 0.0, 0.0, 763.0346363754697, 0.0, 0.0, 770.9822276906636, 0.0, 0.0, 0.0, 0.0, 0.0, 0.0, 0.0, 0.0, 0.0, 0.0, 0.0, 0.0, 799.9543431994448, 0.0, 175.1243405582427, 0.0, 0.0, 0.0, 0.0, 0.0, 0.0, 0.0, 43.464475986261505, 0.0, 0.0, 0.0, 0.0, 0.0, 0.0, 0.0, 0.0, 0.0, 0.0, 0.0, 0.0, 0.0, 0.0, 797.9384565460014, 0.0, 0.0, 800.5446380995021, 0.0, 0.0, 0.0, 0.0, 802.929022782044, 0.0, 0.0, 0.0, 0.0, 0.0, 0.0, 0.0, 0.0, 0.0, 0.0, 0.0, 0.0, 0.0, 0.0, 0.0, 789.859592087897, 0.0, 0.0, 0.0, 0.0, 0.0, 0.0, 786.8602333654451, 0.0, 0.0, 795.5759776930736, 0.0, 0.0, 0.0, 795.2620646868268, 0.0, 0.0, 0.0, 0.0, 0.0, 0.0, 0.0, 0.0, 149.07962803381685, 0.0, 0.0, 0.0, 0.0, 803.3008552284512, 0.0, 0.0, 782.9424883820186, 0.0]
INFORMACIÓN : 11apuestaBundle [784.995867773916, 780.2546913074518, 282.9820951404827, 273.86641210416263, 268.3498359229148]
INFORMACIÓN : 11positionsBundle [1640, 785, 1132, 987, 1396]
INFORMACIÓN : 11levelsBundle [3, 3, 2, 2, 2]
INFORMACIÓN : 11positionsOrdered [1640, 785, 1132, 987, 1396]
INFORMACIÓN : 11levelsOrdered [3, 3, 2, 2, 2]
INFORMACIÓN : 11partialityOrdered [3, 3, 2, 2, 2]
INFORMACIÓN : 11arrivalTimes [53.830488911897454, 73.5505340585668, 81.1663071644307, 103.25975703830004, 115.30135161709234]
INFORMACIÓN : 12historia0[0.0, 0.0, 0.0, 0.0, 0.0, 0.0, 784.995867773916, 0.0, 0.0, 0.0, 0.0, 801.6252224115889, 785.867550876907, 0.0, 302.4942682176181, 0.0, 0.0, 282.9820951404827, 0.0, 0.0, 0.0, 794.9420818571133, 0.0, 0.0, 0.0, 0.0, 293.10683759534896, 799.7717441531511, 0.0, 0.0, 0.0, 0.0, 0.0, 0.0, 0.0, 0.0, 0.0, 0.0, 0.0, 0.0, 0.0, 0.0, 0.0, 0.0, 797.7300409892074, 0.0, 0.0, 0.0, 0.0, 60.543667780917986, 0.0, 0.0, 0.0, 0.0, 0.0, 0.0, 805.1249186335946, 0.0, 0.0, 0.0, 266.5519629500154, 0.0, 0.0, 0.0, 0.0, 172.37036719803154, 0.0, 0.0, 763.0346363754697, 0.0, 0.0, 770.9822276906636, 0.0, 0.0, 0.0, 0.0, 0.0, 0.0, 0.0, 0.0, 0.0, 0.0, 0.0, 0.0, 799.9543431994448, 0.0, 175.1243405582427, 0.0, 0.0, 0.0, 273.86641210416263, 0.0, 0.0, 0.0, 0.0, 0.0, 0.0, 0.0, 0.0, 0.0, 0.0, 780.2546913074518, 0.0, 0.0, 0.0, 0.0, 0.0, 0.0, 0.0, 797.9384565460014, 0.0, 0.0, 800.5446380995021, 0.0, 0.0, 0.0, 0.0, 802.929022782044, 0.0, 0.0, 0.0, 0.0, 0.0, 0.0, 0.0, 67.03384747277153, 0.0, 0.0, 0.0, 0.0, 0.0, 0.0, 0.0, 789.859592087897, 0.0, 0.0, 0.0, 0.0, 0.0, 0.0, 786.8602333654451, 0.0, 0.0, 795.5759776930736, 0.0, 0.0, 0.0, 0.0, 0.0, 0.0, 0.0, 0.0, 0.0, 0.0, 0.0, 0.0, 0.0, 0.0, 0.0, 0.0, 0.0, 803.3008552284512, 268.3498359229148, 0.0, 782.9424883820186, 0.0]
INFORMACIÓN : 12apuestaBundle [784.995867773916, 780.2546913074518, 282.9820951404827, 273.86641210416263, 268.3498359229148]
INFORMACIÓN : 12positionsBundle [1640, 785, 1132, 987, 1396]
INFORMACIÓN : 12levelsBundle [3, 3, 2, 2, 2]
INFORMACIÓN : 12positionsOrdered [1640, 785, 1132, 987, 1396]
INFORMACIÓN : 12levelsOrdered [3, 3, 2, 2, 2]
INFORMACIÓN : 12partialityOrdered [3, 3, 2, 2, 2]
INFORMACIÓN : 12arrivalTimes [53.830488911897454, 73.5505340585668, 81.1663071644307, 103.25975703830004, 115.30135161709234]
INFORMACIÓN : 13historia0[0.0, 0.0, 0.0, 0.0, 0.0, 0.0, 784.995867773916, 0.0, 0.0, 0.0, 0.0, 801.6252224115889, 785.867550876907, 0.0, 302.4942682176181, 0.0, 0.0, 282.9820951404827, 0.0, 0.0, 0.0, 794.9420818571133, 0.0, 742.2716899963821, 0.0, 0.0, 293.10683759534896, 799.7717441531511, 0.0, 145.57889733348458, 0.0, 0.0, 0.0, 0.0, 0.0, 275.8198670827761, 65.24304403750125, 0.0, 0.0, 0.0, 0.0, 0.0, 0.0, 0.0, 797.7300409892074, 0.0, 0.0, 0.0, 0.0, 60.543667780917986, 0.0, 0.0, 0.0, 0.0, 0.0, 0.0, 805.1249186335946, 0.0, 0.0, 0.0, 266.5519629500154, 0.0, 0.0, 0.0, 0.0, 172.37036719803154, 0.0, 0.0, 763.0346363754697, 0.0, 0.0, 770.9822276906636, 0.0, 0.0, 0.0, 0.0, 0.0, 0.0, 163.2557347899599, 0.0, 0.0, 0.0, 0.0, 0.0, 799.9543431994448, 0.0, 175.1243405582427, 0.0, 0.0, 0.0, 273.86641210416263, 0.0, 0.0, 0.0, 0.0, 0.0, 0.0, 0.0, 0.0, 0.0, 0.0, 780.2546913074518, 0.0, 0.0, 0.0, 0.0, 65.24304403750125, 0.0, 67.25512055946052, 797.9384565460014, 0.0, 0.0, 800.5446380995021, 0.0, 0.0, 248.99064370069803, 0.0, 802.929022782044, 0.0, 0.0, 0.0, 0.0, 0.0, 0.0, 0.0, 0.0, 0.0, 0.0, 0.0, 0.0, 0.0, 0.0, 0.0, 789.859592087897, 0.0, 0.0, 0.0, 0.0, 0.0, 0.0, 786.8602333654451, 0.0, 0.0, 795.5759776930736, 0.0, 0.0, 0.0, 799.9196471628939, 0.0, 0.0, 0.0, 0.0, 0.0, 0.0, 0.0, 193.22226832121703, 156.48664173293628, 0.0, 0.0, 0.0, 0.0, 803.3008552284512, 268.3498359229148, 0.0, 782.9424883820186, 0.0]
INFORMACIÓN : 13apuestaBundle [784.995867773916, 780.2546913074518, 282.9820951404827, 273.86641210416263, 268.3498359229148]
INFORMACIÓN : 13positionsBundle [1640, 785, 1132, 987, 1396]
INFORMACIÓN : 13levelsBundle [3, 3, 2, 2, 2]
INFORMACIÓN : 13positionsOrdered [1640, 785, 1132, 987, 1396]
INFORMACIÓN : 13levelsOrdered [3, 3, 2, 2, 2]
INFORMACIÓN : 13partialityOrdered [3, 3, 2, 2, 2]
INFORMACIÓN : 13arrivalTimes [53.830488911897454, 73.5505340585668, 81.1663071644307, 103.25975703830004, 115.30135161709234]
INFORMACIÓN : 14historia0[0.0, 0.0, 0.0, 0.0, 0.0, 0.0, 784.995867773916, 0.0, 0.0, 0.0, 0.0, 801.6252224115889, 785.867550876907, 0.0, 302.4942682176181, 0.0, 0.0, 282.9820951404827, 0.0, 0.0, 0.0, 794.9420818571133, 0.0, 742.2716899963821, 0.0, 0.0, 293.10683759534896, 799.7717441531511, 0.0, 145.57889733348458, 0.0, 0.0, 0.0, 0.0, 0.0, 275.8198670827761, 0.0, 0.0, 0.0, 0.0, 0.0, 0.0, 0.0, 0.0, 797.7300409892074, 0.0, 0.0, 0.0, 0.0, 60.543667780917986, 0.0, 0.0, 0.0, 0.0, 0.0, 0.0, 805.1249186335946, 0.0, 0.0, 0.0, 266.5519629500154, 0.0, 0.0, 0.0, 0.0, 172.37036719803154, 0.0, 0.0, 763.0346363754697, 0.0, 0.0, 770.9822276906636, 0.0, 0.0, 0.0, 0.0, 0.0, 0.0, 163.2557347899599, 0.0, 0.0, 0.0, 0.0, 0.0, 799.9543431994448, 0.0, 175.1243405582427, 0.0, 0.0, 0.0, 273.86641210416263, 0.0, 0.0, 0.0, 0.0, 0.0, 0.0, 0.0, 0.0, 0.0, 252.00324513288638, 780.2546913074518, 0.0, 0.0, 0.0, 0.0, 0.0, 0.0, 67.25512055946052, 797.9384565460014, 0.0, 0.0, 800.5446380995021, 0.0, 0.0, 248.99064370069803, 0.0, 802.929022782044, 0.0, 0.0, 0.0, 0.0, 0.0, 0.0, 0.0, 0.0, 0.0, 0.0, 0.0, 0.0, 0.0, 124.30313104337039, 0.0, 789.859592087897, 0.0, 0.0, 0.0, 0.0, 0.0, 0.0, 786.8602333654451, 0.0, 0.0, 795.5759776930736, 0.0, 0.0, 0.0, 799.9196471628939, 0.0, 0.0, 0.0, 0.0, 0.0, 0.0, 0.0, 193.22226832121703, 156.48664173293628, 0.0, 0.0, 0.0, 0.0, 803.3008552284512, 268.3498359229148, 0.0, 782.9424883820186, 0.0]
INFORMACIÓN : 14apuestaBundle [784.995867773916, 780.2546913074518, 282.9820951404827, 273.86641210416263, 268.3498359229148]
INFORMACIÓN : 14positionsBundle [1640, 785, 1132, 987, 1396]
INFORMACIÓN : 14levelsBundle [3, 3, 2, 2, 2]
INFORMACIÓN : 14positionsOrdered [1640, 785, 1132, 987, 1396]
INFORMACIÓN : 14levelsOrdered [3, 3, 2, 2, 2]
INFORMACIÓN : 14partialityOrdered [3, 3, 2, 2, 2]
INFORMACIÓN : 14arrivalTimes [53.830488911897454, 73.5505340585668, 81.1663071644307, 103.25975703830004, 115.30135161709234]
INFORMACIÓN : 15historia0[0.0, 0.0, 0.0, 0.0, 0.0, 0.0, 784.995867773916, 0.0, 0.0, 0.0, 0.0, 801.6252224115889, 785.867550876907, 0.0, 302.4942682176181, 0.0, 0.0, 282.9820951404827, 0.0, 0.0, 0.0, 794.9420818571133, 0.0, 742.2716899963821, 0.0, 0.0, 293.10683759534896, 799.7717441531511, 0.0, 145.57889733348458, 0.0, 0.0, 0.0, 0.0, 0.0, 275.8198670827761, 0.0, 0.0, 0.0, 0.0, 0.0, 0.0, 0.0, 0.0, 797.7300409892074, 0.0, 0.0, 0.0, 0.0, 60.543667780917986, 0.0, 0.0, 0.0, 0.0, 0.0, 0.0, 805.1249186335946, 0.0, 0.0, 0.0, 266.5519629500154, 0.0, 0.0, 0.0, 0.0, 172.37036719803154, 0.0, 0.0, 763.0346363754697, 0.0, 0.0, 770.9822276906636, 0.0, 0.0, 0.0, 0.0, 0.0, 0.0, 163.2557347899599, 0.0, 0.0, 0.0, 0.0, 0.0, 799.9543431994448, 0.0, 175.1243405582427, 0.0, 0.0, 0.0, 273.86641210416263, 0.0, 0.0, 0.0, 0.0, 0.0, 0.0, 0.0, 0.0, 0.0, 252.00324513288638, 780.2546913074518, 0.0, 0.0, 0.0, 0.0, 0.0, 0.0, 67.25512055946052, 797.9384565460014, 0.0, 0.0, 800.5446380995021, 0.0, 0.0, 248.99064370069803, 0.0, 802.929022782044, 0.0, 0.0, 0.0, 0.0, 0.0, 0.0, 0.0, 0.0, 0.0, 0.0, 0.0, 0.0, 0.0, 124.30313104337039, 0.0, 789.859592087897, 0.0, 0.0, 0.0, 0.0, 0.0, 0.0, 786.8602333654451, 0.0, 0.0, 795.5759776930736, 0.0, 0.0, 0.0, 799.9196471628939, 0.0, 0.0, 0.0, 0.0, 0.0, 0.0, 0.0, 193.22226832121703, 156.48664173293628, 0.0, 0.0, 0.0, 0.0, 803.3008552284512, 268.3498359229148, 0.0, 782.9424883820186, 0.0]
INFORMACIÓN : 15apuestaBundle [784.995867773916, 780.2546913074518, 282.9820951404827, 273.86641210416263, 268.3498359229148]
INFORMACIÓN : 15positionsBundle [1640, 785, 1132, 987, 1396]
INFORMACIÓN : 15levelsBundle [3, 3, 2, 2, 2]
INFORMACIÓN : 15positionsOrdered [1640, 785, 1132, 987, 1396]
INFORMACIÓN : 15levelsOrdered [3, 3, 2, 2, 2]
INFORMACIÓN : 15partialityOrdered [3, 3, 2, 2, 2]
INFORMACIÓN : 15arrivalTimes [53.830488911897454, 73.5505340585668, 81.1663071644307, 103.25975703830004, 115.30135161709234]
INFORMACIÓN : 16historia0[0.0, 0.0, 0.0, 0.0, 0.0, 0.0, 784.995867773916, 0.0, 0.0, 0.0, 0.0, 801.6252224115889, 785.867550876907, 0.0, 302.4942682176181, 0.0, 0.0, 282.9820951404827, 0.0, 0.0, 0.0, 794.9420818571133, 0.0, 742.2716899963821, 0.0, 0.0, 293.10683759534896, 799.7717441531511, 0.0, 145.57889733348458, 0.0, 0.0, 0.0, 0.0, 0.0, 275.8198670827761, 0.0, 0.0, 0.0, 0.0, 0.0, 0.0, 0.0, 0.0, 797.7300409892074, 0.0, 0.0, 0.0, 0.0, 60.543667780917986, 0.0, 0.0, 0.0, 0.0, 0.0, 0.0, 805.1249186335946, 0.0, 0.0, 0.0, 266.5519629500154, 0.0, 0.0, 0.0, 0.0, 172.37036719803154, 0.0, 0.0, 763.0346363754697, 0.0, 0.0, 770.9822276906636, 0.0, 0.0, 0.0, 0.0, 0.0, 0.0, 163.2557347899599, 0.0, 0.0, 0.0, 0.0, 0.0, 799.9543431994448, 0.0, 175.1243405582427, 0.0, 0.0, 0.0, 273.86641210416263, 0.0, 0.0, 0.0, 0.0, 0.0, 0.0, 0.0, 0.0, 0.0, 252.00324513288638, 780.2546913074518, 0.0, 0.0, 0.0, 0.0, 0.0, 0.0, 67.25512055946052, 797.9384565460014, 0.0, 0.0, 800.5446380995021, 0.0, 0.0, 248.99064370069803, 0.0, 802.929022782044, 0.0, 0.0, 0.0, 0.0, 0.0, 0.0, 0.0, 0.0, 0.0, 0.0, 0.0, 0.0, 0.0, 124.30313104337039, 0.0, 789.859592087897, 0.0, 0.0, 0.0, 0.0, 0.0, 0.0, 786.8602333654451, 0.0, 0.0, 795.5759776930736, 0.0, 0.0, 0.0, 799.9196471628939, 0.0, 0.0, 0.0, 0.0, 0.0, 0.0, 0.0, 193.22226832121703, 156.48664173293628, 0.0, 0.0, 0.0, 0.0, 803.3008552284512, 268.3498359229148, 0.0, 782.9424883820186, 0.0]
INFORMACIÓN : 16apuestaBundle [784.995867773916, 780.2546913074518, 282.9820951404827, 273.86641210416263, 268.3498359229148]
INFORMACIÓN : 16positionsBundle [1640, 785, 1132, 987, 1396]
INFORMACIÓN : 16levelsBundle [3, 3, 2, 2, 2]
INFORMACIÓN : 16positionsOrdered [1640, 785, 1132, 987, 1396]
INFORMACIÓN : 16levelsOrdered [3, 3, 2, 2, 2]
INFORMACIÓN : 16partialityOrdered [3, 3, 2, 2, 2]
INFORMACIÓN : 16arrivalTimes [53.830488911897454, 73.5505340585668, 81.1663071644307, 103.25975703830004, 115.30135161709234]
INFORMACIÓN : 17historia0[0.0, 0.0, 0.0, 0.0, 0.0, 0.0, 784.995867773916, 0.0, 0.0, 0.0, 0.0, 801.6252224115889, 785.867550876907, 0.0, 302.4942682176181, 0.0, 0.0, 282.9820951404827, 0.0, 0.0, 0.0, 794.9420818571133, 0.0, 742.2716899963821, 0.0, 0.0, 293.10683759534896, 799.7717441531511, 0.0, 145.57889733348458, 0.0, 0.0, 0.0, 0.0, 0.0, 275.8198670827761, 0.0, 0.0, 0.0, 0.0, 0.0, 0.0, 0.0, 0.0, 797.7300409892074, 0.0, 0.0, 0.0, 0.0, 60.543667780917986, 0.0, 0.0, 0.0, 0.0, 0.0, 0.0, 805.1249186335946, 0.0, 0.0, 0.0, 266.5519629500154, 0.0, 0.0, 0.0, 0.0, 172.37036719803154, 0.0, 0.0, 763.0346363754697, 0.0, 0.0, 770.9822276906636, 0.0, 0.0, 0.0, 0.0, 0.0, 0.0, 163.2557347899599, 0.0, 0.0, 0.0, 0.0, 0.0, 799.9543431994448, 0.0, 175.1243405582427, 0.0, 0.0, 0.0, 273.86641210416263, 0.0, 0.0, 0.0, 0.0, 0.0, 0.0, 0.0, 0.0, 0.0, 252.00324513288638, 780.2546913074518, 0.0, 0.0, 0.0, 0.0, 0.0, 0.0, 67.25512055946052, 797.9384565460014, 0.0, 0.0, 800.5446380995021, 0.0, 0.0, 248.99064370069803, 0.0, 802.929022782044, 0.0, 0.0, 0.0, 0.0, 0.0, 0.0, 0.0, 0.0, 0.0, 0.0, 0.0, 0.0, 0.0, 124.30313104337039, 0.0, 789.859592087897, 0.0, 0.0, 0.0, 0.0, 0.0, 0.0, 786.8602333654451, 0.0, 0.0, 795.5759776930736, 0.0, 0.0, 0.0, 799.9196471628939, 0.0, 0.0, 0.0, 0.0, 0.0, 0.0, 0.0, 193.22226832121703, 156.48664173293628, 0.0, 0.0, 0.0, 0.0, 803.3008552284512, 268.3498359229148, 0.0, 782.9424883820186, 0.0]
INFORMACIÓN : 17apuestaBundle [784.995867773916, 780.2546913074518, 282.9820951404827, 273.86641210416263, 268.3498359229148]
INFORMACIÓN : 17positionsBundle [1640, 785, 1132, 987, 1396]
INFORMACIÓN : 17levelsBundle [3, 3, 2, 2, 2]
INFORMACIÓN : 17positionsOrdered [1640, 785, 1132, 987, 1396]
INFORMACIÓN : 17levelsOrdered [3, 3, 2, 2, 2]
INFORMACIÓN : 17partialityOrdered [3, 3, 2, 2, 2]
INFORMACIÓN : 17arrivalTimes [53.830488911897454, 73.5505340585668, 81.1663071644307, 103.25975703830004, 115.30135161709234]
INFORMACIÓN : 18historia0[0.0, 0.0, 0.0, 0.0, 0.0, 0.0, 784.995867773916, 0.0, 0.0, 0.0, 0.0, 0.0, 785.867550876907, 0.0, 302.4942682176181, 0.0, 0.0, 282.9820951404827, 0.0, 0.0, 0.0, 794.9420818571133, 0.0, 742.2716899963821, 0.0, 0.0, 293.10683759534896, 0.0, 0.0, 145.57889733348458, 0.0, 0.0, 0.0, 0.0, 0.0, 275.8198670827761, 0.0, 0.0, 0.0, 0.0, 0.0, 0.0, 0.0, 0.0, 797.7300409892074, 0.0, 0.0, 0.0, 0.0, 60.543667780917986, 0.0, 0.0, 0.0, 0.0, 0.0, 0.0, 0.0, 0.0, 0.0, 0.0, 266.5519629500154, 0.0, 0.0, 0.0, 0.0, 172.37036719803154, 0.0, 0.0, 763.0346363754697, 0.0, 0.0, 0.0, 0.0, 0.0, 0.0, 0.0, 0.0, 0.0, 163.2557347899599, 0.0, 0.0, 0.0, 0.0, 0.0, 799.9543431994448, 0.0, 175.1243405582427, 0.0, 0.0, 0.0, 273.86641210416263, 0.0, 0.0, 0.0, 0.0, 0.0, 0.0, 0.0, 0.0, 0.0, 252.00324513288638, 780.2546913074518, 0.0, 0.0, 0.0, 0.0, 0.0, 0.0, 67.25512055946052, 797.9384565460014, 0.0, 0.0, 800.5446380995021, 0.0, 0.0, 248.99064370069803, 0.0, 802.929022782044, 0.0, 0.0, 0.0, 0.0, 0.0, 0.0, 0.0, 0.0, 0.0, 0.0, 0.0, 0.0, 0.0, 124.30313104337039, 0.0, 789.859592087897, 0.0, 0.0, 0.0, 0.0, 0.0, 0.0, 786.8602333654451, 0.0, 0.0, 0.0, 0.0, 0.0, 0.0, 799.9196471628939, 0.0, 0.0, 0.0, 0.0, 0.0, 0.0, 0.0, 193.22226832121703, 156.48664173293628, 0.0, 0.0, 0.0, 0.0, 803.3008552284512, 268.3498359229148, 0.0, 782.9424883820186, 0.0]
INFORMACIÓN : 18apuestaBundle [784.995867773916, 780.2546913074518, 282.9820951404827, 273.86641210416263, 268.3498359229148]
INFORMACIÓN : 18positionsBundle [1640, 785, 1132, 987, 1396]
INFORMACIÓN : 18levelsBundle [3, 3, 2, 2, 2]
INFORMACIÓN : 18positionsOrdered [1640, 785, 1132, 987, 1396]
INFORMACIÓN : 18levelsOrdered [3, 3, 2, 2, 2]
INFORMACIÓN : 18partialityOrdered [3, 3, 2, 2, 2]
INFORMACIÓN : 18arrivalTimes [53.830488911897454, 73.5505340585668, 81.1663071644307, 103.25975703830004, 115.30135161709234]
INFORMACIÓN : 19historia0[0.0, 0.0, 0.0, 0.0, 0.0, 0.0, 784.995867773916, 0.0, 0.0, 0.0, 0.0, 801.6252224115889, 785.867550876907, 0.0, 0.0, 0.0, 0.0, 282.9820951404827, 0.0, 0.0, 0.0, 794.9420818571133, 0.0, 742.2716899963821, 0.0, 0.0, 293.10683759534896, 799.7717441531511, 0.0, 0.0, 0.0, 0.0, 0.0, 0.0, 0.0, 275.8198670827761, 0.0, 0.0, 0.0, 0.0, 0.0, 0.0, 0.0, 0.0, 797.7300409892074, 0.0, 0.0, 0.0, 0.0, 60.543667780917986, 0.0, 0.0, 0.0, 0.0, 0.0, 0.0, 805.1249186335946, 0.0, 0.0, 0.0, 266.5519629500154, 0.0, 0.0, 0.0, 0.0, 172.37036719803154, 0.0, 0.0, 763.0346363754697, 0.0, 0.0, 770.9822276906636, 0.0, 0.0, 0.0, 0.0, 0.0, 0.0, 0.0, 0.0, 0.0, 0.0, 0.0, 0.0, 799.9543431994448, 0.0, 175.1243405582427, 0.0, 0.0, 0.0, 273.86641210416263, 0.0, 0.0, 0.0, 0.0, 0.0, 0.0, 0.0, 0.0, 0.0, 252.00324513288638, 780.2546913074518, 0.0, 0.0, 0.0, 0.0, 0.0, 0.0, 67.25512055946052, 797.9384565460014, 0.0, 0.0, 800.5446380995021, 0.0, 0.0, 248.99064370069803, 0.0, 802.929022782044, 0.0, 0.0, 0.0, 0.0, 0.0, 0.0, 0.0, 0.0, 0.0, 0.0, 0.0, 0.0, 0.0, 124.30313104337039, 0.0, 789.859592087897, 0.0, 0.0, 0.0, 0.0, 0.0, 0.0, 786.8602333654451, 0.0, 0.0, 795.7387105180453, 0.0, 0.0, 0.0, 799.9196471628939, 0.0, 0.0, 0.0, 0.0, 0.0, 0.0, 0.0, 193.22226832121703, 156.48664173293628, 0.0, 0.0, 0.0, 0.0, 803.3008552284512, 268.3498359229148, 0.0, 782.9424883820186, 0.0]
INFORMACIÓN : 19apuestaBundle [784.995867773916, 780.2546913074518, 282.9820951404827, 273.86641210416263, 268.3498359229148]
INFORMACIÓN : 19positionsBundle [1640, 785, 1132, 987, 1396]
INFORMACIÓN : 19levelsBundle [3, 3, 2, 2, 2]
INFORMACIÓN : 19positionsOrdered [1640, 785, 1132, 987, 1396]
INFORMACIÓN : 19levelsOrdered [3, 3, 2, 2, 2]
INFORMACIÓN : 19partialityOrdered [3, 3, 2, 2, 2]
INFORMACIÓN : 19arrivalTimes [53.830488911897454, 73.5505340585668, 81.1663071644307, 103.25975703830004, 115.30135161709234]
INFORMACIÓN : depSat position 1132 level 2
INFORMACIÓN : I [AB]; lost Test.myBail@c45fb59; POS 1132; sensors [MW]; level 2 I paid 282.9820951404827in favour ofnull paid 282.9820951404827
INFORMACIÓN : 20historia0[0.0, 0.0, 0.0, 0.0, 0.0, 0.0, 784.995867773916, 0.0, 0.0, 0.0, 0.0, 801.6252224115889, 785.867550876907, 0.0, 0.0, 0.0, 0.0, 0.0, 0.0, 158.7374932503, 0.0, 794.9420818571133, 0.0, 742.2716899963821, 0.0, 0.0, 0.0, 799.7717441531511, 0.0, 0.0, 0.0, 0.0, 0.0, 0.0, 0.0, 275.8198670827761, 0.0, 0.0, 0.0, 0.0, 0.0, 0.0, 0.0, 0.0, 797.7300409892074, 0.0, 0.0, 0.0, 0.0, 0.0, 0.0, 179.79592404730246, 0.0, 0.0, 0.0, 0.0, 805.1249186335946, 0.0, 0.0, 0.0, 0.0, 0.0, 0.0, 0.0, 0.0, 172.37036719803154, 0.0, 0.0, 763.0346363754697, 0.0, 0.0, 770.9822276906636, 0.0, 0.0, 0.0, 0.0, 0.0, 0.0, 0.0, 0.0, 0.0, 0.0, 0.0, 0.0, 799.9543431994448, 0.0, 175.1243405582427, 0.0, 0.0, 0.0, 0.0, 0.0, 0.0, 0.0, 0.0, 0.0, 0.0, 0.0, 0.0, 0.0, 0.0, 780.2546913074518, 0.0, 0.0, 0.0, 0.0, 0.0, 0.0, 67.25512055946052, 797.9384565460014, 0.0, 0.0, 800.5446380995021, 0.0, 0.0, 0.0, 0.0, 802.929022782044, 0.0, 0.0, 0.0, 0.0, 0.0, 0.0, 0.0, 0.0, 0.0, 0.0, 0.0, 0.0, 0.0, 0.0, 0.0, 789.859592087897, 0.0, 0.0, 0.0, 0.0, 0.0, 0.0, 786.8602333654451, 0.0, 0.0, 795.7387105180453, 0.0, 0.0, 0.0, 799.9196471628939, 0.0, 0.0, 0.0, 0.0, 0.0, 0.0, 0.0, 193.22226832121703, 156.48664173293628, 0.0, 0.0, 0.0, 0.0, 803.3008552284512, 0.0, 77.79432571213556, 782.9424883820186, 0.0]
INFORMACIÓN : 20apuestaBundle [784.995867773916, 780.2546913074518, 266.15820842451467, 262.0837311519847, 252.6907791217809]
INFORMACIÓN : 20positionsBundle [1640, 785, 2364, 230, 560]
INFORMACIÓN : 20levelsBundle [3, 3, 2, 2, 2]
INFORMACIÓN : 20positionsOrdered [2364, 1640, 785, 230, 560]
INFORMACIÓN : 20levelsOrdered [2, 3, 3, 2, 2]
INFORMACIÓN : 20partialityOrdered [2, 3, 3, 2, 2]
INFORMACIÓN : 20arrivalTimes [16.51429696677627, 53.830488911897454, 73.5505340585668, 85.63358003216138, 106.82320013257846]
INFORMACIÓN : I [AB]; lost Test.myBail@1829679b; POS 230; sensors [MW]; level 2 I paid 262.0837311519847in favour of55@(myturtles,myturtles,bug)@MK-18429 paid 270.62482131736704
INFORMACIÓN : 21historia0[0.0, 0.0, 0.0, 0.0, 0.0, 0.0, 784.995867773916, 0.0, 0.0, 0.0, 0.0, 801.6252224115889, 785.867550876907, 0.0, 268.5057149463005, 0.0, 0.0, 0.0, 0.0, 158.7374932503, 0.0, 794.9420818571133, 0.0, 742.2716899963821, 0.0, 0.0, 0.0, 799.7717441531511, 0.0, 0.0, 0.0, 0.0, 0.0, 0.0, 0.0, 275.8198670827761, 0.0, 0.0, 0.0, 0.0, 0.0, 0.0, 0.0, 0.0, 797.7300409892074, 0.0, 0.0, 0.0, 0.0, 0.0, 0.0, 179.79592404730246, 0.0, 0.0, 0.0, 0.0, 805.1249186335946, 0.0, 0.0, 0.0, 266.15820842451467, 0.0, 0.0, 0.0, 0.0, 172.37036719803154, 0.0, 0.0, 763.0346363754697, 0.0, 0.0, 770.9822276906636, 0.0, 0.0, 0.0, 0.0, 0.0, 0.0, 0.0, 0.0, 0.0, 0.0, 0.0, 0.0, 799.9543431994448, 0.0, 175.1243405582427, 0.0, 0.0, 0.0, 0.0, 0.0, 0.0, 0.0, 0.0, 0.0, 0.0, 0.0, 0.0, 0.0, 0.0, 780.2546913074518, 0.0, 0.0, 0.0, 0.0, 0.0, 0.0, 0.0, 797.9384565460014, 0.0, 0.0, 800.5446380995021, 0.0, 0.0, 270.62482131736704, 0.0, 802.929022782044, 0.0, 0.0, 0.0, 0.0, 0.0, 0.0, 0.0, 0.0, 0.0, 0.0, 0.0, 0.0, 0.0, 0.0, 0.0, 789.859592087897, 0.0, 0.0, 145.24508413393403, 0.0, 0.0, 0.0, 786.8602333654451, 0.0, 0.0, 795.7387105180453, 0.0, 0.0, 0.0, 799.9196471628939, 0.0, 0.0, 0.0, 0.0, 0.0, 0.0, 0.0, 193.22226832121703, 156.48664173293628, 0.0, 0.0, 0.0, 0.0, 803.3008552284512, 0.0, 0.0, 782.9424883820186, 0.0]
INFORMACIÓN : 21apuestaBundle [784.995867773916, 780.2546913074518, 266.15820842451467, 161.67882714477093, 159.44712990771995]
INFORMACIÓN : 21positionsBundle [1640, 785, 2364, 1249, 2493]
INFORMACIÓN : 21levelsBundle [3, 3, 2, 1, 3]
INFORMACIÓN : 21positionsOrdered [2364, 1640, 785, 1249, 2493]
INFORMACIÓN : 21levelsOrdered [2, 3, 3, 1, 3]
INFORMACIÓN : 21partialityOrdered [2, 3, 3, 1, 3]
INFORMACIÓN : 21arrivalTimes [16.51429696677627, 53.830488911897454, 73.5505340585668, 90.19385103566003, 115.90377130002491]
INFORMACIÓN : 22historia0[0.0, 0.0, 0.0, 0.0, 0.0, 0.0, 784.995867773916, 0.0, 0.0, 0.0, 0.0, 801.6252224115889, 785.867550876907, 0.0, 268.5057149463005, 0.0, 0.0, 260.50955674802043, 0.0, 158.7374932503, 0.0, 794.9420818571133, 0.0, 763.1151765518227, 0.0, 0.0, 0.0, 799.7717441531511, 0.0, 0.0, 0.0, 0.0, 0.0, 0.0, 0.0, 0.0, 0.0, 0.0, 0.0, 0.0, 0.0, 0.0, 0.0, 0.0, 797.7300409892074, 0.0, 0.0, 0.0, 0.0, 74.51953366847852, 0.0, 179.79592404730246, 0.0, 0.0, 0.0, 0.0, 805.1249186335946, 0.0, 0.0, 0.0, 266.15820842451467, 0.0, 0.0, 0.0, 0.0, 172.37036719803154, 0.0, 0.0, 763.0346363754697, 0.0, 0.0, 770.9822276906636, 0.0, 0.0, 0.0, 0.0, 0.0, 0.0, 0.0, 0.0, 0.0, 0.0, 0.0, 0.0, 799.9543431994448, 0.0, 175.1243405582427, 0.0, 0.0, 0.0, 0.0, 0.0, 0.0, 0.0, 0.0, 0.0, 0.0, 0.0, 0.0, 0.0, 0.0, 780.2546913074518, 0.0, 0.0, 0.0, 0.0, 0.0, 0.0, 0.0, 797.9384565460014, 0.0, 0.0, 800.5446380995021, 0.0, 0.0, 270.62482131736704, 0.0, 802.929022782044, 0.0, 0.0, 0.0, 0.0, 38.474204435825776, 0.0, 0.0, 0.0, 0.0, 0.0, 0.0, 0.0, 0.0, 159.44712990771995, 0.0, 789.859592087897, 0.0, 0.0, 161.67882714477093, 0.0, 0.0, 0.0, 786.8602333654451, 0.0, 0.0, 795.7387105180453, 0.0, 0.0, 0.0, 799.9196471628939, 0.0, 0.0, 0.0, 0.0, 0.0, 0.0, 0.0, 0.0, 0.0, 0.0, 0.0, 0.0, 0.0, 803.3008552284512, 0.0, 0.0, 782.9424883820186, 0.0]
INFORMACIÓN : 22apuestaBundle [784.995867773916, 780.2546913074518, 266.15820842451467, 161.67882714477093, 159.44712990771995]
INFORMACIÓN : 22positionsBundle [1640, 785, 2364, 1249, 2493]
INFORMACIÓN : 22levelsBundle [3, 3, 2, 1, 3]
INFORMACIÓN : 22positionsOrdered [2364, 1640, 785, 1249, 2493]
INFORMACIÓN : 22levelsOrdered [2, 3, 3, 1, 3]
INFORMACIÓN : 22partialityOrdered [2, 3, 3, 1, 3]
INFORMACIÓN : 22arrivalTimes [16.51429696677627, 53.830488911897454, 73.5505340585668, 90.19385103566003, 115.90377130002491]
INFORMACIÓN : I [AB]; lost Test.myBail@7ed56eb3; POS 2364; sensors [MW]; level 2 I paid 266.15820842451467in favour of52@(myturtles,myturtles,bug)@MK-18429 paid 266.5519629500154
INFORMACIÓN : 23historia0[0.0, 0.0, 0.0, 0.0, 0.0, 0.0, 784.995867773916, 0.0, 0.0, 0.0, 0.0, 801.6252224115889, 785.867550876907, 0.0, 268.5057149463005, 135.26931411500965, 0.0, 260.50955674802043, 0.0, 158.7374932503, 0.0, 794.9420818571133, 0.0, 763.1151765518227, 0.0, 0.0, 257.5471179430947, 799.7717441531511, 0.0, 0.0, 0.0, 0.0, 0.0, 0.0, 0.0, 0.0, 0.0, 0.0, 0.0, 0.0, 0.0, 0.0, 0.0, 0.0, 797.7300409892074, 0.0, 0.0, 0.0, 0.0, 74.51953366847852, 0.0, 179.79592404730246, 0.0, 0.0, 0.0, 0.0, 805.1249186335946, 0.0, 0.0, 0.0, 266.5519629500154, 0.0, 0.0, 0.0, 0.0, 172.37036719803154, 0.0, 0.0, 763.0346363754697, 0.0, 0.0, 770.9822276906636, 0.0, 0.0, 0.0, 0.0, 0.0, 0.0, 0.0, 0.0, 0.0, 0.0, 0.0, 0.0, 799.9543431994448, 0.0, 175.1243405582427, 0.0, 0.0, 0.0, 0.0, 0.0, 0.0, 0.0, 0.0, 0.0, 0.0, 0.0, 0.0, 0.0, 0.0, 780.2546913074518, 0.0, 0.0, 0.0, 0.0, 0.0, 0.0, 0.0, 797.9384565460014, 0.0, 0.0, 800.5446380995021, 0.0, 0.0, 270.62482131736704, 0.0, 802.929022782044, 0.0, 0.0, 0.0, 0.0, 0.0, 0.0, 0.0, 0.0, 0.0, 0.0, 0.0, 0.0, 0.0, 0.0, 0.0, 789.859592087897, 0.0, 0.0, 0.0, 0.0, 0.0, 0.0, 786.8602333654451, 0.0, 0.0, 795.7387105180453, 0.0, 0.0, 0.0, 799.9196471628939, 0.0, 0.0, 0.0, 0.0, 0.0, 0.0, 0.0, 0.0, 0.0, 0.0, 0.0, 0.0, 0.0, 803.3008552284512, 0.0, 0.0, 782.9424883820186, 63.65287371345364]
INFORMACIÓN : 23apuestaBundle [784.995867773916, 780.2546913074518, 71.46561396044214, 64.7928189846098, 58.13536773687247, 58.13536773687247]
INFORMACIÓN : 23positionsBundle [1640, 785, 987, 1396, 2493, 2493]
INFORMACIÓN : 23levelsBundle [3, 3, 1, 1, 2, 2]
INFORMACIÓN : 23positionsOrdered [1396, 1640, 987, 785, 2493, 2493]
INFORMACIÓN : 23levelsOrdered [1, 3, 1, 3, 2, 2]
INFORMACIÓN : 23partialityOrdered [2, 3, 2, 3, 3, 3]
INFORMACIÓN : 23arrivalTimes [25.73926711405047, 53.830488911897454, 67.1721529760238, 73.5505340585668, 108.47903245171275, 108.47903245171275]
INFORMACIÓN : mutexSat position 987 level 1
INFORMACIÓN : I [AB]; lost Test.myBail@52e37213; POS 987; sensors []; level 1 I paid 71.46561396044214in favour ofnull paid 71.46561396044214
INFORMACIÓN : 24historia0[0.0, 0.0, 0.0, 0.0, 0.0, 0.0, 784.995867773916, 0.0, 0.0, 0.0, 0.0, 801.6252224115889, 785.867550876907, 0.0, 268.5057149463005, 135.26931411500965, 0.0, 260.50955674802043, 0.0, 158.7374932503, 0.0, 794.9420818571133, 0.0, 763.1151765518227, 0.0, 0.0, 257.5471179430947, 799.7717441531511, 0.0, 0.0, 0.0, 0.0, 0.0, 0.0, 0.0, 0.0, 0.0, 0.0, 0.0, 0.0, 0.0, 0.0, 0.0, 0.0, 797.7300409892074, 0.0, 0.0, 0.0, 0.0, 74.51953366847852, 0.0, 179.79592404730246, 0.0, 0.0, 0.0, 0.0, 805.1249186335946, 83.34786528206158, 0.0, 0.0, 266.5519629500154, 0.0, 0.0, 0.0, 0.0, 172.37036719803154, 0.0, 0.0, 763.0346363754697, 0.0, 0.0, 770.9822276906636, 0.0, 0.0, 0.0, 0.0, 0.0, 0.0, 0.0, 0.0, 0.0, 0.0, 0.0, 0.0, 799.9543431994448, 0.0, 175.1243405582427, 0.0, 0.0, 0.0, 0.0, 0.0, 0.0, 0.0, 0.0, 0.0, 0.0, 0.0, 0.0, 0.0, 0.0, 780.2546913074518, 0.0, 0.0, 0.0, 0.0, 0.0, 0.0, 0.0, 797.9384565460014, 0.0, 0.0, 800.5446380995021, 0.0, 0.0, 270.62482131736704, 0.0, 802.929022782044, 0.0, 0.0, 0.0, 0.0, 0.0, 0.0, 0.0, 0.0, 0.0, 0.0, 0.0, 0.0, 0.0, 0.0, 0.0, 789.859592087897, 0.0, 0.0, 0.0, 0.0, 0.0, 0.0, 786.8602333654451, 0.0, 0.0, 795.7387105180453, 0.0, 0.0, 0.0, 799.9196471628939, 0.0, 0.0, 0.0, 0.0, 0.0, 0.0, 0.0, 189.8071702327643, 142.66846167628864, 0.0, 0.0, 0.0, 0.0, 803.3008552284512, 0.0, 0.0, 782.9424883820186, 0.0]
INFORMACIÓN : 24apuestaBundle [784.995867773916, 780.2546913074518, 159.44712990771995]
INFORMACIÓN : 24positionsBundle [1640, 785, 2493]
INFORMACIÓN : 24levelsBundle [3, 3, 3]
INFORMACIÓN : 24positionsOrdered [2493, 1640, 785]
INFORMACIÓN : 24levelsOrdered [3, 3, 3]
INFORMACIÓN : 24partialityOrdered [3, 3, 3]
INFORMACIÓN : 24arrivalTimes [28.06003391753212, 53.830488911897454, 73.5505340585668]
INFORMACIÓN : 25historia0[0.0, 0.0, 0.0, 0.0, 0.0, 0.0, 784.995867773916, 0.0, 0.0, 0.0, 0.0, 801.6252224115889, 785.867550876907, 0.0, 268.5057149463005, 135.26931411500965, 0.0, 260.50955674802043, 0.0, 158.7374932503, 0.0, 794.9420818571133, 0.0, 763.1151765518227, 0.0, 0.0, 257.5471179430947, 799.7717441531511, 0.0, 0.0, 0.0, 0.0, 0.0, 0.0, 0.0, 0.0, 0.0, 0.0, 0.0, 0.0, 0.0, 0.0, 0.0, 0.0, 797.7300409892074, 0.0, 0.0, 0.0, 0.0, 74.51953366847852, 0.0, 179.79592404730246, 0.0, 0.0, 0.0, 0.0, 805.1249186335946, 83.34786528206158, 0.0, 0.0, 266.5519629500154, 0.0, 0.0, 0.0, 0.0, 172.37036719803154, 0.0, 0.0, 763.0346363754697, 0.0, 0.0, 770.9822276906636, 0.0, 0.0, 0.0, 0.0, 0.0, 0.0, 0.0, 0.0, 0.0, 0.0, 0.0, 0.0, 799.9543431994448, 0.0, 175.1243405582427, 0.0, 0.0, 0.0, 0.0, 0.0, 0.0, 0.0, 0.0, 0.0, 0.0, 0.0, 0.0, 0.0, 0.0, 780.2546913074518, 0.0, 0.0, 0.0, 0.0, 0.0, 0.0, 0.0, 797.9384565460014, 0.0, 0.0, 800.5446380995021, 0.0, 0.0, 270.62482131736704, 0.0, 802.929022782044, 0.0, 0.0, 0.0, 0.0, 0.0, 0.0, 0.0, 0.0, 0.0, 0.0, 0.0, 0.0, 0.0, 159.44712990771995, 0.0, 789.859592087897, 0.0, 0.0, 0.0, 0.0, 5.700624466435329, 0.0, 786.8602333654451, 0.0, 0.0, 795.7387105180453, 0.0, 0.0, 0.0, 799.9196471628939, 0.0, 0.0, 0.0, 0.0, 0.0, 0.0, 0.0, 189.8071702327643, 142.66846167628864, 0.0, 0.0, 0.0, 0.0, 803.3008552284512, 0.0, 0.0, 782.9424883820186, 0.0]
INFORMACIÓN : 25apuestaBundle [784.995867773916, 780.2546913074518, 159.44712990771995]
INFORMACIÓN : 25positionsBundle [1640, 785, 2493]
INFORMACIÓN : 25levelsBundle [3, 3, 3]
INFORMACIÓN : 25positionsOrdered [2493, 1640, 785]
INFORMACIÓN : 25levelsOrdered [3, 3, 3]
INFORMACIÓN : 25partialityOrdered [3, 3, 3]
INFORMACIÓN : 25arrivalTimes [28.06003391753212, 53.830488911897454, 73.5505340585668]
INFORMACIÓN : 26historia0[0.0, 0.0, 0.0, 0.0, 0.0, 0.0, 784.995867773916, 0.0, 0.0, 0.0, 0.0, 801.6252224115889, 785.867550876907, 0.0, 268.5057149463005, 135.26931411500965, 0.0, 260.50955674802043, 0.0, 158.7374932503, 0.0, 794.9420818571133, 0.0, 763.1151765518227, 0.0, 0.0, 257.5471179430947, 799.7717441531511, 0.0, 0.0, 0.0, 0.0, 0.0, 0.0, 0.0, 0.0, 0.0, 0.0, 0.0, 0.0, 0.0, 0.0, 0.0, 0.0, 797.7300409892074, 0.0, 0.0, 0.0, 0.0, 74.51953366847852, 0.0, 179.79592404730246, 0.0, 0.0, 0.0, 0.0, 805.1249186335946, 83.34786528206158, 0.0, 0.0, 266.5519629500154, 0.0, 0.0, 0.0, 0.0, 172.37036719803154, 0.0, 0.0, 763.0346363754697, 0.0, 0.0, 770.9822276906636, 0.0, 0.0, 0.0, 0.0, 0.0, 0.0, 0.0, 0.0, 0.0, 0.0, 0.0, 0.0, 799.9543431994448, 0.0, 175.1243405582427, 0.0, 0.0, 0.0, 0.0, 0.0, 0.0, 0.0, 0.0, 0.0, 0.0, 0.0, 0.0, 0.0, 0.0, 780.2546913074518, 0.0, 0.0, 0.0, 0.0, 0.0, 0.0, 0.0, 797.9384565460014, 0.0, 0.0, 800.5446380995021, 0.0, 0.0, 270.62482131736704, 0.0, 802.929022782044, 0.0, 0.0, 0.0, 0.0, 0.0, 0.0, 0.0, 0.0, 0.0, 0.0, 0.0, 0.0, 0.0, 159.44712990771995, 0.0, 789.859592087897, 0.0, 0.0, 0.0, 0.0, 5.700624466435329, 0.0, 786.8602333654451, 0.0, 0.0, 795.7387105180453, 0.0, 0.0, 0.0, 799.9196471628939, 0.0, 0.0, 0.0, 0.0, 0.0, 0.0, 0.0, 189.8071702327643, 142.66846167628864, 0.0, 0.0, 0.0, 0.0, 803.3008552284512, 0.0, 0.0, 782.9424883820186, 0.0]
INFORMACIÓN : 26apuestaBundle [784.995867773916, 780.2546913074518, 159.44712990771995]
INFORMACIÓN : 26positionsBundle [1640, 785, 2493]
INFORMACIÓN : 26levelsBundle [3, 3, 3]
INFORMACIÓN : 26positionsOrdered [2493, 1640, 785]
INFORMACIÓN : 26levelsOrdered [3, 3, 3]
INFORMACIÓN : 26partialityOrdered [3, 3, 3]
INFORMACIÓN : 26arrivalTimes [28.06003391753212, 53.830488911897454, 73.5505340585668]
INFORMACIÓN : 27historia0[0.0, 0.0, 0.0, 0.0, 0.0, 0.0, 784.995867773916, 0.0, 0.0, 0.0, 0.0, 0.0, 785.867550876907, 0.0, 268.5057149463005, 135.26931411500965, 0.0, 260.50955674802043, 0.0, 158.7374932503, 0.0, 794.9420818571133, 0.0, 763.1151765518227, 0.0, 0.0, 257.5471179430947, 0.0, 0.0, 0.0, 0.0, 0.0, 0.0, 0.0, 0.0, 0.0, 0.0, 0.0, 0.0, 0.0, 0.0, 0.0, 0.0, 0.0, 797.7300409892074, 0.0, 0.0, 0.0, 0.0, 74.51953366847852, 0.0, 179.79592404730246, 0.0, 0.0, 0.0, 0.0, 0.0, 83.34786528206158, 0.0, 0.0, 266.5519629500154, 0.0, 0.0, 0.0, 0.0, 172.37036719803154, 0.0, 0.0, 763.0346363754697, 0.0, 0.0, 0.0, 0.0, 0.0, 0.0, 0.0, 0.0, 0.0, 0.0, 0.0, 0.0, 0.0, 0.0, 0.0, 799.9543431994448, 0.0, 175.1243405582427, 0.0, 0.0, 0.0, 0.0, 0.0, 0.0, 0.0, 0.0, 0.0, 0.0, 0.0, 0.0, 0.0, 0.0, 780.2546913074518, 0.0, 0.0, 0.0, 0.0, 0.0, 0.0, 0.0, 797.9384565460014, 0.0, 0.0, 800.5446380995021, 0.0, 0.0, 270.62482131736704, 0.0, 802.929022782044, 0.0, 0.0, 0.0, 0.0, 0.0, 0.0, 0.0, 0.0, 0.0, 0.0, 0.0, 0.0, 0.0, 159.44712990771995, 0.0, 789.859592087897, 0.0, 0.0, 0.0, 0.0, 5.700624466435329, 0.0, 786.8602333654451, 0.0, 0.0, 0.0, 0.0, 0.0, 0.0, 799.9196471628939, 0.0, 0.0, 0.0, 0.0, 0.0, 0.0, 0.0, 189.8071702327643, 142.66846167628864, 0.0, 0.0, 0.0, 0.0, 803.3008552284512, 0.0, 0.0, 782.9424883820186, 0.0]
INFORMACIÓN : 27apuestaBundle [784.995867773916, 780.2546913074518, 159.44712990771995, 373.5288625852052, 373.5288625852052, 369.37649992930966]
INFORMACIÓN : 27positionsBundle [1640, 785, 2493, 1644, 1644, 1697]
INFORMACIÓN : 27levelsBundle [3, 3, 3, 2, 2, 2]
INFORMACIÓN : 27positionsOrdered [2493, 1644, 1644, 1640, 785, 1697]
INFORMACIÓN : 27levelsOrdered [3, 2, 2, 3, 3, 2]
INFORMACIÓN : 27partialityOrdered [3, 3, 3, 3, 3, 3]
INFORMACIÓN : 27arrivalTimes [28.06003391753212, 45.08942028345852, 45.08942028345852, 53.830488911897454, 73.5505340585668, 95.18384171135074]
INFORMACIÓN : mutexSat position 1644 level 2
INFORMACIÓN : mutexSat position 1644 level 2
INFORMACIÓN : mutexSat position 1697 level 2
INFORMACIÓN : I [AB]; lost Test.myBail@1b77bb5b; POS 1644; sensors [MW]; level 2 I paid 373.5288625852052in favour ofnull paid 373.5288625852052
INFORMACIÓN : 28historia0[0.0, 0.0, 0.0, 0.0, 0.0, 0.0, 784.995867773916, 0.0, 0.0, 0.0, 0.0, 801.6252224115889, 785.867550876907, 0.0, 268.5057149463005, 135.26931411500965, 0.0, 260.50955674802043, 0.0, 158.7374932503, 0.0, 794.9420818571133, 0.0, 763.1151765518227, 0.0, 0.0, 257.5471179430947, 799.7717441531511, 0.0, 0.0, 0.0, 0.0, 0.0, 0.0, 0.0, 0.0, 0.0, 0.0, 0.0, 0.0, 0.0, 0.0, 0.0, 0.0, 797.7300409892074, 0.0, 0.0, 0.0, 0.0, 74.51953366847852, 0.0, 179.79592404730246, 0.0, 0.0, 0.0, 0.0, 805.1249186335946, 83.34786528206158, 0.0, 0.0, 266.5519629500154, 0.0, 0.0, 0.0, 0.0, 172.37036719803154, 0.0, 0.0, 763.0346363754697, 0.0, 0.0, 770.9822276906636, 0.0, 0.0, 0.0, 0.0, 0.0, 0.0, 0.0, 0.0, 0.0, 0.0, 0.0, 0.0, 799.9543431994448, 0.0, 175.1243405582427, 0.0, 0.0, 0.0, 0.0, 0.0, 0.0, 0.0, 0.0, 0.0, 0.0, 0.0, 0.0, 0.0, 0.0, 780.2546913074518, 0.0, 0.0, 0.0, 0.0, 0.0, 0.0, 0.0, 797.9384565460014, 0.0, 0.0, 800.5446380995021, 0.0, 0.0, 270.62482131736704, 0.0, 802.929022782044, 0.0, 0.0, 0.0, 0.0, 0.0, 0.0, 0.0, 0.0, 0.0, 0.0, 0.0, 0.0, 0.0, 159.44712990771995, 0.0, 789.859592087897, 0.0, 0.0, 0.0, 0.0, 5.700624466435329, 0.0, 786.8602333654451, 0.0, 0.0, 795.7387105180453, 0.0, 0.0, 0.0, 799.9196471628939, 0.0, 0.0, 0.0, 0.0, 0.0, 0.0, 0.0, 189.8071702327643, 142.66846167628864, 0.0, 0.0, 0.0, 0.0, 803.3008552284512, 0.0, 0.0, 782.9424883820186, 0.0]
INFORMACIÓN : 28apuestaBundle [784.995867773916, 780.2546913074518, 159.44712990771995]
INFORMACIÓN : 28positionsBundle [1640, 785, 2493]
INFORMACIÓN : 28levelsBundle [3, 3, 3]
INFORMACIÓN : 28positionsOrdered [2493, 1640, 785]
INFORMACIÓN : 28levelsOrdered [3, 3, 3]
INFORMACIÓN : 28partialityOrdered [3, 3, 3]
INFORMACIÓN : 28arrivalTimes [28.06003391753212, 53.830488911897454, 73.5505340585668]
INFORMACIÓN : 29historia0[0.0, 0.0, 0.0, 0.0, 0.0, 0.0, 784.995867773916, 0.0, 0.0, 0.0, 0.0, 801.6252224115889, 785.867550876907, 0.0, 0.0, 135.26931411500965, 0.0, 0.0, 0.0, 158.7374932503, 0.0, 794.9420818571133, 0.0, 763.1151765518227, 0.0, 0.0, 257.5471179430947, 799.7717441531511, 0.0, 0.0, 0.0, 0.0, 0.0, 0.0, 0.0, 0.0, 0.0, 0.0, 0.0, 0.0, 0.0, 0.0, 0.0, 0.0, 797.7300409892074, 0.0, 0.0, 0.0, 0.0, 74.51953366847852, 0.0, 179.79592404730246, 0.0, 0.0, 0.0, 0.0, 805.1249186335946, 83.34786528206158, 0.0, 0.0, 266.5519629500154, 0.0, 0.0, 0.0, 0.0, 172.37036719803154, 0.0, 0.0, 763.0346363754697, 0.0, 0.0, 770.9822276906636, 0.0, 0.0, 0.0, 0.0, 0.0, 0.0, 0.0, 0.0, 0.0, 0.0, 0.0, 0.0, 799.9543431994448, 0.0, 175.1243405582427, 0.0, 0.0, 0.0, 0.0, 0.0, 0.0, 0.0, 0.0, 0.0, 0.0, 0.0, 0.0, 0.0, 0.0, 780.2546913074518, 0.0, 0.0, 0.0, 0.0, 0.0, 0.0, 0.0, 797.9384565460014, 0.0, 0.0, 800.5446380995021, 0.0, 0.0, 0.0, 0.0, 802.929022782044, 0.0, 0.0, 0.0, 0.0, 0.0, 0.0, 0.0, 0.0, 0.0, 0.0, 0.0, 0.0, 0.0, 159.44712990771995, 0.0, 789.859592087897, 0.0, 0.0, 0.0, 0.0, 0.0, 0.0, 786.8602333654451, 0.0, 0.0, 795.7387105180453, 0.0, 0.0, 0.0, 799.9196471628939, 0.0, 0.0, 0.0, 0.0, 0.0, 0.0, 0.0, 189.8071702327643, 142.66846167628864, 0.0, 0.0, 0.0, 0.0, 803.3008552284512, 0.0, 0.0, 782.9424883820186, 0.0]
INFORMACIÓN : 29apuestaBundle [784.995867773916, 780.2546913074518, 159.44712990771995, 262.0837311519847, 79.20657729399683]
INFORMACIÓN : 29positionsBundle [1640, 785, 2493, 230, 1132]
INFORMACIÓN : 29levelsBundle [3, 3, 3, 2, 1]
INFORMACIÓN : 29positionsOrdered [2493, 1640, 785, 230, 1132]
INFORMACIÓN : 29levelsOrdered [3, 3, 3, 2, 1]
INFORMACIÓN : 29partialityOrdered [3, 3, 3, 2, 2]
INFORMACIÓN : 29arrivalTimes [28.06003391753212, 53.830488911897454, 73.5505340585668, 85.63358003216138, 103.74435030843621]
INFORMACIÓN : 30historia0[0.0, 0.0, 0.0, 0.0, 0.0, 0.0, 784.995867773916, 0.0, 0.0, 0.0, 0.0, 801.6252224115889, 785.867550876907, 0.0, 0.0, 135.26931411500965, 0.0, 0.0, 0.0, 158.7374932503, 0.0, 794.9420818571133, 0.0, 763.1151765518227, 0.0, 0.0, 0.0, 799.7717441531511, 0.0, 0.0, 0.0, 0.0, 79.20657729399683, 0.0, 0.0, 0.0, 0.0, 0.0, 0.0, 0.0, 0.0, 0.0, 0.0, 0.0, 797.7300409892074, 0.0, 0.0, 0.0, 0.0, 0.0, 0.0, 179.79592404730246, 0.0, 0.0, 0.0, 0.0, 805.1249186335946, 83.34786528206158, 0.0, 0.0, 266.5519629500154, 0.0, 0.0, 0.0, 0.0, 172.37036719803154, 0.0, 0.0, 763.0346363754697, 0.0, 0.0, 770.9822276906636, 0.0, 0.0, 0.0, 0.0, 0.0, 0.0, 0.0, 0.0, 0.0, 0.0, 0.0, 0.0, 799.9543431994448, 0.0, 175.1243405582427, 0.0, 0.0, 0.0, 0.0, 0.0, 0.0, 0.5257519434441491, 0.0, 0.0, 0.0, 0.0, 0.0, 0.0, 0.0, 780.2546913074518, 0.0, 0.0, 0.0, 0.0, 0.0, 0.0, 0.0, 797.9384565460014, 0.0, 0.0, 800.5446380995021, 0.0, 0.0, 262.0837311519847, 0.0, 802.929022782044, 0.0, 0.0, 0.0, 0.0, 0.0, 0.0, 0.0, 0.0, 0.0, 0.0, 0.0, 0.0, 0.0, 159.44712990771995, 0.0, 789.859592087897, 0.0, 0.0, 0.0, 0.0, 0.0, 0.0, 786.8602333654451, 0.0, 0.0, 795.7387105180453, 0.0, 0.0, 0.0, 799.9196471628939, 0.0, 0.0, 0.0, 0.0, 0.0, 0.0, 0.0, 189.8071702327643, 142.66846167628864, 0.0, 0.0, 0.0, 0.0, 803.3008552284512, 0.0, 66.0036932472326, 782.9424883820186, 0.0]
INFORMACIÓN : 30apuestaBundle [784.995867773916, 780.2546913074518, 159.44712990771995, 262.0837311519847, 79.20657729399683]
INFORMACIÓN : 30positionsBundle [1640, 785, 2493, 230, 1132]
INFORMACIÓN : 30levelsBundle [3, 3, 3, 2, 1]
INFORMACIÓN : 30positionsOrdered [2493, 1640, 785, 230, 1132]
INFORMACIÓN : 30levelsOrdered [3, 3, 3, 2, 1]
INFORMACIÓN : 30partialityOrdered [3, 3, 3, 2, 2]
INFORMACIÓN : 30arrivalTimes [28.06003391753212, 53.830488911897454, 73.5505340585668, 85.63358003216138, 103.74435030843621]
INFORMACIÓN : 31historia0[0.0, 0.0, 0.0, 0.0, 0.0, 0.0, 784.995867773916, 0.0, 0.0, 0.0, 0.0, 801.6252224115889, 785.867550876907, 0.0, 0.0, 135.26931411500965, 0.0, 0.0, 0.0, 158.7374932503, 0.0, 794.9420818571133, 0.0, 763.1151765518227, 0.0, 0.0, 0.0, 799.7717441531511, 0.0, 0.0, 0.0, 0.0, 79.20657729399683, 0.0, 0.0, 0.0, 0.0, 0.0, 0.0, 0.0, 0.0, 0.0, 0.0, 0.0, 797.7300409892074, 0.0, 0.0, 0.0, 0.0, 0.0, 0.0, 179.79592404730246, 0.0, 0.0, 0.0, 0.0, 805.1249186335946, 0.0, 0.0, 0.0, 0.0, 0.0, 0.0, 0.0, 0.0, 172.37036719803154, 0.0, 0.0, 763.0346363754697, 0.0, 0.0, 770.9822276906636, 0.0, 0.0, 0.0, 0.0, 0.0, 0.0, 0.0, 0.0, 0.0, 0.0, 0.0, 0.0, 799.9543431994448, 0.0, 175.1243405582427, 0.0, 0.0, 0.0, 257.4325096792569, 0.0, 0.0, 0.0, 0.0, 0.0, 0.0, 0.0, 0.0, 0.0, 0.0, 780.2546913074518, 0.0, 0.0, 0.0, 0.0, 0.0, 0.0, 0.0, 797.9384565460014, 0.0, 0.0, 800.5446380995021, 0.0, 0.0, 262.0837311519847, 0.0, 802.929022782044, 0.0, 0.0, 0.0, 0.0, 38.474204435825776, 0.0, 0.0, 0.0, 0.0, 0.0, 0.0, 0.0, 0.0, 159.44712990771995, 0.0, 789.859592087897, 0.0, 0.0, 138.13855656595493, 0.0, 2.285805897017781, 0.0, 786.8602333654451, 0.0, 0.0, 795.7387105180453, 0.0, 0.0, 0.0, 799.9196471628939, 7.950172634766659, 0.0, 0.0, 0.0, 0.0, 0.0, 0.0, 189.8071702327643, 142.66846167628864, 0.0, 0.0, 0.0, 0.0, 803.3008552284512, 0.0, 66.0036932472326, 782.9424883820186, 0.0]
INFORMACIÓN : 31apuestaBundle [784.995867773916, 780.2546913074518, 159.44712990771995, 262.0837311519847, 79.20657729399683]
INFORMACIÓN : 31positionsBundle [1640, 785, 2493, 230, 1132]
INFORMACIÓN : 31levelsBundle [3, 3, 3, 2, 1]
INFORMACIÓN : 31positionsOrdered [2493, 1640, 785, 230, 1132]
INFORMACIÓN : 31levelsOrdered [3, 3, 3, 2, 1]
INFORMACIÓN : 31partialityOrdered [3, 3, 3, 2, 2]
INFORMACIÓN : 31arrivalTimes [28.06003391753212, 53.830488911897454, 73.5505340585668, 85.63358003216138, 103.74435030843621]
INFORMACIÓN : 32historia0[0.0, 0.0, 0.0, 0.0, 0.0, 0.0, 784.995867773916, 0.0, 0.0, 0.0, 0.0, 801.6252224115889, 785.867550876907, 0.0, 0.0, 135.26931411500965, 0.0, 0.0, 0.0, 158.7374932503, 0.0, 794.9420818571133, 0.0, 763.1151765518227, 0.0, 0.0, 0.0, 799.7717441531511, 0.0, 0.0, 0.0, 0.0, 79.20657729399683, 0.0, 0.0, 0.0, 0.0, 0.0, 0.0, 0.0, 0.0, 0.0, 0.0, 0.0, 797.7300409892074, 0.0, 0.0, 0.0, 0.0, 60.543667780917986, 0.0, 179.79592404730246, 0.0, 0.0, 0.0, 0.0, 805.1249186335946, 0.0, 0.0, 0.0, 246.07409268128777, 0.0, 0.0, 0.0, 0.0, 172.37036719803154, 0.0, 0.0, 763.0346363754697, 0.0, 0.0, 770.9822276906636, 0.0, 0.0, 0.0, 0.0, 0.0, 0.0, 0.0, 0.0, 0.0, 0.0, 0.0, 0.0, 799.9543431994448, 0.0, 175.1243405582427, 0.0, 0.0, 0.0, 257.4325096792569, 0.0, 0.0, 0.0, 0.0, 71.23619996177513, 0.0, 0.0, 0.0, 0.0, 0.0, 780.2546913074518, 0.0, 0.0, 0.0, 0.0, 0.0, 0.0, 0.0, 797.9384565460014, 0.0, 0.0, 800.5446380995021, 0.0, 0.0, 262.0837311519847, 0.0, 802.929022782044, 0.0, 0.0, 0.0, 0.0, 38.474204435825776, 0.0, 0.0, 0.0, 0.0, 0.0, 0.0, 0.0, 0.0, 159.44712990771995, 0.0, 789.859592087897, 0.0, 0.0, 138.13855656595493, 0.0, 0.0, 0.0, 786.8602333654451, 0.0, 0.0, 795.7387105180453, 0.0, 0.0, 0.0, 799.9196471628939, 0.0, 0.0, 0.0, 0.0, 0.0, 0.0, 0.0, 189.8071702327643, 142.66846167628864, 266.6077795769693, 0.0, 0.0, 0.0, 803.3008552284512, 0.0, 0.0, 782.9424883820186, 0.0]
INFORMACIÓN : 32apuestaBundle [784.995867773916, 780.2546913074518, 159.44712990771995, 262.0837311519847, 79.20657729399683]
INFORMACIÓN : 32positionsBundle [1640, 785, 2493, 230, 1132]
INFORMACIÓN : 32levelsBundle [3, 3, 3, 2, 1]
INFORMACIÓN : 32positionsOrdered [2493, 1640, 785, 230, 1132]
INFORMACIÓN : 32levelsOrdered [3, 3, 3, 2, 1]
INFORMACIÓN : 32partialityOrdered [3, 3, 3, 2, 2]
INFORMACIÓN : 32arrivalTimes [28.06003391753212, 53.830488911897454, 73.5505340585668, 85.63358003216138, 103.74435030843621]
INFORMACIÓN : depSat position 2493 level 3
INFORMACIÓN : I [AB]; lost Test.myBail@5ced3a23; POS 2493; sensors [IR, MW]; level 3 I paid 159.44712990771995in favour ofnull paid 159.44712990771995
INFORMACIÓN : 33historia0[0.0, 0.0, 0.0, 0.0, 0.0, 0.0, 784.995867773916, 0.0, 0.0, 0.0, 0.0, 801.6252224115889, 785.867550876907, 0.0, 268.5057149463005, 135.26931411500965, 0.0, 0.0, 0.0, 158.7374932503, 0.0, 794.9420818571133, 0.0, 763.1151765518227, 0.0, 0.0, 0.0, 799.7717441531511, 0.0, 0.0, 0.0, 0.0, 0.0, 0.0, 0.0, 0.0, 0.0, 0.0, 0.0, 0.0, 0.0, 0.0, 0.0, 0.0, 797.7300409892074, 0.0, 0.0, 0.0, 0.0, 60.543667780917986, 0.0, 179.79592404730246, 0.0, 0.0, 0.0, 0.0, 805.1249186335946, 0.0, 0.0, 0.0, 0.0, 0.0, 0.0, 0.0, 0.0, 172.37036719803154, 0.0, 0.0, 763.0346363754697, 0.0, 0.0, 770.9822276906636, 0.0, 0.0, 0.0, 0.0, 0.0, 0.0, 0.0, 0.0, 0.0, 0.0, 0.0, 0.0, 799.9543431994448, 0.0, 175.1243405582427, 0.0, 0.0, 0.0, 257.4325096792569, 0.0, 0.0, 0.0, 0.0, 71.23619996177513, 0.0, 0.0, 0.0, 0.0, 0.0, 780.2546913074518, 0.0, 0.0, 0.0, 0.0, 0.0, 0.0, 0.0, 797.9384565460014, 0.0, 0.0, 800.5446380995021, 0.0, 0.0, 0.0, 0.0, 802.929022782044, 0.0, 0.0, 0.0, 0.0, 48.09303544570366, 0.0, 0.0, 0.0, 0.0, 0.0, 0.0, 0.0, 0.0, 0.0, 0.0, 789.859592087897, 0.0, 0.0, 138.13855656595493, 0.0, 0.0, 0.0, 786.8602333654451, 0.0, 0.0, 795.7387105180453, 0.0, 0.0, 0.0, 799.9196471628939, 0.0, 0.0, 0.0, 0.0, 0.0, 0.0, 0.0, 189.8071702327643, 142.66846167628864, 266.6077795769693, 0.0, 0.0, 0.0, 803.3008552284512, 0.0, 0.0, 782.9424883820186, 0.0]
INFORMACIÓN : 33apuestaBundle [784.995867773916, 780.2546913074518, 266.15820842451467, 252.6907791217809, 59.15489927831163]
INFORMACIÓN : 33positionsBundle [1640, 785, 2364, 560, 230]
INFORMACIÓN : 33levelsBundle [3, 3, 2, 2, 1]
INFORMACIÓN : 33positionsOrdered [2364, 1640, 785, 560, 230]
INFORMACIÓN : 33levelsOrdered [2, 3, 3, 2, 1]
INFORMACIÓN : 33partialityOrdered [2, 3, 3, 2, 2]
INFORMACIÓN : 33arrivalTimes [16.51429696677627, 53.830488911897454, 73.5505340585668, 98.86851186091113, 120.05813196132821]
INFORMACIÓN : 34historia0[0.0, 0.0, 0.0, 0.0, 0.0, 0.0, 784.995867773916, 0.0, 0.0, 0.0, 0.0, 801.6252224115889, 785.867550876907, 0.0, 268.5057149463005, 135.26931411500965, 0.0, 0.0, 0.0, 158.7374932503, 0.0, 794.9420818571133, 0.0, 763.1151765518227, 0.0, 0.0, 252.6907791217809, 799.7717441531511, 0.0, 0.0, 0.0, 0.0, 0.0, 0.0, 0.0, 0.0, 0.0, 0.0, 0.0, 0.0, 0.0, 0.0, 0.0, 0.0, 797.7300409892074, 0.0, 0.0, 0.0, 0.0, 0.0, 0.0, 179.79592404730246, 0.0, 0.0, 0.0, 0.0, 805.1249186335946, 0.0, 0.0, 0.0, 266.15820842451467, 0.0, 0.0, 0.0, 0.0, 172.37036719803154, 0.0, 0.0, 763.0346363754697, 0.0, 0.0, 770.9822276906636, 0.0, 0.0, 0.0, 0.0, 0.0, 0.0, 0.0, 0.0, 0.0, 0.0, 0.0, 0.0, 799.9543431994448, 0.0, 175.1243405582427, 0.0, 0.0, 0.0, 257.4325096792569, 0.0, 0.0, 0.0, 0.0, 0.0, 0.0, 0.0, 0.0, 0.0, 0.0, 780.2546913074518, 0.0, 0.0, 0.0, 0.0, 0.0, 0.0, 0.0, 797.9384565460014, 0.0, 0.0, 800.5446380995021, 0.0, 0.0, 0.0, 0.0, 802.929022782044, 0.0, 0.0, 0.0, 0.0, 48.09303544570366, 0.0, 0.0, 59.15489927831163, 0.0, 0.0, 0.0, 0.0, 0.0, 0.0, 0.0, 789.859592087897, 0.0, 0.0, 138.13855656595493, 0.0, 0.0, 0.0, 786.8602333654451, 0.0, 0.0, 795.7387105180453, 0.0, 0.0, 0.0, 799.9196471628939, 0.0, 0.0, 0.0, 0.0, 0.0, 0.0, 0.0, 189.8071702327643, 142.66846167628864, 266.6077795769693, 0.0, 0.0, 0.0, 803.3008552284512, 0.0, 0.0, 782.9424883820186, 0.0]
INFORMACIÓN : 34apuestaBundle [784.995867773916, 780.2546913074518, 266.15820842451467, 252.6907791217809, 59.15489927831163]
INFORMACIÓN : 34positionsBundle [1640, 785, 2364, 560, 230]
INFORMACIÓN : 34levelsBundle [3, 3, 2, 2, 1]
INFORMACIÓN : 34positionsOrdered [2364, 1640, 785, 560, 230]
INFORMACIÓN : 34levelsOrdered [2, 3, 3, 2, 1]
INFORMACIÓN : 34partialityOrdered [2, 3, 3, 2, 2]
INFORMACIÓN : 34arrivalTimes [16.51429696677627, 53.830488911897454, 73.5505340585668, 98.86851186091113, 120.05813196132821]
INFORMACIÓN : 35historia0[0.0, 0.0, 0.0, 0.0, 0.0, 0.0, 784.995867773916, 0.0, 0.0, 0.0, 0.0, 801.6252224115889, 785.867550876907, 0.0, 268.5057149463005, 135.26931411500965, 0.0, 0.0, 0.0, 158.7374932503, 0.0, 794.9420818571133, 0.0, 763.1151765518227, 0.0, 0.0, 252.6907791217809, 799.7717441531511, 0.0, 0.0, 0.0, 0.0, 58.13084262122276, 0.0, 0.0, 0.0, 52.6025279457599, 0.0, 0.0, 0.0, 0.0, 0.0, 0.0, 0.0, 797.7300409892074, 0.0, 0.0, 0.0, 0.0, 0.0, 0.0, 179.79592404730246, 0.0, 0.0, 0.0, 0.0, 805.1249186335946, 0.0, 0.0, 0.0, 266.15820842451467, 0.0, 0.0, 0.0, 0.0, 172.37036719803154, 0.0, 0.0, 763.0346363754697, 0.0, 0.0, 770.9822276906636, 0.0, 0.0, 0.0, 0.0, 0.0, 0.0, 0.0, 0.0, 0.0, 0.0, 0.0, 0.0, 799.9543431994448, 0.0, 175.1243405582427, 0.0, 0.0, 0.0, 257.4325096792569, 0.0, 0.0, 0.0, 0.0, 0.0, 0.0, 0.0, 0.0, 0.0, 0.0, 780.2546913074518, 0.0, 0.0, 0.0, 0.0, 0.0, 0.0, 0.0, 797.9384565460014, 0.0, 0.0, 800.5446380995021, 0.0, 0.0, 0.0, 0.0, 802.929022782044, 0.0, 0.0, 0.0, 0.0, 48.09303544570366, 0.0, 0.0, 59.15489927831163, 0.0, 0.0, 0.0, 0.0, 0.0, 124.30313104337039, 0.0, 789.859592087897, 0.0, 0.0, 138.13855656595493, 0.0, 2.285805897017781, 0.0, 786.8602333654451, 0.0, 0.0, 795.7387105180453, 0.0, 0.0, 0.0, 799.9196471628939, 0.0, 0.0, 0.0, 0.0, 0.0, 0.0, 0.0, 189.8071702327643, 142.66846167628864, 266.6077795769693, 0.0, 0.0, 0.0, 803.3008552284512, 0.0, 0.0, 782.9424883820186, 0.0]
INFORMACIÓN : 35apuestaBundle [784.995867773916, 780.2546913074518, 266.15820842451467, 252.6907791217809, 59.15489927831163]
INFORMACIÓN : 35positionsBundle [1640, 785, 2364, 560, 230]
INFORMACIÓN : 35levelsBundle [3, 3, 2, 2, 1]
INFORMACIÓN : 35positionsOrdered [2364, 1640, 785, 560, 230]
INFORMACIÓN : 35levelsOrdered [2, 3, 3, 2, 1]
INFORMACIÓN : 35partialityOrdered [2, 3, 3, 2, 2]
INFORMACIÓN : 35arrivalTimes [16.51429696677627, 53.830488911897454, 73.5505340585668, 98.86851186091113, 120.05813196132821]
INFORMACIÓN : 36historia0[0.0, 0.0, 0.0, 0.0, 0.0, 0.0, 784.995867773916, 0.0, 0.0, 0.0, 0.0, 0.0, 785.867550876907, 0.0, 268.5057149463005, 135.26931411500965, 0.0, 0.0, 0.0, 158.7374932503, 0.0, 794.9420818571133, 0.0, 763.1151765518227, 0.0, 0.0, 252.6907791217809, 0.0, 0.0, 0.0, 0.0, 0.0, 58.13084262122276, 0.0, 0.0, 0.0, 0.0, 0.0, 0.0, 0.0, 0.0, 0.0, 0.0, 0.0, 797.7300409892074, 0.0, 0.0, 0.0, 0.0, 0.0, 0.0, 179.79592404730246, 0.0, 0.0, 0.0, 0.0, 0.0, 0.0, 0.0, 0.0, 266.15820842451467, 0.0, 0.0, 0.0, 0.0, 172.37036719803154, 0.0, 0.0, 763.0346363754697, 0.0, 0.0, 0.0, 0.0, 0.0, 0.0, 0.0, 0.0, 0.0, 0.0, 0.0, 0.0, 0.0, 0.0, 0.0, 799.9543431994448, 0.0, 175.1243405582427, 0.0, 0.0, 0.0, 257.4325096792569, 0.0, 0.0, 0.0, 0.0, 0.0, 0.0, 0.0, 0.0, 0.0, 0.0, 780.2546913074518, 0.0, 0.0, 0.0, 0.0, 0.0, 0.0, 0.0, 797.9384565460014, 0.0, 0.0, 800.5446380995021, 0.0, 0.0, 0.0, 0.0, 802.929022782044, 0.0, 0.0, 0.0, 0.0, 48.09303544570366, 0.0, 0.0, 59.15489927831163, 0.0, 0.0, 0.0, 0.0, 0.0, 124.30313104337039, 0.0, 789.859592087897, 0.0, 0.0, 138.13855656595493, 0.0, 5.700624466435329, 0.0, 786.8602333654451, 0.0, 0.0, 0.0, 0.0, 0.0, 0.0, 799.9196471628939, 0.0, 0.0, 0.0, 0.0, 0.0, 0.0, 0.0, 189.8071702327643, 142.66846167628864, 266.6077795769693, 0.0, 0.0, 0.0, 803.3008552284512, 0.0, 0.0, 782.9424883820186, 0.0]
INFORMACIÓN : 36apuestaBundle [784.995867773916, 780.2546913074518, 266.15820842451467, 252.6907791217809, 59.15489927831163]
INFORMACIÓN : 36positionsBundle [1640, 785, 2364, 560, 230]
INFORMACIÓN : 36levelsBundle [3, 3, 2, 2, 1]
INFORMACIÓN : 36positionsOrdered [2364, 1640, 785, 560, 230]
INFORMACIÓN : 36levelsOrdered [2, 3, 3, 2, 1]
INFORMACIÓN : 36partialityOrdered [2, 3, 3, 2, 2]
INFORMACIÓN : 36arrivalTimes [16.51429696677627, 53.830488911897454, 73.5505340585668, 98.86851186091113, 120.05813196132821]
INFORMACIÓN : 37historia0[0.0, 0.0, 0.0, 0.0, 0.0, 0.0, 784.995867773916, 0.0, 0.0, 0.0, 0.0, 801.6252224115889, 785.867550876907, 0.0, 268.5057149463005, 135.26931411500965, 0.0, 0.0, 0.0, 158.7374932503, 0.0, 794.9420818571133, 0.0, 763.1151765518227, 0.0, 0.0, 252.6907791217809, 799.7717441531511, 0.0, 0.0, 0.0, 0.0, 58.13084262122276, 0.0, 0.0, 0.0, 0.0, 0.0, 0.0, 0.0, 0.0, 0.0, 0.0, 0.0, 797.7300409892074, 0.0, 0.0, 0.0, 0.0, 0.0, 0.0, 179.79592404730246, 0.0, 0.0, 0.0, 0.0, 805.1249186335946, 0.0, 0.0, 0.0, 266.15820842451467, 0.0, 0.0, 0.0, 0.0, 172.37036719803154, 0.0, 0.0, 763.0346363754697, 0.0, 0.0, 770.9822276906636, 0.0, 0.0, 0.0, 0.0, 0.0, 0.0, 0.0, 0.0, 0.0, 0.0, 0.0, 0.0, 799.9543431994448, 0.0, 175.1243405582427, 0.0, 0.0, 0.0, 257.4325096792569, 0.0, 0.0, 0.0, 0.0, 0.0, 0.0, 0.0, 0.0, 0.0, 0.0, 780.2546913074518, 0.0, 0.0, 0.0, 0.0, 0.0, 0.0, 0.0, 797.9384565460014, 0.0, 0.0, 800.5446380995021, 0.0, 0.0, 0.0, 0.0, 802.929022782044, 0.0, 0.0, 0.0, 0.0, 48.09303544570366, 0.0, 0.0, 59.15489927831163, 0.0, 0.0, 0.0, 0.0, 0.0, 124.30313104337039, 0.0, 789.859592087897, 0.0, 0.0, 138.13855656595493, 0.0, 5.700624466435329, 0.0, 786.8602333654451, 0.0, 0.0, 795.7387105180453, 0.0, 0.0, 0.0, 799.9196471628939, 0.0, 0.0, 0.0, 0.0, 0.0, 0.0, 0.0, 189.8071702327643, 142.66846167628864, 266.6077795769693, 0.0, 0.0, 0.0, 803.3008552284512, 0.0, 0.0, 782.9424883820186, 0.0]
INFORMACIÓN : 37apuestaBundle [784.995867773916, 780.2546913074518, 266.15820842451467, 252.6907791217809, 59.15489927831163]
INFORMACIÓN : 37positionsBundle [1640, 785, 2364, 560, 230]
INFORMACIÓN : 37levelsBundle [3, 3, 2, 2, 1]
INFORMACIÓN : 37positionsOrdered [2364, 1640, 785, 560, 230]
INFORMACIÓN : 37levelsOrdered [2, 3, 3, 2, 1]
INFORMACIÓN : 37partialityOrdered [2, 3, 3, 2, 2]
INFORMACIÓN : 37arrivalTimes [16.51429696677627, 53.830488911897454, 73.5505340585668, 98.86851186091113, 120.05813196132821]
INFORMACIÓN : 38historia0[0.0, 0.0, 0.0, 0.0, 0.0, 0.0, 784.995867773916, 0.0, 0.0, 0.0, 0.0, 801.6252224115889, 785.867550876907, 0.0, 268.5057149463005, 135.26931411500965, 0.0, 0.0, 0.0, 158.7374932503, 0.0, 794.9420818571133, 0.0, 763.1151765518227, 0.0, 0.0, 252.6907791217809, 799.7717441531511, 0.0, 0.0, 0.0, 0.0, 58.13084262122276, 0.0, 0.0, 0.0, 0.0, 0.0, 0.0, 0.0, 0.0, 0.0, 0.0, 0.0, 797.7300409892074, 0.0, 0.0, 0.0, 0.0, 74.51953366847852, 0.0, 179.79592404730246, 0.0, 0.0, 0.0, 0.0, 805.1249186335946, 0.0, 0.0, 0.0, 266.15820842451467, 0.0, 0.0, 0.0, 0.0, 172.37036719803154, 0.0, 0.0, 763.0346363754697, 0.0, 0.0, 770.9822276906636, 0.0, 0.0, 0.0, 0.0, 0.0, 0.0, 0.0, 0.0, 0.0, 0.0, 0.0, 0.0, 799.9543431994448, 0.0, 175.1243405582427, 0.0, 0.0, 0.0, 257.4325096792569, 0.0, 0.0, 0.0, 0.0, 0.0, 0.0, 0.0, 0.0, 0.0, 0.0, 780.2546913074518, 0.0, 0.0, 0.0, 0.0, 0.0, 0.0, 0.0, 797.9384565460014, 0.0, 0.0, 800.5446380995021, 0.0, 0.0, 0.0, 0.0, 802.929022782044, 0.0, 0.0, 0.0, 0.0, 48.09303544570366, 0.0, 0.0, 59.15489927831163, 0.0, 0.0, 0.0, 0.0, 0.0, 124.30313104337039, 0.0, 789.859592087897, 0.0, 0.0, 138.13855656595493, 0.0, 5.700624466435329, 0.0, 786.8602333654451, 0.0, 0.0, 795.7387105180453, 0.0, 0.0, 0.0, 799.9196471628939, 0.0, 0.0, 0.0, 0.0, 0.0, 0.0, 0.0, 189.8071702327643, 142.66846167628864, 266.6077795769693, 0.0, 0.0, 0.0, 803.3008552284512, 0.0, 0.0, 782.9424883820186, 0.0]
