----------------------------------------------------------------------
-- Log session for [myBugCoalitionsCCBBAGuaiDEF-53] started on 2017.07.13.18.46.24 --
----------------------------------------------------------------------

INFORMACIÓN : I started
INFORMACIÓN : 0apuestaBundle [803.1333872187357, 792.4758533135348, 768.3954438942683, 765.5375002566536, 761.9512881108968]
INFORMACIÓN : 0positionsBundle [575, 785, 1640, 1644, 1697]
INFORMACIÓN : 0levelsBundle [3, 3, 3, 3, 3]
INFORMACIÓN : 0positionsOrdered [575, 785, 1640, 1644, 1697]
INFORMACIÓN : 0levelsOrdered [3, 3, 3, 3, 3]
INFORMACIÓN : 0partialityOrdered [3, 3, 3, 3, 3]
INFORMACIÓN : 0arrivalTimes [7.439544609341827, 18.209874223610836, 35.92991937028019, 39.92991937028019, 43.09219703044857]
INFORMACIÓN : timeSat position 575 level 3
INFORMACIÓN : timeSat position 785 level 3
INFORMACIÓN : I [IR]; lost Test.myBail@f1236f4; POS 575; sensors [AB, MW]; level 3 I paid 803.1333872187357in favour ofnull paid 803.1333872187357
INFORMACIÓN : 1historia0[0.0, 0.0, 0.0, 0.0, 0.0, 0.0, 770.0654992405031, 0.0, 0.0, 0.0, 0.0, 801.6252224115889, 785.867550876907, 0.0, 0.0, 0.0, 0.0, 0.0, 0.0, 0.0, 0.0, 794.9420818571133, 0.0, 769.9969545725345, 0.0, 0.0, 0.0, 799.7717441531511, 0.0, 0.0, 0.0, 0.0, 0.0, 0.0, 0.0, 0.0, 0.0, 0.0, 0.0, 0.0, 0.0, 0.0, 0.0, 0.0, 797.7300409892074, 0.0, 0.0, 0.0, 0.0, 0.0, 0.0, 0.0, 0.0, 0.0, 0.0, 0.0, 805.1249186335946, 0.0, 0.0, 0.0, 0.0, 0.0, 0.0, 0.0, 0.0, 0.0, 0.0, 0.0, 765.1513142774586, 0.0, 0.0, 772.798203616051, 0.0, 0.0, 0.0, 0.0, 0.0, 0.0, 0.0, 0.0, 0.0, 0.0, 0.0, 0.0, 0.0, 0.0, 0.0, 0.0, 0.0, 0.0, 0.0, 0.0, 0.0, 0.0, 0.0, 0.0, 0.0, 0.0, 0.0, 0.0, 0.0, 770.5549153404042, 0.0, 0.0, 0.0, 0.0, 0.0, 0.0, 0.0, 797.9384565460014, 0.0, 0.0, 800.5446380995021, 0.0, 0.0, 0.0, 0.0, 802.929022782044, 0.0, 0.0, 0.0, 0.0, 0.0, 0.0, 0.0, 0.0, 0.0, 0.0, 0.0, 0.0, 0.0, 0.0, 0.0, 789.859592087897, 0.0, 0.0, 0.0, 0.0, 0.0, 0.0, 786.8602333654451, 0.0, 0.0, 797.3810963889332, 0.0, 0.0, 0.0, 0.0, 0.0, 0.0, 0.0, 0.0, 0.0, 0.0, 0.0, 0.0, 0.0, 0.0, 0.0, 0.0, 0.0, 803.3008552284512, 0.0, 0.0, 785.7343506233457, 0.0]
INFORMACIÓN : 1apuestaBundle [280.21667091743416, 264.7879898273462, 176.72452570550684, 157.67540893839737, 150.41370134184115]
INFORMACIÓN : 1positionsBundle [560, 987, 478, 1662, 1200]
INFORMACIÓN : 1levelsBundle [2, 2, 1, 1, 1]
INFORMACIÓN : 1positionsOrdered [560, 987, 478, 1662, 1200]
INFORMACIÓN : 1levelsOrdered [2, 2, 1, 1, 1]
INFORMACIÓN : 1partialityOrdered [2, 2, 1, 1, 1]
INFORMACIÓN : 1arrivalTimes [17.038477096364492, 45.19873277702194, 58.65235682409565, 87.49676702780756, 102.49676702780756]
INFORMACIÓN : timeSat position 560 level 2
INFORMACIÓN : timeSat position 987 level 2
INFORMACIÓN : I [IR]; lost Test.myBail@592788f2; POS 560; sensors [AB]; level 2 I paid 280.21667091743416in favour ofnull paid 280.21667091743416
INFORMACIÓN : 2historia0[0.0, 0.0, 0.0, 0.0, 0.0, 0.0, 786.4027938076404, 0.0, 0.0, 0.0, 0.0, 801.6252224115889, 785.867550876907, 0.0, 302.07310000523796, 0.0, 0.0, 282.9820951404827, 0.0, 0.0, 0.0, 794.9420818571133, 0.0, 0.0, 0.0, 0.0, 268.4596315369756, 799.7717441531511, 0.0, 0.0, 0.0, 0.0, 0.0, 0.0, 0.0, 0.0, 0.0, 0.0, 0.0, 0.0, 0.0, 0.0, 0.0, 0.0, 797.7300409892074, 0.0, 0.0, 0.0, 0.0, 0.0, 0.0, 0.0, 0.0, 0.0, 0.0, 0.0, 805.1249186335946, 0.0, 0.0, 0.0, 0.0, 0.0, 0.0, 0.0, 0.0, 0.0, 0.0, 0.0, 762.8723694429821, 0.0, 0.0, 769.2704502614627, 0.0, 0.0, 0.0, 0.0, 0.0, 0.0, 0.0, 0.0, 0.0, 0.0, 0.0, 0.0, 765.2203964135161, 0.0, 0.0, 0.0, 0.0, 0.0, 275.12375614918705, 0.0, 0.0, 0.0, 0.0, 0.0, 0.0, 0.0, 0.0, 0.0, 283.6793615076239, 782.3460849150786, 0.0, 0.0, 0.0, 0.0, 0.0, 0.0, 0.0, 797.9384565460014, 0.0, 0.0, 800.5446380995021, 0.0, 0.0, 270.62482131736704, 0.0, 802.929022782044, 270.9252952756186, 0.0, 0.0, 0.0, 0.0, 0.0, 0.0, 0.0, 0.0, 0.0, 0.0, 0.0, 0.0, 0.0, 0.0, 789.859592087897, 0.0, 0.0, 0.0, 0.0, 0.0, 0.0, 786.8602333654451, 0.0, 0.0, 785.3922286074409, 0.0, 0.0, 0.0, 0.0, 0.0, 0.0, 0.0, 0.0, 0.0, 0.0, 0.0, 0.0, 0.0, 0.0, 0.0, 0.0, 0.0, 803.3008552284512, 0.0, 0.0, 776.3626858973691, 0.0]
INFORMACIÓN : 2apuestaBundle [279.53440773063505, 191.7761963890565, 157.67540893839737, 157.35832187617103, 149.76599728429798]
INFORMACIÓN : 2positionsBundle [560, 478, 1662, 1200, 2014]
INFORMACIÓN : 2levelsBundle [2, 1, 1, 1, 1]
INFORMACIÓN : 2positionsOrdered [478, 560, 1662, 1200, 2014]
INFORMACIÓN : 2levelsOrdered [1, 2, 1, 1, 1]
INFORMACIÓN : 2partialityOrdered [1, 2, 1, 1, 1]
INFORMACIÓN : 2arrivalTimes [6.051919847048806, 61.73893432434416, 83.82965635871868, 98.82965635871868, 120.08994798418797]
INFORMACIÓN : I [IR]; lost Test.myBail@7cec4787; POS 1662; sensors []; level 1 I paid 157.67540893839737in favour of56@(myturtles,myturtles,bug)@MK-18429 paid 172.37036719803154
INFORMACIÓN : 3historia0[0.0, 0.0, 0.0, 0.0, 0.0, 0.0, 784.8332143382477, 263.55771214359856, 0.0, 0.0, 0.0, 801.6252224115889, 785.867550876907, 0.0, 302.07310000523796, 0.0, 0.0, 281.6642052100906, 0.0, 0.0, 0.0, 794.9420818571133, 0.0, 0.0, 0.0, 0.0, 0.0, 799.7717441531511, 0.0, 0.0, 0.0, 0.0, 0.0, 0.0, 0.0, 258.2852088334781, 0.0, 0.0, 0.0, 0.0, 0.0, 0.0, 0.0, 0.0, 797.7300409892074, 0.0, 0.0, 0.0, 0.0, 0.0, 0.0, 163.0517085238895, 0.0, 0.0, 0.0, 0.0, 805.1249186335946, 0.0, 0.0, 0.0, 266.5519629500154, 0.0, 0.0, 0.0, 0.0, 172.37036719803154, 0.0, 0.0, 762.8723694429821, 0.0, 0.0, 769.2704502614627, 0.0, 0.0, 0.0, 0.0, 0.0, 0.0, 0.0, 0.0, 0.0, 0.0, 0.0, 0.0, 0.0, 0.0, 0.0, 0.0, 0.0, 0.0, 275.12375614918705, 0.0, 0.0, 0.0, 0.0, 0.0, 0.0, 0.0, 0.0, 0.0, 283.6793615076239, 780.1734523239332, 0.0, 0.0, 0.0, 0.0, 0.0, 0.0, 0.0, 797.9384565460014, 0.0, 0.0, 800.5446380995021, 0.0, 0.0, 270.62482131736704, 0.0, 802.929022782044, 270.9252952756186, 0.0, 0.0, 0.0, 0.0, 0.0, 0.0, 0.0, 0.0, 0.0, 0.0, 0.0, 0.0, 154.24912361425982, 0.0, 789.859592087897, 0.0, 279.53440773063505, 138.13855656595493, 0.0, 0.0, 0.0, 786.8602333654451, 0.0, 0.0, 785.3922286074409, 0.0, 0.0, 0.0, 0.0, 0.0, 0.0, 0.0, 0.0, 0.0, 0.0, 0.0, 191.7761963890565, 0.0, 0.0, 0.0, 0.0, 0.0, 803.3008552284512, 0.0, 0.0, 782.9424883820186, 0.0]
INFORMACIÓN : 3apuestaBundle [279.53440773063505, 191.7761963890565, 135.26931411500965, 68.3962922326457, 38.55364490579881]
INFORMACIÓN : 3positionsBundle [560, 478, 2405, 1320, 2434]
INFORMACIÓN : 3levelsBundle [2, 1, 1, 2, 2]
INFORMACIÓN : 3positionsOrdered [478, 1320, 560, 2405, 2434]
INFORMACIÓN : 3levelsOrdered [1, 2, 2, 1, 2]
INFORMACIÓN : 3partialityOrdered [1, 2, 2, 1, 2]
INFORMACIÓN : 3arrivalTimes [6.051919847048806, 24.84021407510474, 61.73893432434416, 99.0752437295331, 128.0752437295331]
INFORMACIÓN : 4historia0[0.0, 0.0, 0.0, 0.0, 0.0, 0.0, 784.8332143382477, 263.55771214359856, 0.0, 0.0, 0.0, 801.6252224115889, 785.867550876907, 0.0, 302.07310000523796, 135.26931411500965, 0.0, 0.0, 0.0, 0.0, 0.0, 794.9420818571133, 0.0, 0.0, 0.0, 0.0, 0.0, 799.7717441531511, 0.0, 0.0, 0.0, 0.0, 0.0, 0.0, 0.0, 282.39977886202655, 0.0, 0.0, 0.0, 0.0, 0.0, 0.0, 0.0, 0.0, 797.7300409892074, 0.0, 0.0, 0.0, 0.0, 0.0, 0.0, 186.07442678626975, 0.0, 0.0, 0.0, 0.0, 805.1249186335946, 0.0, 0.0, 0.0, 266.5519629500154, 0.0, 0.0, 0.0, 0.0, 172.37036719803154, 0.0, 0.0, 762.8723694429821, 0.0, 0.0, 769.2704502614627, 0.0, 0.0, 0.0, 0.0, 0.0, 0.0, 0.0, 0.0, 0.0, 0.0, 0.0, 0.0, 799.9543431994448, 0.0, 175.1243405582427, 0.0, 0.0, 0.0, 0.0, 0.0, 0.0, 0.0, 38.55364490579881, 0.0, 0.0, 0.0, 0.0, 0.0, 283.6793615076239, 780.1734523239332, 0.0, 0.0, 0.0, 0.0, 0.0, 0.0, 68.3962922326457, 797.9384565460014, 0.0, 0.0, 800.5446380995021, 0.0, 0.0, 270.62482131736704, 0.0, 802.929022782044, 270.9252952756186, 0.0, 0.0, 0.0, 0.0, 0.0, 0.0, 0.0, 0.0, 0.0, 0.0, 0.0, 0.0, 163.42973636043564, 0.0, 789.859592087897, 0.0, 279.53440773063505, 161.67882714477093, 0.0, 0.0, 0.0, 786.8602333654451, 0.0, 0.0, 785.3922286074409, 0.0, 0.0, 0.0, 795.2620646868268, 0.0, 0.0, 0.0, 0.0, 71.46561396044214, 0.0, 0.0, 191.7761963890565, 0.0, 0.0, 0.0, 0.0, 0.0, 803.3008552284512, 0.0, 0.0, 782.9424883820186, 0.0]
INFORMACIÓN : 4apuestaBundle [279.53440773063505, 191.7761963890565, 135.26931411500965, 68.3962922326457, 38.55364490579881]
INFORMACIÓN : 4positionsBundle [560, 478, 2405, 1320, 2434]
INFORMACIÓN : 4levelsBundle [2, 1, 1, 2, 2]
INFORMACIÓN : 4positionsOrdered [478, 1320, 560, 2405, 2434]
INFORMACIÓN : 4levelsOrdered [1, 2, 2, 1, 2]
INFORMACIÓN : 4partialityOrdered [1, 2, 2, 1, 2]
INFORMACIÓN : 4arrivalTimes [6.051919847048806, 24.84021407510474, 61.73893432434416, 99.0752437295331, 128.0752437295331]
INFORMACIÓN : I [IR]; lost Test.myBail@1f853b11; POS 2434; sensors [MW]; level 2 I paid 38.55364490579881in favour of45@(myturtles,myturtles,bug)@MK-18429 paid 43.464475986261505
INFORMACIÓN : 5historia0[0.0, 0.0, 0.0, 0.0, 0.0, 0.0, 784.8332143382477, 263.55771214359856, 0.0, 0.0, 0.0, 801.6252224115889, 785.867550876907, 0.0, 302.07310000523796, 135.26931411500965, 0.0, 266.23783876805976, 0.0, 0.0, 0.0, 794.9420818571133, 0.0, 0.0, 0.0, 0.0, 0.0, 799.7717441531511, 0.0, 0.0, 0.0, 0.0, 0.0, 0.0, 0.0, 282.39977886202655, 0.0, 0.0, 0.0, 0.0, 0.0, 0.0, 0.0, 0.0, 797.7300409892074, 0.0, 0.0, 0.0, 0.0, 0.0, 0.0, 0.0, 0.0, 0.0, 0.0, 0.0, 805.1249186335946, 0.0, 0.0, 0.0, 266.5519629500154, 0.0, 0.0, 0.0, 0.0, 172.37036719803154, 0.0, 0.0, 762.8723694429821, 0.0, 0.0, 769.2704502614627, 0.0, 0.0, 0.0, 0.0, 0.0, 0.0, 182.48261861163837, 0.0, 0.0, 0.0, 0.0, 0.0, 799.9543431994448, 0.0, 175.1243405582427, 0.0, 0.0, 0.0, 0.0, 0.0, 0.0, 0.0, 43.464475986261505, 0.0, 0.0, 0.0, 0.0, 0.0, 283.6793615076239, 780.1734523239332, 0.0, 0.0, 0.0, 0.0, 0.0, 0.0, 68.3962922326457, 797.9384565460014, 0.0, 0.0, 800.5446380995021, 0.0, 0.0, 270.62482131736704, 0.0, 802.929022782044, 270.9252952756186, 0.0, 0.0, 0.0, 0.0, 0.0, 0.0, 0.0, 0.0, 0.0, 0.0, 0.0, 0.0, 163.42973636043564, 0.0, 789.859592087897, 0.0, 279.53440773063505, 161.67882714477093, 0.0, 0.0, 0.0, 786.8602333654451, 0.0, 0.0, 785.3922286074409, 0.0, 0.0, 0.0, 795.2620646868268, 0.0, 0.0, 0.0, 0.0, 0.0, 0.0, 0.0, 191.7761963890565, 149.07962803381685, 0.0, 0.0, 0.0, 0.0, 803.3008552284512, 0.0, 0.0, 782.9424883820186, 0.0]
INFORMACIÓN : 5apuestaBundle [279.53440773063505, 191.7761963890565, 135.26931411500965, 68.3962922326457]
INFORMACIÓN : 5positionsBundle [560, 478, 2405, 1320]
INFORMACIÓN : 5levelsBundle [2, 1, 1, 2]
INFORMACIÓN : 5positionsOrdered [478, 1320, 560, 2405]
INFORMACIÓN : 5levelsOrdered [1, 2, 2, 1]
INFORMACIÓN : 5partialityOrdered [1, 2, 2, 1]
INFORMACIÓN : 5arrivalTimes [6.051919847048806, 24.84021407510474, 61.73893432434416, 99.0752437295331]
INFORMACIÓN : 6historia0[0.0, 0.0, 0.0, 0.0, 0.0, 0.0, 784.8332143382477, 263.55771214359856, 0.0, 0.0, 0.0, 801.6252224115889, 785.867550876907, 0.0, 302.07310000523796, 135.26931411500965, 0.0, 266.23783876805976, 0.0, 0.0, 0.0, 794.9420818571133, 0.0, 0.0, 0.0, 0.0, 0.0, 799.7717441531511, 0.0, 149.8820435294797, 0.0, 0.0, 0.0, 0.0, 0.0, 282.39977886202655, 0.0, 0.0, 0.0, 0.0, 0.0, 0.0, 0.0, 0.0, 797.7300409892074, 0.0, 0.0, 0.0, 0.0, 0.0, 0.0, 0.0, 0.0, 0.0, 0.0, 0.0, 805.1249186335946, 0.0, 0.0, 0.0, 266.5519629500154, 0.0, 0.0, 0.0, 0.0, 172.37036719803154, 0.0, 0.0, 762.8723694429821, 0.0, 0.0, 769.2704502614627, 0.0, 0.0, 0.0, 0.0, 0.0, 0.0, 182.48261861163837, 0.0, 0.0, 0.0, 0.0, 0.0, 799.9543431994448, 0.0, 175.1243405582427, 0.0, 0.0, 0.0, 0.0, 0.0, 0.0, 0.0, 43.464475986261505, 0.0, 0.0, 0.0, 0.0, 0.0, 283.6793615076239, 780.1734523239332, 0.0, 0.0, 0.0, 0.0, 0.0, 0.0, 68.3962922326457, 797.9384565460014, 0.0, 0.0, 800.5446380995021, 0.0, 0.0, 270.62482131736704, 0.0, 802.929022782044, 270.9252952756186, 0.0, 0.0, 0.0, 0.0, 0.0, 0.0, 0.0, 0.0, 0.0, 0.0, 0.0, 0.0, 163.42973636043564, 0.0, 789.859592087897, 0.0, 279.53440773063505, 161.67882714477093, 0.0, 0.0, 0.0, 786.8602333654451, 0.0, 0.0, 785.3922286074409, 0.0, 0.0, 0.0, 795.2620646868268, 0.0, 0.0, 0.0, 0.0, 0.0, 0.0, 0.0, 191.7761963890565, 149.07962803381685, 0.0, 0.0, 0.0, 0.0, 803.3008552284512, 0.0, 0.0, 782.9424883820186, 0.0]
INFORMACIÓN : 6apuestaBundle [279.53440773063505, 191.7761963890565, 135.26931411500965, 68.3962922326457]
INFORMACIÓN : 6positionsBundle [560, 478, 2405, 1320]
INFORMACIÓN : 6levelsBundle [2, 1, 1, 2]
INFORMACIÓN : 6positionsOrdered [478, 1320, 560, 2405]
INFORMACIÓN : 6levelsOrdered [1, 2, 2, 1]
INFORMACIÓN : 6partialityOrdered [1, 2, 2, 1]
INFORMACIÓN : 6arrivalTimes [6.051919847048806, 24.84021407510474, 61.73893432434416, 99.0752437295331]
INFORMACIÓN : 7historia0[0.0, 0.0, 0.0, 0.0, 0.0, 0.0, 784.8332143382477, 263.55771214359856, 0.0, 0.0, 0.0, 801.6252224115889, 785.867550876907, 0.0, 302.07310000523796, 135.26931411500965, 0.0, 266.23783876805976, 0.0, 0.0, 0.0, 794.9420818571133, 0.0, 0.0, 0.0, 0.0, 0.0, 799.7717441531511, 0.0, 149.8820435294797, 0.0, 0.0, 0.0, 0.0, 0.0, 282.39977886202655, 0.0, 0.0, 0.0, 0.0, 0.0, 0.0, 0.0, 0.0, 797.7300409892074, 0.0, 0.0, 0.0, 0.0, 0.0, 0.0, 0.0, 0.0, 0.0, 0.0, 0.0, 805.1249186335946, 0.0, 0.0, 0.0, 266.5519629500154, 0.0, 0.0, 0.0, 0.0, 172.37036719803154, 0.0, 0.0, 762.8723694429821, 0.0, 0.0, 769.2704502614627, 0.0, 0.0, 0.0, 0.0, 0.0, 0.0, 182.48261861163837, 0.0, 0.0, 0.0, 0.0, 0.0, 799.9543431994448, 0.0, 175.1243405582427, 0.0, 0.0, 0.0, 0.0, 0.0, 0.0, 0.0, 43.464475986261505, 0.0, 0.0, 0.0, 0.0, 0.0, 283.6793615076239, 780.1734523239332, 0.0, 0.0, 0.0, 0.0, 0.0, 0.0, 68.3962922326457, 797.9384565460014, 0.0, 0.0, 800.5446380995021, 0.0, 0.0, 270.62482131736704, 0.0, 802.929022782044, 270.9252952756186, 0.0, 0.0, 0.0, 0.0, 0.0, 0.0, 0.0, 0.0, 0.0, 0.0, 0.0, 0.0, 163.42973636043564, 0.0, 789.859592087897, 0.0, 279.53440773063505, 161.67882714477093, 0.0, 0.0, 0.0, 786.8602333654451, 0.0, 0.0, 785.3922286074409, 0.0, 0.0, 0.0, 795.2620646868268, 0.0, 0.0, 0.0, 0.0, 0.0, 0.0, 0.0, 191.7761963890565, 149.07962803381685, 0.0, 0.0, 0.0, 0.0, 803.3008552284512, 0.0, 0.0, 782.9424883820186, 0.0]
INFORMACIÓN : 7apuestaBundle [279.53440773063505, 191.7761963890565, 135.26931411500965, 68.3962922326457]
INFORMACIÓN : 7positionsBundle [560, 478, 2405, 1320]
INFORMACIÓN : 7levelsBundle [2, 1, 1, 2]
INFORMACIÓN : 7positionsOrdered [478, 1320, 560, 2405]
INFORMACIÓN : 7levelsOrdered [1, 2, 2, 1]
INFORMACIÓN : 7partialityOrdered [1, 2, 2, 1]
INFORMACIÓN : 7arrivalTimes [6.051919847048806, 24.84021407510474, 61.73893432434416, 99.0752437295331]
INFORMACIÓN : 8historia0[0.0, 0.0, 0.0, 0.0, 0.0, 0.0, 784.8332143382477, 263.55771214359856, 0.0, 0.0, 0.0, 801.6252224115889, 785.867550876907, 0.0, 302.07310000523796, 135.26931411500965, 0.0, 266.23783876805976, 0.0, 0.0, 0.0, 794.9420818571133, 0.0, 0.0, 0.0, 0.0, 0.0, 799.7717441531511, 0.0, 149.8820435294797, 0.0, 0.0, 0.0, 0.0, 0.0, 282.39977886202655, 0.0, 0.0, 0.0, 0.0, 0.0, 0.0, 0.0, 0.0, 797.7300409892074, 0.0, 0.0, 0.0, 0.0, 0.0, 0.0, 0.0, 0.0, 0.0, 0.0, 0.0, 805.1249186335946, 0.0, 0.0, 0.0, 266.5519629500154, 0.0, 0.0, 0.0, 0.0, 172.37036719803154, 0.0, 0.0, 762.8723694429821, 0.0, 0.0, 769.2704502614627, 0.0, 0.0, 0.0, 0.0, 0.0, 0.0, 182.48261861163837, 0.0, 0.0, 0.0, 0.0, 0.0, 799.9543431994448, 0.0, 175.1243405582427, 0.0, 0.0, 0.0, 0.0, 0.0, 0.0, 0.0, 43.464475986261505, 0.0, 0.0, 0.0, 0.0, 0.0, 283.6793615076239, 780.1734523239332, 0.0, 0.0, 0.0, 0.0, 0.0, 0.0, 68.3962922326457, 797.9384565460014, 0.0, 0.0, 800.5446380995021, 0.0, 0.0, 270.62482131736704, 0.0, 802.929022782044, 270.9252952756186, 0.0, 0.0, 0.0, 0.0, 0.0, 0.0, 0.0, 0.0, 0.0, 0.0, 0.0, 0.0, 163.42973636043564, 0.0, 789.859592087897, 0.0, 279.53440773063505, 161.67882714477093, 0.0, 0.0, 0.0, 786.8602333654451, 0.0, 0.0, 785.3922286074409, 0.0, 0.0, 0.0, 795.2620646868268, 0.0, 0.0, 0.0, 0.0, 0.0, 0.0, 0.0, 191.7761963890565, 149.07962803381685, 0.0, 0.0, 0.0, 0.0, 803.3008552284512, 0.0, 0.0, 782.9424883820186, 0.0]
INFORMACIÓN : 8apuestaBundle [279.53440773063505, 191.7761963890565, 135.26931411500965, 68.3962922326457]
INFORMACIÓN : 8positionsBundle [560, 478, 2405, 1320]
INFORMACIÓN : 8levelsBundle [2, 1, 1, 2]
INFORMACIÓN : 8positionsOrdered [478, 1320, 560, 2405]
INFORMACIÓN : 8levelsOrdered [1, 2, 2, 1]
INFORMACIÓN : 8partialityOrdered [1, 2, 2, 1]
INFORMACIÓN : 8arrivalTimes [6.051919847048806, 24.84021407510474, 61.73893432434416, 99.0752437295331]
INFORMACIÓN : 9historia0[0.0, 0.0, 0.0, 0.0, 0.0, 0.0, 784.8332143382477, 263.55771214359856, 0.0, 0.0, 0.0, 801.6252224115889, 785.867550876907, 0.0, 302.07310000523796, 135.26931411500965, 0.0, 266.23783876805976, 0.0, 0.0, 0.0, 794.9420818571133, 0.0, 0.0, 0.0, 0.0, 0.0, 799.7717441531511, 0.0, 149.8820435294797, 0.0, 0.0, 0.0, 0.0, 0.0, 282.39977886202655, 0.0, 0.0, 0.0, 0.0, 0.0, 0.0, 0.0, 0.0, 797.7300409892074, 0.0, 0.0, 0.0, 0.0, 0.0, 0.0, 0.0, 0.0, 0.0, 0.0, 0.0, 805.1249186335946, 0.0, 0.0, 0.0, 266.5519629500154, 0.0, 0.0, 0.0, 0.0, 172.37036719803154, 0.0, 0.0, 762.8723694429821, 0.0, 0.0, 769.2704502614627, 0.0, 0.0, 0.0, 0.0, 0.0, 0.0, 182.48261861163837, 0.0, 0.0, 0.0, 0.0, 0.0, 799.9543431994448, 0.0, 175.1243405582427, 0.0, 0.0, 0.0, 0.0, 0.0, 0.0, 0.0, 43.464475986261505, 0.0, 0.0, 0.0, 0.0, 0.0, 283.6793615076239, 780.1734523239332, 0.0, 0.0, 0.0, 0.0, 0.0, 0.0, 68.3962922326457, 797.9384565460014, 0.0, 0.0, 800.5446380995021, 0.0, 0.0, 270.62482131736704, 0.0, 802.929022782044, 270.9252952756186, 0.0, 0.0, 0.0, 0.0, 0.0, 0.0, 0.0, 0.0, 0.0, 0.0, 0.0, 0.0, 163.42973636043564, 0.0, 789.859592087897, 0.0, 279.53440773063505, 161.67882714477093, 0.0, 0.0, 0.0, 786.8602333654451, 0.0, 0.0, 785.3922286074409, 0.0, 0.0, 0.0, 795.2620646868268, 0.0, 0.0, 0.0, 0.0, 0.0, 0.0, 0.0, 191.7761963890565, 149.07962803381685, 0.0, 0.0, 0.0, 0.0, 803.3008552284512, 0.0, 0.0, 782.9424883820186, 0.0]
INFORMACIÓN : 9apuestaBundle [279.53440773063505, 191.7761963890565, 135.26931411500965, 68.3962922326457]
INFORMACIÓN : 9positionsBundle [560, 478, 2405, 1320]
INFORMACIÓN : 9levelsBundle [2, 1, 1, 2]
INFORMACIÓN : 9positionsOrdered [478, 1320, 560, 2405]
INFORMACIÓN : 9levelsOrdered [1, 2, 2, 1]
INFORMACIÓN : 9partialityOrdered [1, 2, 2, 1]
INFORMACIÓN : 9arrivalTimes [6.051919847048806, 24.84021407510474, 61.73893432434416, 99.0752437295331]
INFORMACIÓN : 10historia0[0.0, 0.0, 0.0, 0.0, 0.0, 0.0, 784.8332143382477, 263.55771214359856, 0.0, 0.0, 0.0, 801.6252224115889, 785.867550876907, 0.0, 302.07310000523796, 135.26931411500965, 0.0, 266.23783876805976, 0.0, 0.0, 0.0, 794.9420818571133, 0.0, 0.0, 0.0, 373.5288625852052, 0.0, 799.7717441531511, 0.0, 149.8820435294797, 0.0, 337.7996429016567, 0.0, 0.0, 0.0, 282.39977886202655, 0.0, 0.0, 0.0, 0.0, 0.0, 0.0, 0.0, 0.0, 797.7300409892074, 0.0, 337.7996429016567, 0.0, 0.0, 0.0, 0.0, 0.0, 0.0, 0.0, 0.0, 0.0, 805.1249186335946, 0.0, 0.0, 0.0, 266.5519629500154, 0.0, 0.0, 0.0, 0.0, 172.37036719803154, 0.0, 0.0, 762.8723694429821, 0.0, 0.0, 770.9822276906636, 0.0, 0.0, 0.0, 0.0, 0.0, 0.0, 0.0, 0.0, 0.0, 0.0, 0.0, 0.0, 799.9543431994448, 0.0, 175.1243405582427, 0.0, 0.0, 0.0, 0.0, 0.0, 0.0, 0.0, 43.464475986261505, 0.0, 0.0, 0.0, 0.0, 0.0, 0.0, 780.1734523239332, 0.0, 0.0, 0.0, 0.0, 0.0, 0.0, 68.3962922326457, 797.9384565460014, 0.0, 0.0, 800.5446380995021, 0.0, 0.0, 270.62482131736704, 0.0, 802.929022782044, 270.9252952756186, 0.0, 0.0, 0.0, 0.0, 0.0, 0.0, 0.0, 0.0, 0.0, 0.0, 0.0, 0.0, 163.42973636043564, 0.0, 789.859592087897, 0.0, 279.53440773063505, 161.67882714477093, 0.0, 0.0, 0.0, 786.8602333654451, 0.0, 0.0, 795.5759776930736, 0.0, 0.0, 0.0, 795.2620646868268, 0.0, 373.5288625852052, 0.0, 0.0, 0.0, 0.0, 0.0, 191.7761963890565, 149.07962803381685, 0.0, 0.0, 0.0, 0.0, 803.3008552284512, 0.0, 0.0, 782.9424883820186, 0.0]
INFORMACIÓN : 10apuestaBundle [279.53440773063505, 191.7761963890565, 135.26931411500965, 68.3962922326457]
INFORMACIÓN : 10positionsBundle [560, 478, 2405, 1320]
INFORMACIÓN : 10levelsBundle [2, 1, 1, 2]
INFORMACIÓN : 10positionsOrdered [478, 1320, 560, 2405]
INFORMACIÓN : 10levelsOrdered [1, 2, 2, 1]
INFORMACIÓN : 10partialityOrdered [1, 2, 2, 1]
INFORMACIÓN : 10arrivalTimes [6.051919847048806, 24.84021407510474, 61.73893432434416, 99.0752437295331]
INFORMACIÓN : depSat position 560 level 2
INFORMACIÓN : I [IR]; lost Test.myBail@592788f2; POS 560; sensors [AB]; level 2 I paid 279.53440773063505in favour ofnull paid 279.53440773063505
INFORMACIÓN : 11historia0[0.0, 0.0, 0.0, 0.0, 0.0, 0.0, 784.8332143382477, 281.1104285812876, 0.0, 0.0, 0.0, 801.6252224115889, 785.867550876907, 0.0, 302.4942682176181, 0.0, 0.0, 266.23783876805976, 0.0, 0.0, 0.0, 794.9420818571133, 0.0, 0.0, 0.0, 0.0, 0.0, 799.7717441531511, 0.0, 0.0, 0.0, 0.0, 0.0, 0.0, 0.0, 282.39977886202655, 0.0, 0.0, 0.0, 0.0, 0.0, 0.0, 0.0, 0.0, 797.7300409892074, 0.0, 0.0, 0.0, 0.0, 0.0, 0.0, 0.0, 0.0, 0.0, 0.0, 0.0, 805.1249186335946, 0.0, 0.0, 0.0, 266.5519629500154, 0.0, 0.0, 0.0, 0.0, 172.37036719803154, 0.0, 65.72234357122284, 763.0346363754697, 0.0, 0.0, 770.9822276906636, 0.0, 0.0, 0.0, 0.0, 0.0, 0.0, 0.0, 0.0, 0.0, 0.0, 0.0, 0.0, 799.9543431994448, 0.0, 175.1243405582427, 0.0, 0.0, 0.0, 0.0, 0.0, 0.0, 0.0, 43.464475986261505, 0.0, 0.0, 0.0, 0.0, 0.0, 266.962721098625, 780.1734523239332, 0.0, 0.0, 0.0, 0.0, 0.0, 0.0, 0.0, 797.9384565460014, 0.0, 0.0, 800.5446380995021, 0.0, 0.0, 270.62482131736704, 0.0, 802.929022782044, 269.7734244801211, 0.0, 0.0, 0.0, 38.474204435825776, 0.0, 0.0, 0.0, 0.0, 0.0, 0.0, 0.0, 0.0, 163.42973636043564, 0.0, 789.859592087897, 0.0, 0.0, 161.67882714477093, 0.0, 0.0, 0.0, 786.8602333654451, 0.0, 0.0, 795.5759776930736, 0.0, 0.0, 0.0, 795.2620646868268, 0.0, 0.0, 0.0, 0.0, 0.0, 0.0, 0.0, 0.0, 149.07962803381685, 0.0, 0.0, 0.0, 0.0, 803.3008552284512, 0.0, 0.0, 782.9424883820186, 0.0]
INFORMACIÓN : 11apuestaBundle [799.9196471628939, 742.1904109555826, 280.21667091743416, 193.22226832121703, 157.35832187617103]
INFORMACIÓN : 11positionsBundle [575, 1640, 560, 478, 1200]
INFORMACIÓN : 11levelsBundle [3, 3, 2, 1, 1]
INFORMACIÓN : 11positionsOrdered [478, 1640, 575, 560, 1200]
INFORMACIÓN : 11levelsOrdered [1, 3, 3, 2, 1]
INFORMACIÓN : 11partialityOrdered [1, 3, 3, 2, 1]
INFORMACIÓN : 11arrivalTimes [6.051919847048806, 55.830488911897454, 86.39040033304944, 101.39040033304944, 117.79161979990617]
INFORMACIÓN : I [IR]; lost Test.myBail@f1236f4; POS 575; sensors [AB, MW]; level 3 I paid 799.9196471628939in favour ofnull paid 0.0
INFORMACIÓN : 12historia0[0.0, 0.0, 0.0, 0.0, 0.0, 0.0, 784.995867773916, 0.0, 0.0, 0.0, 0.0, 801.6252224115889, 785.867550876907, 0.0, 302.4942682176181, 0.0, 0.0, 282.9820951404827, 0.0, 158.7374932503, 0.0, 794.9420818571133, 0.0, 0.0, 0.0, 0.0, 293.10683759534896, 799.7717441531511, 0.0, 0.0, 0.0, 0.0, 0.0, 0.0, 0.0, 0.0, 0.0, 0.0, 0.0, 0.0, 0.0, 0.0, 0.0, 0.0, 797.7300409892074, 0.0, 0.0, 0.0, 0.0, 60.543667780917986, 0.0, 179.79592404730246, 0.0, 0.0, 0.0, 0.0, 805.1249186335946, 0.0, 0.0, 0.0, 266.5519629500154, 0.0, 0.0, 0.0, 0.0, 172.37036719803154, 0.0, 0.0, 763.0346363754697, 0.0, 0.0, 770.9822276906636, 0.0, 0.0, 0.0, 0.0, 0.0, 0.0, 0.0, 0.0, 0.0, 0.0, 0.0, 0.0, 799.9543431994448, 0.0, 175.1243405582427, 0.0, 0.0, 0.0, 273.86641210416263, 0.0, 0.0, 0.0, 0.0, 0.0, 0.0, 0.0, 0.0, 0.0, 266.962721098625, 780.2546913074518, 0.0, 0.0, 0.0, 0.0, 0.0, 0.0, 0.0, 797.9384565460014, 0.0, 0.0, 800.5446380995021, 0.0, 0.0, 0.0, 0.0, 802.929022782044, 0.0, 0.0, 0.0, 0.0, 0.0, 0.0, 0.0, 67.03384747277153, 0.0, 0.0, 0.0, 0.0, 0.0, 0.0, 0.0, 789.859592087897, 0.0, 0.0, 0.0, 0.0, 0.0, 0.0, 786.8602333654451, 0.0, 0.0, 795.5759776930736, 0.0, 0.0, 0.0, 0.0, 0.0, 0.0, 0.0, 0.0, 0.0, 0.0, 0.0, 0.0, 0.0, 0.0, 0.0, 0.0, 0.0, 803.3008552284512, 268.3498359229148, 0.0, 782.9424883820186, 0.0]
INFORMACIÓN : 12apuestaBundle [799.9196471628939, 742.2716899963821, 275.8198670827761, 193.22226832121703, 156.48664173293628]
INFORMACIÓN : 12positionsBundle [575, 1640, 987, 478, 1200]
INFORMACIÓN : 12levelsBundle [3, 3, 2, 1, 1]
INFORMACIÓN : 12positionsOrdered [478, 1640, 575, 987, 1200]
INFORMACIÓN : 12levelsOrdered [1, 3, 3, 2, 1]
INFORMACIÓN : 12partialityOrdered [1, 3, 3, 2, 1]
INFORMACIÓN : 12arrivalTimes [6.051919847048806, 53.830488911897454, 86.39040033304944, 101.25975703830004, 138.59606644348898]
INFORMACIÓN : 13historia0[0.0, 0.0, 0.0, 0.0, 0.0, 0.0, 784.995867773916, 0.0, 0.0, 0.0, 0.0, 801.6252224115889, 785.867550876907, 0.0, 302.4942682176181, 0.0, 0.0, 282.9820951404827, 0.0, 0.0, 0.0, 794.9420818571133, 0.0, 742.2716899963821, 0.0, 0.0, 293.10683759534896, 799.7717441531511, 0.0, 145.57889733348458, 0.0, 0.0, 0.0, 0.0, 0.0, 275.8198670827761, 65.24304403750125, 0.0, 0.0, 0.0, 0.0, 0.0, 0.0, 0.0, 797.7300409892074, 0.0, 0.0, 0.0, 0.0, 60.543667780917986, 0.0, 0.0, 0.0, 0.0, 0.0, 0.0, 805.1249186335946, 0.0, 0.0, 0.0, 266.5519629500154, 0.0, 0.0, 0.0, 0.0, 172.37036719803154, 0.0, 0.0, 763.0346363754697, 0.0, 0.0, 770.9822276906636, 0.0, 0.0, 0.0, 0.0, 0.0, 0.0, 163.2557347899599, 0.0, 0.0, 0.0, 0.0, 0.0, 799.9543431994448, 0.0, 175.1243405582427, 0.0, 0.0, 0.0, 273.86641210416263, 0.0, 0.0, 0.0, 0.0, 0.0, 0.0, 0.0, 0.0, 0.0, 0.0, 780.2546913074518, 0.0, 0.0, 0.0, 0.0, 65.24304403750125, 0.0, 67.25512055946052, 797.9384565460014, 0.0, 0.0, 800.5446380995021, 0.0, 0.0, 248.99064370069803, 0.0, 802.929022782044, 0.0, 0.0, 0.0, 0.0, 0.0, 0.0, 0.0, 67.03384747277153, 0.0, 0.0, 0.0, 0.0, 0.0, 124.30313104337039, 0.0, 789.859592087897, 0.0, 0.0, 138.13855656595493, 0.0, 0.0, 0.0, 786.8602333654451, 0.0, 0.0, 795.5759776930736, 0.0, 0.0, 0.0, 799.9196471628939, 0.0, 0.0, 0.0, 0.0, 0.0, 0.0, 0.0, 193.22226832121703, 156.48664173293628, 0.0, 0.0, 0.0, 0.0, 803.3008552284512, 268.3498359229148, 0.0, 782.9424883820186, 0.0]
INFORMACIÓN : 13apuestaBundle [799.9196471628939, 742.2716899963821, 275.8198670827761, 193.22226832121703, 156.48664173293628]
INFORMACIÓN : 13positionsBundle [575, 1640, 987, 478, 1200]
INFORMACIÓN : 13levelsBundle [3, 3, 2, 1, 1]
INFORMACIÓN : 13positionsOrdered [478, 1640, 575, 987, 1200]
INFORMACIÓN : 13levelsOrdered [1, 3, 3, 2, 1]
INFORMACIÓN : 13partialityOrdered [1, 3, 3, 2, 1]
INFORMACIÓN : 13arrivalTimes [6.051919847048806, 53.830488911897454, 86.39040033304944, 101.25975703830004, 138.59606644348898]
INFORMACIÓN : 14historia0[0.0, 0.0, 0.0, 0.0, 0.0, 0.0, 784.995867773916, 0.0, 0.0, 0.0, 0.0, 801.6252224115889, 785.867550876907, 0.0, 302.4942682176181, 0.0, 0.0, 282.9820951404827, 0.0, 0.0, 0.0, 794.9420818571133, 0.0, 742.2716899963821, 0.0, 0.0, 293.10683759534896, 799.7717441531511, 0.0, 145.57889733348458, 0.0, 0.0, 0.0, 0.0, 0.0, 275.8198670827761, 65.24304403750125, 0.0, 0.0, 0.0, 0.0, 0.0, 0.0, 0.0, 797.7300409892074, 0.0, 0.0, 0.0, 0.0, 60.543667780917986, 0.0, 0.0, 0.0, 0.0, 0.0, 0.0, 805.1249186335946, 0.0, 0.0, 0.0, 266.5519629500154, 0.0, 0.0, 0.0, 0.0, 172.37036719803154, 0.0, 0.0, 763.0346363754697, 0.0, 0.0, 770.9822276906636, 0.0, 0.0, 0.0, 0.0, 0.0, 0.0, 163.2557347899599, 0.0, 0.0, 0.0, 0.0, 0.0, 799.9543431994448, 0.0, 175.1243405582427, 0.0, 0.0, 0.0, 273.86641210416263, 0.0, 0.0, 0.0, 0.0, 0.0, 0.0, 0.0, 0.0, 0.0, 252.00324513288638, 780.2546913074518, 0.0, 0.0, 0.0, 0.0, 65.24304403750125, 0.0, 67.25512055946052, 797.9384565460014, 0.0, 0.0, 800.5446380995021, 0.0, 0.0, 248.99064370069803, 0.0, 802.929022782044, 0.0, 0.0, 0.0, 0.0, 0.0, 0.0, 0.0, 0.0, 0.0, 0.0, 0.0, 0.0, 0.0, 124.30313104337039, 0.0, 789.859592087897, 0.0, 0.0, 0.0, 0.0, 0.0, 0.0, 786.8602333654451, 0.0, 0.0, 795.5759776930736, 0.0, 0.0, 0.0, 799.9196471628939, 0.0, 0.0, 0.0, 0.0, 0.0, 0.0, 0.0, 193.22226832121703, 156.48664173293628, 0.0, 0.0, 0.0, 0.0, 803.3008552284512, 268.3498359229148, 0.0, 782.9424883820186, 0.0]
INFORMACIÓN : 14apuestaBundle [799.9196471628939, 742.2716899963821, 275.8198670827761, 193.22226832121703, 156.48664173293628]
INFORMACIÓN : 14positionsBundle [575, 1640, 987, 478, 1200]
INFORMACIÓN : 14levelsBundle [3, 3, 2, 1, 1]
INFORMACIÓN : 14positionsOrdered [478, 1640, 575, 987, 1200]
INFORMACIÓN : 14levelsOrdered [1, 3, 3, 2, 1]
INFORMACIÓN : 14partialityOrdered [1, 3, 3, 2, 1]
INFORMACIÓN : 14arrivalTimes [6.051919847048806, 53.830488911897454, 86.39040033304944, 101.25975703830004, 138.59606644348898]
INFORMACIÓN : 15historia0[0.0, 0.0, 0.0, 0.0, 0.0, 0.0, 784.995867773916, 0.0, 0.0, 0.0, 0.0, 801.6252224115889, 785.867550876907, 0.0, 302.4942682176181, 0.0, 0.0, 282.9820951404827, 0.0, 0.0, 0.0, 794.9420818571133, 0.0, 742.2716899963821, 0.0, 0.0, 293.10683759534896, 799.7717441531511, 0.0, 145.57889733348458, 0.0, 0.0, 0.0, 0.0, 0.0, 275.8198670827761, 0.0, 0.0, 0.0, 0.0, 0.0, 0.0, 0.0, 0.0, 797.7300409892074, 0.0, 0.0, 0.0, 0.0, 60.543667780917986, 0.0, 0.0, 0.0, 0.0, 0.0, 0.0, 805.1249186335946, 0.0, 0.0, 0.0, 266.5519629500154, 0.0, 0.0, 0.0, 0.0, 172.37036719803154, 0.0, 0.0, 763.0346363754697, 0.0, 0.0, 770.9822276906636, 0.0, 0.0, 0.0, 0.0, 0.0, 0.0, 163.2557347899599, 0.0, 0.0, 0.0, 0.0, 0.0, 799.9543431994448, 0.0, 175.1243405582427, 0.0, 0.0, 0.0, 273.86641210416263, 0.0, 0.0, 0.0, 0.0, 0.0, 0.0, 0.0, 0.0, 0.0, 252.00324513288638, 780.2546913074518, 0.0, 0.0, 0.0, 0.0, 0.0, 0.0, 67.25512055946052, 797.9384565460014, 0.0, 0.0, 800.5446380995021, 0.0, 0.0, 248.99064370069803, 0.0, 802.929022782044, 0.0, 0.0, 0.0, 0.0, 0.0, 0.0, 0.0, 0.0, 0.0, 0.0, 0.0, 0.0, 0.0, 124.30313104337039, 0.0, 789.859592087897, 0.0, 0.0, 0.0, 0.0, 0.0, 0.0, 786.8602333654451, 0.0, 0.0, 795.5759776930736, 0.0, 0.0, 0.0, 799.9196471628939, 0.0, 0.0, 0.0, 0.0, 0.0, 0.0, 0.0, 193.22226832121703, 156.48664173293628, 0.0, 0.0, 0.0, 0.0, 803.3008552284512, 268.3498359229148, 0.0, 782.9424883820186, 0.0]
INFORMACIÓN : 15apuestaBundle [799.9196471628939, 742.2716899963821, 275.8198670827761, 193.22226832121703, 156.48664173293628]
INFORMACIÓN : 15positionsBundle [575, 1640, 987, 478, 1200]
INFORMACIÓN : 15levelsBundle [3, 3, 2, 1, 1]
INFORMACIÓN : 15positionsOrdered [478, 1640, 575, 987, 1200]
INFORMACIÓN : 15levelsOrdered [1, 3, 3, 2, 1]
INFORMACIÓN : 15partialityOrdered [1, 3, 3, 2, 1]
INFORMACIÓN : 15arrivalTimes [6.051919847048806, 53.830488911897454, 86.39040033304944, 101.25975703830004, 138.59606644348898]
INFORMACIÓN : 16historia0[0.0, 0.0, 0.0, 0.0, 0.0, 0.0, 784.995867773916, 0.0, 0.0, 0.0, 0.0, 801.6252224115889, 785.867550876907, 0.0, 302.4942682176181, 0.0, 0.0, 282.9820951404827, 0.0, 0.0, 0.0, 794.9420818571133, 0.0, 742.2716899963821, 0.0, 0.0, 293.10683759534896, 799.7717441531511, 0.0, 145.57889733348458, 0.0, 0.0, 0.0, 0.0, 0.0, 275.8198670827761, 0.0, 0.0, 0.0, 0.0, 0.0, 0.0, 0.0, 0.0, 797.7300409892074, 0.0, 0.0, 0.0, 0.0, 60.543667780917986, 0.0, 0.0, 0.0, 0.0, 0.0, 0.0, 805.1249186335946, 0.0, 0.0, 0.0, 266.5519629500154, 0.0, 0.0, 0.0, 0.0, 172.37036719803154, 0.0, 0.0, 763.0346363754697, 0.0, 0.0, 770.9822276906636, 0.0, 0.0, 0.0, 0.0, 0.0, 0.0, 163.2557347899599, 0.0, 0.0, 0.0, 0.0, 0.0, 799.9543431994448, 0.0, 175.1243405582427, 0.0, 0.0, 0.0, 273.86641210416263, 0.0, 0.0, 0.0, 0.0, 0.0, 0.0, 0.0, 0.0, 0.0, 252.00324513288638, 780.2546913074518, 0.0, 0.0, 0.0, 0.0, 0.0, 0.0, 67.25512055946052, 797.9384565460014, 0.0, 0.0, 800.5446380995021, 0.0, 0.0, 248.99064370069803, 0.0, 802.929022782044, 0.0, 0.0, 0.0, 0.0, 0.0, 0.0, 0.0, 0.0, 0.0, 0.0, 0.0, 0.0, 0.0, 124.30313104337039, 0.0, 789.859592087897, 0.0, 0.0, 0.0, 0.0, 0.0, 0.0, 786.8602333654451, 0.0, 0.0, 795.5759776930736, 0.0, 0.0, 0.0, 799.9196471628939, 0.0, 0.0, 0.0, 0.0, 0.0, 0.0, 0.0, 193.22226832121703, 156.48664173293628, 0.0, 0.0, 0.0, 0.0, 803.3008552284512, 268.3498359229148, 0.0, 782.9424883820186, 0.0]
INFORMACIÓN : 16apuestaBundle [799.9196471628939, 742.2716899963821, 275.8198670827761, 193.22226832121703, 156.48664173293628]
INFORMACIÓN : 16positionsBundle [575, 1640, 987, 478, 1200]
INFORMACIÓN : 16levelsBundle [3, 3, 2, 1, 1]
INFORMACIÓN : 16positionsOrdered [478, 1640, 575, 987, 1200]
INFORMACIÓN : 16levelsOrdered [1, 3, 3, 2, 1]
INFORMACIÓN : 16partialityOrdered [1, 3, 3, 2, 1]
INFORMACIÓN : 16arrivalTimes [6.051919847048806, 53.830488911897454, 86.39040033304944, 101.25975703830004, 138.59606644348898]
INFORMACIÓN : 17historia1[0.0, 0.0, 0.0, 0.0, 0.0, 0.0, 784.995867773916, 0.0, 0.0, 0.0, 0.0, 801.6252224115889, 785.867550876907, 0.0, 302.4942682176181, 0.0, 0.0, 282.9820951404827, 0.0, 0.0, 0.0, 794.9420818571133, 0.0, 742.2716899963821, 0.0, 0.0, 293.10683759534896, 799.7717441531511, 0.0, 145.57889733348458, 0.0, 0.0, 0.0, 0.0, 0.0, 275.8198670827761, 0.0, 0.0, 0.0, 0.0, 0.0, 0.0, 0.0, 0.0, 797.7300409892074, 0.0, 0.0, 0.0, 0.0, 60.543667780917986, 0.0, 0.0, 0.0, 0.0, 0.0, 0.0, 805.1249186335946, 0.0, 0.0, 0.0, 266.5519629500154, 0.0, 0.0, 0.0, 0.0, 172.37036719803154, 0.0, 0.0, 763.0346363754697, 0.0, 0.0, 770.9822276906636, 0.0, 0.0, 0.0, 0.0, 0.0, 0.0, 163.2557347899599, 0.0, 0.0, 0.0, 0.0, 0.0, 799.9543431994448, 0.0, 175.1243405582427, 0.0, 0.0, 0.0, 273.86641210416263, 0.0, 0.0, 0.0, 0.0, 0.0, 0.0, 0.0, 0.0, 0.0, 252.00324513288638, 780.2546913074518, 0.0, 0.0, 0.0, 0.0, 0.0, 0.0, 67.25512055946052, 797.9384565460014, 0.0, 0.0, 800.5446380995021, 0.0, 0.0, 248.99064370069803, 0.0, 802.929022782044, 0.0, 0.0, 0.0, 0.0, 0.0, 0.0, 0.0, 0.0, 0.0, 0.0, 0.0, 0.0, 0.0, 124.30313104337039, 0.0, 789.859592087897, 0.0, 0.0, 0.0, 0.0, 0.0, 0.0, 786.8602333654451, 0.0, 0.0, 795.5759776930736, 0.0, 0.0, 0.0, 799.9196471628939, 0.0, 0.0, 0.0, 0.0, 0.0, 0.0, 0.0, 193.22226832121703, 156.48664173293628, 0.0, 0.0, 0.0, 0.0, 803.3008552284512, 268.3498359229148, 0.0, 782.9424883820186, 0.0]
INFORMACIÓN : 17apuestaBundle [799.9196471628939, 742.2716899963821, 275.8198670827761, 193.22226832121703, 156.48664173293628]
INFORMACIÓN : 17positionsBundle [575, 1640, 987, 478, 1200]
INFORMACIÓN : 17levelsBundle [3, 3, 2, 1, 1]
INFORMACIÓN : 17positionsOrdered [478, 1640, 575, 987, 1200]
INFORMACIÓN : 17levelsOrdered [1, 3, 3, 2, 1]
INFORMACIÓN : 17partialityOrdered [1, 3, 3, 2, 1]
INFORMACIÓN : 17arrivalTimes [6.051919847048806, 53.830488911897454, 86.39040033304944, 101.25975703830004, 138.59606644348898]
INFORMACIÓN : 18historia2[0.0, 0.0, 0.0, 0.0, 0.0, 0.0, 784.995867773916, 0.0, 0.0, 0.0, 0.0, 801.6252224115889, 785.867550876907, 0.0, 302.4942682176181, 0.0, 0.0, 282.9820951404827, 0.0, 0.0, 0.0, 794.9420818571133, 0.0, 742.2716899963821, 0.0, 0.0, 293.10683759534896, 799.7717441531511, 0.0, 145.57889733348458, 0.0, 0.0, 0.0, 0.0, 0.0, 275.8198670827761, 0.0, 0.0, 0.0, 0.0, 0.0, 0.0, 0.0, 0.0, 797.7300409892074, 0.0, 0.0, 0.0, 0.0, 60.543667780917986, 0.0, 0.0, 0.0, 0.0, 0.0, 0.0, 805.1249186335946, 0.0, 0.0, 0.0, 266.5519629500154, 0.0, 0.0, 0.0, 0.0, 172.37036719803154, 0.0, 0.0, 763.0346363754697, 0.0, 0.0, 770.9822276906636, 0.0, 0.0, 0.0, 0.0, 0.0, 0.0, 163.2557347899599, 0.0, 0.0, 0.0, 0.0, 0.0, 799.9543431994448, 0.0, 175.1243405582427, 0.0, 0.0, 0.0, 273.86641210416263, 0.0, 0.0, 0.0, 0.0, 0.0, 0.0, 0.0, 0.0, 0.0, 252.00324513288638, 780.2546913074518, 0.0, 0.0, 0.0, 0.0, 0.0, 0.0, 67.25512055946052, 797.9384565460014, 0.0, 0.0, 800.5446380995021, 0.0, 0.0, 248.99064370069803, 0.0, 802.929022782044, 0.0, 0.0, 0.0, 0.0, 0.0, 0.0, 0.0, 0.0, 0.0, 0.0, 0.0, 0.0, 0.0, 124.30313104337039, 0.0, 789.859592087897, 0.0, 0.0, 0.0, 0.0, 0.0, 0.0, 786.8602333654451, 0.0, 0.0, 795.5759776930736, 0.0, 0.0, 0.0, 799.9196471628939, 0.0, 0.0, 0.0, 0.0, 0.0, 0.0, 0.0, 193.22226832121703, 156.48664173293628, 0.0, 0.0, 0.0, 0.0, 803.3008552284512, 268.3498359229148, 0.0, 782.9424883820186, 0.0]
INFORMACIÓN : 18apuestaBundle [799.9196471628939, 742.2716899963821, 275.8198670827761, 193.22226832121703, 156.48664173293628]
INFORMACIÓN : 18positionsBundle [575, 1640, 987, 478, 1200]
INFORMACIÓN : 18levelsBundle [3, 3, 2, 1, 1]
INFORMACIÓN : 18positionsOrdered [478, 1640, 575, 987, 1200]
INFORMACIÓN : 18levelsOrdered [1, 3, 3, 2, 1]
INFORMACIÓN : 18partialityOrdered [1, 3, 3, 2, 1]
INFORMACIÓN : 18arrivalTimes [6.051919847048806, 53.830488911897454, 86.39040033304944, 101.25975703830004, 138.59606644348898]
INFORMACIÓN : 19historia3[0.0, 0.0, 0.0, 0.0, 0.0, 0.0, 784.995867773916, 0.0, 0.0, 0.0, 0.0, 801.6252224115889, 785.867550876907, 0.0, 302.4942682176181, 0.0, 0.0, 282.9820951404827, 0.0, 0.0, 0.0, 794.9420818571133, 0.0, 742.2716899963821, 0.0, 0.0, 293.10683759534896, 799.7717441531511, 0.0, 145.57889733348458, 0.0, 337.7996429016567, 0.0, 0.0, 0.0, 275.8198670827761, 0.0, 0.0, 0.0, 0.0, 0.0, 0.0, 0.0, 0.0, 797.7300409892074, 0.0, 337.7996429016567, 0.0, 0.0, 60.543667780917986, 0.0, 0.0, 0.0, 0.0, 0.0, 0.0, 805.1249186335946, 0.0, 0.0, 0.0, 266.5519629500154, 0.0, 0.0, 0.0, 0.0, 172.37036719803154, 0.0, 0.0, 763.0346363754697, 0.0, 0.0, 770.9822276906636, 0.0, 0.0, 0.0, 0.0, 0.0, 0.0, 163.2557347899599, 0.0, 0.0, 0.0, 0.0, 0.0, 799.9543431994448, 0.0, 175.1243405582427, 0.0, 0.0, 0.0, 273.86641210416263, 0.0, 0.0, 0.0, 0.0, 0.0, 0.0, 0.0, 0.0, 0.0, 252.00324513288638, 780.2546913074518, 0.0, 0.0, 0.0, 0.0, 0.0, 0.0, 67.25512055946052, 797.9384565460014, 0.0, 0.0, 800.5446380995021, 0.0, 0.0, 248.99064370069803, 0.0, 802.929022782044, 0.0, 0.0, 0.0, 0.0, 0.0, 0.0, 0.0, 0.0, 0.0, 0.0, 0.0, 0.0, 0.0, 124.30313104337039, 0.0, 789.859592087897, 0.0, 0.0, 0.0, 0.0, 0.0, 0.0, 786.8602333654451, 0.0, 0.0, 795.7387105180453, 0.0, 0.0, 0.0, 799.9196471628939, 0.0, 341.9818734446887, 0.0, 0.0, 0.0, 0.0, 0.0, 193.22226832121703, 156.48664173293628, 0.0, 0.0, 0.0, 0.0, 803.3008552284512, 268.3498359229148, 0.0, 782.9424883820186, 0.0]
INFORMACIÓN : 19apuestaBundle [799.9196471628939, 742.2716899963821, 275.8198670827761, 193.22226832121703, 156.48664173293628]
INFORMACIÓN : 19positionsBundle [575, 1640, 987, 478, 1200]
INFORMACIÓN : 19levelsBundle [3, 3, 2, 1, 1]
INFORMACIÓN : 19positionsOrdered [478, 1640, 575, 987, 1200]
INFORMACIÓN : 19levelsOrdered [1, 3, 3, 2, 1]
INFORMACIÓN : 19partialityOrdered [1, 3, 3, 2, 1]
INFORMACIÓN : 19arrivalTimes [6.051919847048806, 53.830488911897454, 86.39040033304944, 101.25975703830004, 138.59606644348898]
INFORMACIÓN : 20historia0[0.0, 0.0, 0.0, 0.0, 0.0, 0.0, 784.995867773916, 0.0, 0.0, 0.0, 0.0, 801.6252224115889, 785.867550876907, 0.0, 0.0, 0.0, 0.0, 282.9820951404827, 0.0, 158.7374932503, 0.0, 794.9420818571133, 0.0, 742.2716899963821, 0.0, 0.0, 293.10683759534896, 799.7717441531511, 0.0, 0.0, 0.0, 0.0, 0.0, 0.0, 0.0, 275.8198670827761, 0.0, 0.0, 0.0, 0.0, 0.0, 0.0, 0.0, 0.0, 797.7300409892074, 0.0, 0.0, 0.0, 0.0, 74.51953366847852, 0.0, 179.79592404730246, 0.0, 0.0, 0.0, 0.0, 805.1249186335946, 0.0, 0.0, 0.0, 0.0, 0.0, 0.0, 0.0, 0.0, 172.37036719803154, 0.0, 0.0, 763.0346363754697, 0.0, 0.0, 770.9822276906636, 0.0, 0.0, 0.0, 0.0, 0.0, 0.0, 0.0, 0.0, 0.0, 0.0, 0.0, 0.0, 799.9543431994448, 0.0, 175.1243405582427, 0.0, 0.0, 0.0, 273.86641210416263, 0.0, 0.0, 0.0, 0.0, 0.0, 0.0, 0.0, 0.0, 0.0, 0.0, 780.2546913074518, 0.0, 0.0, 0.0, 0.0, 0.0, 0.0, 67.25512055946052, 797.9384565460014, 0.0, 0.0, 800.5446380995021, 0.0, 0.0, 0.0, 0.0, 802.929022782044, 0.0, 0.0, 0.0, 0.0, 0.0, 0.0, 0.0, 0.0, 0.0, 0.0, 0.0, 0.0, 0.0, 124.30313104337039, 0.0, 789.859592087897, 0.0, 0.0, 0.0, 0.0, 0.0, 0.0, 786.8602333654451, 0.0, 0.0, 795.7387105180453, 0.0, 0.0, 0.0, 799.9196471628939, 0.0, 0.0, 0.0, 0.0, 0.0, 0.0, 0.0, 193.22226832121703, 156.48664173293628, 0.0, 0.0, 0.0, 0.0, 803.3008552284512, 268.3498359229148, 77.79432571213556, 782.9424883820186, 0.0]
INFORMACIÓN : 20apuestaBundle [799.9196471628939, 742.2716899963821, 275.8198670827761, 193.22226832121703, 156.48664173293628]
INFORMACIÓN : 20positionsBundle [575, 1640, 987, 478, 1200]
INFORMACIÓN : 20levelsBundle [3, 3, 2, 1, 1]
INFORMACIÓN : 20positionsOrdered [478, 1640, 575, 987, 1200]
INFORMACIÓN : 20levelsOrdered [1, 3, 3, 2, 1]
INFORMACIÓN : 20partialityOrdered [1, 3, 3, 2, 1]
INFORMACIÓN : 20arrivalTimes [6.051919847048806, 53.830488911897454, 86.39040033304944, 101.25975703830004, 138.59606644348898]
INFORMACIÓN : 21historia0[0.0, 0.0, 0.0, 0.0, 0.0, 0.0, 784.995867773916, 0.0, 0.0, 0.0, 0.0, 801.6252224115889, 785.867550876907, 0.0, 268.5057149463005, 0.0, 0.0, 0.0, 0.0, 158.7374932503, 0.0, 794.9420818571133, 0.0, 742.2716899963821, 0.0, 0.0, 252.6907791217809, 799.7717441531511, 0.0, 0.0, 0.0, 0.0, 0.0, 0.0, 0.0, 275.8198670827761, 0.0, 0.0, 0.0, 0.0, 0.0, 0.0, 0.0, 0.0, 797.7300409892074, 42.84927573064435, 0.0, 0.0, 0.0, 74.51953366847852, 0.0, 179.79592404730246, 0.0, 0.0, 0.0, 0.0, 805.1249186335946, 0.0, 0.0, 0.0, 266.15820842451467, 0.0, 0.0, 0.0, 90.4411405389961, 172.37036719803154, 0.0, 0.0, 763.0346363754697, 0.0, 0.0, 770.9822276906636, 0.0, 0.0, 0.0, 0.0, 0.0, 0.0, 0.0, 0.0, 0.0, 0.0, 0.0, 0.0, 799.9543431994448, 0.0, 175.1243405582427, 0.0, 0.0, 0.0, 0.0, 0.0, 0.0, 0.0, 0.0, 0.0, 0.0, 0.0, 0.0, 0.0, 0.0, 780.2546913074518, 0.0, 0.0, 0.0, 0.0, 0.0, 0.0, 0.0, 797.9384565460014, 0.0, 0.0, 800.5446380995021, 0.0, 0.0, 270.62482131736704, 0.0, 802.929022782044, 0.0, 0.0, 0.0, 0.0, 0.0, 0.0, 0.0, 0.0, 0.0, 0.0, 0.0, 0.0, 0.0, 0.0, 0.0, 789.859592087897, 0.0, 0.0, 145.24508413393403, 0.0, 0.0, 0.0, 786.8602333654451, 0.0, 0.0, 795.7387105180453, 0.0, 0.0, 0.0, 799.9196471628939, 0.0, 0.0, 0.0, 0.0, 0.0, 0.0, 0.0, 193.22226832121703, 156.48664173293628, 0.0, 0.0, 0.0, 0.0, 803.3008552284512, 0.0, 77.79432571213556, 782.9424883820186, 0.0]
INFORMACIÓN : 21apuestaBundle [799.9196471628939, 742.2716899963821, 275.8198670827761, 193.22226832121703, 156.48664173293628]
INFORMACIÓN : 21positionsBundle [575, 1640, 987, 478, 1200]
INFORMACIÓN : 21levelsBundle [3, 3, 2, 1, 1]
INFORMACIÓN : 21positionsOrdered [478, 1640, 575, 987, 1200]
INFORMACIÓN : 21levelsOrdered [1, 3, 3, 2, 1]
INFORMACIÓN : 21partialityOrdered [1, 3, 3, 2, 1]
INFORMACIÓN : 21arrivalTimes [6.051919847048806, 53.830488911897454, 86.39040033304944, 101.25975703830004, 138.59606644348898]
INFORMACIÓN : I [IR]; lost Test.myBail@4ff6cddd; POS 1640; sensors [AB, MW]; level 3 I paid 742.2716899963821in favour of45@(myturtles,myturtles,bug)@MK-18429 paid 763.1151765518227
INFORMACIÓN : 22historia0[0.0, 0.0, 0.0, 0.0, 0.0, 0.0, 784.995867773916, 0.0, 0.0, 67.32983608009029, 0.0, 801.6252224115889, 785.867550876907, 0.0, 268.5057149463005, 0.0, 0.0, 260.50955674802043, 0.0, 158.7374932503, 0.0, 794.9420818571133, 0.0, 763.1151765518227, 0.0, 0.0, 0.0, 799.7717441531511, 0.0, 0.0, 0.0, 0.0, 0.0, 0.0, 0.0, 0.0, 0.0, 0.0, 0.0, 0.0, 0.0, 0.0, 22.84193216829641, 0.0, 797.7300409892074, 0.0, 0.0, 0.0, 0.0, 74.51953366847852, 0.0, 179.79592404730246, 0.0, 0.0, 0.0, 0.0, 805.1249186335946, 0.0, 0.0, 0.0, 266.15820842451467, 0.0, 0.0, 0.0, 0.0, 172.37036719803154, 0.0, 0.0, 763.0346363754697, 0.0, 0.0, 770.9822276906636, 0.0, 0.0, 0.0, 0.0, 0.0, 0.0, 0.0, 0.0, 0.0, 22.84193216829641, 0.0, 0.0, 799.9543431994448, 0.0, 175.1243405582427, 0.0, 0.0, 0.0, 0.0, 0.0, 0.0, 0.0, 0.0, 0.0, 0.0, 0.0, 0.0, 0.0, 0.0, 780.2546913074518, 0.0, 0.0, 0.0, 0.0, 0.0, 0.0, 0.0, 797.9384565460014, 0.0, 0.0, 800.5446380995021, 0.0, 0.0, 270.62482131736704, 0.0, 802.929022782044, 0.0, 0.0, 0.0, 0.0, 38.474204435825776, 0.0, 0.0, 0.0, 0.0, 0.0, 0.0, 0.0, 0.0, 159.44712990771995, 0.0, 789.859592087897, 0.0, 0.0, 161.67882714477093, 0.0, 0.0, 0.0, 786.8602333654451, 0.0, 0.0, 795.7387105180453, 0.0, 0.0, 0.0, 799.9196471628939, 0.0, 0.0, 0.0, 0.0, 0.0, 0.0, 0.0, 0.0, 0.0, 0.0, 0.0, 0.0, 0.0, 803.3008552284512, 0.0, 0.0, 782.9424883820186, 0.0]
INFORMACIÓN : 22apuestaBundle [799.9196471628939, 135.26931411500965, 74.42861857188598, 68.3962922326457, 62.24740486318808]
INFORMACIÓN : 22positionsBundle [575, 2405, 560, 1320, 987]
INFORMACIÓN : 22levelsBundle [3, 1, 1, 2, 1]
INFORMACIÓN : 22positionsOrdered [560, 1320, 987, 575, 2405]
INFORMACIÓN : 22levelsOrdered [1, 2, 1, 3, 1]
INFORMACIÓN : 22partialityOrdered [2, 2, 2, 3, 1]
INFORMACIÓN : 22arrivalTimes [17.038477096364492, 35.066233473684434, 53.45100978453467, 86.39040033304944, 128.44988202267564]
INFORMACIÓN : mutexSat position 560 level 1
INFORMACIÓN : I [IR]; lost Test.myBail@27951f01; POS 560; sensors []; level 1 I paid 74.42861857188598in favour ofnull paid 74.42861857188598
INFORMACIÓN : 23historia0[0.0, 0.0, 0.0, 0.0, 0.0, 0.0, 784.995867773916, 0.0, 0.0, 0.0, 0.0, 801.6252224115889, 785.867550876907, 0.0, 268.5057149463005, 135.26931411500965, 0.0, 260.50955674802043, 0.0, 158.7374932503, 0.0, 794.9420818571133, 0.0, 763.1151765518227, 0.0, 0.0, 257.5471179430947, 799.7717441531511, 0.0, 0.0, 0.0, 0.0, 0.0, 0.0, 0.0, 0.0, 0.0, 0.0, 0.0, 0.0, 0.0, 0.0, 0.0, 0.0, 797.7300409892074, 0.0, 0.0, 0.0, 0.0, 74.51953366847852, 0.0, 179.79592404730246, 0.0, 0.0, 0.0, 0.0, 805.1249186335946, 0.0, 0.0, 0.0, 266.5519629500154, 0.0, 0.0, 0.0, 0.0, 172.37036719803154, 0.0, 0.0, 763.0346363754697, 0.0, 0.0, 770.9822276906636, 0.0, 0.0, 0.0, 0.0, 0.0, 0.0, 0.0, 0.0, 0.0, 0.0, 0.0, 0.0, 799.9543431994448, 0.0, 175.1243405582427, 0.0, 0.0, 0.0, 0.0, 0.0, 0.0, 0.0, 0.0, 0.0, 0.0, 0.0, 0.0, 0.0, 0.0, 780.2546913074518, 0.0, 0.0, 0.0, 0.0, 0.0, 0.0, 0.0, 797.9384565460014, 0.0, 0.0, 800.5446380995021, 0.0, 0.0, 270.62482131736704, 0.0, 802.929022782044, 0.0, 0.0, 0.0, 0.0, 38.474204435825776, 0.0, 0.0, 0.0, 0.0, 0.0, 0.0, 0.0, 0.0, 159.44712990771995, 0.0, 789.859592087897, 0.0, 0.0, 161.67882714477093, 0.0, 0.0, 0.0, 786.8602333654451, 0.0, 0.0, 795.7387105180453, 0.0, 0.0, 0.0, 799.9196471628939, 0.0, 0.0, 0.0, 0.0, 54.03837000374396, 0.0, 0.0, 0.0, 0.0, 0.0, 0.0, 0.0, 0.0, 803.3008552284512, 0.0, 0.0, 782.9424883820186, 63.65287371345364]
INFORMACIÓN : 23apuestaBundle [799.9196471628939, 135.26931411500965, 72.12148184851117, 0.5257519434441491]
INFORMACIÓN : 23positionsBundle [575, 2405, 987, 1320]
INFORMACIÓN : 23levelsBundle [3, 1, 1, 1]
INFORMACIÓN : 23positionsOrdered [987, 1320, 575, 2405]
INFORMACIÓN : 23levelsOrdered [1, 1, 3, 1]
INFORMACIÓN : 23partialityOrdered [2, 2, 3, 1]
INFORMACIÓN : 23arrivalTimes [19.34659091936359, 37.73136723021382, 86.39040033304944, 128.44988202267564]
INFORMACIÓN : I [IR]; lost Test.myBail@3fdbfab9; POS 987; sensors []; level 1 I paid 72.12148184851117in favour of45@(myturtles,myturtles,bug)@MK-18429 paid 83.34786528206158
INFORMACIÓN : 24historia0[0.0, 0.0, 0.0, 0.0, 0.0, 0.0, 784.995867773916, 0.0, 0.0, 0.0, 0.0, 801.6252224115889, 785.867550876907, 0.0, 268.5057149463005, 135.26931411500965, 0.0, 260.50955674802043, 0.0, 158.7374932503, 0.0, 794.9420818571133, 0.0, 763.1151765518227, 0.0, 0.0, 257.5471179430947, 799.7717441531511, 0.0, 0.0, 0.0, 0.0, 0.0, 0.0, 0.0, 0.0, 0.0, 0.0, 0.0, 0.0, 0.0, 0.0, 58.13536773687247, 0.0, 797.7300409892074, 0.0, 0.0, 0.0, 0.0, 74.51953366847852, 0.0, 179.79592404730246, 0.0, 0.0, 0.0, 0.0, 805.1249186335946, 83.34786528206158, 0.0, 0.0, 266.5519629500154, 0.0, 0.0, 0.0, 0.0, 172.37036719803154, 0.0, 0.0, 763.0346363754697, 0.0, 0.0, 770.9822276906636, 0.0, 0.0, 0.0, 0.0, 0.0, 0.0, 0.0, 0.0, 0.0, 58.13536773687247, 0.0, 0.0, 799.9543431994448, 0.0, 175.1243405582427, 0.0, 0.0, 0.0, 0.0, 0.0, 0.0, 0.0, 0.0, 0.0, 0.0, 0.0, 0.0, 0.0, 0.0, 780.2546913074518, 0.0, 0.0, 0.0, 0.0, 0.0, 0.0, 0.0, 797.9384565460014, 0.0, 0.0, 800.5446380995021, 0.0, 0.0, 270.62482131736704, 0.0, 802.929022782044, 0.0, 0.0, 0.0, 0.0, 64.7928189846098, 0.0, 0.0, 0.0, 0.0, 0.0, 0.0, 0.0, 0.0, 0.0, 0.0, 789.859592087897, 0.0, 0.0, 0.0, 0.0, 0.0, 0.0, 786.8602333654451, 0.0, 0.0, 795.7387105180453, 0.0, 0.0, 0.0, 799.9196471628939, 0.0, 0.0, 0.0, 0.0, 71.46561396044214, 0.0, 0.0, 189.8071702327643, 142.66846167628864, 0.0, 0.0, 0.0, 0.0, 803.3008552284512, 0.0, 0.0, 782.9424883820186, 63.65287371345364]
INFORMACIÓN : 24apuestaBundle [799.9196471628939, 135.26931411500965, 0.5257519434441491]
INFORMACIÓN : 24positionsBundle [575, 2405, 1320]
INFORMACIÓN : 24levelsBundle [3, 1, 1]
INFORMACIÓN : 24positionsOrdered [575, 2405, 1320]
INFORMACIÓN : 24levelsOrdered [3, 1, 1]
INFORMACIÓN : 24partialityOrdered [3, 1, 2]
INFORMACIÓN : 24arrivalTimes [86.39040033304944, 128.44988202267564, 128.44988202267564]
INFORMACIÓN : mutexSat position 1320 level 1
INFORMACIÓN : I [IR]; lost Test.myBail@5e810712; POS 1320; sensors []; level 1 I paid 0.5257519434441491in favour ofnull paid 0.5257519434441491
INFORMACIÓN : 25historia0[0.0, 0.0, 0.0, 0.0, 0.0, 0.0, 784.995867773916, 0.0, 0.0, 0.0, 0.0, 801.6252224115889, 785.867550876907, 0.0, 268.5057149463005, 135.26931411500965, 0.0, 260.50955674802043, 0.0, 158.7374932503, 0.0, 794.9420818571133, 0.0, 763.1151765518227, 0.0, 0.0, 257.5471179430947, 799.7717441531511, 0.0, 0.0, 0.0, 0.0, 0.0, 0.0, 0.0, 0.0, 65.24304403750125, 0.0, 0.0, 0.0, 0.0, 0.0, 0.0, 0.0, 797.7300409892074, 0.0, 0.0, 0.0, 0.0, 74.51953366847852, 0.0, 179.79592404730246, 0.0, 0.0, 0.0, 0.0, 805.1249186335946, 83.34786528206158, 0.0, 0.0, 266.5519629500154, 0.0, 0.0, 0.0, 0.0, 172.37036719803154, 0.0, 0.0, 763.0346363754697, 0.0, 0.0, 770.9822276906636, 0.0, 0.0, 0.0, 0.0, 0.0, 0.0, 0.0, 0.0, 0.0, 0.0, 0.0, 0.0, 799.9543431994448, 0.0, 175.1243405582427, 0.0, 0.0, 0.0, 0.0, 0.0, 0.0, 0.0, 0.0, 0.0, 0.0, 0.0, 0.0, 0.0, 0.0, 780.2546913074518, 0.0, 0.0, 0.0, 0.0, 0.0, 0.0, 0.0, 797.9384565460014, 0.0, 0.0, 800.5446380995021, 0.0, 0.0, 270.62482131736704, 0.0, 802.929022782044, 0.0, 0.0, 0.0, 0.0, 0.0, 0.0, 0.0, 0.0, 0.0, 0.0, 0.0, 0.0, 0.0, 159.44712990771995, 0.0, 789.859592087897, 0.0, 0.0, 0.0, 0.0, 5.700624466435329, 0.0, 786.8602333654451, 0.0, 0.0, 795.7387105180453, 0.0, 0.0, 0.0, 799.9196471628939, 0.0, 0.0, 0.0, 0.0, 0.0, 0.0, 0.0, 189.8071702327643, 142.66846167628864, 0.0, 0.0, 0.0, 0.0, 803.3008552284512, 0.0, 0.0, 782.9424883820186, 0.0]
INFORMACIÓN : 25apuestaBundle [799.9196471628939, 135.26931411500965]
INFORMACIÓN : 25positionsBundle [575, 2405]
INFORMACIÓN : 25levelsBundle [3, 1]
INFORMACIÓN : 25positionsOrdered [575, 2405]
INFORMACIÓN : 25levelsOrdered [3, 1]
INFORMACIÓN : 25partialityOrdered [3, 1]
INFORMACIÓN : 25arrivalTimes [86.39040033304944, 128.44988202267564]
INFORMACIÓN : 26historia0[0.0, 0.0, 0.0, 0.0, 0.0, 0.0, 784.995867773916, 0.0, 0.0, 0.0, 0.0, 801.6252224115889, 785.867550876907, 0.0, 268.5057149463005, 135.26931411500965, 0.0, 260.50955674802043, 0.0, 158.7374932503, 0.0, 794.9420818571133, 0.0, 763.1151765518227, 0.0, 0.0, 257.5471179430947, 799.7717441531511, 0.0, 0.0, 0.0, 0.0, 0.0, 0.0, 0.0, 0.0, 0.0, 0.0, 0.0, 0.0, 0.0, 0.0, 0.0, 0.0, 797.7300409892074, 0.0, 0.0, 0.0, 0.0, 74.51953366847852, 0.0, 179.79592404730246, 0.0, 0.0, 0.0, 0.0, 805.1249186335946, 83.34786528206158, 0.0, 0.0, 266.5519629500154, 0.0, 0.0, 0.0, 0.0, 172.37036719803154, 0.0, 0.0, 763.0346363754697, 0.0, 0.0, 770.9822276906636, 0.0, 0.0, 0.0, 0.0, 0.0, 0.0, 0.0, 0.0, 0.0, 0.0, 0.0, 0.0, 799.9543431994448, 0.0, 175.1243405582427, 0.0, 0.0, 0.0, 0.0, 0.0, 0.0, 0.0, 0.0, 0.0, 0.0, 0.0, 0.0, 0.0, 0.0, 780.2546913074518, 0.0, 0.0, 0.0, 0.0, 0.0, 0.0, 0.0, 797.9384565460014, 0.0, 0.0, 800.5446380995021, 0.0, 0.0, 270.62482131736704, 0.0, 802.929022782044, 0.0, 0.0, 0.0, 0.0, 0.0, 0.0, 0.0, 0.0, 0.0, 0.0, 0.0, 0.0, 0.0, 159.44712990771995, 0.0, 789.859592087897, 0.0, 0.0, 0.0, 0.0, 5.700624466435329, 0.0, 786.8602333654451, 0.0, 0.0, 795.7387105180453, 0.0, 0.0, 0.0, 799.9196471628939, 0.0, 0.0, 0.0, 0.0, 0.0, 0.0, 0.0, 189.8071702327643, 142.66846167628864, 0.0, 0.0, 0.0, 0.0, 803.3008552284512, 0.0, 0.0, 782.9424883820186, 0.0]
INFORMACIÓN : 26apuestaBundle [799.9196471628939, 135.26931411500965]
INFORMACIÓN : 26positionsBundle [575, 2405]
INFORMACIÓN : 26levelsBundle [3, 1]
INFORMACIÓN : 26positionsOrdered [575, 2405]
INFORMACIÓN : 26levelsOrdered [3, 1]
INFORMACIÓN : 26partialityOrdered [3, 1]
INFORMACIÓN : 26arrivalTimes [86.39040033304944, 128.44988202267564]
INFORMACIÓN : 27historia0[0.0, 0.0, 0.0, 0.0, 0.0, 0.0, 784.995867773916, 0.0, 0.0, 0.0, 0.0, 801.6252224115889, 785.867550876907, 0.0, 268.5057149463005, 135.26931411500965, 0.0, 260.50955674802043, 0.0, 158.7374932503, 0.0, 794.9420818571133, 0.0, 763.1151765518227, 0.0, 0.0, 257.5471179430947, 799.7717441531511, 0.0, 0.0, 0.0, 0.0, 0.0, 0.0, 0.0, 0.0, 0.0, 0.0, 0.0, 0.0, 0.0, 0.0, 0.0, 0.0, 797.7300409892074, 0.0, 0.0, 0.0, 0.0, 74.51953366847852, 0.0, 179.79592404730246, 0.0, 0.0, 0.0, 0.0, 805.1249186335946, 83.34786528206158, 0.0, 0.0, 266.5519629500154, 0.0, 0.0, 0.0, 0.0, 172.37036719803154, 0.0, 0.0, 763.0346363754697, 0.0, 0.0, 770.9822276906636, 0.0, 0.0, 0.0, 0.0, 0.0, 0.0, 0.0, 0.0, 0.0, 0.0, 0.0, 0.0, 799.9543431994448, 0.0, 175.1243405582427, 0.0, 0.0, 0.0, 0.0, 0.0, 0.0, 0.0, 0.0, 0.0, 0.0, 0.0, 0.0, 0.0, 0.0, 780.2546913074518, 0.0, 0.0, 0.0, 0.0, 0.0, 0.0, 0.0, 797.9384565460014, 0.0, 0.0, 800.5446380995021, 0.0, 0.0, 270.62482131736704, 0.0, 802.929022782044, 0.0, 0.0, 0.0, 0.0, 0.0, 0.0, 0.0, 0.0, 0.0, 0.0, 0.0, 0.0, 0.0, 159.44712990771995, 0.0, 789.859592087897, 0.0, 0.0, 0.0, 0.0, 5.700624466435329, 0.0, 786.8602333654451, 0.0, 0.0, 795.7387105180453, 0.0, 0.0, 0.0, 799.9196471628939, 0.0, 0.0, 0.0, 0.0, 0.0, 0.0, 0.0, 189.8071702327643, 142.66846167628864, 0.0, 0.0, 0.0, 0.0, 803.3008552284512, 0.0, 0.0, 782.9424883820186, 0.0]
INFORMACIÓN : 27apuestaBundle [799.9196471628939, 135.26931411500965]
INFORMACIÓN : 27positionsBundle [575, 2405]
INFORMACIÓN : 27levelsBundle [3, 1]
INFORMACIÓN : 27positionsOrdered [575, 2405]
INFORMACIÓN : 27levelsOrdered [3, 1]
INFORMACIÓN : 27partialityOrdered [3, 1]
INFORMACIÓN : 27arrivalTimes [86.39040033304944, 128.44988202267564]
INFORMACIÓN : 28historia1[0.0, 0.0, 0.0, 0.0, 0.0, 0.0, 784.995867773916, 0.0, 0.0, 0.0, 0.0, 801.6252224115889, 785.867550876907, 0.0, 268.5057149463005, 135.26931411500965, 0.0, 260.50955674802043, 0.0, 158.7374932503, 0.0, 794.9420818571133, 0.0, 763.1151765518227, 0.0, 373.5288625852052, 257.5471179430947, 799.7717441531511, 0.0, 0.0, 0.0, 369.37649992930966, 0.0, 0.0, 0.0, 0.0, 0.0, 0.0, 0.0, 0.0, 0.0, 0.0, 0.0, 0.0, 797.7300409892074, 0.0, 337.7996429016567, 0.0, 0.0, 74.51953366847852, 0.0, 179.79592404730246, 0.0, 0.0, 0.0, 0.0, 805.1249186335946, 83.34786528206158, 0.0, 0.0, 266.5519629500154, 0.0, 0.0, 0.0, 0.0, 172.37036719803154, 0.0, 0.0, 763.0346363754697, 0.0, 0.0, 770.9822276906636, 0.0, 0.0, 0.0, 0.0, 0.0, 0.0, 0.0, 0.0, 0.0, 0.0, 0.0, 0.0, 799.9543431994448, 0.0, 175.1243405582427, 0.0, 0.0, 0.0, 0.0, 0.0, 0.0, 0.0, 0.0, 0.0, 0.0, 0.0, 0.0, 0.0, 0.0, 780.2546913074518, 0.0, 0.0, 0.0, 0.0, 0.0, 0.0, 0.0, 797.9384565460014, 0.0, 0.0, 800.5446380995021, 0.0, 0.0, 270.62482131736704, 0.0, 802.929022782044, 0.0, 0.0, 0.0, 0.0, 0.0, 0.0, 0.0, 0.0, 0.0, 0.0, 0.0, 0.0, 0.0, 159.44712990771995, 0.0, 789.859592087897, 0.0, 0.0, 0.0, 0.0, 5.700624466435329, 0.0, 786.8602333654451, 0.0, 0.0, 795.7387105180453, 0.0, 0.0, 0.0, 799.9196471628939, 0.0, 373.5288625852052, 0.0, 0.0, 0.0, 0.0, 0.0, 189.8071702327643, 142.66846167628864, 0.0, 0.0, 0.0, 0.0, 803.3008552284512, 0.0, 0.0, 782.9424883820186, 0.0]
INFORMACIÓN : 28apuestaBundle [799.9196471628939, 135.26931411500965]
INFORMACIÓN : 28positionsBundle [575, 2405]
INFORMACIÓN : 28levelsBundle [3, 1]
INFORMACIÓN : 28positionsOrdered [575, 2405]
INFORMACIÓN : 28levelsOrdered [3, 1]
INFORMACIÓN : 28partialityOrdered [3, 1]
INFORMACIÓN : 28arrivalTimes [86.39040033304944, 128.44988202267564]
INFORMACIÓN : 29historia0[0.0, 0.0, 0.0, 0.0, 0.0, 0.0, 784.995867773916, 0.0, 0.0, 0.0, 0.0, 801.6252224115889, 785.867550876907, 0.0, 0.0, 135.26931411500965, 0.0, 260.50955674802043, 0.0, 158.7374932503, 0.0, 794.9420818571133, 0.0, 763.1151765518227, 0.0, 0.0, 257.5471179430947, 799.7717441531511, 0.0, 0.0, 0.0, 0.0, 0.0, 0.0, 0.0, 0.0, 0.0, 0.0, 0.0, 0.0, 0.0, 0.0, 0.0, 0.0, 797.7300409892074, 0.0, 0.0, 0.0, 0.0, 74.51953366847852, 0.0, 179.79592404730246, 0.0, 0.0, 0.0, 0.0, 805.1249186335946, 83.34786528206158, 0.0, 0.0, 266.5519629500154, 0.0, 0.0, 0.0, 0.0, 172.37036719803154, 0.0, 0.0, 763.0346363754697, 0.0, 0.0, 770.9822276906636, 0.0, 0.0, 0.0, 0.0, 0.0, 0.0, 0.0, 0.0, 0.0, 0.0, 0.0, 0.0, 799.9543431994448, 0.0, 175.1243405582427, 0.0, 0.0, 0.0, 0.0, 0.0, 0.0, 0.0, 0.0, 0.0, 0.0, 0.0, 0.0, 0.0, 0.0, 780.2546913074518, 0.0, 0.0, 0.0, 0.0, 0.0, 0.0, 0.0, 797.9384565460014, 0.0, 0.0, 800.5446380995021, 0.0, 0.0, 270.62482131736704, 0.0, 802.929022782044, 0.0, 0.0, 0.0, 0.0, 0.0, 0.0, 0.0, 0.0, 0.0, 0.0, 0.0, 0.0, 0.0, 159.44712990771995, 0.0, 789.859592087897, 0.0, 0.0, 0.0, 0.0, 0.0, 0.0, 786.8602333654451, 0.0, 0.0, 795.7387105180453, 0.0, 0.0, 0.0, 799.9196471628939, 0.0, 0.0, 0.0, 0.0, 0.0, 0.0, 0.0, 189.8071702327643, 142.66846167628864, 0.0, 0.0, 0.0, 0.0, 803.3008552284512, 0.0, 0.0, 782.9424883820186, 0.0]
INFORMACIÓN : 29apuestaBundle [799.9196471628939, 135.26931411500965, 0.5257519434441491]
INFORMACIÓN : 29positionsBundle [575, 2405, 1320]
INFORMACIÓN : 29levelsBundle [3, 1, 1]
INFORMACIÓN : 29positionsOrdered [575, 2405, 1320]
INFORMACIÓN : 29levelsOrdered [3, 1, 1]
INFORMACIÓN : 29partialityOrdered [3, 1, 2]
INFORMACIÓN : 29arrivalTimes [86.39040033304944, 128.44988202267564, 128.44988202267564]
INFORMACIÓN : 30historia0[0.0, 0.0, 0.0, 0.0, 0.0, 0.0, 784.995867773916, 0.0, 0.0, 0.0, 0.0, 801.6252224115889, 785.867550876907, 0.0, 0.0, 135.26931411500965, 0.0, 0.0, 0.0, 158.7374932503, 0.0, 794.9420818571133, 0.0, 763.1151765518227, 0.0, 0.0, 293.10683759534896, 799.7717441531511, 0.0, 0.0, 0.0, 0.0, 79.20657729399683, 0.0, 0.0, 0.0, 0.0, 0.0, 0.0, 0.0, 0.0, 0.0, 0.0, 0.0, 797.7300409892074, 0.0, 0.0, 0.0, 0.0, 74.51953366847852, 0.0, 179.79592404730246, 0.0, 0.0, 0.0, 43.77867132547719, 805.1249186335946, 83.34786528206158, 0.0, 0.0, 266.5519629500154, 0.0, 0.0, 0.0, 0.0, 172.37036719803154, 0.0, 40.12005785432365, 763.0346363754697, 0.0, 0.0, 770.9822276906636, 0.0, 0.0, 0.0, 0.0, 0.0, 0.0, 0.0, 0.0, 0.0, 0.0, 0.0, 0.0, 799.9543431994448, 0.0, 175.1243405582427, 0.0, 0.0, 0.0, 0.0, 0.0, 0.0, 0.5257519434441491, 0.0, 0.0, 0.0, 0.0, 0.0, 0.0, 0.0, 780.2546913074518, 0.0, 0.0, 0.0, 0.0, 0.0, 0.0, 0.0, 797.9384565460014, 0.0, 0.0, 800.5446380995021, 0.0, 0.0, 262.0837311519847, 0.0, 802.929022782044, 0.0, 0.0, 0.0, 0.0, 0.0, 0.0, 0.0, 67.03384747277153, 0.0, 0.0, 0.0, 0.0, 0.0, 159.44712990771995, 0.0, 789.859592087897, 0.0, 0.0, 0.0, 0.0, 0.0, 0.0, 786.8602333654451, 0.0, 0.0, 795.7387105180453, 0.0, 0.0, 0.0, 799.9196471628939, 0.0, 0.0, 0.0, 0.0, 0.0, 0.0, 0.0, 189.8071702327643, 142.66846167628864, 0.0, 0.0, 0.0, 0.0, 803.3008552284512, 0.0, 66.0036932472326, 782.9424883820186, 0.0]
INFORMACIÓN : 30apuestaBundle [799.9196471628939, 135.26931411500965, 0.5257519434441491]
INFORMACIÓN : 30positionsBundle [575, 2405, 1320]
INFORMACIÓN : 30levelsBundle [3, 1, 1]
INFORMACIÓN : 30positionsOrdered [575, 2405, 1320]
INFORMACIÓN : 30levelsOrdered [3, 1, 1]
INFORMACIÓN : 30partialityOrdered [3, 1, 2]
INFORMACIÓN : 30arrivalTimes [86.39040033304944, 128.44988202267564, 128.44988202267564]
INFORMACIÓN : mutexSat position 1320 level 1
INFORMACIÓN : I [IR]; lost Test.myBail@5e810712; POS 1320; sensors []; level 1 I paid 0.5257519434441491in favour ofnull paid 0.5257519434441491
INFORMACIÓN : 31historia0[0.0, 0.0, 0.0, 0.0, 0.0, 0.0, 784.995867773916, 0.0, 0.0, 0.0, 0.0, 801.6252224115889, 785.867550876907, 0.0, 0.0, 135.26931411500965, 0.0, 0.0, 0.0, 158.7374932503, 0.0, 794.9420818571133, 0.0, 763.1151765518227, 0.0, 0.0, 0.0, 799.7717441531511, 0.0, 0.0, 0.0, 0.0, 79.20657729399683, 0.0, 0.0, 0.0, 0.0, 0.0, 0.0, 0.0, 0.0, 0.0, 0.0, 0.0, 797.7300409892074, 0.0, 0.0, 0.0, 0.0, 0.0, 0.0, 179.79592404730246, 0.0, 0.0, 0.0, 0.0, 805.1249186335946, 0.0, 0.0, 0.0, 0.0, 0.0, 0.0, 0.0, 0.0, 172.37036719803154, 0.0, 0.0, 763.0346363754697, 0.0, 0.0, 770.9822276906636, 0.0, 0.0, 0.0, 0.0, 0.0, 0.0, 0.0, 0.0, 0.0, 0.0, 0.0, 0.0, 799.9543431994448, 0.0, 175.1243405582427, 0.0, 0.0, 0.0, 257.4325096792569, 0.0, 0.0, 0.0, 0.0, 0.0, 0.0, 0.0, 0.0, 0.0, 0.0, 780.2546913074518, 0.0, 0.0, 0.0, 0.0, 0.0, 0.0, 0.0, 797.9384565460014, 0.0, 0.0, 800.5446380995021, 0.0, 0.0, 262.0837311519847, 0.0, 802.929022782044, 0.0, 0.0, 0.0, 0.0, 38.474204435825776, 0.0, 0.0, 0.0, 0.0, 0.0, 0.0, 0.0, 0.0, 159.44712990771995, 0.0, 789.859592087897, 0.0, 0.0, 138.13855656595493, 0.0, 2.285805897017781, 0.0, 786.8602333654451, 0.0, 0.0, 795.7387105180453, 0.0, 0.0, 0.0, 799.9196471628939, 7.950172634766659, 0.0, 0.0, 0.0, 0.0, 0.0, 0.0, 189.8071702327643, 142.66846167628864, 0.0, 0.0, 0.0, 0.0, 803.3008552284512, 0.0, 66.0036932472326, 782.9424883820186, 0.0]
INFORMACIÓN : 31apuestaBundle [799.9196471628939, 135.26931411500965, 71.23619996177513]
INFORMACIÓN : 31positionsBundle [575, 2405, 560]
INFORMACIÓN : 31levelsBundle [3, 1, 1]
INFORMACIÓN : 31positionsOrdered [560, 575, 2405]
INFORMACIÓN : 31levelsOrdered [1, 3, 1]
INFORMACIÓN : 31partialityOrdered [2, 3, 1]
INFORMACIÓN : 31arrivalTimes [17.038477096364492, 86.39040033304944, 128.44988202267564]
INFORMACIÓN : 32historia0[0.0, 0.0, 0.0, 0.0, 0.0, 0.0, 784.995867773916, 0.0, 0.0, 0.0, 0.0, 801.6252224115889, 785.867550876907, 0.0, 0.0, 135.26931411500965, 0.0, 0.0, 0.0, 158.7374932503, 0.0, 794.9420818571133, 0.0, 763.1151765518227, 0.0, 0.0, 0.0, 799.7717441531511, 0.0, 0.0, 0.0, 0.0, 79.20657729399683, 0.0, 0.0, 0.0, 0.0, 0.0, 0.0, 0.0, 0.0, 0.0, 0.0, 0.0, 797.7300409892074, 0.0, 0.0, 0.0, 0.0, 60.543667780917986, 0.0, 179.79592404730246, 0.0, 0.0, 0.0, 0.0, 805.1249186335946, 0.0, 0.0, 0.0, 246.07409268128777, 0.0, 0.0, 0.0, 0.0, 172.37036719803154, 0.0, 0.0, 763.0346363754697, 0.0, 0.0, 770.9822276906636, 0.0, 0.0, 0.0, 0.0, 0.0, 0.0, 0.0, 0.0, 0.0, 0.0, 0.0, 0.0, 799.9543431994448, 0.0, 175.1243405582427, 0.0, 0.0, 0.0, 257.4325096792569, 0.0, 0.0, 0.0, 0.0, 71.23619996177513, 0.0, 0.0, 0.0, 0.0, 0.0, 780.2546913074518, 0.0, 0.0, 0.0, 0.0, 0.0, 0.0, 0.0, 797.9384565460014, 0.0, 0.0, 800.5446380995021, 0.0, 0.0, 262.0837311519847, 0.0, 802.929022782044, 0.0, 0.0, 0.0, 0.0, 38.474204435825776, 0.0, 0.0, 0.0, 0.0, 0.0, 0.0, 0.0, 0.0, 159.44712990771995, 0.0, 789.859592087897, 0.0, 0.0, 138.13855656595493, 0.0, 2.285805897017781, 0.0, 786.8602333654451, 0.0, 0.0, 795.7387105180453, 0.0, 0.0, 0.0, 799.9196471628939, 7.950172634766659, 0.0, 0.0, 0.0, 0.0, 0.0, 0.0, 189.8071702327643, 142.66846167628864, 266.6077795769693, 0.0, 0.0, 0.0, 803.3008552284512, 0.0, 0.0, 782.9424883820186, 0.0]
INFORMACIÓN : 32apuestaBundle [799.9196471628939, 135.26931411500965, 71.23619996177513]
INFORMACIÓN : 32positionsBundle [575, 2405, 560]
INFORMACIÓN : 32levelsBundle [3, 1, 1]
INFORMACIÓN : 32positionsOrdered [560, 575, 2405]
INFORMACIÓN : 32levelsOrdered [1, 3, 1]
INFORMACIÓN : 32partialityOrdered [2, 3, 1]
INFORMACIÓN : 32arrivalTimes [17.038477096364492, 86.39040033304944, 128.44988202267564]
INFORMACIÓN : 33historia0[0.0, 0.0, 0.0, 0.0, 0.0, 0.0, 784.995867773916, 0.0, 0.0, 0.0, 0.0, 801.6252224115889, 785.867550876907, 0.0, 268.5057149463005, 135.26931411500965, 0.0, 0.0, 0.0, 158.7374932503, 0.0, 794.9420818571133, 0.0, 763.1151765518227, 0.0, 0.0, 0.0, 799.7717441531511, 0.0, 0.0, 0.0, 0.0, 79.20657729399683, 0.0, 0.0, 0.0, 0.0, 0.0, 0.0, 0.0, 0.0, 0.0, 0.0, 0.0, 797.7300409892074, 0.0, 0.0, 0.0, 0.0, 60.543667780917986, 0.0, 179.79592404730246, 0.0, 0.0, 0.0, 0.0, 805.1249186335946, 0.0, 0.0, 0.0, 246.07409268128777, 0.0, 0.0, 0.0, 0.0, 172.37036719803154, 0.0, 0.0, 763.0346363754697, 0.0, 0.0, 770.9822276906636, 0.0, 0.0, 0.0, 0.0, 0.0, 0.0, 0.0, 0.0, 0.0, 0.0, 0.0, 0.0, 799.9543431994448, 0.0, 175.1243405582427, 0.0, 0.0, 0.0, 257.4325096792569, 0.0, 0.0, 0.0, 0.0, 71.23619996177513, 0.0, 0.0, 0.0, 0.0, 0.0, 780.2546913074518, 0.0, 0.0, 0.0, 0.0, 0.0, 0.0, 0.0, 797.9384565460014, 0.0, 0.0, 800.5446380995021, 0.0, 0.0, 262.0837311519847, 0.0, 802.929022782044, 0.0, 0.0, 0.0, 0.0, 48.09303544570366, 0.0, 0.0, 0.0, 0.0, 0.0, 0.0, 0.0, 0.0, 159.44712990771995, 0.0, 789.859592087897, 0.0, 0.0, 138.13855656595493, 0.0, 0.0, 0.0, 786.8602333654451, 0.0, 0.0, 795.7387105180453, 0.0, 0.0, 0.0, 799.9196471628939, 0.0, 0.0, 0.0, 0.0, 0.0, 0.0, 0.0, 189.8071702327643, 142.66846167628864, 266.6077795769693, 0.0, 0.0, 0.0, 803.3008552284512, 0.0, 0.0, 782.9424883820186, 0.0]
INFORMACIÓN : 33apuestaBundle [799.9196471628939, 135.26931411500965, 71.23619996177513]
INFORMACIÓN : 33positionsBundle [575, 2405, 560]
INFORMACIÓN : 33levelsBundle [3, 1, 1]
INFORMACIÓN : 33positionsOrdered [560, 575, 2405]
INFORMACIÓN : 33levelsOrdered [1, 3, 1]
INFORMACIÓN : 33partialityOrdered [2, 3, 1]
INFORMACIÓN : 33arrivalTimes [17.038477096364492, 86.39040033304944, 128.44988202267564]
INFORMACIÓN : mutexSat position 560 level 1
INFORMACIÓN : I [IR]; lost Test.myBail@27951f01; POS 560; sensors []; level 1 I paid 71.23619996177513in favour ofnull paid 71.23619996177513
INFORMACIÓN : 34historia0[0.0, 0.0, 0.0, 0.0, 0.0, 0.0, 784.995867773916, 0.0, 0.0, 0.0, 0.0, 801.6252224115889, 785.867550876907, 0.0, 268.5057149463005, 135.26931411500965, 0.0, 0.0, 0.0, 158.7374932503, 0.0, 794.9420818571133, 0.0, 763.1151765518227, 0.0, 0.0, 252.6907791217809, 799.7717441531511, 0.0, 0.0, 0.0, 0.0, 0.0, 0.0, 0.0, 0.0, 0.0, 0.0, 0.0, 0.0, 0.0, 0.0, 0.0, 0.0, 797.7300409892074, 42.84927573064435, 0.0, 0.0, 0.0, 74.51953366847852, 0.0, 179.79592404730246, 0.0, 0.0, 0.0, 0.0, 805.1249186335946, 0.0, 0.0, 0.0, 266.15820842451467, 0.0, 0.0, 0.0, 90.4411405389961, 172.37036719803154, 0.0, 0.0, 763.0346363754697, 0.0, 0.0, 770.9822276906636, 0.0, 0.0, 0.0, 0.0, 0.0, 0.0, 0.0, 0.0, 0.0, 0.0, 0.0, 0.0, 799.9543431994448, 0.0, 175.1243405582427, 0.0, 0.0, 0.0, 257.4325096792569, 0.0, 0.0, 0.0, 0.0, 0.0, 0.0, 0.0, 0.0, 0.0, 0.0, 780.2546913074518, 0.0, 0.0, 0.0, 0.0, 0.0, 0.0, 0.0, 797.9384565460014, 0.0, 0.0, 800.5446380995021, 0.0, 0.0, 0.0, 0.0, 802.929022782044, 0.0, 0.0, 48.361847312954524, 0.0, 48.09303544570366, 0.0, 0.0, 59.15489927831163, 0.0, 0.0, 0.0, 0.0, 0.0, 0.0, 0.0, 789.859592087897, 0.0, 0.0, 138.13855656595493, 0.0, 0.0, 0.0, 786.8602333654451, 0.0, 0.0, 795.7387105180453, 0.0, 0.0, 0.0, 799.9196471628939, 0.0, 0.0, 0.0, 0.0, 0.0, 0.0, 0.0, 189.8071702327643, 142.66846167628864, 266.6077795769693, 0.0, 0.0, 0.0, 803.3008552284512, 0.0, 0.0, 782.9424883820186, 0.0]
INFORMACIÓN : 34apuestaBundle [799.9196471628939, 135.26931411500965]
INFORMACIÓN : 34positionsBundle [575, 2405]
INFORMACIÓN : 34levelsBundle [3, 1]
INFORMACIÓN : 34positionsOrdered [575, 2405]
INFORMACIÓN : 34levelsOrdered [3, 1]
INFORMACIÓN : 34partialityOrdered [3, 1]
INFORMACIÓN : 34arrivalTimes [86.39040033304944, 128.44988202267564]
INFORMACIÓN : 35historia0[0.0, 0.0, 0.0, 0.0, 0.0, 0.0, 784.995867773916, 0.0, 0.0, 0.0, 0.0, 801.6252224115889, 785.867550876907, 0.0, 268.5057149463005, 135.26931411500965, 0.0, 0.0, 0.0, 158.7374932503, 0.0, 794.9420818571133, 0.0, 763.1151765518227, 0.0, 0.0, 252.6907791217809, 799.7717441531511, 0.0, 0.0, 0.0, 0.0, 58.13084262122276, 0.0, 0.0, 0.0, 52.6025279457599, 0.0, 0.0, 0.0, 0.0, 0.0, 0.0, 0.0, 797.7300409892074, 0.0, 0.0, 0.0, 0.0, 0.0, 0.0, 179.79592404730246, 0.0, 0.0, 0.0, 0.0, 805.1249186335946, 0.0, 0.0, 0.0, 266.15820842451467, 0.0, 0.0, 0.0, 0.0, 172.37036719803154, 0.0, 0.0, 763.0346363754697, 0.0, 0.0, 770.9822276906636, 0.0, 0.0, 0.0, 0.0, 0.0, 0.0, 0.0, 0.0, 0.0, 0.0, 0.0, 0.0, 799.9543431994448, 0.0, 175.1243405582427, 0.0, 0.0, 0.0, 257.4325096792569, 0.0, 0.0, 0.0, 0.0, 0.0, 0.0, 0.0, 0.0, 0.0, 0.0, 780.2546913074518, 0.0, 0.0, 0.0, 0.0, 0.0, 0.0, 0.0, 797.9384565460014, 0.0, 0.0, 800.5446380995021, 0.0, 0.0, 0.0, 0.0, 802.929022782044, 0.0, 0.0, 0.0, 0.0, 48.09303544570366, 0.0, 0.0, 59.15489927831163, 0.0, 0.0, 0.0, 0.0, 0.0, 124.30313104337039, 0.0, 789.859592087897, 0.0, 0.0, 138.13855656595493, 0.0, 2.285805897017781, 0.0, 786.8602333654451, 0.0, 0.0, 795.7387105180453, 0.0, 0.0, 0.0, 799.9196471628939, 0.0, 0.0, 0.0, 0.0, 0.0, 0.0, 0.0, 189.8071702327643, 142.66846167628864, 266.6077795769693, 0.0, 0.0, 0.0, 803.3008552284512, 0.0, 0.0, 782.9424883820186, 0.0]
INFORMACIÓN : 35apuestaBundle [799.9196471628939, 135.26931411500965]
INFORMACIÓN : 35positionsBundle [575, 2405]
INFORMACIÓN : 35levelsBundle [3, 1]
INFORMACIÓN : 35positionsOrdered [575, 2405]
INFORMACIÓN : 35levelsOrdered [3, 1]
INFORMACIÓN : 35partialityOrdered [3, 1]
INFORMACIÓN : 35arrivalTimes [86.39040033304944, 128.44988202267564]
INFORMACIÓN : 36historia0[0.0, 0.0, 0.0, 0.0, 0.0, 0.0, 784.995867773916, 0.0, 0.0, 0.0, 0.0, 801.6252224115889, 785.867550876907, 0.0, 268.5057149463005, 135.26931411500965, 0.0, 0.0, 0.0, 158.7374932503, 0.0, 794.9420818571133, 0.0, 763.1151765518227, 0.0, 0.0, 252.6907791217809, 799.7717441531511, 0.0, 0.0, 0.0, 0.0, 58.13084262122276, 0.0, 0.0, 0.0, 0.0, 0.0, 0.0, 0.0, 0.0, 0.0, 0.0, 0.0, 797.7300409892074, 0.0, 0.0, 0.0, 0.0, 0.0, 0.0, 179.79592404730246, 0.0, 0.0, 0.0, 0.0, 805.1249186335946, 0.0, 0.0, 0.0, 266.15820842451467, 0.0, 0.0, 0.0, 0.0, 172.37036719803154, 0.0, 0.0, 763.0346363754697, 0.0, 0.0, 770.9822276906636, 0.0, 0.0, 0.0, 0.0, 0.0, 0.0, 0.0, 0.0, 0.0, 0.0, 0.0, 0.0, 799.9543431994448, 0.0, 175.1243405582427, 0.0, 0.0, 0.0, 257.4325096792569, 0.0, 0.0, 0.0, 0.0, 0.0, 0.0, 0.0, 0.0, 0.0, 0.0, 780.2546913074518, 0.0, 0.0, 0.0, 0.0, 0.0, 0.0, 0.0, 797.9384565460014, 0.0, 0.0, 800.5446380995021, 0.0, 0.0, 0.0, 0.0, 802.929022782044, 0.0, 0.0, 0.0, 0.0, 48.09303544570366, 0.0, 0.0, 59.15489927831163, 0.0, 0.0, 0.0, 0.0, 0.0, 124.30313104337039, 0.0, 789.859592087897, 0.0, 0.0, 138.13855656595493, 0.0, 5.700624466435329, 0.0, 786.8602333654451, 0.0, 0.0, 795.7387105180453, 0.0, 0.0, 0.0, 799.9196471628939, 0.0, 0.0, 0.0, 0.0, 0.0, 0.0, 0.0, 189.8071702327643, 142.66846167628864, 266.6077795769693, 0.0, 0.0, 0.0, 803.3008552284512, 0.0, 0.0, 782.9424883820186, 0.0]
INFORMACIÓN : 36apuestaBundle [799.9196471628939, 135.26931411500965]
INFORMACIÓN : 36positionsBundle [575, 2405]
INFORMACIÓN : 36levelsBundle [3, 1]
INFORMACIÓN : 36positionsOrdered [575, 2405]
INFORMACIÓN : 36levelsOrdered [3, 1]
INFORMACIÓN : 36partialityOrdered [3, 1]
INFORMACIÓN : 36arrivalTimes [86.39040033304944, 128.44988202267564]
INFORMACIÓN : 37historia0[0.0, 0.0, 0.0, 0.0, 0.0, 0.0, 784.995867773916, 0.0, 0.0, 0.0, 0.0, 801.6252224115889, 785.867550876907, 0.0, 268.5057149463005, 135.26931411500965, 0.0, 0.0, 0.0, 158.7374932503, 0.0, 794.9420818571133, 0.0, 763.1151765518227, 0.0, 0.0, 252.6907791217809, 799.7717441531511, 0.0, 0.0, 0.0, 0.0, 58.13084262122276, 0.0, 0.0, 0.0, 0.0, 0.0, 0.0, 0.0, 0.0, 0.0, 0.0, 0.0, 797.7300409892074, 0.0, 0.0, 0.0, 0.0, 0.0, 0.0, 179.79592404730246, 0.0, 0.0, 0.0, 0.0, 805.1249186335946, 0.0, 0.0, 0.0, 266.15820842451467, 0.0, 0.0, 0.0, 0.0, 172.37036719803154, 0.0, 0.0, 763.0346363754697, 0.0, 0.0, 770.9822276906636, 0.0, 0.0, 0.0, 0.0, 0.0, 0.0, 0.0, 0.0, 0.0, 0.0, 0.0, 0.0, 799.9543431994448, 0.0, 175.1243405582427, 0.0, 0.0, 0.0, 257.4325096792569, 0.0, 0.0, 0.0, 0.0, 0.0, 0.0, 0.0, 0.0, 0.0, 0.0, 780.2546913074518, 0.0, 0.0, 0.0, 0.0, 0.0, 0.0, 0.0, 797.9384565460014, 0.0, 0.0, 800.5446380995021, 0.0, 0.0, 0.0, 0.0, 802.929022782044, 0.0, 0.0, 0.0, 0.0, 48.09303544570366, 0.0, 0.0, 59.15489927831163, 0.0, 0.0, 0.0, 0.0, 0.0, 124.30313104337039, 0.0, 789.859592087897, 0.0, 0.0, 138.13855656595493, 0.0, 5.700624466435329, 0.0, 786.8602333654451, 0.0, 0.0, 795.7387105180453, 0.0, 0.0, 0.0, 799.9196471628939, 0.0, 0.0, 0.0, 0.0, 0.0, 0.0, 0.0, 189.8071702327643, 142.66846167628864, 266.6077795769693, 0.0, 0.0, 0.0, 803.3008552284512, 0.0, 0.0, 782.9424883820186, 0.0]
INFORMACIÓN : 37apuestaBundle [799.9196471628939, 135.26931411500965]
INFORMACIÓN : 37positionsBundle [575, 2405]
INFORMACIÓN : 37levelsBundle [3, 1]
INFORMACIÓN : 37positionsOrdered [575, 2405]
INFORMACIÓN : 37levelsOrdered [3, 1]
INFORMACIÓN : 37partialityOrdered [3, 1]
INFORMACIÓN : 37arrivalTimes [86.39040033304944, 128.44988202267564]
INFORMACIÓN : 38historia1[0.0, 0.0, 0.0, 0.0, 0.0, 0.0, 784.995867773916, 0.0, 0.0, 0.0, 0.0, 801.6252224115889, 785.867550876907, 0.0, 268.5057149463005, 135.26931411500965, 0.0, 0.0, 0.0, 158.7374932503, 0.0, 794.9420818571133, 0.0, 763.1151765518227, 0.0, 0.0, 252.6907791217809, 799.7717441531511, 0.0, 0.0, 0.0, 0.0, 58.13084262122276, 0.0, 0.0, 0.0, 0.0, 0.0, 0.0, 0.0, 0.0, 0.0, 0.0, 0.0, 797.7300409892074, 0.0, 0.0, 0.0, 0.0, 74.51953366847852, 0.0, 179.79592404730246, 0.0, 0.0, 0.0, 0.0, 805.1249186335946, 0.0, 0.0, 0.0, 266.15820842451467, 0.0, 0.0, 0.0, 0.0, 172.37036719803154, 0.0, 0.0, 763.0346363754697, 0.0, 0.0, 770.9822276906636, 0.0, 0.0, 0.0, 0.0, 0.0, 0.0, 0.0, 0.0, 0.0, 0.0, 0.0, 0.0, 799.9543431994448, 0.0, 175.1243405582427, 0.0, 0.0, 0.0, 257.4325096792569, 0.0, 0.0, 0.0, 0.0, 0.0, 0.0, 0.0, 0.0, 0.0, 0.0, 780.2546913074518, 0.0, 0.0, 0.0, 0.0, 0.0, 0.0, 0.0, 797.9384565460014, 0.0, 0.0, 800.5446380995021, 0.0, 0.0, 0.0, 0.0, 802.929022782044, 0.0, 0.0, 0.0, 0.0, 48.09303544570366, 0.0, 0.0, 59.15489927831163, 0.0, 0.0, 0.0, 0.0, 0.0, 124.30313104337039, 0.0, 789.859592087897, 0.0, 0.0, 138.13855656595493, 0.0, 5.700624466435329, 0.0, 786.8602333654451, 0.0, 0.0, 795.7387105180453, 0.0, 0.0, 0.0, 799.9196471628939, 0.0, 0.0, 0.0, 0.0, 0.0, 0.0, 0.0, 189.8071702327643, 142.66846167628864, 266.6077795769693, 0.0, 0.0, 0.0, 803.3008552284512, 0.0, 0.0, 782.9424883820186, 0.0]
INFORMACIÓN : 38apuestaBundle [799.9196471628939, 135.26931411500965]
INFORMACIÓN : 38positionsBundle [575, 2405]
INFORMACIÓN : 38levelsBundle [3, 1]
INFORMACIÓN : 38positionsOrdered [575, 2405]
INFORMACIÓN : 38levelsOrdered [3, 1]
INFORMACIÓN : 38partialityOrdered [3, 1]
INFORMACIÓN : 38arrivalTimes [86.39040033304944, 128.44988202267564]
