----------------------------------------------------------------------
-- Log session for [myBugCoalitionsCCBBAGuaiDEF-36] started on 2017.07.13.18.46.24 --
----------------------------------------------------------------------

INFORMACIÓN : I started
INFORMACIÓN : 0apuestaBundle [808.6204493137197, 803.86588159509, 765.0168765411295, 759.0668700835387, 758.8660854272159]
INFORMACIÓN : 0positionsBundle [348, 492, 1627, 2088, 1012]
INFORMACIÓN : 0levelsBundle [3, 3, 3, 3, 3]
INFORMACIÓN : 0positionsOrdered [348, 492, 1627, 2088, 1012]
INFORMACIÓN : 0levelsOrdered [3, 3, 3, 3, 3]
INFORMACIÓN : 0partialityOrdered [3, 3, 3, 3, 3]
INFORMACIÓN : 0arrivalTimes [3.561545965206599, 10.269749897705967, 37.72881033319793, 51.941480736749824, 85.36303067088663]
INFORMACIÓN : timeSat position 348 level 3
INFORMACIÓN : timeSat position 492 level 3
INFORMACIÓN : timeSat position 1627 level 3
INFORMACIÓN : timeSat position 2088 level 3
INFORMACIÓN : I [AB]; lost Test.myBail@3c3ca892; POS 348; sensors [IR, MW]; level 3 I paid 808.6204493137197in favour ofnull paid 808.6204493137197
INFORMACIÓN : 1historia0[773.7101330700132, 0.0, 0.0, 0.0, 0.0, 0.0, 0.0, 0.0, 0.0, 0.0, 0.0, 0.0, 0.0, 0.0, 0.0, 0.0, 0.0, 0.0, 0.0, 0.0, 785.0692980742176, 0.0, 0.0, 0.0, 0.0, 0.0, 792.4063456070969, 0.0, 0.0, 0.0, 0.0, 0.0, 0.0, 0.0, 767.5468293843217, 0.0, 0.0, 0.0, 759.1192311740785, 0.0, 0.0, 767.1788158540633, 0.0, 0.0, 0.0, 790.381966518278, 0.0, 0.0, 0.0, 0.0, 0.0, 0.0, 0.0, 0.0, 0.0, 0.0, 766.1967513868965, 0.0, 0.0, 0.0, 0.0, 0.0, 0.0, 0.0, 797.56823794401, 0.0, 0.0, 0.0, 0.0, 0.0, 0.0, 0.0, 0.0, 0.0, 0.0, 0.0, 0.0, 0.0, 0.0, 0.0, 0.0, 0.0, 0.0, 0.0, 0.0, 0.0, 760.1839532713004, 0.0, 0.0, 0.0, 0.0, 0.0, 0.0, 0.0, 0.0, 0.0, 783.4609469222415, 0.0, 0.0, 0.0, 0.0, 0.0, 0.0, 0.0, 0.0, 0.0, 0.0, 0.0, 0.0, 0.0, 0.0, 0.0, 0.0, 0.0, 0.0, 0.0, 0.0, 0.0, 0.0, 0.0, 0.0, 0.0, 0.0, 0.0, 0.0, 0.0, 0.0, 0.0, 0.0, 0.0, 0.0, 0.0, 0.0, 0.0, 0.0, 0.0, 0.0, 0.0, 0.0, 0.0, 0.0, 0.0, 0.0, 802.8077253091262, 767.8405670559134, 0.0, 0.0, 0.0, 0.0, 0.0, 0.0, 0.0, 0.0, 0.0, 0.0, 0.0, 0.0, 0.0, 0.0, 0.0, 0.0, 0.0, 802.0979346512331, 0.0, 0.0, 0.0, 0.0, 0.0, 0.0, 763.3326680513576]
INFORMACIÓN : 1apuestaBundle [758.1962025654856, 273.02664696944623, 251.99158396624335, 240.9865336978434, 236.97135674224512]
INFORMACIÓN : 1positionsBundle [2088, 424, 1879, 1661, 2065]
INFORMACIÓN : 1levelsBundle [3, 2, 2, 2, 2]
INFORMACIÓN : 1positionsOrdered [424, 2088, 1879, 1661, 2065]
INFORMACIÓN : 1levelsOrdered [2, 3, 2, 2, 2]
INFORMACIÓN : 1partialityOrdered [2, 3, 2, 2, 2]
INFORMACIÓN : 1arrivalTimes [22.310198528562974, 60.01213419924885, 69.86099200104495, 88.30008091563073, 97.24435282562989]
INFORMACIÓN : timeSat position 2088 level 3
INFORMACIÓN : I [AB]; lost Test.myBail@be68325; POS 2088; sensors [IR, MW]; level 3 I paid 758.1962025654856in favour ofnull paid 758.1962025654856
INFORMACIÓN : 2historia0[773.7101330700132, 0.0, 0.0, 0.0, 0.0, 0.0, 0.0, 0.0, 0.0, 0.0, 0.0, 0.0, 0.0, 0.0, 0.0, 0.0, 0.0, 0.0, 0.0, 0.0, 785.0692980742176, 0.0, 0.0, 0.0, 0.0, 0.0, 792.4063456070969, 0.0, 0.0, 0.0, 0.0, 0.0, 0.0, 0.0, 767.5823833801219, 0.0, 0.0, 0.0, 0.0, 0.0, 0.0, 767.1788158540633, 0.0, 0.0, 0.0, 790.381966518278, 0.0, 0.0, 0.0, 0.0, 0.0, 0.0, 0.0, 0.0, 273.31304032442154, 0.0, 766.1967513868965, 0.0, 0.0, 0.0, 0.0, 796.0280136409715, 0.0, 0.0, 797.56823794401, 0.0, 0.0, 0.0, 0.0, 0.0, 0.0, 0.0, 0.0, 0.0, 0.0, 276.1576715232377, 0.0, 0.0, 284.38011038868535, 0.0, 0.0, 0.0, 0.0, 806.5627303620836, 0.0, 0.0, 0.0, 0.0, 0.0, 0.0, 0.0, 0.0, 0.0, 0.0, 0.0, 0.0, 783.4609469222415, 0.0, 0.0, 301.80470575148536, 0.0, 0.0, 0.0, 0.0, 0.0, 0.0, 0.0, 0.0, 0.0, 0.0, 0.0, 0.0, 0.0, 0.0, 0.0, 0.0, 0.0, 288.5343570729117, 0.0, 0.0, 0.0, 0.0, 0.0, 0.0, 0.0, 0.0, 0.0, 0.0, 294.33636658418874, 0.0, 0.0, 0.0, 0.0, 0.0, 0.0, 0.0, 0.0, 0.0, 0.0, 0.0, 0.0, 0.0, 0.0, 802.589495194681, 0.0, 0.0, 0.0, 0.0, 0.0, 0.0, 0.0, 0.0, 0.0, 0.0, 0.0, 0.0, 0.0, 0.0, 0.0, 0.0, 0.0, 0.0, 801.6267008073467, 0.0, 0.0, 0.0, 0.0, 0.0, 0.0, 763.368286834449]
INFORMACIÓN : 2apuestaBundle [807.9610396899735, 764.2537409919587, 757.9788790497385, 270.30740477403754, 251.99158396624335]
INFORMACIÓN : 2positionsBundle [348, 1627, 2088, 424, 1879]
INFORMACIÓN : 2levelsBundle [3, 3, 3, 2, 2]
INFORMACIÓN : 2positionsOrdered [348, 1627, 2088, 424, 1879]
INFORMACIÓN : 2levelsOrdered [3, 3, 3, 2, 2]
INFORMACIÓN : 2partialityOrdered [3, 3, 3, 2, 2]
INFORMACIÓN : 2arrivalTimes [19.729369842714874, 53.15091977685168, 67.36359018040358, 103.21048683827343, 132.63836477739775]
INFORMACIÓN : I [AB]; lost Test.myBail@30203aa6; POS 1627; sensors [IR, MW]; level 3 I paid 764.2537409919587in favour of33@(myturtles,myturtles,bug)@MK-18427 paid 799.1607832619538
INFORMACIÓN : 3historia0[804.6339406901477, 0.0, 0.0, 0.0, 160.78587315606194, 0.0, 0.0, 0.0, 0.0, 0.0, 0.0, 0.0, 0.0, 0.0, 170.81709449968696, 0.0, 0.0, 0.0, 185.4324859728443, 0.0, 801.7208802068461, 0.0, 0.0, 0.0, 0.0, 0.0, 810.3918302034042, 0.0, 0.0, 0.0, 0.0, 0.0, 0.0, 0.0, 767.5823833801219, 0.0, 0.0, 0.0, 0.0, 0.0, 0.0, 767.1788158540633, 0.0, 0.0, 0.0, 790.381966518278, 0.0, 0.0, 0.0, 189.09882690779182, 0.0, 0.0, 0.0, 0.0, 273.31304032442154, 0.0, 766.1967513868965, 0.0, 0.0, 0.0, 0.0, 796.0280136409715, 0.0, 0.0, 797.56823794401, 0.0, 269.656742831296, 0.0, 0.0, 150.21321288044987, 0.0, 0.0, 0.0, 0.0, 176.6133341537643, 290.1176184082633, 0.0, 0.0, 284.38011038868535, 0.0, 0.0, 0.0, 164.07012033030242, 806.5627303620836, 0.0, 0.0, 0.0, 0.0, 0.0, 0.0, 0.0, 0.0, 0.0, 0.0, 0.0, 0.0, 783.4609469222415, 799.1607832619538, 0.0, 0.0, 0.0, 0.0, 0.0, 0.0, 0.0, 0.0, 0.0, 0.0, 0.0, 0.0, 0.0, 0.0, 0.0, 0.0, 0.0, 0.0, 0.0, 0.0, 0.0, 0.0, 0.0, 0.0, 289.12615056397163, 807.9610396899735, 0.0, 0.0, 0.0, 0.0, 0.0, 0.0, 0.0, 0.0, 0.0, 0.0, 0.0, 0.0, 159.99628033781642, 0.0, 0.0, 0.0, 0.0, 0.0, 0.0, 802.589495194681, 0.0, 0.0, 0.0, 0.0, 0.0, 0.0, 0.0, 0.0, 0.0, 0.0, 0.0, 0.0, 0.0, 0.0, 0.0, 0.0, 0.0, 0.0, 801.6267008073467, 0.0, 0.0, 0.0, 0.0, 177.6042332909119, 0.0, 763.368286834449]
INFORMACIÓN : 3apuestaBundle [807.9610396899735, 183.8151556889277, 178.88560967645128, 161.87000303383888, 60.219129114555585]
INFORMACIÓN : 3positionsBundle [348, 89, 995, 171, 419]
INFORMACIÓN : 3levelsBundle [3, 3, 1, 1, 2]
INFORMACIÓN : 3positionsOrdered [348, 89, 995, 171, 419]
INFORMACIÓN : 3levelsOrdered [3, 3, 1, 1, 2]
INFORMACIÓN : 3partialityOrdered [3, 3, 1, 1, 2]
INFORMACIÓN : 3arrivalTimes [19.729369842714874, 30.024999983701875, 48.99866594471215, 77.84307614842406, 83.22824095555856]
INFORMACIÓN : I [AB]; lost Test.myBail@6c88e49a; POS 995; sensors []; level 1 I paid 178.88560967645128in favour ofnull paid 0.0
INFORMACIÓN : 4historia0[804.6339406901477, 0.0, 0.0, 0.0, 0.0, 0.0, 0.0, 0.0, 0.0, 0.0, 0.0, 0.0, 0.0, 0.0, 0.0, 0.0, 0.0, 0.0, 185.4324859728443, 765.9321561193739, 801.7208802068461, 0.0, 0.0, 0.0, 0.0, 0.0, 810.3918302034042, 0.0, 0.0, 0.0, 0.0, 0.0, 0.0, 0.0, 773.0866310032765, 0.0, 0.0, 0.0, 779.6168342624097, 0.0, 0.0, 767.1788158540633, 0.0, 0.0, 0.0, 790.381966518278, 0.0, 0.0, 0.0, 189.09882690779182, 0.0, 0.0, 0.0, 0.0, 242.30220370358415, 0.0, 766.1967513868965, 0.0, 0.0, 0.0, 0.0, 0.0, 0.0, 0.0, 797.56823794401, 0.0, 269.656742831296, 0.0, 0.0, 0.0, 0.0, 0.0, 0.0, 0.0, 0.0, 290.1176184082633, 0.0, 0.0, 0.0, 752.332958478424, 0.0, 0.0, 0.0, 806.5627303620836, 0.0, 0.0, 0.0, 0.0, 0.0, 0.0, 0.0, 0.0, 0.0, 239.69852988870156, 0.0, 0.0, 783.4609469222415, 799.1607832619538, 0.0, 0.0, 0.0, 0.0, 0.0, 0.0, 0.0, 0.0, 289.0247778857438, 0.0, 0.0, 0.0, 0.0, 0.0, 0.0, 0.0, 0.0, 0.0, 0.0, 262.1319467534436, 0.0, 0.0, 0.0, 0.0, 289.12615056397163, 807.9610396899735, 0.0, 0.0, 0.0, 0.0, 0.0, 0.0, 0.0, 0.0, 276.7347349541045, 0.0, 183.8151556889277, 0.0, 0.0, 0.0, 0.0, 0.0, 0.0, 0.0, 0.0, 802.589495194681, 0.0, 0.0, 0.0, 0.0, 0.0, 0.0, 0.0, 0.0, 0.0, 0.0, 0.0, 0.0, 0.0, 0.0, 0.0, 0.0, 0.0, 0.0, 801.6267008073467, 0.0, 0.0, 0.0, 0.0, 177.6042332909119, 0.0, 808.638068902154]
INFORMACIÓN : 4apuestaBundle [807.9610396899735, 183.8151556889277, 60.219129114555585, 33.8821370410204]
INFORMACIÓN : 4positionsBundle [348, 89, 419, 2065]
INFORMACIÓN : 4levelsBundle [3, 3, 2, 1]
INFORMACIÓN : 4positionsOrdered [348, 89, 419, 2065]
INFORMACIÓN : 4levelsOrdered [3, 3, 2, 1]
INFORMACIÓN : 4partialityOrdered [3, 3, 2, 2]
INFORMACIÓN : 4arrivalTimes [19.729369842714874, 30.024999983701875, 51.21462008411896, 84.45616036130829]
INFORMACIÓN : mutexSat position 2065 level 1
INFORMACIÓN : I [AB]; lost Test.myBail@129526ba; POS 2065; sensors []; level 1 I paid 33.8821370410204in favour ofnull paid 33.8821370410204
INFORMACIÓN : 5historia0[804.6339406901477, 0.0, 81.15633540619046, 0.0, 0.0, 0.0, 0.0, 0.0, 0.0, 0.0, 0.0, 0.0, 0.0, 0.0, 0.0, 0.0, 0.0, 0.0, 185.4324859728443, 765.9321561193739, 801.7208802068461, 0.0, 0.0, 0.0, 0.0, 0.0, 810.3918302034042, 0.0, 0.0, 0.0, 0.0, 0.0, 0.0, 0.0, 773.0866310032765, 0.0, 0.0, 0.0, 779.6168342624097, 0.0, 0.0, 767.1788158540633, 0.0, 0.0, 0.0, 790.381966518278, 0.0, 0.0, 0.0, 189.09882690779182, 0.0, 0.0, 0.0, 0.0, 242.30220370358415, 0.0, 766.1967513868965, 0.0, 0.0, 0.0, 0.0, 0.0, 0.0, 0.0, 797.56823794401, 0.0, 0.0, 0.0, 0.0, 0.0, 0.0, 0.0, 0.0, 0.0, 151.21749048155561, 290.1176184082633, 0.0, 0.0, 239.5581435611757, 752.332958478424, 0.0, 0.0, 181.13445896956046, 806.5627303620836, 0.0, 0.0, 0.0, 0.0, 0.0, 0.0, 0.0, 0.0, 0.0, 239.69852988870156, 0.0, 0.0, 783.4609469222415, 799.1607832619538, 0.0, 0.0, 0.0, 0.0, 0.0, 0.0, 0.0, 0.0, 289.0247778857438, 0.0, 0.0, 0.0, 0.0, 0.0, 0.0, 0.0, 0.0, 0.0, 0.0, 262.1319467534436, 0.0, 0.0, 0.0, 0.0, 289.12615056397163, 807.9610396899735, 0.0, 0.0, 0.0, 0.0, 223.1444718765713, 0.0, 0.0, 0.0, 276.7347349541045, 45.59386119307976, 183.8151556889277, 0.0, 0.0, 0.0, 0.0, 0.0, 0.0, 0.0, 0.0, 802.589495194681, 0.0, 0.0, 60.219129114555585, 0.0, 0.0, 0.0, 0.0, 0.0, 0.0, 0.0, 0.0, 0.0, 0.0, 0.0, 0.0, 0.0, 0.0, 0.0, 801.6267008073467, 0.0, 0.0, 0.0, 0.0, 177.6042332909119, 0.0, 808.638068902154]
INFORMACIÓN : 5apuestaBundle [807.9610396899735, 183.8151556889277, 60.219129114555585, 66.91741122958365]
INFORMACIÓN : 5positionsBundle [348, 89, 419, 424]
INFORMACIÓN : 5levelsBundle [3, 3, 2, 1]
INFORMACIÓN : 5positionsOrdered [348, 89, 419, 424]
INFORMACIÓN : 5levelsOrdered [3, 3, 2, 1]
INFORMACIÓN : 5partialityOrdered [3, 3, 2, 2]
INFORMACIÓN : 5arrivalTimes [19.729369842714874, 30.024999983701875, 51.21462008411896, 56.21462008411896]
INFORMACIÓN : timeSat position 419 level 2
INFORMACIÓN : I [AB]; lost Test.myBail@35ef6b0e; POS 419; sensors [IR]; level 2 I paid 60.219129114555585in favour ofnull paid 60.219129114555585
INFORMACIÓN : 6historia0[804.6339406901477, 0.0, 0.0, 0.0, 0.0, 0.0, 0.0, 0.0, 0.0, 0.0, 0.0, 0.0, 0.0, 0.0, 0.0, 0.0, 0.0, 0.0, 185.4324859728443, 765.9321561193739, 801.7208802068461, 0.0, 0.0, 0.0, 0.0, 0.0, 810.3918302034042, 0.0, 0.0, 0.0, 0.0, 0.0, 44.471269993457554, 0.0, 773.0866310032765, 0.0, 0.0, 0.0, 779.6168342624097, 0.0, 0.0, 767.1788158540633, 0.0, 0.0, 0.0, 790.381966518278, 0.0, 0.0, 0.0, 189.09882690779182, 0.0, 0.0, 0.0, 0.0, 242.30220370358415, 0.0, 766.1967513868965, 0.0, 0.0, 0.0, 0.0, 0.0, 0.0, 0.0, 797.56823794401, 0.0, 0.0, 0.0, 0.0, 0.0, 0.0, 0.0, 0.0, 0.0, 151.21749048155561, 290.1176184082633, 0.0, 0.0, 239.5581435611757, 752.332958478424, 0.0, 0.0, 181.13445896956046, 806.5627303620836, 0.0, 0.0, 0.0, 0.0, 0.0, 0.0, 0.0, 0.0, 0.0, 239.69852988870156, 0.0, 0.0, 783.4609469222415, 799.1607832619538, 0.0, 0.0, 0.0, 0.0, 0.0, 0.0, 0.0, 0.0, 289.0247778857438, 0.0, 0.0, 0.0, 0.0, 0.0, 0.0, 0.0, 0.0, 0.0, 0.0, 262.1319467534436, 0.0, 0.0, 0.0, 0.0, 289.12615056397163, 807.9610396899735, 0.0, 0.0, 0.0, 0.0, 294.33636658418874, 0.0, 0.0, 0.0, 276.7347349541045, 0.0, 183.8151556889277, 0.0, 0.0, 0.0, 0.0, 0.0, 0.0, 65.12538699545416, 0.0, 802.589495194681, 0.0, 0.0, 0.0, 0.0, 0.0, 0.0, 0.0, 0.0, 0.0, 0.0, 0.0, 0.0, 0.0, 0.0, 0.0, 0.0, 0.0, 0.0, 801.6267008073467, 0.0, 0.0, 0.0, 0.0, 177.6042332909119, 0.0, 808.638068902154]
INFORMACIÓN : 6apuestaBundle [807.9610396899735, 183.8151556889277, 178.88560967645128, 161.87000303383888, 66.91741122958365]
INFORMACIÓN : 6positionsBundle [348, 89, 995, 171, 424]
INFORMACIÓN : 6levelsBundle [3, 3, 1, 1, 1]
INFORMACIÓN : 6positionsOrdered [348, 89, 995, 171, 424]
INFORMACIÓN : 6levelsOrdered [3, 3, 1, 1, 1]
INFORMACIÓN : 6partialityOrdered [3, 3, 1, 1, 2]
INFORMACIÓN : 6arrivalTimes [19.729369842714874, 30.024999983701875, 48.99866594471215, 77.84307614842406, 83.67402804326936]
INFORMACIÓN : 7historia0[804.6339406901477, 0.0, 0.0, 0.0, 161.87000303383888, 0.0, 0.0, 0.0, 0.0, 0.0, 0.0, 0.0, 0.0, 0.0, 178.88560967645128, 0.0, 0.0, 0.0, 185.4324859728443, 765.9321561193739, 801.7208802068461, 0.0, 0.0, 0.0, 0.0, 0.0, 810.3918302034042, 0.0, 0.0, 0.0, 0.0, 0.0, 53.07437275472171, 0.0, 773.0866310032765, 0.0, 0.0, 0.0, 779.6168342624097, 0.0, 0.0, 767.1788158540633, 0.0, 0.0, 0.0, 790.381966518278, 0.0, 0.0, 0.0, 189.09882690779182, 0.0, 0.0, 0.0, 0.0, 242.30220370358415, 0.0, 766.1967513868965, 0.0, 0.0, 0.0, 0.0, 0.0, 0.0, 0.0, 797.56823794401, 0.0, 0.0, 66.91741122958365, 0.0, 149.90272440404277, 0.0, 0.0, 0.0, 0.0, 0.0, 290.1176184082633, 0.0, 0.0, 239.5581435611757, 752.332958478424, 0.0, 0.0, 181.13445896956046, 806.5627303620836, 0.0, 0.0, 0.0, 0.0, 0.0, 0.0, 0.0, 0.0, 0.0, 239.69852988870156, 0.0, 0.0, 783.4609469222415, 799.1607832619538, 0.0, 0.0, 0.0, 0.0, 0.0, 0.0, 0.0, 0.0, 289.0247778857438, 0.0, 0.0, 0.0, 0.0, 0.0, 0.0, 0.0, 0.0, 0.0, 0.0, 262.1319467534436, 0.0, 0.0, 0.0, 0.0, 289.12615056397163, 807.9610396899735, 0.0, 0.0, 0.0, 0.0, 294.33636658418874, 0.0, 0.0, 0.0, 276.7347349541045, 43.51412266145644, 183.8151556889277, 0.0, 0.0, 0.0, 0.0, 0.0, 0.0, 65.12538699545416, 0.0, 802.589495194681, 0.0, 0.0, 64.08152828118185, 0.0, 0.0, 0.0, 0.0, 0.0, 0.0, 0.0, 0.0, 0.0, 0.0, 0.0, 0.0, 0.0, 0.0, 0.0, 801.6267008073467, 0.0, 0.0, 0.0, 0.0, 177.6042332909119, 0.0, 808.638068902154]
INFORMACIÓN : 7apuestaBundle [807.9610396899735, 183.8151556889277, 178.88560967645128, 161.87000303383888, 66.91741122958365]
INFORMACIÓN : 7positionsBundle [348, 89, 995, 171, 424]
INFORMACIÓN : 7levelsBundle [3, 3, 1, 1, 1]
INFORMACIÓN : 7positionsOrdered [348, 89, 995, 171, 424]
INFORMACIÓN : 7levelsOrdered [3, 3, 1, 1, 1]
INFORMACIÓN : 7partialityOrdered [3, 3, 1, 1, 2]
INFORMACIÓN : 7arrivalTimes [19.729369842714874, 30.024999983701875, 48.99866594471215, 77.84307614842406, 83.67402804326936]
INFORMACIÓN : 8historia0[804.6339406901477, 0.0, 0.0, 0.0, 161.87000303383888, 0.0, 0.0, 0.0, 0.0, 0.0, 0.0, 0.0, 0.0, 0.0, 178.88560967645128, 0.0, 0.0, 0.0, 185.4324859728443, 765.9321561193739, 801.7208802068461, 0.0, 0.0, 0.0, 0.0, 0.0, 810.3918302034042, 0.0, 0.0, 0.0, 0.0, 0.0, 0.0, 0.0, 773.0866310032765, 0.0, 0.0, 0.0, 779.6168342624097, 0.0, 0.0, 767.1788158540633, 0.0, 0.0, 0.0, 790.381966518278, 0.0, 0.0, 0.0, 189.09882690779182, 0.0, 0.0, 0.0, 0.0, 242.30220370358415, 0.0, 766.1967513868965, 0.0, 0.0, 0.0, 0.0, 0.0, 0.0, 0.0, 797.56823794401, 0.0, 0.0, 66.91741122958365, 0.0, 149.90272440404277, 0.0, 0.0, 0.0, 0.0, 0.0, 290.1176184082633, 0.0, 0.0, 239.5581435611757, 752.332958478424, 0.0, 0.0, 181.13445896956046, 806.5627303620836, 0.0, 0.0, 0.0, 0.0, 0.0, 0.0, 0.0, 0.0, 0.0, 239.69852988870156, 0.0, 0.0, 783.4609469222415, 799.1607832619538, 0.0, 0.0, 0.0, 0.0, 0.0, 0.0, 0.0, 0.0, 289.0247778857438, 0.0, 0.0, 0.0, 0.0, 0.0, 0.0, 0.0, 0.0, 0.0, 0.0, 262.1319467534436, 0.0, 0.0, 0.0, 0.0, 289.12615056397163, 807.9610396899735, 0.0, 0.0, 0.0, 0.0, 294.33636658418874, 0.0, 0.0, 0.0, 276.7347349541045, 45.95052757856547, 183.8151556889277, 0.0, 0.0, 0.0, 0.0, 0.0, 0.0, 65.12538699545416, 0.0, 802.589495194681, 0.0, 0.0, 64.08152828118185, 0.0, 0.0, 0.0, 0.0, 0.0, 0.0, 0.0, 0.0, 0.0, 0.0, 0.0, 0.0, 0.0, 0.0, 0.0, 801.6267008073467, 0.0, 0.0, 0.0, 0.0, 177.6042332909119, 0.0, 808.638068902154]
INFORMACIÓN : 8apuestaBundle [807.9610396899735, 183.8151556889277, 178.88560967645128, 161.87000303383888, 66.91741122958365]
INFORMACIÓN : 8positionsBundle [348, 89, 995, 171, 424]
INFORMACIÓN : 8levelsBundle [3, 3, 1, 1, 1]
INFORMACIÓN : 8positionsOrdered [348, 89, 995, 171, 424]
INFORMACIÓN : 8levelsOrdered [3, 3, 1, 1, 1]
INFORMACIÓN : 8partialityOrdered [3, 3, 1, 1, 2]
INFORMACIÓN : 8arrivalTimes [19.729369842714874, 30.024999983701875, 48.99866594471215, 77.84307614842406, 83.67402804326936]
INFORMACIÓN : 9historia0[804.6339406901477, 0.0, 0.0, 0.0, 161.87000303383888, 0.0, 0.0, 0.0, 0.0, 0.0, 0.0, 0.0, 0.0, 0.0, 178.88560967645128, 0.0, 0.0, 0.0, 185.4324859728443, 765.9321561193739, 801.7208802068461, 0.0, 0.0, 0.0, 0.0, 0.0, 810.3918302034042, 0.0, 0.0, 0.0, 0.0, 0.0, 0.0, 0.0, 773.0866310032765, 0.0, 0.0, 0.0, 779.6168342624097, 0.0, 0.0, 767.1788158540633, 0.0, 0.0, 0.0, 790.381966518278, 0.0, 0.0, 0.0, 189.09882690779182, 0.0, 0.0, 0.0, 0.0, 242.30220370358415, 0.0, 766.1967513868965, 0.0, 0.0, 0.0, 0.0, 0.0, 0.0, 0.0, 797.56823794401, 0.0, 0.0, 66.91741122958365, 0.0, 149.90272440404277, 0.0, 0.0, 0.0, 0.0, 0.0, 290.1176184082633, 0.0, 0.0, 239.5581435611757, 752.332958478424, 0.0, 0.0, 181.13445896956046, 806.5627303620836, 0.0, 0.0, 0.0, 0.0, 0.0, 0.0, 0.0, 0.0, 0.0, 239.69852988870156, 0.0, 0.0, 783.4609469222415, 799.1607832619538, 0.0, 0.0, 0.0, 0.0, 0.0, 0.0, 0.0, 0.0, 289.0247778857438, 0.0, 0.0, 0.0, 0.0, 0.0, 0.0, 0.0, 0.0, 0.0, 0.0, 262.1319467534436, 0.0, 0.0, 0.0, 0.0, 289.12615056397163, 807.9610396899735, 0.0, 0.0, 0.0, 0.0, 294.33636658418874, 0.0, 0.0, 0.0, 276.7347349541045, 45.95052757856547, 183.8151556889277, 0.0, 0.0, 0.0, 0.0, 0.0, 0.0, 65.12538699545416, 0.0, 802.589495194681, 0.0, 0.0, 64.08152828118185, 0.0, 0.0, 0.0, 0.0, 0.0, 0.0, 0.0, 0.0, 0.0, 0.0, 0.0, 0.0, 0.0, 0.0, 0.0, 801.6267008073467, 0.0, 0.0, 0.0, 0.0, 177.6042332909119, 0.0, 808.638068902154]
INFORMACIÓN : 9apuestaBundle [807.9610396899735, 183.8151556889277, 178.88560967645128, 161.87000303383888, 66.91741122958365]
INFORMACIÓN : 9positionsBundle [348, 89, 995, 171, 424]
INFORMACIÓN : 9levelsBundle [3, 3, 1, 1, 1]
INFORMACIÓN : 9positionsOrdered [348, 89, 995, 171, 424]
INFORMACIÓN : 9levelsOrdered [3, 3, 1, 1, 1]
INFORMACIÓN : 9partialityOrdered [3, 3, 1, 1, 2]
INFORMACIÓN : 9arrivalTimes [19.729369842714874, 30.024999983701875, 48.99866594471215, 77.84307614842406, 83.67402804326936]
INFORMACIÓN : 10historia0[804.6339406901477, 0.0, 0.0, 0.0, 161.87000303383888, 0.0, 0.0, 0.0, 0.0, 0.0, 0.0, 0.0, 0.0, 0.0, 178.88560967645128, 0.0, 0.0, 0.0, 185.4324859728443, 765.9321561193739, 801.7208802068461, 0.0, 0.0, 0.0, 0.0, 0.0, 810.3918302034042, 0.0, 0.0, 0.0, 0.0, 0.0, 0.0, 0.0, 773.0866310032765, 0.0, 0.0, 0.0, 779.6168342624097, 0.0, 0.0, 767.1788158540633, 0.0, 0.0, 0.0, 790.381966518278, 0.0, 0.0, 0.0, 189.09882690779182, 0.0, 0.0, 0.0, 0.0, 242.30220370358415, 0.0, 766.1967513868965, 0.0, 0.0, 0.0, 0.0, 0.0, 0.0, 0.0, 797.56823794401, 0.0, 0.0, 66.91741122958365, 0.0, 149.90272440404277, 0.0, 0.0, 0.0, 0.0, 0.0, 290.1176184082633, 0.0, 0.0, 239.5581435611757, 752.332958478424, 0.0, 0.0, 181.13445896956046, 806.5627303620836, 0.0, 0.0, 0.0, 0.0, 0.0, 0.0, 0.0, 0.0, 0.0, 239.69852988870156, 0.0, 0.0, 782.5581326475129, 799.1607832619538, 0.0, 0.0, 0.0, 0.0, 0.0, 0.0, 0.0, 0.0, 289.0247778857438, 0.0, 0.0, 0.0, 0.0, 0.0, 0.0, 0.0, 0.0, 0.0, 0.0, 262.1319467534436, 0.0, 0.0, 0.0, 0.0, 289.12615056397163, 807.9610396899735, 0.0, 0.0, 0.0, 0.0, 294.33636658418874, 0.0, 0.0, 0.0, 276.7347349541045, 45.95052757856547, 183.8151556889277, 0.0, 0.0, 0.0, 0.0, 0.0, 0.0, 65.12538699545416, 0.0, 802.589495194681, 0.0, 0.0, 64.08152828118185, 0.0, 0.0, 0.0, 0.0, 0.0, 0.0, 0.0, 0.0, 0.0, 0.0, 0.0, 0.0, 0.0, 0.0, 0.0, 801.6267008073467, 0.0, 0.0, 0.0, 0.0, 177.6042332909119, 0.0, 808.638068902154]
INFORMACIÓN : 10apuestaBundle [807.9610396899735, 183.8151556889277, 178.88560967645128, 161.87000303383888, 66.91741122958365]
INFORMACIÓN : 10positionsBundle [348, 89, 995, 171, 424]
INFORMACIÓN : 10levelsBundle [3, 3, 1, 1, 1]
INFORMACIÓN : 10positionsOrdered [348, 89, 995, 171, 424]
INFORMACIÓN : 10levelsOrdered [3, 3, 1, 1, 1]
INFORMACIÓN : 10partialityOrdered [3, 3, 1, 1, 2]
INFORMACIÓN : 10arrivalTimes [19.729369842714874, 30.024999983701875, 48.99866594471215, 77.84307614842406, 83.67402804326936]
INFORMACIÓN : mutexSat position 424 level 1
INFORMACIÓN : I [AB]; lost Test.myBail@31244f41; POS 424; sensors []; level 1 I paid 66.91741122958365in favour ofnull paid 66.91741122958365
INFORMACIÓN : 11historia0[804.6339406901477, 0.0, 0.0, 0.0, 161.87000303383888, 0.0, 0.0, 0.0, 0.0, 0.0, 0.0, 0.0, 0.0, 0.0, 178.88560967645128, 0.0, 0.0, 0.0, 185.4324859728443, 765.9321561193739, 0.0, 0.0, 0.0, 0.0, 0.0, 0.0, 0.0, 0.0, 0.0, 0.0, 0.0, 0.0, 0.0, 0.0, 773.0866310032765, 0.0, 0.0, 0.0, 779.6168342624097, 0.0, 0.0, 767.1788158540633, 0.0, 0.0, 0.0, 790.381966518278, 0.0, 0.0, 0.0, 0.0, 0.0, 0.0, 0.0, 0.0, 242.30220370358415, 0.0, 766.1967513868965, 0.0, 0.0, 0.0, 0.0, 745.742613956566, 0.0, 0.0, 797.56823794401, 0.0, 257.8473496190677, 0.0, 0.0, 0.0, 0.0, 0.0, 0.0, 0.0, 0.0, 0.0, 0.0, 0.0, 239.58858635018896, 752.332958478424, 0.0, 0.0, 0.0, 806.5627303620836, 0.0, 0.0, 0.0, 0.0, 0.0, 0.0, 0.0, 0.0, 0.0, 239.69852988870156, 0.0, 0.0, 782.5581326475129, 799.1607832619538, 0.0, 0.0, 0.0, 0.0, 0.0, 0.0, 0.0, 0.0, 289.0247778857438, 0.0, 0.0, 0.0, 0.0, 0.0, 0.0, 0.0, 0.0, 0.0, 0.0, 262.1319467534436, 0.0, 0.0, 0.0, 0.0, 289.12615056397163, 807.9610396899735, 0.0, 0.0, 0.0, 0.0, 294.33636658418874, 0.0, 0.0, 0.0, 276.7347349541045, 0.0, 183.8151556889277, 0.0, 0.0, 0.0, 0.0, 0.0, 0.0, 65.12538699545416, 0.0, 802.7526079937707, 0.0, 0.0, 64.08152828118185, 0.0, 0.0, 0.0, 0.0, 0.0, 0.0, 0.0, 0.0, 0.0, 0.0, 0.0, 0.0, 0.0, 0.0, 0.0, 801.7082237353379, 0.0, 0.0, 0.0, 0.0, 177.6042332909119, 0.0, 808.638068902154]
INFORMACIÓN : 11apuestaBundle [807.9610396899735, 183.8151556889277, 178.88560967645128, 161.87000303383888]
INFORMACIÓN : 11positionsBundle [348, 89, 995, 171]
INFORMACIÓN : 11levelsBundle [3, 3, 1, 1]
INFORMACIÓN : 11positionsOrdered [348, 89, 995, 171]
INFORMACIÓN : 11levelsOrdered [3, 3, 1, 1]
INFORMACIÓN : 11partialityOrdered [3, 3, 1, 1]
INFORMACIÓN : 11arrivalTimes [19.729369842714874, 30.024999983701875, 48.99866594471215, 77.84307614842406]
INFORMACIÓN : depSat position 89 level 3
INFORMACIÓN : I [AB]; lost Test.myBail@2899bd50; POS 89; sensors [IR, MW]; level 3 I paid 183.8151556889277in favour ofnull paid 183.8151556889277
INFORMACIÓN : 12historia0[804.6339406901477, 0.0, 0.0, 0.0, 0.0, 0.0, 0.0, 0.0, 0.0, 0.0, 763.0618004297926, 0.0, 0.0, 0.0, 0.0, 0.0, 0.0, 0.0, 185.4324859728443, 765.9321561193739, 801.7208802068461, 0.0, 0.0, 0.0, 0.0, 0.0, 810.5550051498824, 0.0, 0.0, 0.0, 0.0, 0.0, 0.0, 0.0, 0.0, 0.0, 0.0, 0.0, 779.6168342624097, 0.0, 0.0, 767.1788158540633, 0.0, 0.0, 0.0, 790.381966518278, 0.0, 0.0, 0.0, 0.0, 0.0, 0.0, 0.0, 0.0, 293.5129399374591, 0.0, 766.1967513868965, 0.0, 0.0, 0.0, 0.0, 745.742613956566, 0.0, 0.0, 797.56823794401, 0.0, 257.8473496190677, 0.0, 0.0, 0.0, 0.0, 0.0, 0.0, 0.0, 0.0, 265.3846471372808, 0.0, 0.0, 239.58858635018896, 752.332958478424, 0.0, 0.0, 0.0, 806.5627303620836, 0.0, 0.0, 0.0, 0.0, 0.0, 0.0, 0.0, 0.0, 0.0, 239.69852988870156, 0.0, 0.0, 782.5581326475129, 799.1607832619538, 0.0, 0.0, 0.0, 0.0, 0.0, 0.0, 0.0, 0.0, 0.0, 0.0, 0.0, 0.0, 0.0, 0.0, 0.0, 0.0, 0.0, 0.0, 0.0, 0.0, 0.0, 0.0, 0.0, 0.0, 289.12615056397163, 807.9610396899735, 0.0, 0.0, 0.0, 0.0, 294.33636658418874, 0.0, 0.0, 0.0, 0.0, 43.51412266145644, 0.0, 0.0, 0.0, 0.0, 0.0, 0.0, 0.0, 65.12538699545416, 0.0, 802.7526079937707, 0.0, 0.0, 64.08152828118185, 0.0, 0.0, 0.0, 0.0, 0.0, 0.0, 0.0, 0.0, 0.0, 0.0, 0.0, 0.0, 0.0, 0.0, 0.0, 801.7082237353379, 0.0, 0.0, 0.0, 0.0, 177.6042332909119, 0.0, 0.0]
INFORMACIÓN : 12apuestaBundle [807.9610396899735, 799.5380111685307, 269.4919263074793, 85.44113253212072, 85.44113253212072, 37.73577414407009]
INFORMACIÓN : 12positionsBundle [348, 492, 424, 89, 89, 1661]
INFORMACIÓN : 12levelsBundle [3, 3, 2, 2, 2, 1]
INFORMACIÓN : 12positionsOrdered [492, 348, 89, 89, 424, 1661]
INFORMACIÓN : 12levelsOrdered [3, 3, 2, 2, 2, 1]
INFORMACIÓN : 12partialityOrdered [3, 3, 3, 3, 2, 2]
INFORMACIÓN : 12arrivalTimes [7.021165910215506, 19.729369842714874, 30.024999983701875, 30.024999983701875, 97.34323452579854, 125.52124013300929]
INFORMACIÓN : mutexSat position 1661 level 1
INFORMACIÓN : I [AB]; lost Test.myBail@2831960; POS 1661; sensors []; level 1 I paid 37.73577414407009in favour ofnull paid 37.73577414407009
INFORMACIÓN : 13historia0[804.6339406901477, 0.0, 0.0, 0.0, 0.0, 0.0, 0.0, 0.0, 0.0, 0.0, 763.0618004297926, 0.0, 0.0, 0.0, 0.0, 0.0, 0.0, 0.0, 185.4324859728443, 765.9321561193739, 801.7208802068461, 0.0, 0.0, 85.44113253212072, 0.0, 0.0, 810.5550051498824, 0.0, 0.0, 0.0, 0.0, 0.0, 0.0, 0.0, 0.0, 0.0, 0.0, 0.0, 779.6168342624097, 0.0, 758.497977815973, 767.1788158540633, 0.0, 0.0, 0.0, 790.381966518278, 0.0, 0.0, 0.0, 158.90846437968492, 0.0, 0.0, 0.0, 0.0, 293.5129399374591, 0.0, 766.1967513868965, 0.0, 0.0, 0.0, 0.0, 745.742613956566, 85.44113253212072, 0.0, 797.56823794401, 0.0, 257.8473496190677, 0.0, 0.0, 0.0, 0.0, 0.0, 0.0, 799.5380111685307, 0.0, 265.95171302132485, 0.0, 0.0, 258.3869041791563, 752.332958478424, 0.0, 0.0, 0.0, 806.5627303620836, 0.0, 0.0, 0.0, 0.0, 0.0, 0.0, 0.0, 0.0, 0.0, 237.96067955918926, 0.0, 0.0, 782.5581326475129, 799.1607832619538, 0.0, 0.0, 0.0, 0.0, 0.0, 0.0, 0.0, 0.0, 289.0857486336063, 0.0, 0.0, 0.0, 0.0, 0.0, 269.4919263074793, 0.0, 0.0, 0.0, 0.0, 250.6159608237631, 0.0, 0.0, 0.0, 0.0, 289.12615056397163, 807.9610396899735, 0.0, 0.0, 0.0, 0.0, 294.33636658418874, 0.0, 0.0, 0.0, 276.73466879516354, 43.51412266145644, 0.0, 0.0, 0.0, 0.0, 0.0, 0.0, 0.0, 65.12538699545416, 0.0, 802.7526079937707, 0.0, 0.0, 64.08152828118185, 0.0, 0.0, 0.0, 0.0, 0.0, 0.0, 0.0, 0.0, 0.0, 0.0, 0.0, 0.0, 0.0, 0.0, 0.0, 801.7082237353379, 0.0, 0.0, 0.0, 0.0, 177.6042332909119, 0.0, 808.8008038074086]
INFORMACIÓN : 13apuestaBundle [807.9610396899735, 799.5380111685307, 269.4919263074793, 85.44113253212072, 85.44113253212072]
INFORMACIÓN : 13positionsBundle [348, 492, 424, 89, 89]
INFORMACIÓN : 13levelsBundle [3, 3, 2, 2, 2]
INFORMACIÓN : 13positionsOrdered [492, 348, 89, 89, 424]
INFORMACIÓN : 13levelsOrdered [3, 3, 2, 2, 2]
INFORMACIÓN : 13partialityOrdered [3, 3, 3, 3, 2]
INFORMACIÓN : 13arrivalTimes [7.021165910215506, 19.729369842714874, 30.024999983701875, 30.024999983701875, 97.34323452579854]
INFORMACIÓN : 14historia0[804.6339406901477, 0.0, 0.0, 0.0, 0.0, 0.0, 0.0, 0.0, 0.0, 0.0, 763.0618004297926, 0.0, 0.0, 0.0, 0.0, 0.0, 0.0, 0.0, 185.4324859728443, 765.9321561193739, 801.7208802068461, 0.0, 0.0, 85.44113253212072, 0.0, 0.0, 810.5550051498824, 0.0, 0.0, 0.0, 0.0, 0.0, 0.0, 0.0, 0.0, 0.0, 0.0, 0.0, 779.6168342624097, 0.0, 758.497977815973, 767.1788158540633, 0.0, 0.0, 0.0, 790.381966518278, 0.0, 0.0, 0.0, 158.90846437968492, 0.0, 0.0, 0.0, 0.0, 293.5129399374591, 0.0, 766.1967513868965, 0.0, 0.0, 0.0, 0.0, 745.742613956566, 85.44113253212072, 0.0, 797.56823794401, 0.0, 257.8473496190677, 0.0, 0.0, 0.0, 0.0, 0.0, 0.0, 799.5380111685307, 151.23780732451087, 265.95171302132485, 0.0, 0.0, 258.3869041791563, 752.332958478424, 0.0, 0.0, 183.52170879625328, 806.5627303620836, 0.0, 0.0, 0.0, 0.0, 0.0, 0.0, 0.0, 0.0, 0.0, 237.96067955918926, 0.0, 0.0, 782.5581326475129, 799.1607832619538, 0.0, 0.0, 0.0, 0.0, 0.0, 0.0, 0.0, 0.0, 289.0857486336063, 0.0, 0.0, 0.0, 0.0, 0.0, 269.4919263074793, 0.0, 0.0, 0.0, 0.0, 250.6159608237631, 0.0, 0.0, 0.0, 0.0, 289.12615056397163, 807.9610396899735, 0.0, 0.0, 0.0, 0.0, 294.33636658418874, 0.0, 0.0, 0.0, 276.73466879516354, 43.51412266145644, 0.0, 0.0, 0.0, 0.0, 0.0, 0.0, 0.0, 65.12538699545416, 0.0, 802.7526079937707, 0.0, 0.0, 64.08152828118185, 0.0, 0.0, 0.0, 0.0, 0.0, 0.0, 0.0, 0.0, 0.0, 0.0, 0.0, 0.0, 0.0, 0.0, 0.0, 801.7082237353379, 0.0, 0.0, 0.0, 0.0, 177.6042332909119, 0.0, 808.8008038074086]
INFORMACIÓN : 14apuestaBundle [807.9610396899735, 799.5380111685307, 269.4919263074793, 85.44113253212072, 85.44113253212072]
INFORMACIÓN : 14positionsBundle [348, 492, 424, 89, 89]
INFORMACIÓN : 14levelsBundle [3, 3, 2, 2, 2]
INFORMACIÓN : 14positionsOrdered [492, 348, 89, 89, 424]
INFORMACIÓN : 14levelsOrdered [3, 3, 2, 2, 2]
INFORMACIÓN : 14partialityOrdered [3, 3, 3, 3, 2]
INFORMACIÓN : 14arrivalTimes [7.021165910215506, 19.729369842714874, 30.024999983701875, 30.024999983701875, 97.34323452579854]
INFORMACIÓN : 15historia0[804.6339406901477, 0.0, 0.0, 0.0, 0.0, 0.0, 0.0, 0.0, 0.0, 0.0, 763.0618004297926, 0.0, 0.0, 0.0, 0.0, 0.0, 0.0, 0.0, 185.4324859728443, 765.9321561193739, 801.7208802068461, 0.0, 0.0, 85.44113253212072, 0.0, 0.0, 810.5550051498824, 0.0, 0.0, 0.0, 0.0, 0.0, 0.0, 0.0, 0.0, 0.0, 0.0, 0.0, 779.6168342624097, 0.0, 758.497977815973, 767.1788158540633, 0.0, 0.0, 0.0, 790.381966518278, 0.0, 0.0, 0.0, 158.90846437968492, 0.0, 0.0, 0.0, 0.0, 293.5129399374591, 0.0, 766.1967513868965, 0.0, 0.0, 0.0, 0.0, 745.742613956566, 85.44113253212072, 0.0, 797.56823794401, 0.0, 257.8473496190677, 0.0, 0.0, 0.0, 0.0, 0.0, 0.0, 799.5380111685307, 151.23780732451087, 265.95171302132485, 0.0, 0.0, 258.3869041791563, 752.332958478424, 0.0, 0.0, 183.52170879625328, 806.5627303620836, 0.0, 0.0, 0.0, 0.0, 0.0, 0.0, 0.0, 0.0, 0.0, 237.96067955918926, 0.0, 0.0, 782.5581326475129, 799.1607832619538, 0.0, 0.0, 0.0, 0.0, 0.0, 0.0, 0.0, 0.0, 289.0857486336063, 0.0, 0.0, 0.0, 0.0, 0.0, 269.4919263074793, 0.0, 0.0, 0.0, 0.0, 250.6159608237631, 0.0, 0.0, 0.0, 0.0, 289.12615056397163, 807.9610396899735, 0.0, 0.0, 0.0, 0.0, 294.33636658418874, 0.0, 0.0, 0.0, 276.73466879516354, 43.51412266145644, 0.0, 0.0, 0.0, 0.0, 0.0, 0.0, 0.0, 65.12538699545416, 0.0, 802.7526079937707, 0.0, 0.0, 64.08152828118185, 0.0, 0.0, 0.0, 0.0, 0.0, 0.0, 0.0, 0.0, 0.0, 0.0, 0.0, 0.0, 0.0, 0.0, 0.0, 801.7082237353379, 0.0, 0.0, 0.0, 0.0, 177.6042332909119, 0.0, 808.8008038074086]
INFORMACIÓN : 15apuestaBundle [807.9610396899735, 799.5380111685307, 269.4919263074793, 85.44113253212072, 85.44113253212072]
INFORMACIÓN : 15positionsBundle [348, 492, 424, 89, 89]
INFORMACIÓN : 15levelsBundle [3, 3, 2, 2, 2]
INFORMACIÓN : 15positionsOrdered [492, 348, 89, 89, 424]
INFORMACIÓN : 15levelsOrdered [3, 3, 2, 2, 2]
INFORMACIÓN : 15partialityOrdered [3, 3, 3, 3, 2]
INFORMACIÓN : 15arrivalTimes [7.021165910215506, 19.729369842714874, 30.024999983701875, 30.024999983701875, 97.34323452579854]
INFORMACIÓN : 16historia0[804.6339406901477, 0.0, 0.0, 0.0, 0.0, 0.0, 0.0, 0.0, 0.0, 0.0, 763.0618004297926, 0.0, 0.0, 0.0, 0.0, 0.0, 0.0, 0.0, 185.4324859728443, 765.9321561193739, 801.7208802068461, 0.0, 0.0, 85.44113253212072, 0.0, 0.0, 810.5550051498824, 0.0, 0.0, 0.0, 0.0, 0.0, 0.0, 0.0, 0.0, 0.0, 0.0, 0.0, 779.6168342624097, 0.0, 758.497977815973, 767.1788158540633, 0.0, 0.0, 0.0, 790.381966518278, 0.0, 0.0, 0.0, 158.90846437968492, 0.0, 0.0, 0.0, 0.0, 293.5129399374591, 0.0, 766.1967513868965, 0.0, 0.0, 0.0, 0.0, 745.742613956566, 85.44113253212072, 0.0, 797.56823794401, 0.0, 257.8473496190677, 0.0, 0.0, 0.0, 0.0, 0.0, 0.0, 799.5380111685307, 151.23780732451087, 265.95171302132485, 0.0, 0.0, 258.3869041791563, 752.332958478424, 0.0, 0.0, 183.52170879625328, 806.5627303620836, 0.0, 0.0, 0.0, 0.0, 0.0, 0.0, 0.0, 0.0, 0.0, 237.96067955918926, 0.0, 0.0, 782.5581326475129, 799.1607832619538, 0.0, 0.0, 0.0, 0.0, 0.0, 0.0, 0.0, 0.0, 289.0857486336063, 0.0, 0.0, 0.0, 0.0, 0.0, 269.4919263074793, 0.0, 0.0, 0.0, 0.0, 250.6159608237631, 0.0, 0.0, 0.0, 0.0, 289.12615056397163, 807.9610396899735, 0.0, 0.0, 0.0, 0.0, 294.33636658418874, 0.0, 0.0, 0.0, 276.73466879516354, 43.51412266145644, 0.0, 0.0, 0.0, 0.0, 0.0, 0.0, 0.0, 65.12538699545416, 0.0, 802.7526079937707, 0.0, 0.0, 64.08152828118185, 0.0, 0.0, 0.0, 0.0, 0.0, 0.0, 0.0, 0.0, 0.0, 0.0, 0.0, 0.0, 0.0, 0.0, 0.0, 801.7082237353379, 0.0, 0.0, 0.0, 0.0, 177.6042332909119, 0.0, 808.8008038074086]
INFORMACIÓN : 16apuestaBundle [807.9610396899735, 799.5380111685307, 269.4919263074793, 85.44113253212072, 85.44113253212072]
INFORMACIÓN : 16positionsBundle [348, 492, 424, 89, 89]
INFORMACIÓN : 16levelsBundle [3, 3, 2, 2, 2]
INFORMACIÓN : 16positionsOrdered [492, 348, 89, 89, 424]
INFORMACIÓN : 16levelsOrdered [3, 3, 2, 2, 2]
INFORMACIÓN : 16partialityOrdered [3, 3, 3, 3, 2]
INFORMACIÓN : 16arrivalTimes [7.021165910215506, 19.729369842714874, 30.024999983701875, 30.024999983701875, 97.34323452579854]
INFORMACIÓN : 17historia0[804.6339406901477, 0.0, 0.0, 0.0, 0.0, 0.0, 0.0, 0.0, 0.0, 0.0, 763.0618004297926, 0.0, 0.0, 0.0, 0.0, 0.0, 0.0, 0.0, 185.4324859728443, 765.9321561193739, 801.7208802068461, 0.0, 0.0, 85.44113253212072, 0.0, 0.0, 810.5550051498824, 0.0, 0.0, 0.0, 0.0, 0.0, 0.0, 0.0, 0.0, 0.0, 0.0, 0.0, 779.6168342624097, 0.0, 758.497977815973, 767.1788158540633, 0.0, 0.0, 0.0, 790.381966518278, 0.0, 0.0, 0.0, 158.90846437968492, 0.0, 0.0, 0.0, 0.0, 293.5129399374591, 0.0, 766.1967513868965, 0.0, 0.0, 0.0, 0.0, 745.742613956566, 85.44113253212072, 0.0, 797.56823794401, 0.0, 257.8473496190677, 0.0, 0.0, 0.0, 0.0, 0.0, 0.0, 799.5380111685307, 151.23780732451087, 265.95171302132485, 0.0, 0.0, 258.3869041791563, 752.332958478424, 0.0, 0.0, 183.52170879625328, 806.5627303620836, 0.0, 0.0, 0.0, 0.0, 0.0, 0.0, 0.0, 0.0, 0.0, 237.96067955918926, 0.0, 0.0, 782.5581326475129, 799.1607832619538, 0.0, 0.0, 0.0, 0.0, 0.0, 0.0, 0.0, 0.0, 289.0857486336063, 0.0, 0.0, 0.0, 0.0, 0.0, 269.4919263074793, 0.0, 0.0, 0.0, 0.0, 250.6159608237631, 0.0, 0.0, 0.0, 0.0, 289.12615056397163, 807.9610396899735, 0.0, 0.0, 0.0, 0.0, 294.33636658418874, 0.0, 0.0, 0.0, 276.73466879516354, 43.51412266145644, 0.0, 0.0, 0.0, 0.0, 0.0, 0.0, 0.0, 65.12538699545416, 0.0, 802.7526079937707, 0.0, 0.0, 64.08152828118185, 0.0, 0.0, 0.0, 0.0, 0.0, 0.0, 0.0, 0.0, 0.0, 0.0, 0.0, 0.0, 0.0, 0.0, 0.0, 801.7082237353379, 0.0, 0.0, 0.0, 0.0, 177.6042332909119, 0.0, 808.8008038074086]
INFORMACIÓN : 17apuestaBundle [807.9610396899735, 799.5380111685307, 269.4919263074793, 85.44113253212072, 85.44113253212072]
INFORMACIÓN : 17positionsBundle [348, 492, 424, 89, 89]
INFORMACIÓN : 17levelsBundle [3, 3, 2, 2, 2]
INFORMACIÓN : 17positionsOrdered [492, 348, 89, 89, 424]
INFORMACIÓN : 17levelsOrdered [3, 3, 2, 2, 2]
INFORMACIÓN : 17partialityOrdered [3, 3, 3, 3, 2]
INFORMACIÓN : 17arrivalTimes [7.021165910215506, 19.729369842714874, 30.024999983701875, 30.024999983701875, 97.34323452579854]
INFORMACIÓN : 18historia0[804.6339406901477, 0.0, 0.0, 0.0, 0.0, 0.0, 0.0, 0.0, 0.0, 0.0, 763.0618004297926, 0.0, 0.0, 0.0, 0.0, 0.0, 0.0, 0.0, 185.4324859728443, 765.9321561193739, 801.7208802068461, 0.0, 0.0, 85.44113253212072, 0.0, 0.0, 810.5550051498824, 0.0, 0.0, 0.0, 0.0, 0.0, 0.0, 0.0, 0.0, 0.0, 0.0, 0.0, 779.6168342624097, 0.0, 758.497977815973, 767.1788158540633, 0.0, 0.0, 0.0, 790.381966518278, 0.0, 0.0, 0.0, 158.90846437968492, 0.0, 0.0, 0.0, 0.0, 293.5129399374591, 0.0, 766.1967513868965, 0.0, 0.0, 0.0, 0.0, 745.742613956566, 85.44113253212072, 0.0, 797.56823794401, 0.0, 257.8473496190677, 0.0, 0.0, 0.0, 0.0, 0.0, 0.0, 799.5380111685307, 151.23780732451087, 265.95171302132485, 0.0, 0.0, 258.3869041791563, 752.332958478424, 0.0, 0.0, 183.52170879625328, 806.5627303620836, 0.0, 0.0, 0.0, 0.0, 0.0, 0.0, 0.0, 0.0, 0.0, 237.96067955918926, 0.0, 0.0, 782.5581326475129, 799.1607832619538, 0.0, 0.0, 0.0, 0.0, 0.0, 0.0, 0.0, 0.0, 289.0857486336063, 0.0, 0.0, 0.0, 0.0, 0.0, 269.4919263074793, 0.0, 0.0, 0.0, 0.0, 250.6159608237631, 0.0, 0.0, 0.0, 0.0, 289.12615056397163, 807.9610396899735, 0.0, 0.0, 0.0, 0.0, 294.33636658418874, 0.0, 0.0, 0.0, 276.73466879516354, 43.51412266145644, 0.0, 0.0, 0.0, 0.0, 0.0, 0.0, 0.0, 65.12538699545416, 0.0, 802.7526079937707, 0.0, 0.0, 64.08152828118185, 0.0, 0.0, 0.0, 0.0, 0.0, 0.0, 0.0, 0.0, 0.0, 0.0, 0.0, 0.0, 0.0, 0.0, 0.0, 801.7082237353379, 0.0, 0.0, 0.0, 0.0, 177.6042332909119, 0.0, 808.8008038074086]
INFORMACIÓN : 18apuestaBundle [807.9610396899735, 799.5380111685307, 269.4919263074793, 85.44113253212072, 85.44113253212072]
INFORMACIÓN : 18positionsBundle [348, 492, 424, 89, 89]
INFORMACIÓN : 18levelsBundle [3, 3, 2, 2, 2]
INFORMACIÓN : 18positionsOrdered [492, 348, 89, 89, 424]
INFORMACIÓN : 18levelsOrdered [3, 3, 2, 2, 2]
INFORMACIÓN : 18partialityOrdered [3, 3, 3, 3, 2]
INFORMACIÓN : 18arrivalTimes [7.021165910215506, 19.729369842714874, 30.024999983701875, 30.024999983701875, 97.34323452579854]
INFORMACIÓN : 19historia0[804.6339406901477, 0.0, 0.0, 0.0, 0.0, 0.0, 0.0, 0.0, 0.0, 0.0, 763.0618004297926, 0.0, 0.0, 0.0, 0.0, 0.0, 0.0, 0.0, 185.4324859728443, 765.9321561193739, 801.7208802068461, 0.0, 0.0, 85.44113253212072, 0.0, 0.0, 810.5550051498824, 0.0, 0.0, 0.0, 0.0, 0.0, 0.0, 0.0, 0.0, 0.0, 0.0, 0.0, 779.6168342624097, 0.0, 758.497977815973, 767.1788158540633, 0.0, 0.0, 0.0, 790.381966518278, 0.0, 0.0, 0.0, 158.90846437968492, 0.0, 0.0, 0.0, 0.0, 293.5129399374591, 0.0, 766.0182702050104, 0.0, 0.0, 0.0, 0.0, 745.742613956566, 85.44113253212072, 0.0, 797.56823794401, 0.0, 257.8473496190677, 0.0, 0.0, 0.0, 0.0, 0.0, 0.0, 799.5380111685307, 151.23780732451087, 265.95171302132485, 0.0, 0.0, 258.3869041791563, 752.332958478424, 0.0, 0.0, 183.52170879625328, 806.5627303620836, 0.0, 0.0, 0.0, 0.0, 0.0, 0.0, 0.0, 0.0, 0.0, 237.96067955918926, 0.0, 0.0, 782.5581326475129, 799.1607832619538, 0.0, 0.0, 0.0, 0.0, 0.0, 0.0, 0.0, 0.0, 289.0857486336063, 0.0, 0.0, 0.0, 0.0, 0.0, 269.4919263074793, 0.0, 0.0, 0.0, 0.0, 250.6159608237631, 0.0, 0.0, 0.0, 0.0, 289.12615056397163, 807.9610396899735, 0.0, 0.0, 0.0, 0.0, 294.33636658418874, 0.0, 0.0, 0.0, 276.73466879516354, 0.0, 0.0, 0.0, 0.0, 0.0, 0.0, 0.0, 0.0, 65.12538699545416, 0.0, 802.7526079937707, 0.0, 0.0, 64.08152828118185, 0.0, 0.0, 0.0, 0.0, 0.0, 0.0, 0.0, 0.0, 0.0, 0.0, 0.0, 0.0, 0.0, 0.0, 0.0, 801.7082237353379, 0.0, 0.0, 0.0, 0.0, 177.6042332909119, 0.0, 808.8008038074086]
INFORMACIÓN : 19apuestaBundle [807.9610396899735, 799.5380111685307, 269.4919263074793, 85.44113253212072, 85.44113253212072]
INFORMACIÓN : 19positionsBundle [348, 492, 424, 89, 89]
INFORMACIÓN : 19levelsBundle [3, 3, 2, 2, 2]
INFORMACIÓN : 19positionsOrdered [492, 348, 89, 89, 424]
INFORMACIÓN : 19levelsOrdered [3, 3, 2, 2, 2]
INFORMACIÓN : 19partialityOrdered [3, 3, 3, 3, 2]
INFORMACIÓN : 19arrivalTimes [7.021165910215506, 19.729369842714874, 30.024999983701875, 30.024999983701875, 97.34323452579854]
INFORMACIÓN : 20historia0[804.6339406901477, 0.0, 0.0, 0.0, 0.0, 0.0, 0.0, 0.0, 0.0, 0.0, 0.0, 0.0, 0.0, 0.0, 0.0, 0.0, 0.0, 0.0, 185.4324859728443, 765.9321561193739, 801.7208802068461, 0.0, 0.0, 85.44113253212072, 0.0, 0.0, 810.5550051498824, 0.0, 0.0, 0.0, 0.0, 0.0, 0.0, 0.0, 0.0, 0.0, 0.0, 0.0, 779.6168342624097, 0.0, 758.497977815973, 767.1788158540633, 0.0, 0.0, 0.0, 790.381966518278, 0.0, 0.0, 0.0, 158.90846437968492, 0.0, 0.0, 0.0, 0.0, 0.0, 0.0, 766.0182702050104, 0.0, 0.0, 0.0, 0.0, 745.742613956566, 85.44113253212072, 0.0, 797.56823794401, 0.0, 257.8473496190677, 0.0, 0.0, 0.0, 0.0, 0.0, 0.0, 799.5380111685307, 151.23780732451087, 265.95171302132485, 0.0, 0.0, 258.3869041791563, 752.332958478424, 0.0, 0.0, 0.0, 806.5627303620836, 0.0, 0.0, 0.0, 0.0, 0.0, 0.0, 0.0, 0.0, 0.0, 237.96067955918926, 0.0, 0.0, 782.5581326475129, 799.1607832619538, 0.0, 0.0, 0.0, 0.0, 0.0, 0.0, 0.0, 0.0, 289.0857486336063, 0.0, 0.0, 0.0, 0.0, 0.0, 269.4919263074793, 0.0, 0.0, 0.0, 0.0, 250.6159608237631, 0.0, 0.0, 0.0, 0.0, 289.12615056397163, 807.9610396899735, 0.0, 0.0, 0.0, 0.0, 294.33636658418874, 0.0, 0.0, 0.0, 276.73466879516354, 0.0, 0.0, 0.0, 0.0, 0.0, 0.0, 0.0, 0.0, 65.12538699545416, 0.0, 802.7526079937707, 0.0, 0.0, 64.08152828118185, 0.0, 0.0, 0.0, 0.0, 0.0, 0.0, 0.0, 0.0, 0.0, 0.0, 0.0, 0.0, 0.0, 0.0, 0.0, 801.7082237353379, 0.0, 0.0, 0.0, 0.0, 177.6042332909119, 0.0, 808.8008038074086]
INFORMACIÓN : 20apuestaBundle [807.9610396899735, 799.5380111685307, 269.4919263074793, 85.44113253212072, 85.44113253212072]
INFORMACIÓN : 20positionsBundle [348, 492, 424, 89, 89]
INFORMACIÓN : 20levelsBundle [3, 3, 2, 2, 2]
INFORMACIÓN : 20positionsOrdered [492, 348, 89, 89, 424]
INFORMACIÓN : 20levelsOrdered [3, 3, 2, 2, 2]
INFORMACIÓN : 20partialityOrdered [3, 3, 3, 3, 2]
INFORMACIÓN : 20arrivalTimes [7.021165910215506, 19.729369842714874, 30.024999983701875, 30.024999983701875, 97.34323452579854]
INFORMACIÓN : depSat position 89 level 2
INFORMACIÓN : depSat position 89 level 2
INFORMACIÓN : I [AB]; lost Test.myBail@6c6bcd75; POS 89; sensors [IR]; level 2 I paid 85.44113253212072in favour ofnull paid 85.44113253212072
INFORMACIÓN : 21historia0[0.0, 0.0, 0.0, 0.0, 0.0, 0.0, 0.0, 0.0, 0.0, 0.0, 0.0, 0.0, 0.0, 0.0, 0.0, 0.0, 0.0, 0.0, 0.0, 765.9321561193739, 801.7208802068461, 0.0, 0.0, 0.0, 0.0, 0.0, 810.5550051498824, 0.0, 0.0, 0.0, 0.0, 0.0, 0.0, 0.0, 0.0, 0.0, 0.0, 0.0, 779.6168342624097, 0.0, 758.497977815973, 767.1788158540633, 0.0, 0.0, 0.0, 790.381966518278, 0.0, 0.0, 0.0, 0.0, 0.0, 0.0, 0.0, 0.0, 0.0, 0.0, 766.0182702050104, 0.0, 0.0, 0.0, 0.0, 745.742613956566, 0.0, 0.0, 797.56823794401, 0.0, 257.8473496190677, 0.0, 0.0, 0.0, 0.0, 0.0, 0.0, 799.5380111685307, 151.23780732451087, 0.0, 0.0, 0.0, 0.0, 752.332958478424, 0.0, 0.0, 0.0, 806.5627303620836, 0.0, 0.0, 0.0, 0.0, 0.0, 0.0, 0.0, 0.0, 0.0, 237.96067955918926, 0.0, 0.0, 782.5581326475129, 0.0, 0.0, 0.0, 0.0, 0.0, 0.0, 0.0, 0.0, 0.0, 0.0, 0.0, 0.0, 0.0, 0.0, 0.0, 269.4919263074793, 0.0, 0.0, 0.0, 0.0, 0.0, 0.0, 0.0, 0.0, 0.0, 0.0, 807.9610396899735, 0.0, 0.0, 0.0, 0.0, 294.33636658418874, 0.0, 0.0, 0.0, 0.0, 43.51412266145644, 0.0, 0.0, 0.0, 0.0, 0.0, 0.0, 0.0, 0.0, 0.0, 802.7526079937707, 0.0, 0.0, 0.0, 0.0, 0.0, 0.0, 0.0, 0.0, 0.0, 0.0, 0.0, 0.0, 0.0, 0.0, 0.0, 0.0, 0.0, 0.0, 801.7082237353379, 0.0, 0.0, 0.0, 0.0, 0.0, 0.0, 0.0]
INFORMACIÓN : 21apuestaBundle [807.9610396899735, 799.5380111685307, 269.4919263074793, 358.2545037699605, 358.2545037699605, 346.7162594288675]
INFORMACIÓN : 21positionsBundle [348, 492, 424, 1627, 1627, 2088]
INFORMACIÓN : 21levelsBundle [3, 3, 2, 2, 2, 2]
INFORMACIÓN : 21positionsOrdered [492, 348, 424, 1627, 1627, 2088]
INFORMACIÓN : 21levelsOrdered [3, 3, 2, 2, 2, 2]
INFORMACIÓN : 21partialityOrdered [3, 3, 2, 3, 3, 3]
INFORMACIÓN : 21arrivalTimes [7.021165910215506, 19.729369842714874, 97.34323452579854, 121.53000777069418, 121.53000777069418, 135.74267817424607]
INFORMACIÓN : mutexSat position 1627 level 2
INFORMACIÓN : mutexSat position 1627 level 2
INFORMACIÓN : mutexSat position 2088 level 2
INFORMACIÓN : I [AB]; lost Test.myBail@32e8566c; POS 1627; sensors [IR]; level 2 I paid 358.2545037699605in favour ofnull paid 358.2545037699605
INFORMACIÓN : 22historia0[804.6339406901477, 0.0, 0.0, 0.0, 0.0, 0.0, 0.0, 0.0, 0.0, 0.0, 743.590623738215, 0.0, 0.0, 0.0, 0.0, 0.0, 0.0, 0.0, 0.0, 765.9321561193739, 801.7208802068461, 0.0, 0.0, 0.0, 0.0, 0.0, 810.5550051498824, 0.0, 0.0, 0.0, 0.0, 0.0, 0.0, 0.0, 0.0, 0.0, 0.0, 0.0, 779.6168342624097, 0.0, 787.4005406448871, 767.1788158540633, 0.0, 0.0, 0.0, 790.381966518278, 0.0, 32.164561414174614, 0.0, 0.0, 0.0, 0.0, 0.0, 0.0, 0.0, 0.0, 766.0182702050104, 0.0, 0.0, 0.0, 0.0, 745.742613956566, 0.0, 0.0, 797.56823794401, 0.0, 257.8473496190677, 0.0, 0.0, 0.0, 0.0, 0.0, 0.0, 799.5380111685307, 151.23780732451087, 258.03785250823455, 0.0, 0.0, 0.0, 0.0, 0.0, 0.0, 0.0, 806.5627303620836, 0.0, 0.0, 0.0, 0.0, 0.0, 0.0, 0.0, 0.0, 0.0, 263.43415104216456, 0.0, 0.0, 782.5581326475129, 0.0, 0.0, 0.0, 25.42438897725333, 0.0, 0.0, 0.0, 0.0, 0.0, 0.0, 0.0, 0.0, 0.0, 0.0, 0.0, 269.4919263074793, 0.0, 0.0, 0.0, 0.0, 0.0, 0.0, 0.0, 0.0, 0.0, 0.0, 807.9610396899735, 0.0, 0.0, 0.0, 0.0, 294.33636658418874, 0.0, 0.0, 0.0, 0.0, 43.51412266145644, 0.0, 0.0, 0.0, 0.0, 0.0, 0.0, 0.0, 0.0, 0.0, 802.7526079937707, 0.0, 0.0, 0.0, 0.0, 0.0, 0.0, 0.0, 0.0, 0.0, 0.0, 0.0, 0.0, 0.0, 0.0, 0.0, 0.0, 0.0, 0.0, 801.7082237353379, 0.0, 0.0, 0.0, 0.0, 0.0, 0.0, 0.0]
INFORMACIÓN : 22apuestaBundle [807.9610396899735, 799.5380111685307, 269.4919263074793, 152.5354894578213, 85.44113253212072, 85.44113253212072]
INFORMACIÓN : 22positionsBundle [348, 492, 424, 1624, 89, 89]
INFORMACIÓN : 22levelsBundle [3, 3, 2, 1, 2, 2]
INFORMACIÓN : 22positionsOrdered [492, 348, 89, 89, 424, 1624]
INFORMACIÓN : 22levelsOrdered [3, 3, 2, 2, 2, 1]
INFORMACIÓN : 22partialityOrdered [3, 3, 3, 3, 2, 1]
INFORMACIÓN : 22arrivalTimes [7.021165910215506, 19.729369842714874, 30.024999983701875, 30.024999983701875, 97.34323452579854, 121.34323452579854]
INFORMACIÓN : 23historia0[804.6339406901477, 0.0, 0.0, 0.0, 0.0, 0.0, 0.0, 0.0, 0.0, 0.0, 0.0, 0.0, 0.0, 0.0, 0.0, 0.0, 0.0, 0.0, 152.5354894578213, 765.9321561193739, 801.7208802068461, 0.0, 0.0, 85.44113253212072, 0.0, 0.0, 810.5550051498824, 0.0, 0.0, 0.0, 0.0, 0.0, 0.0, 0.0, 773.1684306418015, 0.0, 0.0, 0.0, 779.6168342624097, 0.0, 787.4005406448871, 767.1788158540633, 0.0, 0.0, 0.0, 790.381966518278, 0.0, 0.0, 0.0, 0.0, 0.0, 0.0, 0.0, 0.0, 293.5129399374591, 0.0, 775.1535377839115, 0.0, 0.0, 0.0, 0.0, 745.742613956566, 85.44113253212072, 0.0, 797.56823794401, 0.0, 257.8473496190677, 0.0, 0.0, 0.0, 0.0, 0.0, 0.0, 799.5380111685307, 151.23780732451087, 265.9517130213253, 0.0, 0.0, 0.0, 0.0, 0.0, 0.0, 183.52170879625328, 806.5627303620836, 337.93165080657184, 0.0, 0.0, 0.0, 0.0, 0.0, 0.0, 0.0, 0.0, 263.43415104216456, 0.0, 0.0, 782.5581326475129, 0.0, 0.0, 0.0, 0.0, 0.0, 0.0, 0.0, 0.0, 0.0, 288.76411258789653, 0.0, 0.0, 0.0, 0.0, 0.0, 269.4919263074793, 0.0, 0.0, 0.0, 0.0, 0.0, 0.0, 0.0, 0.0, 0.0, 277.85703990760874, 807.9610396899735, 0.0, 0.0, 0.0, 0.0, 294.33636658418874, 0.0, 0.0, 0.0, 0.0, 43.51412266145644, 0.0, 0.0, 0.0, 0.0, 0.0, 0.0, 0.0, 0.0, 0.0, 802.7526079937707, 0.0, 0.0, 0.0, 0.0, 0.0, 0.0, 0.0, 0.0, 0.0, 0.0, 0.0, 0.0, 0.0, 0.0, 0.0, 0.0, 337.93165080657184, 0.0, 801.7082237353379, 0.0, 0.0, 0.0, 0.0, 0.0, 0.0, 807.9423362100767]
INFORMACIÓN : 23apuestaBundle [807.9610396899735, 799.5380111685307, 269.4919263074793, 152.5354894578213, 85.44113253212072, 85.44113253212072]
INFORMACIÓN : 23positionsBundle [348, 492, 424, 1624, 89, 89]
INFORMACIÓN : 23levelsBundle [3, 3, 2, 1, 2, 2]
INFORMACIÓN : 23positionsOrdered [492, 348, 89, 89, 424, 1624]
INFORMACIÓN : 23levelsOrdered [3, 3, 2, 2, 2, 1]
INFORMACIÓN : 23partialityOrdered [3, 3, 3, 3, 2, 1]
INFORMACIÓN : 23arrivalTimes [7.021165910215506, 19.729369842714874, 30.024999983701875, 30.024999983701875, 97.34323452579854, 121.34323452579854]
INFORMACIÓN : mutexSat position 89 level 2
INFORMACIÓN : mutexSat position 89 level 2
INFORMACIÓN : I [AB]; lost Test.myBail@6c6bcd75; POS 89; sensors [IR]; level 2 I paid 85.44113253212072in favour ofnull paid 85.44113253212072
INFORMACIÓN : 24historia0[804.6339406901477, 0.0, 0.0, 0.0, 151.46704453897428, 0.0, 0.0, 0.0, 0.0, 0.0, 743.590623738215, 0.0, 0.0, 0.0, 165.24134389281483, 0.0, 0.0, 0.0, 152.5354894578213, 765.9321561193739, 801.7208802068461, 0.0, 0.0, 0.0, 0.0, 0.0, 810.5550051498824, 0.0, 0.0, 0.0, 0.0, 0.0, 0.0, 0.0, 773.1684306418015, 0.0, 0.0, 0.0, 779.6168342624097, 0.0, 787.4005406448871, 767.1788158540633, 0.0, 0.0, 0.0, 790.381966518278, 0.0, 0.0, 0.0, 0.0, 0.0, 0.0, 0.0, 0.0, 293.5129399374591, 0.0, 775.1535377839115, 0.0, 0.0, 0.0, 0.0, 745.742613956566, 0.0, 0.0, 797.56823794401, 0.0, 257.8473496190677, 0.0, 0.0, 0.0, 0.0, 0.0, 0.0, 799.5380111685307, 151.23780732451087, 265.9517130213253, 0.0, 0.0, 0.0, 0.0, 0.0, 0.0, 183.52170879625328, 806.5627303620836, 0.0, 0.0, 0.0, 0.0, 0.0, 0.0, 0.0, 0.0, 0.0, 263.43415104216456, 0.0, 0.0, 782.5581326475129, 0.0, 223.89381036877228, 0.0, 0.0, 0.0, 0.0, 0.0, 0.0, 0.0, 288.76411258789653, 0.0, 0.0, 0.0, 264.2054150350382, 0.0, 269.4919263074793, 0.0, 0.0, 0.0, 0.0, 0.0, 0.0, 0.0, 0.0, 0.0, 277.85703990760874, 807.9610396899735, 0.0, 0.0, 0.0, 0.0, 294.33636658418874, 0.0, 0.0, 0.0, 0.0, 43.51412266145644, 137.93130501165956, 0.0, 0.0, 0.0, 0.0, 0.0, 0.0, 0.0, 0.0, 802.7526079937707, 0.0, 0.0, 0.0, 0.0, 0.0, 0.0, 0.0, 0.0, 0.0, 0.0, 0.0, 0.0, 0.0, 0.0, 0.0, 0.0, 0.0, 0.0, 801.7082237353379, 0.0, 0.0, 0.0, 0.0, 177.1463636123185, 0.0, 807.9423362100767]
INFORMACIÓN : 24apuestaBundle [807.9610396899735, 799.5380111685307, 269.4919263074793, 152.5354894578213, 33.8821370410204]
INFORMACIÓN : 24positionsBundle [348, 492, 424, 1624, 2065]
INFORMACIÓN : 24levelsBundle [3, 3, 2, 1, 1]
INFORMACIÓN : 24positionsOrdered [492, 348, 424, 1624, 2065]
INFORMACIÓN : 24levelsOrdered [3, 3, 2, 1, 1]
INFORMACIÓN : 24partialityOrdered [3, 3, 2, 1, 2]
INFORMACIÓN : 24arrivalTimes [7.021165910215506, 19.729369842714874, 97.34323452579854, 121.34323452579854, 134.0711565871564]
INFORMACIÓN : 25historia0[804.6339406901477, 0.0, 0.0, 0.0, 151.46704453897428, 0.0, 0.0, 0.0, 0.0, 0.0, 743.590623738215, 0.0, 0.0, 0.0, 165.24134389281483, 0.0, 0.0, 0.0, 152.5354894578213, 765.9321561193739, 801.7208802068461, 0.0, 0.0, 0.0, 0.0, 0.0, 810.5550051498824, 0.0, 0.0, 0.0, 0.0, 0.0, 0.0, 0.0, 773.1684306418015, 33.8821370410204, 0.0, 0.0, 779.6168342624097, 0.0, 787.4005406448871, 767.1788158540633, 0.0, 0.0, 0.0, 790.381966518278, 0.0, 0.0, 0.0, 140.88400699410977, 0.0, 0.0, 0.0, 0.0, 293.5129399374591, 0.0, 775.1535377839115, 0.0, 0.0, 0.0, 0.0, 745.742613956566, 0.0, 0.0, 797.56823794401, 0.0, 257.8473496190677, 0.0, 0.0, 126.62052076270402, 0.0, 0.0, 0.0, 799.5380111685307, 151.23780732451087, 265.9517130213253, 0.0, 0.0, 0.0, 0.0, 0.0, 0.0, 183.52170879625328, 806.5627303620836, 0.0, 0.0, 0.0, 0.0, 0.0, 0.0, 0.0, 0.0, 0.0, 263.43415104216456, 0.0, 0.0, 782.5581326475129, 0.0, 223.89381036877228, 0.0, 0.0, 0.0, 0.0, 0.0, 0.0, 0.0, 288.76411258789653, 0.0, 0.0, 0.0, 264.2054150350382, 0.0, 269.4919263074793, 0.0, 0.0, 0.0, 0.0, 0.0, 0.0, 0.0, 0.0, 0.0, 277.85703990760874, 807.9610396899735, 0.0, 0.0, 0.0, 0.0, 294.33636658418874, 0.0, 139.77577965973728, 0.0, 0.0, 43.51412266145644, 137.93130501165956, 0.0, 0.0, 0.0, 0.0, 0.0, 0.0, 57.31353484489705, 0.0, 802.7526079937707, 0.0, 0.0, 0.0, 0.0, 0.0, 0.0, 0.0, 0.0, 0.0, 0.0, 0.0, 0.0, 0.0, 0.0, 0.0, 0.0, 0.0, 0.0, 801.7082237353379, 0.0, 0.0, 0.0, 0.0, 177.1463636123185, 0.0, 807.9423362100767]
INFORMACIÓN : 25apuestaBundle [807.9610396899735, 799.5380111685307, 269.4919263074793, 152.5354894578213, 33.8821370410204]
INFORMACIÓN : 25positionsBundle [348, 492, 424, 1624, 2065]
INFORMACIÓN : 25levelsBundle [3, 3, 2, 1, 1]
INFORMACIÓN : 25positionsOrdered [492, 348, 424, 1624, 2065]
INFORMACIÓN : 25levelsOrdered [3, 3, 2, 1, 1]
INFORMACIÓN : 25partialityOrdered [3, 3, 2, 1, 2]
INFORMACIÓN : 25arrivalTimes [7.021165910215506, 19.729369842714874, 97.34323452579854, 121.34323452579854, 134.0711565871564]
INFORMACIÓN : 26historia0[804.6339406901477, 0.0, 0.0, 0.0, 151.46704453897428, 0.0, 0.0, 0.0, 0.0, 0.0, 743.590623738215, 0.0, 0.0, 0.0, 165.24134389281483, 0.0, 0.0, 0.0, 152.5354894578213, 765.9321561193739, 801.7208802068461, 0.0, 0.0, 0.0, 0.0, 0.0, 810.5550051498824, 0.0, 0.0, 0.0, 0.0, 0.0, 0.0, 0.0, 773.1684306418015, 33.8821370410204, 0.0, 0.0, 779.6168342624097, 0.0, 787.4005406448871, 767.1788158540633, 0.0, 0.0, 0.0, 790.381966518278, 0.0, 0.0, 0.0, 140.88400699410977, 0.0, 0.0, 0.0, 0.0, 293.5129399374591, 0.0, 775.1535377839115, 0.0, 0.0, 0.0, 0.0, 745.742613956566, 0.0, 0.0, 797.56823794401, 0.0, 257.8473496190677, 0.0, 0.0, 126.62052076270402, 0.0, 0.0, 0.0, 799.5380111685307, 151.23780732451087, 265.9517130213253, 0.0, 0.0, 0.0, 0.0, 0.0, 0.0, 183.52170879625328, 806.5627303620836, 0.0, 0.0, 0.0, 0.0, 0.0, 0.0, 0.0, 0.0, 0.0, 263.43415104216456, 0.0, 0.0, 782.5581326475129, 0.0, 223.89381036877228, 0.0, 0.0, 0.0, 0.0, 0.0, 0.0, 0.0, 288.76411258789653, 0.0, 0.0, 0.0, 264.2054150350382, 0.0, 269.4919263074793, 0.0, 0.0, 0.0, 0.0, 0.0, 0.0, 0.0, 0.0, 0.0, 277.85703990760874, 807.9610396899735, 0.0, 0.0, 0.0, 0.0, 294.33636658418874, 0.0, 139.77577965973728, 0.0, 0.0, 43.51412266145644, 137.93130501165956, 0.0, 0.0, 0.0, 0.0, 0.0, 0.0, 57.31353484489705, 0.0, 802.7526079937707, 0.0, 0.0, 0.0, 0.0, 0.0, 0.0, 0.0, 0.0, 0.0, 0.0, 0.0, 0.0, 0.0, 0.0, 0.0, 0.0, 0.0, 0.0, 801.7082237353379, 0.0, 0.0, 0.0, 0.0, 177.1463636123185, 0.0, 807.9423362100767]
INFORMACIÓN : 26apuestaBundle [807.9610396899735, 799.5380111685307, 269.4919263074793, 152.5354894578213, 33.8821370410204]
INFORMACIÓN : 26positionsBundle [348, 492, 424, 1624, 2065]
INFORMACIÓN : 26levelsBundle [3, 3, 2, 1, 1]
INFORMACIÓN : 26positionsOrdered [492, 348, 424, 1624, 2065]
INFORMACIÓN : 26levelsOrdered [3, 3, 2, 1, 1]
INFORMACIÓN : 26partialityOrdered [3, 3, 2, 1, 2]
INFORMACIÓN : 26arrivalTimes [7.021165910215506, 19.729369842714874, 97.34323452579854, 121.34323452579854, 134.0711565871564]
INFORMACIÓN : 27historia1[804.6339406901477, 0.0, 0.0, 0.0, 151.46704453897428, 0.0, 0.0, 0.0, 0.0, 0.0, 743.590623738215, 0.0, 0.0, 0.0, 165.24134389281483, 0.0, 0.0, 0.0, 152.5354894578213, 765.9321561193739, 801.7208802068461, 0.0, 0.0, 0.0, 0.0, 0.0, 810.5550051498824, 0.0, 0.0, 0.0, 0.0, 0.0, 0.0, 0.0, 773.1684306418015, 33.8821370410204, 0.0, 0.0, 779.6168342624097, 0.0, 787.4005406448871, 767.1788158540633, 0.0, 0.0, 0.0, 790.381966518278, 0.0, 0.0, 0.0, 140.88400699410977, 0.0, 0.0, 0.0, 0.0, 293.5129399374591, 0.0, 775.1535377839115, 0.0, 0.0, 0.0, 0.0, 745.742613956566, 0.0, 0.0, 797.56823794401, 0.0, 257.8473496190677, 0.0, 0.0, 126.62052076270402, 0.0, 0.0, 0.0, 799.5380111685307, 151.23780732451087, 265.9517130213253, 0.0, 0.0, 0.0, 0.0, 0.0, 0.0, 183.52170879625328, 806.5627303620836, 0.0, 0.0, 0.0, 0.0, 0.0, 0.0, 0.0, 0.0, 0.0, 263.43415104216456, 0.0, 0.0, 782.5581326475129, 0.0, 223.89381036877228, 0.0, 0.0, 0.0, 0.0, 0.0, 0.0, 0.0, 288.76411258789653, 0.0, 0.0, 0.0, 264.2054150350382, 0.0, 269.4919263074793, 0.0, 0.0, 0.0, 0.0, 0.0, 0.0, 0.0, 0.0, 0.0, 277.85703990760874, 807.9610396899735, 0.0, 0.0, 0.0, 0.0, 294.33636658418874, 0.0, 139.77577965973728, 0.0, 0.0, 43.51412266145644, 137.93130501165956, 0.0, 0.0, 0.0, 0.0, 0.0, 0.0, 57.31353484489705, 0.0, 802.7526079937707, 0.0, 0.0, 0.0, 0.0, 0.0, 0.0, 0.0, 0.0, 0.0, 0.0, 0.0, 0.0, 0.0, 0.0, 0.0, 0.0, 0.0, 0.0, 801.7082237353379, 0.0, 0.0, 0.0, 0.0, 177.1463636123185, 0.0, 807.9423362100767]
INFORMACIÓN : 27apuestaBundle [807.9610396899735, 799.5380111685307, 269.4919263074793, 152.5354894578213, 33.8821370410204]
INFORMACIÓN : 27positionsBundle [348, 492, 424, 1624, 2065]
INFORMACIÓN : 27levelsBundle [3, 3, 2, 1, 1]
INFORMACIÓN : 27positionsOrdered [492, 348, 424, 1624, 2065]
INFORMACIÓN : 27levelsOrdered [3, 3, 2, 1, 1]
INFORMACIÓN : 27partialityOrdered [3, 3, 2, 1, 2]
INFORMACIÓN : 27arrivalTimes [7.021165910215506, 19.729369842714874, 97.34323452579854, 121.34323452579854, 134.0711565871564]
INFORMACIÓN : 28historia2[804.6339406901477, 0.0, 0.0, 0.0, 151.46704453897428, 0.0, 0.0, 0.0, 0.0, 0.0, 743.590623738215, 0.0, 0.0, 0.0, 165.24134389281483, 0.0, 0.0, 0.0, 152.5354894578213, 765.9321561193739, 801.7208802068461, 0.0, 0.0, 0.0, 0.0, 0.0, 810.5550051498824, 0.0, 0.0, 0.0, 0.0, 0.0, 0.0, 0.0, 773.1684306418015, 33.8821370410204, 0.0, 0.0, 779.6168342624097, 0.0, 787.4005406448871, 767.1788158540633, 0.0, 0.0, 0.0, 790.381966518278, 0.0, 0.0, 0.0, 140.88400699410977, 0.0, 0.0, 0.0, 0.0, 293.5129399374591, 0.0, 775.1535377839115, 0.0, 0.0, 0.0, 0.0, 745.742613956566, 0.0, 0.0, 797.56823794401, 0.0, 257.8473496190677, 0.0, 0.0, 126.62052076270402, 0.0, 0.0, 0.0, 799.5380111685307, 151.23780732451087, 265.9517130213253, 0.0, 0.0, 0.0, 0.0, 0.0, 0.0, 183.52170879625328, 806.5627303620836, 0.0, 0.0, 0.0, 0.0, 0.0, 0.0, 0.0, 0.0, 0.0, 263.43415104216456, 0.0, 0.0, 782.5581326475129, 0.0, 223.89381036877228, 0.0, 0.0, 0.0, 0.0, 0.0, 0.0, 0.0, 288.76411258789653, 0.0, 0.0, 0.0, 264.9934966373323, 0.0, 269.4919263074793, 0.0, 0.0, 0.0, 0.0, 0.0, 0.0, 0.0, 0.0, 0.0, 277.85703990760874, 807.9610396899735, 0.0, 0.0, 0.0, 0.0, 294.33636658418874, 0.0, 139.77577965973728, 0.0, 0.0, 43.51412266145644, 137.93130501165956, 0.0, 0.0, 0.0, 0.0, 0.0, 0.0, 57.31353484489705, 0.0, 802.7526079937707, 0.0, 0.0, 0.0, 0.0, 0.0, 0.0, 0.0, 0.0, 0.0, 0.0, 0.0, 0.0, 0.0, 0.0, 0.0, 0.0, 0.0, 0.0, 801.7082237353379, 0.0, 0.0, 0.0, 0.0, 177.1463636123185, 0.0, 807.9423362100767]
INFORMACIÓN : 28apuestaBundle [807.9610396899735, 799.5380111685307, 269.4919263074793, 152.5354894578213, 33.8821370410204]
INFORMACIÓN : 28positionsBundle [348, 492, 424, 1624, 2065]
INFORMACIÓN : 28levelsBundle [3, 3, 2, 1, 1]
INFORMACIÓN : 28positionsOrdered [492, 348, 424, 1624, 2065]
INFORMACIÓN : 28levelsOrdered [3, 3, 2, 1, 1]
INFORMACIÓN : 28partialityOrdered [3, 3, 2, 1, 2]
INFORMACIÓN : 28arrivalTimes [7.021165910215506, 19.729369842714874, 97.34323452579854, 121.34323452579854, 134.0711565871564]
INFORMACIÓN : 29historia0[804.6339406901477, 0.0, 0.0, 0.0, 151.46704453897428, 0.0, 0.0, 0.0, 0.0, 0.0, 743.590623738215, 0.0, 0.0, 0.0, 165.24134389281483, 0.0, 0.0, 0.0, 152.5354894578213, 765.9321561193739, 801.7208802068461, 0.0, 0.0, 0.0, 0.0, 0.0, 810.5550051498824, 0.0, 0.0, 0.0, 0.0, 0.0, 0.0, 0.0, 773.1684306418015, 33.8821370410204, 0.0, 0.0, 779.6168342624097, 0.0, 787.4005406448871, 767.1788158540633, 0.0, 0.0, 0.0, 790.381966518278, 0.0, 0.0, 0.0, 140.88400699410977, 0.0, 0.0, 0.0, 0.0, 293.5129399374591, 0.0, 775.1535377839115, 0.0, 0.0, 0.0, 0.0, 745.742613956566, 0.0, 0.0, 797.56823794401, 0.0, 257.8473496190677, 0.0, 0.0, 126.62052076270402, 0.0, 0.0, 0.0, 799.5380111685307, 151.23780732451087, 265.9517130213253, 0.0, 0.0, 0.0, 0.0, 0.0, 0.0, 183.52170879625328, 0.0, 0.0, 0.0, 0.0, 0.0, 0.0, 0.0, 0.0, 0.0, 0.0, 263.43415104216456, 0.0, 0.0, 782.5581326475129, 0.0, 223.89381036877228, 0.0, 0.0, 0.0, 0.0, 0.0, 0.0, 0.0, 288.76411258789653, 0.0, 0.0, 0.0, 264.9934966373323, 0.0, 269.4919263074793, 0.0, 0.0, 0.0, 0.0, 0.0, 0.0, 0.0, 0.0, 0.0, 277.85703990760874, 807.9610396899735, 0.0, 0.0, 0.0, 0.0, 0.0, 0.0, 139.77577965973728, 0.0, 0.0, 0.0, 137.93130501165956, 0.0, 0.0, 0.0, 0.0, 0.0, 0.0, 57.31353484489705, 0.0, 802.7526079937707, 0.0, 0.0, 0.0, 0.0, 0.0, 0.0, 0.0, 0.0, 0.0, 0.0, 0.0, 0.0, 0.0, 0.0, 0.0, 0.0, 0.0, 0.0, 801.7082237353379, 0.0, 0.0, 0.0, 0.0, 177.1463636123185, 0.0, 807.9423362100767]
INFORMACIÓN : 29apuestaBundle [807.9610396899735, 799.5380111685307, 269.4919263074793, 152.5354894578213, 33.8821370410204]
INFORMACIÓN : 29positionsBundle [348, 492, 424, 1624, 2065]
INFORMACIÓN : 29levelsBundle [3, 3, 2, 1, 1]
INFORMACIÓN : 29positionsOrdered [492, 348, 424, 1624, 2065]
INFORMACIÓN : 29levelsOrdered [3, 3, 2, 1, 1]
INFORMACIÓN : 29partialityOrdered [3, 3, 2, 1, 2]
INFORMACIÓN : 29arrivalTimes [7.021165910215506, 19.729369842714874, 97.34323452579854, 121.34323452579854, 134.0711565871564]
INFORMACIÓN : 30historia0[804.6339406901477, 0.0, 0.0, 0.0, 151.46704453897428, 0.0, 0.0, 0.0, 0.0, 0.0, 743.590623738215, 0.0, 0.0, 0.0, 165.24134389281483, 0.0, 0.0, 0.0, 152.5354894578213, 765.9321561193739, 801.7208802068461, 0.0, 0.0, 0.0, 0.0, 0.0, 810.5550051498824, 0.0, 0.0, 0.0, 0.0, 0.0, 0.0, 0.0, 773.1684306418015, 33.8821370410204, 0.0, 0.0, 779.6168342624097, 0.0, 787.4005406448871, 767.1788158540633, 0.0, 0.0, 0.0, 790.381966518278, 0.0, 0.0, 0.0, 140.88400699410977, 0.0, 0.0, 0.0, 0.0, 293.5129399374591, 0.0, 775.1535377839115, 0.0, 0.0, 0.0, 0.0, 798.5814416345834, 0.0, 0.0, 797.56823794401, 0.0, 257.8473496190677, 0.0, 0.0, 126.62052076270402, 0.0, 0.0, 0.0, 799.5380111685307, 151.23780732451087, 265.9517130213253, 0.0, 0.0, 0.0, 0.0, 0.0, 0.0, 183.52170879625328, 806.5627303620836, 0.0, 0.0, 0.0, 0.0, 0.0, 0.0, 0.0, 0.0, 0.0, 263.43415104216456, 0.0, 0.0, 782.5581326475129, 0.0, 223.89381036877228, 0.0, 0.0, 784.786170940627, 0.0, 0.0, 0.0, 0.0, 288.76411258789653, 0.0, 0.0, 0.0, 264.9934966373323, 0.0, 269.4919263074793, 0.0, 0.0, 0.0, 0.0, 288.5343570729117, 0.0, 0.0, 0.0, 0.0, 277.85703990760874, 807.9610396899735, 0.0, 0.0, 0.0, 0.0, 286.50561017490736, 0.0, 139.77577965973728, 0.0, 0.0, 0.0, 137.93130501165956, 0.0, 0.0, 0.0, 0.0, 0.0, 0.0, 57.31353484489705, 0.0, 802.7526079937707, 0.0, 0.0, 0.0, 0.0, 0.0, 0.0, 0.0, 0.0, 0.0, 0.0, 0.0, 0.0, 0.0, 0.0, 0.0, 0.0, 0.0, 0.0, 801.7082237353379, 0.0, 0.0, 0.0, 0.0, 177.1463636123185, 0.0, 807.9423362100767]
INFORMACIÓN : 30apuestaBundle [807.9610396899735, 799.5380111685307, 269.4919263074793, 152.5354894578213, 33.8821370410204]
INFORMACIÓN : 30positionsBundle [348, 492, 424, 1624, 2065]
INFORMACIÓN : 30levelsBundle [3, 3, 2, 1, 1]
INFORMACIÓN : 30positionsOrdered [492, 348, 424, 1624, 2065]
INFORMACIÓN : 30levelsOrdered [3, 3, 2, 1, 1]
INFORMACIÓN : 30partialityOrdered [3, 3, 2, 1, 2]
INFORMACIÓN : 30arrivalTimes [7.021165910215506, 19.729369842714874, 97.34323452579854, 121.34323452579854, 134.0711565871564]
INFORMACIÓN : mutexSat position 2065 level 1
INFORMACIÓN : I [AB]; lost Test.myBail@129526ba; POS 2065; sensors []; level 1 I paid 33.8821370410204in favour ofnull paid 33.8821370410204
INFORMACIÓN : 31historia0[0.0, 0.0, 36.666275628834, 0.0, 151.46704453897428, 0.0, 0.0, 0.0, 0.0, 0.0, 0.0, 0.0, 0.0, 0.0, 165.24134389281483, 0.0, 0.0, 0.0, 152.5354894578213, 765.9321561193739, 801.7208802068461, 0.0, 0.0, 0.0, 0.0, 0.0, 810.5550051498824, 0.0, 0.0, 0.0, 0.0, 163.84763973516064, 0.0, 0.0, 0.0, 0.0, 0.0, 0.0, 779.6168342624097, 0.0, 0.0, 767.1788158540633, 0.0, 0.0, 0.0, 790.381966518278, 0.0, 0.0, 0.0, 0.0, 0.0, 0.0, 0.0, 0.0, 0.0, 0.0, 775.1535377839115, 0.0, 0.0, 0.0, 0.0, 798.5814416345834, 0.0, 0.0, 797.56823794401, 0.0, 0.0, 0.0, 0.0, 149.90272440404277, 0.0, 0.0, 0.0, 799.5380111685307, 0.0, 0.0, 0.0, 0.0, 0.0, 752.332958478424, 0.0, 0.0, 0.0, 806.5627303620836, 0.0, 0.0, 0.0, 0.0, 0.0, 0.0, 0.0, 0.0, 0.0, 0.0, 0.0, 0.0, 782.5581326475129, 0.0, 0.0, 0.0, 0.0, 784.786170940627, 0.0, 0.0, 0.0, 0.0, 0.0, 0.0, 0.0, 0.0, 264.9934966373323, 0.0, 269.4919263074793, 0.0, 0.0, 0.0, 0.0, 288.5343570729117, 0.0, 0.0, 0.0, 0.0, 277.85703990760874, 807.9610396899735, 0.0, 0.0, 0.0, 0.0, 286.50561017490736, 0.0, 0.0, 0.0, 0.0, 48.94246766362744, 137.93130501165956, 0.0, 0.0, 0.0, 0.0, 0.0, 0.0, 0.0, 0.0, 802.7526079937707, 0.0, 0.0, 0.0, 0.0, 0.0, 0.0, 0.0, 0.0, 0.0, 0.0, 0.0, 0.0, 0.0, 0.0, 0.0, 0.0, 0.0, 0.0, 801.7082237353379, 0.0, 0.0, 0.0, 0.0, 177.1463636123185, 0.0, 0.0]
INFORMACIÓN : 31apuestaBundle [807.9610396899735, 799.5380111685307, 269.4919263074793, 152.5354894578213, 346.7162594288675, 346.7162594288675]
INFORMACIÓN : 31positionsBundle [348, 492, 424, 1624, 2088, 2088]
INFORMACIÓN : 31levelsBundle [3, 3, 2, 1, 2, 2]
INFORMACIÓN : 31positionsOrdered [492, 348, 424, 1624, 2088, 2088]
INFORMACIÓN : 31levelsOrdered [3, 3, 2, 1, 2, 2]
INFORMACIÓN : 31partialityOrdered [3, 3, 2, 1, 3, 3]
INFORMACIÓN : 31arrivalTimes [7.021165910215506, 19.729369842714874, 97.34323452579854, 121.34323452579854, 137.98655150289179, 137.98655150289179]
INFORMACIÓN : mutexSat position 2088 level 2
INFORMACIÓN : mutexSat position 2088 level 2
INFORMACIÓN : I [AB]; lost Test.myBail@53c1fe50; POS 2088; sensors [IR]; level 2 I paid 346.7162594288675in favour ofnull paid 346.7162594288675
INFORMACIÓN : 32historia0[804.7967641278243, 0.0, 0.0, 0.0, 151.46704453897428, 0.0, 0.0, 0.0, 344.6304689983874, 0.0, 0.0, 0.0, 0.0, 0.0, 165.24134389281483, 0.0, 0.0, 0.0, 152.5354894578213, 765.9321561193739, 801.7208802068461, 0.0, 0.0, 0.0, 0.0, 0.0, 810.5550051498824, 0.0, 0.0, 0.0, 0.0, 163.84763973516064, 0.0, 0.0, 0.0, 0.0, 0.0, 0.0, 779.6168342624097, 0.0, 787.5499162923801, 767.1788158540633, 0.0, 0.0, 0.0, 790.381966518278, 0.0, 0.0, 0.0, 0.0, 0.0, 0.0, 0.0, 0.0, 0.0, 0.0, 775.1535377839115, 0.0, 0.0, 0.0, 0.0, 798.5814416345834, 0.0, 0.0, 797.56823794401, 0.0, 0.0, 0.0, 0.0, 0.0, 0.0, 0.0, 0.0, 799.5380111685307, 0.0, 0.0, 0.0, 0.0, 0.0, 752.332958478424, 0.0, 0.0, 0.0, 806.5627303620836, 0.0, 0.0, 0.0, 0.0, 0.0, 0.0, 0.0, 0.0, 0.0, 263.49480574472216, 0.0, 0.0, 782.5581326475129, 0.0, 0.0, 0.0, 0.0, 784.786170940627, 0.0, 0.0, 0.0, 0.0, 0.0, 0.0, 0.0, 0.0, 264.9934966373323, 0.0, 269.4919263074793, 0.0, 0.0, 0.0, 0.0, 288.5343570729117, 0.0, 0.0, 0.0, 0.0, 277.85703990760874, 807.9610396899735, 0.0, 0.0, 0.0, 0.0, 286.50561017490736, 361.2227328340141, 0.0, 0.0, 0.0, 0.0, 0.0, 0.0, 175.9238735278136, 0.0, 0.0, 0.0, 0.0, 0.0, 0.0, 802.7526079937707, 0.0, 0.0, 0.0, 0.0, 0.0, 0.0, 0.0, 0.0, 361.2227328340141, 0.0, 0.0, 0.0, 0.0, 344.6304689983874, 0.0, 0.0, 0.0, 0.0, 801.7082237353379, 0.0, 0.0, 0.0, 0.0, 177.1463636123185, 0.0, 811.2313422927908]
INFORMACIÓN : 32apuestaBundle [807.9610396899735, 799.5380111685307, 269.4919263074793, 152.5354894578213, 85.44113253212072]
INFORMACIÓN : 32positionsBundle [348, 492, 424, 1624, 89]
INFORMACIÓN : 32levelsBundle [3, 3, 2, 1, 2]
INFORMACIÓN : 32positionsOrdered [492, 348, 89, 424, 1624]
INFORMACIÓN : 32levelsOrdered [3, 3, 2, 2, 1]
INFORMACIÓN : 32partialityOrdered [3, 3, 3, 2, 1]
INFORMACIÓN : 32arrivalTimes [7.021165910215506, 19.729369842714874, 30.024999983701875, 97.34323452579854, 121.34323452579854]
INFORMACIÓN : 33historia0[804.7967641278243, 0.0, 0.0, 0.0, 0.0, 0.0, 0.0, 0.0, 0.0, 0.0, 0.0, 0.0, 0.0, 0.0, 0.0, 0.0, 0.0, 0.0, 152.5354894578213, 765.9321561193739, 801.7208802068461, 0.0, 0.0, 0.0, 0.0, 0.0, 810.5550051498824, 0.0, 0.0, 0.0, 0.0, 163.84763973516064, 0.0, 0.0, 0.0, 0.0, 0.0, 0.0, 779.6168342624097, 0.0, 787.5499162923801, 767.1788158540633, 0.0, 0.0, 0.0, 790.381966518278, 0.0, 0.0, 0.0, 0.0, 0.0, 0.0, 0.0, 0.0, 0.0, 0.0, 775.1535377839115, 0.0, 0.0, 0.0, 0.0, 798.5814416345834, 85.44113253212072, 0.0, 797.56823794401, 0.0, 0.0, 0.0, 0.0, 0.0, 0.0, 0.0, 0.0, 799.5380111685307, 151.23780732451087, 247.2905959952625, 0.0, 0.0, 269.74919453633663, 752.332958478424, 0.0, 0.0, 0.0, 806.5627303620836, 0.0, 0.0, 0.0, 0.0, 0.0, 0.0, 0.0, 0.0, 0.0, 263.49480574472216, 0.0, 0.0, 782.5581326475129, 0.0, 0.0, 0.0, 0.0, 784.786170940627, 0.0, 0.0, 0.0, 0.0, 251.98708165449534, 0.0, 0.0, 0.0, 264.9934966373323, 0.0, 269.4919263074793, 0.0, 0.0, 0.0, 0.0, 288.5343570729117, 0.0, 0.0, 0.0, 0.0, 0.0, 807.9610396899735, 0.0, 0.0, 0.0, 0.0, 286.50561017490736, 0.0, 0.0, 0.0, 0.0, 0.0, 0.0, 0.0, 175.9238735278136, 0.0, 0.0, 0.0, 0.0, 0.0, 0.0, 802.7526079937707, 0.0, 0.0, 0.0, 0.0, 0.0, 0.0, 0.0, 0.0, 0.0, 0.0, 0.0, 0.0, 0.0, 0.0, 0.0, 0.0, 0.0, 0.0, 801.7082237353379, 0.0, 0.0, 0.0, 0.0, 177.1463636123185, 0.0, 811.2313422927908]
INFORMACIÓN : 33apuestaBundle [807.9610396899735, 799.5380111685307, 269.4919263074793, 152.5354894578213, 85.44113253212072]
INFORMACIÓN : 33positionsBundle [348, 492, 424, 1624, 89]
INFORMACIÓN : 33levelsBundle [3, 3, 2, 1, 2]
INFORMACIÓN : 33positionsOrdered [492, 348, 89, 424, 1624]
INFORMACIÓN : 33levelsOrdered [3, 3, 2, 2, 1]
INFORMACIÓN : 33partialityOrdered [3, 3, 3, 2, 1]
INFORMACIÓN : 33arrivalTimes [7.021165910215506, 19.729369842714874, 30.024999983701875, 97.34323452579854, 121.34323452579854]
INFORMACIÓN : mutexSat position 89 level 2
INFORMACIÓN : I [AB]; lost Test.myBail@5c106f0b; POS 1624; sensors []; level 1 I paid 152.5354894578213in favour of33@(myturtles,myturtles,bug)@MK-18427 paid 185.4324859728443
INFORMACIÓN : 34historia0[804.7967641278243, 0.0, 0.0, 0.0, 0.0, 0.0, 0.0, 0.0, 0.0, 0.0, 0.0, 0.0, 0.0, 0.0, 0.0, 0.0, 0.0, 0.0, 185.4324859728443, 765.9321561193739, 801.7208802068461, 0.0, 0.0, 0.0, 0.0, 0.0, 810.5550051498824, 0.0, 0.0, 0.0, 0.0, 163.84763973516064, 0.0, 0.0, 0.0, 0.0, 0.0, 0.0, 779.6168342624097, 0.0, 787.5499162923801, 767.1788158540633, 0.0, 0.0, 0.0, 790.381966518278, 0.0, 0.0, 0.0, 182.84355294860916, 0.0, 0.0, 0.0, 0.0, 293.5129399374591, 0.0, 775.1535377839115, 0.0, 0.0, 0.0, 0.0, 798.5814416345834, 0.0, 0.0, 797.56823794401, 0.0, 0.0, 0.0, 0.0, 0.0, 0.0, 0.0, 0.0, 799.5380111685307, 156.638299161119, 247.2905959952625, 0.0, 0.0, 269.74919453633663, 752.332958478424, 0.0, 0.0, 183.52170879625328, 806.5627303620836, 0.0, 0.0, 0.0, 0.0, 0.0, 0.0, 0.0, 0.0, 0.0, 263.49480574472216, 0.0, 0.0, 782.5581326475129, 0.0, 0.0, 0.0, 97.7477760242404, 784.786170940627, 0.0, 0.0, 0.0, 0.0, 261.4050289993338, 0.0, 0.0, 0.0, 264.9934966373323, 0.0, 269.4919263074793, 0.0, 0.0, 0.0, 0.0, 288.5343570729117, 0.0, 0.0, 0.0, 0.0, 0.0, 807.9610396899735, 0.0, 0.0, 0.0, 0.0, 286.50561017490736, 0.0, 140.29798157021514, 0.0, 0.0, 0.0, 0.0, 0.0, 175.9238735278136, 0.0, 0.0, 0.0, 0.0, 0.0, 0.0, 802.7526079937707, 0.0, 0.0, 0.0, 0.0, 0.0, 0.0, 0.0, 0.0, 0.0, 0.0, 0.0, 0.0, 0.0, 0.0, 0.0, 0.0, 0.0, 0.0, 801.7082237353379, 0.0, 0.0, 0.0, 85.25881630088176, 177.1463636123185, 0.0, 811.2313422927908]
INFORMACIÓN : 34apuestaBundle [807.9610396899735, 799.5380111685307, 269.4919263074793]
INFORMACIÓN : 34positionsBundle [348, 492, 424]
INFORMACIÓN : 34levelsBundle [3, 3, 2]
INFORMACIÓN : 34positionsOrdered [492, 348, 424]
INFORMACIÓN : 34levelsOrdered [3, 3, 2]
INFORMACIÓN : 34partialityOrdered [3, 3, 2]
INFORMACIÓN : 34arrivalTimes [7.021165910215506, 19.729369842714874, 97.34323452579854]
