----------------------------------------------------------------------
-- Log session for [myBugCoalitionsCCBBAGuaiDEF-383] started on 2017.07.13.00.59.02 --
----------------------------------------------------------------------

INFORMACIÓN : I started
INFORMACIÓN : 0apuestaBundle [793.9360670057562, 792.0606411642589, 790.9541780606805, 775.1735146045149, 774.0621788484265]
INFORMACIÓN : 0positionsBundle [1118, 1171, 1216, 1657, 137]
INFORMACIÓN : 0levelsBundle [3, 3, 3, 3, 3]
INFORMACIÓN : 0positionsOrdered [1118, 1171, 1216, 1657, 137]
INFORMACIÓN : 0levelsOrdered [3, 3, 3, 3, 3]
INFORMACIÓN : 0partialityOrdered [3, 3, 3, 3, 3]
INFORMACIÓN : 0arrivalTimes [13.939974470177004, 17.102252130345384, 22.20127164393817, 34.92919370529603, 78.06850292554202]
INFORMACIÓN : timeSat position 1118 level 3
INFORMACIÓN : timeSat position 1216 level 3
INFORMACIÓN : timeSat position 1657 level 3
INFORMACIÓN : 1historia0[0.0, 0.0, 0.0, 0.0, 0.0, 0.0, 275.25356107061725, 0.0, 0.0, 0.0, 0.0, 0.0, 0.0, 0.0, 0.0, 0.0, 0.0, 0.0, 0.0, 0.0, 0.0, 0.0, 0.0, 0.0, 0.0, 0.0, 0.0, 0.0, 0.0, 0.0, 0.0, 0.0, 0.0, 0.0, 0.0, 0.0, 0.0, 762.6109966668921, 0.0, 754.92967186381, 0.0, 0.0, 0.0, 0.0, 0.0, 0.0, 0.0, 0.0, 0.0, 0.0, 760.599406019316, 0.0, 272.0162634558701, 0.0, 0.0, 0.0, 0.0, 0.0, 0.0, 0.0, 0.0, 0.0, 0.0, 0.0, 0.0, 0.0, 0.0, 0.0, 0.0, 0.0, 0.0, 796.0041054817648, 0.0, 0.0, 792.0563939376053, 0.0, 0.0, 0.0, 0.0, 0.0, 0.0, 0.0, 0.0, 755.4920063107164, 0.0, 0.0, 0.0, 0.0, 0.0, 0.0, 0.0, 774.309428821367, 0.0, 0.0, 0.0, 0.0, 0.0, 0.0, 0.0, 0.0, 0.0, 0.0, 0.0, 0.0, 0.0, 0.0, 0.0, 0.0, 0.0, 0.0, 0.0, 0.0, 0.0, 0.0, 0.0, 0.0, 0.0, 0.0, 0.0, 0.0, 0.0, 0.0, 0.0, 763.5933113737041, 0.0, 0.0, 0.0, 0.0, 0.0, 0.0, 0.0, 0.0, 0.0, 0.0, 0.0, 0.0, 801.1389959712561, 0.0, 0.0, 0.0, 0.0, 0.0, 0.0, 777.6673779180753, 0.0, 0.0, 0.0, 0.0, 0.0, 0.0, 0.0, 0.0, 0.0, 0.0, 0.0, 0.0, 0.0, 0.0, 802.6944921687277, 0.0, 0.0, 0.0, 0.0, 760.9603988448767, 0.0, 0.0, 0.0, 0.0, 0.0, 0.0]
INFORMACIÓN : 1apuestaBundle [793.0151130955103, 792.0606411642589, 290.8379584457532, 278.8147517938106, 268.34696994702534]
INFORMACIÓN : 1positionsBundle [1118, 1171, 460, 1320, 1188]
INFORMACIÓN : 1levelsBundle [3, 3, 2, 2, 2]
INFORMACIÓN : 1positionsOrdered [460, 1118, 1171, 1320, 1188]
INFORMACIÓN : 1levelsOrdered [2, 3, 3, 2, 2]
INFORMACIÓN : 1partialityOrdered [2, 3, 3, 2, 2]
INFORMACIÓN : 1arrivalTimes [7.9168736499741525, 36.54759328312976, 39.709870943298135, 42.87214860346651, 84.67693741903847]
INFORMACIÓN : 2historia0[0.0, 0.0, 0.0, 0.0, 0.0, 0.0, 275.25356107061725, 290.8379584457532, 0.0, 0.0, 0.0, 0.0, 0.0, 0.0, 0.0, 0.0, 0.0, 0.0, 0.0, 0.0, 0.0, 0.0, 0.0, 0.0, 0.0, 0.0, 793.0151130955103, 0.0, 0.0, 0.0, 0.0, 0.0, 0.0, 0.0, 0.0, 0.0, 0.0, 762.6109966668921, 0.0, 754.92967186381, 0.0, 0.0, 0.0, 0.0, 0.0, 0.0, 0.0, 0.0, 0.0, 0.0, 760.599406019316, 0.0, 272.0162634558701, 0.0, 0.0, 0.0, 0.0, 0.0, 0.0, 0.0, 0.0, 0.0, 0.0, 0.0, 0.0, 0.0, 0.0, 0.0, 0.0, 0.0, 0.0, 796.0041054817648, 0.0, 0.0, 792.0563939376053, 0.0, 0.0, 0.0, 0.0, 0.0, 0.0, 0.0, 0.0, 755.4920063107164, 0.0, 0.0, 0.0, 0.0, 0.0, 0.0, 0.0, 774.309428821367, 0.0, 0.0, 0.0, 0.0, 0.0, 0.0, 0.0, 0.0, 0.0, 0.0, 0.0, 0.0, 0.0, 0.0, 0.0, 0.0, 0.0, 278.8147517938106, 0.0, 0.0, 792.0606411642589, 0.0, 0.0, 0.0, 0.0, 0.0, 0.0, 0.0, 0.0, 0.0, 0.0, 763.5933113737041, 0.0, 0.0, 0.0, 0.0, 0.0, 0.0, 0.0, 0.0, 0.0, 0.0, 0.0, 0.0, 801.1389959712561, 0.0, 0.0, 0.0, 0.0, 0.0, 0.0, 777.6673779180753, 0.0, 0.0, 0.0, 0.0, 0.0, 0.0, 0.0, 0.0, 0.0, 0.0, 0.0, 0.0, 268.34696994702534, 0.0, 802.6944921687277, 0.0, 0.0, 0.0, 0.0, 760.9603988448767, 0.0, 0.0, 0.0, 0.0, 0.0, 0.0]
INFORMACIÓN : 2apuestaBundle [793.0151130955103, 792.0606411642589, 290.8379584457532, 278.8147517938106, 268.34696994702534]
INFORMACIÓN : 2positionsBundle [1118, 1171, 460, 1320, 1188]
INFORMACIÓN : 2levelsBundle [3, 3, 2, 2, 2]
INFORMACIÓN : 2positionsOrdered [460, 1118, 1171, 1320, 1188]
INFORMACIÓN : 2levelsOrdered [2, 3, 3, 2, 2]
INFORMACIÓN : 2partialityOrdered [2, 3, 3, 2, 2]
INFORMACIÓN : 2arrivalTimes [7.9168736499741525, 36.54759328312976, 39.709870943298135, 42.87214860346651, 84.67693741903847]
INFORMACIÓN : 3historia0[0.0, 0.0, 0.0, 0.0, 0.0, 0.0, 275.25356107061725, 290.8379584457532, 0.0, 0.0, 0.0, 0.0, 0.0, 0.0, 0.0, 0.0, 0.0, 0.0, 0.0, 0.0, 0.0, 0.0, 0.0, 0.0, 0.0, 0.0, 793.0151130955103, 0.0, 0.0, 0.0, 0.0, 0.0, 0.0, 0.0, 0.0, 0.0, 0.0, 762.6109966668921, 0.0, 754.92967186381, 0.0, 0.0, 0.0, 0.0, 0.0, 0.0, 0.0, 0.0, 0.0, 0.0, 760.599406019316, 0.0, 272.0162634558701, 0.0, 0.0, 0.0, 0.0, 0.0, 0.0, 0.0, 0.0, 0.0, 0.0, 0.0, 0.0, 0.0, 0.0, 0.0, 0.0, 0.0, 0.0, 796.0041054817648, 0.0, 0.0, 792.0563939376053, 0.0, 0.0, 0.0, 0.0, 0.0, 0.0, 0.0, 0.0, 755.4920063107164, 0.0, 0.0, 0.0, 0.0, 0.0, 0.0, 0.0, 774.309428821367, 0.0, 0.0, 0.0, 0.0, 0.0, 0.0, 0.0, 0.0, 0.0, 0.0, 0.0, 0.0, 0.0, 0.0, 0.0, 0.0, 0.0, 278.8147517938106, 0.0, 0.0, 792.0606411642589, 0.0, 0.0, 0.0, 0.0, 0.0, 0.0, 0.0, 0.0, 0.0, 0.0, 763.5933113737041, 0.0, 0.0, 0.0, 0.0, 0.0, 0.0, 0.0, 0.0, 0.0, 0.0, 0.0, 0.0, 801.1389959712561, 0.0, 0.0, 0.0, 0.0, 0.0, 0.0, 777.6673779180753, 0.0, 0.0, 0.0, 0.0, 0.0, 0.0, 0.0, 0.0, 0.0, 0.0, 0.0, 0.0, 268.34696994702534, 0.0, 802.6944921687277, 0.0, 156.00795939625095, 0.0, 0.0, 760.9603988448767, 0.0, 0.0, 0.0, 0.0, 0.0, 0.0]
INFORMACIÓN : 3apuestaBundle [793.0151130955103, 792.0606411642589, 290.8379584457532, 278.8147517938106, 268.34696994702534]
INFORMACIÓN : 3positionsBundle [1118, 1171, 460, 1320, 1188]
INFORMACIÓN : 3levelsBundle [3, 3, 2, 2, 2]
INFORMACIÓN : 3positionsOrdered [460, 1118, 1171, 1320, 1188]
INFORMACIÓN : 3levelsOrdered [2, 3, 3, 2, 2]
INFORMACIÓN : 3partialityOrdered [2, 3, 3, 2, 2]
INFORMACIÓN : 3arrivalTimes [7.9168736499741525, 36.54759328312976, 39.709870943298135, 42.87214860346651, 84.67693741903847]
INFORMACIÓN : 4historia0[0.0, 0.0, 0.0, 0.0, 0.0, 0.0, 275.25356107061725, 290.8379584457532, 0.0, 0.0, 0.0, 0.0, 0.0, 0.0, 0.0, 0.0, 0.0, 0.0, 0.0, 0.0, 0.0, 0.0, 0.0, 0.0, 0.0, 0.0, 793.0151130955103, 0.0, 0.0, 0.0, 0.0, 0.0, 0.0, 0.0, 0.0, 0.0, 0.0, 762.6109966668921, 0.0, 754.92967186381, 0.0, 0.0, 0.0, 0.0, 0.0, 0.0, 0.0, 0.0, 0.0, 0.0, 760.599406019316, 0.0, 272.0162634558701, 0.0, 0.0, 0.0, 0.0, 0.0, 0.0, 0.0, 0.0, 0.0, 0.0, 0.0, 0.0, 0.0, 0.0, 0.0, 0.0, 0.0, 0.0, 796.0041054817648, 0.0, 0.0, 792.0563939376053, 0.0, 0.0, 0.0, 0.0, 0.0, 0.0, 0.0, 0.0, 755.4920063107164, 0.0, 0.0, 0.0, 0.0, 0.0, 0.0, 0.0, 774.309428821367, 0.0, 0.0, 0.0, 0.0, 0.0, 0.0, 0.0, 0.0, 0.0, 0.0, 0.0, 0.0, 0.0, 0.0, 0.0, 0.0, 0.0, 278.8147517938106, 0.0, 0.0, 792.0606411642589, 0.0, 0.0, 0.0, 0.0, 0.0, 0.0, 0.0, 0.0, 0.0, 0.0, 763.5933113737041, 0.0, 0.0, 0.0, 0.0, 0.0, 0.0, 0.0, 0.0, 0.0, 0.0, 0.0, 0.0, 801.1389959712561, 0.0, 0.0, 0.0, 0.0, 0.0, 0.0, 777.6673779180753, 0.0, 0.0, 0.0, 0.0, 0.0, 0.0, 0.0, 0.0, 0.0, 0.0, 0.0, 0.0, 268.34696994702534, 0.0, 802.6944921687277, 0.0, 156.00795939625095, 0.0, 0.0, 760.9603988448767, 0.0, 0.0, 0.0, 0.0, 0.0, 0.0]
INFORMACIÓN : 4apuestaBundle [793.0151130955103, 792.0606411642589, 290.8379584457532, 278.8147517938106, 268.34696994702534]
INFORMACIÓN : 4positionsBundle [1118, 1171, 460, 1320, 1188]
INFORMACIÓN : 4levelsBundle [3, 3, 2, 2, 2]
INFORMACIÓN : 4positionsOrdered [460, 1118, 1171, 1320, 1188]
INFORMACIÓN : 4levelsOrdered [2, 3, 3, 2, 2]
INFORMACIÓN : 4partialityOrdered [2, 3, 3, 2, 2]
INFORMACIÓN : 4arrivalTimes [7.9168736499741525, 36.54759328312976, 39.709870943298135, 42.87214860346651, 84.67693741903847]
INFORMACIÓN : 5historia0[0.0, 0.0, 0.0, 0.0, 0.0, 0.0, 0.0, 290.8379584457532, 0.0, 0.0, 0.0, 0.0, 0.0, 0.0, 0.0, 0.0, 0.0, 0.0, 0.0, 0.0, 0.0, 0.0, 0.0, 0.0, 0.0, 0.0, 793.0151130955103, 0.0, 0.0, 0.0, 0.0, 0.0, 0.0, 0.0, 758.3589627180426, 0.0, 0.0, 0.0, 0.0, 0.0, 0.0, 0.0, 0.0, 0.0, 0.0, 0.0, 0.0, 0.0, 0.0, 0.0, 0.0, 0.0, 0.0, 0.0, 0.0, 0.0, 0.0, 0.0, 0.0, 0.0, 0.0, 0.0, 0.0, 0.0, 0.0, 0.0, 0.0, 0.0, 0.0, 0.0, 0.0, 796.0041054817648, 0.0, 0.0, 792.0563939376053, 0.0, 0.0, 0.0, 0.0, 0.0, 0.0, 0.0, 0.0, 0.0, 0.0, 0.0, 794.0543831895026, 0.0, 0.0, 793.0408789281258, 0.0, 774.309428821367, 0.0, 0.0, 0.0, 0.0, 0.0, 0.0, 0.0, 0.0, 0.0, 0.0, 0.0, 0.0, 0.0, 0.0, 0.0, 755.2245159936516, 0.0, 278.8147517938106, 0.0, 0.0, 792.0606411642589, 0.0, 0.0, 0.0, 0.0, 0.0, 0.0, 0.0, 0.0, 0.0, 0.0, 0.0, 0.0, 0.0, 0.0, 0.0, 0.0, 0.0, 0.0, 0.0, 0.0, 0.0, 0.0, 0.0, 801.1389959712561, 0.0, 0.0, 0.0, 0.0, 0.0, 0.0, 777.6673779180753, 0.0, 0.0, 0.0, 0.0, 0.0, 0.0, 0.0, 0.0, 0.0, 0.0, 0.0, 0.0, 275.02305672515536, 0.0, 0.0, 0.0, 0.0, 0.0, 0.0, 0.0, 0.0, 0.0, 0.0, 0.0, 0.0, 0.0]
INFORMACIÓN : 5apuestaBundle [793.0151130955103, 792.0606411642589, 290.8379584457532, 278.8147517938106, 383.44538948944574, 383.44538948944574]
INFORMACIÓN : 5positionsBundle [1118, 1171, 460, 1320, 1216, 1216]
INFORMACIÓN : 5levelsBundle [3, 3, 2, 2, 2, 2]
INFORMACIÓN : 5positionsOrdered [460, 1216, 1216, 1118, 1171, 1320]
INFORMACIÓN : 5levelsOrdered [2, 2, 2, 3, 3, 2]
INFORMACIÓN : 5partialityOrdered [2, 3, 3, 3, 3, 2]
INFORMACIÓN : 5arrivalTimes [7.9168736499741525, 24.072368071377664, 24.072368071377664, 36.54759328312976, 39.709870943298135, 42.87214860346651]
INFORMACIÓN : mutexSat position 1216 level 2
INFORMACIÓN : mutexSat position 1216 level 2
INFORMACIÓN : 6historia0[0.0, 0.0, 0.0, 0.0, 0.0, 0.0, 0.0, 290.8379584457532, 0.0, 0.0, 0.0, 0.0, 0.0, 0.0, 0.0, 0.0, 0.0, 0.0, 0.0, 0.0, 0.0, 0.0, 0.0, 0.0, 0.0, 0.0, 793.0151130955103, 0.0, 0.0, 0.0, 764.8927280801931, 0.0, 0.0, 0.0, 758.3589627180426, 0.0, 0.0, 0.0, 0.0, 0.0, 0.0, 0.0, 0.0, 0.0, 0.0, 0.0, 0.0, 0.0, 0.0, 0.0, 0.0, 0.0, 0.0, 0.0, 0.0, 0.0, 0.0, 0.0, 0.0, 0.0, 0.0, 0.0, 0.0, 0.0, 0.0, 0.0, 0.0, 0.0, 0.0, 0.0, 0.0, 794.542730347604, 0.0, 0.0, 790.2842716784213, 0.0, 0.0, 0.0, 0.0, 0.0, 0.0, 0.0, 0.0, 0.0, 760.2537628201922, 0.0, 794.0543831895026, 0.0, 0.0, 793.0408789281258, 0.0, 770.3977610973425, 0.0, 0.0, 0.0, 0.0, 0.0, 0.0, 0.0, 0.0, 0.0, 0.0, 0.0, 0.0, 0.0, 0.0, 0.0, 755.2245159936516, 0.0, 278.8147517938106, 0.0, 0.0, 792.0606411642589, 0.0, 0.0, 0.0, 0.0, 0.0, 0.0, 0.0, 0.0, 0.0, 0.0, 0.0, 0.0, 0.0, 0.0, 0.0, 0.0, 0.0, 0.0, 0.0, 0.0, 0.0, 0.0, 0.0, 801.1389959712561, 0.0, 0.0, 0.0, 0.0, 0.0, 0.0, 776.2957297252156, 0.0, 0.0, 0.0, 0.0, 0.0, 0.0, 0.0, 0.0, 0.0, 0.0, 0.0, 0.0, 0.0, 0.0, 802.6944921687277, 0.0, 0.0, 0.0, 0.0, 0.0, 0.0, 0.0, 0.0, 0.0, 0.0, 0.0]
INFORMACIÓN : 6apuestaBundle [793.0151130955103, 792.0606411642589, 290.8379584457532, 278.8147517938106, 368.1190108031324, 368.1190108031324]
INFORMACIÓN : 6positionsBundle [1118, 1171, 460, 1320, 1657, 1657]
INFORMACIÓN : 6levelsBundle [3, 3, 2, 2, 2, 2]
INFORMACIÓN : 6positionsOrdered [460, 1118, 1171, 1320, 1657, 1657]
INFORMACIÓN : 6levelsOrdered [2, 3, 3, 2, 2, 2]
INFORMACIÓN : 6partialityOrdered [2, 3, 3, 2, 3, 3]
INFORMACIÓN : 6arrivalTimes [7.9168736499741525, 36.54759328312976, 39.709870943298135, 42.87214860346651, 57.63697166369991, 57.63697166369991]
INFORMACIÓN : depSat position 1171 level 3
INFORMACIÓN : depSat position 460 level 2
INFORMACIÓN : depSat position 1320 level 2
INFORMACIÓN : 7historia0[0.0, 0.0, 0.0, 0.0, 0.0, 0.0, 0.0, 0.0, 0.0, 0.0, 0.0, 0.0, 0.0, 0.0, 0.0, 0.0, 0.0, 0.0, 0.0, 0.0, 0.0, 0.0, 0.0, 0.0, 0.0, 0.0, 793.0151130955103, 0.0, 0.0, 0.0, 764.8927280801931, 0.0, 0.0, 0.0, 758.3589627180426, 0.0, 0.0, 0.0, 0.0, 0.0, 0.0, 0.0, 0.0, 0.0, 0.0, 0.0, 0.0, 0.0, 0.0, 0.0, 0.0, 0.0, 0.0, 0.0, 0.0, 0.0, 0.0, 0.0, 0.0, 0.0, 0.0, 0.0, 0.0, 0.0, 0.0, 0.0, 0.0, 0.0, 0.0, 0.0, 0.0, 794.542730347604, 0.0, 0.0, 790.2842716784213, 0.0, 0.0, 0.0, 0.0, 0.0, 0.0, 0.0, 0.0, 0.0, 760.2537628201922, 0.0, 794.0543831895026, 0.0, 0.0, 793.0408789281258, 0.0, 770.3977610973425, 0.0, 0.0, 0.0, 0.0, 0.0, 0.0, 0.0, 0.0, 0.0, 0.0, 0.0, 0.0, 0.0, 0.0, 0.0, 755.2245159936516, 0.0, 0.0, 0.0, 0.0, 0.0, 0.0, 0.0, 0.0, 0.0, 0.0, 0.0, 0.0, 0.0, 0.0, 0.0, 0.0, 0.0, 0.0, 0.0, 0.0, 0.0, 0.0, 0.0, 0.0, 0.0, 0.0, 0.0, 0.0, 801.1389959712561, 0.0, 0.0, 0.0, 0.0, 0.0, 0.0, 776.2957297252156, 0.0, 0.0, 0.0, 0.0, 0.0, 0.0, 0.0, 0.0, 0.0, 0.0, 0.0, 0.0, 0.0, 0.0, 802.6944921687277, 0.0, 0.0, 0.0, 0.0, 0.0, 0.0, 0.0, 0.0, 0.0, 0.0, 0.0]
INFORMACIÓN : 7apuestaBundle [793.0151130955103, 368.1190108031324, 368.1190108031324, 175.58892460783488, 152.3408539607746, 150.5412308509259]
INFORMACIÓN : 7positionsBundle [1118, 1657, 1657, 127, 2083, 2134]
INFORMACIÓN : 7levelsBundle [3, 2, 2, 1, 1, 3]
INFORMACIÓN : 7positionsOrdered [127, 1118, 1657, 1657, 2083, 2134]
INFORMACIÓN : 7levelsOrdered [1, 3, 2, 2, 1, 3]
INFORMACIÓN : 7partialityOrdered [1, 3, 3, 3, 1, 3]
INFORMACIÓN : 7arrivalTimes [10.966057990550272, 36.54759328312976, 52.1039424692338, 52.1039424692338, 79.30688348670469, 80.72109704907778]
INFORMACIÓN : 8historia0[0.0, 0.0, 0.0, 0.0, 0.0, 0.0, 0.0, 0.0, 0.0, 0.0, 0.0, 0.0, 0.0, 368.1190108031324, 0.0, 0.0, 0.0, 0.0, 0.0, 0.0, 0.0, 0.0, 0.0, 0.0, 0.0, 0.0, 793.0151130955103, 0.0, 0.0, 0.0, 764.8927280801931, 0.0, 0.0, 0.0, 758.3589627180426, 0.0, 368.1190108031324, 0.0, 245.00377748218787, 0.0, 0.0, 0.0, 0.0, 0.0, 266.94726695078475, 0.0, 0.0, 0.0, 0.0, 0.0, 0.0, 0.0, 0.0, 0.0, 0.0, 0.0, 0.0, 0.0, 0.0, 0.0, 0.0, 0.0, 0.0, 0.0, 0.0, 0.0, 0.0, 0.0, 0.0, 0.0, 0.0, 794.542730347604, 0.0, 0.0, 790.2842716784213, 0.0, 0.0, 0.0, 0.0, 0.0, 0.0, 0.0, 0.0, 0.0, 760.2537628201922, 0.0, 794.0543831895026, 0.0, 0.0, 793.0408789281258, 0.0, 770.3977610973425, 0.0, 0.0, 0.0, 0.0, 0.0, 0.0, 0.0, 0.0, 0.0, 0.0, 0.0, 0.0, 0.0, 0.0, 0.0, 755.2245159936516, 0.0, 0.0, 0.0, 0.0, 0.0, 0.0, 0.0, 0.0, 0.0, 0.0, 0.0, 0.0, 0.0, 0.0, 0.0, 0.0, 0.0, 0.0, 0.0, 0.0, 0.0, 0.0, 0.0, 0.0, 0.0, 0.0, 0.0, 0.0, 801.1389959712561, 0.0, 0.0, 260.96587689987973, 0.0, 0.0, 0.0, 776.2957297252156, 0.0, 0.0, 0.0, 0.0, 0.0, 150.5412308509259, 0.0, 0.0, 152.3408539607746, 0.0, 0.0, 0.0, 0.0, 0.0, 802.6944921687277, 0.0, 175.58892460783488, 0.0, 0.0, 0.0, 0.0, 0.0, 0.0, 0.0, 0.0, 0.0]
INFORMACIÓN : 8apuestaBundle [793.0151130955103, 368.1190108031324, 368.1190108031324, 175.58892460783488, 152.3408539607746, 150.5412308509259]
INFORMACIÓN : 8positionsBundle [1118, 1657, 1657, 127, 2083, 2134]
INFORMACIÓN : 8levelsBundle [3, 2, 2, 1, 1, 3]
INFORMACIÓN : 8positionsOrdered [127, 1118, 1657, 1657, 2083, 2134]
INFORMACIÓN : 8levelsOrdered [1, 3, 2, 2, 1, 3]
INFORMACIÓN : 8partialityOrdered [1, 3, 3, 3, 1, 3]
INFORMACIÓN : 8arrivalTimes [10.966057990550272, 36.54759328312976, 52.1039424692338, 52.1039424692338, 79.30688348670469, 80.72109704907778]
INFORMACIÓN : 9historia0[0.0, 0.0, 0.0, 0.0, 0.0, 0.0, 0.0, 0.0, 0.0, 0.0, 0.0, 0.0, 0.0, 368.1190108031324, 0.0, 0.0, 0.0, 0.0, 0.0, 0.0, 0.0, 0.0, 0.0, 0.0, 0.0, 0.0, 793.0151130955103, 0.0, 0.0, 0.0, 764.8927280801931, 0.0, 0.0, 0.0, 758.3589627180426, 0.0, 368.1190108031324, 0.0, 245.00377748218787, 0.0, 0.0, 0.0, 0.0, 0.0, 266.94726695078475, 0.0, 0.0, 0.0, 0.0, 0.0, 0.0, 0.0, 0.0, 0.0, 0.0, 0.0, 0.0, 0.0, 0.0, 0.0, 0.0, 0.0, 0.0, 0.0, 0.0, 0.0, 0.0, 0.0, 0.0, 0.0, 0.0, 794.542730347604, 0.0, 0.0, 790.2842716784213, 0.0, 0.0, 0.0, 0.0, 0.0, 0.0, 0.0, 0.0, 0.0, 760.2537628201922, 0.0, 794.0543831895026, 0.0, 0.0, 793.0408789281258, 0.0, 770.3977610973425, 0.0, 0.0, 0.0, 0.0, 0.0, 0.0, 0.0, 0.0, 0.0, 0.0, 0.0, 0.0, 0.0, 0.0, 0.0, 755.2245159936516, 0.0, 0.0, 0.0, 0.0, 0.0, 0.0, 0.0, 0.0, 0.0, 0.0, 0.0, 0.0, 0.0, 0.0, 0.0, 0.0, 0.0, 0.0, 0.0, 0.0, 0.0, 0.0, 0.0, 0.0, 0.0, 0.0, 0.0, 0.0, 801.1389959712561, 0.0, 0.0, 260.96587689987973, 0.0, 0.0, 0.0, 776.2957297252156, 0.0, 0.0, 0.0, 0.0, 0.0, 150.5412308509259, 0.0, 0.0, 152.3408539607746, 0.0, 0.0, 0.0, 0.0, 0.0, 802.6944921687277, 0.0, 175.58892460783488, 0.0, 0.0, 0.0, 0.0, 0.0, 0.0, 0.0, 0.0, 0.0]
INFORMACIÓN : 9apuestaBundle [793.0151130955103, 368.1190108031324, 368.1190108031324, 175.58892460783488, 152.3408539607746, 150.5412308509259]
INFORMACIÓN : 9positionsBundle [1118, 1657, 1657, 127, 2083, 2134]
INFORMACIÓN : 9levelsBundle [3, 2, 2, 1, 1, 3]
INFORMACIÓN : 9positionsOrdered [127, 1118, 1657, 1657, 2083, 2134]
INFORMACIÓN : 9levelsOrdered [1, 3, 2, 2, 1, 3]
INFORMACIÓN : 9partialityOrdered [1, 3, 3, 3, 1, 3]
INFORMACIÓN : 9arrivalTimes [10.966057990550272, 36.54759328312976, 52.1039424692338, 52.1039424692338, 79.30688348670469, 80.72109704907778]
INFORMACIÓN : depSat position 1118 level 3
INFORMACIÓN : 10historia0[0.0, 0.0, 0.0, 0.0, 0.0, 0.0, 0.0, 0.0, 0.0, 0.0, 0.0, 0.0, 0.0, 0.0, 0.0, 0.0, 0.0, 0.0, 0.0, 0.0, 0.0, 0.0, 0.0, 0.0, 0.0, 0.0, 0.0, 0.0, 0.0, 0.0, 764.8927280801931, 0.0, 0.0, 0.0, 758.3589627180426, 0.0, 0.0, 0.0, 245.00377748218787, 0.0, 0.0, 0.0, 0.0, 0.0, 266.94726695078475, 0.0, 0.0, 0.0, 0.0, 0.0, 0.0, 0.0, 0.0, 0.0, 0.0, 0.0, 0.0, 0.0, 0.0, 0.0, 0.0, 0.0, 0.0, 0.0, 0.0, 0.0, 0.0, 0.0, 0.0, 0.0, 0.0, 794.542730347604, 0.0, 0.0, 790.2842716784213, 0.0, 0.0, 0.0, 0.0, 0.0, 0.0, 0.0, 0.0, 0.0, 760.2537628201922, 0.0, 794.0543831895026, 0.0, 0.0, 793.0408789281258, 0.0, 770.3977610973425, 0.0, 0.0, 0.0, 0.0, 0.0, 0.0, 0.0, 0.0, 0.0, 0.0, 0.0, 0.0, 0.0, 0.0, 0.0, 755.2245159936516, 0.0, 0.0, 0.0, 0.0, 0.0, 0.0, 0.0, 0.0, 0.0, 0.0, 0.0, 0.0, 0.0, 0.0, 0.0, 0.0, 0.0, 0.0, 0.0, 0.0, 0.0, 0.0, 0.0, 0.0, 0.0, 0.0, 0.0, 0.0, 801.1389959712561, 0.0, 0.0, 260.96587689987973, 0.0, 0.0, 0.0, 776.2957297252156, 0.0, 0.0, 0.0, 0.0, 0.0, 0.0, 0.0, 0.0, 0.0, 0.0, 0.0, 0.0, 0.0, 0.0, 802.6944921687277, 0.0, 0.0, 0.0, 0.0, 0.0, 0.0, 0.0, 0.0, 0.0, 0.0, 0.0]
INFORMACIÓN : 10apuestaBundle [793.9360670057562, 791.2278759242745, 790.9541780606805, 775.1735146045149, 282.4234458097761]
INFORMACIÓN : 10positionsBundle [1118, 1171, 1216, 1657, 460]
INFORMACIÓN : 10levelsBundle [3, 3, 3, 3, 2]
INFORMACIÓN : 10positionsOrdered [1118, 1216, 1171, 1657, 460]
INFORMACIÓN : 10levelsOrdered [3, 3, 3, 3, 2]
INFORMACIÓN : 10partialityOrdered [3, 3, 3, 3, 2]
INFORMACIÓN : 10arrivalTimes [13.939974470177004, 16.768401594923194, 35.709870943298135, 52.91452147738339, 77.10129472227904]
INFORMACIÓN : timeSat position 1118 level 3
INFORMACIÓN : timeSat position 1216 level 3
INFORMACIÓN : 11historia0[0.0, 0.0, 0.0, 0.0, 0.0, 0.0, 0.0, 0.0, 0.0, 0.0, 0.0, 0.0, 0.0, 0.0, 0.0, 0.0, 0.0, 0.0, 0.0, 0.0, 0.0, 0.0, 0.0, 0.0, 0.0, 0.0, 0.0, 0.0, 0.0, 0.0, 0.0, 0.0, 0.0, 0.0, 0.0, 0.0, 0.0, 760.5341716045898, 0.0, 0.0, 0.0, 0.0, 0.0, 0.0, 0.0, 0.0, 0.0, 0.0, 0.0, 0.0, 0.0, 0.0, 0.0, 0.0, 0.0, 0.0, 0.0, 0.0, 0.0, 0.0, 0.0, 0.0, 0.0, 0.0, 0.0, 0.0, 0.0, 0.0, 0.0, 0.0, 0.0, 794.542730347604, 0.0, 0.0, 790.2842716784213, 0.0, 0.0, 0.0, 0.0, 0.0, 0.0, 0.0, 0.0, 0.0, 0.0, 0.0, 794.0543831895026, 0.0, 0.0, 793.0408789281258, 0.0, 770.3977610973425, 0.0, 0.0, 0.0, 0.0, 0.0, 0.0, 0.0, 0.0, 0.0, 0.0, 0.0, 0.0, 0.0, 0.0, 0.0, 0.0, 0.0, 0.0, 0.0, 0.0, 0.0, 0.0, 0.0, 0.0, 0.0, 0.0, 0.0, 0.0, 0.0, 0.0, 0.0, 763.5933113737041, 0.0, 0.0, 0.0, 0.0, 0.0, 0.0, 0.0, 0.0, 0.0, 0.0, 0.0, 0.0, 801.1389959712561, 0.0, 0.0, 0.0, 0.0, 0.0, 0.0, 776.2957297252156, 0.0, 0.0, 0.0, 0.0, 0.0, 0.0, 0.0, 0.0, 0.0, 0.0, 0.0, 0.0, 0.0, 0.0, 0.0, 0.0, 0.0, 0.0, 0.0, 0.0, 0.0, 0.0, 0.0, 0.0, 0.0, 0.0]
INFORMACIÓN : 11apuestaBundle [792.4090479929848, 792.0606411642589, 788.1404933017452, 775.1735146045149, 290.8379985769361]
INFORMACIÓN : 11positionsBundle [1118, 1171, 1216, 1657, 460]
INFORMACIÓN : 11levelsBundle [3, 3, 3, 3, 2]
INFORMACIÓN : 11positionsOrdered [460, 1118, 1171, 1216, 1657]
INFORMACIÓN : 11levelsOrdered [2, 3, 3, 3, 3]
INFORMACIÓN : 11partialityOrdered [2, 3, 3, 3, 3]
INFORMACIÓN : 11arrivalTimes [7.9168736499741525, 51.43926178743385, 54.60153944760223, 85.21299767514697, 97.94091973650482]
INFORMACIÓN : 12historia0[0.0, 0.0, 0.0, 0.0, 0.0, 0.0, 0.0, 290.8379985769361, 0.0, 0.0, 0.0, 0.0, 0.0, 0.0, 0.0, 0.0, 0.0, 0.0, 0.0, 0.0, 0.0, 0.0, 0.0, 0.0, 0.0, 0.0, 792.4090479929848, 0.0, 0.0, 0.0, 0.0, 0.0, 0.0, 0.0, 0.0, 0.0, 0.0, 760.5341716045898, 0.0, 0.0, 0.0, 0.0, 0.0, 0.0, 0.0, 0.0, 775.1735146045149, 0.0, 0.0, 0.0, 0.0, 0.0, 0.0, 0.0, 0.0, 0.0, 0.0, 0.0, 0.0, 792.2479064474145, 0.0, 0.0, 0.0, 0.0, 0.0, 0.0, 0.0, 0.0, 0.0, 0.0, 0.0, 796.0041054817648, 0.0, 0.0, 792.0563939376053, 0.0, 0.0, 0.0, 0.0, 0.0, 0.0, 0.0, 0.0, 0.0, 788.1404933017452, 0.0, 794.0543831895026, 0.0, 0.0, 793.0408789281258, 0.0, 0.0, 0.0, 0.0, 0.0, 0.0, 0.0, 0.0, 0.0, 0.0, 0.0, 0.0, 0.0, 0.0, 0.0, 0.0, 0.0, 0.0, 0.0, 0.0, 0.0, 789.4447009590228, 792.0606411642589, 754.1460820720706, 0.0, 0.0, 0.0, 0.0, 0.0, 0.0, 0.0, 0.0, 0.0, 763.5933113737041, 0.0, 0.0, 0.0, 0.0, 0.0, 0.0, 0.0, 0.0, 0.0, 0.0, 0.0, 0.0, 801.1389959712561, 0.0, 0.0, 0.0, 0.0, 0.0, 0.0, 0.0, 0.0, 0.0, 0.0, 0.0, 0.0, 0.0, 0.0, 0.0, 0.0, 748.4849373455473, 0.0, 0.0, 0.0, 0.0, 802.6944921687277, 0.0, 0.0, 0.0, 0.0, 0.0, 0.0, 0.0, 0.0, 0.0, 0.0, 0.0]
INFORMACIÓN : 12apuestaBundle [792.4090479929848, 792.0606411642589, 788.1404933017452, 775.1735146045149, 290.8379985769361]
INFORMACIÓN : 12positionsBundle [1118, 1171, 1216, 1657, 460]
INFORMACIÓN : 12levelsBundle [3, 3, 3, 3, 2]
INFORMACIÓN : 12positionsOrdered [460, 1118, 1171, 1216, 1657]
INFORMACIÓN : 12levelsOrdered [2, 3, 3, 3, 3]
INFORMACIÓN : 12partialityOrdered [2, 3, 3, 3, 3]
INFORMACIÓN : 12arrivalTimes [7.9168736499741525, 51.43926178743385, 54.60153944760223, 85.21299767514697, 97.94091973650482]
INFORMACIÓN : 13historia0[0.0, 0.0, 0.0, 0.0, 0.0, 0.0, 0.0, 290.8379985769361, 0.0, 0.0, 0.0, 0.0, 0.0, 0.0, 0.0, 0.0, 0.0, 0.0, 0.0, 0.0, 0.0, 0.0, 0.0, 0.0, 0.0, 0.0, 792.4090479929848, 0.0, 0.0, 0.0, 0.0, 0.0, 0.0, 0.0, 0.0, 0.0, 0.0, 760.5341716045898, 0.0, 0.0, 0.0, 0.0, 0.0, 243.16129952873132, 0.0, 0.0, 775.1735146045149, 0.0, 0.0, 0.0, 0.0, 0.0, 0.0, 0.0, 0.0, 0.0, 0.0, 0.0, 0.0, 792.2479064474145, 0.0, 0.0, 0.0, 0.0, 0.0, 0.0, 0.0, 0.0, 0.0, 0.0, 0.0, 794.5874675197853, 0.0, 0.0, 790.328979265634, 0.0, 0.0, 0.0, 0.0, 0.0, 0.0, 0.0, 0.0, 0.0, 788.1404933017452, 0.0, 794.0543831895026, 0.0, 0.0, 793.0408789281258, 0.0, 0.0, 0.0, 0.0, 0.0, 0.0, 0.0, 0.0, 0.0, 0.0, 0.0, 0.0, 0.0, 0.0, 0.0, 0.0, 0.0, 0.0, 0.0, 256.08341547287125, 0.0, 789.4447009590228, 792.0606411642589, 754.1460820720706, 0.0, 0.0, 0.0, 0.0, 0.0, 0.0, 0.0, 0.0, 0.0, 763.5933113737041, 0.0, 0.0, 0.0, 0.0, 0.0, 0.0, 0.0, 0.0, 0.0, 0.0, 0.0, 0.0, 801.1389959712561, 0.0, 0.0, 0.0, 0.0, 0.0, 0.0, 0.0, 0.0, 0.0, 0.0, 0.0, 0.0, 0.0, 0.0, 0.0, 0.0, 748.4849373455473, 0.0, 0.0, 282.4632098966316, 0.0, 802.6944921687277, 0.0, 0.0, 0.0, 0.0, 0.0, 0.0, 0.0, 0.0, 0.0, 0.0, 0.0]
INFORMACIÓN : 13apuestaBundle [792.4090479929848, 792.0606411642589, 788.1404933017452, 775.1735146045149, 290.8379985769361]
INFORMACIÓN : 13positionsBundle [1118, 1171, 1216, 1657, 460]
INFORMACIÓN : 13levelsBundle [3, 3, 3, 3, 2]
INFORMACIÓN : 13positionsOrdered [460, 1118, 1171, 1216, 1657]
INFORMACIÓN : 13levelsOrdered [2, 3, 3, 3, 3]
INFORMACIÓN : 13partialityOrdered [2, 3, 3, 3, 3]
INFORMACIÓN : 13arrivalTimes [7.9168736499741525, 51.43926178743385, 54.60153944760223, 85.21299767514697, 97.94091973650482]
INFORMACIÓN : 14historia0[0.0, 0.0, 0.0, 0.0, 0.0, 0.0, 0.0, 290.8379985769361, 0.0, 0.0, 0.0, 0.0, 0.0, 0.0, 0.0, 0.0, 0.0, 0.0, 0.0, 0.0, 0.0, 0.0, 0.0, 0.0, 0.0, 0.0, 792.4090479929848, 0.0, 0.0, 0.0, 0.0, 0.0, 0.0, 0.0, 0.0, 0.0, 0.0, 0.0, 0.0, 0.0, 0.0, 0.0, 0.0, 243.16129952873132, 0.0, 0.0, 775.1735146045149, 0.0, 0.0, 0.0, 0.0, 0.0, 0.0, 0.0, 0.0, 0.0, 0.0, 0.0, 0.0, 792.2479064474145, 0.0, 0.0, 0.0, 0.0, 0.0, 0.0, 0.0, 0.0, 0.0, 0.0, 246.72241008144954, 794.5874675197853, 0.0, 0.0, 790.328979265634, 0.0, 0.0, 0.0, 0.0, 0.0, 0.0, 0.0, 0.0, 0.0, 788.1404933017452, 0.0, 794.0543831895026, 0.0, 0.0, 793.0408789281258, 0.0, 0.0, 0.0, 0.0, 0.0, 0.0, 0.0, 0.0, 0.0, 0.0, 0.0, 0.0, 0.0, 0.0, 0.0, 0.0, 0.0, 0.0, 0.0, 256.08341547287125, 0.0, 789.4447009590228, 792.0606411642589, 754.1460820720706, 243.48258766495292, 0.0, 0.0, 0.0, 0.0, 0.0, 0.0, 0.0, 0.0, 0.0, 0.0, 0.0, 0.0, 0.0, 0.0, 0.0, 0.0, 0.0, 0.0, 0.0, 0.0, 0.0, 801.1389959712561, 0.0, 0.0, 0.0, 0.0, 0.0, 0.0, 0.0, 0.0, 0.0, 0.0, 0.0, 0.0, 0.0, 0.0, 0.0, 0.0, 748.4849373455473, 0.0, 0.0, 282.4632098966316, 0.0, 802.6944921687277, 0.0, 0.0, 0.0, 0.0, 0.0, 0.0, 0.0, 0.0, 0.0, 0.0, 0.0]
INFORMACIÓN : 14apuestaBundle [792.4090479929848, 792.0606411642589, 788.1404933017452, 775.1735146045149, 290.8379985769361]
INFORMACIÓN : 14positionsBundle [1118, 1171, 1216, 1657, 460]
INFORMACIÓN : 14levelsBundle [3, 3, 3, 3, 2]
INFORMACIÓN : 14positionsOrdered [460, 1118, 1171, 1216, 1657]
INFORMACIÓN : 14levelsOrdered [2, 3, 3, 3, 3]
INFORMACIÓN : 14partialityOrdered [2, 3, 3, 3, 3]
INFORMACIÓN : 14arrivalTimes [7.9168736499741525, 51.43926178743385, 54.60153944760223, 85.21299767514697, 97.94091973650482]
INFORMACIÓN : 15historia0[0.0, 0.0, 0.0, 0.0, 0.0, 0.0, 0.0, 290.8379985769361, 0.0, 0.0, 0.0, 0.0, 0.0, 0.0, 0.0, 0.0, 0.0, 0.0, 0.0, 0.0, 0.0, 0.0, 0.0, 0.0, 0.0, 0.0, 792.4090479929848, 0.0, 0.0, 0.0, 0.0, 0.0, 0.0, 0.0, 0.0, 0.0, 0.0, 785.7458391536024, 0.0, 804.2042512755272, 0.0, 0.0, 0.0, 243.16129952873132, 0.0, 0.0, 775.1735146045149, 0.0, 0.0, 0.0, 0.0, 0.0, 0.0, 0.0, 0.0, 0.0, 0.0, 0.0, 0.0, 792.2479064474145, 0.0, 0.0, 0.0, 0.0, 0.0, 0.0, 0.0, 0.0, 0.0, 0.0, 0.0, 794.5874675197853, 0.0, 0.0, 790.328979265634, 0.0, 0.0, 0.0, 0.0, 0.0, 0.0, 0.0, 0.0, 0.0, 788.1404933017452, 0.0, 794.0543831895026, 0.0, 0.0, 793.0408789281258, 0.0, 0.0, 0.0, 0.0, 0.0, 0.0, 0.0, 0.0, 0.0, 0.0, 0.0, 0.0, 0.0, 0.0, 0.0, 0.0, 0.0, 0.0, 0.0, 256.08341547287125, 0.0, 789.4447009590228, 792.0606411642589, 754.1460820720706, 0.0, 0.0, 0.0, 0.0, 0.0, 0.0, 0.0, 0.0, 0.0, 779.3924953780008, 0.0, 0.0, 0.0, 0.0, 0.0, 0.0, 0.0, 0.0, 0.0, 0.0, 0.0, 0.0, 801.1389959712561, 0.0, 0.0, 0.0, 0.0, 178.98364514251102, 0.0, 0.0, 0.0, 0.0, 0.0, 0.0, 0.0, 0.0, 0.0, 775.12583268547, 0.0, 748.4849373455473, 0.0, 0.0, 282.4632098966316, 0.0, 802.6944921687277, 0.0, 0.0, 165.6416637823539, 0.0, 0.0, 0.0, 0.0, 0.0, 0.0, 0.0, 0.0]
INFORMACIÓN : 15apuestaBundle [792.4090479929848, 792.0606411642589, 788.1404933017452, 775.1735146045149, 290.8379985769361]
INFORMACIÓN : 15positionsBundle [1118, 1171, 1216, 1657, 460]
INFORMACIÓN : 15levelsBundle [3, 3, 3, 3, 2]
INFORMACIÓN : 15positionsOrdered [460, 1118, 1171, 1216, 1657]
INFORMACIÓN : 15levelsOrdered [2, 3, 3, 3, 3]
INFORMACIÓN : 15partialityOrdered [2, 3, 3, 3, 3]
INFORMACIÓN : 15arrivalTimes [7.9168736499741525, 51.43926178743385, 54.60153944760223, 85.21299767514697, 97.94091973650482]
INFORMACIÓN : 16historia0[0.0, 0.0, 0.0, 0.0, 0.0, 0.0, 0.0, 290.8379985769361, 0.0, 0.0, 0.0, 0.0, 0.0, 0.0, 0.0, 0.0, 0.0, 0.0, 0.0, 0.0, 0.0, 0.0, 0.0, 0.0, 0.0, 0.0, 792.4090479929848, 0.0, 0.0, 274.7154426924342, 0.0, 0.0, 0.0, 0.0, 0.0, 0.0, 0.0, 785.7458391536024, 0.0, 804.2042512755272, 0.0, 0.0, 0.0, 243.16129952873132, 0.0, 0.0, 775.1735146045149, 0.0, 0.0, 0.0, 0.0, 0.0, 0.0, 0.0, 0.0, 0.0, 0.0, 0.0, 0.0, 792.2479064474145, 0.0, 0.0, 0.0, 0.0, 0.0, 0.0, 0.0, 0.0, 0.0, 0.0, 0.0, 794.5874675197853, 0.0, 0.0, 790.328979265634, 0.0, 0.0, 0.0, 0.0, 0.0, 0.0, 0.0, 0.0, 0.0, 788.1404933017452, 0.0, 794.0543831895026, 0.0, 0.0, 793.0408789281258, 0.0, 0.0, 0.0, 0.0, 0.0, 0.0, 0.0, 0.0, 0.0, 0.0, 0.0, 0.0, 0.0, 0.0, 0.0, 0.0, 0.0, 0.0, 0.0, 256.08341547287125, 0.0, 789.4447009590228, 792.0606411642589, 754.1460820720706, 0.0, 0.0, 0.0, 0.0, 0.0, 0.0, 0.0, 0.0, 0.0, 779.3924953780008, 0.0, 0.0, 0.0, 0.0, 0.0, 0.0, 0.0, 0.0, 0.0, 0.0, 0.0, 0.0, 801.1389959712561, 0.0, 0.0, 0.0, 0.0, 178.98364514251102, 0.0, 0.0, 0.0, 0.0, 0.0, 0.0, 0.0, 0.0, 0.0, 775.12583268547, 0.0, 748.4849373455473, 0.0, 0.0, 282.4632098966316, 0.0, 802.6944921687277, 0.0, 0.0, 165.6416637823539, 0.0, 0.0, 0.0, 0.0, 0.0, 0.0, 0.0, 0.0]
INFORMACIÓN : 16apuestaBundle [792.4090479929848, 792.0606411642589, 788.1404933017452, 775.1735146045149, 290.8379985769361]
INFORMACIÓN : 16positionsBundle [1118, 1171, 1216, 1657, 460]
INFORMACIÓN : 16levelsBundle [3, 3, 3, 3, 2]
INFORMACIÓN : 16positionsOrdered [460, 1118, 1171, 1216, 1657]
INFORMACIÓN : 16levelsOrdered [2, 3, 3, 3, 3]
INFORMACIÓN : 16partialityOrdered [2, 3, 3, 3, 3]
INFORMACIÓN : 16arrivalTimes [7.9168736499741525, 51.43926178743385, 54.60153944760223, 85.21299767514697, 97.94091973650482]
INFORMACIÓN : depSat position 1118 level 3
INFORMACIÓN : depSat position 1171 level 3
INFORMACIÓN : depSat position 1216 level 3
INFORMACIÓN : depSat position 1657 level 3
INFORMACIÓN : depSat position 460 level 2
INFORMACIÓN : 17historia0[0.0, 0.0, 0.0, 0.0, 0.0, 0.0, 0.0, 0.0, 0.0, 0.0, 0.0, 0.0, 0.0, 0.0, 0.0, 0.0, 0.0, 0.0, 0.0, 0.0, 0.0, 0.0, 0.0, 0.0, 0.0, 0.0, 0.0, 0.0, 0.0, 274.7154426924342, 0.0, 0.0, 0.0, 0.0, 0.0, 0.0, 0.0, 785.7458391536024, 0.0, 804.2042512755272, 0.0, 0.0, 0.0, 243.16129952873132, 0.0, 0.0, 0.0, 0.0, 0.0, 0.0, 0.0, 0.0, 0.0, 0.0, 0.0, 0.0, 0.0, 0.0, 0.0, 0.0, 0.0, 0.0, 0.0, 0.0, 0.0, 0.0, 0.0, 0.0, 0.0, 0.0, 0.0, 794.5874675197853, 0.0, 0.0, 790.328979265634, 267.2883561484717, 0.0, 0.0, 0.0, 0.0, 0.0, 0.0, 0.0, 0.0, 0.0, 0.0, 794.0543831895026, 0.0, 0.0, 793.0408789281258, 0.0, 0.0, 0.0, 0.0, 0.0, 0.0, 0.0, 0.0, 0.0, 0.0, 0.0, 0.0, 0.0, 0.0, 0.0, 0.0, 0.0, 754.9075754542015, 0.0, 256.08341547287125, 0.0, 0.0, 0.0, 0.0, 0.0, 0.0, 0.0, 0.0, 0.0, 0.0, 0.0, 0.0, 0.0, 779.3924953780008, 0.0, 0.0, 0.0, 0.0, 0.0, 0.0, 0.0, 0.0, 0.0, 0.0, 0.0, 0.0, 801.1389959712561, 0.0, 0.0, 0.0, 0.0, 0.0, 0.0, 0.0, 0.0, 0.0, 0.0, 0.0, 0.0, 0.0, 0.0, 775.12583268547, 0.0, 0.0, 0.0, 0.0, 282.4632098966316, 0.0, 0.0, 0.0, 0.0, 0.0, 0.0, 0.0, 0.0, 0.0, 0.0, 0.0, 0.0, 0.0]
INFORMACIÓN : 17apuestaBundle [792.571796736774, 790.6218256038117, 788.3029503253827, 772.4613889913079, 290.8379878003717]
INFORMACIÓN : 17positionsBundle [1118, 1171, 1216, 1657, 460]
INFORMACIÓN : 17levelsBundle [3, 3, 3, 3, 2]
INFORMACIÓN : 17positionsOrdered [460, 1118, 1171, 1216, 1657]
INFORMACIÓN : 17levelsOrdered [2, 3, 3, 3, 3]
INFORMACIÓN : 17partialityOrdered [2, 3, 3, 3, 3]
INFORMACIÓN : 17arrivalTimes [7.9168736499741525, 47.43926178743385, 50.60153944760223, 81.21299767514697, 93.94091973650482]
INFORMACIÓN : 18historia0[0.0, 0.0, 0.0, 0.0, 0.0, 0.0, 0.0, 290.8379878003717, 0.0, 0.0, 0.0, 0.0, 0.0, 0.0, 0.0, 0.0, 0.0, 0.0, 0.0, 0.0, 0.0, 0.0, 0.0, 0.0, 0.0, 0.0, 792.571796736774, 0.0, 0.0, 274.7154426924342, 764.2873170238113, 0.0, 0.0, 0.0, 0.0, 0.0, 0.0, 785.7458391536024, 0.0, 804.2042512755272, 0.0, 0.0, 0.0, 243.16129952873132, 0.0, 0.0, 772.4613889913079, 0.0, 0.0, 0.0, 758.7428189623505, 0.0, 0.0, 0.0, 0.0, 0.0, 0.0, 0.0, 0.0, 792.2479064474145, 0.0, 0.0, 0.0, 0.0, 0.0, 0.0, 0.0, 0.0, 0.0, 0.0, 0.0, 794.5874675197853, 0.0, 0.0, 790.328979265634, 267.2883561484717, 0.0, 0.0, 0.0, 0.0, 0.0, 0.0, 0.0, 0.0, 788.3029503253827, 0.0, 794.0543831895026, 0.0, 0.0, 793.0408789281258, 0.0, 0.0, 0.0, 0.0, 0.0, 0.0, 0.0, 0.0, 0.0, 0.0, 0.0, 0.0, 0.0, 0.0, 0.0, 0.0, 0.0, 754.9075754542015, 0.0, 256.08341547287125, 0.0, 789.4447009590228, 790.6218256038117, 0.0, 0.0, 0.0, 0.0, 0.0, 0.0, 0.0, 0.0, 0.0, 0.0, 779.3924953780008, 0.0, 0.0, 0.0, 0.0, 0.0, 0.0, 0.0, 0.0, 0.0, 0.0, 0.0, 0.0, 801.1389959712561, 0.0, 0.0, 0.0, 0.0, 0.0, 0.0, 0.0, 0.0, 0.0, 0.0, 0.0, 0.0, 0.0, 0.0, 775.12583268547, 0.0, 0.0, 0.0, 0.0, 282.4632098966316, 0.0, 802.6944921687277, 0.0, 0.0, 0.0, 0.0, 0.0, 0.0, 0.0, 0.0, 0.0, 0.0, 0.0]
INFORMACIÓN : 18apuestaBundle [792.571796736774, 790.6218256038117, 788.3029503253827, 772.4613889913079, 290.8379878003717]
INFORMACIÓN : 18positionsBundle [1118, 1171, 1216, 1657, 460]
INFORMACIÓN : 18levelsBundle [3, 3, 3, 3, 2]
INFORMACIÓN : 18positionsOrdered [460, 1118, 1171, 1216, 1657]
INFORMACIÓN : 18levelsOrdered [2, 3, 3, 3, 3]
INFORMACIÓN : 18partialityOrdered [2, 3, 3, 3, 3]
INFORMACIÓN : 18arrivalTimes [7.9168736499741525, 47.43926178743385, 50.60153944760223, 81.21299767514697, 93.94091973650482]
INFORMACIÓN : 19historia0[0.0, 0.0, 0.0, 0.0, 0.0, 0.0, 0.0, 290.8379878003717, 0.0, 0.0, 0.0, 0.0, 0.0, 0.0, 0.0, 0.0, 0.0, 0.0, 0.0, 0.0, 0.0, 0.0, 0.0, 0.0, 0.0, 0.0, 792.571796736774, 0.0, 0.0, 274.7154426924342, 764.2873170238113, 0.0, 0.0, 0.0, 0.0, 0.0, 0.0, 785.7458391536024, 0.0, 804.2042512755272, 0.0, 0.0, 0.0, 243.6905534440259, 0.0, 0.0, 772.4613889913079, 0.0, 0.0, 0.0, 758.7428189623505, 0.0, 0.0, 0.0, 0.0, 0.0, 0.0, 0.0, 0.0, 792.2479064474145, 0.0, 0.0, 0.0, 0.0, 0.0, 0.0, 0.0, 0.0, 0.0, 0.0, 0.0, 796.0041054817648, 0.0, 0.0, 790.4103186983468, 267.2883561484717, 0.0, 0.0, 0.0, 0.0, 0.0, 0.0, 0.0, 0.0, 788.3029503253827, 0.0, 794.0543831895026, 0.0, 0.0, 793.0408789281258, 0.0, 0.0, 0.0, 0.0, 0.0, 0.0, 0.0, 0.0, 0.0, 0.0, 0.0, 0.0, 0.0, 0.0, 0.0, 0.0, 0.0, 754.9075754542015, 0.0, 256.6131711149051, 0.0, 789.4447009590228, 790.6218256038117, 0.0, 0.0, 0.0, 0.0, 0.0, 0.0, 0.0, 0.0, 0.0, 0.0, 779.3924953780008, 0.0, 0.0, 0.0, 0.0, 0.0, 0.0, 0.0, 0.0, 0.0, 0.0, 0.0, 0.0, 801.1389959712561, 0.0, 0.0, 0.0, 0.0, 0.0, 0.0, 0.0, 0.0, 0.0, 0.0, 0.0, 0.0, 0.0, 0.0, 775.12583268547, 0.0, 0.0, 0.0, 0.0, 275.8169753101772, 0.0, 802.6944921687277, 0.0, 0.0, 0.0, 0.0, 0.0, 0.0, 0.0, 0.0, 0.0, 0.0, 0.0]
INFORMACIÓN : 19apuestaBundle [792.571796736774, 790.6218256038117, 788.3029503253827, 772.4613889913079, 290.8379878003717]
INFORMACIÓN : 19positionsBundle [1118, 1171, 1216, 1657, 460]
INFORMACIÓN : 19levelsBundle [3, 3, 3, 3, 2]
INFORMACIÓN : 19positionsOrdered [460, 1118, 1171, 1216, 1657]
INFORMACIÓN : 19levelsOrdered [2, 3, 3, 3, 3]
INFORMACIÓN : 19partialityOrdered [2, 3, 3, 3, 3]
INFORMACIÓN : 19arrivalTimes [7.9168736499741525, 47.43926178743385, 50.60153944760223, 81.21299767514697, 93.94091973650482]
INFORMACIÓN : 20historia0[0.0, 0.0, 0.0, 0.0, 0.0, 0.0, 0.0, 290.8379878003717, 0.0, 0.0, 0.0, 0.0, 0.0, 0.0, 0.0, 0.0, 0.0, 0.0, 0.0, 0.0, 0.0, 0.0, 0.0, 0.0, 0.0, 0.0, 792.571796736774, 0.0, 0.0, 0.0, 764.2873170238113, 0.0, 0.0, 0.0, 0.0, 0.0, 0.0, 0.0, 0.0, 0.0, 0.0, 0.0, 0.0, 243.6905534440259, 0.0, 0.0, 772.4613889913079, 0.0, 0.0, 0.0, 758.7428189623505, 0.0, 0.0, 0.0, 0.0, 0.0, 0.0, 0.0, 0.0, 792.2479064474145, 0.0, 0.0, 0.0, 0.0, 0.0, 0.0, 0.0, 0.0, 0.0, 0.0, 0.0, 796.0041054817648, 0.0, 0.0, 790.4103186983468, 267.2883561484717, 0.0, 0.0, 0.0, 0.0, 0.0, 0.0, 0.0, 0.0, 788.3029503253827, 0.0, 794.0543831895026, 0.0, 0.0, 793.0408789281258, 0.0, 0.0, 0.0, 0.0, 0.0, 0.0, 0.0, 0.0, 0.0, 0.0, 0.0, 0.0, 0.0, 0.0, 0.0, 0.0, 0.0, 754.9075754542015, 0.0, 256.6131711149051, 0.0, 789.4447009590228, 790.6218256038117, 0.0, 0.0, 0.0, 0.0, 0.0, 0.0, 0.0, 0.0, 0.0, 0.0, 0.0, 0.0, 0.0, 0.0, 0.0, 0.0, 0.0, 0.0, 0.0, 0.0, 0.0, 0.0, 0.0, 801.1389959712561, 0.0, 0.0, 0.0, 0.0, 0.0, 0.0, 0.0, 0.0, 0.0, 0.0, 0.0, 0.0, 0.0, 0.0, 0.0, 0.0, 0.0, 0.0, 0.0, 275.8169753101772, 0.0, 802.6944921687277, 0.0, 0.0, 0.0, 0.0, 0.0, 0.0, 0.0, 0.0, 0.0, 0.0, 0.0]
INFORMACIÓN : 20apuestaBundle [792.571796736774, 790.6218256038117, 788.3029503253827, 772.4613889913079, 290.8379878003717]
INFORMACIÓN : 20positionsBundle [1118, 1171, 1216, 1657, 460]
INFORMACIÓN : 20levelsBundle [3, 3, 3, 3, 2]
INFORMACIÓN : 20positionsOrdered [460, 1118, 1171, 1216, 1657]
INFORMACIÓN : 20levelsOrdered [2, 3, 3, 3, 3]
INFORMACIÓN : 20partialityOrdered [2, 3, 3, 3, 3]
INFORMACIÓN : 20arrivalTimes [7.9168736499741525, 47.43926178743385, 50.60153944760223, 81.21299767514697, 93.94091973650482]
INFORMACIÓN : 21historia0[0.0, 0.0, 0.0, 0.0, 0.0, 0.0, 0.0, 290.8379878003717, 0.0, 0.0, 0.0, 0.0, 0.0, 0.0, 0.0, 0.0, 0.0, 0.0, 0.0, 0.0, 0.0, 0.0, 0.0, 0.0, 0.0, 0.0, 792.571796736774, 0.0, 0.0, 274.77625852901997, 764.2873170238113, 0.0, 0.0, 0.0, 0.0, 0.0, 0.0, 0.0, 0.0, 804.3667187039159, 0.0, 0.0, 0.0, 243.6905534440259, 0.0, 0.0, 772.4613889913079, 0.0, 0.0, 0.0, 758.7428189623505, 0.0, 0.0, 0.0, 0.0, 0.0, 0.0, 0.0, 0.0, 792.2479064474145, 0.0, 0.0, 0.0, 0.0, 0.0, 0.0, 0.0, 0.0, 0.0, 0.0, 277.65575162278765, 796.0041054817648, 0.0, 0.0, 790.4103186983468, 267.2883561484717, 0.0, 0.0, 0.0, 0.0, 0.0, 0.0, 0.0, 0.0, 788.3029503253827, 0.0, 794.0543831895026, 0.0, 0.0, 793.0408789281258, 0.0, 0.0, 0.0, 0.0, 0.0, 0.0, 0.0, 0.0, 0.0, 0.0, 0.0, 0.0, 0.0, 0.0, 0.0, 0.0, 0.0, 754.9075754542015, 0.0, 256.6131711149051, 0.0, 789.4447009590228, 790.6218256038117, 0.0, 0.0, 0.0, 0.0, 0.0, 0.0, 0.0, 0.0, 0.0, 0.0, 779.5551830123893, 0.0, 0.0, 0.0, 0.0, 0.0, 0.0, 0.0, 0.0, 0.0, 0.0, 0.0, 0.0, 801.1389959712561, 0.0, 0.0, 0.0, 0.0, 0.0, 0.0, 0.0, 0.0, 0.0, 0.0, 0.0, 0.0, 0.0, 0.0, 775.2070938697605, 0.0, 0.0, 0.0, 0.0, 275.8169753101772, 0.0, 802.6944921687277, 0.0, 0.0, 0.0, 0.0, 0.0, 0.0, 0.0, 0.0, 0.0, 0.0, 0.0]
INFORMACIÓN : 21apuestaBundle [792.571796736774, 790.6218256038117, 788.3029503253827, 772.4613889913079, 290.8379878003717]
INFORMACIÓN : 21positionsBundle [1118, 1171, 1216, 1657, 460]
INFORMACIÓN : 21levelsBundle [3, 3, 3, 3, 2]
INFORMACIÓN : 21positionsOrdered [460, 1118, 1171, 1216, 1657]
INFORMACIÓN : 21levelsOrdered [2, 3, 3, 3, 3]
INFORMACIÓN : 21partialityOrdered [2, 3, 3, 3, 3]
INFORMACIÓN : 21arrivalTimes [7.9168736499741525, 47.43926178743385, 50.60153944760223, 81.21299767514697, 93.94091973650482]
INFORMACIÓN : 22historia0[0.0, 0.0, 0.0, 0.0, 0.0, 0.0, 0.0, 290.8379878003717, 0.0, 0.0, 0.0, 0.0, 0.0, 0.0, 0.0, 0.0, 0.0, 0.0, 0.0, 0.0, 0.0, 0.0, 0.0, 0.0, 0.0, 0.0, 792.571796736774, 0.0, 0.0, 274.77625852901997, 764.2873170238113, 0.0, 0.0, 0.0, 0.0, 0.0, 0.0, 0.0, 0.0, 804.3667187039159, 0.0, 0.0, 0.0, 243.6905534440259, 0.0, 0.0, 772.4613889913079, 0.0, 0.0, 0.0, 758.7428189623505, 0.0, 0.0, 0.0, 0.0, 0.0, 0.0, 0.0, 0.0, 792.2479064474145, 0.0, 0.0, 0.0, 0.0, 0.0, 0.0, 0.0, 0.0, 0.0, 0.0, 277.65575162278765, 796.0041054817648, 0.0, 0.0, 790.4103186983468, 267.2883561484717, 0.0, 0.0, 0.0, 0.0, 0.0, 0.0, 0.0, 0.0, 788.3029503253827, 0.0, 794.0543831895026, 0.0, 0.0, 793.0408789281258, 0.0, 0.0, 0.0, 0.0, 0.0, 0.0, 0.0, 0.0, 0.0, 0.0, 0.0, 0.0, 0.0, 0.0, 0.0, 0.0, 0.0, 754.9075754542015, 0.0, 256.6131711149051, 0.0, 789.4447009590228, 790.6218256038117, 0.0, 0.0, 0.0, 0.0, 0.0, 0.0, 0.0, 0.0, 0.0, 0.0, 779.5551830123893, 0.0, 0.0, 0.0, 0.0, 0.0, 0.0, 0.0, 0.0, 0.0, 0.0, 0.0, 0.0, 801.1389959712561, 0.0, 0.0, 0.0, 0.0, 0.0, 0.0, 0.0, 0.0, 0.0, 0.0, 0.0, 0.0, 0.0, 0.0, 775.2070938697605, 0.0, 0.0, 0.0, 0.0, 275.8169753101772, 0.0, 802.6944921687277, 0.0, 0.0, 0.0, 0.0, 0.0, 0.0, 0.0, 0.0, 0.0, 0.0, 0.0]
INFORMACIÓN : 22apuestaBundle [792.571796736774, 790.6218256038117, 788.3029503253827, 772.4613889913079, 290.8379878003717]
INFORMACIÓN : 22positionsBundle [1118, 1171, 1216, 1657, 460]
INFORMACIÓN : 22levelsBundle [3, 3, 3, 3, 2]
INFORMACIÓN : 22positionsOrdered [460, 1118, 1171, 1216, 1657]
INFORMACIÓN : 22levelsOrdered [2, 3, 3, 3, 3]
INFORMACIÓN : 22partialityOrdered [2, 3, 3, 3, 3]
INFORMACIÓN : 22arrivalTimes [7.9168736499741525, 47.43926178743385, 50.60153944760223, 81.21299767514697, 93.94091973650482]
INFORMACIÓN : depSat position 1118 level 3
INFORMACIÓN : depSat position 1657 level 3
INFORMACIÓN : depSat position 460 level 2
INFORMACIÓN : 23historia0[0.0, 0.0, 0.0, 0.0, 0.0, 0.0, 0.0, 0.0, 0.0, 0.0, 0.0, 0.0, 0.0, 0.0, 0.0, 0.0, 0.0, 0.0, 0.0, 0.0, 0.0, 0.0, 0.0, 0.0, 0.0, 0.0, 0.0, 0.0, 0.0, 274.77625852901997, 0.0, 0.0, 0.0, 0.0, 0.0, 0.0, 0.0, 760.7776009911121, 0.0, 804.3667187039159, 0.0, 0.0, 0.0, 243.6905534440259, 0.0, 0.0, 0.0, 0.0, 0.0, 0.0, 0.0, 0.0, 0.0, 0.0, 0.0, 0.0, 0.0, 0.0, 0.0, 0.0, 0.0, 0.0, 0.0, 0.0, 0.0, 0.0, 0.0, 0.0, 0.0, 0.0, 277.65575162278765, 796.0041054817648, 0.0, 0.0, 790.4103186983468, 267.2883561484717, 0.0, 0.0, 0.0, 0.0, 0.0, 0.0, 0.0, 0.0, 0.0, 0.0, 794.0543831895026, 0.0, 0.0, 793.0408789281258, 0.0, 0.0, 0.0, 0.0, 0.0, 0.0, 0.0, 0.0, 0.0, 0.0, 0.0, 0.0, 0.0, 0.0, 0.0, 0.0, 0.0, 0.0, 0.0, 256.6131711149051, 0.0, 0.0, 0.0, 0.0, 0.0, 0.0, 0.0, 0.0, 0.0, 0.0, 0.0, 0.0, 0.0, 779.5551830123893, 0.0, 0.0, 0.0, 0.0, 0.0, 0.0, 0.0, 0.0, 0.0, 0.0, 0.0, 0.0, 801.1389959712561, 0.0, 0.0, 0.0, 0.0, 0.0, 0.0, 0.0, 0.0, 0.0, 0.0, 0.0, 0.0, 0.0, 0.0, 775.2070938697605, 0.0, 0.0, 0.0, 0.0, 275.8169753101772, 0.0, 0.0, 0.0, 0.0, 0.0, 0.0, 0.0, 0.0, 0.0, 0.0, 0.0, 0.0, 0.0]
INFORMACIÓN : 23apuestaBundle [792.734578033567, 790.7031939223479, 788.3841910222906, 772.6236845967254, 290.8379770216518]
INFORMACIÓN : 23positionsBundle [1118, 1171, 1216, 1657, 460]
INFORMACIÓN : 23levelsBundle [3, 3, 3, 3, 2]
INFORMACIÓN : 23positionsOrdered [460, 1118, 1171, 1216, 1657]
INFORMACIÓN : 23levelsOrdered [2, 3, 3, 3, 3]
INFORMACIÓN : 23partialityOrdered [2, 3, 3, 3, 3]
INFORMACIÓN : 23arrivalTimes [7.9168736499741525, 43.43926178743385, 48.60153944760223, 79.21299767514697, 91.94091973650482]
INFORMACIÓN : 24historia0[0.0, 0.0, 0.0, 0.0, 0.0, 0.0, 0.0, 290.8379770216518, 0.0, 0.0, 0.0, 0.0, 0.0, 0.0, 0.0, 0.0, 0.0, 0.0, 0.0, 0.0, 0.0, 0.0, 0.0, 0.0, 0.0, 0.0, 792.734578033567, 0.0, 0.0, 274.77625852901997, 764.4498901343428, 0.0, 0.0, 0.0, 0.0, 0.0, 0.0, 760.7776009911121, 0.0, 804.3667187039159, 0.0, 0.0, 0.0, 243.6905534440259, 0.0, 0.0, 772.6236845967254, 0.0, 0.0, 0.0, 758.9051180249559, 0.0, 0.0, 0.0, 0.0, 0.0, 0.0, 0.0, 0.0, 792.2479064474145, 0.0, 0.0, 0.0, 0.0, 0.0, 0.0, 0.0, 0.0, 0.0, 0.0, 277.65575162278765, 796.0041054817648, 0.0, 0.0, 790.4103186983468, 267.2883561484717, 0.0, 0.0, 0.0, 0.0, 0.0, 0.0, 0.0, 0.0, 788.3841910222906, 0.0, 794.0543831895026, 0.0, 0.0, 793.0408789281258, 0.0, 0.0, 0.0, 0.0, 0.0, 0.0, 0.0, 0.0, 0.0, 0.0, 0.0, 0.0, 0.0, 0.0, 0.0, 0.0, 0.0, 0.0, 0.0, 256.6131711149051, 0.0, 789.4447009590228, 790.7031939223479, 0.0, 0.0, 0.0, 0.0, 0.0, 0.0, 0.0, 0.0, 0.0, 0.0, 779.5551830123893, 0.0, 0.0, 0.0, 0.0, 0.0, 0.0, 0.0, 0.0, 0.0, 0.0, 0.0, 0.0, 801.1389959712561, 0.0, 0.0, 0.0, 0.0, 0.0, 0.0, 0.0, 0.0, 0.0, 0.0, 0.0, 0.0, 0.0, 0.0, 775.2070938697605, 0.0, 0.0, 0.0, 0.0, 275.8169753101772, 0.0, 802.6944921687277, 0.0, 0.0, 0.0, 0.0, 0.0, 0.0, 0.0, 0.0, 0.0, 0.0, 0.0]
INFORMACIÓN : 24apuestaBundle [792.734578033567, 790.7031939223479, 788.3841910222906, 772.6236845967254, 290.8379770216518]
INFORMACIÓN : 24positionsBundle [1118, 1171, 1216, 1657, 460]
INFORMACIÓN : 24levelsBundle [3, 3, 3, 3, 2]
INFORMACIÓN : 24positionsOrdered [460, 1118, 1171, 1216, 1657]
INFORMACIÓN : 24levelsOrdered [2, 3, 3, 3, 3]
INFORMACIÓN : 24partialityOrdered [2, 3, 3, 3, 3]
INFORMACIÓN : 24arrivalTimes [7.9168736499741525, 43.43926178743385, 48.60153944760223, 79.21299767514697, 91.94091973650482]
INFORMACIÓN : 25historia0[0.0, 0.0, 0.0, 0.0, 0.0, 0.0, 0.0, 290.8379770216518, 0.0, 0.0, 0.0, 0.0, 0.0, 0.0, 0.0, 0.0, 0.0, 0.0, 0.0, 0.0, 0.0, 0.0, 0.0, 0.0, 0.0, 0.0, 792.734578033567, 0.0, 0.0, 274.77625852901997, 764.4498901343428, 0.0, 0.0, 0.0, 0.0, 0.0, 0.0, 760.7776009911121, 0.0, 804.3667187039159, 0.0, 0.0, 0.0, 243.6905534440259, 0.0, 0.0, 772.6236845967254, 0.0, 0.0, 0.0, 758.9051180249559, 0.0, 0.0, 0.0, 0.0, 0.0, 0.0, 0.0, 0.0, 792.2479064474145, 0.0, 0.0, 0.0, 0.0, 0.0, 0.0, 0.0, 0.0, 0.0, 0.0, 277.65575162278765, 796.0041054817648, 0.0, 0.0, 792.0563939376053, 267.2883561484717, 0.0, 0.0, 0.0, 0.0, 0.0, 0.0, 0.0, 0.0, 788.3841910222906, 0.0, 794.0543831895026, 0.0, 0.0, 793.0408789281258, 0.0, 0.0, 0.0, 0.0, 0.0, 0.0, 0.0, 0.0, 0.0, 0.0, 0.0, 0.0, 0.0, 0.0, 0.0, 0.0, 0.0, 0.0, 0.0, 256.6131711149051, 0.0, 789.4447009590228, 790.7031939223479, 0.0, 0.0, 0.0, 0.0, 0.0, 0.0, 0.0, 0.0, 0.0, 0.0, 779.5551830123893, 0.0, 0.0, 0.0, 0.0, 0.0, 0.0, 0.0, 0.0, 0.0, 0.0, 0.0, 0.0, 801.1389959712561, 0.0, 0.0, 0.0, 0.0, 0.0, 0.0, 0.0, 0.0, 0.0, 0.0, 0.0, 0.0, 0.0, 0.0, 775.2070938697605, 0.0, 0.0, 0.0, 0.0, 275.8169753101772, 0.0, 802.6944921687277, 0.0, 0.0, 0.0, 0.0, 0.0, 0.0, 0.0, 0.0, 0.0, 0.0, 0.0]
INFORMACIÓN : 25apuestaBundle [792.734578033567, 790.7031939223479, 788.3841910222906, 772.6236845967254, 290.8379770216518]
INFORMACIÓN : 25positionsBundle [1118, 1171, 1216, 1657, 460]
INFORMACIÓN : 25levelsBundle [3, 3, 3, 3, 2]
INFORMACIÓN : 25positionsOrdered [460, 1118, 1171, 1216, 1657]
INFORMACIÓN : 25levelsOrdered [2, 3, 3, 3, 3]
INFORMACIÓN : 25partialityOrdered [2, 3, 3, 3, 3]
INFORMACIÓN : 25arrivalTimes [7.9168736499741525, 43.43926178743385, 48.60153944760223, 79.21299767514697, 91.94091973650482]
INFORMACIÓN : 26historia0[0.0, 0.0, 0.0, 0.0, 0.0, 0.0, 0.0, 290.8379770216518, 0.0, 0.0, 0.0, 0.0, 0.0, 0.0, 0.0, 0.0, 0.0, 0.0, 0.0, 0.0, 0.0, 0.0, 0.0, 0.0, 0.0, 0.0, 792.734578033567, 0.0, 0.0, 0.0, 764.4498901343428, 0.0, 0.0, 0.0, 0.0, 0.0, 0.0, 760.7776009911121, 0.0, 0.0, 0.0, 0.0, 0.0, 243.60896414978288, 0.0, 0.0, 772.6236845967254, 0.0, 0.0, 0.0, 758.9051180249559, 0.0, 0.0, 0.0, 0.0, 0.0, 0.0, 0.0, 0.0, 792.2479064474145, 0.0, 0.0, 0.0, 0.0, 0.0, 0.0, 0.0, 0.0, 0.0, 0.0, 0.0, 795.7857178833449, 0.0, 0.0, 0.0, 267.2883561484717, 0.0, 0.0, 0.0, 0.0, 0.0, 0.0, 0.0, 0.0, 788.3841910222906, 0.0, 794.0543831895026, 0.0, 0.0, 793.0408789281258, 0.0, 0.0, 0.0, 0.0, 0.0, 0.0, 0.0, 0.0, 0.0, 0.0, 0.0, 0.0, 0.0, 0.0, 0.0, 0.0, 0.0, 0.0, 0.0, 256.53150447493204, 0.0, 789.4447009590228, 790.7031939223479, 0.0, 0.0, 0.0, 0.0, 0.0, 0.0, 0.0, 0.0, 0.0, 0.0, 0.0, 0.0, 0.0, 0.0, 0.0, 0.0, 0.0, 0.0, 0.0, 0.0, 0.0, 0.0, 0.0, 801.1389959712561, 0.0, 0.0, 0.0, 0.0, 0.0, 0.0, 0.0, 0.0, 0.0, 0.0, 0.0, 0.0, 0.0, 0.0, 0.0, 0.0, 0.0, 0.0, 0.0, 275.7351935972629, 0.0, 802.6944921687277, 0.0, 168.93694153894853, 0.0, 0.0, 0.0, 0.0, 0.0, 0.0, 0.0, 0.0, 0.0]
INFORMACIÓN : 26apuestaBundle [792.734578033567, 790.7031939223479, 788.3841910222906, 772.6236845967254, 290.8379770216518]
INFORMACIÓN : 26positionsBundle [1118, 1171, 1216, 1657, 460]
INFORMACIÓN : 26levelsBundle [3, 3, 3, 3, 2]
INFORMACIÓN : 26positionsOrdered [460, 1118, 1171, 1216, 1657]
INFORMACIÓN : 26levelsOrdered [2, 3, 3, 3, 3]
INFORMACIÓN : 26partialityOrdered [2, 3, 3, 3, 3]
INFORMACIÓN : 26arrivalTimes [7.9168736499741525, 43.43926178743385, 48.60153944760223, 79.21299767514697, 91.94091973650482]
INFORMACIÓN : 27historia0[0.0, 0.0, 0.0, 0.0, 0.0, 0.0, 0.0, 290.8379770216518, 0.0, 0.0, 0.0, 0.0, 0.0, 0.0, 0.0, 0.0, 0.0, 0.0, 0.0, 0.0, 0.0, 0.0, 0.0, 0.0, 0.0, 0.0, 792.734578033567, 0.0, 0.0, 0.0, 0.0, 0.0, 0.0, 0.0, 0.0, 0.0, 0.0, 0.0, 0.0, 804.4479646039798, 0.0, 0.0, 0.0, 243.60896414978288, 0.0, 0.0, 772.6236845967254, 0.0, 0.0, 0.0, 0.0, 0.0, 0.0, 0.0, 0.0, 0.0, 0.0, 0.0, 0.0, 792.2479064474145, 0.0, 0.0, 0.0, 0.0, 0.0, 0.0, 0.0, 0.0, 0.0, 0.0, 0.0, 795.7857178833449, 0.0, 0.0, 0.0, 0.0, 0.0, 0.0, 0.0, 0.0, 0.0, 0.0, 0.0, 750.7269706731264, 788.3841910222906, 0.0, 794.0543831895026, 0.0, 0.0, 793.0408789281258, 0.0, 0.0, 0.0, 0.0, 0.0, 0.0, 0.0, 0.0, 0.0, 0.0, 0.0, 0.0, 0.0, 0.0, 0.0, 0.0, 0.0, 0.0, 0.0, 256.53150447493204, 0.0, 789.4447009590228, 790.7031939223479, 0.0, 243.48258766495292, 0.0, 0.0, 0.0, 0.0, 0.0, 0.0, 0.0, 0.0, 0.0, 0.0, 0.0, 0.0, 0.0, 0.0, 0.0, 0.0, 0.0, 0.0, 0.0, 0.0, 0.0, 801.1389959712561, 0.0, 0.0, 0.0, 0.0, 178.98364514251102, 268.3636499936846, 0.0, 0.0, 0.0, 0.0, 0.0, 0.0, 0.0, 0.0, 0.0, 0.0, 799.8956006165482, 0.0, 0.0, 275.7351935972629, 0.0, 802.6944921687277, 0.0, 168.93694153894853, 0.0, 0.0, 0.0, 0.0, 0.0, 0.0, 0.0, 0.0, 0.0]
INFORMACIÓN : 27apuestaBundle [792.734578033567, 790.7031939223479, 788.3841910222906, 772.6236845967254, 290.8379770216518]
INFORMACIÓN : 27positionsBundle [1118, 1171, 1216, 1657, 460]
INFORMACIÓN : 27levelsBundle [3, 3, 3, 3, 2]
INFORMACIÓN : 27positionsOrdered [460, 1118, 1171, 1216, 1657]
INFORMACIÓN : 27levelsOrdered [2, 3, 3, 3, 3]
INFORMACIÓN : 27partialityOrdered [2, 3, 3, 3, 3]
INFORMACIÓN : 27arrivalTimes [7.9168736499741525, 43.43926178743385, 48.60153944760223, 79.21299767514697, 91.94091973650482]
INFORMACIÓN : 28historia0[0.0, 0.0, 0.0, 0.0, 0.0, 0.0, 0.0, 290.8379770216518, 0.0, 0.0, 0.0, 0.0, 0.0, 0.0, 0.0, 0.0, 0.0, 0.0, 0.0, 0.0, 0.0, 0.0, 0.0, 0.0, 0.0, 0.0, 792.734578033567, 0.0, 0.0, 274.80667100880487, 775.4554073830967, 0.0, 0.0, 0.0, 0.0, 0.0, 0.0, 0.0, 0.0, 804.4479646039798, 0.0, 0.0, 0.0, 243.60896414978288, 0.0, 0.0, 772.6236845967254, 0.0, 0.0, 0.0, 768.6457909856398, 0.0, 0.0, 0.0, 0.0, 0.0, 0.0, 0.0, 0.0, 792.2479064474145, 0.0, 0.0, 0.0, 0.0, 0.0, 0.0, 0.0, 0.0, 0.0, 0.0, 247.93637628572083, 795.7857178833449, 0.0, 0.0, 0.0, 0.0, 0.0, 0.0, 0.0, 0.0, 0.0, 0.0, 0.0, 753.428568364535, 788.3841910222906, 0.0, 794.0543831895026, 0.0, 0.0, 793.0408789281258, 0.0, 0.0, 0.0, 0.0, 0.0, 0.0, 0.0, 0.0, 0.0, 0.0, 0.0, 0.0, 0.0, 0.0, 0.0, 0.0, 0.0, 0.0, 0.0, 256.53150447493204, 0.0, 789.4447009590228, 790.7031939223479, 0.0, 0.0, 0.0, 0.0, 0.0, 0.0, 0.0, 0.0, 0.0, 0.0, 0.0, 0.0, 0.0, 0.0, 0.0, 0.0, 0.0, 0.0, 0.0, 0.0, 0.0, 0.0, 0.0, 801.1389959712561, 0.0, 0.0, 0.0, 0.0, 0.0, 0.0, 0.0, 0.0, 0.0, 0.0, 0.0, 0.0, 0.0, 0.0, 0.0, 0.0, 799.8956006165482, 0.0, 0.0, 275.7351935972629, 0.0, 802.6944921687277, 0.0, 168.93694153894853, 165.6416637823539, 0.0, 0.0, 0.0, 0.0, 0.0, 0.0, 0.0, 0.0]
INFORMACIÓN : 28apuestaBundle [792.734578033567, 790.7031939223479, 788.3841910222906, 772.6236845967254, 290.8379770216518]
INFORMACIÓN : 28positionsBundle [1118, 1171, 1216, 1657, 460]
INFORMACIÓN : 28levelsBundle [3, 3, 3, 3, 2]
INFORMACIÓN : 28positionsOrdered [460, 1118, 1171, 1216, 1657]
INFORMACIÓN : 28levelsOrdered [2, 3, 3, 3, 3]
INFORMACIÓN : 28partialityOrdered [2, 3, 3, 3, 3]
INFORMACIÓN : 28arrivalTimes [7.9168736499741525, 43.43926178743385, 48.60153944760223, 79.21299767514697, 91.94091973650482]
INFORMACIÓN : depSat position 1118 level 3
INFORMACIÓN : depSat position 460 level 2
INFORMACIÓN : 29historia0[0.0, 0.0, 0.0, 0.0, 0.0, 0.0, 275.02020380901865, 0.0, 0.0, 0.0, 0.0, 189.28831619253606, 0.0, 0.0, 0.0, 0.0, 0.0, 0.0, 0.0, 0.0, 0.0, 0.0, 0.0, 137.66465046658345, 0.0, 0.0, 0.0, 0.0, 0.0, 274.80667100880487, 775.4554073830967, 0.0, 0.0, 0.0, 0.0, 0.0, 0.0, 760.9399278250919, 266.8198494629793, 804.4479646039798, 0.0, 0.0, 0.0, 243.60896414978288, 0.0, 0.0, 0.0, 0.0, 0.0, 0.0, 768.6457909856398, 0.0, 0.0, 0.0, 0.0, 0.0, 0.0, 0.0, 0.0, 0.0, 0.0, 0.0, 0.0, 0.0, 0.0, 0.0, 0.0, 0.0, 0.0, 0.0, 0.0, 795.7857178833449, 0.0, 0.0, 0.0, 0.0, 0.0, 0.0, 0.0, 0.0, 0.0, 0.0, 0.0, 0.0, 0.0, 0.0, 794.0543831895026, 0.0, 0.0, 793.0408789281258, 0.0, 0.0, 0.0, 0.0, 0.0, 0.0, 0.0, 0.0, 0.0, 0.0, 0.0, 0.0, 0.0, 0.0, 0.0, 0.0, 0.0, 0.0, 0.0, 256.53150447493204, 0.0, 0.0, 0.0, 0.0, 0.0, 0.0, 0.0, 0.0, 0.0, 0.0, 0.0, 0.0, 0.0, 0.0, 0.0, 0.0, 0.0, 0.0, 0.0, 0.0, 0.0, 0.0, 0.0, 0.0, 0.0, 0.0, 801.1389959712561, 0.0, 0.0, 0.0, 0.0, 161.97453177497584, 0.0, 0.0, 0.0, 0.0, 0.0, 0.0, 0.0, 0.0, 0.0, 0.0, 0.0, 799.8956006165482, 0.0, 0.0, 275.7351935972629, 0.0, 0.0, 0.0, 168.93694153894853, 0.0, 0.0, 0.0, 0.0, 0.0, 0.0, 0.0, 0.0, 0.0]
INFORMACIÓN : 29apuestaBundle [793.9360670057562, 790.8367434219115, 788.4654398436744, 772.704844572416, 282.4234458097761]
INFORMACIÓN : 29positionsBundle [1118, 1171, 1216, 1657, 460]
INFORMACIÓN : 29levelsBundle [3, 3, 3, 3, 2]
INFORMACIÓN : 29positionsOrdered [1118, 1171, 1216, 1657, 460]
INFORMACIÓN : 29levelsOrdered [3, 3, 3, 3, 2]
INFORMACIÓN : 29partialityOrdered [3, 3, 3, 3, 2]
INFORMACIÓN : 29arrivalTimes [13.939974470177004, 45.31938080662232, 77.21299767514697, 89.94091973650482, 114.12769298140047]
INFORMACIÓN : 30historia0[0.0, 0.0, 0.0, 0.0, 0.0, 0.0, 275.02020380901865, 282.4234458097761, 0.0, 0.0, 0.0, 189.28831619253606, 0.0, 0.0, 0.0, 0.0, 0.0, 0.0, 0.0, 0.0, 0.0, 0.0, 0.0, 137.66465046658345, 0.0, 0.0, 793.9360670057562, 0.0, 0.0, 274.80667100880487, 775.4554073830967, 0.0, 0.0, 0.0, 0.0, 0.0, 0.0, 760.9399278250919, 266.8198494629793, 804.4479646039798, 0.0, 0.0, 0.0, 243.60896414978288, 0.0, 0.0, 772.704844572416, 0.0, 0.0, 0.0, 768.6457909856398, 0.0, 0.0, 0.0, 0.0, 0.0, 0.0, 0.0, 0.0, 792.2479064474145, 0.0, 0.0, 0.0, 0.0, 0.0, 0.0, 0.0, 0.0, 0.0, 0.0, 0.0, 795.7857178833449, 0.0, 0.0, 0.0, 0.0, 0.0, 0.0, 0.0, 0.0, 0.0, 0.0, 0.0, 753.5096637939565, 788.4654398436744, 0.0, 794.0543831895026, 0.0, 0.0, 793.0408789281258, 0.0, 0.0, 0.0, 0.0, 0.0, 0.0, 0.0, 0.0, 0.0, 0.0, 0.0, 0.0, 0.0, 0.0, 0.0, 0.0, 0.0, 0.0, 0.0, 256.53150447493204, 0.0, 789.4447009590228, 790.8367434219115, 0.0, 0.0, 0.0, 0.0, 0.0, 0.0, 0.0, 0.0, 0.0, 0.0, 0.0, 0.0, 0.0, 0.0, 0.0, 0.0, 0.0, 0.0, 0.0, 0.0, 0.0, 0.0, 0.0, 801.1389959712561, 0.0, 0.0, 260.96587689987973, 0.0, 161.97453177497584, 0.0, 0.0, 0.0, 0.0, 0.0, 0.0, 0.0, 0.0, 0.0, 0.0, 0.0, 799.8956006165482, 0.0, 0.0, 275.7351935972629, 0.0, 802.6944921687277, 0.0, 168.93694153894853, 157.27819923071638, 0.0, 0.0, 0.0, 0.0, 0.0, 0.0, 0.0, 0.0]
INFORMACIÓN : 30apuestaBundle [793.9360670057562, 790.8367434219115, 788.4654398436744, 772.704844572416, 282.4234458097761]
INFORMACIÓN : 30positionsBundle [1118, 1171, 1216, 1657, 460]
INFORMACIÓN : 30levelsBundle [3, 3, 3, 3, 2]
INFORMACIÓN : 30positionsOrdered [1118, 1171, 1216, 1657, 460]
INFORMACIÓN : 30levelsOrdered [3, 3, 3, 3, 2]
INFORMACIÓN : 30partialityOrdered [3, 3, 3, 3, 2]
INFORMACIÓN : 30arrivalTimes [13.939974470177004, 45.31938080662232, 77.21299767514697, 89.94091973650482, 114.12769298140047]
INFORMACIÓN : 31historia0[0.0, 0.0, 0.0, 0.0, 0.0, 0.0, 275.02020380901865, 282.4234458097761, 0.0, 0.0, 0.0, 189.28831619253606, 0.0, 0.0, 0.0, 0.0, 0.0, 0.0, 0.0, 0.0, 0.0, 0.0, 0.0, 137.66465046658345, 0.0, 0.0, 793.9360670057562, 0.0, 0.0, 274.80667100880487, 775.4554073830967, 0.0, 0.0, 0.0, 0.0, 0.0, 0.0, 760.9399278250919, 266.8198494629793, 804.4479646039798, 0.0, 0.0, 0.0, 243.60896414978288, 0.0, 0.0, 772.704844572416, 0.0, 0.0, 0.0, 768.6457909856398, 0.0, 0.0, 0.0, 0.0, 0.0, 0.0, 0.0, 0.0, 792.2479064474145, 0.0, 0.0, 0.0, 0.0, 0.0, 0.0, 0.0, 0.0, 0.0, 0.0, 0.0, 795.7857178833449, 0.0, 0.0, 0.0, 0.0, 0.0, 0.0, 0.0, 0.0, 0.0, 0.0, 0.0, 753.5096637939565, 788.4654398436744, 0.0, 794.0543831895026, 0.0, 0.0, 793.0408789281258, 0.0, 0.0, 0.0, 0.0, 0.0, 0.0, 0.0, 0.0, 0.0, 0.0, 0.0, 0.0, 0.0, 0.0, 0.0, 0.0, 0.0, 0.0, 0.0, 256.53150447493204, 0.0, 789.4447009590228, 790.8367434219115, 0.0, 0.0, 0.0, 0.0, 0.0, 0.0, 0.0, 0.0, 0.0, 0.0, 0.0, 0.0, 0.0, 0.0, 0.0, 0.0, 0.0, 0.0, 0.0, 0.0, 0.0, 0.0, 0.0, 801.1389959712561, 0.0, 0.0, 260.96587689987973, 0.0, 161.97453177497584, 0.0, 0.0, 0.0, 0.0, 0.0, 0.0, 0.0, 0.0, 0.0, 0.0, 0.0, 799.8956006165482, 0.0, 0.0, 275.7351935972629, 0.0, 802.6944921687277, 0.0, 168.93694153894853, 157.27819923071638, 0.0, 0.0, 0.0, 0.0, 0.0, 0.0, 0.0, 0.0]
INFORMACIÓN : 31apuestaBundle [793.9360670057562, 790.8367434219115, 788.4654398436744, 772.704844572416, 282.4234458097761]
INFORMACIÓN : 31positionsBundle [1118, 1171, 1216, 1657, 460]
INFORMACIÓN : 31levelsBundle [3, 3, 3, 3, 2]
INFORMACIÓN : 31positionsOrdered [1118, 1171, 1216, 1657, 460]
INFORMACIÓN : 31levelsOrdered [3, 3, 3, 3, 2]
INFORMACIÓN : 31partialityOrdered [3, 3, 3, 3, 2]
INFORMACIÓN : 31arrivalTimes [13.939974470177004, 45.31938080662232, 77.21299767514697, 89.94091973650482, 114.12769298140047]
INFORMACIÓN : 32historia0[0.0, 0.0, 0.0, 0.0, 0.0, 0.0, 275.02020380901865, 282.4234458097761, 0.0, 0.0, 0.0, 0.0, 0.0, 0.0, 0.0, 0.0, 0.0, 0.0, 0.0, 0.0, 0.0, 0.0, 0.0, 137.66465046658345, 0.0, 0.0, 793.9360670057562, 0.0, 0.0, 274.80667100880487, 0.0, 0.0, 0.0, 0.0, 0.0, 0.0, 0.0, 760.9399278250919, 0.0, 804.4479646039798, 0.0, 0.0, 0.0, 258.3578697959588, 0.0, 0.0, 772.704844572416, 0.0, 0.0, 0.0, 0.0, 0.0, 0.0, 0.0, 0.0, 0.0, 0.0, 0.0, 0.0, 792.2479064474145, 0.0, 0.0, 0.0, 0.0, 0.0, 0.0, 0.0, 0.0, 0.0, 0.0, 0.0, 0.0, 0.0, 0.0, 0.0, 0.0, 0.0, 370.5607670375192, 0.0, 0.0, 0.0, 0.0, 0.0, 753.5096637939565, 788.4654398436744, 0.0, 794.0543831895026, 0.0, 0.0, 793.0408789281258, 0.0, 790.3507125045635, 0.0, 0.0, 0.0, 0.0, 0.0, 0.0, 0.0, 0.0, 0.0, 0.0, 0.0, 0.0, 0.0, 0.0, 0.0, 0.0, 0.0, 268.56921514446947, 0.0, 789.4447009590228, 790.8367434219115, 0.0, 0.0, 0.0, 0.0, 0.0, 0.0, 0.0, 0.0, 0.0, 0.0, 0.0, 0.0, 0.0, 0.0, 0.0, 0.0, 0.0, 0.0, 0.0, 0.0, 0.0, 0.0, 0.0, 801.1389959712561, 0.0, 0.0, 260.96587689987973, 370.5607670375192, 161.97453177497584, 0.0, 793.6104294546584, 0.0, 0.0, 0.0, 0.0, 0.0, 0.0, 0.0, 0.0, 0.0, 0.0, 0.0, 0.0, 0.0, 0.0, 802.6944921687277, 0.0, 0.0, 157.27819923071638, 0.0, 0.0, 0.0, 0.0, 0.0, 0.0, 0.0, 0.0]
INFORMACIÓN : 32apuestaBundle [793.9360670057562, 790.8367434219115, 788.4654398436744, 772.704844572416, 282.4234458097761]
INFORMACIÓN : 32positionsBundle [1118, 1171, 1216, 1657, 460]
INFORMACIÓN : 32levelsBundle [3, 3, 3, 3, 2]
INFORMACIÓN : 32positionsOrdered [1118, 1171, 1216, 1657, 460]
INFORMACIÓN : 32levelsOrdered [3, 3, 3, 3, 2]
INFORMACIÓN : 32partialityOrdered [3, 3, 3, 3, 2]
INFORMACIÓN : 32arrivalTimes [13.939974470177004, 45.31938080662232, 77.21299767514697, 89.94091973650482, 114.12769298140047]
INFORMACIÓN : 33historia0[0.0, 0.0, 0.0, 0.0, 0.0, 0.0, 275.02020380901865, 282.4234458097761, 0.0, 0.0, 0.0, 0.0, 0.0, 0.0, 0.0, 0.0, 0.0, 0.0, 0.0, 0.0, 0.0, 0.0, 0.0, 137.66465046658345, 0.0, 0.0, 793.9360670057562, 0.0, 0.0, 274.80667100880487, 0.0, 0.0, 0.0, 0.0, 0.0, 0.0, 0.0, 760.9399278250919, 0.0, 804.4479646039798, 0.0, 0.0, 0.0, 258.3578697959588, 0.0, 0.0, 772.704844572416, 0.0, 0.0, 0.0, 766.8327750690642, 0.0, 0.0, 0.0, 0.0, 0.0, 0.0, 0.0, 0.0, 792.2479064474145, 0.0, 0.0, 0.0, 0.0, 0.0, 0.0, 0.0, 0.0, 0.0, 0.0, 0.0, 0.0, 0.0, 0.0, 0.0, 0.0, 0.0, 0.0, 0.0, 0.0, 0.0, 0.0, 0.0, 753.5096637939565, 788.4654398436744, 0.0, 794.0543831895026, 0.0, 0.0, 793.0408789281258, 0.0, 790.3507125045635, 0.0, 0.0, 0.0, 0.0, 0.0, 0.0, 0.0, 0.0, 0.0, 0.0, 0.0, 0.0, 0.0, 0.0, 0.0, 0.0, 0.0, 268.56921514446947, 0.0, 789.4447009590228, 790.8367434219115, 792.3113190255666, 0.0, 0.0, 0.0, 0.0, 0.0, 0.0, 0.0, 0.0, 0.0, 0.0, 0.0, 0.0, 0.0, 0.0, 0.0, 0.0, 0.0, 0.0, 0.0, 0.0, 0.0, 0.0, 801.1389959712561, 0.0, 0.0, 0.0, 0.0, 161.97453177497584, 263.0344672582951, 793.6104294546584, 0.0, 0.0, 0.0, 0.0, 0.0, 0.0, 0.0, 0.0, 163.8486267417734, 800.3653386343078, 0.0, 0.0, 0.0, 0.0, 802.6944921687277, 0.0, 0.0, 157.27819923071638, 0.0, 0.0, 0.0, 0.0, 0.0, 0.0, 0.0, 0.0]
INFORMACIÓN : 33apuestaBundle [793.9360670057562, 790.8367434219115, 788.4654398436744, 772.704844572416, 282.4234458097761]
INFORMACIÓN : 33positionsBundle [1118, 1171, 1216, 1657, 460]
INFORMACIÓN : 33levelsBundle [3, 3, 3, 3, 2]
INFORMACIÓN : 33positionsOrdered [1118, 1171, 1216, 1657, 460]
INFORMACIÓN : 33levelsOrdered [3, 3, 3, 3, 2]
INFORMACIÓN : 33partialityOrdered [3, 3, 3, 3, 2]
INFORMACIÓN : 33arrivalTimes [13.939974470177004, 45.31938080662232, 77.21299767514697, 89.94091973650482, 114.12769298140047]
INFORMACIÓN : 34historia0[0.0, 0.0, 0.0, 0.0, 0.0, 0.0, 275.02020380901865, 282.4234458097761, 0.0, 0.0, 0.0, 0.0, 0.0, 0.0, 0.0, 0.0, 0.0, 0.0, 0.0, 0.0, 0.0, 0.0, 0.0, 0.0, 0.0, 0.0, 793.9360670057562, 0.0, 0.0, 274.80667100880487, 0.0, 0.0, 0.0, 0.0, 0.0, 0.0, 0.0, 760.9399278250919, 0.0, 804.4479646039798, 0.0, 0.0, 0.0, 258.3578697959588, 259.4855026195519, 0.0, 772.704844572416, 0.0, 0.0, 0.0, 766.8327750690642, 0.0, 0.0, 0.0, 0.0, 0.0, 0.0, 0.0, 0.0, 792.2479064474145, 0.0, 0.0, 0.0, 0.0, 0.0, 0.0, 0.0, 0.0, 0.0, 0.0, 0.0, 0.0, 0.0, 0.0, 0.0, 0.0, 0.0, 0.0, 0.0, 0.0, 0.0, 0.0, 0.0, 753.5096637939565, 788.4654398436744, 0.0, 794.0543831895026, 0.0, 0.0, 793.0408789281258, 0.0, 790.3507125045635, 0.0, 0.0, 0.0, 0.0, 0.0, 0.0, 0.0, 0.0, 0.0, 0.0, 0.0, 0.0, 0.0, 0.0, 0.0, 0.0, 0.0, 268.56921514446947, 0.0, 789.4447009590228, 790.8367434219115, 792.3113190255666, 0.0, 0.0, 0.0, 0.0, 0.0, 0.0, 0.0, 0.0, 0.0, 0.0, 0.0, 0.0, 0.0, 0.0, 0.0, 0.0, 0.0, 0.0, 0.0, 0.0, 0.0, 0.0, 801.1389959712561, 0.0, 0.0, 282.85337727443107, 0.0, 0.0, 263.0344672582951, 793.6104294546584, 0.0, 0.0, 0.0, 0.0, 0.0, 0.0, 0.0, 0.0, 163.8486267417734, 800.3653386343078, 0.0, 0.0, 0.0, 0.0, 802.6944921687277, 0.0, 0.0, 0.0, 0.0, 0.0, 0.0, 0.0, 0.0, 0.0, 0.0, 0.0]
INFORMACIÓN : 34apuestaBundle [793.9360670057562, 790.8367434219115, 788.4654398436744, 772.704844572416, 282.4234458097761]
INFORMACIÓN : 34positionsBundle [1118, 1171, 1216, 1657, 460]
INFORMACIÓN : 34levelsBundle [3, 3, 3, 3, 2]
INFORMACIÓN : 34positionsOrdered [1118, 1171, 1216, 1657, 460]
INFORMACIÓN : 34levelsOrdered [3, 3, 3, 3, 2]
INFORMACIÓN : 34partialityOrdered [3, 3, 3, 3, 2]
INFORMACIÓN : 34arrivalTimes [13.939974470177004, 45.31938080662232, 77.21299767514697, 89.94091973650482, 114.12769298140047]
INFORMACIÓN : depSat position 1118 level 3
INFORMACIÓN : depSat position 1171 level 3
INFORMACIÓN : depSat position 460 level 2
INFORMACIÓN : 35historia0[0.0, 0.0, 0.0, 0.0, 0.0, 0.0, 275.25356107061725, 0.0, 0.0, 0.0, 0.0, 0.0, 0.0, 0.0, 0.0, 0.0, 0.0, 0.0, 0.0, 0.0, 0.0, 0.0, 0.0, 0.0, 0.0, 0.0, 0.0, 0.0, 0.0, 274.80667100880487, 0.0, 0.0, 0.0, 0.0, 0.0, 0.0, 0.0, 761.0211034174059, 0.0, 804.4479646039798, 0.0, 0.0, 0.0, 258.3578697959588, 0.0, 0.0, 0.0, 0.0, 70.2789958567364, 0.0, 766.8327750690642, 0.0, 0.0, 0.0, 0.0, 0.0, 0.0, 0.0, 0.0, 0.0, 0.0, 0.0, 0.0, 0.0, 0.0, 0.0, 0.0, 0.0, 0.0, 0.0, 0.0, 0.0, 0.0, 0.0, 0.0, 251.70841570555467, 0.0, 0.0, 0.0, 0.0, 60.680266593618626, 0.0, 0.0, 0.0, 0.0, 0.0, 794.0543831895026, 0.0, 0.0, 793.0408789281258, 0.0, 790.3507125045635, 0.0, 0.0, 0.0, 0.0, 0.0, 0.0, 0.0, 0.0, 0.0, 0.0, 0.0, 0.0, 0.0, 60.680266593618626, 0.0, 0.0, 0.0, 268.56921514446947, 0.0, 0.0, 0.0, 792.3113190255666, 0.0, 0.0, 0.0, 0.0, 0.0, 0.0, 0.0, 0.0, 0.0, 0.0, 0.0, 0.0, 0.0, 0.0, 0.0, 0.0, 0.0, 0.0, 0.0, 0.0, 0.0, 0.0, 801.1389959712561, 0.0, 0.0, 0.0, 0.0, 0.0, 0.0, 793.6104294546584, 0.0, 0.0, 0.0, 0.0, 0.0, 0.0, 0.0, 0.0, 163.8486267417734, 800.3653386343078, 0.0, 0.0, 0.0, 0.0, 0.0, 0.0, 0.0, 0.0, 0.0, 0.0, 0.0, 0.0, 0.0, 0.0, 0.0, 0.0]
INFORMACIÓN : 35apuestaBundle [793.9360670057562, 792.0606411642589, 788.6279618631197, 772.704844572416, 282.4234458097761]
INFORMACIÓN : 35positionsBundle [1118, 1171, 1216, 1657, 460]
INFORMACIÓN : 35levelsBundle [3, 3, 3, 3, 2]
INFORMACIÓN : 35positionsOrdered [1118, 1171, 1216, 1657, 460]
INFORMACIÓN : 35levelsOrdered [3, 3, 3, 3, 2]
INFORMACIÓN : 35partialityOrdered [3, 3, 3, 3, 2]
INFORMACIÓN : 35arrivalTimes [13.939974470177004, 17.102252130345384, 73.21299767514697, 87.94091973650482, 112.12769298140047]
