----------------------------------------------------------------------
-- Log session for [myBugCoalitionsCCBBAGuaiDEF-24] started on 2018.01.04.04.50.19 --
----------------------------------------------------------------------

INFORMACIÓN : I started
INFORMACIÓN : 0apuestaBundle [615.0186945794628, 615.0186945794628, 588.7224287478185, 588.7224287478185, 570.3667928240097, 570.3667928240097, 568.7447915701707, 560.0547561004113, 560.0547561004113]
INFORMACIÓN : 0positionsBundle [1526, 1526, 1089, 1089, 1128, 1128, 1187, 1986, 1986]
INFORMACIÓN : 0levelsBundle [2, 2, 2, 2, 2, 2, 2, 2, 2]
INFORMACIÓN : 0positionsOrdered [1526, 1526, 1089, 1089, 1128, 1128, 1187, 1986, 1986]
INFORMACIÓN : 0levelsOrdered [2, 2, 2, 2, 2, 2, 2, 2, 2]
INFORMACIÓN : 0partialityOrdered [2, 2, 2, 2, 2, 2, 2, 2, 2]
INFORMACIÓN : 0arrivalTimes [10.0, 10.0, 25.811388300841898, 25.811388300841898, 36.85674931802916, 36.85674931802916, 45.91213445616658, 61.943353998047975, 61.943353998047975]
INFORMACIÓN : coalSat position 1128 level 2
INFORMACIÓN : timeSat position 1128 level 2
INFORMACIÓN : coalSat position 1187 level 2
INFORMACIÓN : timeSat position 1187 level 2
INFORMACIÓN : I [IR, MW]; lost Test.myBail@67f9e5e; POS 1089; sensors [IR]; level 2 I paid 588.7224287478185in favour of29@(myturtles,myturtles,bug)@MK-200 paid 596.8228928913819
INFORMACIÓN : 1historia0[0.0, 0.0, 0.0, 0.0, 0.0, 0.0, 0.0, 0.0, 0.0, 0.0, 0.0, 596.004517778089, 0.0, 0.0, 0.0, 0.0, 596.8228928913819, 0.0, 0.0, 0.0, 0.0, 0.0, 0.0, 0.0, 0.0, 0.0, 0.0, 0.0, 0.0, 0.0, 0.0, 0.0, 0.0, 0.0, 0.0, 0.0, 0.0, 0.0, 615.0186945794628, 0.0, 0.0, 543.8751320483747, 0.0, 0.0, 0.0, 0.0, 0.0, 0.0, 0.0, 0.0, 0.0, 0.0, 0.0, 567.2576056183012, 615.0186945794628, 0.0, 0.0, 0.0, 0.0, 0.0, 0.0, 0.0, 0.0, 0.0, 0.0, 0.0, 0.0, 0.0, 0.0, 0.0, 0.0, 0.0, 0.0, 0.0, 0.0, 0.0, 0.0, 0.0, 0.0, 0.0, 0.0, 0.0, 0.0, 0.0, 0.0, 0.0, 0.0, 0.0, 571.3021933023656, 0.0, 0.0, 0.0, 0.0, 0.0, 0.0, 594.6395190235309, 0.0, 0.0, 0.0, 0.0, 0.0, 0.0, 0.0, 0.0, 0.0, 0.0, 0.0, 0.0, 0.0, 0.0, 0.0, 0.0, 0.0, 0.0, 0.0, 0.0, 0.0, 0.0, 0.0, 0.0]
INFORMACIÓN : 1apuestaBundle [615.0186945794628, 615.0186945794628, 570.3667928240097, 568.7447915701707, 560.0547561004113, 560.0547561004113, 546.0618796631052, 546.0618796631052]
INFORMACIÓN : 1positionsBundle [1526, 1526, 1128, 1187, 1986, 1986, 2383, 2383]
INFORMACIÓN : 1levelsBundle [2, 2, 2, 2, 2, 2, 2, 2]
INFORMACIÓN : 1positionsOrdered [1526, 1526, 1128, 1187, 1986, 1986, 2383, 2383]
INFORMACIÓN : 1levelsOrdered [2, 2, 2, 2, 2, 2, 2, 2]
INFORMACIÓN : 1partialityOrdered [2, 2, 2, 2, 2, 2, 2, 2]
INFORMACIÓN : 1arrivalTimes [10.0, 10.0, 45.48834857979718, 54.5437337179346, 70.574953259816, 70.574953259816, 79.11895700513352, 79.11895700513352]
INFORMACIÓN : 2historia0[0.0, 0.0, 0.0, 0.0, 0.0, 0.0, 0.0, 0.0, 0.0, 0.0, 0.0, 581.4517534214491, 0.0, 0.0, 0.0, 0.0, 596.8228928913819, 0.0, 0.0, 546.1032940044862, 0.0, 0.0, 0.0, 0.0, 0.0, 0.0, 0.0, 0.0, 0.0, 0.0, 0.0, 0.0, 0.0, 0.0, 0.0, 0.0, 0.0, 546.0618796631052, 615.0186945794628, 0.0, 0.0, 589.3542304089034, 0.0, 0.0, 0.0, 0.0, 0.0, 0.0, 0.0, 0.0, 0.0, 560.0547561004113, 0.0, 555.4385778170821, 615.0186945794628, 0.0, 509.81157255178135, 0.0, 0.0, 0.0, 0.0, 0.0, 0.0, 0.0, 0.0, 546.0618796631052, 0.0, 546.1032940044862, 0.0, 0.0, 0.0, 0.0, 0.0, 0.0, 0.0, 515.9070721516626, 0.0, 0.0, 0.0, 0.0, 0.0, 0.0, 0.0, 0.0, 0.0, 0.0, 0.0, 472.37145594241906, 564.8917861431954, 570.3667928240097, 515.9070721516626, 0.0, 560.0547561004113, 0.0, 0.0, 594.6395190235309, 0.0, 0.0, 0.0, 0.0, 0.0, 0.0, 0.0, 0.0, 0.0, 0.0, 0.0, 0.0, 0.0, 0.0, 0.0, 528.2759172563883, 568.7447915701707, 0.0, 0.0, 0.0, 0.0, 0.0, 0.0, 0.0]
INFORMACIÓN : 2apuestaBundle [615.0186945794628, 615.0186945794628, 570.3667928240097, 568.7447915701707, 560.0547561004113, 560.0547561004113, 546.0618796631052, 546.0618796631052, 570.3667928240097]
INFORMACIÓN : 2positionsBundle [1526, 1526, 1128, 1187, 1986, 1986, 2383, 2383, 1128]
INFORMACIÓN : 2levelsBundle [2, 2, 2, 2, 2, 2, 2, 2, 2]
INFORMACIÓN : 2positionsOrdered [1526, 1526, 1128, 1128, 1187, 1986, 1986, 2383, 2383]
INFORMACIÓN : 2levelsOrdered [2, 2, 2, 2, 2, 2, 2, 2, 2]
INFORMACIÓN : 2partialityOrdered [2, 2, 2, 2, 2, 2, 2, 2, 2]
INFORMACIÓN : 2arrivalTimes [10.0, 10.0, 43.48834857979718, 45.48834857979718, 54.5437337179346, 70.574953259816, 70.574953259816, 79.11895700513352, 79.11895700513352]
INFORMACIÓN : coalSat position 1187 level 2
INFORMACIÓN : I [IR, MW]; lost Test.myBail@45352cdf; POS 1187; sensors [AB]; level 2 I paid 568.7447915701707in favour ofnull paid 568.7447915701707
INFORMACIÓN : 3historia0[0.0, 0.0, 0.0, 0.0, 0.0, 502.0997435060134, 0.0, 0.0, 0.0, 0.0, 0.0, 595.7959774001419, 0.0, 0.0, 0.0, 463.39758227661537, 596.8228928913819, 0.0, 0.0, 552.537617637567, 0.0, 0.0, 0.0, 0.0, 0.0, 0.0, 0.0, 0.0, 0.0, 0.0, 0.0, 0.0, 0.0, 0.0, 0.0, 0.0, 0.0, 0.0, 615.0186945794628, 0.0, 0.0, 589.3542304089034, 0.0, 0.0, 0.0, 0.0, 0.0, 0.0, 0.0, 0.0, 0.0, 0.0, 0.0, 560.347063614506, 615.0186945794628, 0.0, 509.81157255178135, 0.0, 0.0, 0.0, 0.0, 0.0, 519.5210313352661, 0.0, 0.0, 0.0, 0.0, 552.537617637567, 0.0, 0.0, 0.0, 0.0, 0.0, 0.0, 0.0, 515.9070721516626, 0.0, 0.0, 0.0, 0.0, 0.0, 0.0, 0.0, 0.0, 0.0, 0.0, 507.99206070776273, 480.5357139811831, 0.0, 570.3667928240097, 515.9070721516626, 0.0, 0.0, 507.99206070776273, 0.0, 594.6395190235309, 0.0, 0.0, 0.0, 0.0, 0.0, 0.0, 0.0, 0.0, 0.0, 0.0, 0.0, 0.0, 0.0, 0.0, 0.0, 528.2759172563883, 0.0, 0.0, 0.0, 0.0, 0.0, 0.0, 0.0, 0.0]
INFORMACIÓN : 3apuestaBundle [615.0186945794628, 615.0186945794628, 570.3667928240097, 570.3667928240097, 568.7447915701707, 560.0547561004113, 560.0547561004113, 546.0618796631052, 546.0618796631052]
INFORMACIÓN : 3positionsBundle [1526, 1526, 1128, 1128, 1187, 1986, 1986, 2383, 2383]
INFORMACIÓN : 3levelsBundle [2, 2, 2, 2, 2, 2, 2, 2, 2]
INFORMACIÓN : 3positionsOrdered [1526, 1526, 1128, 1128, 1187, 1986, 1986, 2383, 2383]
INFORMACIÓN : 3levelsOrdered [2, 2, 2, 2, 2, 2, 2, 2, 2]
INFORMACIÓN : 3partialityOrdered [2, 2, 2, 2, 2, 2, 2, 2, 2]
INFORMACIÓN : 3arrivalTimes [10.0, 10.0, 43.48834857979718, 45.48834857979718, 54.5437337179346, 70.574953259816, 70.574953259816, 79.11895700513352, 79.11895700513352]
INFORMACIÓN : 4historia0[0.0, 0.0, 0.0, 0.0, 0.0, 502.0997435060134, 0.0, 0.0, 0.0, 0.0, 0.0, 595.7959774001419, 0.0, 0.0, 0.0, 491.79949105639434, 596.8228928913819, 0.0, 0.0, 564.7416184464086, 0.0, 0.0, 0.0, 0.0, 0.0, 0.0, 0.0, 0.0, 0.0, 0.0, 0.0, 0.0, 0.0, 0.0, 0.0, 0.0, 0.0, 546.0618796631052, 615.0186945794628, 0.0, 0.0, 589.3542304089034, 0.0, 0.0, 0.0, 0.0, 0.0, 0.0, 0.0, 0.0, 0.0, 560.0547561004113, 0.0, 560.347063614506, 615.0186945794628, 0.0, 502.0997435060134, 0.0, 0.0, 0.0, 0.0, 0.0, 519.5210313352661, 0.0, 0.0, 546.0618796631052, 0.0, 552.537617637567, 0.0, 0.0, 0.0, 0.0, 0.0, 473.44789019228654, 0.0, 515.9070721516626, 0.0, 0.0, 0.0, 0.0, 0.0, 0.0, 0.0, 0.0, 0.0, 0.0, 507.99206070776273, 480.5357139811831, 570.3667928240097, 570.3667928240097, 515.9070721516626, 0.0, 560.0547561004113, 507.99206070776273, 0.0, 594.6395190235309, 0.0, 0.0, 0.0, 0.0, 0.0, 0.0, 0.0, 0.0, 0.0, 0.0, 0.0, 0.0, 0.0, 0.0, 0.0, 528.2759172563883, 568.7447915701707, 0.0, 0.0, 0.0, 0.0, 0.0, 0.0, 0.0]
INFORMACIÓN : 4apuestaBundle [615.0186945794628, 615.0186945794628, 570.3667928240097, 570.3667928240097, 568.7447915701707, 560.0547561004113, 560.0547561004113, 546.0618796631052, 546.0618796631052]
INFORMACIÓN : 4positionsBundle [1526, 1526, 1128, 1128, 1187, 1986, 1986, 2383, 2383]
INFORMACIÓN : 4levelsBundle [2, 2, 2, 2, 2, 2, 2, 2, 2]
INFORMACIÓN : 4positionsOrdered [1526, 1526, 1128, 1128, 1187, 1986, 1986, 2383, 2383]
INFORMACIÓN : 4levelsOrdered [2, 2, 2, 2, 2, 2, 2, 2, 2]
INFORMACIÓN : 4partialityOrdered [2, 2, 2, 2, 2, 2, 2, 2, 2]
INFORMACIÓN : 4arrivalTimes [10.0, 10.0, 43.48834857979718, 45.48834857979718, 54.5437337179346, 70.574953259816, 70.574953259816, 79.11895700513352, 79.11895700513352]
INFORMACIÓN : 5historia0[0.0, 0.0, 0.0, 0.0, 0.0, 502.0997435060134, 0.0, 0.0, 0.0, 0.0, 0.0, 595.7959774001419, 0.0, 0.0, 0.0, 491.79949105639434, 596.8228928913819, 0.0, 0.0, 564.7416184464086, 0.0, 0.0, 444.29324665335776, 0.0, 0.0, 0.0, 0.0, 0.0, 0.0, 0.0, 0.0, 0.0, 0.0, 0.0, 0.0, 0.0, 0.0, 546.0618796631052, 615.0186945794628, 0.0, 0.0, 589.3542304089034, 0.0, 0.0, 0.0, 0.0, 0.0, 0.0, 0.0, 0.0, 0.0, 560.0547561004113, 0.0, 560.347063614506, 615.0186945794628, 0.0, 504.72591619880143, 0.0, 0.0, 0.0, 0.0, 0.0, 519.5210313352661, 0.0, 0.0, 546.0618796631052, 0.0, 552.537617637567, 0.0, 0.0, 0.0, 0.0, 0.0, 478.9296636509596, 0.0, 506.46371369016583, 0.0, 0.0, 0.0, 0.0, 0.0, 0.0, 0.0, 0.0, 433.81827995900744, 0.0, 507.99206070776273, 483.3015395847809, 570.3667928240097, 570.3667928240097, 506.46371369016583, 0.0, 560.0547561004113, 507.99206070776273, 444.29324665335776, 594.6395190235309, 0.0, 0.0, 0.0, 0.0, 0.0, 0.0, 0.0, 0.0, 0.0, 0.0, 0.0, 0.0, 0.0, 489.23251414637696, 0.0, 528.2759172563883, 568.7447915701707, 0.0, 0.0, 0.0, 0.0, 0.0, 0.0, 0.0]
INFORMACIÓN : 5apuestaBundle [615.0186945794628, 615.0186945794628, 570.3667928240097, 570.3667928240097, 568.7447915701707, 560.0547561004113, 560.0547561004113, 546.0618796631052, 546.0618796631052]
INFORMACIÓN : 5positionsBundle [1526, 1526, 1128, 1128, 1187, 1986, 1986, 2383, 2383]
INFORMACIÓN : 5levelsBundle [2, 2, 2, 2, 2, 2, 2, 2, 2]
INFORMACIÓN : 5positionsOrdered [1526, 1526, 1128, 1128, 1187, 1986, 1986, 2383, 2383]
INFORMACIÓN : 5levelsOrdered [2, 2, 2, 2, 2, 2, 2, 2, 2]
INFORMACIÓN : 5partialityOrdered [2, 2, 2, 2, 2, 2, 2, 2, 2]
INFORMACIÓN : 5arrivalTimes [10.0, 10.0, 43.48834857979718, 45.48834857979718, 54.5437337179346, 70.574953259816, 70.574953259816, 79.11895700513352, 79.11895700513352]
INFORMACIÓN : 6historia0[0.0, 0.0, 0.0, 0.0, 0.0, 502.0997435060134, 0.0, 0.0, 0.0, 0.0, 0.0, 595.7959774001419, 0.0, 0.0, 0.0, 491.79949105639434, 596.8228928913819, 0.0, 0.0, 564.7416184464086, 0.0, 0.0, 444.29324665335776, 0.0, 0.0, 0.0, 0.0, 0.0, 0.0, 0.0, 0.0, 0.0, 0.0, 0.0, 0.0, 0.0, 0.0, 546.0618796631052, 615.0186945794628, 0.0, 0.0, 589.3542304089034, 0.0, 0.0, 0.0, 0.0, 0.0, 0.0, 0.0, 0.0, 0.0, 560.0547561004113, 0.0, 560.347063614506, 615.0186945794628, 0.0, 504.72591619880143, 0.0, 0.0, 0.0, 0.0, 0.0, 519.5210313352661, 0.0, 0.0, 546.0618796631052, 0.0, 552.537617637567, 0.0, 0.0, 0.0, 0.0, 0.0, 478.9296636509596, 0.0, 515.9070721516626, 0.0, 0.0, 0.0, 0.0, 0.0, 0.0, 0.0, 0.0, 453.5696063502321, 0.0, 507.99206070776273, 483.3015395847809, 570.3667928240097, 570.3667928240097, 515.9070721516626, 0.0, 560.0547561004113, 507.99206070776273, 444.29324665335776, 594.6395190235309, 0.0, 0.0, 0.0, 0.0, 0.0, 453.5696063502321, 0.0, 0.0, 0.0, 0.0, 0.0, 0.0, 0.0, 489.23251414637696, 0.0, 528.2759172563883, 568.7447915701707, 0.0, 0.0, 0.0, 0.0, 0.0, 0.0, 0.0]
INFORMACIÓN : 6apuestaBundle [615.0186945794628, 615.0186945794628, 570.3667928240097, 570.3667928240097, 568.7447915701707, 560.0547561004113, 560.0547561004113, 546.0618796631052, 546.0618796631052]
INFORMACIÓN : 6positionsBundle [1526, 1526, 1128, 1128, 1187, 1986, 1986, 2383, 2383]
INFORMACIÓN : 6levelsBundle [2, 2, 2, 2, 2, 2, 2, 2, 2]
INFORMACIÓN : 6positionsOrdered [1526, 1526, 1128, 1128, 1187, 1986, 1986, 2383, 2383]
INFORMACIÓN : 6levelsOrdered [2, 2, 2, 2, 2, 2, 2, 2, 2]
INFORMACIÓN : 6partialityOrdered [2, 2, 2, 2, 2, 2, 2, 2, 2]
INFORMACIÓN : 6arrivalTimes [10.0, 10.0, 43.48834857979718, 45.48834857979718, 54.5437337179346, 70.574953259816, 70.574953259816, 79.11895700513352, 79.11895700513352]
INFORMACIÓN : 7historia0[0.0, 0.0, 0.0, 404.0954443643734, 0.0, 502.0997435060134, 0.0, 0.0, 0.0, 0.0, 0.0, 595.7959774001419, 0.0, 0.0, 0.0, 491.79949105639434, 596.8228928913819, 0.0, 0.0, 564.7416184464086, 0.0, 0.0, 444.29324665335776, 0.0, 0.0, 0.0, 0.0, 0.0, 0.0, 0.0, 0.0, 0.0, 0.0, 0.0, 0.0, 0.0, 0.0, 546.0618796631052, 615.0186945794628, 430.5896522808513, 0.0, 589.3542304089034, 0.0, 0.0, 0.0, 430.5896522808513, 0.0, 0.0, 0.0, 0.0, 0.0, 560.0547561004113, 0.0, 560.347063614506, 615.0186945794628, 0.0, 504.72591619880143, 0.0, 0.0, 0.0, 0.0, 0.0, 519.5210313352661, 0.0, 0.0, 546.0618796631052, 0.0, 552.537617637567, 0.0, 0.0, 0.0, 0.0, 0.0, 478.9296636509596, 0.0, 515.9070721516626, 0.0, 0.0, 0.0, 0.0, 0.0, 0.0, 0.0, 0.0, 453.5696063502321, 0.0, 507.99206070776273, 483.3015395847809, 570.3667928240097, 570.3667928240097, 515.9070721516626, 0.0, 560.0547561004113, 507.99206070776273, 444.29324665335776, 594.6395190235309, 0.0, 0.0, 0.0, 0.0, 0.0, 453.5696063502321, 0.0, 398.9222572997187, 0.0, 0.0, 0.0, 0.0, 0.0, 489.23251414637696, 0.0, 528.2759172563883, 568.7447915701707, 0.0, 0.0, 0.0, 0.0, 0.0, 0.0, 0.0]
INFORMACIÓN : 7apuestaBundle [615.0186945794628, 615.0186945794628, 570.3667928240097, 570.3667928240097, 568.7447915701707, 560.0547561004113, 560.0547561004113, 546.0618796631052, 546.0618796631052]
INFORMACIÓN : 7positionsBundle [1526, 1526, 1128, 1128, 1187, 1986, 1986, 2383, 2383]
INFORMACIÓN : 7levelsBundle [2, 2, 2, 2, 2, 2, 2, 2, 2]
INFORMACIÓN : 7positionsOrdered [1526, 1526, 1128, 1128, 1187, 1986, 1986, 2383, 2383]
INFORMACIÓN : 7levelsOrdered [2, 2, 2, 2, 2, 2, 2, 2, 2]
INFORMACIÓN : 7partialityOrdered [2, 2, 2, 2, 2, 2, 2, 2, 2]
INFORMACIÓN : 7arrivalTimes [10.0, 10.0, 43.48834857979718, 45.48834857979718, 54.5437337179346, 70.574953259816, 70.574953259816, 79.11895700513352, 79.11895700513352]
INFORMACIÓN : 8historia0[0.0, 0.0, 0.0, 404.0954443643734, 0.0, 502.0997435060134, 0.0, 362.54742476777193, 0.0, 0.0, 0.0, 595.7959774001419, 0.0, 0.0, 0.0, 491.79949105639434, 596.8228928913819, 0.0, 0.0, 564.7416184464086, 0.0, 0.0, 444.29324665335776, 0.0, 0.0, 0.0, 0.0, 0.0, 0.0, 0.0, 0.0, 0.0, 373.45208798989694, 0.0, 385.6031212892225, 0.0, 0.0, 546.0618796631052, 615.0186945794628, 430.5896522808513, 0.0, 589.3542304089034, 0.0, 0.0, 0.0, 430.5896522808513, 0.0, 0.0, 0.0, 373.45208798989694, 0.0, 560.0547561004113, 0.0, 560.347063614506, 615.0186945794628, 0.0, 504.72591619880143, 0.0, 0.0, 0.0, 0.0, 0.0, 519.5210313352661, 0.0, 0.0, 546.0618796631052, 0.0, 552.537617637567, 0.0, 0.0, 0.0, 0.0, 0.0, 478.9296636509596, 0.0, 515.9070721516626, 0.0, 0.0, 0.0, 0.0, 0.0, 0.0, 0.0, 0.0, 453.5696063502321, 0.0, 507.99206070776273, 483.3015395847809, 570.3667928240097, 570.3667928240097, 515.9070721516626, 0.0, 560.0547561004113, 507.99206070776273, 444.29324665335776, 594.6395190235309, 0.0, 0.0, 0.0, 0.0, 0.0, 453.5696063502321, 0.0, 398.9222572997187, 0.0, 393.76793679287914, 0.0, 0.0, 0.0, 489.23251414637696, 0.0, 528.2759172563883, 568.7447915701707, 0.0, 0.0, 0.0, 0.0, 0.0, 0.0, 0.0]
INFORMACIÓN : 8apuestaBundle [615.0186945794628, 615.0186945794628, 570.3667928240097, 570.3667928240097, 568.7447915701707, 560.0547561004113, 560.0547561004113, 546.0618796631052, 546.0618796631052]
INFORMACIÓN : 8positionsBundle [1526, 1526, 1128, 1128, 1187, 1986, 1986, 2383, 2383]
INFORMACIÓN : 8levelsBundle [2, 2, 2, 2, 2, 2, 2, 2, 2]
INFORMACIÓN : 8positionsOrdered [1526, 1526, 1128, 1128, 1187, 1986, 1986, 2383, 2383]
INFORMACIÓN : 8levelsOrdered [2, 2, 2, 2, 2, 2, 2, 2, 2]
INFORMACIÓN : 8partialityOrdered [2, 2, 2, 2, 2, 2, 2, 2, 2]
INFORMACIÓN : 8arrivalTimes [10.0, 10.0, 43.48834857979718, 45.48834857979718, 54.5437337179346, 70.574953259816, 70.574953259816, 79.11895700513352, 79.11895700513352]
INFORMACIÓN : 9historia0[0.0, 0.0, 0.0, 404.0954443643734, 0.0, 502.0997435060134, 0.0, 362.54742476777193, 0.0, 0.0, 0.0, 595.7959774001419, 0.0, 0.0, 0.0, 491.79949105639434, 596.8228928913819, 0.0, 0.0, 564.7416184464086, 0.0, 0.0, 444.29324665335776, 0.0, 0.0, 0.0, 0.0, 0.0, 0.0, 0.0, 0.0, 0.0, 373.45208798989694, 0.0, 385.6031212892225, 0.0, 0.0, 546.0618796631052, 615.0186945794628, 430.5896522808513, 0.0, 589.3542304089034, 0.0, 0.0, 0.0, 430.5896522808513, 0.0, 0.0, 0.0, 373.45208798989694, 0.0, 560.0547561004113, 0.0, 560.347063614506, 615.0186945794628, 0.0, 504.72591619880143, 0.0, 0.0, 0.0, 0.0, 0.0, 519.5210313352661, 0.0, 0.0, 546.0618796631052, 0.0, 552.537617637567, 0.0, 0.0, 0.0, 0.0, 0.0, 478.9296636509596, 0.0, 515.9070721516626, 0.0, 0.0, 0.0, 0.0, 0.0, 0.0, 0.0, 0.0, 453.5696063502321, 0.0, 507.99206070776273, 483.3015395847809, 570.3667928240097, 570.3667928240097, 515.9070721516626, 0.0, 560.0547561004113, 507.99206070776273, 444.29324665335776, 594.6395190235309, 0.0, 0.0, 0.0, 0.0, 0.0, 453.5696063502321, 0.0, 398.9222572997187, 0.0, 393.76793679287914, 0.0, 0.0, 0.0, 489.23251414637696, 0.0, 528.2759172563883, 568.7447915701707, 0.0, 0.0, 0.0, 0.0, 0.0, 0.0, 0.0]
INFORMACIÓN : 9apuestaBundle [615.0186945794628, 615.0186945794628, 570.3667928240097, 570.3667928240097, 568.7447915701707, 560.0547561004113, 560.0547561004113, 546.0618796631052, 546.0618796631052]
INFORMACIÓN : 9positionsBundle [1526, 1526, 1128, 1128, 1187, 1986, 1986, 2383, 2383]
INFORMACIÓN : 9levelsBundle [2, 2, 2, 2, 2, 2, 2, 2, 2]
INFORMACIÓN : 9positionsOrdered [1526, 1526, 1128, 1128, 1187, 1986, 1986, 2383, 2383]
INFORMACIÓN : 9levelsOrdered [2, 2, 2, 2, 2, 2, 2, 2, 2]
INFORMACIÓN : 9partialityOrdered [2, 2, 2, 2, 2, 2, 2, 2, 2]
INFORMACIÓN : 9arrivalTimes [10.0, 10.0, 43.48834857979718, 45.48834857979718, 54.5437337179346, 70.574953259816, 70.574953259816, 79.11895700513352, 79.11895700513352]
INFORMACIÓN : 10historia1[0.0, 0.0, 0.0, 404.0954443643734, 0.0, 502.0997435060134, 0.0, 362.54742476777193, 0.0, 0.0, 0.0, 595.7959774001419, 0.0, 0.0, 0.0, 491.79949105639434, 596.8228928913819, 0.0, 0.0, 564.7416184464086, 0.0, 0.0, 444.29324665335776, 0.0, 0.0, 0.0, 0.0, 0.0, 0.0, 0.0, 0.0, 0.0, 373.45208798989694, 0.0, 385.6031212892225, 0.0, 0.0, 546.0618796631052, 615.0186945794628, 430.5896522808513, 0.0, 589.3542304089034, 0.0, 0.0, 0.0, 430.5896522808513, 0.0, 0.0, 0.0, 373.45208798989694, 0.0, 560.0547561004113, 0.0, 560.347063614506, 615.0186945794628, 0.0, 504.72591619880143, 0.0, 0.0, 0.0, 0.0, 0.0, 519.5210313352661, 0.0, 0.0, 546.0618796631052, 0.0, 552.537617637567, 0.0, 0.0, 0.0, 0.0, 0.0, 478.9296636509596, 0.0, 515.9070721516626, 0.0, 0.0, 0.0, 0.0, 0.0, 0.0, 0.0, 0.0, 453.5696063502321, 0.0, 507.99206070776273, 483.3015395847809, 570.3667928240097, 570.3667928240097, 515.9070721516626, 0.0, 560.0547561004113, 507.99206070776273, 444.29324665335776, 594.6395190235309, 0.0, 0.0, 0.0, 0.0, 0.0, 453.5696063502321, 0.0, 398.9222572997187, 0.0, 393.76793679287914, 0.0, 0.0, 0.0, 489.23251414637696, 0.0, 528.2759172563883, 568.7447915701707, 0.0, 0.0, 0.0, 0.0, 0.0, 0.0, 0.0]
INFORMACIÓN : 10apuestaBundle [615.0186945794628, 615.0186945794628, 570.3667928240097, 570.3667928240097, 568.7447915701707, 560.0547561004113, 560.0547561004113, 546.0618796631052, 546.0618796631052]
INFORMACIÓN : 10positionsBundle [1526, 1526, 1128, 1128, 1187, 1986, 1986, 2383, 2383]
INFORMACIÓN : 10levelsBundle [2, 2, 2, 2, 2, 2, 2, 2, 2]
INFORMACIÓN : 10positionsOrdered [1526, 1526, 1128, 1128, 1187, 1986, 1986, 2383, 2383]
INFORMACIÓN : 10levelsOrdered [2, 2, 2, 2, 2, 2, 2, 2, 2]
INFORMACIÓN : 10partialityOrdered [2, 2, 2, 2, 2, 2, 2, 2, 2]
INFORMACIÓN : 10arrivalTimes [10.0, 10.0, 43.48834857979718, 45.48834857979718, 54.5437337179346, 70.574953259816, 70.574953259816, 79.11895700513352, 79.11895700513352]
INFORMACIÓN : 11historia2[0.0, 0.0, 0.0, 404.0954443643734, 0.0, 502.0997435060134, 0.0, 362.54742476777193, 0.0, 0.0, 0.0, 595.7959774001419, 0.0, 0.0, 0.0, 491.79949105639434, 596.8228928913819, 0.0, 0.0, 564.7416184464086, 0.0, 0.0, 444.29324665335776, 0.0, 0.0, 0.0, 0.0, 0.0, 0.0, 0.0, 0.0, 0.0, 373.45208798989694, 0.0, 385.6031212892225, 0.0, 0.0, 546.0618796631052, 615.0186945794628, 430.5896522808513, 0.0, 589.3542304089034, 0.0, 0.0, 0.0, 430.5896522808513, 0.0, 0.0, 0.0, 373.45208798989694, 0.0, 560.0547561004113, 0.0, 560.347063614506, 615.0186945794628, 0.0, 504.72591619880143, 0.0, 0.0, 0.0, 0.0, 0.0, 519.5210313352661, 0.0, 0.0, 546.0618796631052, 0.0, 552.537617637567, 0.0, 0.0, 0.0, 0.0, 0.0, 478.9296636509596, 0.0, 515.9070721516626, 0.0, 0.0, 0.0, 0.0, 0.0, 0.0, 0.0, 0.0, 453.5696063502321, 0.0, 507.99206070776273, 483.3015395847809, 570.3667928240097, 570.3667928240097, 515.9070721516626, 0.0, 560.0547561004113, 507.99206070776273, 444.29324665335776, 594.6395190235309, 0.0, 0.0, 0.0, 0.0, 0.0, 453.5696063502321, 0.0, 398.9222572997187, 0.0, 393.76793679287914, 0.0, 0.0, 0.0, 489.23251414637696, 0.0, 528.2759172563883, 568.7447915701707, 0.0, 0.0, 0.0, 0.0, 0.0, 0.0, 0.0]
INFORMACIÓN : 11apuestaBundle [615.0186945794628, 615.0186945794628, 570.3667928240097, 570.3667928240097, 568.7447915701707, 560.0547561004113, 560.0547561004113, 546.0618796631052, 546.0618796631052]
INFORMACIÓN : 11positionsBundle [1526, 1526, 1128, 1128, 1187, 1986, 1986, 2383, 2383]
INFORMACIÓN : 11levelsBundle [2, 2, 2, 2, 2, 2, 2, 2, 2]
INFORMACIÓN : 11positionsOrdered [1526, 1526, 1128, 1128, 1187, 1986, 1986, 2383, 2383]
INFORMACIÓN : 11levelsOrdered [2, 2, 2, 2, 2, 2, 2, 2, 2]
INFORMACIÓN : 11partialityOrdered [2, 2, 2, 2, 2, 2, 2, 2, 2]
INFORMACIÓN : 11arrivalTimes [10.0, 10.0, 43.48834857979718, 45.48834857979718, 54.5437337179346, 70.574953259816, 70.574953259816, 79.11895700513352, 79.11895700513352]
INFORMACIÓN : 12historia3[0.0, 0.0, 0.0, 404.0954443643734, 0.0, 502.0997435060134, 0.0, 362.54742476777193, 0.0, 0.0, 0.0, 595.7959774001419, 0.0, 0.0, 0.0, 491.79949105639434, 596.8228928913819, 0.0, 0.0, 564.7416184464086, 0.0, 0.0, 444.29324665335776, 0.0, 0.0, 0.0, 0.0, 0.0, 0.0, 0.0, 0.0, 0.0, 373.45208798989694, 0.0, 385.6031212892225, 0.0, 0.0, 546.0618796631052, 615.0186945794628, 430.5896522808513, 0.0, 589.3542304089034, 0.0, 0.0, 0.0, 430.5896522808513, 0.0, 0.0, 0.0, 373.45208798989694, 0.0, 560.0547561004113, 0.0, 560.347063614506, 615.0186945794628, 0.0, 504.72591619880143, 0.0, 0.0, 0.0, 0.0, 0.0, 519.5210313352661, 0.0, 0.0, 546.0618796631052, 0.0, 552.537617637567, 0.0, 0.0, 0.0, 0.0, 0.0, 478.9296636509596, 0.0, 515.9070721516626, 0.0, 0.0, 0.0, 0.0, 0.0, 0.0, 0.0, 0.0, 453.5696063502321, 0.0, 507.99206070776273, 483.3015395847809, 570.3667928240097, 570.3667928240097, 515.9070721516626, 0.0, 560.0547561004113, 507.99206070776273, 444.29324665335776, 594.6395190235309, 0.0, 0.0, 0.0, 0.0, 0.0, 453.5696063502321, 0.0, 398.9222572997187, 0.0, 393.76793679287914, 0.0, 0.0, 0.0, 489.23251414637696, 0.0, 528.2759172563883, 568.7447915701707, 0.0, 0.0, 0.0, 0.0, 0.0, 0.0, 0.0]
INFORMACIÓN : 12apuestaBundle [615.0186945794628, 615.0186945794628, 570.3667928240097, 570.3667928240097, 568.7447915701707, 560.0547561004113, 560.0547561004113, 546.0618796631052, 546.0618796631052]
INFORMACIÓN : 12positionsBundle [1526, 1526, 1128, 1128, 1187, 1986, 1986, 2383, 2383]
INFORMACIÓN : 12levelsBundle [2, 2, 2, 2, 2, 2, 2, 2, 2]
INFORMACIÓN : 12positionsOrdered [1526, 1526, 1128, 1128, 1187, 1986, 1986, 2383, 2383]
INFORMACIÓN : 12levelsOrdered [2, 2, 2, 2, 2, 2, 2, 2, 2]
INFORMACIÓN : 12partialityOrdered [2, 2, 2, 2, 2, 2, 2, 2, 2]
INFORMACIÓN : 12arrivalTimes [10.0, 10.0, 43.48834857979718, 45.48834857979718, 54.5437337179346, 70.574953259816, 70.574953259816, 79.11895700513352, 79.11895700513352]
INFORMACIÓN : 13historia4[0.0, 0.0, 0.0, 404.0954443643734, 0.0, 502.0997435060134, 0.0, 362.54742476777193, 0.0, 0.0, 0.0, 595.7959774001419, 0.0, 0.0, 0.0, 491.79949105639434, 596.8228928913819, 0.0, 0.0, 564.7416184464086, 0.0, 0.0, 444.29324665335776, 0.0, 0.0, 0.0, 0.0, 0.0, 0.0, 0.0, 0.0, 0.0, 373.45208798989694, 0.0, 385.6031212892225, 0.0, 0.0, 546.0618796631052, 615.0186945794628, 430.5896522808513, 0.0, 589.3542304089034, 0.0, 0.0, 0.0, 430.5896522808513, 0.0, 0.0, 0.0, 373.45208798989694, 0.0, 560.0547561004113, 0.0, 560.347063614506, 615.0186945794628, 0.0, 504.72591619880143, 0.0, 0.0, 0.0, 0.0, 0.0, 519.5210313352661, 0.0, 0.0, 546.0618796631052, 0.0, 552.537617637567, 0.0, 0.0, 0.0, 0.0, 0.0, 478.9296636509596, 0.0, 515.9070721516626, 0.0, 0.0, 0.0, 0.0, 0.0, 0.0, 0.0, 0.0, 453.5696063502321, 0.0, 507.99206070776273, 483.3015395847809, 570.3667928240097, 570.3667928240097, 515.9070721516626, 0.0, 560.0547561004113, 507.99206070776273, 444.29324665335776, 594.6395190235309, 0.0, 0.0, 0.0, 0.0, 0.0, 453.5696063502321, 0.0, 398.9222572997187, 0.0, 393.76793679287914, 0.0, 0.0, 0.0, 489.23251414637696, 0.0, 528.2759172563883, 568.7447915701707, 0.0, 0.0, 0.0, 0.0, 0.0, 0.0, 0.0]
INFORMACIÓN : 13apuestaBundle [615.0186945794628, 615.0186945794628, 570.3667928240097, 570.3667928240097, 568.7447915701707, 560.0547561004113, 560.0547561004113, 546.0618796631052, 546.0618796631052]
INFORMACIÓN : 13positionsBundle [1526, 1526, 1128, 1128, 1187, 1986, 1986, 2383, 2383]
INFORMACIÓN : 13levelsBundle [2, 2, 2, 2, 2, 2, 2, 2, 2]
INFORMACIÓN : 13positionsOrdered [1526, 1526, 1128, 1128, 1187, 1986, 1986, 2383, 2383]
INFORMACIÓN : 13levelsOrdered [2, 2, 2, 2, 2, 2, 2, 2, 2]
INFORMACIÓN : 13partialityOrdered [2, 2, 2, 2, 2, 2, 2, 2, 2]
INFORMACIÓN : 13arrivalTimes [10.0, 10.0, 43.48834857979718, 45.48834857979718, 54.5437337179346, 70.574953259816, 70.574953259816, 79.11895700513352, 79.11895700513352]
INFORMACIÓN : 14historia5[0.0, 0.0, 0.0, 404.0954443643734, 0.0, 502.0997435060134, 0.0, 362.54742476777193, 0.0, 0.0, 0.0, 595.7959774001419, 0.0, 0.0, 0.0, 491.79949105639434, 596.8228928913819, 0.0, 0.0, 564.7416184464086, 0.0, 0.0, 444.29324665335776, 0.0, 0.0, 0.0, 0.0, 0.0, 0.0, 0.0, 0.0, 0.0, 373.45208798989694, 0.0, 385.6031212892225, 0.0, 0.0, 546.0618796631052, 615.0186945794628, 430.5896522808513, 0.0, 589.3542304089034, 0.0, 0.0, 0.0, 430.5896522808513, 0.0, 0.0, 0.0, 373.45208798989694, 0.0, 560.0547561004113, 0.0, 560.347063614506, 615.0186945794628, 0.0, 504.72591619880143, 0.0, 0.0, 0.0, 0.0, 0.0, 519.5210313352661, 0.0, 0.0, 546.0618796631052, 0.0, 552.537617637567, 0.0, 0.0, 0.0, 0.0, 0.0, 478.9296636509596, 0.0, 515.9070721516626, 0.0, 0.0, 0.0, 0.0, 0.0, 0.0, 0.0, 0.0, 453.5696063502321, 0.0, 507.99206070776273, 483.3015395847809, 570.3667928240097, 570.3667928240097, 515.9070721516626, 0.0, 560.0547561004113, 507.99206070776273, 444.29324665335776, 594.6395190235309, 0.0, 0.0, 0.0, 0.0, 0.0, 453.5696063502321, 0.0, 398.9222572997187, 0.0, 393.76793679287914, 0.0, 0.0, 0.0, 489.23251414637696, 0.0, 528.2759172563883, 568.7447915701707, 0.0, 0.0, 0.0, 0.0, 0.0, 0.0, 0.0]
INFORMACIÓN : 14apuestaBundle [615.0186945794628, 615.0186945794628, 570.3667928240097, 570.3667928240097, 568.7447915701707, 560.0547561004113, 560.0547561004113, 546.0618796631052, 546.0618796631052]
INFORMACIÓN : 14positionsBundle [1526, 1526, 1128, 1128, 1187, 1986, 1986, 2383, 2383]
INFORMACIÓN : 14levelsBundle [2, 2, 2, 2, 2, 2, 2, 2, 2]
INFORMACIÓN : 14positionsOrdered [1526, 1526, 1128, 1128, 1187, 1986, 1986, 2383, 2383]
INFORMACIÓN : 14levelsOrdered [2, 2, 2, 2, 2, 2, 2, 2, 2]
INFORMACIÓN : 14partialityOrdered [2, 2, 2, 2, 2, 2, 2, 2, 2]
INFORMACIÓN : 14arrivalTimes [10.0, 10.0, 43.48834857979718, 45.48834857979718, 54.5437337179346, 70.574953259816, 70.574953259816, 79.11895700513352, 79.11895700513352]
INFORMACIÓN : 15historia6[0.0, 0.0, 0.0, 404.0954443643734, 0.0, 502.0997435060134, 0.0, 0.0, 0.0, 0.0, 0.0, 595.7959774001419, 0.0, 0.0, 0.0, 491.79949105639434, 596.8228928913819, 0.0, 0.0, 564.7416184464086, 0.0, 0.0, 444.29324665335776, 0.0, 0.0, 0.0, 0.0, 0.0, 0.0, 0.0, 0.0, 0.0, 373.45208798989694, 0.0, 385.6031212892225, 0.0, 0.0, 546.0618796631052, 615.0186945794628, 430.5896522808513, 0.0, 589.3542304089034, 0.0, 0.0, 0.0, 430.5896522808513, 0.0, 0.0, 0.0, 373.45208798989694, 0.0, 560.0547561004113, 0.0, 560.347063614506, 615.0186945794628, 0.0, 504.72591619880143, 0.0, 0.0, 0.0, 0.0, 0.0, 519.5210313352661, 0.0, 0.0, 546.0618796631052, 0.0, 552.537617637567, 0.0, 0.0, 0.0, 0.0, 0.0, 478.9296636509596, 0.0, 515.9070721516626, 0.0, 0.0, 0.0, 0.0, 0.0, 0.0, 0.0, 0.0, 453.5696063502321, 0.0, 507.99206070776273, 483.3015395847809, 570.3667928240097, 570.3667928240097, 515.9070721516626, 0.0, 560.0547561004113, 507.99206070776273, 444.29324665335776, 594.6395190235309, 0.0, 0.0, 0.0, 0.0, 0.0, 453.5696063502321, 0.0, 398.9222572997187, 0.0, 393.76793679287914, 0.0, 0.0, 0.0, 489.23251414637696, 0.0, 528.2759172563883, 568.7447915701707, 0.0, 0.0, 0.0, 0.0, 0.0, 0.0, 0.0]
INFORMACIÓN : 15apuestaBundle [615.0186945794628, 615.0186945794628, 570.3667928240097, 570.3667928240097, 568.7447915701707, 560.0547561004113, 560.0547561004113, 546.0618796631052, 546.0618796631052]
INFORMACIÓN : 15positionsBundle [1526, 1526, 1128, 1128, 1187, 1986, 1986, 2383, 2383]
INFORMACIÓN : 15levelsBundle [2, 2, 2, 2, 2, 2, 2, 2, 2]
INFORMACIÓN : 15positionsOrdered [1526, 1526, 1128, 1128, 1187, 1986, 1986, 2383, 2383]
INFORMACIÓN : 15levelsOrdered [2, 2, 2, 2, 2, 2, 2, 2, 2]
INFORMACIÓN : 15partialityOrdered [2, 2, 2, 2, 2, 2, 2, 2, 2]
INFORMACIÓN : 15arrivalTimes [10.0, 10.0, 43.48834857979718, 45.48834857979718, 54.5437337179346, 70.574953259816, 70.574953259816, 79.11895700513352, 79.11895700513352]
INFORMACIÓN : 16historia0[0.0, 0.0, 0.0, 404.0954443643734, 0.0, 502.0997435060134, 0.0, 362.54742476777193, 0.0, 0.0, 0.0, 595.7959774001419, 0.0, 0.0, 0.0, 491.79949105639434, 596.8228928913819, 0.0, 0.0, 564.7416184464086, 0.0, 0.0, 444.29324665335776, 0.0, 0.0, 0.0, 0.0, 0.0, 0.0, 0.0, 0.0, 0.0, 373.45208798989694, 0.0, 385.6031212892225, 0.0, 0.0, 546.0618796631052, 615.0186945794628, 430.5896522808513, 0.0, 589.3542304089034, 0.0, 0.0, 0.0, 430.5896522808513, 0.0, 0.0, 0.0, 373.45208798989694, 0.0, 560.0547561004113, 0.0, 560.347063614506, 615.0186945794628, 0.0, 504.72591619880143, 0.0, 0.0, 0.0, 0.0, 0.0, 519.5210313352661, 0.0, 0.0, 546.0618796631052, 0.0, 552.537617637567, 0.0, 0.0, 0.0, 0.0, 0.0, 478.9296636509596, 0.0, 515.9070721516626, 0.0, 0.0, 0.0, 0.0, 0.0, 0.0, 0.0, 0.0, 453.5696063502321, 0.0, 507.99206070776273, 483.3015395847809, 570.3667928240097, 570.3667928240097, 515.9070721516626, 0.0, 560.0547561004113, 507.99206070776273, 444.29324665335776, 594.6395190235309, 0.0, 0.0, 0.0, 0.0, 0.0, 453.5696063502321, 0.0, 398.9222572997187, 0.0, 393.76793679287914, 0.0, 0.0, 0.0, 489.23251414637696, 0.0, 528.2759172563883, 568.7447915701707, 0.0, 0.0, 0.0, 0.0, 0.0, 0.0, 0.0]
