----------------------------------------------------------------------
-- Log session for [myBugCoalitionsCCBBAGuaiDEF-7] started on 2017.07.14.03.10.50 --
----------------------------------------------------------------------

INFORMACIÓN : I started
INFORMACIÓN : 0apuestaBundle [796.4177333233816, 777.6711194707, 768.4221291205367, 764.3213974272447]
INFORMACIÓN : 0positionsBundle [668, 550, 1335, 1870]
INFORMACIÓN : 0levelsBundle [3, 3, 3, 3]
INFORMACIÓN : 0positionsOrdered [668, 550, 1335, 1870]
INFORMACIÓN : 0levelsOrdered [3, 3, 3, 3]
INFORMACIÓN : 0partialityOrdered [3, 3, 3, 3]
INFORMACIÓN : 0arrivalTimes [12.185972423539042, 30.296742699813876, 68.37560822913342, 86.97668346687169]
INFORMACIÓN : coalSat position 1335 level 3
INFORMACIÓN : I [AB]; lost Test.myBail@47a63f09; POS 668; sensors [IR, MW]; level 3 I paid 796.4177333233816in favour of10@(myturtles,myturtles,bug)@MK-18512 paid 805.944401588375
INFORMACIÓN : 1historia0[0.0, 794.6538448454423, 0.0, 788.1463930239528, 780.9492999112397, 0.0, 770.1657150523353, 0.0, 0.0, 0.0, 0.0, 0.0, 0.0, 0.0, 0.0, 785.657768397033, 0.0, 0.0, 0.0, 0.0, 0.0, 0.0, 0.0, 0.0, 0.0, 0.0, 0.0, 0.0, 0.0, 0.0, 800.9676541590972, 0.0, 0.0, 0.0, 0.0, 0.0, 0.0, 0.0, 803.5418484963617, 0.0, 0.0, 0.0, 0.0, 0.0, 0.0, 0.0, 0.0, 0.0, 0.0, 0.0, 0.0, 787.7337917739347, 0.0, 785.8473781521104, 0.0, 0.0, 0.0, 0.0, 0.0, 0.0, 0.0, 0.0, 0.0, 783.0889416994422, 0.0, 0.0, 0.0, 0.0, 0.0, 786.4125010855488, 0.0, 791.6528356311696, 0.0, 0.0, 794.1644403775335, 0.0, 0.0, 0.0, 0.0, 0.0, 0.0, 0.0, 0.0, 0.0, 0.0, 0.0, 0.0, 0.0, 0.0, 0.0, 0.0, 0.0, 0.0, 803.19463052046, 787.8129460712349, 0.0, 0.0, 0.0, 0.0, 0.0, 0.0, 0.0, 0.0, 0.0, 0.0, 0.0, 0.0, 0.0, 0.0, 785.9837371365307, 0.0, 0.0, 0.0, 0.0, 0.0, 0.0, 805.944401588375, 0.0, 0.0, 0.0, 0.0, 0.0, 0.0, 0.0, 0.0, 0.0, 789.5722668520341, 0.0, 0.0, 0.0, 0.0, 0.0, 0.0, 0.0, 0.0, 0.0, 0.0, 0.0, 0.0, 0.0, 0.0, 0.0, 0.0, 0.0, 0.0, 792.1717721613059, 0.0, 0.0, 0.0, 0.0, 0.0, 0.0, 0.0, 0.0, 0.0, 0.0, 0.0, 0.0, 0.0, 0.0, 0.0, 0.0, 0.0, 0.0, 0.0, 0.0, 0.0, 0.0, 0.0, 0.0]
INFORMACIÓN : 1apuestaBundle [743.4522015147916, 263.35840898144374, 254.8148068664263, 253.86571969442457]
INFORMACIÓN : 1positionsBundle [2457, 1273, 1923, 1028]
INFORMACIÓN : 1levelsBundle [3, 2, 2, 2]
INFORMACIÓN : 1positionsOrdered [2457, 1273, 1923, 1028]
INFORMACIÓN : 1levelsOrdered [3, 2, 2, 2]
INFORMACIÓN : 1partialityOrdered [3, 2, 2, 2]
INFORMACIÓN : 1arrivalTimes [49.625007313638015, 78.46941751734992, 91.46941751734992, 110.15095920961933]
INFORMACIÓN : coalSat position 1923 level 2
INFORMACIÓN : coalSat position 1028 level 2
INFORMACIÓN : I [AB]; lost Test.myBail@3040a5dd; POS 2457; sensors [IR, MW]; level 3 I paid 743.4522015147916in favour of10@(myturtles,myturtles,bug)@MK-18512 paid 753.6868602224151
INFORMACIÓN : 2historia0[0.0, 794.6538448454423, 0.0, 0.0, 0.0, 0.0, 0.0, 0.0, 0.0, 0.0, 0.0, 0.0, 0.0, 0.0, 0.0, 786.4525499021796, 0.0, 0.0, 0.0, 0.0, 0.0, 0.0, 0.0, 0.0, 0.0, 0.0, 0.0, 0.0, 0.0, 0.0, 800.9676541590972, 0.0, 0.0, 0.0, 780.2632404103151, 0.0, 0.0, 0.0, 0.0, 0.0, 0.0, 0.0, 0.0, 0.0, 0.0, 0.0, 0.0, 0.0, 0.0, 0.0, 0.0, 787.7337917739347, 0.0, 0.0, 0.0, 253.66554192018043, 0.0, 0.0, 0.0, 0.0, 0.0, 0.0, 0.0, 793.1870361448591, 275.18390492245226, 0.0, 0.0, 0.0, 0.0, 0.0, 0.0, 791.2047563711265, 264.16028566485716, 0.0, 794.1644403775335, 0.0, 0.0, 0.0, 0.0, 0.0, 0.0, 0.0, 268.70404204490836, 0.0, 0.0, 0.0, 0.0, 0.0, 0.0, 761.3143300444965, 0.0, 0.0, 0.0, 803.19463052046, 0.0, 0.0, 0.0, 753.6868602224151, 0.0, 0.0, 0.0, 0.0, 0.0, 0.0, 0.0, 0.0, 0.0, 0.0, 0.0, 0.0, 0.0, 0.0, 0.0, 0.0, 0.0, 0.0, 805.2082299076794, 0.0, 0.0, 0.0, 0.0, 0.0, 0.0, 0.0, 0.0, 0.0, 789.5722668520341, 0.0, 0.0, 0.0, 0.0, 0.0, 0.0, 0.0, 777.0006018631734, 0.0, 0.0, 0.0, 0.0, 0.0, 0.0, 0.0, 0.0, 0.0, 0.0, 791.957620409327, 0.0, 0.0, 0.0, 0.0, 0.0, 276.0156668168929, 0.0, 0.0, 0.0, 0.0, 0.0, 0.0, 0.0, 0.0, 0.0, 0.0, 0.0, 0.0, 0.0, 0.0, 0.0, 0.0, 0.0, 0.0]
INFORMACIÓN : 2apuestaBundle [290.1257863964851, 277.51417880863187, 254.13625138164815, 249.94600034242922]
INFORMACIÓN : 2positionsBundle [530, 1028, 1923, 2069]
INFORMACIÓN : 2levelsBundle [2, 2, 2, 2]
INFORMACIÓN : 2positionsOrdered [530, 2069, 1923, 1028]
INFORMACIÓN : 2levelsOrdered [2, 2, 2, 2]
INFORMACIÓN : 2partialityOrdered [2, 2, 2, 2]
INFORMACIÓN : 2arrivalTimes [9.773221365748698, 63.12692794662655, 80.20362457273592, 98.88516626500532]
INFORMACIÓN : coalSat position 530 level 2
INFORMACIÓN : coalSat position 2069 level 2
INFORMACIÓN : timeSat position 2069 level 2
INFORMACIÓN : I [AB]; lost Test.myBail@2be2602b; POS 530; sensors [MW]; level 2 I paid 290.1257863964851in favour ofnull paid 290.1257863964851
INFORMACIÓN : 3historia0[0.0, 794.6538448454423, 0.0, 0.0, 0.0, 0.0, 0.0, 0.0, 0.0, 0.0, 0.0, 0.0, 0.0, 0.0, 0.0, 786.4525499021796, 0.0, 0.0, 261.25526262488, 0.0, 0.0, 0.0, 0.0, 285.0197799633356, 0.0, 0.0, 0.0, 0.0, 0.0, 0.0, 800.9676541590972, 0.0, 0.0, 0.0, 0.0, 0.0, 0.0, 0.0, 802.8749996472094, 0.0, 0.0, 0.0, 0.0, 0.0, 0.0, 0.0, 0.0, 0.0, 363.7263559329897, 0.0, 0.0, 0.0, 0.0, 0.0, 0.0, 271.1412324511921, 0.0, 0.0, 0.0, 0.0, 0.0, 0.0, 0.0, 782.4232804831776, 0.0, 0.0, 0.0, 253.0126441546721, 0.0, 786.4125010855488, 0.0, 0.0, 284.27618617512496, 0.0, 794.1644403775335, 280.637008416815, 0.0, 0.0, 0.0, 0.0, 0.0, 0.0, 275.93145329240866, 0.0, 0.0, 0.0, 0.0, 252.92001415017148, 0.0, 0.0, 0.0, 0.0, 0.0, 803.19463052046, 0.0, 0.0, 0.0, 0.0, 0.0, 0.0, 0.0, 0.0, 0.0, 0.0, 0.0, 0.0, 0.0, 0.0, 0.0, 0.0, 0.0, 0.0, 0.0, 0.0, 0.0, 0.0, 805.2082299076794, 0.0, 0.0, 363.7263559329897, 0.0, 0.0, 0.0, 0.0, 0.0, 0.0, 0.0, 0.0, 0.0, 0.0, 0.0, 0.0, 0.0, 0.0, 784.7572054097909, 0.0, 0.0, 0.0, 0.0, 0.0, 0.0, 0.0, 0.0, 0.0, 0.0, 791.957620409327, 0.0, 0.0, 0.0, 0.0, 0.0, 281.47272760688827, 0.0, 0.0, 0.0, 0.0, 0.0, 0.0, 0.0, 0.0, 0.0, 0.0, 0.0, 0.0, 247.55384495445293, 0.0, 0.0, 0.0, 0.0, 0.0]
INFORMACIÓN : 3apuestaBundle [743.4522015147916, 262.9397525702816, 160.71209637132893, 158.1027672729898]
INFORMACIÓN : 3positionsBundle [2457, 1273, 1460, 967]
INFORMACIÓN : 3levelsBundle [3, 2, 1, 1]
INFORMACIÓN : 3positionsOrdered [2457, 1460, 967, 1273]
INFORMACIÓN : 3levelsOrdered [3, 1, 1, 2]
INFORMACIÓN : 3partialityOrdered [3, 1, 1, 2]
INFORMACIÓN : 3arrivalTimes [49.625007313638015, 69.8487557297947, 82.05531134552841, 105.98771713491571]
INFORMACIÓN : I [AB]; lost Test.myBail@3040a5dd; POS 2457; sensors [IR, MW]; level 3 I paid 743.4522015147916in favour of13@(myturtles,myturtles,bug)@MK-18512 paid 780.1309906054908
INFORMACIÓN : 4historia0[0.0, 794.6538448454423, 0.0, 0.0, 0.0, 0.0, 0.0, 0.0, 0.0, 0.0, 0.0, 0.0, 0.0, 0.0, 0.0, 786.4525499021796, 0.0, 0.0, 0.0, 0.0, 0.0, 0.0, 0.0, 0.0, 0.0, 377.42686870974285, 0.0, 0.0, 0.0, 0.0, 800.9676541590972, 0.0, 0.0, 0.0, 780.2632404103151, 0.0, 0.0, 0.0, 802.8749996472094, 0.0, 0.0, 0.0, 0.0, 264.81062826260893, 154.0852506721837, 0.0, 0.0, 0.0, 0.0, 0.0, 0.0, 793.4960269493413, 0.0, 0.0, 377.42686870974285, 263.22940734719657, 0.0, 0.0, 0.0, 0.0, 0.0, 0.0, 0.0, 0.0, 269.0544918883695, 0.0, 0.0, 0.0, 0.0, 786.4125010855488, 0.0, 0.0, 274.9147520391962, 189.89125364186566, 0.0, 0.0, 0.0, 0.0, 0.0, 0.0, 0.0, 0.0, 275.93145329240866, 0.0, 0.0, 0.0, 0.0, 252.92001415017148, 0.0, 0.0, 0.0, 0.0, 0.0, 803.19463052046, 0.0, 0.0, 0.0, 780.1309906054908, 0.0, 0.0, 268.33108432984864, 0.0, 0.0, 0.0, 0.0, 0.0, 0.0, 0.0, 0.0, 0.0, 0.0, 0.0, 0.0, 0.0, 0.0, 0.0, 805.2897485185862, 0.0, 0.0, 0.0, 0.0, 0.0, 0.0, 0.0, 0.0, 0.0, 0.0, 0.0, 0.0, 0.0, 0.0, 0.0, 246.64477586910925, 0.0, 0.0, 0.0, 0.0, 0.0, 0.0, 0.0, 0.0, 0.0, 0.0, 0.0, 0.0, 791.957620409327, 0.0, 0.0, 0.0, 0.0, 0.0, 254.96809406970976, 0.0, 360.43685544421226, 0.0, 0.0, 0.0, 0.0, 0.0, 0.0, 175.92606098467968, 0.0, 0.0, 0.0, 247.55384495445293, 0.0, 0.0, 0.0, 0.0, 0.0]
INFORMACIÓN : 4apuestaBundle [776.7060835957453, 280.19347751011435, 271.89970762451253, 180.441009104439]
INFORMACIÓN : 4positionsBundle [1335, 530, 1273, 582]
INFORMACIÓN : 4levelsBundle [3, 2, 2, 1]
INFORMACIÓN : 4positionsOrdered [1335, 530, 582, 1273]
INFORMACIÓN : 4levelsOrdered [3, 2, 1, 2]
INFORMACIÓN : 4partialityOrdered [3, 2, 1, 2]
INFORMACIÓN : 4arrivalTimes [26.11833969252499, 42.8813943067652, 45.11746228426499, 64.3569707852627]
INFORMACIÓN : coalSat position 1273 level 2
INFORMACIÓN : timeSat position 1273 level 2
INFORMACIÓN : I [AB]; lost Test.myBail@5eae3c64; POS 1335; sensors [IR, MW]; level 3 I paid 776.7060835957453in favour of10@(myturtles,myturtles,bug)@MK-18512 paid 777.0006018631734
INFORMACIÓN : 5historia0[0.0, 794.6538448454423, 0.0, 0.0, 0.0, 0.0, 0.0, 0.0, 0.0, 0.0, 0.0, 0.0, 0.0, 0.0, 0.0, 0.0, 0.0, 0.0, 0.0, 0.0, 0.0, 0.0, 0.0, 279.284297937317, 0.0, 0.0, 0.0, 0.0, 0.0, 0.0, 800.9676541590972, 0.0, 0.0, 0.0, 0.0, 0.0, 0.0, 0.0, 803.0380311791647, 0.0, 0.0, 0.0, 0.0, 0.0, 154.0852506721837, 0.0, 0.0, 0.0, 0.0, 0.0, 0.0, 793.4960269493413, 0.0, 0.0, 0.0, 263.22940734719657, 0.0, 0.0, 0.0, 360.5418049168411, 0.0, 0.0, 0.0, 782.5860216620653, 0.0, 0.0, 0.0, 252.28063871127836, 0.0, 786.4125010855488, 0.0, 759.484790084049, 284.6109708100656, 0.0, 794.0226459603748, 0.0, 0.0, 0.0, 0.0, 0.0, 0.0, 0.0, 0.0, 0.0, 0.0, 0.0, 0.0, 255.37353907144313, 0.0, 0.0, 0.0, 0.0, 0.0, 803.19463052046, 0.0, 0.0, 0.0, 0.0, 0.0, 0.0, 0.0, 0.0, 0.0, 0.0, 0.0, 0.0, 0.0, 0.0, 0.0, 0.0, 0.0, 0.0, 0.0, 0.0, 0.0, 0.0, 805.3712752817618, 0.0, 0.0, 0.0, 0.0, 0.0, 0.0, 360.5418049168411, 0.0, 0.0, 789.5144872881588, 0.0, 0.0, 365.8951449011488, 0.0, 0.0, 284.96690040070484, 0.0, 777.0006018631734, 0.0, 0.0, 0.0, 0.0, 0.0, 0.0, 0.0, 0.0, 0.0, 0.0, 791.957620409327, 0.0, 0.0, 0.0, 0.0, 0.0, 0.0, 0.0, 0.0, 0.0, 373.9935721325594, 0.0, 0.0, 0.0, 0.0, 0.0, 0.0, 0.0, 188.05292677785314, 0.0, 0.0, 0.0, 0.0, 0.0, 0.0]
INFORMACIÓN : 5apuestaBundle [749.7319121365683, 743.4522015147916, 269.2501560538715, 254.8148068664263]
INFORMACIÓN : 5positionsBundle [2259, 2457, 1273, 1923]
INFORMACIÓN : 5levelsBundle [3, 3, 2, 2]
INFORMACIÓN : 5positionsOrdered [2259, 2457, 1923, 1273]
INFORMACIÓN : 5levelsOrdered [3, 3, 2, 2]
INFORMACIÓN : 5partialityOrdered [3, 3, 2, 2]
INFORMACIÓN : 5arrivalTimes [45.18573136182661, 49.65786731682619, 69.07435515577379, 83.99450116133357]
INFORMACIÓN : I [AB]; lost Test.myBail@4bdaab50; POS 2259; sensors [IR, MW]; level 3 I paid 749.7319121365683in favour of10@(myturtles,myturtles,bug)@MK-18512 paid 759.8204342595615
INFORMACIÓN : 6historia0[0.0, 794.6538448454423, 0.0, 788.1463930239528, 0.0, 0.0, 0.0, 0.0, 0.0, 0.0, 0.0, 0.0, 0.0, 0.0, 0.0, 785.657768397033, 0.0, 0.0, 0.0, 0.0, 0.0, 0.0, 0.0, 0.0, 0.0, 0.0, 0.0, 0.0, 0.0, 0.0, 800.9676541590972, 0.0, 0.0, 0.0, 780.2632404103151, 0.0, 0.0, 0.0, 803.0380311791647, 0.0, 0.0, 0.0, 0.0, 0.0, 0.0, 0.0, 0.0, 0.0, 342.7812988467249, 0.0, 0.0, 793.4960269493413, 766.5172363306868, 0.0, 0.0, 263.22940734719657, 0.0, 0.0, 0.0, 0.0, 0.0, 0.0, 0.0, 0.0, 275.36930237359434, 0.0, 0.0, 0.0, 0.0, 782.2253561974493, 0.0, 790.7016389695024, 277.6984739450288, 0.0, 794.0226459603748, 0.0, 0.0, 0.0, 0.0, 0.0, 0.0, 0.0, 264.9445616576612, 759.8204342595615, 0.0, 0.0, 0.0, 255.37353907144313, 0.0, 760.8126424026718, 0.0, 0.0, 0.0, 803.19463052046, 0.0, 0.0, 0.0, 753.6868602224151, 0.0, 0.0, 0.0, 0.0, 0.0, 0.0, 0.0, 0.0, 0.0, 0.0, 0.0, 0.0, 0.0, 0.0, 0.0, 0.0, 0.0, 0.0, 805.3712752817618, 0.0, 0.0, 342.7812988467249, 0.0, 0.0, 0.0, 0.0, 0.0, 0.0, 789.5144872881588, 0.0, 0.0, 0.0, 0.0, 0.0, 0.0, 0.0, 0.0, 0.0, 0.0, 0.0, 0.0, 0.0, 0.0, 0.0, 0.0, 0.0, 0.0, 794.8099638217828, 0.0, 0.0, 0.0, 0.0, 0.0, 0.0, 0.0, 0.0, 0.0, 0.0, 0.0, 0.0, 0.0, 0.0, 0.0, 0.0, 0.0, 0.0, 0.0, 0.0, 0.0, 0.0, 0.0, 0.0]
INFORMACIÓN : 6apuestaBundle [776.2669579162606, 290.1257863964851, 278.2178645378033, 254.8148068664263]
INFORMACIÓN : 6positionsBundle [1335, 530, 1028, 1923]
INFORMACIÓN : 6levelsBundle [3, 2, 2, 2]
INFORMACIÓN : 6positionsOrdered [530, 1335, 1028, 1923]
INFORMACIÓN : 6levelsOrdered [2, 3, 2, 2]
INFORMACIÓN : 6partialityOrdered [2, 3, 2, 2]
INFORMACIÓN : 6arrivalTimes [9.773221365748698, 36.90796506721693, 52.69467021852182, 71.37621191079123]
INFORMACIÓN : coalSat position 1028 level 2
INFORMACIÓN : I [AB]; lost Test.myBail@5eae3c64; POS 1335; sensors [IR, MW]; level 3 I paid 776.2669579162606in favour of13@(myturtles,myturtles,bug)@MK-18512 paid 784.7572054097909
INFORMACIÓN : 7historia0[0.0, 794.6538448454423, 0.0, 788.1463930239528, 0.0, 0.0, 0.0, 0.0, 0.0, 0.0, 0.0, 0.0, 0.0, 0.0, 0.0, 785.657768397033, 0.0, 0.0, 288.5761065191271, 0.0, 0.0, 0.0, 257.95133040320604, 0.0, 0.0, 0.0, 0.0, 0.0, 0.0, 0.0, 800.9676541590972, 0.0, 0.0, 0.0, 780.2632404103151, 0.0, 0.0, 0.0, 803.0380311791647, 0.0, 0.0, 0.0, 0.0, 246.6251106105683, 0.0, 0.0, 0.0, 0.0, 0.0, 0.0, 0.0, 793.4960269493413, 0.0, 0.0, 0.0, 271.1412324511921, 0.0, 0.0, 0.0, 0.0, 0.0, 0.0, 0.0, 0.0, 0.0, 0.0, 0.0, 254.229814503954, 0.0, 0.0, 0.0, 790.7016389695024, 284.64035780748725, 0.0, 0.0, 0.0, 0.0, 0.0, 0.0, 0.0, 0.0, 0.0, 264.9445616576612, 0.0, 0.0, 0.0, 0.0, 276.64495214612475, 0.0, 0.0, 0.0, 0.0, 0.0, 803.19463052046, 0.0, 0.0, 0.0, 0.0, 0.0, 0.0, 0.0, 0.0, 0.0, 0.0, 0.0, 0.0, 0.0, 0.0, 0.0, 0.0, 0.0, 0.0, 0.0, 0.0, 0.0, 0.0, 805.3712752817618, 0.0, 0.0, 0.0, 0.0, 0.0, 0.0, 0.0, 0.0, 0.0, 0.0, 0.0, 0.0, 0.0, 0.0, 0.0, 0.0, 0.0, 784.7572054097909, 0.0, 0.0, 0.0, 0.0, 0.0, 0.0, 0.0, 0.0, 0.0, 0.0, 794.8099638217828, 0.0, 0.0, 0.0, 0.0, 0.0, 279.7153564876395, 0.0, 0.0, 0.0, 0.0, 0.0, 0.0, 0.0, 0.0, 158.16937630173095, 0.0, 0.0, 0.0, 0.0, 0.0, 0.0, 0.0, 0.0, 0.0]
INFORMACIÓN : 7apuestaBundle [290.1257863964851, 278.69107567379166, 271.62996084964846, 234.713253455229]
INFORMACIÓN : 7positionsBundle [530, 1028, 1273, 2493]
INFORMACIÓN : 7levelsBundle [2, 2, 2, 2]
INFORMACIÓN : 7positionsOrdered [530, 1028, 1273, 2493]
INFORMACIÓN : 7levelsOrdered [2, 2, 2, 2]
INFORMACIÓN : 7partialityOrdered [2, 2, 2, 2]
INFORMACIÓN : 7arrivalTimes [9.773221365748698, 21.69259367270302, 82.06511694408505, 113.30611564771166]
INFORMACIÓN : timeSat position 1028 level 2
INFORMACIÓN : I [AB]; lost Test.myBail@53b92bc1; POS 1028; sensors [IR]; level 2 I paid 278.69107567379166in favour ofnull paid 278.69107567379166
INFORMACIÓN : 8historia0[0.0, 794.6538448454423, 0.0, 788.1463930239528, 0.0, 0.0, 0.0, 0.0, 0.0, 0.0, 0.0, 0.0, 0.0, 0.0, 0.0, 785.657768397033, 0.0, 0.0, 288.5761065191271, 0.0, 0.0, 0.0, 0.0, 0.0, 0.0, 0.0, 0.0, 0.0, 0.0, 138.09892019777328, 800.9676541590972, 0.0, 0.0, 0.0, 780.2632404103151, 0.0, 0.0, 0.0, 803.0380311791647, 0.0, 0.0, 0.0, 0.0, 248.45834215045426, 157.6396074102097, 0.0, 0.0, 0.0, 0.0, 0.0, 0.0, 793.4960269493413, 771.1041930660277, 0.0, 0.0, 271.1412324511921, 0.0, 0.0, 0.0, 0.0, 0.0, 0.0, 0.0, 0.0, 0.0, 0.0, 0.0, 0.0, 0.0, 786.4125010855488, 0.0, 0.0, 284.64035780748725, 189.89125364186566, 0.0, 0.0, 0.0, 0.0, 0.0, 0.0, 50.25421563292571, 0.0, 275.93145329240866, 0.0, 0.0, 0.0, 0.0, 276.64495214612475, 0.0, 767.2104208371699, 0.0, 0.0, 0.0, 803.19463052046, 0.0, 0.0, 0.0, 0.0, 0.0, 0.0, 0.0, 236.65380392851785, 0.0, 0.0, 0.0, 0.0, 0.0, 0.0, 0.0, 0.0, 0.0, 0.0, 0.0, 0.0, 0.0, 0.0, 805.3712752817618, 0.0, 0.0, 0.0, 0.0, 0.0, 0.0, 0.0, 0.0, 0.0, 0.0, 0.0, 0.0, 0.0, 0.0, 0.0, 290.1257863964851, 0.0, 784.7572054097909, 0.0, 0.0, 0.0, 0.0, 0.0, 0.0, 0.0, 0.0, 0.0, 0.0, 794.8099638217828, 0.0, 0.0, 0.0, 0.0, 0.0, 0.0, 0.0, 0.0, 0.0, 0.0, 0.0, 0.0, 0.0, 0.0, 0.0, 0.0, 0.0, 189.10803913339657, 243.38092939777505, 0.0, 0.0, 0.0, 0.0, 0.0]
INFORMACIÓN : 8apuestaBundle [290.1257863964851, 249.40693384388084, 185.38941145537012, 177.41763278583338]
INFORMACIÓN : 8positionsBundle [530, 2069, 582, 980]
INFORMACIÓN : 8levelsBundle [2, 2, 1, 1]
INFORMACIÓN : 8positionsOrdered [530, 582, 980, 2069]
INFORMACIÓN : 8levelsOrdered [2, 1, 1, 2]
INFORMACIÓN : 8partialityOrdered [2, 1, 1, 2]
INFORMACIÓN : 8arrivalTimes [9.773221365748698, 12.009289343248488, 20.25550059448381, 48.52790388370225]
INFORMACIÓN : I [AB]; lost Test.myBail@7645b86d; POS 2069; sensors [MW]; level 2 I paid 249.40693384388084in favour of10@(myturtles,myturtles,bug)@MK-18512 paid 257.95133040320604
INFORMACIÓN : 9historia0[0.0, 0.0, 0.0, 0.0, 0.0, 0.0, 0.0, 0.0, 0.0, 0.0, 356.56669060115325, 0.0, 0.0, 0.0, 0.0, 0.0, 0.0, 0.0, 0.0, 0.0, 0.0, 0.0, 257.95133040320604, 0.0, 0.0, 0.0, 0.0, 0.0, 0.0, 0.0, 0.0, 0.0, 0.0, 0.0, 0.0, 0.0, 0.0, 0.0, 803.0380311791647, 0.0, 0.0, 0.0, 0.0, 0.0, 0.0, 0.0, 0.0, 0.0, 0.0, 0.0, 0.0, 793.4960269493413, 773.9918367317113, 0.0, 0.0, 271.1412324511921, 0.0, 0.0, 0.0, 0.0, 0.0, 0.0, 0.0, 0.0, 0.0, 0.0, 0.0, 0.0, 0.0, 786.4125010855488, 0.0, 0.0, 284.64035780748725, 165.46452079815776, 794.0226459603748, 0.0, 0.0, 0.0, 0.0, 153.9454708410001, 0.0, 0.0, 254.78415565108537, 0.0, 0.0, 0.0, 0.0, 276.64495214612475, 0.0, 768.812057893491, 0.0, 0.0, 0.0, 0.0, 748.0617446575827, 0.0, 186.13719565570696, 0.0, 0.0, 0.0, 0.0, 0.0, 0.0, 0.0, 0.0, 0.0, 0.0, 0.0, 0.0, 0.0, 0.0, 0.0, 0.0, 0.0, 0.0, 0.0, 805.3712752817618, 0.0, 0.0, 0.0, 0.0, 0.0, 0.0, 0.0, 0.0, 0.0, 789.5144872881588, 0.0, 65.57949539770755, 0.0, 0.0, 0.0, 290.1257863964851, 0.0, 784.7572054097909, 0.0, 0.0, 0.0, 0.0, 0.0, 0.0, 0.0, 0.0, 0.0, 0.0, 0.0, 0.0, 0.0, 0.0, 791.4718620213806, 0.0, 0.0, 0.0, 0.0, 0.0, 0.0, 0.0, 0.0, 0.0, 0.0, 167.86963799622006, 0.0, 0.0, 0.0, 224.95269193401975, 356.56669060115325, 0.0, 0.0, 0.0, 0.0]
INFORMACIÓN : 9apuestaBundle [290.1257863964851, 758.9598810538716, 758.3377886241321, 278.69107567379166]
INFORMACIÓN : 9positionsBundle [530, 2073, 2068, 1028]
INFORMACIÓN : 9levelsBundle [2, 3, 3, 2]
INFORMACIÓN : 9positionsOrdered [530, 2073, 2068, 1028]
INFORMACIÓN : 9levelsOrdered [2, 3, 3, 2]
INFORMACIÓN : 9partialityOrdered [2, 3, 3, 2]
INFORMACIÓN : 9arrivalTimes [9.773221365748698, 41.553718529890105, 46.553718529890105, 71.13625284790498]
INFORMACIÓN : I [AB]; lost Test.myBail@6b48bf72; POS 2073; sensors [IR, MW]; level 3 I paid 758.9598810538716in favour of10@(myturtles,myturtles,bug)@MK-18512 paid 765.7218061888431
INFORMACIÓN : 10historia0[0.0, 766.5350659446922, 0.0, 791.5770171156256, 784.200299206984, 0.0, 780.8886456326705, 0.0, 0.0, 0.0, 0.0, 0.0, 0.0, 0.0, 0.0, 760.6805034336086, 0.0, 0.0, 0.0, 0.0, 0.0, 0.0, 0.0, 0.0, 0.0, 0.0, 0.0, 0.0, 0.0, 0.0, 765.7218061888431, 0.0, 0.0, 0.0, 0.0, 0.0, 0.0, 0.0, 803.0380311791647, 0.0, 0.0, 0.0, 0.0, 0.0, 0.0, 0.0, 0.0, 0.0, 0.0, 0.0, 0.0, 793.4960269493413, 774.0587475587656, 791.2743182374944, 0.0, 271.1412324511921, 0.0, 0.0, 0.0, 0.0, 0.0, 0.0, 0.0, 0.0, 0.0, 0.0, 0.0, 0.0, 0.0, 0.0, 0.0, 0.0, 284.64035780748725, 0.0, 794.0226459603748, 0.0, 0.0, 0.0, 0.0, 153.9454708410001, 0.0, 0.0, 0.0, 0.0, 0.0, 0.0, 0.0, 0.0, 0.0, 0.0, 0.0, 0.0, 0.0, 0.0, 748.0617446575827, 0.0, 0.0, 0.0, 0.0, 0.0, 0.0, 236.65380392851785, 0.0, 0.0, 0.0, 0.0, 0.0, 0.0, 0.0, 760.9425832020544, 0.0, 0.0, 0.0, 0.0, 0.0, 0.0, 805.3712752817618, 0.0, 0.0, 0.0, 0.0, 0.0, 0.0, 0.0, 0.0, 0.0, 789.5144872881588, 0.0, 65.57949539770755, 0.0, 0.0, 0.0, 290.1257863964851, 0.0, 784.7572054097909, 0.0, 0.0, 0.0, 0.0, 0.0, 0.0, 0.0, 0.0, 0.0, 0.0, 0.0, 0.0, 0.0, 0.0, 788.8837489555539, 0.0, 281.47272760688827, 0.0, 0.0, 0.0, 0.0, 0.0, 0.0, 0.0, 0.0, 0.0, 0.0, 0.0, 0.0, 0.0, 0.0, 0.0, 0.0, 0.0, 0.0]
INFORMACIÓN : 10apuestaBundle [290.1257863964851, 337.30942921579754, 337.30942921579754, 269.05139747570513, 163.82329849135567]
INFORMACIÓN : 10positionsBundle [530, 2457, 2457, 1273, 967]
INFORMACIÓN : 10levelsBundle [2, 2, 2, 2, 1]
INFORMACIÓN : 10positionsOrdered [530, 2457, 2457, 1273, 967]
INFORMACIÓN : 10levelsOrdered [2, 2, 2, 2, 1]
INFORMACIÓN : 10partialityOrdered [2, 3, 3, 2, 1]
INFORMACIÓN : 10arrivalTimes [9.773221365748698, 55.05014705643578, 55.05014705643578, 83.89455726014769, 92.37983863438626]
INFORMACIÓN : depSat position 530 level 2
INFORMACIÓN : I [AB]; lost Test.myBail@2be2602b; POS 530; sensors [MW]; level 2 I paid 290.1257863964851in favour ofnull paid 290.1257863964851
INFORMACIÓN : 11historia0[347.25013469500163, 0.0, 0.0, 0.0, 0.0, 0.0, 780.8886456326705, 0.0, 0.0, 0.0, 0.0, 0.0, 0.0, 0.0, 0.0, 0.0, 0.0, 0.0, 261.25526262488, 0.0, 0.0, 0.0, 0.0, 0.0, 0.0, 0.0, 0.0, 0.0, 0.0, 0.0, 0.0, 0.0, 0.0, 0.0, 755.775068964692, 0.0, 0.0, 0.0, 803.0380311791647, 0.0, 0.0, 0.0, 0.0, 0.0, 0.0, 0.0, 0.0, 0.0, 353.37587459195254, 0.0, 0.0, 793.4960269493413, 0.0, 789.8620362637805, 0.0, 269.7074304979616, 0.0, 0.0, 0.0, 0.0, 0.0, 0.0, 61.63231926229298, 0.0, 0.0, 0.0, 0.0, 0.0, 0.0, 786.4125010855488, 0.0, 0.0, 0.0, 189.89125364186566, 794.1041561088216, 259.87699735444176, 0.0, 0.0, 0.0, 0.0, 0.0, 0.0, 0.0, 781.2211863478656, 0.0, 0.0, 0.0, 0.0, 0.0, 768.9129062321488, 0.0, 0.0, 347.25013469500163, 0.0, 0.0, 0.0, 0.0, 0.0, 0.0, 0.0, 0.0, 0.0, 0.0, 0.0, 0.0, 0.0, 0.0, 0.0, 0.0, 0.0, 0.0, 0.0, 0.0, 0.0, 0.0, 0.0, 805.3712752817618, 0.0, 0.0, 353.37587459195254, 0.0, 0.0, 0.0, 0.0, 0.0, 0.0, 789.4036861300057, 0.0, 0.0, 0.0, 0.0, 0.0, 0.0, 0.0, 784.7572054097909, 0.0, 0.0, 0.0, 0.0, 0.0, 0.0, 0.0, 0.0, 0.0, 0.0, 771.529364415834, 0.0, 756.959207556269, 0.0, 788.8837489555539, 0.0, 281.47272760688827, 0.0, 0.0, 0.0, 0.0, 0.0, 0.0, 0.0, 0.0, 0.0, 0.0, 0.0, 0.0, 0.0, 0.0, 0.0, 0.0, 0.0, 0.0]
INFORMACIÓN : 11apuestaBundle [775.5627097006741, 758.3377886241321, 283.83254966436493, 270.4890346175566]
INFORMACIÓN : 11positionsBundle [550, 2068, 530, 1273]
INFORMACIÓN : 11levelsBundle [3, 3, 2, 2]
INFORMACIÓN : 11positionsOrdered [530, 1273, 550, 2068]
INFORMACIÓN : 11levelsOrdered [2, 2, 3, 3]
INFORMACIÓN : 11partialityOrdered [2, 2, 3, 3]
INFORMACIÓN : 11arrivalTimes [9.773221365748698, 26.326166722995545, 77.29098273365335, 112.27669410272514]
