----------------------------------------------------------------------
-- Log session for [myBugCoalitionsCCBBAGuaiDEF-11] started on 2017.07.14.03.10.50 --
----------------------------------------------------------------------

INFORMACIÓN : I started
INFORMACIÓN : 0apuestaBundle [803.19463052046, 787.7337917739347, 770.1657150523353, 766.9490717263967]
INFORMACIÓN : 0positionsBundle [550, 668, 1866, 1870]
INFORMACIÓN : 0levelsBundle [3, 3, 3, 3]
INFORMACIÓN : 0positionsOrdered [550, 668, 1866, 1870]
INFORMACIÓN : 0levelsOrdered [3, 3, 3, 3]
INFORMACIÓN : 0partialityOrdered [3, 3, 3, 3]
INFORMACIÓN : 0arrivalTimes [7.396260231909397, 25.507030508184233, 49.59021966576883, 53.59021966576883]
INFORMACIÓN : coalSat position 1866 level 3
INFORMACIÓN : coalSat position 1870 level 3
INFORMACIÓN : I [IR]; lost Test.myBail@118c7b80; POS 1866; sensors [AB, MW]; level 3 I paid 770.1657150523353in favour ofnull paid 770.1657150523353
INFORMACIÓN : 1historia0[0.0, 794.6538448454423, 0.0, 788.1463930239528, 0.0, 0.0, 0.0, 0.0, 0.0, 0.0, 0.0, 0.0, 0.0, 0.0, 0.0, 785.657768397033, 0.0, 0.0, 0.0, 0.0, 0.0, 0.0, 0.0, 0.0, 0.0, 0.0, 0.0, 0.0, 0.0, 0.0, 800.9676541590972, 0.0, 0.0, 0.0, 0.0, 0.0, 0.0, 0.0, 0.0, 0.0, 0.0, 0.0, 0.0, 0.0, 0.0, 0.0, 0.0, 0.0, 0.0, 0.0, 0.0, 787.7337917739347, 0.0, 0.0, 0.0, 0.0, 0.0, 0.0, 0.0, 0.0, 0.0, 0.0, 0.0, 0.0, 0.0, 0.0, 0.0, 0.0, 0.0, 0.0, 0.0, 0.0, 0.0, 0.0, 794.1644403775335, 0.0, 0.0, 0.0, 0.0, 0.0, 0.0, 0.0, 0.0, 0.0, 0.0, 0.0, 0.0, 0.0, 0.0, 0.0, 0.0, 0.0, 0.0, 803.19463052046, 0.0, 0.0, 0.0, 0.0, 0.0, 0.0, 0.0, 0.0, 0.0, 0.0, 0.0, 0.0, 0.0, 0.0, 0.0, 785.9837371365307, 0.0, 0.0, 0.0, 0.0, 0.0, 0.0, 0.0, 0.0, 0.0, 0.0, 0.0, 0.0, 0.0, 0.0, 0.0, 0.0, 789.5722668520341, 0.0, 0.0, 0.0, 0.0, 0.0, 0.0, 0.0, 0.0, 0.0, 0.0, 0.0, 0.0, 0.0, 0.0, 0.0, 0.0, 0.0, 0.0, 792.1717721613059, 0.0, 0.0, 0.0, 0.0, 0.0, 0.0, 0.0, 0.0, 0.0, 0.0, 0.0, 0.0, 0.0, 0.0, 0.0, 0.0, 0.0, 0.0, 0.0, 0.0, 0.0, 0.0, 0.0, 0.0]
INFORMACIÓN : 1apuestaBundle [803.19463052046, 787.7337917739347, 759.484790084049, 758.6919040847464]
INFORMACIÓN : 1positionsBundle [550, 668, 1335, 2457]
INFORMACIÓN : 1levelsBundle [3, 3, 3, 3]
INFORMACIÓN : 1positionsOrdered [550, 668, 1335, 2457]
INFORMACIÓN : 1levelsOrdered [3, 3, 3, 3]
INFORMACIÓN : 1partialityOrdered [3, 3, 3, 3]
INFORMACIÓN : 1arrivalTimes [7.396260231909397, 25.507030508184233, 46.90796506721693, 83.1433069312038]
INFORMACIÓN : coalSat position 668 level 3
INFORMACIÓN : coalSat position 1335 level 3
INFORMACIÓN : timeSat position 1335 level 3
INFORMACIÓN : coalSat position 2457 level 3
INFORMACIÓN : I [IR]; lost Test.myBail@7995eddb; POS 668; sensors [AB, MW]; level 3 I paid 787.7337917739347in favour ofnull paid 787.7337917739347
INFORMACIÓN : 2historia0[0.0, 794.6538448454423, 0.0, 0.0, 0.0, 0.0, 0.0, 0.0, 0.0, 0.0, 0.0, 0.0, 0.0, 0.0, 0.0, 786.4525499021796, 0.0, 0.0, 0.0, 0.0, 0.0, 0.0, 0.0, 0.0, 0.0, 0.0, 0.0, 0.0, 0.0, 0.0, 800.9676541590972, 0.0, 0.0, 0.0, 780.2632404103151, 0.0, 0.0, 0.0, 0.0, 0.0, 0.0, 0.0, 0.0, 0.0, 0.0, 0.0, 0.0, 0.0, 0.0, 0.0, 0.0, 0.0, 0.0, 0.0, 0.0, 0.0, 0.0, 0.0, 0.0, 0.0, 0.0, 0.0, 0.0, 772.8837725744278, 0.0, 0.0, 0.0, 0.0, 0.0, 0.0, 0.0, 0.0, 0.0, 0.0, 794.1644403775335, 0.0, 0.0, 0.0, 0.0, 0.0, 0.0, 0.0, 0.0, 0.0, 0.0, 0.0, 0.0, 0.0, 0.0, 0.0, 0.0, 0.0, 0.0, 803.19463052046, 0.0, 0.0, 0.0, 0.0, 0.0, 0.0, 0.0, 0.0, 0.0, 0.0, 0.0, 0.0, 0.0, 0.0, 0.0, 0.0, 0.0, 0.0, 0.0, 0.0, 0.0, 0.0, 805.2082299076794, 0.0, 0.0, 0.0, 0.0, 0.0, 0.0, 0.0, 0.0, 0.0, 789.5722668520341, 0.0, 0.0, 0.0, 0.0, 0.0, 0.0, 0.0, 0.0, 0.0, 0.0, 0.0, 0.0, 0.0, 0.0, 0.0, 0.0, 0.0, 0.0, 791.957620409327, 0.0, 0.0, 0.0, 0.0, 0.0, 0.0, 0.0, 0.0, 0.0, 0.0, 0.0, 0.0, 0.0, 0.0, 0.0, 0.0, 0.0, 0.0, 0.0, 0.0, 0.0, 0.0, 0.0, 0.0]
INFORMACIÓN : 2apuestaBundle [803.19463052046, 263.22940734719657, 254.96809406970976, 252.92001415017148]
INFORMACIÓN : 2positionsBundle [550, 1028, 1923, 134]
INFORMACIÓN : 2levelsBundle [3, 2, 2, 2]
INFORMACIÓN : 2positionsOrdered [550, 1028, 1923, 134]
INFORMACIÓN : 2levelsOrdered [3, 2, 2, 2]
INFORMACIÓN : 2partialityOrdered [3, 2, 2, 2]
INFORMACIÓN : 2arrivalTimes [7.396260231909397, 36.80714257161488, 55.48868426388429, 93.13174471332171]
INFORMACIÓN : 3historia0[0.0, 794.6538448454423, 0.0, 0.0, 0.0, 0.0, 0.0, 0.0, 0.0, 0.0, 0.0, 0.0, 0.0, 0.0, 0.0, 786.4525499021796, 0.0, 0.0, 0.0, 0.0, 0.0, 0.0, 0.0, 0.0, 0.0, 0.0, 0.0, 0.0, 0.0, 0.0, 800.9676541590972, 0.0, 0.0, 0.0, 0.0, 0.0, 0.0, 0.0, 802.8749996472094, 0.0, 0.0, 0.0, 0.0, 0.0, 0.0, 0.0, 0.0, 0.0, 363.7263559329897, 0.0, 0.0, 0.0, 0.0, 0.0, 0.0, 263.22940734719657, 0.0, 0.0, 0.0, 0.0, 0.0, 0.0, 0.0, 772.8837725744278, 0.0, 0.0, 0.0, 0.0, 0.0, 786.4125010855488, 0.0, 0.0, 0.0, 0.0, 794.1644403775335, 0.0, 0.0, 0.0, 0.0, 0.0, 0.0, 0.0, 275.93145329240866, 0.0, 0.0, 0.0, 0.0, 252.92001415017148, 0.0, 0.0, 0.0, 0.0, 0.0, 803.19463052046, 0.0, 0.0, 0.0, 0.0, 0.0, 0.0, 0.0, 0.0, 0.0, 0.0, 0.0, 0.0, 0.0, 0.0, 0.0, 0.0, 0.0, 0.0, 0.0, 0.0, 0.0, 0.0, 0.0, 0.0, 0.0, 363.7263559329897, 0.0, 0.0, 0.0, 0.0, 0.0, 0.0, 0.0, 0.0, 0.0, 0.0, 0.0, 0.0, 0.0, 0.0, 784.7572054097909, 0.0, 0.0, 0.0, 0.0, 0.0, 0.0, 0.0, 0.0, 0.0, 0.0, 791.957620409327, 0.0, 0.0, 0.0, 0.0, 0.0, 254.96809406970976, 0.0, 0.0, 0.0, 0.0, 0.0, 0.0, 0.0, 0.0, 0.0, 0.0, 0.0, 0.0, 247.55384495445293, 0.0, 0.0, 0.0, 0.0, 0.0]
INFORMACIÓN : 3apuestaBundle [803.19463052046, 263.22940734719657, 254.96809406970976, 252.92001415017148]
INFORMACIÓN : 3positionsBundle [550, 1028, 1923, 134]
INFORMACIÓN : 3levelsBundle [3, 2, 2, 2]
INFORMACIÓN : 3positionsOrdered [550, 1028, 1923, 134]
INFORMACIÓN : 3levelsOrdered [3, 2, 2, 2]
INFORMACIÓN : 3partialityOrdered [3, 2, 2, 2]
INFORMACIÓN : 3arrivalTimes [7.396260231909397, 36.80714257161488, 55.48868426388429, 93.13174471332171]
INFORMACIÓN : depSat position 550 level 3
INFORMACIÓN : I [IR]; lost Test.myBail@2338cfa1; POS 550; sensors [AB, MW]; level 3 I paid 803.19463052046in favour ofnull paid 803.19463052046
INFORMACIÓN : 4historia0[0.0, 794.6538448454423, 0.0, 0.0, 0.0, 0.0, 0.0, 0.0, 0.0, 0.0, 0.0, 0.0, 0.0, 0.0, 0.0, 786.4525499021796, 0.0, 0.0, 0.0, 0.0, 0.0, 0.0, 0.0, 0.0, 0.0, 377.42686870974285, 0.0, 0.0, 0.0, 0.0, 800.9676541590972, 0.0, 0.0, 0.0, 780.2632404103151, 0.0, 0.0, 0.0, 0.0, 0.0, 0.0, 0.0, 0.0, 0.0, 0.0, 0.0, 0.0, 0.0, 0.0, 0.0, 0.0, 793.4960269493413, 0.0, 0.0, 377.42686870974285, 0.0, 0.0, 0.0, 0.0, 0.0, 0.0, 0.0, 0.0, 0.0, 0.0, 0.0, 0.0, 0.0, 0.0, 786.4125010855488, 0.0, 0.0, 274.9147520391962, 0.0, 0.0, 0.0, 0.0, 0.0, 0.0, 0.0, 0.0, 0.0, 275.93145329240866, 0.0, 0.0, 0.0, 0.0, 0.0, 0.0, 0.0, 0.0, 0.0, 0.0, 0.0, 0.0, 0.0, 0.0, 780.1309906054908, 0.0, 0.0, 0.0, 0.0, 0.0, 0.0, 0.0, 0.0, 0.0, 0.0, 0.0, 0.0, 0.0, 0.0, 0.0, 0.0, 0.0, 0.0, 0.0, 0.0, 0.0, 0.0, 0.0, 0.0, 0.0, 0.0, 0.0, 0.0, 0.0, 0.0, 0.0, 0.0, 0.0, 0.0, 0.0, 0.0, 0.0, 0.0, 0.0, 0.0, 0.0, 0.0, 0.0, 0.0, 0.0, 0.0, 0.0, 791.957620409327, 0.0, 0.0, 0.0, 0.0, 0.0, 0.0, 0.0, 0.0, 0.0, 0.0, 0.0, 0.0, 0.0, 0.0, 0.0, 0.0, 0.0, 0.0, 247.55384495445293, 0.0, 0.0, 0.0, 0.0, 0.0]
INFORMACIÓN : 4apuestaBundle [803.19463052046, 759.484790084049, 263.22940734719657, 255.37353907144313]
INFORMACIÓN : 4positionsBundle [550, 1335, 1028, 134]
INFORMACIÓN : 4levelsBundle [3, 3, 2, 2]
INFORMACIÓN : 4positionsOrdered [550, 1335, 1028, 134]
INFORMACIÓN : 4levelsOrdered [3, 3, 2, 2]
INFORMACIÓN : 4partialityOrdered [3, 3, 2, 2]
INFORMACIÓN : 4arrivalTimes [7.396260231909397, 45.47512576122894, 54.69467021852182, 73.6683361795321]
INFORMACIÓN : 5historia0[0.0, 794.6538448454423, 0.0, 0.0, 0.0, 0.0, 0.0, 0.0, 0.0, 0.0, 0.0, 0.0, 0.0, 0.0, 0.0, 0.0, 0.0, 0.0, 0.0, 0.0, 0.0, 0.0, 0.0, 260.9955832603198, 0.0, 0.0, 0.0, 0.0, 0.0, 0.0, 800.9676541590972, 0.0, 0.0, 0.0, 0.0, 0.0, 0.0, 0.0, 803.0380311791647, 0.0, 0.0, 0.0, 0.0, 0.0, 0.0, 0.0, 0.0, 0.0, 0.0, 0.0, 0.0, 793.4960269493413, 0.0, 0.0, 0.0, 263.22940734719657, 0.0, 0.0, 0.0, 360.5418049168411, 0.0, 0.0, 0.0, 0.0, 0.0, 0.0, 0.0, 0.0, 0.0, 0.0, 0.0, 759.484790084049, 0.0, 0.0, 794.0226459603748, 0.0, 0.0, 0.0, 0.0, 0.0, 0.0, 0.0, 0.0, 0.0, 0.0, 0.0, 0.0, 255.37353907144313, 0.0, 0.0, 0.0, 0.0, 0.0, 803.19463052046, 0.0, 0.0, 0.0, 0.0, 0.0, 0.0, 0.0, 0.0, 0.0, 0.0, 0.0, 0.0, 0.0, 0.0, 0.0, 0.0, 0.0, 0.0, 0.0, 0.0, 0.0, 0.0, 0.0, 0.0, 0.0, 0.0, 0.0, 0.0, 0.0, 360.5418049168411, 0.0, 0.0, 789.5144872881588, 0.0, 0.0, 365.8951449011488, 0.0, 0.0, 0.0, 0.0, 0.0, 0.0, 0.0, 0.0, 0.0, 0.0, 0.0, 0.0, 0.0, 0.0, 0.0, 791.957620409327, 0.0, 0.0, 0.0, 0.0, 0.0, 0.0, 0.0, 0.0, 0.0, 0.0, 0.0, 0.0, 0.0, 0.0, 0.0, 0.0, 0.0, 0.0, 0.0, 0.0, 0.0, 0.0, 0.0, 0.0]
INFORMACIÓN : 5apuestaBundle [803.19463052046, 759.484790084049, 263.22940734719657, 255.37353907144313]
INFORMACIÓN : 5positionsBundle [550, 1335, 1028, 134]
INFORMACIÓN : 5levelsBundle [3, 3, 2, 2]
INFORMACIÓN : 5positionsOrdered [550, 1335, 1028, 134]
INFORMACIÓN : 5levelsOrdered [3, 3, 2, 2]
INFORMACIÓN : 5partialityOrdered [3, 3, 2, 2]
INFORMACIÓN : 5arrivalTimes [7.396260231909397, 45.47512576122894, 54.69467021852182, 73.6683361795321]
INFORMACIÓN : I [IR]; lost Test.myBail@39c732a8; POS 1335; sensors [AB, MW]; level 3 I paid 759.484790084049in favour of8@(myturtles,myturtles,bug)@MK-18512 paid 790.7016389695024
INFORMACIÓN : 6historia0[0.0, 794.6538448454423, 0.0, 788.1463930239528, 0.0, 0.0, 0.0, 0.0, 0.0, 0.0, 0.0, 0.0, 0.0, 0.0, 0.0, 785.657768397033, 0.0, 0.0, 0.0, 0.0, 0.0, 0.0, 0.0, 0.0, 0.0, 0.0, 0.0, 0.0, 0.0, 0.0, 800.9676541590972, 0.0, 0.0, 0.0, 780.2632404103151, 0.0, 0.0, 0.0, 803.0380311791647, 0.0, 0.0, 0.0, 0.0, 0.0, 0.0, 0.0, 0.0, 0.0, 0.0, 0.0, 0.0, 793.4960269493413, 0.0, 0.0, 0.0, 0.0, 0.0, 0.0, 0.0, 0.0, 0.0, 0.0, 0.0, 0.0, 0.0, 0.0, 0.0, 0.0, 0.0, 0.0, 0.0, 790.7016389695024, 277.6984739450288, 0.0, 794.0226459603748, 0.0, 0.0, 0.0, 0.0, 0.0, 0.0, 0.0, 0.0, 0.0, 0.0, 0.0, 0.0, 0.0, 0.0, 0.0, 0.0, 0.0, 0.0, 803.19463052046, 0.0, 0.0, 0.0, 0.0, 0.0, 0.0, 0.0, 0.0, 0.0, 0.0, 0.0, 0.0, 0.0, 0.0, 0.0, 0.0, 0.0, 0.0, 0.0, 0.0, 0.0, 0.0, 805.3712752817618, 0.0, 0.0, 0.0, 0.0, 0.0, 0.0, 0.0, 0.0, 0.0, 789.5144872881588, 0.0, 0.0, 0.0, 0.0, 0.0, 0.0, 0.0, 0.0, 0.0, 0.0, 0.0, 0.0, 0.0, 0.0, 0.0, 0.0, 0.0, 0.0, 794.8099638217828, 0.0, 0.0, 0.0, 0.0, 0.0, 0.0, 0.0, 0.0, 0.0, 0.0, 0.0, 0.0, 0.0, 0.0, 0.0, 0.0, 0.0, 0.0, 0.0, 0.0, 0.0, 0.0, 0.0, 0.0]
INFORMACIÓN : 6apuestaBundle [803.19463052046, 254.96809406970976, 240.6048518615986, 158.16937630173095]
INFORMACIÓN : 6positionsBundle [550, 1923, 596, 1771]
INFORMACIÓN : 6levelsBundle [3, 2, 2, 1]
INFORMACIÓN : 6positionsOrdered [550, 1923, 596, 1771]
INFORMACIÓN : 6levelsOrdered [3, 2, 2, 1]
INFORMACIÓN : 6partialityOrdered [3, 2, 2, 1]
INFORMACIÓN : 6arrivalTimes [7.396260231909397, 42.86455593384579, 78.33285163578219, 112.9882985381091]
INFORMACIÓN : coalSat position 1923 level 2
INFORMACIÓN : I [IR]; lost Test.myBail@637e809a; POS 1923; sensors [AB]; level 2 I paid 254.96809406970976in favour ofnull paid 254.96809406970976
INFORMACIÓN : 7historia0[0.0, 794.6538448454423, 0.0, 788.1463930239528, 0.0, 0.0, 0.0, 0.0, 0.0, 0.0, 0.0, 0.0, 0.0, 0.0, 0.0, 785.657768397033, 0.0, 0.0, 288.5761065191271, 0.0, 0.0, 0.0, 0.0, 0.0, 0.0, 0.0, 0.0, 0.0, 0.0, 0.0, 800.9676541590972, 0.0, 0.0, 0.0, 780.2632404103151, 0.0, 0.0, 0.0, 803.0380311791647, 0.0, 0.0, 0.0, 0.0, 0.0, 0.0, 0.0, 0.0, 0.0, 0.0, 0.0, 0.0, 793.4960269493413, 0.0, 0.0, 0.0, 0.0, 0.0, 0.0, 0.0, 0.0, 0.0, 0.0, 0.0, 0.0, 0.0, 0.0, 0.0, 0.0, 0.0, 0.0, 0.0, 0.0, 284.64035780748725, 0.0, 0.0, 0.0, 0.0, 0.0, 0.0, 0.0, 0.0, 0.0, 0.0, 0.0, 0.0, 0.0, 0.0, 276.64495214612475, 0.0, 0.0, 0.0, 0.0, 0.0, 803.19463052046, 0.0, 0.0, 0.0, 0.0, 0.0, 0.0, 0.0, 0.0, 0.0, 0.0, 0.0, 0.0, 0.0, 0.0, 0.0, 0.0, 0.0, 0.0, 0.0, 0.0, 0.0, 0.0, 805.3712752817618, 0.0, 0.0, 0.0, 0.0, 0.0, 0.0, 0.0, 0.0, 0.0, 0.0, 0.0, 0.0, 0.0, 0.0, 0.0, 283.2240506220495, 0.0, 784.7572054097909, 0.0, 0.0, 0.0, 0.0, 0.0, 0.0, 0.0, 0.0, 0.0, 0.0, 794.8099638217828, 0.0, 0.0, 0.0, 0.0, 0.0, 0.0, 0.0, 0.0, 0.0, 0.0, 0.0, 0.0, 0.0, 0.0, 0.0, 0.0, 0.0, 0.0, 0.0, 0.0, 0.0, 0.0, 0.0, 0.0]
INFORMACIÓN : 7apuestaBundle [803.19463052046, 157.6396074102097, 138.09892019777328, 50.25421563292571]
INFORMACIÓN : 7positionsBundle [550, 381, 2150, 1028]
INFORMACIÓN : 7levelsBundle [3, 3, 1, 1]
INFORMACIÓN : 7positionsOrdered [550, 381, 2150, 1028]
INFORMACIÓN : 7levelsOrdered [3, 3, 1, 1]
INFORMACIÓN : 7partialityOrdered [3, 3, 1, 2]
INFORMACIÓN : 7arrivalTimes [7.396260231909397, 38.65325944808497, 86.16115352896378, 122.39649539295065]
INFORMACIÓN : depSat position 550 level 3
INFORMACIÓN : mutexSat position 1028 level 1
INFORMACIÓN : I [IR]; lost Test.myBail@2338cfa1; POS 550; sensors [AB, MW]; level 3 I paid 803.19463052046in favour ofnull paid 803.19463052046
INFORMACIÓN : 8historia0[0.0, 794.6538448454423, 0.0, 788.1463930239528, 0.0, 0.0, 0.0, 0.0, 0.0, 0.0, 0.0, 0.0, 0.0, 0.0, 0.0, 785.657768397033, 0.0, 0.0, 288.5761065191271, 0.0, 0.0, 0.0, 0.0, 0.0, 0.0, 0.0, 0.0, 0.0, 0.0, 0.0, 800.9676541590972, 0.0, 0.0, 0.0, 780.2632404103151, 0.0, 0.0, 0.0, 803.0380311791647, 0.0, 0.0, 0.0, 0.0, 248.45834215045426, 0.0, 0.0, 0.0, 0.0, 0.0, 0.0, 0.0, 793.4960269493413, 771.1041930660277, 0.0, 0.0, 271.1412324511921, 0.0, 0.0, 0.0, 0.0, 0.0, 0.0, 0.0, 0.0, 0.0, 0.0, 0.0, 0.0, 0.0, 786.4125010855488, 0.0, 0.0, 284.64035780748725, 0.0, 0.0, 0.0, 0.0, 0.0, 0.0, 0.0, 0.0, 0.0, 275.93145329240866, 0.0, 0.0, 0.0, 0.0, 276.64495214612475, 0.0, 767.2104208371699, 0.0, 0.0, 0.0, 0.0, 0.0, 0.0, 0.0, 0.0, 0.0, 0.0, 0.0, 0.0, 0.0, 0.0, 0.0, 0.0, 0.0, 0.0, 0.0, 0.0, 0.0, 0.0, 0.0, 0.0, 0.0, 0.0, 805.3712752817618, 0.0, 0.0, 0.0, 0.0, 0.0, 0.0, 0.0, 0.0, 0.0, 0.0, 0.0, 0.0, 0.0, 0.0, 0.0, 290.1257863964851, 0.0, 784.7572054097909, 0.0, 0.0, 0.0, 0.0, 0.0, 0.0, 0.0, 0.0, 0.0, 0.0, 794.8099638217828, 0.0, 0.0, 0.0, 0.0, 0.0, 0.0, 0.0, 0.0, 0.0, 0.0, 0.0, 0.0, 0.0, 0.0, 0.0, 0.0, 0.0, 0.0, 0.0, 0.0, 0.0, 0.0, 0.0, 0.0]
INFORMACIÓN : 8apuestaBundle [773.9918367317113, 768.812057893491, 356.56669060115325, 356.56669060115325, 167.86963799622006]
INFORMACIÓN : 8positionsBundle [2259, 2457, 550, 550, 1771]
INFORMACIÓN : 8levelsBundle [3, 3, 2, 2, 1]
INFORMACIÓN : 8positionsOrdered [2259, 2457, 550, 550, 1771]
INFORMACIÓN : 8levelsOrdered [3, 3, 2, 2, 1]
INFORMACIÓN : 8partialityOrdered [3, 3, 3, 3, 1]
INFORMACIÓN : 8arrivalTimes [29.633562826846713, 34.10569878184629, 72.7450569545696, 72.7450569545696, 104.63549439277355]
INFORMACIÓN : mutexSat position 550 level 2
INFORMACIÓN : mutexSat position 550 level 2
INFORMACIÓN : I [IR]; lost Test.myBail@641eb951; POS 2259; sensors [AB, MW]; level 3 I paid 773.9918367317113in favour of8@(myturtles,myturtles,bug)@MK-18512 paid 771.1041930660277
INFORMACIÓN : 9historia0[0.0, 0.0, 0.0, 0.0, 0.0, 0.0, 0.0, 0.0, 0.0, 0.0, 0.0, 0.0, 0.0, 0.0, 0.0, 0.0, 0.0, 0.0, 0.0, 0.0, 0.0, 0.0, 0.0, 0.0, 0.0, 0.0, 0.0, 0.0, 0.0, 0.0, 0.0, 0.0, 0.0, 0.0, 0.0, 0.0, 0.0, 0.0, 803.0380311791647, 0.0, 0.0, 0.0, 0.0, 0.0, 0.0, 0.0, 0.0, 0.0, 0.0, 0.0, 0.0, 793.4960269493413, 771.1041930660277, 0.0, 0.0, 0.0, 0.0, 0.0, 0.0, 0.0, 0.0, 0.0, 0.0, 0.0, 0.0, 0.0, 0.0, 0.0, 0.0, 0.0, 0.0, 0.0, 284.64035780748725, 165.46452079815776, 794.0226459603748, 0.0, 0.0, 0.0, 0.0, 153.9454708410001, 0.0, 0.0, 254.78415565108537, 0.0, 0.0, 0.0, 0.0, 276.64495214612475, 0.0, 767.2104208371699, 0.0, 0.0, 0.0, 0.0, 748.0617446575827, 0.0, 0.0, 0.0, 0.0, 0.0, 0.0, 0.0, 0.0, 0.0, 0.0, 0.0, 0.0, 0.0, 0.0, 0.0, 0.0, 0.0, 0.0, 0.0, 0.0, 0.0, 805.3712752817618, 0.0, 0.0, 0.0, 0.0, 0.0, 0.0, 0.0, 0.0, 0.0, 789.5144872881588, 0.0, 65.57949539770755, 0.0, 0.0, 0.0, 290.1257863964851, 0.0, 784.7572054097909, 0.0, 0.0, 0.0, 0.0, 0.0, 0.0, 0.0, 0.0, 0.0, 0.0, 0.0, 0.0, 0.0, 0.0, 791.4718620213806, 0.0, 0.0, 0.0, 0.0, 0.0, 0.0, 0.0, 0.0, 0.0, 0.0, 0.0, 0.0, 0.0, 0.0, 224.95269193401975, 0.0, 0.0, 0.0, 0.0, 0.0]
INFORMACIÓN : 9apuestaBundle [780.8886456326705, 774.5953976832776, 774.0587475587656, 770.4300280923044]
INFORMACIÓN : 9positionsBundle [1866, 2068, 2259, 2073]
INFORMACIÓN : 9levelsBundle [3, 3, 3, 3]
INFORMACIÓN : 9positionsOrdered [1866, 2068, 2259, 2073]
INFORMACIÓN : 9levelsOrdered [3, 3, 3, 3]
INFORMACIÓN : 9partialityOrdered [3, 3, 3, 3]
INFORMACIÓN : 9arrivalTimes [23.1619746633632, 27.63411061836278, 37.48296842015888, 52.04318819871992]
INFORMACIÓN : coalSat position 2068 level 3
INFORMACIÓN : coalSat position 2259 level 3
INFORMACIÓN : I [IR]; lost Test.myBail@2d0bb602; POS 2068; sensors [AB, MW]; level 3 I paid 774.5953976832776in favour ofnull paid 774.5953976832776
INFORMACIÓN : 10historia0[0.0, 0.0, 0.0, 791.5770171156256, 0.0, 0.0, 780.8886456326705, 0.0, 0.0, 0.0, 0.0, 0.0, 0.0, 0.0, 0.0, 760.6805034336086, 0.0, 0.0, 0.0, 0.0, 0.0, 0.0, 0.0, 0.0, 0.0, 0.0, 0.0, 0.0, 0.0, 0.0, 0.0, 0.0, 0.0, 0.0, 0.0, 0.0, 0.0, 0.0, 803.0380311791647, 0.0, 0.0, 0.0, 0.0, 0.0, 0.0, 0.0, 0.0, 0.0, 0.0, 0.0, 0.0, 793.4960269493413, 0.0, 0.0, 0.0, 0.0, 0.0, 0.0, 0.0, 0.0, 0.0, 0.0, 0.0, 0.0, 0.0, 0.0, 0.0, 0.0, 0.0, 0.0, 0.0, 0.0, 0.0, 0.0, 794.0226459603748, 0.0, 0.0, 0.0, 0.0, 0.0, 0.0, 0.0, 0.0, 0.0, 0.0, 0.0, 0.0, 0.0, 0.0, 0.0, 0.0, 0.0, 0.0, 0.0, 748.0617446575827, 0.0, 0.0, 0.0, 0.0, 0.0, 0.0, 0.0, 0.0, 0.0, 0.0, 0.0, 0.0, 0.0, 0.0, 760.9425832020544, 0.0, 0.0, 0.0, 0.0, 0.0, 0.0, 805.3712752817618, 0.0, 0.0, 0.0, 0.0, 0.0, 0.0, 0.0, 0.0, 0.0, 789.5144872881588, 0.0, 0.0, 0.0, 0.0, 0.0, 290.1257863964851, 0.0, 784.7572054097909, 0.0, 0.0, 0.0, 0.0, 0.0, 0.0, 0.0, 0.0, 0.0, 0.0, 0.0, 0.0, 0.0, 0.0, 788.8837489555539, 0.0, 0.0, 0.0, 0.0, 0.0, 0.0, 0.0, 0.0, 0.0, 0.0, 0.0, 0.0, 0.0, 0.0, 0.0, 0.0, 0.0, 0.0, 0.0, 0.0]
INFORMACIÓN : 10apuestaBundle [780.8886456326705, 770.4300280923044, 768.9129062321488, 269.7074304979616]
INFORMACIÓN : 10positionsBundle [1866, 2073, 2457, 1028]
INFORMACIÓN : 10levelsBundle [3, 3, 3, 2]
INFORMACIÓN : 10positionsOrdered [1866, 2073, 2457, 1028]
INFORMACIÓN : 10levelsOrdered [3, 3, 3, 2]
INFORMACIÓN : 10partialityOrdered [3, 3, 3, 2]
INFORMACIÓN : 10arrivalTimes [23.1619746633632, 31.22423241166175, 49.112776231660064, 84.91780381159637]
INFORMACIÓN : coalSat position 1866 level 3
INFORMACIÓN : coalSat position 2073 level 3
INFORMACIÓN : coalSat position 2457 level 3
INFORMACIÓN : timeSat position 2457 level 3
INFORMACIÓN : I [IR]; lost Test.myBail@118c7b80; POS 1866; sensors [AB, MW]; level 3 I paid 780.8886456326705in favour ofnull paid 780.8886456326705
INFORMACIÓN : 11historia0[0.0, 0.0, 0.0, 0.0, 0.0, 0.0, 0.0, 0.0, 0.0, 0.0, 0.0, 0.0, 0.0, 0.0, 0.0, 0.0, 0.0, 0.0, 0.0, 0.0, 0.0, 0.0, 0.0, 0.0, 0.0, 0.0, 0.0, 0.0, 0.0, 0.0, 0.0, 0.0, 0.0, 0.0, 755.775068964692, 0.0, 0.0, 0.0, 803.0380311791647, 0.0, 0.0, 0.0, 0.0, 0.0, 0.0, 0.0, 0.0, 0.0, 0.0, 0.0, 0.0, 793.4960269493413, 0.0, 0.0, 0.0, 0.0, 0.0, 0.0, 0.0, 0.0, 0.0, 0.0, 0.0, 0.0, 0.0, 0.0, 0.0, 0.0, 0.0, 0.0, 0.0, 0.0, 0.0, 0.0, 794.1041561088216, 0.0, 0.0, 0.0, 0.0, 0.0, 0.0, 0.0, 0.0, 781.2211863478656, 0.0, 0.0, 0.0, 0.0, 0.0, 0.0, 0.0, 0.0, 0.0, 0.0, 0.0, 0.0, 0.0, 0.0, 0.0, 0.0, 0.0, 0.0, 0.0, 0.0, 0.0, 0.0, 0.0, 0.0, 0.0, 0.0, 0.0, 0.0, 0.0, 0.0, 0.0, 0.0, 805.3712752817618, 0.0, 0.0, 0.0, 0.0, 0.0, 0.0, 0.0, 0.0, 0.0, 789.4036861300057, 0.0, 0.0, 0.0, 0.0, 0.0, 0.0, 0.0, 784.7572054097909, 0.0, 0.0, 0.0, 0.0, 0.0, 0.0, 0.0, 0.0, 0.0, 0.0, 771.529364415834, 0.0, 756.959207556269, 0.0, 788.8837489555539, 0.0, 0.0, 0.0, 0.0, 0.0, 0.0, 0.0, 0.0, 0.0, 0.0, 0.0, 0.0, 0.0, 0.0, 0.0, 0.0, 0.0, 0.0, 0.0, 0.0]
