----------------------------------------------------------------------
-- Log session for [myBugCoalitionsCCBBAGuaiDEF-12] started on 2017.07.14.03.10.50 --
----------------------------------------------------------------------

INFORMACIÓN : I started
INFORMACIÓN : 0apuestaBundle [792.1717721613059, 788.1463930239528, 785.9837371365307, 785.657768397033]
INFORMACIÓN : 0positionsBundle [1866, 1870, 2068, 2259]
INFORMACIÓN : 0levelsBundle [3, 3, 3, 3]
INFORMACIÓN : 0positionsOrdered [1866, 1870, 2068, 2259]
INFORMACIÓN : 0levelsOrdered [3, 3, 3, 3]
INFORMACIÓN : 0partialityOrdered [3, 3, 3, 3]
INFORMACIÓN : 0arrivalTimes [15.186960618255586, 19.186960618255586, 23.659096573255166, 33.50795437505127]
INFORMACIÓN : coalSat position 1866 level 3
INFORMACIÓN : timeSat position 1866 level 3
INFORMACIÓN : coalSat position 1870 level 3
INFORMACIÓN : coalSat position 2068 level 3
INFORMACIÓN : I [MW]; lost Test.myBail@311b4dc1; POS 1866; sensors [AB, IR]; level 3 I paid 792.1717721613059in favour ofnull paid 792.1717721613059
INFORMACIÓN : 1historia0[0.0, 794.6538448454423, 0.0, 0.0, 0.0, 0.0, 0.0, 0.0, 0.0, 0.0, 0.0, 0.0, 0.0, 0.0, 0.0, 0.0, 0.0, 0.0, 0.0, 0.0, 0.0, 0.0, 0.0, 0.0, 0.0, 0.0, 0.0, 0.0, 0.0, 0.0, 800.9676541590972, 0.0, 0.0, 0.0, 0.0, 0.0, 0.0, 0.0, 0.0, 0.0, 0.0, 0.0, 0.0, 0.0, 0.0, 0.0, 0.0, 0.0, 0.0, 0.0, 0.0, 787.7337917739347, 0.0, 0.0, 0.0, 0.0, 0.0, 0.0, 0.0, 0.0, 0.0, 0.0, 0.0, 0.0, 0.0, 0.0, 0.0, 0.0, 0.0, 0.0, 0.0, 0.0, 0.0, 0.0, 794.1644403775335, 0.0, 0.0, 0.0, 0.0, 0.0, 0.0, 0.0, 0.0, 0.0, 0.0, 0.0, 0.0, 0.0, 0.0, 0.0, 0.0, 0.0, 0.0, 803.19463052046, 0.0, 0.0, 0.0, 0.0, 0.0, 0.0, 0.0, 0.0, 0.0, 0.0, 0.0, 0.0, 0.0, 0.0, 0.0, 0.0, 0.0, 0.0, 0.0, 0.0, 0.0, 0.0, 0.0, 0.0, 0.0, 0.0, 0.0, 0.0, 0.0, 0.0, 0.0, 0.0, 789.5722668520341, 0.0, 0.0, 0.0, 0.0, 0.0, 0.0, 0.0, 0.0, 0.0, 0.0, 0.0, 0.0, 0.0, 0.0, 0.0, 0.0, 0.0, 0.0, 0.0, 0.0, 0.0, 0.0, 0.0, 0.0, 0.0, 0.0, 0.0, 0.0, 0.0, 0.0, 0.0, 0.0, 0.0, 0.0, 0.0, 0.0, 0.0, 0.0, 0.0, 0.0, 0.0, 0.0, 0.0]
INFORMACIÓN : 1apuestaBundle [791.957620409327, 785.657768397033, 780.2632404103151, 772.8837725744278]
INFORMACIÓN : 1positionsBundle [1866, 2259, 2457, 1335]
INFORMACIÓN : 1levelsBundle [3, 3, 3, 3]
INFORMACIÓN : 1positionsOrdered [1866, 2259, 2457, 1335]
INFORMACIÓN : 1levelsOrdered [3, 3, 3, 3]
INFORMACIÓN : 1partialityOrdered [3, 3, 3, 3]
INFORMACIÓN : 1arrivalTimes [20.4423431809361, 31.07248899367075, 35.54462494867033, 71.77996681265721]
INFORMACIÓN : I [MW]; lost Test.myBail@efcf1eb; POS 2259; sensors [AB, IR]; level 3 I paid 785.657768397033in favour of6@(myturtles,myturtles,bug)@MK-18512 paid 786.4525499021796
INFORMACIÓN : 2historia0[0.0, 794.6538448454423, 0.0, 0.0, 0.0, 0.0, 0.0, 0.0, 0.0, 0.0, 0.0, 0.0, 0.0, 0.0, 0.0, 786.4525499021796, 0.0, 0.0, 0.0, 0.0, 0.0, 0.0, 0.0, 0.0, 0.0, 0.0, 0.0, 0.0, 0.0, 0.0, 800.9676541590972, 0.0, 0.0, 0.0, 0.0, 0.0, 0.0, 0.0, 0.0, 0.0, 0.0, 0.0, 0.0, 0.0, 0.0, 0.0, 0.0, 0.0, 0.0, 0.0, 0.0, 0.0, 0.0, 0.0, 0.0, 0.0, 0.0, 0.0, 0.0, 0.0, 0.0, 0.0, 0.0, 0.0, 0.0, 0.0, 0.0, 0.0, 0.0, 0.0, 0.0, 0.0, 0.0, 0.0, 794.1644403775335, 0.0, 0.0, 0.0, 0.0, 0.0, 0.0, 0.0, 0.0, 0.0, 0.0, 0.0, 0.0, 0.0, 0.0, 0.0, 0.0, 0.0, 0.0, 803.19463052046, 0.0, 0.0, 0.0, 0.0, 0.0, 0.0, 0.0, 0.0, 0.0, 0.0, 0.0, 0.0, 0.0, 0.0, 0.0, 0.0, 0.0, 0.0, 0.0, 0.0, 0.0, 0.0, 805.2082299076794, 0.0, 0.0, 0.0, 0.0, 0.0, 0.0, 0.0, 0.0, 0.0, 789.5722668520341, 0.0, 0.0, 0.0, 0.0, 0.0, 0.0, 0.0, 0.0, 0.0, 0.0, 0.0, 0.0, 0.0, 0.0, 0.0, 0.0, 0.0, 0.0, 791.957620409327, 0.0, 0.0, 0.0, 0.0, 0.0, 0.0, 0.0, 0.0, 0.0, 0.0, 0.0, 0.0, 0.0, 0.0, 0.0, 0.0, 0.0, 0.0, 0.0, 0.0, 0.0, 0.0, 0.0, 0.0]
INFORMACIÓN : 2apuestaBundle [791.957620409327, 772.8837725744278, 363.7263559329897, 363.7263559329897, 275.93145329240866]
INFORMACIÓN : 2positionsBundle [1866, 1335, 2457, 2457, 2069]
INFORMACIÓN : 2levelsBundle [3, 3, 2, 2, 2]
INFORMACIÓN : 2positionsOrdered [1866, 1335, 2457, 2457, 2069]
INFORMACIÓN : 2levelsOrdered [3, 3, 2, 2, 2]
INFORMACIÓN : 2partialityOrdered [3, 3, 3, 3, 2]
INFORMACIÓN : 2arrivalTimes [20.4423431809361, 42.39684158103625, 78.63218344502312, 78.63218344502312, 93.05438854687907]
INFORMACIÓN : coalSat position 1335 level 3
INFORMACIÓN : I [MW]; lost Test.myBail@1d94d6f2; POS 1335; sensors [AB, IR]; level 3 I paid 772.8837725744278in favour ofnull paid 772.8837725744278
INFORMACIÓN : 3historia0[0.0, 794.6538448454423, 0.0, 0.0, 0.0, 0.0, 0.0, 0.0, 0.0, 0.0, 0.0, 0.0, 0.0, 0.0, 0.0, 786.4525499021796, 0.0, 0.0, 0.0, 0.0, 0.0, 0.0, 0.0, 0.0, 0.0, 0.0, 0.0, 0.0, 0.0, 0.0, 800.9676541590972, 0.0, 0.0, 0.0, 0.0, 0.0, 0.0, 0.0, 802.8749996472094, 0.0, 0.0, 0.0, 0.0, 0.0, 0.0, 0.0, 0.0, 0.0, 0.0, 0.0, 0.0, 0.0, 0.0, 0.0, 0.0, 263.22940734719657, 0.0, 0.0, 0.0, 0.0, 0.0, 0.0, 0.0, 0.0, 0.0, 0.0, 0.0, 0.0, 0.0, 786.4125010855488, 0.0, 0.0, 0.0, 0.0, 794.1644403775335, 0.0, 0.0, 0.0, 0.0, 0.0, 0.0, 0.0, 0.0, 0.0, 0.0, 0.0, 0.0, 252.92001415017148, 0.0, 0.0, 0.0, 0.0, 0.0, 803.19463052046, 0.0, 0.0, 0.0, 0.0, 0.0, 0.0, 0.0, 0.0, 0.0, 0.0, 0.0, 0.0, 0.0, 0.0, 0.0, 0.0, 0.0, 0.0, 0.0, 0.0, 0.0, 0.0, 0.0, 0.0, 0.0, 0.0, 0.0, 0.0, 0.0, 0.0, 0.0, 0.0, 0.0, 0.0, 0.0, 0.0, 0.0, 0.0, 0.0, 0.0, 784.7572054097909, 0.0, 0.0, 0.0, 0.0, 0.0, 0.0, 0.0, 0.0, 0.0, 0.0, 791.957620409327, 0.0, 0.0, 0.0, 0.0, 0.0, 254.96809406970976, 0.0, 0.0, 0.0, 0.0, 0.0, 0.0, 0.0, 0.0, 0.0, 0.0, 0.0, 0.0, 247.55384495445293, 0.0, 0.0, 0.0, 0.0, 0.0]
INFORMACIÓN : 3apuestaBundle [791.957620409327, 780.2632404103151, 275.93145329240866, 274.9147520391962]
INFORMACIÓN : 3positionsBundle [1866, 2457, 2069, 1273]
INFORMACIÓN : 3levelsBundle [3, 3, 2, 2]
INFORMACIÓN : 3positionsOrdered [1866, 2457, 2069, 1273]
INFORMACIÓN : 3levelsOrdered [3, 3, 2, 2]
INFORMACIÓN : 3partialityOrdered [3, 3, 2, 2]
INFORMACIÓN : 3arrivalTimes [20.4423431809361, 35.4423431809361, 49.86454828279206, 66.3569707852627]
INFORMACIÓN : coalSat position 2457 level 3
INFORMACIÓN : I [MW]; lost Test.myBail@28f535b4; POS 2457; sensors [AB, IR]; level 3 I paid 780.2632404103151in favour ofnull paid 780.2632404103151
INFORMACIÓN : 4historia0[0.0, 794.6538448454423, 0.0, 0.0, 0.0, 0.0, 0.0, 0.0, 0.0, 0.0, 0.0, 0.0, 0.0, 0.0, 0.0, 786.4525499021796, 0.0, 0.0, 0.0, 0.0, 0.0, 0.0, 0.0, 0.0, 0.0, 377.42686870974285, 0.0, 0.0, 0.0, 0.0, 800.9676541590972, 0.0, 0.0, 0.0, 0.0, 0.0, 0.0, 0.0, 0.0, 0.0, 0.0, 0.0, 0.0, 0.0, 0.0, 0.0, 0.0, 0.0, 0.0, 0.0, 0.0, 793.4960269493413, 0.0, 0.0, 377.42686870974285, 0.0, 0.0, 0.0, 0.0, 0.0, 0.0, 0.0, 0.0, 0.0, 0.0, 0.0, 0.0, 0.0, 0.0, 786.4125010855488, 0.0, 0.0, 0.0, 0.0, 0.0, 0.0, 0.0, 0.0, 0.0, 0.0, 0.0, 0.0, 0.0, 0.0, 0.0, 0.0, 0.0, 0.0, 0.0, 0.0, 0.0, 0.0, 0.0, 0.0, 0.0, 0.0, 0.0, 780.1309906054908, 0.0, 0.0, 0.0, 0.0, 0.0, 0.0, 0.0, 0.0, 0.0, 0.0, 0.0, 0.0, 0.0, 0.0, 0.0, 0.0, 0.0, 0.0, 0.0, 0.0, 0.0, 0.0, 0.0, 0.0, 0.0, 0.0, 0.0, 0.0, 0.0, 0.0, 0.0, 0.0, 0.0, 0.0, 0.0, 0.0, 0.0, 0.0, 0.0, 0.0, 0.0, 0.0, 0.0, 0.0, 0.0, 0.0, 0.0, 791.957620409327, 0.0, 0.0, 0.0, 0.0, 0.0, 0.0, 0.0, 0.0, 0.0, 0.0, 0.0, 0.0, 0.0, 0.0, 0.0, 0.0, 0.0, 0.0, 247.55384495445293, 0.0, 0.0, 0.0, 0.0, 0.0]
INFORMACIÓN : 4apuestaBundle [791.957620409327, 365.8951449011488, 360.5418049168411, 360.5418049168411, 260.9955832603198]
INFORMACIÓN : 4positionsBundle [1866, 1335, 550, 550, 530]
INFORMACIÓN : 4levelsBundle [3, 2, 2, 2, 2]
INFORMACIÓN : 4positionsOrdered [1866, 1335, 550, 550, 530]
INFORMACIÓN : 4levelsOrdered [3, 2, 2, 2, 2]
INFORMACIÓN : 4partialityOrdered [3, 3, 3, 3, 2]
INFORMACIÓN : 4arrivalTimes [20.4423431809361, 61.80701959865884, 99.88588512797838, 99.88588512797838, 129.90254716758565]
INFORMACIÓN : coalSat position 1866 level 3
INFORMACIÓN : depSat position 1866 level 3
INFORMACIÓN : mutexSat position 1335 level 2
INFORMACIÓN : mutexSat position 550 level 2
INFORMACIÓN : mutexSat position 550 level 2
INFORMACIÓN : I [MW]; lost Test.myBail@311b4dc1; POS 1866; sensors [AB, IR]; level 3 I paid 791.957620409327in favour ofnull paid 791.957620409327
INFORMACIÓN : 5historia0[0.0, 794.6538448454423, 0.0, 0.0, 0.0, 0.0, 0.0, 0.0, 0.0, 0.0, 0.0, 0.0, 0.0, 0.0, 0.0, 0.0, 0.0, 0.0, 0.0, 0.0, 0.0, 0.0, 0.0, 0.0, 0.0, 0.0, 0.0, 0.0, 0.0, 0.0, 800.9676541590972, 0.0, 0.0, 0.0, 0.0, 0.0, 0.0, 0.0, 803.0380311791647, 0.0, 0.0, 0.0, 0.0, 0.0, 0.0, 0.0, 0.0, 0.0, 0.0, 0.0, 0.0, 793.4960269493413, 0.0, 0.0, 0.0, 263.22940734719657, 0.0, 0.0, 0.0, 0.0, 0.0, 0.0, 0.0, 0.0, 0.0, 0.0, 0.0, 0.0, 0.0, 0.0, 0.0, 759.484790084049, 0.0, 0.0, 794.0226459603748, 0.0, 0.0, 0.0, 0.0, 0.0, 0.0, 0.0, 0.0, 0.0, 0.0, 0.0, 0.0, 255.37353907144313, 0.0, 0.0, 0.0, 0.0, 0.0, 803.19463052046, 0.0, 0.0, 0.0, 0.0, 0.0, 0.0, 0.0, 0.0, 0.0, 0.0, 0.0, 0.0, 0.0, 0.0, 0.0, 0.0, 0.0, 0.0, 0.0, 0.0, 0.0, 0.0, 0.0, 0.0, 0.0, 0.0, 0.0, 0.0, 0.0, 0.0, 0.0, 0.0, 789.5144872881588, 0.0, 0.0, 0.0, 0.0, 0.0, 0.0, 0.0, 0.0, 0.0, 0.0, 0.0, 0.0, 0.0, 0.0, 0.0, 0.0, 0.0, 0.0, 0.0, 0.0, 0.0, 0.0, 0.0, 0.0, 0.0, 0.0, 0.0, 0.0, 0.0, 0.0, 0.0, 0.0, 0.0, 0.0, 0.0, 0.0, 0.0, 0.0, 0.0, 0.0, 0.0, 0.0, 0.0]
INFORMACIÓN : 5apuestaBundle [788.1463930239528, 785.657768397033, 780.2632404103151, 277.6984739450288]
INFORMACIÓN : 5positionsBundle [1870, 2259, 2457, 1273]
INFORMACIÓN : 5levelsBundle [3, 3, 3, 2]
INFORMACIÓN : 5positionsOrdered [1870, 2259, 2457, 1273]
INFORMACIÓN : 5levelsOrdered [3, 3, 3, 2]
INFORMACIÓN : 5partialityOrdered [3, 3, 3, 2]
INFORMACIÓN : 5arrivalTimes [18.03209231811127, 31.633562826846713, 36.10569878184629, 64.9501089855582]
INFORMACIÓN : 6historia0[0.0, 794.6538448454423, 0.0, 788.1463930239528, 0.0, 0.0, 0.0, 0.0, 0.0, 0.0, 0.0, 0.0, 0.0, 0.0, 0.0, 785.657768397033, 0.0, 0.0, 0.0, 0.0, 0.0, 0.0, 0.0, 0.0, 0.0, 0.0, 0.0, 0.0, 0.0, 0.0, 800.9676541590972, 0.0, 0.0, 0.0, 780.2632404103151, 0.0, 0.0, 0.0, 803.0380311791647, 0.0, 0.0, 0.0, 0.0, 0.0, 0.0, 0.0, 0.0, 0.0, 0.0, 0.0, 0.0, 793.4960269493413, 0.0, 0.0, 0.0, 0.0, 0.0, 0.0, 0.0, 0.0, 0.0, 0.0, 0.0, 0.0, 0.0, 0.0, 0.0, 0.0, 0.0, 0.0, 0.0, 790.7016389695024, 277.6984739450288, 0.0, 794.0226459603748, 0.0, 0.0, 0.0, 0.0, 0.0, 0.0, 0.0, 0.0, 0.0, 0.0, 0.0, 0.0, 0.0, 0.0, 0.0, 0.0, 0.0, 0.0, 803.19463052046, 0.0, 0.0, 0.0, 0.0, 0.0, 0.0, 0.0, 0.0, 0.0, 0.0, 0.0, 0.0, 0.0, 0.0, 0.0, 0.0, 0.0, 0.0, 0.0, 0.0, 0.0, 0.0, 805.3712752817618, 0.0, 0.0, 0.0, 0.0, 0.0, 0.0, 0.0, 0.0, 0.0, 789.5144872881588, 0.0, 0.0, 0.0, 0.0, 0.0, 0.0, 0.0, 0.0, 0.0, 0.0, 0.0, 0.0, 0.0, 0.0, 0.0, 0.0, 0.0, 0.0, 794.8099638217828, 0.0, 0.0, 0.0, 0.0, 0.0, 0.0, 0.0, 0.0, 0.0, 0.0, 0.0, 0.0, 0.0, 0.0, 0.0, 0.0, 0.0, 0.0, 0.0, 0.0, 0.0, 0.0, 0.0, 0.0]
INFORMACIÓN : 6apuestaBundle [788.1463930239528, 785.657768397033, 780.2632404103151, 277.6984739450288]
INFORMACIÓN : 6positionsBundle [1870, 2259, 2457, 1273]
INFORMACIÓN : 6levelsBundle [3, 3, 3, 2]
INFORMACIÓN : 6positionsOrdered [1870, 2259, 2457, 1273]
INFORMACIÓN : 6levelsOrdered [3, 3, 3, 2]
INFORMACIÓN : 6partialityOrdered [3, 3, 3, 2]
INFORMACIÓN : 6arrivalTimes [18.03209231811127, 31.633562826846713, 36.10569878184629, 64.9501089855582]
INFORMACIÓN : I [MW]; lost Test.myBail@728b1ef8; POS 1273; sensors [AB]; level 2 I paid 277.6984739450288in favour of9@(myturtles,myturtles,bug)@MK-18512 paid 284.64035780748725
INFORMACIÓN : 7historia0[0.0, 794.6538448454423, 0.0, 788.1463930239528, 0.0, 0.0, 0.0, 0.0, 0.0, 0.0, 0.0, 0.0, 0.0, 0.0, 0.0, 785.657768397033, 0.0, 0.0, 288.5761065191271, 0.0, 0.0, 0.0, 0.0, 0.0, 0.0, 0.0, 0.0, 0.0, 0.0, 0.0, 800.9676541590972, 0.0, 0.0, 0.0, 780.2632404103151, 0.0, 0.0, 0.0, 803.0380311791647, 0.0, 0.0, 0.0, 0.0, 0.0, 0.0, 0.0, 0.0, 0.0, 0.0, 0.0, 0.0, 793.4960269493413, 0.0, 0.0, 0.0, 0.0, 0.0, 0.0, 0.0, 0.0, 0.0, 0.0, 0.0, 0.0, 0.0, 0.0, 0.0, 0.0, 0.0, 0.0, 0.0, 0.0, 284.64035780748725, 0.0, 0.0, 0.0, 0.0, 0.0, 0.0, 0.0, 0.0, 0.0, 0.0, 0.0, 0.0, 0.0, 0.0, 276.64495214612475, 0.0, 0.0, 0.0, 0.0, 0.0, 803.19463052046, 0.0, 0.0, 0.0, 0.0, 0.0, 0.0, 0.0, 0.0, 0.0, 0.0, 0.0, 0.0, 0.0, 0.0, 0.0, 0.0, 0.0, 0.0, 0.0, 0.0, 0.0, 0.0, 805.3712752817618, 0.0, 0.0, 0.0, 0.0, 0.0, 0.0, 0.0, 0.0, 0.0, 0.0, 0.0, 0.0, 0.0, 0.0, 0.0, 283.2240506220495, 0.0, 784.7572054097909, 0.0, 0.0, 0.0, 0.0, 0.0, 0.0, 0.0, 0.0, 0.0, 0.0, 794.8099638217828, 0.0, 0.0, 0.0, 0.0, 0.0, 0.0, 0.0, 0.0, 0.0, 0.0, 0.0, 0.0, 0.0, 0.0, 0.0, 0.0, 0.0, 0.0, 0.0, 0.0, 0.0, 0.0, 0.0, 0.0]
INFORMACIÓN : 7apuestaBundle [788.1463930239528, 785.657768397033, 780.2632404103151, 275.93145329240866]
INFORMACIÓN : 7positionsBundle [1870, 2259, 2457, 2069]
INFORMACIÓN : 7levelsBundle [3, 3, 3, 2]
INFORMACIÓN : 7positionsOrdered [1870, 2259, 2457, 2069]
INFORMACIÓN : 7levelsOrdered [3, 3, 3, 2]
INFORMACIÓN : 7partialityOrdered [3, 3, 3, 2]
INFORMACIÓN : 7arrivalTimes [18.03209231811127, 31.633562826846713, 36.10569878184629, 50.52790388370225]
INFORMACIÓN : coalSat position 1870 level 3
INFORMACIÓN : coalSat position 2259 level 3
INFORMACIÓN : coalSat position 2457 level 3
INFORMACIÓN : I [MW]; lost Test.myBail@1011cd19; POS 1870; sensors [AB, IR]; level 3 I paid 788.1463930239528in favour ofnull paid 788.1463930239528
INFORMACIÓN : 8historia0[0.0, 794.6538448454423, 0.0, 0.0, 0.0, 0.0, 0.0, 0.0, 0.0, 0.0, 0.0, 0.0, 0.0, 0.0, 0.0, 0.0, 0.0, 0.0, 288.5761065191271, 0.0, 0.0, 0.0, 0.0, 0.0, 0.0, 0.0, 0.0, 0.0, 0.0, 0.0, 800.9676541590972, 0.0, 0.0, 0.0, 0.0, 0.0, 0.0, 0.0, 803.0380311791647, 0.0, 0.0, 0.0, 0.0, 248.45834215045426, 0.0, 0.0, 0.0, 0.0, 0.0, 0.0, 0.0, 793.4960269493413, 771.1041930660277, 0.0, 0.0, 271.1412324511921, 0.0, 0.0, 0.0, 0.0, 0.0, 0.0, 0.0, 0.0, 0.0, 0.0, 0.0, 0.0, 0.0, 786.4125010855488, 0.0, 0.0, 284.64035780748725, 0.0, 0.0, 0.0, 0.0, 0.0, 0.0, 0.0, 0.0, 0.0, 0.0, 0.0, 0.0, 0.0, 0.0, 276.64495214612475, 0.0, 767.2104208371699, 0.0, 0.0, 0.0, 0.0, 0.0, 0.0, 0.0, 0.0, 0.0, 0.0, 0.0, 0.0, 0.0, 0.0, 0.0, 0.0, 0.0, 0.0, 0.0, 0.0, 0.0, 0.0, 0.0, 0.0, 0.0, 0.0, 805.3712752817618, 0.0, 0.0, 0.0, 0.0, 0.0, 0.0, 0.0, 0.0, 0.0, 0.0, 0.0, 0.0, 0.0, 0.0, 0.0, 290.1257863964851, 0.0, 784.7572054097909, 0.0, 0.0, 0.0, 0.0, 0.0, 0.0, 0.0, 0.0, 0.0, 0.0, 794.8099638217828, 0.0, 0.0, 0.0, 0.0, 0.0, 0.0, 0.0, 0.0, 0.0, 0.0, 0.0, 0.0, 0.0, 0.0, 0.0, 0.0, 0.0, 0.0, 0.0, 0.0, 0.0, 0.0, 0.0, 0.0]
INFORMACIÓN : 8apuestaBundle [791.4718620213806, 254.78415565108537, 224.95269193401975, 165.46452079815776]
INFORMACIÓN : 8positionsBundle [550, 2069, 2493, 766]
INFORMACIÓN : 8levelsBundle [3, 2, 2, 1]
INFORMACIÓN : 8positionsOrdered [550, 2069, 2493, 766]
INFORMACIÓN : 8levelsOrdered [3, 2, 2, 1]
INFORMACIÓN : 8partialityOrdered [3, 2, 2, 1]
INFORMACIÓN : 8arrivalTimes [15.68165266526668, 51.19221447439609, 76.49043575574312, 119.90702244792794]
INFORMACIÓN : coalSat position 550 level 3
INFORMACIÓN : timeSat position 550 level 3
INFORMACIÓN : I [MW]; lost Test.myBail@416183be; POS 550; sensors [AB, IR]; level 3 I paid 791.4718620213806in favour ofnull paid 791.4718620213806
INFORMACIÓN : 9historia0[0.0, 0.0, 0.0, 0.0, 0.0, 0.0, 0.0, 0.0, 0.0, 0.0, 0.0, 0.0, 0.0, 0.0, 0.0, 0.0, 0.0, 0.0, 0.0, 0.0, 0.0, 0.0, 0.0, 0.0, 0.0, 0.0, 0.0, 0.0, 0.0, 0.0, 0.0, 0.0, 0.0, 0.0, 0.0, 0.0, 0.0, 0.0, 803.0380311791647, 0.0, 0.0, 0.0, 0.0, 0.0, 0.0, 0.0, 0.0, 0.0, 0.0, 0.0, 0.0, 793.4960269493413, 0.0, 0.0, 0.0, 0.0, 0.0, 0.0, 0.0, 0.0, 0.0, 0.0, 0.0, 0.0, 0.0, 0.0, 0.0, 0.0, 0.0, 0.0, 0.0, 0.0, 284.64035780748725, 0.0, 794.0226459603748, 0.0, 0.0, 0.0, 0.0, 153.9454708410001, 0.0, 0.0, 0.0, 0.0, 0.0, 0.0, 0.0, 276.64495214612475, 0.0, 0.0, 0.0, 0.0, 0.0, 0.0, 748.0617446575827, 0.0, 0.0, 0.0, 0.0, 0.0, 0.0, 0.0, 0.0, 0.0, 0.0, 0.0, 0.0, 0.0, 0.0, 0.0, 0.0, 0.0, 0.0, 0.0, 0.0, 0.0, 805.3712752817618, 0.0, 0.0, 0.0, 0.0, 0.0, 0.0, 0.0, 0.0, 0.0, 789.5144872881588, 0.0, 65.57949539770755, 0.0, 0.0, 0.0, 290.1257863964851, 0.0, 784.7572054097909, 0.0, 0.0, 0.0, 0.0, 0.0, 0.0, 0.0, 0.0, 0.0, 0.0, 0.0, 0.0, 0.0, 0.0, 0.0, 0.0, 0.0, 0.0, 0.0, 0.0, 0.0, 0.0, 0.0, 0.0, 0.0, 0.0, 0.0, 0.0, 0.0, 0.0, 0.0, 0.0, 0.0, 0.0, 0.0]
INFORMACIÓN : 9apuestaBundle [788.8837489555539, 764.6234785121918, 760.9425832020544, 760.6805034336086]
INFORMACIÓN : 9positionsBundle [550, 1870, 2068, 2259]
INFORMACIÓN : 9levelsBundle [3, 3, 3, 3]
INFORMACIÓN : 9positionsOrdered [1870, 2068, 2259, 550]
INFORMACIÓN : 9levelsOrdered [3, 3, 3, 3]
INFORMACIÓN : 9partialityOrdered [3, 3, 3, 3]
INFORMACIÓN : 9arrivalTimes [18.03209231811127, 22.50422827311085, 32.353086074906955, 79.29098273365335]
INFORMACIÓN : I [MW]; lost Test.myBail@1011cd19; POS 1870; sensors [AB, IR]; level 3 I paid 764.6234785121918in favour of6@(myturtles,myturtles,bug)@MK-18512 paid 791.5770171156256
INFORMACIÓN : 10historia0[0.0, 0.0, 0.0, 791.5770171156256, 0.0, 0.0, 780.8886456326705, 0.0, 0.0, 0.0, 0.0, 0.0, 0.0, 0.0, 0.0, 0.0, 0.0, 0.0, 0.0, 0.0, 0.0, 0.0, 0.0, 0.0, 0.0, 0.0, 0.0, 0.0, 0.0, 0.0, 0.0, 0.0, 0.0, 0.0, 0.0, 0.0, 0.0, 0.0, 803.0380311791647, 0.0, 0.0, 0.0, 0.0, 0.0, 0.0, 0.0, 0.0, 0.0, 0.0, 0.0, 0.0, 793.4960269493413, 0.0, 0.0, 0.0, 0.0, 0.0, 0.0, 0.0, 0.0, 0.0, 0.0, 0.0, 0.0, 0.0, 0.0, 0.0, 0.0, 0.0, 0.0, 0.0, 0.0, 0.0, 0.0, 794.0226459603748, 0.0, 0.0, 0.0, 0.0, 0.0, 0.0, 0.0, 0.0, 0.0, 0.0, 0.0, 0.0, 0.0, 0.0, 0.0, 0.0, 0.0, 0.0, 0.0, 748.0617446575827, 0.0, 0.0, 0.0, 0.0, 0.0, 0.0, 0.0, 0.0, 0.0, 0.0, 0.0, 0.0, 0.0, 0.0, 0.0, 0.0, 0.0, 0.0, 0.0, 0.0, 0.0, 805.3712752817618, 0.0, 0.0, 0.0, 0.0, 0.0, 0.0, 0.0, 0.0, 0.0, 789.5144872881588, 0.0, 0.0, 0.0, 0.0, 0.0, 290.1257863964851, 0.0, 784.7572054097909, 0.0, 0.0, 0.0, 0.0, 0.0, 0.0, 0.0, 0.0, 0.0, 0.0, 0.0, 0.0, 0.0, 0.0, 788.8837489555539, 0.0, 0.0, 0.0, 0.0, 0.0, 0.0, 0.0, 0.0, 0.0, 0.0, 0.0, 0.0, 0.0, 0.0, 0.0, 0.0, 0.0, 0.0, 0.0, 0.0]
INFORMACIÓN : 10apuestaBundle [788.8837489555539, 771.529364415834, 756.959207556269, 755.775068964692]
INFORMACIÓN : 10positionsBundle [550, 1866, 2073, 2457]
INFORMACIÓN : 10levelsBundle [3, 3, 3, 3]
INFORMACIÓN : 10positionsOrdered [1866, 2073, 550, 2457]
INFORMACIÓN : 10levelsOrdered [3, 3, 3, 3]
INFORMACIÓN : 10partialityOrdered [3, 3, 3, 3]
INFORMACIÓN : 10arrivalTimes [21.1619746633632, 29.22423241166175, 79.29098273365335, 117.93034090637667]
INFORMACIÓN : 11historia0[0.0, 0.0, 0.0, 0.0, 0.0, 0.0, 0.0, 0.0, 0.0, 0.0, 0.0, 0.0, 0.0, 0.0, 0.0, 0.0, 0.0, 0.0, 0.0, 0.0, 0.0, 0.0, 0.0, 0.0, 0.0, 0.0, 0.0, 0.0, 0.0, 0.0, 0.0, 0.0, 0.0, 0.0, 755.775068964692, 0.0, 0.0, 0.0, 803.0380311791647, 0.0, 0.0, 0.0, 0.0, 0.0, 0.0, 0.0, 0.0, 0.0, 0.0, 0.0, 0.0, 793.4960269493413, 0.0, 0.0, 0.0, 0.0, 0.0, 0.0, 0.0, 0.0, 0.0, 0.0, 0.0, 0.0, 0.0, 0.0, 0.0, 0.0, 0.0, 0.0, 0.0, 0.0, 0.0, 0.0, 794.1041561088216, 0.0, 0.0, 0.0, 0.0, 0.0, 0.0, 0.0, 0.0, 781.2211863478656, 0.0, 0.0, 0.0, 0.0, 0.0, 0.0, 0.0, 0.0, 0.0, 0.0, 0.0, 0.0, 0.0, 0.0, 0.0, 0.0, 0.0, 0.0, 0.0, 0.0, 0.0, 0.0, 0.0, 0.0, 0.0, 0.0, 0.0, 0.0, 0.0, 0.0, 0.0, 0.0, 805.3712752817618, 0.0, 0.0, 0.0, 0.0, 0.0, 0.0, 0.0, 0.0, 0.0, 789.4036861300057, 0.0, 0.0, 0.0, 0.0, 0.0, 0.0, 0.0, 784.7572054097909, 0.0, 0.0, 0.0, 0.0, 0.0, 0.0, 0.0, 0.0, 0.0, 0.0, 771.529364415834, 0.0, 756.959207556269, 0.0, 788.8837489555539, 0.0, 0.0, 0.0, 0.0, 0.0, 0.0, 0.0, 0.0, 0.0, 0.0, 0.0, 0.0, 0.0, 0.0, 0.0, 0.0, 0.0, 0.0, 0.0, 0.0]
