----------------------------------------------------------------------
-- Log session for [myBugCoalitionsCCBBAGuaiDEF-10] started on 2017.07.14.03.10.50 --
----------------------------------------------------------------------

INFORMACIÓN : I started
INFORMACIÓN : 0apuestaBundle [805.944401588375, 787.8129460712349, 769.508343670233, 766.2918497980336]
INFORMACIÓN : 0positionsBundle [668, 550, 1866, 1870]
INFORMACIÓN : 0levelsBundle [3, 3, 3, 3]
INFORMACIÓN : 0positionsOrdered [668, 550, 1866, 1870]
INFORMACIÓN : 0levelsOrdered [3, 3, 3, 3]
INFORMACIÓN : 0partialityOrdered [3, 3, 3, 3]
INFORMACIÓN : 0arrivalTimes [5.452840400838715, 23.56361067711355, 54.09228572206105, 58.09228572206105]
INFORMACIÓN : coalSat position 668 level 3
INFORMACIÓN : timeSat position 668 level 3
INFORMACIÓN : coalSat position 550 level 3
INFORMACIÓN : I [AB]; lost Test.myBail@47a63f09; POS 668; sensors [IR, MW]; level 3 I paid 805.944401588375in favour ofnull paid 805.944401588375
INFORMACIÓN : 1historia0[0.0, 794.6538448454423, 0.0, 788.1463930239528, 0.0, 0.0, 770.1657150523353, 0.0, 0.0, 0.0, 0.0, 0.0, 0.0, 0.0, 0.0, 785.657768397033, 0.0, 0.0, 0.0, 0.0, 0.0, 0.0, 0.0, 0.0, 0.0, 0.0, 0.0, 0.0, 0.0, 0.0, 800.9676541590972, 0.0, 0.0, 0.0, 0.0, 0.0, 0.0, 0.0, 0.0, 0.0, 0.0, 0.0, 0.0, 0.0, 0.0, 0.0, 0.0, 0.0, 0.0, 0.0, 0.0, 787.7337917739347, 0.0, 0.0, 0.0, 0.0, 0.0, 0.0, 0.0, 0.0, 0.0, 0.0, 0.0, 0.0, 0.0, 0.0, 0.0, 0.0, 0.0, 766.9490717263967, 0.0, 0.0, 0.0, 0.0, 794.1644403775335, 0.0, 0.0, 0.0, 0.0, 0.0, 0.0, 0.0, 0.0, 0.0, 0.0, 0.0, 0.0, 0.0, 0.0, 0.0, 0.0, 0.0, 0.0, 803.19463052046, 0.0, 0.0, 0.0, 0.0, 0.0, 0.0, 0.0, 0.0, 0.0, 0.0, 0.0, 0.0, 0.0, 0.0, 0.0, 785.9837371365307, 0.0, 0.0, 0.0, 0.0, 0.0, 0.0, 0.0, 0.0, 0.0, 0.0, 0.0, 0.0, 0.0, 0.0, 0.0, 0.0, 789.5722668520341, 0.0, 0.0, 0.0, 0.0, 0.0, 0.0, 0.0, 0.0, 0.0, 0.0, 0.0, 0.0, 0.0, 0.0, 0.0, 0.0, 0.0, 0.0, 792.1717721613059, 0.0, 0.0, 0.0, 0.0, 0.0, 0.0, 0.0, 0.0, 0.0, 0.0, 0.0, 0.0, 0.0, 0.0, 0.0, 0.0, 0.0, 0.0, 0.0, 0.0, 0.0, 0.0, 0.0, 0.0]
INFORMACIÓN : 1apuestaBundle [805.2082299076794, 777.0006018631734, 753.6868602224151, 275.18390492245226]
INFORMACIÓN : 1positionsBundle [668, 1335, 2457, 1273]
INFORMACIÓN : 1levelsBundle [3, 3, 3, 2]
INFORMACIÓN : 1positionsOrdered [668, 1335, 2457, 1273]
INFORMACIÓN : 1levelsOrdered [3, 3, 3, 2]
INFORMACIÓN : 1partialityOrdered [3, 3, 3, 2]
INFORMACIÓN : 1arrivalTimes [23.507030508184233, 44.90796506721693, 81.1433069312038, 109.98771713491571]
INFORMACIÓN : coalSat position 1335 level 3
INFORMACIÓN : timeSat position 1335 level 3
INFORMACIÓN : coalSat position 2457 level 3
INFORMACIÓN : I [AB]; lost Test.myBail@5eae3c64; POS 1335; sensors [IR, MW]; level 3 I paid 777.0006018631734in favour ofnull paid 777.0006018631734
INFORMACIÓN : 2historia0[0.0, 794.6538448454423, 0.0, 0.0, 0.0, 0.0, 0.0, 0.0, 0.0, 0.0, 0.0, 0.0, 0.0, 0.0, 0.0, 786.4525499021796, 0.0, 0.0, 0.0, 0.0, 0.0, 0.0, 0.0, 0.0, 0.0, 0.0, 0.0, 0.0, 0.0, 0.0, 800.9676541590972, 0.0, 0.0, 0.0, 780.2632404103151, 0.0, 0.0, 0.0, 0.0, 0.0, 0.0, 0.0, 0.0, 0.0, 0.0, 0.0, 0.0, 0.0, 0.0, 0.0, 0.0, 787.7337917739347, 0.0, 0.0, 0.0, 0.0, 0.0, 0.0, 0.0, 0.0, 0.0, 0.0, 0.0, 772.8837725744278, 0.0, 0.0, 0.0, 0.0, 0.0, 0.0, 0.0, 759.484790084049, 0.0, 0.0, 794.1644403775335, 0.0, 0.0, 0.0, 0.0, 0.0, 0.0, 0.0, 0.0, 0.0, 0.0, 0.0, 0.0, 0.0, 0.0, 758.6919040847464, 0.0, 0.0, 0.0, 803.19463052046, 0.0, 0.0, 0.0, 0.0, 0.0, 0.0, 0.0, 0.0, 0.0, 0.0, 0.0, 0.0, 0.0, 0.0, 0.0, 0.0, 0.0, 0.0, 0.0, 0.0, 0.0, 0.0, 805.2082299076794, 0.0, 0.0, 0.0, 0.0, 0.0, 0.0, 0.0, 0.0, 0.0, 789.5722668520341, 0.0, 0.0, 0.0, 0.0, 0.0, 0.0, 0.0, 0.0, 0.0, 0.0, 0.0, 0.0, 0.0, 0.0, 0.0, 0.0, 0.0, 0.0, 791.957620409327, 0.0, 0.0, 0.0, 0.0, 0.0, 0.0, 0.0, 0.0, 0.0, 0.0, 0.0, 0.0, 0.0, 0.0, 0.0, 0.0, 0.0, 0.0, 0.0, 0.0, 0.0, 0.0, 0.0, 0.0]
INFORMACIÓN : 2apuestaBundle [805.2082299076794, 284.96690040070484, 280.637008416815, 261.25526262488]
INFORMACIÓN : 2positionsBundle [668, 530, 1028, 1923]
INFORMACIÓN : 2levelsBundle [3, 2, 2, 2]
INFORMACIÓN : 2positionsOrdered [668, 530, 1028, 1923]
INFORMACIÓN : 2levelsOrdered [3, 2, 2, 2]
INFORMACIÓN : 2partialityOrdered [3, 2, 2, 2]
INFORMACIÓN : 2arrivalTimes [23.507030508184233, 35.876347385037214, 46.07438641222278, 64.75592810449218]
INFORMACIÓN : coalSat position 668 level 3
INFORMACIÓN : coalSat position 1028 level 2
INFORMACIÓN : coalSat position 1923 level 2
INFORMACIÓN : I [AB]; lost Test.myBail@47a63f09; POS 668; sensors [IR, MW]; level 3 I paid 805.2082299076794in favour ofnull paid 805.2082299076794
INFORMACIÓN : 3historia0[0.0, 794.6538448454423, 0.0, 0.0, 0.0, 0.0, 0.0, 0.0, 0.0, 0.0, 0.0, 0.0, 0.0, 0.0, 0.0, 786.4525499021796, 0.0, 0.0, 0.0, 0.0, 0.0, 0.0, 0.0, 0.0, 0.0, 0.0, 0.0, 0.0, 0.0, 0.0, 800.9676541590972, 0.0, 0.0, 0.0, 0.0, 0.0, 0.0, 0.0, 802.8749996472094, 0.0, 0.0, 0.0, 0.0, 0.0, 0.0, 0.0, 0.0, 0.0, 363.7263559329897, 0.0, 0.0, 0.0, 0.0, 0.0, 0.0, 263.22940734719657, 0.0, 0.0, 0.0, 0.0, 0.0, 0.0, 0.0, 772.8837725744278, 0.0, 0.0, 0.0, 0.0, 0.0, 786.4125010855488, 0.0, 0.0, 0.0, 0.0, 794.1644403775335, 0.0, 0.0, 0.0, 0.0, 0.0, 0.0, 0.0, 275.93145329240866, 0.0, 0.0, 0.0, 0.0, 252.92001415017148, 0.0, 0.0, 0.0, 0.0, 0.0, 803.19463052046, 0.0, 0.0, 0.0, 0.0, 0.0, 0.0, 0.0, 0.0, 0.0, 0.0, 0.0, 0.0, 0.0, 0.0, 0.0, 0.0, 0.0, 0.0, 0.0, 0.0, 0.0, 0.0, 0.0, 0.0, 0.0, 363.7263559329897, 0.0, 0.0, 0.0, 0.0, 0.0, 0.0, 0.0, 0.0, 0.0, 0.0, 0.0, 0.0, 0.0, 0.0, 784.7572054097909, 0.0, 0.0, 0.0, 0.0, 0.0, 0.0, 0.0, 0.0, 0.0, 0.0, 791.957620409327, 0.0, 0.0, 0.0, 0.0, 0.0, 254.96809406970976, 0.0, 0.0, 0.0, 0.0, 0.0, 0.0, 0.0, 0.0, 0.0, 0.0, 0.0, 0.0, 247.55384495445293, 0.0, 0.0, 0.0, 0.0, 0.0]
INFORMACIÓN : 3apuestaBundle [805.2897485185862, 753.6868602224151, 269.0544918883695, 246.64477586910925]
INFORMACIÓN : 3positionsBundle [668, 2457, 1273, 530]
INFORMACIÓN : 3levelsBundle [3, 3, 2, 2]
INFORMACIÓN : 3positionsOrdered [668, 2457, 1273, 530]
INFORMACIÓN : 3levelsOrdered [3, 3, 2, 2]
INFORMACIÓN : 3partialityOrdered [3, 3, 2, 2]
INFORMACIÓN : 3arrivalTimes [21.507030508184233, 59.15009095762166, 87.99450116133357, 104.54744651858041]
INFORMACIÓN : coalSat position 668 level 3
INFORMACIÓN : coalSat position 1273 level 2
INFORMACIÓN : I [AB]; lost Test.myBail@47a63f09; POS 668; sensors [IR, MW]; level 3 I paid 805.2897485185862in favour ofnull paid 805.2897485185862
INFORMACIÓN : 4historia0[0.0, 794.6538448454423, 0.0, 0.0, 0.0, 0.0, 0.0, 0.0, 0.0, 0.0, 0.0, 0.0, 0.0, 0.0, 0.0, 786.4525499021796, 0.0, 0.0, 0.0, 0.0, 0.0, 0.0, 0.0, 0.0, 0.0, 377.42686870974285, 0.0, 0.0, 0.0, 0.0, 800.9676541590972, 0.0, 0.0, 0.0, 780.2632404103151, 0.0, 0.0, 0.0, 0.0, 0.0, 0.0, 0.0, 0.0, 0.0, 0.0, 0.0, 0.0, 0.0, 0.0, 0.0, 0.0, 793.4960269493413, 0.0, 0.0, 377.42686870974285, 263.22940734719657, 0.0, 0.0, 0.0, 0.0, 0.0, 0.0, 0.0, 0.0, 0.0, 0.0, 0.0, 0.0, 0.0, 786.4125010855488, 0.0, 0.0, 274.9147520391962, 0.0, 0.0, 0.0, 0.0, 0.0, 0.0, 0.0, 0.0, 0.0, 275.93145329240866, 0.0, 0.0, 0.0, 0.0, 252.92001415017148, 0.0, 0.0, 0.0, 0.0, 0.0, 803.19463052046, 0.0, 0.0, 0.0, 780.1309906054908, 0.0, 0.0, 0.0, 0.0, 0.0, 0.0, 0.0, 0.0, 0.0, 0.0, 0.0, 0.0, 0.0, 0.0, 0.0, 0.0, 0.0, 0.0, 0.0, 0.0, 0.0, 0.0, 0.0, 0.0, 0.0, 0.0, 0.0, 0.0, 0.0, 0.0, 0.0, 0.0, 0.0, 0.0, 0.0, 0.0, 0.0, 0.0, 0.0, 0.0, 0.0, 0.0, 0.0, 0.0, 0.0, 0.0, 0.0, 791.957620409327, 0.0, 0.0, 0.0, 0.0, 0.0, 254.96809406970976, 0.0, 0.0, 0.0, 0.0, 0.0, 0.0, 0.0, 0.0, 0.0, 0.0, 0.0, 0.0, 247.55384495445293, 0.0, 0.0, 0.0, 0.0, 0.0]
INFORMACIÓN : 4apuestaBundle [805.3712752817618, 777.0006018631734, 284.96690040070484, 188.05292677785314]
INFORMACIÓN : 4positionsBundle [668, 1335, 530, 460]
INFORMACIÓN : 4levelsBundle [3, 3, 2, 1]
INFORMACIÓN : 4positionsOrdered [460, 668, 1335, 530]
INFORMACIÓN : 4levelsOrdered [1, 3, 3, 2]
INFORMACIÓN : 4partialityOrdered [1, 3, 3, 2]
INFORMACIÓN : 4arrivalTimes [6.759716823945292, 19.507030508184233, 40.90796506721693, 57.67101968145714]
INFORMACIÓN : coalSat position 668 level 3
INFORMACIÓN : coalSat position 1335 level 3
INFORMACIÓN : timeSat position 1335 level 3
INFORMACIÓN : coalSat position 530 level 2
INFORMACIÓN : timeSat position 530 level 2
INFORMACIÓN : I [AB]; lost Test.myBail@47a63f09; POS 668; sensors [IR, MW]; level 3 I paid 805.3712752817618in favour ofnull paid 805.3712752817618
INFORMACIÓN : 5historia0[0.0, 794.6538448454423, 0.0, 0.0, 0.0, 0.0, 0.0, 0.0, 0.0, 0.0, 0.0, 0.0, 0.0, 0.0, 0.0, 0.0, 0.0, 0.0, 0.0, 0.0, 0.0, 0.0, 0.0, 260.9955832603198, 0.0, 0.0, 0.0, 0.0, 0.0, 0.0, 800.9676541590972, 0.0, 0.0, 0.0, 0.0, 0.0, 0.0, 0.0, 803.0380311791647, 0.0, 0.0, 0.0, 0.0, 0.0, 0.0, 0.0, 0.0, 0.0, 0.0, 0.0, 0.0, 793.4960269493413, 0.0, 0.0, 0.0, 263.22940734719657, 0.0, 0.0, 0.0, 360.5418049168411, 0.0, 0.0, 0.0, 0.0, 0.0, 0.0, 0.0, 0.0, 0.0, 0.0, 0.0, 759.484790084049, 0.0, 0.0, 794.0226459603748, 0.0, 0.0, 0.0, 0.0, 0.0, 0.0, 0.0, 0.0, 0.0, 0.0, 0.0, 0.0, 255.37353907144313, 0.0, 0.0, 0.0, 0.0, 0.0, 803.19463052046, 0.0, 0.0, 0.0, 0.0, 0.0, 0.0, 0.0, 0.0, 0.0, 0.0, 0.0, 0.0, 0.0, 0.0, 0.0, 0.0, 0.0, 0.0, 0.0, 0.0, 0.0, 0.0, 0.0, 0.0, 0.0, 0.0, 0.0, 0.0, 0.0, 360.5418049168411, 0.0, 0.0, 789.5144872881588, 0.0, 0.0, 365.8951449011488, 0.0, 0.0, 0.0, 0.0, 0.0, 0.0, 0.0, 0.0, 0.0, 0.0, 0.0, 0.0, 0.0, 0.0, 0.0, 791.957620409327, 0.0, 0.0, 0.0, 0.0, 0.0, 0.0, 0.0, 0.0, 0.0, 0.0, 0.0, 0.0, 0.0, 0.0, 0.0, 0.0, 0.0, 0.0, 0.0, 0.0, 0.0, 0.0, 0.0, 0.0]
INFORMACIÓN : 5apuestaBundle [805.3712752817618, 759.8204342595615, 753.6868602224151, 275.36930237359434]
INFORMACIÓN : 5positionsBundle [668, 2259, 2457, 1273]
INFORMACIÓN : 5levelsBundle [3, 3, 3, 2]
INFORMACIÓN : 5positionsOrdered [668, 2259, 2457, 1273]
INFORMACIÓN : 5levelsOrdered [3, 3, 3, 2]
INFORMACIÓN : 5partialityOrdered [3, 3, 3, 2]
INFORMACIÓN : 5arrivalTimes [19.507030508184233, 52.74857078537356, 57.22070674037314, 86.06511694408505]
INFORMACIÓN : coalSat position 2259 level 3
INFORMACIÓN : coalSat position 2457 level 3
INFORMACIÓN : coalSat position 1273 level 2
INFORMACIÓN : I [AB]; lost Test.myBail@4bdaab50; POS 2259; sensors [IR, MW]; level 3 I paid 759.8204342595615in favour ofnull paid 759.8204342595615
INFORMACIÓN : 6historia0[0.0, 794.6538448454423, 0.0, 788.1463930239528, 0.0, 0.0, 0.0, 0.0, 0.0, 0.0, 0.0, 0.0, 0.0, 0.0, 0.0, 785.657768397033, 0.0, 0.0, 0.0, 0.0, 0.0, 0.0, 0.0, 0.0, 0.0, 0.0, 0.0, 0.0, 0.0, 0.0, 800.9676541590972, 0.0, 0.0, 0.0, 780.2632404103151, 0.0, 0.0, 0.0, 803.0380311791647, 0.0, 0.0, 0.0, 0.0, 0.0, 0.0, 0.0, 0.0, 0.0, 0.0, 0.0, 0.0, 793.4960269493413, 0.0, 0.0, 0.0, 263.22940734719657, 0.0, 0.0, 0.0, 0.0, 0.0, 0.0, 0.0, 0.0, 0.0, 0.0, 0.0, 0.0, 0.0, 0.0, 0.0, 790.7016389695024, 277.6984739450288, 0.0, 794.0226459603748, 0.0, 0.0, 0.0, 0.0, 0.0, 0.0, 0.0, 0.0, 0.0, 0.0, 0.0, 0.0, 255.37353907144313, 0.0, 0.0, 0.0, 0.0, 0.0, 803.19463052046, 0.0, 0.0, 0.0, 0.0, 0.0, 0.0, 0.0, 0.0, 0.0, 0.0, 0.0, 0.0, 0.0, 0.0, 0.0, 0.0, 0.0, 0.0, 0.0, 0.0, 0.0, 0.0, 805.3712752817618, 0.0, 0.0, 0.0, 0.0, 0.0, 0.0, 0.0, 0.0, 0.0, 789.5144872881588, 0.0, 0.0, 0.0, 0.0, 0.0, 0.0, 0.0, 0.0, 0.0, 0.0, 0.0, 0.0, 0.0, 0.0, 0.0, 0.0, 0.0, 0.0, 794.8099638217828, 0.0, 0.0, 0.0, 0.0, 0.0, 0.0, 0.0, 0.0, 0.0, 0.0, 0.0, 0.0, 0.0, 0.0, 0.0, 0.0, 0.0, 0.0, 0.0, 0.0, 0.0, 0.0, 0.0, 0.0]
INFORMACIÓN : 6apuestaBundle [805.3712752817618, 283.2240506220495, 261.25526262488, 257.95133040320604]
INFORMACIÓN : 6positionsBundle [668, 530, 1923, 2069]
INFORMACIÓN : 6levelsBundle [3, 2, 2, 2]
INFORMACIÓN : 6positionsOrdered [668, 530, 1923, 2069]
INFORMACIÓN : 6levelsOrdered [3, 2, 2, 2]
INFORMACIÓN : 6partialityOrdered [3, 2, 2, 2]
INFORMACIÓN : 6arrivalTimes [19.507030508184233, 31.876347385037214, 60.73808676436084, 65.73808676436084]
INFORMACIÓN : I [AB]; lost Test.myBail@17c1dada; POS 1923; sensors [IR]; level 2 I paid 261.25526262488in favour of13@(myturtles,myturtles,bug)@MK-18512 paid 288.5761065191271
INFORMACIÓN : 7historia0[0.0, 794.6538448454423, 0.0, 788.1463930239528, 0.0, 0.0, 0.0, 0.0, 0.0, 0.0, 0.0, 0.0, 0.0, 0.0, 0.0, 785.657768397033, 0.0, 0.0, 288.5761065191271, 0.0, 0.0, 0.0, 0.0, 0.0, 0.0, 0.0, 0.0, 0.0, 0.0, 0.0, 800.9676541590972, 0.0, 0.0, 0.0, 780.2632404103151, 0.0, 0.0, 0.0, 803.0380311791647, 0.0, 0.0, 0.0, 0.0, 0.0, 0.0, 0.0, 0.0, 0.0, 0.0, 0.0, 0.0, 793.4960269493413, 0.0, 0.0, 0.0, 0.0, 0.0, 0.0, 0.0, 0.0, 0.0, 0.0, 0.0, 0.0, 0.0, 0.0, 0.0, 240.6048518615986, 0.0, 0.0, 0.0, 0.0, 284.64035780748725, 0.0, 0.0, 0.0, 0.0, 0.0, 0.0, 0.0, 0.0, 0.0, 0.0, 0.0, 0.0, 0.0, 0.0, 276.64495214612475, 0.0, 0.0, 0.0, 0.0, 0.0, 803.19463052046, 0.0, 0.0, 0.0, 0.0, 0.0, 0.0, 0.0, 0.0, 0.0, 0.0, 0.0, 0.0, 0.0, 0.0, 0.0, 0.0, 0.0, 0.0, 0.0, 0.0, 0.0, 0.0, 805.3712752817618, 0.0, 0.0, 0.0, 0.0, 0.0, 0.0, 0.0, 0.0, 0.0, 0.0, 0.0, 0.0, 0.0, 0.0, 0.0, 283.2240506220495, 0.0, 784.7572054097909, 0.0, 0.0, 0.0, 0.0, 0.0, 0.0, 0.0, 0.0, 0.0, 0.0, 794.8099638217828, 0.0, 0.0, 0.0, 0.0, 0.0, 254.96809406970976, 0.0, 0.0, 0.0, 0.0, 0.0, 0.0, 0.0, 0.0, 158.16937630173095, 0.0, 0.0, 0.0, 0.0, 0.0, 0.0, 0.0, 0.0, 0.0]
INFORMACIÓN : 7apuestaBundle [805.3712752817618, 283.2240506220495, 236.65380392851785, 189.10803913339657]
INFORMACIÓN : 7positionsBundle [668, 530, 2493, 460]
INFORMACIÓN : 7levelsBundle [3, 2, 2, 1]
INFORMACIÓN : 7positionsOrdered [460, 668, 530, 2493]
INFORMACIÓN : 7levelsOrdered [1, 3, 2, 2]
INFORMACIÓN : 7partialityOrdered [1, 3, 2, 2]
INFORMACIÓN : 7arrivalTimes [6.759716823945292, 19.507030508184233, 31.876347385037214, 72.98595696722614]
INFORMACIÓN : I [AB]; lost Test.myBail@2be2602b; POS 530; sensors [MW]; level 2 I paid 283.2240506220495in favour of7@(myturtles,myturtles,bug)@MK-18512 paid 290.1257863964851
INFORMACIÓN : 8historia0[0.0, 794.6538448454423, 0.0, 788.1463930239528, 0.0, 0.0, 0.0, 0.0, 0.0, 0.0, 0.0, 0.0, 0.0, 0.0, 0.0, 785.657768397033, 0.0, 0.0, 288.5761065191271, 0.0, 0.0, 0.0, 0.0, 0.0, 0.0, 0.0, 0.0, 0.0, 0.0, 138.09892019777328, 800.9676541590972, 0.0, 0.0, 0.0, 780.2632404103151, 0.0, 0.0, 0.0, 803.0380311791647, 0.0, 0.0, 0.0, 0.0, 248.45834215045426, 157.6396074102097, 0.0, 0.0, 0.0, 0.0, 0.0, 0.0, 793.4960269493413, 771.1041930660277, 0.0, 0.0, 271.1412324511921, 0.0, 0.0, 0.0, 0.0, 0.0, 0.0, 0.0, 0.0, 0.0, 0.0, 0.0, 0.0, 0.0, 786.4125010855488, 0.0, 0.0, 284.64035780748725, 0.0, 0.0, 0.0, 0.0, 0.0, 0.0, 0.0, 50.25421563292571, 0.0, 275.93145329240866, 0.0, 0.0, 0.0, 0.0, 276.64495214612475, 0.0, 767.2104208371699, 0.0, 0.0, 0.0, 803.19463052046, 0.0, 0.0, 0.0, 0.0, 0.0, 0.0, 0.0, 0.0, 0.0, 0.0, 0.0, 0.0, 0.0, 0.0, 0.0, 0.0, 0.0, 0.0, 0.0, 0.0, 0.0, 0.0, 805.3712752817618, 0.0, 0.0, 0.0, 0.0, 0.0, 0.0, 0.0, 0.0, 0.0, 0.0, 0.0, 0.0, 0.0, 0.0, 0.0, 290.1257863964851, 0.0, 784.7572054097909, 0.0, 0.0, 0.0, 0.0, 0.0, 0.0, 0.0, 0.0, 0.0, 0.0, 794.8099638217828, 0.0, 0.0, 0.0, 0.0, 0.0, 0.0, 0.0, 0.0, 0.0, 0.0, 0.0, 0.0, 0.0, 0.0, 0.0, 0.0, 0.0, 0.0, 0.0, 0.0, 0.0, 0.0, 0.0, 0.0]
INFORMACIÓN : 8apuestaBundle [805.3712752817618, 257.95133040320604, 186.13719565570696, 168.0828510960855]
INFORMACIÓN : 8positionsBundle [668, 2069, 967, 980]
INFORMACIÓN : 8levelsBundle [3, 2, 1, 1]
INFORMACIÓN : 8positionsOrdered [668, 967, 2069, 980]
INFORMACIÓN : 8levelsOrdered [3, 1, 2, 1]
INFORMACIÓN : 8partialityOrdered [3, 1, 2, 1]
INFORMACIÓN : 8arrivalTimes [19.507030508184233, 25.58979303848245, 48.52790388370225, 73.12465163619994]
INFORMACIÓN : timeSat position 2069 level 2
INFORMACIÓN : I [AB]; lost Test.myBail@7645b86d; POS 2069; sensors [MW]; level 2 I paid 257.95133040320604in favour ofnull paid 257.95133040320604
INFORMACIÓN : 9historia0[0.0, 0.0, 0.0, 0.0, 0.0, 0.0, 0.0, 0.0, 0.0, 0.0, 356.56669060115325, 0.0, 0.0, 0.0, 0.0, 0.0, 0.0, 0.0, 0.0, 0.0, 0.0, 0.0, 0.0, 0.0, 0.0, 0.0, 0.0, 0.0, 0.0, 0.0, 0.0, 0.0, 0.0, 0.0, 0.0, 0.0, 0.0, 0.0, 803.0380311791647, 0.0, 0.0, 0.0, 0.0, 0.0, 0.0, 0.0, 0.0, 0.0, 0.0, 0.0, 0.0, 793.4960269493413, 773.9918367317113, 0.0, 0.0, 0.0, 0.0, 0.0, 0.0, 0.0, 0.0, 0.0, 0.0, 0.0, 0.0, 0.0, 0.0, 0.0, 0.0, 0.0, 0.0, 0.0, 284.64035780748725, 165.46452079815776, 794.0226459603748, 0.0, 0.0, 0.0, 0.0, 153.9454708410001, 0.0, 0.0, 254.78415565108537, 0.0, 0.0, 0.0, 0.0, 276.64495214612475, 0.0, 768.812057893491, 0.0, 0.0, 0.0, 0.0, 748.0617446575827, 0.0, 0.0, 0.0, 0.0, 0.0, 0.0, 0.0, 0.0, 0.0, 0.0, 0.0, 0.0, 0.0, 0.0, 0.0, 0.0, 0.0, 0.0, 0.0, 0.0, 0.0, 805.3712752817618, 0.0, 0.0, 0.0, 0.0, 0.0, 0.0, 0.0, 0.0, 0.0, 789.5144872881588, 0.0, 65.57949539770755, 0.0, 0.0, 0.0, 290.1257863964851, 0.0, 784.7572054097909, 0.0, 0.0, 0.0, 0.0, 0.0, 0.0, 0.0, 0.0, 0.0, 0.0, 0.0, 0.0, 0.0, 0.0, 791.4718620213806, 0.0, 0.0, 0.0, 0.0, 0.0, 0.0, 0.0, 0.0, 0.0, 0.0, 167.86963799622006, 0.0, 0.0, 0.0, 224.95269193401975, 356.56669060115325, 0.0, 0.0, 0.0, 0.0]
INFORMACIÓN : 9apuestaBundle [805.3712752817618, 766.5350659446922, 765.7218061888431, 236.65380392851785]
INFORMACIÓN : 9positionsBundle [668, 2068, 2073, 2493]
INFORMACIÓN : 9levelsBundle [3, 3, 3, 2]
INFORMACIÓN : 9positionsOrdered [668, 2068, 2073, 2493]
INFORMACIÓN : 9levelsOrdered [3, 3, 3, 2]
INFORMACIÓN : 9partialityOrdered [3, 3, 3, 2]
INFORMACIÓN : 9arrivalTimes [19.507030508184233, 47.50703050818423, 52.50703050818423, 74.49043575574312]
INFORMACIÓN : coalSat position 2068 level 3
INFORMACIÓN : coalSat position 2073 level 3
INFORMACIÓN : I [AB]; lost Test.myBail@51670163; POS 2068; sensors [IR, MW]; level 3 I paid 766.5350659446922in favour ofnull paid 766.5350659446922
INFORMACIÓN : 10historia0[0.0, 0.0, 0.0, 791.5770171156256, 774.5953976832776, 0.0, 780.8886456326705, 0.0, 0.0, 0.0, 0.0, 0.0, 0.0, 0.0, 0.0, 760.6805034336086, 0.0, 0.0, 0.0, 0.0, 0.0, 0.0, 0.0, 0.0, 0.0, 0.0, 0.0, 0.0, 0.0, 0.0, 0.0, 0.0, 0.0, 0.0, 0.0, 0.0, 0.0, 0.0, 803.0380311791647, 0.0, 0.0, 0.0, 0.0, 0.0, 0.0, 0.0, 0.0, 0.0, 0.0, 0.0, 0.0, 793.4960269493413, 774.0587475587656, 770.4300280923044, 0.0, 0.0, 0.0, 0.0, 0.0, 0.0, 0.0, 0.0, 0.0, 0.0, 0.0, 0.0, 0.0, 0.0, 0.0, 0.0, 0.0, 0.0, 0.0, 0.0, 794.0226459603748, 0.0, 0.0, 0.0, 0.0, 0.0, 0.0, 0.0, 0.0, 0.0, 0.0, 0.0, 0.0, 0.0, 0.0, 0.0, 0.0, 0.0, 0.0, 0.0, 748.0617446575827, 0.0, 0.0, 0.0, 0.0, 0.0, 0.0, 0.0, 0.0, 0.0, 0.0, 0.0, 0.0, 0.0, 0.0, 760.9425832020544, 0.0, 0.0, 0.0, 0.0, 0.0, 0.0, 805.3712752817618, 0.0, 0.0, 0.0, 0.0, 0.0, 0.0, 0.0, 0.0, 0.0, 789.5144872881588, 0.0, 0.0, 0.0, 0.0, 0.0, 290.1257863964851, 0.0, 784.7572054097909, 0.0, 0.0, 0.0, 0.0, 0.0, 0.0, 0.0, 0.0, 0.0, 0.0, 0.0, 0.0, 0.0, 0.0, 788.8837489555539, 0.0, 0.0, 0.0, 0.0, 0.0, 0.0, 0.0, 0.0, 0.0, 0.0, 0.0, 0.0, 0.0, 0.0, 0.0, 0.0, 0.0, 0.0, 0.0, 0.0]
INFORMACIÓN : 10apuestaBundle [805.3712752817618, 347.25013469500163, 347.25013469500163, 261.25526262488, 259.87699735444176]
INFORMACIÓN : 10positionsBundle [668, 2457, 2457, 1923, 1028]
INFORMACIÓN : 10levelsBundle [3, 2, 2, 2, 2]
INFORMACIÓN : 10positionsOrdered [668, 2457, 2457, 1923, 1028]
INFORMACIÓN : 10levelsOrdered [3, 2, 2, 2, 2]
INFORMACIÓN : 10partialityOrdered [3, 3, 3, 2, 2]
INFORMACIÓN : 10arrivalTimes [19.507030508184233, 57.15009095762166, 57.15009095762166, 76.56657879656926, 95.24812048883867]
INFORMACIÓN : mutexSat position 2457 level 2
INFORMACIÓN : mutexSat position 2457 level 2
INFORMACIÓN : coalSat position 1028 level 2
INFORMACIÓN : I [AB]; lost Test.myBail@463ae739; POS 2457; sensors [MW]; level 2 I paid 347.25013469500163in favour ofnull paid 347.25013469500163
INFORMACIÓN : 11historia0[0.0, 0.0, 0.0, 0.0, 0.0, 0.0, 780.8886456326705, 0.0, 0.0, 0.0, 0.0, 0.0, 0.0, 0.0, 0.0, 0.0, 0.0, 0.0, 0.0, 0.0, 0.0, 0.0, 0.0, 0.0, 0.0, 0.0, 0.0, 0.0, 0.0, 0.0, 0.0, 0.0, 0.0, 0.0, 755.775068964692, 0.0, 0.0, 0.0, 803.0380311791647, 0.0, 0.0, 0.0, 0.0, 0.0, 0.0, 0.0, 0.0, 0.0, 0.0, 0.0, 0.0, 793.4960269493413, 0.0, 770.4300280923044, 0.0, 269.7074304979616, 0.0, 0.0, 0.0, 0.0, 0.0, 0.0, 0.0, 0.0, 0.0, 0.0, 0.0, 0.0, 0.0, 0.0, 0.0, 0.0, 0.0, 0.0, 794.1041561088216, 0.0, 0.0, 0.0, 0.0, 0.0, 0.0, 0.0, 0.0, 781.2211863478656, 0.0, 0.0, 0.0, 0.0, 0.0, 768.9129062321488, 0.0, 0.0, 0.0, 0.0, 0.0, 0.0, 0.0, 0.0, 0.0, 0.0, 0.0, 0.0, 0.0, 0.0, 0.0, 0.0, 0.0, 0.0, 0.0, 0.0, 0.0, 0.0, 0.0, 0.0, 0.0, 0.0, 805.3712752817618, 0.0, 0.0, 0.0, 0.0, 0.0, 0.0, 0.0, 0.0, 0.0, 789.4036861300057, 0.0, 0.0, 0.0, 0.0, 0.0, 0.0, 0.0, 784.7572054097909, 0.0, 0.0, 0.0, 0.0, 0.0, 0.0, 0.0, 0.0, 0.0, 0.0, 771.529364415834, 0.0, 756.959207556269, 0.0, 788.8837489555539, 0.0, 0.0, 0.0, 0.0, 0.0, 0.0, 0.0, 0.0, 0.0, 0.0, 0.0, 0.0, 0.0, 0.0, 0.0, 0.0, 0.0, 0.0, 0.0, 0.0]
