37;1;1;4;25805230;1;0;29999.999999999996
47;0;2;4;25805230;1;0;29999.999999999996
24;3;2;1;25805230;1;0;29999.999999999996
36;2;1;3;84342814;1;0;29999.999999999996
39;0;3;3;84342814;1;0;29999.999999999996
42;0;2;4;84342814;1;0;29999.999999999996
53;1;2;3;84342814;1;0;29999.999999999996
20;1;2;3;84342814;1;0;29999.999999999996
32;2;1;3;84342814;1;0;29999.999999999996
27;3;1;3;84342814;1;0;29999.999999999996
56;2;3;2;84342814;1;0;29999.999999999996
48;1;3;3;84342814;1;0;29999.999999999996
38;0;1;5;39161871;1;0;29999.999999999996
50;0;3;3;39161871;1;0;29999.999999999996
24;4;2;0;39161871;1;0;29999.999999999996
33;2;2;2;25805230;1;0;29999.999999999996
41;1;2;3;25805230;1;0;29999.999999999996
52;0;2;4;25805230;1;0;29999.999999999996
22;3;2;1;25805230;1;0;29999.999999999996
30;3;2;2;25805230;1;0;29999.999999999996
45;0;1;6;25805230;1;0;29999.999999999996
30;2;2;2;39161871;1;0;29999.999999999996
34;2;2;2;39161871;1;0;29999.999999999996
46;2;3;1;39161871;1;0;29999.999999999996
54;1;3;2;39161871;1;0;29999.999999999996
21;0;2;5;39161871;1;0;29999.999999999996
42;1;2;4;39161871;1;0;29999.999999999996
36;1;2;3;21095166;1;0;29999.999999999996
48;1;2;3;21095166;1;0;29999.999999999996
26;2;1;3;21095166;1;0;29999.999999999996
41;2;2;2;25426477;1;0;29999.999999999996
45;3;1;2;25426477;1;0;29999.999999999996
49;2;3;1;25426477;1;0;29999.999999999996
55;2;2;2;25426477;1;0;29999.999999999996
25;1;2;3;25426477;1;0;29999.999999999996
33;1;3;2;25426477;1;0;29999.999999999996
37;1;1;5;25426477;1;0;29999.999999999996
23;0;2;5;25426477;1;0;29999.999999999996
29;0;2;5;25426477;1;0;29999.999999999996
40;3;1;2;21095166;1;0;29999.999999999996
44;2;1;3;21095166;1;0;29999.999999999996
52;1;2;3;21095166;1;0;29999.999999999996
20;2;1;3;21095166;1;0;29999.999999999996
32;1;3;3;21095166;1;0;29999.999999999996
28;0;3;4;21095166;1;0;29999.999999999996
51;1;2;3;46403509;1;0;29999.999999999996
25;1;3;2;46403509;1;0;29999.999999999996
40;2;2;2;46403509;1;0;29999.999999999996
21;1;3;2;46403509;1;0;29999.999999999996
29;1;2;3;46403509;1;0;29999.999999999996
35;3;2;1;46403509;1;0;29999.999999999996
44;3;2;1;46403509;1;0;29999.999999999996
49;0;2;4;46403509;1;0;29999.999999999996
54;1;2;3;46403509;1;0;29999.999999999996
39;2;2;2;42500116;1;0;29999.999999999996
43;1;2;3;42500116;1;0;29999.999999999996
47;0;2;4;42500116;1;0;29999.999999999996
51;2;1;3;42500116;1;0;29999.999999999996
53;0;3;3;42500116;1;0;29999.999999999996
22;3;1;2;42500116;1;0;29999.999999999996
27;1;2;3;42500116;1;0;29999.999999999996
31;3;1;2;42500116;1;0;29999.999999999996
35;2;2;2;42500116;1;0;29999.999999999996
34;3;0;3;44740047;1;0;29999.999999999996
46;0;1;5;44740047;1;0;29999.999999999996
26;1;5;0;44740047;1;0;29999.999999999996
31;1;1;4;44740047;1;0;29999.999999999996
38;0;0;6;44740047;1;0;29999.999999999996
43;0;3;3;44740047;1;0;29999.999999999996
50;4;1;1;44740047;1;0;29999.999999999996
23;4;1;1;44740047;1;0;29999.999999999996
28;1;4;1;44740047;1;0;29999.999999999996
102;2;3;1;75005144;1;0;29999.999999999996
79;3;0;3;75005144;1;0;29999.999999999996
82;3;2;1;75005144;1;0;29999.999999999996
86;1;1;4;75005144;1;0;29999.999999999996
90;0;4;2;75005144;1;0;29999.999999999996
96;0;3;3;75005144;1;0;29999.999999999996
99;1;0;6;75005144;1;0;29999.999999999996
87;1;3;3;75005144;1;0;29999.999999999996
94;1;2;4;75005144;1;0;29999.999999999996
103;0;3;3;99910608;1;0;29999.999999999996
84;0;2;4;99910608;1;0;29999.999999999996
93;4;0;2;99910608;1;0;29999.999999999996
98;2;2;2;99910608;1;0;29999.999999999996
107;2;1;3;99910608;1;0;29999.999999999996
80;1;1;4;99910608;1;0;29999.999999999996
88;1;1;4;99910608;1;0;29999.999999999996
95;1;4;2;99910608;1;0;29999.999999999996
91;2;2;3;99910608;1;0;29999.999999999996
87;1;1;4;43785421;1;0;29999.999999999996
90;0;1;5;43785421;1;0;29999.999999999996
94;3;1;2;43785421;1;0;29999.999999999996
74;3;3;0;43785421;1;0;29999.999999999996
80;2;2;2;43785421;1;0;29999.999999999996
85;0;4;2;43785421;1;0;29999.999999999996
83;2;3;2;43785421;1;0;29999.999999999996
81;1;1;5;43785421;1;0;29999.999999999996
82;0;2;5;43785421;1;0;29999.999999999996
81;1;2;3;46943634;1;0;29999.999999999996
89;3;1;2;46943634;1;0;29999.999999999996
100;0;3;3;46943634;1;0;29999.999999999996
106;2;2;2;46943634;1;0;29999.999999999996
83;2;1;3;46943634;1;0;29999.999999999996
85;0;1;5;46943634;1;0;29999.999999999996
92;1;2;3;46943634;1;0;29999.999999999996
97;3;2;1;46943634;1;0;29999.999999999996
101;2;2;2;46943634;1;0;29999.999999999996
101;3;2;1;71077983;1;0;29999.999999999996
84;2;1;3;71077983;1;0;29999.999999999996
93;0;3;3;71077983;1;0;29999.999999999996
103;2;1;3;71077983;1;0;29999.999999999996
91;1;2;3;71077983;1;0;29999.999999999996
98;1;2;3;71077983;1;0;29999.999999999996
105;3;0;1;71077983;1;0;29999.999999999996
88;2;1;3;71077983;1;0;29999.999999999996
86;3;2;1;71077983;1;0;29999.999999999996
104;0;1;5;15823397;1;0;29999.999999999996
106;0;3;3;15823397;1;0;29999.999999999996
109;2;0;4;15823397;1;0;29999.999999999996
89;1;3;2;15823397;1;0;29999.999999999996
92;3;3;0;15823397;1;0;29999.999999999996
95;1;2;3;15823397;1;0;29999.999999999996
100;1;1;4;15823397;1;0;29999.999999999996
102;1;5;0;15823397;1;0;29999.999999999996
96;4;2;0;15823397;1;0;29999.999999999996
144;3;1;2;83100029;1;0;29999.999999999996
118;1;1;4;83100029;1;0;29999.999999999996
135;0;3;3;83100029;1;0;29999.999999999996
145;0;4;2;59234327;1;0;29999.999999999996
130;3;1;2;59234327;1;0;29999.999999999996
136;2;0;4;59234327;1;0;29999.999999999996
142;5;1;0;59234327;1;0;29999.999999999996
148;2;1;3;59234327;1;0;29999.999999999996
151;0;1;5;59234327;1;0;29999.999999999996
132;1;2;3;59234327;1;0;29999.999999999996
134;0;3;3;59234327;1;0;29999.999999999996
139;2;1;2;59234327;1;0;29999.999999999996
138;4;1;1;83100029;1;0;29999.999999999996
150;2;1;3;83100029;1;0;29999.999999999996
130;1;2;3;83100029;1;0;29999.999999999996
131;1;2;3;83100029;1;0;29999.999999999996
147;0;2;5;83100029;1;0;29999.999999999996
141;1;3;3;83100029;1;0;29999.999999999996
149;1;2;3;70903088;1;0;29999.999999999996
131;2;2;2;70903088;1;0;29999.999999999996
140;1;2;3;70903088;1;0;29999.999999999996
137;2;1;2;70903088;1;0;29999.999999999996
143;3;2;1;70903088;1;0;29999.999999999996
146;1;1;4;70903088;1;0;29999.999999999996
153;0;1;5;70903088;1;0;29999.999999999996
128;2;2;2;70903088;1;0;29999.999999999996
135;3;1;2;70903088;1;0;29999.999999999996
141;3;2;1;88100677;1;0;29999.999999999996
147;1;2;3;88100677;1;0;29999.999999999996
150;0;1;5;88100677;1;0;29999.999999999996
119;2;1;3;88100677;1;0;29999.999999999996
129;2;2;2;88100677;1;0;29999.999999999996
138;2;2;2;88100677;1;0;29999.999999999996
133;2;1;3;88100677;1;0;29999.999999999996
144;0;3;3;88100677;1;0;29999.999999999996
152;2;2;2;88100677;1;0;29999.999999999996
152;0;3;3;27429873;1;0;29999.999999999996
143;2;3;1;27429873;1;0;29999.999999999996
133;2;2;1;27429873;1;0;29999.999999999996
137;2;1;3;27429873;1;0;29999.999999999996
145;1;4;1;27429873;1;0;29999.999999999996
157;3;2;1;27429873;1;0;29999.999999999996
128;0;3;3;27429873;1;0;29999.999999999996
140;2;2;2;27429873;1;0;29999.999999999996
149;2;2;0;27429873;1;0;29999.999999999996
148;0;4;2;47488522;1;0;29999.999999999996
151;0;3;3;47488522;1;0;29999.999999999996
132;1;0;5;47488522;1;0;29999.999999999996
134;3;1;2;47488522;1;0;29999.999999999996
139;4;0;1;47488522;1;0;29999.999999999996
142;2;1;3;47488522;1;0;29999.999999999996
129;2;1;3;47488522;1;0;29999.999999999996
146;1;2;3;47488522;1;0;29999.999999999996
136;2;2;2;47488522;1;0;29999.999999999996
194;3;3;0;71004293;1;0;29999.999999999996
198;2;2;2;71004293;1;0;29999.999999999996
168;1;2;3;71004293;1;0;29999.999999999996
178;2;2;2;71004293;1;0;29999.999999999996
184;0;0;6;71004293;1;0;29999.999999999996
190;1;2;3;71004293;1;0;29999.999999999996
204;1;3;3;71004293;1;0;29999.999999999996
187;1;2;4;71004293;1;0;29999.999999999996
200;1;2;4;71004293;1;0;29999.999999999996
181;2;3;1;8221403;1;0;29999.999999999996
183;2;3;1;8221403;1;0;29999.999999999996
186;2;3;1;8221403;1;0;29999.999999999996
192;1;1;4;8221403;1;0;29999.999999999996
195;0;1;5;8221403;1;0;29999.999999999996
197;2;1;3;8221403;1;0;29999.999999999996
189;0;2;5;8221403;1;0;29999.999999999996
175;2;2;3;8221403;1;0;29999.999999999996
202;1;2;4;8221403;1;0;29999.999999999996
183;1;2;3;13537360;1;0;29999.999999999996
192;2;1;3;13537360;1;0;29999.999999999996
200;2;2;2;13537360;1;0;29999.999999999996
180;0;2;4;13537360;1;0;29999.999999999996
189;1;2;3;13537360;1;0;29999.999999999996
198;3;2;1;13537360;1;0;29999.999999999996
186;0;2;4;13537360;1;0;29999.999999999996
195;2;3;1;13537360;1;0;29999.999999999996
177;3;0;3;13537360;1;0;29999.999999999996
180;1;1;4;2984494;1;0;29999.999999999996
188;2;1;3;2984494;1;0;29999.999999999996
196;1;3;2;2984494;1;0;29999.999999999996
177;2;3;1;2984494;1;0;29999.999999999996
179;1;2;3;2984494;1;0;29999.999999999996
182;0;2;4;2984494;1;0;29999.999999999996
185;4;0;2;2984494;1;0;29999.999999999996
191;2;1;4;2984494;1;0;29999.999999999996
193;0;3;4;2984494;1;0;29999.999999999996
178;2;1;3;54723504;1;0;29999.999999999996
184;0;1;5;54723504;1;0;29999.999999999996
187;1;1;4;54723504;1;0;29999.999999999996
191;1;2;3;37761244;1;0;29999.999999999996
193;1;3;2;54723504;1;0;29999.999999999996
201;3;3;0;37761244;1;0;29999.999999999996
196;2;2;0;54723504;1;0;29999.999999999996
182;0;0;6;37761244;1;0;29999.999999999996
169;4;1;0;54723504;1;0;29999.999999999996
199;1;2;3;54723504;1;0;29999.999999999996
190;2;1;3;54723504;1;0;29999.999999999996
181;1;4;1;54723504;1;0;29999.999999999996
188;2;1;3;37761244;1;0;29999.999999999996
194;1;2;3;37761244;1;0;29999.999999999996
174;1;1;4;37761244;1;0;29999.999999999996
179;2;0;4;37761244;1;0;29999.999999999996
185;2;3;2;37761244;1;0;29999.999999999996
197;1;4;2;37761244;1;0;29999.999999999996
247;3;2;1;77125606;1;0;29999.999999999996
230;1;1;4;77125606;1;0;29999.999999999996
239;0;3;3;77125606;1;0;29999.999999999996
237;2;1;3;28092252;1;0;29999.999999999996
243;3;1;2;28092252;1;0;29999.999999999996
242;2;0;4;77125606;1;0;29999.999999999996
246;0;2;4;28092252;1;0;29999.999999999996
245;0;4;2;77125606;1;0;29999.999999999996
218;1;3;2;28092252;1;0;29999.999999999996
233;1;2;3;77125606;1;0;29999.999999999996
226;1;2;3;28092252;1;0;29999.999999999996
236;2;0;4;77125606;1;0;29999.999999999996
231;2;2;2;28092252;1;0;29999.999999999996
234;0;3;4;28092252;1;0;29999.999999999996
229;2;3;2;28092252;1;0;29999.999999999996
240;1;1;5;28092252;1;0;29999.999999999996
222;2;3;2;77125606;1;0;29999.999999999996
249;1;5;1;77125606;1;0;29999.999999999996
238;0;3;3;70146996;1;0;29999.999999999996
248;0;1;5;70146996;1;0;29999.999999999996
228;4;1;1;70146996;1;0;29999.999999999996
228;1;1;4;83881128;1;0;29999.999999999996
246;4;1;1;83881128;1;0;29999.999999999996
237;0;2;4;83881128;1;0;29999.999999999996
234;2;1;3;83881128;1;0;29999.999999999996
224;1;1;4;83881128;1;0;29999.999999999996
243;2;2;2;83881128;1;0;29999.999999999996
232;4;1;1;70146996;1;0;29999.999999999996
235;3;1;2;70146996;1;0;29999.999999999996
241;0;3;3;70146996;1;0;29999.999999999996
227;1;2;3;70146996;1;0;29999.999999999996
244;1;2;4;70146996;1;0;29999.999999999996
225;0;2;5;70146996;1;0;29999.999999999996
248;1;2;3;83881128;1;0;29999.999999999996
240;2;2;2;83881128;1;0;29999.999999999996
231;1;2;4;83881128;1;0;29999.999999999996
244;0;0;6;26574580;1;0;29999.999999999996
227;3;2;1;26574580;1;0;29999.999999999996
235;1;3;2;26574580;1;0;29999.999999999996
238;3;1;2;26574580;1;0;29999.999999999996
241;2;1;3;26574580;1;0;29999.999999999996
247;1;1;4;26574580;1;0;29999.999999999996
225;2;2;2;26574580;1;0;29999.999999999996
232;0;3;4;26574580;1;0;29999.999999999996
229;1;3;3;26574580;1;0;29999.999999999996
242;2;2;2;66989176;1;0;29999.999999999996
218;0;1;5;66989176;1;0;29999.999999999996
239;2;1;3;66989176;1;0;29999.999999999996
245;0;3;3;66989176;1;0;29999.999999999996
249;2;2;1;66989176;1;0;29999.999999999996
226;2;2;2;66989176;1;0;29999.999999999996
230;1;2;3;66989176;1;0;29999.999999999996
236;2;1;2;66989176;1;0;29999.999999999996
233;2;4;0;66989176;1;0;29999.999999999996
276;3;2;1;37117502;1;0;29999.999999999996
285;1;2;3;37117502;1;0;29999.999999999996
294;0;2;4;37117502;1;0;29999.999999999996
279;2;1;3;37117502;1;0;29999.999999999996
288;0;2;4;37117502;1;0;29999.999999999996
296;2;3;1;37117502;1;0;29999.999999999996
293;0;2;4;69510879;1;0;29999.999999999996
275;1;2;3;69510879;1;0;29999.999999999996
283;4;1;1;69510879;1;0;29999.999999999996
263;0;4;2;69510879;1;0;29999.999999999996
278;1;1;4;69510879;1;0;29999.999999999996
286;3;1;2;69510879;1;0;29999.999999999996
280;2;2;2;69510879;1;0;29999.999999999996
289;2;2;2;69510879;1;0;29999.999999999996
274;1;1;4;69510879;1;0;29999.999999999996
282;1;2;3;37117502;1;0;29999.999999999996
291;0;2;4;37117502;1;0;29999.999999999996
272;4;2;1;37117502;1;0;29999.999999999996
281;2;1;2;36450123;1;0;29999.999999999996
290;3;1;2;36450123;1;0;29999.999999999996
266;0;2;4;36450123;1;0;29999.999999999996
293;0;3;3;36450123;1;0;29999.999999999996
297;5;0;1;36450123;1;0;29999.999999999996
274;4;1;1;36450123;1;0;29999.999999999996
278;1;2;3;36450123;1;0;29999.999999999996
287;0;2;4;36450123;1;0;29999.999999999996
284;0;2;4;36450123;1;0;29999.999999999996
298;1;3;2;66211646;1;0;29999.999999999996
273;1;2;3;66211646;1;0;29999.999999999996
277;3;0;3;66211646;1;0;29999.999999999996
285;2;0;4;66211646;1;0;29999.999999999996
288;1;2;3;66211646;1;0;29999.999999999996
295;1;4;1;66211646;1;0;29999.999999999996
282;0;2;4;66211646;1;0;29999.999999999996
291;3;1;2;66211646;1;0;29999.999999999996
301;1;4;2;66211646;1;0;29999.999999999996
280;0;1;5;4031743;1;0;29999.999999999996
289;3;1;1;4031743;1;0;29999.999999999996
273;2;2;2;4031743;1;0;29999.999999999996
292;2;1;1;4031743;1;0;29999.999999999996
295;4;0;2;4031743;1;0;29999.999999999996
277;0;2;4;4031743;1;0;29999.999999999996
283;0;1;5;4031743;1;0;29999.999999999996
286;2;2;2;4031743;1;0;29999.999999999996
275;2;2;2;4031743;1;0;29999.999999999996
272;1;2;3;47023223;1;0;29999.999999999996
281;1;1;3;47023223;1;0;29999.999999999996
290;2;4;0;47023223;1;0;29999.999999999996
276;1;2;3;47023223;1;0;29999.999999999996
284;1;3;2;47023223;1;0;29999.999999999996
292;2;3;1;47023223;1;0;29999.999999999996
279;2;3;1;47023223;1;0;29999.999999999996
287;1;1;4;47023223;1;0;29999.999999999996
294;2;3;1;47023223;1;0;29999.999999999996
325;2;1;3;78251397;1;0;29999.999999999996
328;0;2;4;78251397;1;0;29999.999999999996
332;2;0;4;78251397;1;0;29999.999999999996
333;0;3;3;78251397;1;0;29999.999999999996
323;2;3;1;78251397;1;0;29999.999999999996
321;1;2;3;78251397;1;0;29999.999999999996
336;3;2;2;78251397;1;0;29999.999999999996
339;0;3;4;78251397;1;0;29999.999999999996
342;2;2;3;78251397;1;0;29999.999999999996
327;0;2;4;58314256;1;0;29999.999999999996
349;3;0;2;58314256;1;0;29999.999999999996
337;2;2;2;58314256;1;0;29999.999999999996
334;0;0;6;58314256;1;0;29999.999999999996
344;3;3;0;58314256;1;0;29999.999999999996
324;2;2;2;58314256;1;0;29999.999999999996
318;1;2;3;58314256;1;0;29999.999999999996
330;1;2;3;58314256;1;0;29999.999999999996
340;3;1;2;58314256;1;0;29999.999999999996
331;3;2;1;10085504;1;0;29999.999999999996
341;0;3;3;10085504;1;0;29999.999999999996
322;2;1;3;10085504;1;0;29999.999999999996
329;2;1;3;10085504;1;0;29999.999999999996
338;1;2;3;10085504;1;0;29999.999999999996
317;1;4;1;10085504;1;0;29999.999999999996
335;2;2;2;10085504;1;0;29999.999999999996
343;1;2;3;10085504;1;0;29999.999999999996
326;2;1;2;10085504;1;0;29999.999999999996
340;0;2;4;94526497;1;0;29999.999999999996
321;0;3;3;94526497;1;0;29999.999999999996
323;2;1;3;94526497;1;0;29999.999999999996
325;0;2;4;94526497;1;0;29999.999999999996
328;2;1;3;94526497;1;0;29999.999999999996
331;3;3;0;94526497;1;0;29999.999999999996
334;0;3;3;94526497;1;0;29999.999999999996
337;2;3;1;94526497;1;0;29999.999999999996
343;4;2;0;94526497;1;0;29999.999999999996
333;0;2;4;11465561;1;0;29999.999999999996
336;0;2;4;11465561;1;0;29999.999999999996
339;0;1;5;11465561;1;0;29999.999999999996
341;2;1;3;11465561;1;0;29999.999999999996
342;0;0;6;20348837;1;0;29999.999999999996
327;4;1;1;11465561;1;0;29999.999999999996
322;3;2;1;20348837;1;0;29999.999999999996
330;1;3;2;11465561;1;0;29999.999999999996
332;1;3;2;20348837;1;0;29999.999999999996
320;3;2;2;11465561;1;0;29999.999999999996
344;0;3;4;11465561;1;0;29999.999999999996
324;2;3;2;11465561;1;0;29999.999999999996
338;0;2;4;20348837;1;0;29999.999999999996
317;1;1;4;20348837;1;0;29999.999999999996
326;2;1;3;20348837;1;0;29999.999999999996
335;2;1;3;20348837;1;0;29999.999999999996
329;3;3;1;20348837;1;0;29999.999999999996
345;1;3;3;20348837;1;0;29999.999999999996
373;2;2;2;62823974;1;0;29999.999999999996
377;1;1;4;62823974;1;0;29999.999999999996
380;2;2;2;62823974;1;0;29999.999999999996
384;3;1;2;62823974;1;0;29999.999999999996
387;0;2;4;62823974;1;0;29999.999999999996
369;0;1;5;62823974;1;0;29999.999999999996
371;3;3;1;62823974;1;0;29999.999999999996
376;1;4;2;62823974;1;0;29999.999999999996
390;0;2;5;62823974;1;0;29999.999999999996
393;1;1;4;62361627;1;0;29999.999999999996
375;0;4;2;62361627;1;0;29999.999999999996
385;3;1;2;62361627;1;0;29999.999999999996
379;2;2;2;62361627;1;0;29999.999999999996
382;0;2;4;62361627;1;0;29999.999999999996
388;1;3;2;62361627;1;0;29999.999999999996
372;4;0;2;62361627;1;0;29999.999999999996
391;0;5;2;62361627;1;0;29999.999999999996
368;1;2;4;62361627;1;0;29999.999999999996
392;2;2;2;32973142;1;0;29999.999999999996
383;1;2;3;32973142;1;0;29999.999999999996
362;3;0;3;32973142;1;0;29999.999999999996
386;0;2;4;32973142;1;0;29999.999999999996
374;2;1;3;32973142;1;0;29999.999999999996
381;0;2;4;32973142;1;0;29999.999999999996
389;1;3;2;32973142;1;0;29999.999999999996
378;2;3;1;32973142;1;0;29999.999999999996
370;3;1;2;32973142;1;0;29999.999999999996
371;2;1;2;41679883;1;0;29999.999999999996
379;2;0;4;41679883;1;0;29999.999999999996
387;0;3;3;41679883;1;0;29999.999999999996
385;1;3;2;41679883;1;0;29999.999999999996
388;0;2;4;41679883;1;0;29999.999999999996
375;4;0;2;41679883;1;0;29999.999999999996
378;2;0;4;41679883;1;0;29999.999999999996
382;1;3;3;41679883;1;0;29999.999999999996
391;2;2;3;41679883;1;0;29999.999999999996
392;2;1;3;58532606;1;0;29999.999999999996
397;3;2;1;58532606;1;0;29999.999999999996
369;0;4;2;58532606;1;0;29999.999999999996
373;2;1;3;58532606;1;0;29999.999999999996
377;0;3;3;58532606;1;0;29999.999999999996
381;2;1;3;58532606;1;0;29999.999999999996
383;1;3;2;58532606;1;0;29999.999999999996
386;1;1;4;58532606;1;0;29999.999999999996
390;3;0;3;58532606;1;0;29999.999999999996
376;4;1;1;4793431;1;0;29999.999999999996
389;0;1;5;4793431;1;0;29999.999999999996
370;1;4;1;4793431;1;0;29999.999999999996
384;1;4;1;4793431;1;0;29999.999999999996
368;0;1;5;4793431;1;0;29999.999999999996
374;3;1;1;4793431;1;0;29999.999999999996
380;0;1;5;4793431;1;0;29999.999999999996
361;2;3;1;4793431;1;0;29999.999999999996
372;2;2;1;4793431;1;0;29999.999999999996
