122;2;5;0;61252311;30000.000000000004
124;3;3;0;61252311;30000.000000000004
125;2;5;0;61252311;30000.000000000004
110;5;3;0;61252311;30000.000000000004
121;0;8;0;61252311;30000.000000000004
123;4;4;0;61252311;30000.000000000004
18;3;2;0;70004124;29999.99999999999
36;4;2;2;70004124;29999.99999999999
40;5;1;0;70004124;29999.99999999999
38;3;3;0;70004124;29999.99999999999
33;4;0;2;70004124;29999.99999999999
32;4;2;2;70004124;29999.99999999999
66;2;3;0;58339332;30000.000000000007
113;5;0;0;57412125;29999.999999999996
106;1;3;0;57412125;29999.999999999996
43;2;3;0;57412125;29999.999999999996
109;5;0;4;57412125;29999.999999999996
107;4;1;4;57412125;29999.999999999996
108;4;1;4;57412125;29999.999999999996
129;2;4;0;62793733;30000.000000000004
111;2;3;1;62793733;30000.000000000004
130;2;4;0;62793733;30000.000000000004
120;4;3;3;62793733;30000.000000000004
127;2;4;3;62793733;30000.000000000004
128;5;2;2;62793733;30000.000000000004
84;3;1;3;82495654;30000.0
91;4;2;0;82495654;30000.0
42;3;4;0;82495654;30000.0
77;5;2;0;82495654;30000.0
96;3;2;3;82495654;30000.0
70;2;3;3;82495654;30000.0
40;2;6;0;45530226;30000.000000000007
78;5;3;0;45530226;30000.000000000007
65;2;7;0;45530226;30000.000000000007
72;3;2;0;45530226;30000.000000000007
97;1;5;0;45530226;30000.000000000007
85;4;3;0;45530226;30000.000000000007
56;3;2;0;40229912;29999.999999999996
119;4;0;0;9311228;30000.0
54;2;5;0;40229912;29999.999999999996
57;3;4;0;40229912;29999.999999999996
58;3;4;0;40229912;29999.999999999996
52;7;0;0;40229912;29999.999999999996
55;2;5;0;40229912;29999.999999999996
121;3;3;0;9311228;30000.0
120;3;3;0;9311228;30000.0
123;2;3;1;9311228;30000.0
122;5;3;1;9311228;30000.0
118;2;6;1;9311228;30000.0
69;4;1;0;79186395;29999.999999999993
83;4;1;0;79186395;29999.999999999993
76;4;0;0;79186395;29999.999999999993
66;3;0;0;87004679;30000.000000000004
68;4;6;0;87004679;30000.000000000004
51;4;6;0;87004679;30000.000000000004
65;2;4;0;87004679;30000.000000000004
73;3;4;0;58339332;30000.000000000007
69;5;1;0;87004679;30000.000000000004
87;3;2;4;58339332;30000.000000000007
82;3;3;0;58339332;30000.000000000007
67;2;5;0;87004679;30000.000000000004
26;2;3;0;38545090;29999.999999999993
53;4;0;3;79186395;29999.999999999993
95;4;1;3;79186395;29999.999999999993
90;3;1;3;79186395;29999.999999999993
28;2;3;4;38545090;29999.999999999993
25;6;0;0;38545090;29999.999999999993
24;4;2;0;38545090;29999.999999999993
27;4;1;4;38545090;29999.999999999993
16;2;3;4;38545090;29999.999999999993
41;4;0;0;68869488;29999.999999999993
89;2;1;4;68869488;29999.999999999993
94;6;3;0;68869488;29999.999999999993
64;4;2;0;68869488;29999.999999999993
79;1;4;4;68869488;29999.999999999993
71;3;2;4;68869488;29999.999999999993
92;2;4;4;58339332;30000.000000000007
52;3;2;4;58339332;30000.000000000007
86;4;6;0;3759640;29999.999999999996
67;3;3;0;3759640;29999.999999999996
93;4;3;0;3759640;29999.999999999996
74;4;3;0;3759640;29999.999999999996
80;1;3;0;3759640;29999.999999999996
37;1;2;0;7719061;30000.0
46;1;8;0;3759640;29999.999999999996
88;4;0;0;27194859;30000.0
84;0;7;0;27194859;30000.0
85;1;4;6;27194859;30000.0
82;3;1;6;27194859;30000.0
86;3;3;0;27194859;30000.0
87;5;1;6;27194859;30000.0
34;4;0;2;7719061;30000.0
19;2;6;0;7719061;30000.0
39;4;4;0;7719061;30000.0
31;4;2;2;7719061;30000.0
35;5;2;2;7719061;30000.0
117;3;0;0;59954923;30000.0
108;5;1;0;34676565;29999.999999999993
112;1;5;0;34676565;29999.999999999993
109;1;3;4;34676565;29999.999999999993
111;2;3;4;34676565;29999.999999999993
102;1;4;4;34676565;29999.999999999993
110;6;0;0;34676565;29999.999999999993
73;4;0;0;60160061;30000.000000000007
74;3;2;0;60160061;30000.000000000007
61;4;2;1;60160061;30000.000000000007
76;5;2;1;60160061;30000.000000000007
75;3;3;0;60160061;30000.000000000007
72;4;3;1;60160061;30000.000000000007
99;3;3;2;45083398;29999.999999999996
93;2;3;2;45083398;29999.999999999996
98;1;4;1;45083398;29999.999999999996
97;4;1;1;45083398;29999.999999999996
96;1;4;1;45083398;29999.999999999996
100;6;1;2;45083398;29999.999999999996
63;2;5;0;59954923;30000.0
116;4;1;2;59954923;30000.0
112;5;1;2;59954923;30000.0
118;3;4;0;59954923;30000.0
114;4;1;2;59954923;30000.0
243;3;2;0;43654273;29999.999999999993
241;3;4;0;43654273;29999.999999999993
244;3;5;0;43654273;29999.999999999993
258;3;2;3;43654273;29999.999999999993
249;4;1;3;43654273;29999.999999999993
255;3;2;3;43654273;29999.999999999993
243;5;0;0;68112024;30000.000000000007
249;4;3;0;68112024;30000.000000000007
245;4;3;0;68112024;30000.000000000007
255;0;5;4;68112024;30000.000000000007
234;0;5;4;68112024;30000.000000000007
253;3;2;4;68112024;30000.000000000007
264;4;1;0;10110503;30000.000000000007
266;3;2;0;10110503;30000.000000000007
248;3;2;5;10110503;30000.000000000007
269;3;4;0;10110503;30000.000000000007
262;2;1;5;10110503;30000.000000000007
259;3;0;5;10110503;30000.000000000007
233;4;0;0;52096642;30000.00000000001
241;1;3;3;52096642;30000.00000000001
230;2;3;3;52096642;30000.00000000001
231;1;6;0;52096642;30000.00000000001
238;2;6;0;52096642;30000.00000000001
244;6;0;3;52096642;30000.00000000001
201;3;2;0;83047600;30000.0
247;2;2;0;72931867;30000.000000000007
252;5;0;0;72931867;30000.000000000007
197;4;3;0;83047600;30000.0
205;2;6;0;83047600;30000.0
210;3;1;3;83047600;30000.0
188;4;1;3;83047600;30000.0
191;4;1;3;83047600;30000.0
260;4;1;0;51130935;29999.999999999996
245;4;0;2;51130935;29999.999999999996
262;5;3;0;51130935;29999.999999999996
254;5;2;0;51130935;29999.999999999996
251;1;4;2;51130935;29999.999999999996
266;2;4;2;51130935;29999.999999999996
203;3;0;0;85401306;30000.0
208;5;5;0;85401306;30000.0
198;5;5;0;85401306;30000.0
190;3;0;2;85401306;30000.0
213;2;2;2;85401306;30000.0
187;3;2;2;85401306;30000.0
218;2;4;0;25623337;30000.000000000004
242;8;1;0;72931867;30000.000000000007
214;3;5;2;25623337;30000.000000000004
222;2;4;0;25623337;30000.000000000004
256;0;4;5;72931867;30000.000000000007
232;3;0;5;72931867;30000.000000000007
239;1;3;5;72931867;30000.000000000007
204;2;2;3;25623337;30000.000000000004
209;3;3;3;25623337;30000.000000000004
192;6;0;1;25623337;30000.000000000004
214;3;2;0;86659750;30000.0
246;5;0;0;41942247;30000.000000000015
225;5;2;0;86659750;30000.0
209;3;6;0;86659750;30000.0
222;6;0;0;86659750;30000.0
228;2;4;0;86659750;30000.0
218;1;6;0;86659750;30000.0
223;2;3;0;28261384;29999.999999999996
231;4;2;3;28261384;29999.999999999996
184;5;1;0;35069549;30000.0
185;3;4;0;35069549;30000.0
188;6;0;0;35069549;30000.0
182;3;1;0;35069549;30000.0
187;3;3;0;35069549;30000.0
186;3;5;0;35069549;30000.0
233;3;2;0;43477288;30000.0
236;1;2;0;43477288;30000.0
202;3;2;0;89201039;30000.0
224;3;3;1;43477288;30000.0
230;5;3;1;43477288;30000.0
234;3;5;1;43477288;30000.0
227;4;3;0;43477288;30000.0
219;2;3;3;28261384;29999.999999999996
212;2;3;3;28261384;29999.999999999996
229;2;6;0;28261384;29999.999999999996
226;4;5;0;28261384;29999.999999999996
374;2;1;0;7683408;29999.999999999993
373;1;7;1;7683408;29999.999999999993
376;6;2;2;7683408;29999.999999999993
371;2;4;3;7683408;29999.999999999993
375;3;2;2;7683408;29999.999999999993
372;1;8;1;7683408;29999.999999999993
261;3;3;0;41942247;30000.000000000015
237;5;2;3;41942247;30000.000000000015
257;3;1;3;41942247;30000.000000000015
250;3;1;3;41942247;30000.000000000015
254;3;3;0;41942247;30000.000000000015
199;3;1;3;85441940;30000.0
201;6;0;0;85441940;30000.0
196;5;0;3;85441940;30000.0
195;5;1;4;85441940;30000.0
203;0;4;1;85441940;30000.0
192;3;4;1;85441940;30000.0
197;3;2;1;89201039;30000.0
198;3;2;1;89201039;30000.0
200;1;6;1;89201039;30000.0
204;4;4;0;89201039;30000.0
194;5;4;0;89201039;30000.0
257;4;0;0;88404026;30000.000000000004
248;4;2;0;88404026;30000.000000000004
246;4;2;0;88404026;30000.000000000004
242;5;1;0;88404026;30000.000000000004
250;4;2;0;88404026;30000.000000000004
253;4;3;0;88404026;30000.000000000004
224;3;0;0;43149607;29999.999999999996
217;1;5;0;43149607;29999.999999999996
221;4;1;0;43149607;29999.999999999996
195;4;3;0;43149607;29999.999999999996
207;2;5;0;43149607;29999.999999999996
211;5;4;0;43149607;29999.999999999996
381;5;0;0;9079309;29999.999999999996
378;3;3;0;9079309;29999.999999999996
377;1;7;0;9079309;29999.999999999996
383;3;2;5;9079309;29999.999999999996
382;2;2;5;9079309;29999.999999999996
384;1;4;5;9079309;29999.999999999996
308;3;2;0;27214151;30000.000000000007
309;2;5;0;27214151;30000.000000000007
306;4;2;3;27214151;30000.000000000007
304;3;4;0;27214151;30000.000000000007
305;2;3;3;27214151;30000.000000000007
307;4;2;3;27214151;30000.000000000007
341;4;0;3;68655216;29999.999999999996
347;3;1;0;68655216;29999.999999999996
345;6;1;0;68655216;29999.999999999996
348;6;0;0;68655216;29999.999999999996
343;2;4;3;68655216;29999.999999999996
331;2;4;3;68655216;29999.999999999996
334;3;2;0;32340328;30000.0
397;5;0;0;25742560;30000.0
396;4;0;0;25742560;30000.0
392;4;1;0;38170315;30000.000000000007
389;2;3;0;38170315;30000.000000000007
365;4;1;0;93092685;30000.0
363;4;1;0;93092685;30000.0
390;5;2;0;38170315;30000.000000000007
379;3;3;0;38170315;30000.000000000007
386;5;3;0;38170315;30000.000000000007
391;4;2;0;38170315;30000.000000000007
366;3;4;0;93092685;30000.0
361;2;6;0;93092685;30000.0
364;4;3;0;93092685;30000.0
362;3;5;0;93092685;30000.0
400;6;0;0;25742560;30000.0
395;6;0;0;25742560;30000.0
399;3;3;0;25742560;30000.0
398;3;3;0;25742560;30000.0
371;2;3;0;91343640;30000.0
370;3;0;0;91343640;30000.0
470;5;0;0;76476881;30000.000000000004
474;5;1;0;76476881;30000.000000000004
476;4;0;3;76476881;30000.000000000004
472;3;1;0;76476881;30000.000000000004
453;4;0;3;76476881;30000.000000000004
465;5;0;3;76476881;30000.000000000004
338;5;1;0;32340328;30000.0
337;2;6;0;32340328;30000.0
339;2;7;0;32340328;30000.0
325;4;3;0;32340328;30000.0
336;2;5;0;32340328;30000.0
374;2;6;1;91343640;30000.0
372;3;5;1;91343640;30000.0
369;5;1;0;91343640;30000.0
373;4;5;1;91343640;30000.0
467;5;0;0;16440212;29999.99999999998
329;2;4;2;89096444;30000.0
324;2;3;2;89096444;30000.0
327;1;3;2;89096444;30000.0
323;1;5;2;89096444;30000.0
326;5;0;2;89096444;30000.0
330;7;1;2;89096444;30000.0
501;3;2;3;77846105;29999.999999999996
504;2;1;3;77846105;29999.999999999996
497;5;0;3;77846105;29999.999999999996
499;1;3;3;77846105;29999.999999999996
494;5;0;3;77846105;29999.999999999996
506;5;0;3;77846105;29999.999999999996
648;2;4;2;53430000;29999.999999999993
659;3;3;3;53430000;29999.999999999993
656;3;2;2;53430000;29999.999999999993
660;2;4;2;53430000;29999.999999999993
658;3;2;3;53430000;29999.999999999993
657;3;3;3;53430000;29999.999999999993
489;4;2;0;16440212;29999.99999999998
487;3;2;0;16440212;29999.99999999998
488;1;3;4;16440212;29999.99999999998
486;5;0;4;16440212;29999.99999999998
490;2;3;4;16440212;29999.99999999998
619;5;0;0;41534912;29999.999999999996
451;5;0;0;1665578;30000.0
445;2;7;0;1665578;30000.0
456;0;7;0;1665578;30000.0
461;1;2;1;1665578;30000.0
457;3;5;1;1665578;30000.0
459;6;3;1;1665578;30000.0
495;2;1;0;16097035;30000.0
496;5;0;0;16097035;30000.0
525;4;0;0;61226384;29999.999999999993
527;1;1;0;61226384;29999.999999999993
624;1;4;0;5938678;30000.0
526;4;2;0;61226384;29999.999999999993
530;7;0;0;61226384;29999.999999999993
529;5;4;0;61226384;29999.999999999993
528;2;7;0;61226384;29999.999999999993
455;4;1;0;52852856;29999.999999999993
437;5;0;0;52852856;29999.999999999993
649;2;3;0;64855515;30000.000000000007
447;5;3;0;52852856;29999.999999999993
443;2;4;3;52852856;29999.999999999993
458;2;4;3;52852856;29999.999999999993
450;1;4;3;52852856;29999.999999999993
652;2;7;0;64855515;30000.000000000007
651;3;6;0;64855515;30000.000000000007
653;4;0;0;64855515;30000.000000000007
650;2;6;0;64855515;30000.000000000007
647;4;4;0;64855515;30000.000000000007
615;3;0;0;49229953;30000.000000000007
620;6;0;0;49229953;30000.000000000007
623;5;1;0;49229953;30000.000000000007
622;2;5;0;49229953;30000.000000000007
617;5;1;0;49229953;30000.000000000007
621;3;5;0;49229953;30000.000000000007
644;5;2;1;41534912;29999.999999999996
642;1;2;3;41534912;29999.999999999996
643;2;3;3;41534912;29999.999999999996
640;2;4;2;41534912;29999.999999999996
637;5;3;0;41534912;29999.999999999996
627;2;2;1;26342093;30000.0
586;3;0;0;70346103;30000.000000000007
583;3;2;4;70346103;30000.000000000007
464;4;1;0;57103650;30000.000000000004
471;4;1;4;57103650;30000.000000000004
479;6;0;0;57103650;30000.000000000004
477;3;3;0;57103650;30000.000000000004
584;4;1;3;70346103;30000.000000000007
580;3;2;4;70346103;30000.000000000007
473;0;5;4;57103650;30000.000000000004
475;3;2;4;57103650;30000.000000000004
585;2;6;0;70346103;30000.000000000007
587;3;5;1;70346103;30000.000000000007
632;3;2;0;5938678;30000.0
616;5;2;0;5938678;30000.0
634;7;0;0;5938678;30000.0
630;1;7;0;5938678;30000.0
626;3;5;0;5938678;30000.0
493;6;0;0;16097035;30000.0
498;2;3;4;16097035;30000.0
500;3;2;4;16097035;30000.0
502;3;2;4;16097035;30000.0
597;3;2;0;64611607;30000.00000000001
599;5;1;0;64611607;30000.00000000001
601;3;2;1;64611607;30000.00000000001
595;4;4;1;64611607;30000.00000000001
600;3;0;0;64611607;30000.00000000001
593;4;5;1;64611607;30000.00000000001
513;4;1;0;23848774;30000.000000000007
503;0;5;3;23848774;30000.000000000007
514;5;3;0;23848774;30000.000000000007
510;0;5;3;23848774;30000.000000000007
511;5;0;3;23848774;30000.000000000007
512;4;4;0;23848774;30000.000000000007
521;4;3;0;65492877;30000.000000000007
522;3;1;0;65492877;30000.000000000007
519;3;3;0;65492877;30000.000000000007
520;3;4;0;65492877;30000.000000000007
517;4;5;0;65492877;30000.000000000007
518;3;6;0;65492877;30000.000000000007
618;4;2;0;26342093;30000.0
629;2;2;1;26342093;30000.0
625;1;6;1;26342093;30000.0
631;6;1;0;26342093;30000.0
633;4;5;0;26342093;30000.0
565;2;5;1;39942663;30000.00000000001
563;1;3;1;39942663;30000.00000000001
567;3;2;1;39942663;30000.00000000001
557;1;3;4;39942663;30000.00000000001
566;2;4;4;39942663;30000.00000000001
564;5;1;4;39942663;30000.00000000001
609;5;2;1;70470442;29999.999999999993
610;2;7;1;70470442;29999.999999999993
608;1;7;1;70470442;29999.999999999993
611;3;1;0;70470442;29999.999999999993
612;0;6;0;70470442;29999.999999999993
607;1;5;0;70470442;29999.999999999993
55;4;0;2;33903899;29999.999999999993
52;5;0;2;33903899;29999.999999999993
33;4;1;2;33903899;29999.999999999993
44;4;1;2;33903899;29999.999999999993
40;2;3;2;33903899;29999.999999999993
49;2;3;2;33903899;29999.999999999993
38;3;2;0;76012166;30000.000000000004
51;2;2;3;76012166;30000.000000000004
31;3;1;3;76012166;30000.000000000004
42;5;3;0;76012166;30000.000000000004
56;2;2;3;76012166;30000.000000000004
47;4;4;0;76012166;30000.000000000004
98;4;0;0;1777808;30000.000000000004
99;3;2;0;1777808;30000.000000000004
101;6;0;0;1777808;30000.000000000004
95;3;2;3;1777808;30000.000000000004
103;3;2;3;1777808;30000.000000000004
102;3;2;3;1777808;30000.000000000004
86;3;0;0;40191191;29999.999999999996
82;4;3;0;40191191;29999.999999999996
88;3;5;0;40191191;29999.999999999996
87;4;1;5;40191191;29999.999999999996
84;3;1;5;40191191;29999.999999999996
89;3;2;5;40191191;29999.999999999996
37;7;0;0;4779444;30000.0
50;2;5;0;4779444;30000.0
54;5;1;0;4779444;30000.0
32;3;4;0;4779444;30000.0
46;3;3;0;4779444;30000.0
41;2;3;0;4779444;30000.0
110;1;0;0;24995949;29999.999999999996
126;4;0;0;42029228;29999.99999999999
125;5;0;0;42029228;29999.99999999999
109;4;3;0;24995949;29999.999999999996
106;3;2;4;24995949;29999.999999999996
111;3;3;0;24995949;29999.999999999996
108;5;1;4;24995949;29999.999999999996
113;3;3;4;24995949;29999.999999999996
130;5;2;0;42029228;29999.99999999999
127;3;5;0;42029228;29999.99999999999
129;2;5;0;42029228;29999.99999999999
128;5;2;0;42029228;29999.99999999999
45;4;1;0;14945540;29999.999999999996
76;0;8;1;14945540;29999.999999999996
75;1;6;1;14945540;29999.999999999996
72;4;1;1;14945540;29999.999999999996
74;3;3;2;14945540;29999.999999999996
73;4;3;1;14945540;29999.999999999996
57;4;0;0;14365163;30000.00000000001
39;2;5;0;14365163;30000.00000000001
48;3;5;0;14365163;30000.00000000001
30;2;5;0;14365163;30000.00000000001
43;6;1;0;14365163;30000.00000000001
53;2;6;0;14365163;30000.00000000001
27;3;2;0;93886901;29999.999999999993
31;1;5;0;93886901;29999.999999999993
36;1;5;0;93886901;29999.999999999993
35;5;0;5;93886901;29999.999999999993
34;5;0;5;93886901;29999.999999999993
32;3;2;5;93886901;29999.999999999993
47;4;2;1;25717914;30000.000000000007
33;4;0;1;25717914;30000.000000000007
21;3;3;1;25717914;30000.000000000007
42;1;2;5;25717914;30000.000000000007
46;2;1;5;25717914;30000.000000000007
44;5;0;5;25717914;30000.000000000007
95;4;1;0;68848560;30000.0
104;2;3;3;68848560;30000.0
103;3;3;0;68848560;30000.0
105;1;4;3;68848560;30000.0
102;4;3;0;68848560;30000.0
107;6;0;3;68848560;30000.0
119;4;0;0;66076995;29999.999999999993
128;4;2;0;66076995;29999.999999999993
126;5;0;0;66076995;29999.999999999993
121;2;2;2;66076995;29999.999999999993
122;5;1;2;66076995;29999.999999999993
124;5;1;2;66076995;29999.999999999993
108;2;4;0;21029769;29999.999999999996
111;6;0;0;21029769;29999.999999999996
99;4;2;0;21029769;29999.999999999996
109;1;4;2;21029769;29999.999999999996
112;5;1;2;21029769;29999.999999999996
106;3;3;2;21029769;29999.999999999996
72;3;2;0;94943546;30000.0
76;4;1;0;94943546;30000.0
230;4;1;0;67556312;30000.000000000007
235;2;6;0;67556312;30000.000000000007
234;3;4;0;67556312;30000.000000000007
232;4;3;0;67556312;30000.000000000007
228;3;3;0;67556312;30000.000000000007
222;4;3;0;67556312;30000.000000000007
221;2;0;0;90425865;30000.0
185;3;4;0;41988349;29999.999999999993
208;6;1;0;41988349;29999.999999999993
203;4;1;1;41988349;29999.999999999993
199;4;1;1;41988349;29999.999999999993
196;3;0;1;41988349;29999.999999999993
190;4;3;0;41988349;29999.999999999993
249;4;1;0;33026057;29999.999999999993
257;1;4;4;33026057;29999.999999999993
255;4;3;0;33026057;29999.999999999993
263;4;2;4;33026057;29999.999999999993
252;3;3;0;33026057;29999.999999999993
260;1;5;4;33026057;29999.999999999993
167;5;0;0;52799819;30000.000000000007
166;4;1;0;52799819;30000.000000000007
75;4;3;0;94943546;30000.0
77;3;4;0;94943546;30000.0
74;3;4;0;94943546;30000.0
70;2;4;0;94943546;30000.0
174;0;5;2;75020689;30000.000000000007
189;1;5;2;75020689;30000.000000000007
183;5;3;2;75020689;30000.000000000007
179;2;1;0;75020689;30000.000000000007
164;5;2;0;75020689;30000.000000000007
184;4;4;0;75020689;30000.000000000007
195;2;2;0;5384031;30000.0
169;4;1;0;5384031;30000.0
218;4;2;1;90425865;30000.0
216;2;4;0;90425865;30000.0
213;5;3;1;90425865;30000.0
211;2;4;0;90425865;30000.0
204;6;3;1;90425865;30000.0
156;3;4;1;52799819;30000.000000000007
172;2;4;1;52799819;30000.000000000007
163;6;0;0;52799819;30000.000000000007
176;1;7;1;52799819;30000.000000000007
83;3;2;0;3235120;30000.0
86;4;1;0;3235120;30000.0
84;3;2;0;3235120;30000.0
262;3;2;0;40379604;29999.999999999996
256;4;4;0;40379604;29999.999999999996
267;2;3;4;40379604;29999.999999999996
259;6;0;0;40379604;29999.999999999996
268;2;1;4;40379604;29999.999999999996
265;4;0;4;40379604;29999.999999999996
178;4;1;3;5384031;30000.0
186;3;3;3;5384031;30000.0
182;3;2;3;5384031;30000.0
191;4;3;0;5384031;30000.0
58;4;1;0;28660796;30000.000000000007
57;2;3;2;28660796;30000.000000000007
38;5;0;0;28660796;30000.000000000007
56;4;1;2;28660796;30000.000000000007
22;6;0;0;28660796;30000.000000000007
55;3;3;2;28660796;30000.000000000007
87;4;0;4;3235120;30000.0
88;3;2;4;3235120;30000.0
73;4;1;4;3235120;30000.0
240;3;2;0;24570078;30000.00000000001
235;3;3;0;24570078;30000.00000000001
221;3;5;0;24570078;30000.00000000001
226;4;2;0;24570078;30000.00000000001
236;3;3;0;24570078;30000.00000000001
232;3;5;0;24570078;30000.00000000001
256;5;0;0;10255637;29999.999999999996
247;4;4;0;74524408;30000.0
258;4;2;0;74524408;30000.0
261;3;5;0;74524408;30000.0
254;1;3;2;74524408;30000.0
251;4;2;2;74524408;30000.0
253;2;4;2;74524408;30000.0
255;5;2;0;2530476;29999.999999999996
249;2;4;0;2530476;29999.999999999996
259;3;2;0;2530476;29999.999999999996
260;3;6;0;2530476;29999.999999999996
257;4;2;0;2530476;29999.999999999996
261;3;4;0;2530476;29999.999999999996
377;3;1;0;4722841;30000.000000000007
381;3;0;0;4722841;30000.000000000007
375;1;4;4;4722841;30000.000000000007
383;2;3;4;4722841;30000.000000000007
372;6;1;0;4722841;30000.000000000007
379;4;1;4;4722841;30000.000000000007
346;4;0;0;17527147;30000.0
347;3;0;0;17527147;30000.0
341;3;2;0;17527147;30000.0
339;3;4;0;17527147;30000.0
343;6;2;0;17527147;30000.0
333;6;0;0;17527147;30000.0
252;4;2;0;10255637;29999.999999999996
247;1;6;0;10255637;29999.999999999996
254;1;0;6;10255637;29999.999999999996
246;5;0;6;10255637;29999.999999999996
250;1;4;6;10255637;29999.999999999996
358;2;5;0;75360546;30000.0
361;5;2;0;75360546;30000.0
354;1;3;3;75360546;30000.0
364;2;2;2;75360546;30000.0
352;3;2;5;75360546;30000.0
334;4;0;5;75360546;30000.0
193;2;0;0;47584889;29999.999999999993
177;5;0;0;47584889;29999.999999999993
389;1;4;0;90794883;30000.000000000007
190;8;0;0;47584889;29999.999999999993
189;5;0;4;47584889;29999.999999999993
185;1;3;4;47584889;29999.999999999993
183;2;3;4;47584889;29999.999999999993
171;3;0;0;16271371;30000.000000000004
330;4;1;0;21498529;30000.000000000007
332;5;0;0;21498529;30000.000000000007
169;5;0;4;16271371;30000.000000000004
163;4;3;0;16271371;30000.000000000004
165;2;4;4;16271371;30000.000000000004
166;4;3;0;16271371;30000.000000000004
161;2;4;4;16271371;30000.000000000004
357;5;0;0;33290306;29999.999999999996
360;5;0;0;33290306;29999.999999999996
357;4;1;0;46131619;29999.99999999999
364;4;1;0;46131619;29999.99999999999
366;4;1;0;46131619;29999.99999999999
362;4;2;0;33290306;29999.999999999996
353;5;3;0;33290306;29999.999999999996
363;2;3;0;33290306;29999.999999999996
351;2;6;0;33290306;29999.999999999996
368;2;3;5;46131619;29999.99999999999
392;3;2;2;90794883;30000.000000000007
390;5;1;0;90794883;30000.000000000007
388;5;1;0;90794883;30000.000000000007
391;2;4;2;90794883;30000.000000000007
387;5;2;2;90794883;30000.000000000007
435;4;0;0;96352701;29999.999999999993
400;4;3;0;6661452;30000.00000000001
397;2;7;1;6661452;30000.00000000001
398;1;5;0;6661452;30000.00000000001
395;1;7;1;6661452;30000.00000000001
396;3;4;0;6661452;30000.00000000001
399;3;4;1;6661452;30000.00000000001
340;2;3;0;16774867;30000.000000000007
367;1;4;5;46131619;29999.99999999999
369;3;2;5;46131619;29999.99999999999
342;5;0;0;16774867;30000.000000000007
188;3;2;0;87320774;30000.00000000001
341;2;3;0;16774867;30000.000000000007
339;5;0;4;16774867;30000.000000000007
196;5;0;0;87320774;30000.00000000001
191;4;1;0;87320774;30000.00000000001
338;4;0;4;16774867;30000.000000000007
337;4;0;4;16774867;30000.000000000007
194;5;1;0;87320774;30000.00000000001
186;2;4;0;87320774;30000.00000000001
179;5;2;0;87320774;30000.00000000001
628;3;3;0;59312134;30000.0
626;3;3;0;59312134;30000.0
624;3;3;0;59312134;30000.0
627;5;2;0;59312134;30000.0
623;3;4;0;59312134;30000.0
625;5;1;0;59312134;30000.0
525;4;1;0;89612080;30000.000000000004
333;3;2;2;21498529;30000.000000000007
528;2;3;0;89612080;30000.000000000004
334;4;2;0;21498529;30000.000000000007
331;1;4;2;21498529;30000.000000000007
329;2;3;2;21498529;30000.000000000007
330;3;2;0;48662647;29999.999999999993
329;2;3;0;48662647;29999.999999999993
453;6;0;0;31609563;30000.0
460;1;3;6;31609563;30000.0
449;2;4;1;31609563;30000.0
451;1;3;6;31609563;30000.0
455;5;1;5;31609563;30000.0
457;1;5;0;31609563;30000.0
229;4;0;0;14708128;29999.999999999996
231;4;0;0;14708128;29999.999999999996
233;4;1;0;14708128;29999.999999999996
427;3;2;2;96352701;29999.999999999993
436;2;3;3;96352701;29999.999999999993
430;1;3;3;96352701;29999.999999999993
433;4;3;0;96352701;29999.999999999993
434;6;3;1;96352701;29999.999999999993
397;4;0;0;88958838;29999.999999999993
399;1;5;0;88958838;29999.999999999993
395;1;5;0;88958838;29999.999999999993
396;5;0;4;88958838;29999.999999999993
398;4;2;4;88958838;29999.999999999993
400;4;2;4;88958838;29999.999999999993
518;2;5;0;89612080;30000.000000000004
530;2;4;0;89612080;30000.000000000004
529;3;5;0;89612080;30000.000000000004
527;5;4;0;89612080;30000.000000000004
224;2;2;3;14708128;29999.999999999996
227;5;2;3;14708128;29999.999999999996
220;5;1;3;14708128;29999.999999999996
634;2;3;0;47866988;30000.000000000007
458;2;4;0;30713151;30000.000000000004
456;3;2;0;30713151;30000.000000000004
454;5;1;3;30713151;30000.000000000004
459;2;4;0;30713151;30000.000000000004
450;4;1;3;30713151;30000.000000000004
452;4;2;3;30713151;30000.000000000004
331;2;3;2;48662647;29999.999999999993
338;4;1;2;48662647;29999.999999999993
335;2;3;2;48662647;29999.999999999993
326;8;0;0;48662647;29999.999999999993
620;3;2;1;44795772;30000.000000000007
617;5;1;1;44795772;30000.000000000007
340;3;1;0;19754165;30000.000000000004
616;3;2;1;44795772;30000.000000000007
618;5;1;1;44795772;30000.000000000007
619;3;3;1;44795772;30000.000000000007
615;3;3;1;44795772;30000.000000000007
470;3;1;0;42552299;30000.0
474;2;3;2;42552299;30000.0
469;4;4;0;42552299;30000.0
471;3;3;0;42552299;30000.0
473;0;6;2;42552299;30000.0
472;5;3;2;42552299;30000.0
484;3;2;2;90270528;29999.999999999996
479;2;4;1;90270528;29999.999999999996
483;3;2;2;90270528;29999.999999999996
481;5;2;1;90270528;29999.999999999996
482;3;2;1;90270528;29999.999999999996
485;5;0;2;90270528;29999.999999999996
658;3;4;0;25883246;30000.000000000004
642;3;5;0;25883246;30000.000000000004
647;1;5;0;25883246;30000.000000000004
653;4;3;1;25883246;30000.000000000004
654;3;6;1;25883246;30000.000000000004
650;1;5;1;25883246;30000.000000000004
378;3;2;0;61936992;29999.999999999993
369;5;0;0;61936992;29999.999999999993
316;2;3;0;50627259;30000.000000000004
314;5;0;0;50627259;30000.000000000004
318;5;0;0;50627259;30000.000000000004
320;5;0;5;50627259;30000.000000000004
310;3;2;5;50627259;30000.000000000004
319;2;1;5;50627259;30000.000000000004
632;3;6;1;47866988;30000.000000000007
636;1;2;1;47866988;30000.000000000007
631;3;2;2;47866988;30000.000000000007
635;4;1;1;47866988;30000.000000000007
633;3;6;1;47866988;30000.000000000007
591;1;2;0;86904234;30000.0
592;1;8;0;86904234;30000.0
595;6;1;0;86904234;30000.0
593;1;8;0;86904234;30000.0
344;2;4;0;19754165;30000.000000000004
342;5;0;3;19754165;30000.000000000004
594;4;4;0;86904234;30000.0
587;3;5;0;86904234;30000.0
332;1;6;0;19754165;30000.000000000004
580;2;2;0;18863264;30000.0
376;1;4;1;61936992;29999.999999999993
373;2;6;1;61936992;29999.999999999993
380;2;7;0;61936992;29999.999999999993
374;3;3;1;61936992;29999.999999999993
645;1;3;2;55039796;30000.0
649;3;2;1;55039796;30000.0
640;2;3;1;55039796;30000.0
583;5;1;0;18863264;30000.0
582;5;1;0;18863264;30000.0
584;4;1;3;18863264;30000.0
585;4;1;3;18863264;30000.0
586;3;2;3;18863264;30000.0
501;2;2;1;32519533;30000.000000000004
325;3;3;3;19754165;30000.000000000004
487;4;4;2;77548943;30000.000000000004
337;5;2;3;19754165;30000.000000000004
480;3;1;2;77548943;30000.000000000004
491;2;4;2;77548943;30000.000000000004
493;2;3;2;77548943;30000.000000000004
492;1;4;2;77548943;30000.000000000004
490;2;6;2;77548943;30000.000000000004
503;6;2;0;32519533;30000.000000000004
502;4;3;0;32519533;30000.000000000004
504;3;4;0;32519533;30000.000000000004
506;3;3;1;32519533;30000.000000000004
505;2;4;1;32519533;30000.000000000004
511;4;1;0;3578642;30000.0
514;4;1;0;3578642;30000.0
655;4;2;1;55039796;30000.0
657;5;3;2;55039796;30000.0
652;2;5;2;55039796;30000.0
513;5;2;0;3578642;30000.0
230;2;5;0;32280492;29999.999999999993
510;3;3;0;3578642;30000.0
509;3;3;0;3578642;30000.0
512;4;2;0;3578642;30000.0
225;3;5;0;32280492;29999.999999999993
228;4;4;0;32280492;29999.999999999993
220;2;6;0;32280492;29999.999999999993
233;1;5;0;32280492;29999.999999999993
603;5;0;0;20153047;30000.000000000007
216;3;5;0;32280492;29999.999999999993
601;5;2;0;20153047;30000.000000000007
292;5;0;0;31897191;30000.0
600;2;0;4;20153047;30000.000000000007
597;4;2;0;20153047;30000.000000000007
602;2;4;4;20153047;30000.000000000007
604;2;4;4;20153047;30000.000000000007
359;3;2;3;70808386;30000.0
356;3;4;3;70808386;30000.0
360;3;4;3;70808386;30000.0
361;2;4;1;70808386;30000.0
355;3;3;1;70808386;30000.0
362;3;1;1;70808386;30000.0
476;3;4;0;36346486;30000.0
480;2;3;0;36346486;30000.0
479;3;3;4;36346486;30000.0
464;3;1;0;36346486;30000.0
477;3;3;4;36346486;30000.0
478;4;2;4;36346486;30000.0
379;1;5;0;20965213;30000.0
375;7;2;0;20965213;30000.0
377;3;2;0;20965213;30000.0
380;2;3;2;20965213;30000.0
383;3;3;2;20965213;30000.0
382;3;3;2;20965213;30000.0
215;4;0;0;59658807;30000.000000000004
222;3;2;0;59658807;30000.000000000004
219;4;1;4;59658807;30000.000000000004
227;5;1;0;59658807;30000.000000000004
229;3;2;4;59658807;30000.000000000004
224;3;2;4;59658807;30000.000000000004
378;2;0;3;37129409;30000.000000000007
373;4;4;0;37129409;30000.000000000007
358;4;5;0;37129409;30000.000000000007
371;3;1;0;37129409;30000.000000000007
376;3;2;3;37129409;30000.000000000007
487;4;1;0;26356042;30000.0
374;3;2;3;37129409;30000.000000000007
388;5;0;0;76526352;30000.0
491;3;4;1;26356042;30000.0
484;4;3;0;26356042;30000.0
483;5;0;2;26356042;30000.0
465;2;1;3;26356042;30000.0
497;2;3;3;26356042;30000.0
294;2;6;1;31897191;30000.0
293;4;1;0;31897191;30000.0
291;6;0;0;31897191;30000.0
288;3;1;1;31897191;30000.0
290;2;4;1;31897191;30000.0
511;4;1;0;11605964;29999.999999999993
512;4;1;1;11605964;29999.999999999993
493;4;2;1;11605964;29999.999999999993
505;2;2;3;11605964;29999.999999999993
506;1;6;2;11605964;29999.999999999993
510;4;4;2;11605964;29999.999999999993
387;1;5;2;76526352;30000.0
389;2;6;0;76526352;30000.0
392;2;5;2;76526352;30000.0
390;2;4;0;76526352;30000.0
391;3;4;2;76526352;30000.0
468;5;0;0;1401889;30000.000000000007
457;0;5;1;1401889;30000.000000000007
454;4;1;1;1401889;30000.000000000007
460;5;0;2;1401889;30000.000000000007
467;4;3;1;1401889;30000.000000000007
461;1;7;1;1401889;30000.000000000007
587;3;2;0;19501434;29999.999999999985
585;5;1;0;19501434;29999.999999999985
588;3;3;0;19501434;29999.999999999985
583;3;3;0;19501434;29999.999999999985
584;3;4;0;19501434;29999.999999999985
589;4;3;0;19501434;29999.999999999985
445;3;2;0;51751774;30000.000000000004
463;4;1;0;32790801;29999.999999999996
459;4;1;0;32790801;29999.999999999996
448;4;3;0;51751774;30000.000000000004
443;3;5;1;51751774;30000.000000000004
447;5;0;1;51751774;30000.000000000004
437;4;2;0;51751774;30000.000000000004
449;2;4;1;51751774;30000.000000000004
456;4;2;0;32790801;29999.999999999996
469;4;1;3;32790801;29999.999999999996
473;2;3;3;32790801;29999.999999999996
466;5;0;3;32790801;29999.999999999996
490;3;2;0;87502341;30000.0
488;5;0;0;87502341;30000.0
526;4;2;0;32536054;30000.000000000004
527;2;1;0;32536054;30000.000000000004
529;2;3;2;32536054;30000.000000000004
528;5;3;0;32536054;30000.000000000004
530;2;6;2;32536054;30000.000000000004
525;3;5;2;32536054;30000.000000000004
617;1;4;0;51248148;29999.999999999996
596;4;1;0;68076284;30000.000000000004
631;5;0;0;21709515;30000.0
635;5;2;0;21709515;30000.0
632;2;3;1;21709515;30000.0
634;5;0;1;21709515;30000.0
636;4;3;0;21709515;30000.0
633;4;2;1;21709515;30000.0
625;2;5;2;33515954;29999.999999999993
628;2;3;3;33515954;29999.999999999993
485;3;2;2;87502341;30000.0
500;3;2;2;87502341;30000.0
471;3;2;2;87502341;30000.0
498;5;4;0;87502341;30000.0
658;4;0;0;83566962;30000.0
648;4;1;0;38113998;30000.000000000004
652;2;3;1;38113998;30000.000000000004
649;2;2;4;38113998;30000.000000000004
650;4;2;1;38113998;30000.000000000004
647;3;2;4;38113998;30000.000000000004
611;2;1;0;98930574;29999.999999999996
612;3;0;0;98930574;29999.999999999996
651;5;0;5;38113998;30000.000000000004
599;5;1;1;68076284;30000.000000000004
602;3;2;5;68076284;30000.000000000004
601;3;2;4;68076284;30000.000000000004
605;2;4;1;68076284;30000.000000000004
604;2;2;4;68076284;30000.000000000004
623;4;1;2;33515954;29999.999999999993
626;3;2;3;33515954;29999.999999999993
624;2;2;3;33515954;29999.999999999993
627;3;5;2;33515954;29999.999999999993
618;0;5;3;51248148;29999.999999999996
615;5;1;3;51248148;29999.999999999996
620;1;4;3;51248148;29999.999999999996
608;1;7;0;51248148;29999.999999999996
619;7;3;0;51248148;29999.999999999996
657;6;0;0;83566962;30000.0
655;2;5;0;83566962;30000.0
656;2;6;0;83566962;30000.0
659;2;6;0;83566962;30000.0
660;2;7;0;83566962;30000.0
613;5;3;0;98930574;29999.999999999996
609;2;5;0;98930574;29999.999999999996
603;4;2;0;98930574;29999.999999999996
610;7;1;0;98930574;29999.999999999996
640;3;0;0;64405792;29999.999999999993
644;5;0;0;64405792;29999.999999999993
639;5;0;0;64405792;29999.999999999993
643;4;1;4;64405792;29999.999999999993
641;5;0;4;64405792;29999.999999999993
642;3;1;4;64405792;29999.999999999993

