46;1;4;2;6172962;30000.000000000004
35;3;3;4;6172962;30000.000000000004
50;3;5;2;6172962;30000.000000000004
48;0;4;4;6172962;30000.000000000004
44;4;1;4;6172962;30000.000000000004
42;2;5;2;6172962;30000.000000000004
64;2;4;3;44722609;30000.000000000007
58;1;4;4;44722609;30000.000000000007
60;1;5;4;44722609;30000.000000000007
61;4;2;5;44722609;30000.000000000007
63;1;4;4;44722609;30000.000000000007
62;2;3;4;44722609;30000.000000000007
38;2;3;3;77824504;29999.99999999999
34;1;4;5;77824504;29999.99999999999
36;4;2;4;77824504;29999.99999999999
22;1;3;5;77824504;29999.99999999999
37;3;3;3;77824504;29999.99999999999
39;2;3;4;77824504;29999.99999999999
86;1;4;4;46649323;30000.000000000007
84;3;0;5;46649323;30000.000000000007
82;2;4;3;46649323;30000.000000000007
88;2;5;2;46649323;30000.000000000007
85;1;4;5;46649323;30000.000000000007
87;5;1;2;46649323;30000.000000000007
30;2;2;3;58502332;30000.000000000015
27;3;3;3;58502332;30000.000000000015
28;1;4;3;58502332;30000.000000000015
21;2;4;5;58502332;30000.000000000015
31;3;3;5;58502332;30000.000000000015
26;2;2;5;58502332;30000.000000000015
108;4;1;1;73540521;29999.99999999999
111;2;3;5;73540521;29999.99999999999
96;3;2;3;73540521;29999.99999999999
107;2;3;2;73540521;29999.99999999999
109;3;3;3;73540521;29999.99999999999
110;2;2;4;73540521;29999.99999999999
105;1;4;3;82915306;29999.999999999993
101;2;3;4;82915306;29999.999999999993
97;2;3;4;82915306;29999.999999999993
103;2;3;4;82915306;29999.999999999993
102;1;4;5;82915306;29999.999999999993
104;3;3;4;82915306;29999.999999999993
115;2;4;3;17832463;30000.0
118;2;4;3;17832463;30000.0
117;2;5;2;17832463;30000.0
113;1;2;4;17832463;30000.0
116;5;2;2;17832463;30000.0
114;2;3;4;17832463;30000.0
51;1;4;4;74789611;29999.999999999993
43;1;4;3;74789611;29999.999999999993
45;4;3;3;74789611;29999.999999999993
47;1;5;2;74789611;29999.999999999993
49;2;3;4;74789611;29999.999999999993
32;4;1;5;74789611;29999.999999999993
79;2;2;4;22308964;30000.000000000004
74;2;4;3;22308964;30000.000000000004
70;4;1;5;22308964;30000.000000000004
76;2;3;4;22308964;30000.000000000004
78;1;5;5;22308964;30000.000000000004
77;1;5;3;22308964;30000.000000000004
58;1;4;4;60992470;29999.999999999996
62;1;4;2;60992470;29999.999999999996
67;2;2;5;60992470;29999.999999999996
69;2;2;6;60992470;29999.999999999996
17;2;3;4;55405369;30000.0
19;0;6;4;55405369;30000.0
27;1;4;4;55405369;30000.0
26;2;5;3;55405369;30000.0
25;4;3;3;55405369;30000.0
22;2;3;3;55405369;30000.0
63;3;3;4;60992470;29999.999999999996
61;2;5;3;60992470;29999.999999999996
31;1;5;2;35313993;30000.000000000004
28;3;3;3;35313993;30000.000000000004
33;2;3;3;35313993;30000.000000000004
32;3;3;4;35313993;30000.000000000004
16;1;7;2;35313993;30000.000000000004
34;1;5;4;35313993;30000.000000000004
117;1;2;4;30754092;29999.999999999996
119;3;3;3;30754092;29999.999999999996
116;1;4;5;30754092;29999.999999999996
115;1;6;3;30754092;29999.999999999996
118;3;3;5;30754092;29999.999999999996
105;1;6;4;30754092;29999.999999999996
56;4;2;4;90681392;30000.0
51;0;5;3;90681392;30000.0
57;2;4;3;90681392;30000.0
55;1;6;3;90681392;30000.0
59;4;2;2;90681392;30000.0
58;1;5;3;90681392;30000.0
67;2;4;1;70615302;29999.999999999996
68;1;4;2;70615302;29999.999999999996
66;3;2;3;70615302;29999.999999999996
65;3;3;3;70615302;29999.999999999996
47;3;4;2;70615302;29999.999999999996
54;2;3;4;70615302;29999.999999999996
126;3;3;3;52462291;30000.000000000004
124;1;5;3;52462291;30000.000000000004
121;3;2;3;52462291;30000.000000000004
123;3;2;3;52462291;30000.000000000004
125;1;4;3;52462291;30000.000000000004
127;1;4;3;52462291;30000.000000000004
108;1;4;1;67170363;29999.999999999993
109;2;3;3;67170363;29999.999999999993
105;1;4;1;67170363;29999.999999999993
102;6;0;3;67170363;29999.999999999993
92;3;2;4;63675268;29999.999999999993
90;3;3;3;63675268;29999.999999999993
83;2;3;4;63675268;29999.999999999993
89;1;4;3;63675268;29999.999999999993
91;2;4;3;63675268;29999.999999999993
93;1;4;4;63675268;29999.999999999993
111;2;3;5;67170363;29999.999999999993
110;1;4;5;67170363;29999.999999999993
20;3;2;3;8618264;29999.999999999993
39;1;4;3;8618264;29999.999999999993
41;3;3;2;8618264;29999.999999999993
37;0;6;2;8618264;29999.999999999993
38;2;4;4;8618264;29999.999999999993
40;3;3;4;8618264;29999.999999999993
17;2;3;3;80735953;29999.999999999993
27;2;3;2;80735953;29999.999999999993
26;2;2;4;80735953;29999.999999999993
25;2;3;4;80735953;29999.999999999993
24;1;5;5;80735953;29999.999999999993
28;2;4;3;80735953;29999.999999999993
69;2;4;4;53827642;30000.0
77;3;3;3;53827642;30000.0
75;1;3;5;53827642;30000.0
74;2;2;6;53827642;30000.0
76;2;2;5;53827642;30000.0
72;2;4;4;53827642;30000.0
88;3;1;4;45591108;30000.0
96;2;4;2;45591108;30000.0
98;1;4;5;45591108;30000.0
97;2;2;4;45591108;30000.0
100;4;1;5;45591108;30000.0
99;3;0;7;45591108;30000.0
124;1;4;1;88786178;29999.999999999996
123;2;4;4;88786178;29999.999999999996
126;0;6;2;88786178;29999.999999999996
125;2;4;4;88786178;29999.999999999996
127;2;4;5;88786178;29999.999999999996
122;4;4;2;88786178;29999.999999999996
32;3;2;4;88196854;30000.000000000004
34;2;3;2;88196854;30000.000000000004
37;3;2;4;88196854;30000.000000000004
30;2;3;3;88196854;30000.000000000004
39;3;2;3;88196854;30000.000000000004
18;3;2;5;88196854;30000.000000000004
33;1;3;4;95197597;30000.000000000007
21;3;1;5;95197597;30000.000000000007
31;1;3;4;95197597;30000.000000000007
36;3;3;4;95197597;30000.000000000007
38;2;5;4;95197597;30000.000000000007
35;3;3;3;95197597;30000.000000000007
90;1;5;3;46471940;30000.000000000007
93;2;4;2;46471940;30000.000000000007
96;4;1;3;46471940;30000.000000000007
95;1;5;2;46471940;30000.000000000007
97;1;5;4;46471940;30000.000000000007
83;1;6;4;46471940;30000.000000000007
66;3;3;4;30767092;30000.000000000007
73;2;5;0;30767092;30000.000000000007
77;1;5;4;30767092;30000.000000000007
74;2;6;0;30767092;30000.000000000007
75;2;4;4;30767092;30000.000000000007
76;2;4;4;30767092;30000.000000000007
118;1;6;3;45353107;29999.99999999999
117;3;2;4;45353107;29999.99999999999
116;2;4;2;45353107;29999.99999999999
106;1;3;3;45353107;29999.99999999999
119;3;3;5;45353107;29999.99999999999
115;2;4;4;45353107;29999.99999999999
51;2;3;2;27130084;29999.999999999996
56;4;2;4;27130084;29999.999999999996
55;1;3;5;27130084;29999.999999999996
46;2;3;4;27130084;29999.999999999996
54;1;4;3;27130084;29999.999999999996
53;2;3;3;27130084;29999.999999999996