34;160.4249088051182;45238451
46;166.42204867468752;45238451
21;123.9392379255836;45238451
42;166.0761278588276;45238451
50;150.90985918778983;45238451
52;156.24319252098962;45238451
25;144.3830269030882;45238451
29;111.48748802661567;45238451
38;159.7439627925885;45238451
43;184.43059704747748;45083550
47;132.9034506177519;45083550
51;112.1017859268618;45083550
22;131.9239726866781;45083550
26;139.93449678017646;45083550
28;105.32778343895177;45083550
31;121.72881635355168;45083550
39;157.28329171535256;45083550
35;164.4422714782704;45083550
54;161.09248766774942;68605423
27;99.8214110052171;68605423
41;156.8547586028717;68605423
58;118.95255646273824;68605423
32;94.97324428090201;68605423
45;195.37373372130673;68605423
48;185.1872752507328;68605423
20;141.65687980325617;68605423
36;163.17430430300476;68605423
44;83.61810209651298;76743881
23;101.7514704274505;76743881
33;190.00369886245636;76743881
37;134.06161455520112;46922338
41;123.50948935285862;46922338
49;147.26288385582302;46922338
55;117.33333333079645;46922338
29;129.5294180894483;46922338
45;108.91756769947119;46922338
20;120.6458219928021;46922338
33;135.15538414326068;46922338
25;134.92257802377117;46922338
51;119.29606144625734;21085269
27;141.3293085330538;21085269
39;176.53914627403867;21085269
53;178.51848035182513;21085269
22;154.88329539844244;21085269
31;94.07538029641262;21085269
35;176.57634567405864;21085269
47;116.88292232342644;21085269
43;160.95219665682032;21085269
24;86.90525731406922;18106125
38;103.85110259883004;18106125
50;139.95449931295764;18106125
21;105.48237364206523;18106125
34;86.03399432058927;18106125
46;168.4285665586408;18106125
30;67.06320324539581;18106125
42;120.69359051868776;18106125
54;176.66911324295938;18106125
26;160.02540110580958;48274356
36;170.81729995424143;48274356
48;122.19800012202279;48274356
23;150.3208820685494;48274356
28;171.8976452735577;48274356
32;153.2038699515415;48274356
40;219.39043261398655;48274356
44;130.56341127810606;48274356
52;183.54318274917466;48274356
53;191.55094215177644;76743881
24;95.48077919971172;76743881
30;110.43532169102878;76743881
40;154.1669623840421;76743881
37;204.1134929287981;76743881
82;159.23672737802247;11020469
101;144.72964650705796;11020469
92;115.43144916611038;11020469
95;114.07980140663915;11020469
105;138.96201991399164;11020469
86;76.61076134534574;11020469
74;127.05021719349497;11020469
89;114.14303861089263;11020469
98;191.6997593186676;11020469
91;140.96151718700116;92604007
100;146.8457967338952;92604007
83;124.15945465579705;92604007
97;161.2122246528869;92604007
81;95.2413914487197;92604007
88;178.76305559353978;92604007
94;140.9221216541374;92604007
103;136.17913006749563;92604007
85;110.02005943005952;92604007
90;145.8135938102056;64577937
99;120.1096338549304;64577937
80;136.49029884379308;64577937
104;122.94117410956278;64577937
84;107.98373045181995;64577937
87;112.10265177455858;64577937
93;158.64062349637402;64577937
102;217.07717236784987;64577937
96;182.97170411582965;64577937
91;114.78091154117453;8855439
100;179.99999999589397;8855439
83;96.32481866871194;8855439
81;81.65562510865925;8855439
88;145.983364846163;8855439
97;209.3333333285604;8855439
85;77.12541506711466;8855439
94;138.42984303205856;8855439
103;226.66666666146028;8855439
84;115.23847516527394;83675215
93;110.34817925357447;83675215
102;194.5191116590767;83675215
87;117.60406200022737;83675215
96;119.34196297897108;83675215
104;172.2712252958013;83675215
79;138.7114845554454;83675215
90;114.1583358465881;83675215
99;189.88154806787583;83675215
98;110.18487184190212;55596764
75;126.4963806802001;55596764
89;195.0554868346374;55596764
101;94.10343911299503;55596764
82;97.47802981375025;55596764
92;191.45917640558207;55596764
86;135.58541208817996;55596764
95;170.67285467556235;55596764
151;105.98003091643625;91263078
132;85.1575926394936;91263078
141;138.9066461397581;91263078
128;78.78442902923587;91263078
135;152.78315356646738;91263078
138;150.83666138612898;91263078
144;122.28539510874555;91263078
155;150.3229753864075;91263078
148;181.03004072675446;91263078
145;190.2975560318909;46300606
129;148.40456916528115;46300606
136;148.15205204159759;46300606
133;125.32741544414296;46300606
139;156.62507663194253;46300606
142;129.59756554123885;46300606
147;221.79518327604723;46300606
150;218.8383803589099;46300606
131;203.36198617587849;46300606
144;151.41148572841598;69137606
154;123.99012426863715;69137606
135;96.48956406561206;69137606
141;126.49689907917946;69137606
147;157.46301953620116;69137606
151;129.99252459208958;69137606
128;111.56219177196704;69137606
138;145.99255391463998;69137606
131;182.789474794532;69137606
129;183.7757832907704;24811367
139;130.43499862642727;24811367
148;156.76538365771785;24811367
133;138.4610271922254;24811367
142;119.63676150056483;24811367
150;169.92383273770588;24811367
136;138.74459937354948;24811367
145;154.4131448591338;24811367
155;175.29190007092916;24811367
123;89.4895747059669;15048
149;113.74409831043329;15048
130;148.4594630515735;15048
140;75.75652520341555;15048
137;131.03895138833286;15048
146;119.02482325006645;15048
143;95.7020610067525;15048
152;93.7575576370914;15048
134;177.62170508244674;15048
132;102.63349181493425;39935067
140;174.79213373705875;39935067
122;104.71429969035898;39935067
130;87.0229853427769;39935067
134;176.44860186715232;39935067
137;138.52045987269173;39935067
149;157.1831149308166;39935067
146;177.28200382214618;39935067
143;190.72530983993096;39935067
187;168.58885244422333;14197298
179;102.39388064903267;14197298
196;283.99999999336046;14197298
177;89.30565676154936;14197298
184;169.51828029492208;14197298
194;141.9007943655804;76895784
186;200.6801410205871;76895784
193;137.33333333029566;14197298
176;137.38406932493922;76895784
180;91.24846636689688;76895784
183;128.39084276309336;76895784
189;214.2057799077076;76895784
191;160.70342289639336;76895784
197;172.10827102975088;76895784
201;216.6232870383149;76895784
181;54.88136876117437;14197298
190;133.64253014582175;14197298
199;153.75910348950492;14197298
201;139.03369473231567;96461781
182;134.58527065637793;96461781
191;127.16064839521675;96461781
197;131.03735106432748;96461781
178;101.58439223853497;96461781
188;137.13244553939649;96461781
194;150.56543425122766;96461781
170;70.26626650383412;96461781
185;146.00034461189398;96461781
181;66.3359239399773;14850831
190;178.62013227242812;14850831
199;165.66520144312472;14850831
184;167.4564940294448;14850831
193;121.72409234561644;14850831
177;119.3565502225648;14850831
196;94.9933553152431;14850831
179;167.3057125393725;14850831
187;181.92165122247604;14850831
200;150.69391702669998;48604474
182;104.38449947624895;48604474
188;142.91757639130344;48604474
192;198.94740854417688;48604474
198;165.15802438077276;48604474
178;177.42087436235386;48604474
195;174.09541832020147;48604474
171;145.70850447991995;48604474
185;224.40933533795823;48604474
183;86.8787169344971;75909943
192;164.39057462949756;75909943
200;154.01679541726423;75909943
176;144.95176113453772;75909943
180;80.48566729158222;75909943
186;158.4443584678147;75909943
189;156.45705969246035;75909943
195;158.58607423751107;75909943
198;175.08458039093227;75909943
242;82.66666666493097;98356451
219;67.11720169155774;98356451
233;148.26566782884845;98356451
226;109.5843748087425;98356451
236;141.33375111516727;98356451
245;127.99999999726288;98356451
230;71.48065762759438;98356451
239;149.05851961164115;98356451
249;200.09907698471153;98356451
219;66.74253923790513;90594440
233;120.88968355437339;90594440
242;117.67843596732018;90594440
249;109.73097031428529;90594440
230;97.7026318897432;90594440
239;127.19911887155877;90594440
226;116.66522349100592;90594440
236;135.4904863527462;90594440
245;130.48813198029836;90594440
224;193.74424161016117;13007758
234;184.12133712451032;13007758
243;164.62221270878;13007758
248;182.8801472214302;13007758
228;118.35790468595144;13007758
231;87.89491811100527;13007758
237;189.5160102013728;13007758
240;155.57330280794645;13007758
246;183.76888421138563;13007758
227;110.5304654993937;25039422
235;137.20616931240124;25039422
244;166.58023586597176;25039422
225;146.01519278801652;25039422
229;155.60542639994696;25039422
232;134.34145968404198;25039422
238;116.72744536117159;25039422
247;168.38225463266292;25039422
241;164.91574299409285;25039422
234;129.2137426866651;80998549
240;148.1826202519204;80998549
243;149.11233120360816;80998549
248;156.56532797545083;80998549
224;92.09043362092575;80998549
231;114.10231552719176;80998549
238;131.2895969118248;80998549
246;189.77528517179854;80998549
228;143.32075587280838;80998549
225;46.220518391488326;67979215
229;109.791573449304;67979215
232;83.47062038714262;67979215
237;79.38944562846507;67979215
241;154.4474775798352;67979215
247;117.93594157998018;67979215
244;128.66137754331703;67979215
227;98.78913750039271;67979215
235;108.40483699748017;67979215
284;173.9157377207896;1101066
293;126.85943168518247;1101066
276;75.74336811160128;1101066
272;71.40876205725613;1101066
282;144.2029626901708;1101066
290;140.0490553068978;1101066
279;107.90670306168681;1101066
287;167.7883809727624;1101066
297;157.71782628421204;1101066
281;122.42701540615394;27883489
289;138.38370328170515;27883489
274;131.45925218810817;27883489
283;176.66009755721473;27883489
292;166.61603776291759;27883489
266;183.1168934007511;27883489
278;118.75383241775887;27883489
286;187.733625414323;27883489
295;162.71949365740068;27883489
290;177.50803276053125;42359342
267;61.44522370791526;42359342
281;134.13274165174357;42359342
277;56.591386535505194;75549419
286;152.47755348559292;75549419
295;193.55993736000426;75549419
280;186.20641605990204;75549419
289;169.13711094270695;75549419
273;175.38131289790817;75549419
283;195.26677572397915;75549419
292;136.10210252312208;75549419
275;258.1549145934181;75549419
284;193.52516663395772;42359342
287;107.18155075833101;42359342
293;210.37233588024566;42359342
297;150.45571540729156;42359342
274;153.1959246464852;42359342
278;146.88932968973654;42359342
294;202.54865238433314;26138007
296;242.57270723298882;26138007
277;109.37479639426465;26138007
285;173.70036325596243;26138007
288;214.6643527775479;26138007
275;183.33502914544283;26138007
280;126.32019379440635;26138007
273;53.481055050255236;26138007
291;247.22439918961703;26138007
279;118.2848971761291;55296090
288;136.61336805353938;55296090
291;114.864198312354;55296090
296;153.64035774581794;55296090
272;138.8797264921052;55296090
282;140.182695743757;55296090
285;126.62120643389744;55296090
294;133.78098606460776;55296090
276;184.88524521447152;55296090
321;118.76017750678261;25423076
328;112.0879812907666;25423076
337;109.89199327394988;25423076
325;78.21667599152329;25423076
331;137.36590743042416;25423076
334;111.99480333740996;25423076
340;130.63960091793183;25423076
323;119.55474325034845;25423076
343;160.92093299773705;25423076
333;122.68258624203543;80895598
342;176.1271413720982;80895598
324;136.126055031909;80895598
330;130.36693670801867;80895598
339;114.75714028457276;80895598
320;159.88487985089262;80895598
336;122.19706449376656;80895598
344;173.80850364397418;80895598
327;136.13134592708025;80895598
335;114.29795821362745;52190308
341;175.06944133076468;52190308
322;89.65513542922042;52190308
326;79.95603141261154;52190308
345;192.2184787527063;52190308
329;148.78081545581233;52190308
338;125.33333333059613;52190308
315;112.52655128617539;52190308
332;216.81678459360438;52190308
339;152.40570511719977;47571706
320;76.87854034658949;47571706
330;206.4912370980304;47571706
333;149.09580554897116;47571706
342;142.65395019440325;47571706
324;81.0300346020947;47571706
336;153.9852686450513;47571706
344;223.69585422332898;47571706
327;104.80978885107004;47571706
325;100.54359191694505;77471108
334;181.70735573664206;77471108
343;170.31024995425048;77471108
321;69.80779186099744;77471108
328;147.75264786930848;77471108
337;157.8833833881672;77471108
323;131.3006245261913;77471108
331;131.66075638249367;77471108
340;194.6666666623272;77471108
316;98.55936007932439;23198454
329;136.46009400180594;23198454
338;187.5500971902153;23198454
341;152.12994104854477;23198454
345;186.6691349754733;23198454
322;159.63378802856096;23198454
326;130.94691456244698;23198454
335;168.892179141469;23198454
332;186.86950425310044;23198454
385;132.44926834994067;17074511
369;97.9928513991456;17074511
376;183.91267560492804;17074511
375;90.80888506881331;56480211
384;129.14897722047624;56480211
392;152.185614240031;56480211
372;92.93455548590634;49590476
391;176.43749364830194;49590476
383;149.85070808921773;49590476
389;167.02277986558943;49590476
393;187.10416031470152;49590476
368;144.48596206895127;49590476
376;103.90017577080039;49590476
380;144.07169848657384;49590476
386;143.27998839311192;49590476
391;174.03352202055373;17074511
371;35.35181475799595;17074511
373;70.5960214797376;17074511
388;124.32600322390203;17074511
382;152.76978612787866;17074511
379;167.69830388512457;17074511
390;117.68326154499027;20298544
379;96.42303941133707;17015019
388;117.5693602667842;17015019
373;100.7372802923519;20298544
370;136.47795766883712;17015019
381;150.16119477221253;20298544
387;172.83864127526385;20298544
378;180.5870374482971;20298544
371;126.05643792176875;20298544
369;89.68177087887887;20298544
375;134.32021546699173;20298544
384;110.07340553721372;20298544
385;155.8667710906583;17015019
392;82.03438263254884;17015019
363;125.3906551987775;17015019
374;117.63552267492423;17015019
382;229.8953166550054;17015019
377;241.1023733339161;17015019
368;149.99952203741054;56480211
378;127.83782484608673;56480211
381;139.2832158341331;56480211
390;158.82656117269357;56480211
372;147.96974874675698;56480211
387;231.6276197525185;56480211
363;130.3527405652709;78736911
377;183.2837443856796;78736911
386;252.2661252029306;78736911
393;187.35866987710347;78736911
374;101.91807540161881;78736911
383;176.35517705434052;78736911
370;60.935976791868825;78736911
380;157.52418554475423;78736911
389;121.04449670452391;78736911
