49;174.0;20680482
31;216.0;20680482
39;242.0;20680482
45;278.0;20680482
63;216.0;81990080
64;126.0;81990080
66;312.0;81990080
55;292.0;81990080
85;112.0;7695456
114;216.0;42365928
119;178.0;42365928
117;206.0;42365928
121;198.0;42365928
33;316.0;87252838
37;228.0;87252838
42;218.0;87252838
47;238.0;87252838
116;196.0;44490411
59;224.0;56405366
56;216.0;56405366
61;174.0;56405366
60;320.0;56405366
43;128.0;52611594
71;188.0;59709019
78;148.0;59709019
77;268.0;59709019
79;300.0;59709019
106;154.0;28945374
111;264.0;28945374
109;316.0;28945374
112;212.0;28945374
88;302.0;7695456
93;282.0;7695456
91;270.0;7695456
48;322.0;98206485
32;224.0;98206485
41;168.0;98206485
44;222.0;98206485
120;210.0;44490411
118;248.0;44490411
127;194.0;59676378
122;260.0;44490411
125;222.0;59676378
128;220.0;59676378
126;286.0;59676378
40;256.0;52611594
30;234.0;52611594
89;310.0;28729502
46;302.0;52611594
86;198.0;28729502
90;220.0;28729502
92;276.0;28729502
94;208.0;97617583
96;268.0;97617583
97;242.0;97617583
86;212.0;97617583
35;126.0;61844733
31;182.0;61844733
38;238.0;61844733
42;294.0;61844733
45;296.0;73963867
32;226.0;73963867
37;118.0;73963867
41;184.0;73963867
57;166.0;44344862
60;186.0;44344862
55;254.0;44344862
59;272.0;44344862
114;130.0;10871018
40;196.0;39619681
46;264.0;39619681
125;238.0;60081030
33;212.0;39619681
44;222.0;39619681
70;188.0;19423844
126;176.0;60081030
128;222.0;60081030
127;316.0;60081030
122;160.0;48140157
121;240.0;48140157
123;268.0;48140157
119;246.0;48140157
112;216.0;10871018
113;328.0;10871018
106;250.0;10871018
66;220.0;19423844
74;224.0;19423844
72;304.0;19423844
73;194.0;42842586
90;218.0;14332541
91;268.0;14332541
88;214.0;14332541
82;310.0;14332541
69;254.0;42842586
71;136.0;42842586
67;302.0;42842586
39;218.0;6305417
30;186.0;6305417
43;260.0;6305417
36;272.0;6305417
116;234.0;41574277
107;316.0;41574277
118;170.0;41574277
117;238.0;41574277
117;208.0;95696628
126;218.0;95696628
124;240.0;95696628
122;324.0;95696628
57;224.0;15266693
67;174.0;15266693
66;188.0;15266693
64;236.0;15266693
140;206.0;10263607
137;180.0;10263607
139;298.0;10263607
138;278.0;10263607
115;242.0;41524395
119;222.0;41524395
118;228.0;41524395
120;232.0;41524395
96;148.0;56297085
100;154.0;56297085
91;216.0;56297085
99;236.0;56297085
62;126.0;35049145
68;264.0;35049145
67;284.0;35049145
70;260.0;35049145
42;178.0;72620671
38;200.0;30148380
34;186.0;72620671
44;118.0;72620671
43;270.0;72620671
33;250.0;30148380
47;190.0;30148380
43;272.0;30148380
58;138.0;18506705
53;148.0;18506705
59;306.0;18506705
60;278.0;18506705
73;230.0;66664672
75;252.0;66664672
74;182.0;66664672
70;290.0;66664672
31;184.0;50416977
45;264.0;50416977
40;250.0;50416977
49;306.0;50416977
124;234.0;3268350
122;134.0;3268350
125;238.0;3268350
112;240.0;3268350
107;208.0;9994218
25;232.0;76318242
24;192.0;76318242
15;238.0;76318242
20;242.0;76318242
18;214.0;22056024
28;250.0;22056024
31;214.0;22056024
30;290.0;22056024
94;280.0;9994218
108;220.0;9994218
106;300.0;9994218
81;190.0;95371160
84;276.0;95371160
82;196.0;95371160
77;230.0;95371160
99;212.0;82870676
102;200.0;82870676
104;270.0;82870676
103;280.0;82870676
50;160.0;56579394
46;214.0;56579394
42;228.0;56579394
32;252.0;56579394
118;260.0;18631608
117;208.0;18631608
116;252.0;18631608
105;198.0;18631608
127;240.0;64634902
123;232.0;64634902
116;162.0;64634902
125;272.0;64634902
94;240.0;14355755
92;318.0;14355755
87;220.0;14355755
95;270.0;14355755
74;250.0;18129313
72;168.0;18129313
64;172.0;18129313
73;268.0;18129313
39;234.0;57700608
44;224.0;57700608
30;146.0;57700608
48;236.0;57700608
132;146.0;73787626
54;292.0;42561890
55;218.0;42561890
47;242.0;42561890
52;206.0;42561890
131;262.0;73787626
130;220.0;73787626
129;248.0;73787626
75;112.0;12931102
77;284.0;12931102
70;240.0;12931102
76;198.0;12931102
130;196.0;86590878
133;192.0;86590878
135;306.0;86590878
121;294.0;86590878
50;158.0;87318834
106;246.0;81760530
110;210.0;81760530
109;154.0;81760530
97;234.0;81760530
59;170.0;11199348
51;262.0;11199348
57;170.0;11199348
60;218.0;11199348
42;210.0;68914627
35;300.0;68914627
38;196.0;68914627
32;218.0;68914627
39;184.0;16615882
36;182.0;16615882
31;282.0;16615882
41;284.0;16615882
60;164.0;72699177
52;286.0;72699177
58;222.0;72699177
57;326.0;72699177
124;204.0;26420376
123;212.0;26420376
122;116.0;26420376
120;280.0;26420376
94;238.0;56437161
93;280.0;56437161
86;192.0;56437161
95;202.0;56437161
139;228.0;59456998
140;206.0;59456998
135;238.0;59456998
138;136.0;59456998
62;232.0;88921744
64;200.0;88921744
63;332.0;88921744
50;226.0;88921744
98;126.0;91596921
99;200.0;91596921
90;190.0;91596921
100;228.0;91596921
49;116.0;87993210
48;284.0;87993210
34;102.0;87993210
52;234.0;87993210
107;142.0;74118831
111;242.0;74118831
113;198.0;74118831
114;244.0;74118831
33;224.0;99446295
43;258.0;99446295
37;218.0;99446295
40;190.0;99446295
31;148.0;23771038
29;196.0;33283820
48;244.0;87318834
49;232.0;87318834
28;230.0;33283820
21;242.0;33283820
27;264.0;33283820
45;292.0;87318834
68;216.0;23244917
69;148.0;23244917
65;266.0;23244917
67;196.0;23244917
23;156.0;53622483
37;220.0;53622483
33;230.0;53622483
35;296.0;53622483
90;190.0;12132967
80;266.0;12132967
88;186.0;12132967
89;324.0;12132967
92;178.0;60968140
113;176.0;16977299
114;196.0;16977299
112;196.0;16977299
109;284.0;16977299
38;284.0;23771038
36;324.0;23771038
39;328.0;23771038
129;208.0;67560719
134;274.0;67560719
133;256.0;67560719
132;242.0;67560719
86;208.0;60968140
94;254.0;60968140
93;282.0;60968140
126;182.0;825681
124;244.0;825681
123;258.0;825681
120;232.0;825681
59;322.0;92910092
57;198.0;92910092
47;290.0;92910092
58;324.0;92910092
80;228.0;50815624
82;216.0;50815624
77;188.0;50815624
72;264.0;50815624
114;140.0;7156249
140;312.0;1708487
139;234.0;1708487
138;280.0;1708487
137;336.0;1708487
100;170.0;75015913
96;200.0;75015913
99;202.0;75015913
63;170.0;68648281
101;226.0;75015913
75;252.0;68648281
71;226.0;68648281
76;306.0;68648281
33;180.0;25617543
36;328.0;25617543
38;228.0;25617543
28;230.0;25617543
26;218.0;66804881
22;278.0;95580576
28;266.0;95580576
30;218.0;95580576
25;266.0;95580576
73;224.0;73482397
83;240.0;73482397
79;322.0;73482397
84;182.0;73482397
116;250.0;7156249
118;168.0;7156249
34;170.0;1940996
117;218.0;7156249
37;198.0;1940996
27;242.0;1940996
39;274.0;1940996
106;148.0;43007235
97;172.0;43007235
104;228.0;43007235
107;296.0;43007235
45;196.0;43164227
49;220.0;43164227
51;250.0;43164227
35;238.0;43164227
54;132.0;66804881
40;230.0;66804881
53;332.0;66804881
62;162.0;63677197
74;210.0;63677197
71;230.0;63677197
68;322.0;63677197
94;194.0;41065524
92;284.0;41065524
86;206.0;41065524
93;212.0;41065524
62;206.0;23125008
64;162.0;23125008
52;232.0;23125008
60;280.0;23125008
44;250.0;20588232
45;188.0;20588232
40;228.0;20588232
43;260.0;20588232
130;194.0;92589754
133;312.0;92589754
131;302.0;92589754
127;214.0;92589754
110;166.0;28926990
111;172.0;28926990
105;200.0;28926990
109;284.0;28926990
89;200.0;70372329
90;238.0;70372329
88;264.0;70372329
82;244.0;70372329
134;298.0;50610631
138;262.0;50610631
137;168.0;50610631
139;212.0;50610631
23;220.0;61263053
38;246.0;61263053
36;184.0;61263053
37;222.0;61263053
49;196.0;51182190
61;242.0;91070945
59;182.0;91070945
56;166.0;91070945
63;212.0;91070945
93;262.0;77583913
99;208.0;77583913
97;230.0;77583913
25;204.0;34898908
101;286.0;77583913
34;266.0;34898908
32;242.0;34898908
33;190.0;34898908
81;218.0;12876881
89;202.0;12876881
92;248.0;12876881
87;234.0;12876881
116;214.0;83748586
128;188.0;83748586
122;308.0;83748586
125;208.0;83748586
47;158.0;51182190
42;252.0;51182190
48;196.0;51182190
106;152.0;31956090
128;268.0;31956090
123;260.0;31956090
126;282.0;31956090
21;164.0;28640532
27;206.0;28640532
29;206.0;28640532
26;206.0;28640532
131;204.0;61091879
124;244.0;61091879
15;198.0;95663577
134;306.0;61091879
74;208.0;89197343
73;282.0;89197343
69;158.0;89197343
133;254.0;61091879
26;194.0;95663577
72;268.0;89197343
23;230.0;95663577
28;212.0;95663577
72;152.0;53710036
113;206.0;72566938
112;168.0;72566938
108;206.0;72566938
105;264.0;72566938
82;210.0;53710036
80;274.0;53710036
78;284.0;53710036
17;238.0;60517601
27;206.0;60517601
24;258.0;60517601
21;236.0;60517601
57;276.0;18488335
47;344.0;18488335
59;236.0;18488335
58;316.0;18488335
102;234.0;23888334
110;234.0;23888334
109;184.0;23888334
112;194.0;23888334
97;198.0;57893832
92;256.0;57893832
99;264.0;57893832
100;256.0;57893832
73;196.0;17065759
67;250.0;17065759
63;174.0;17065759
72;208.0;17065759
34;174.0;55414314
27;158.0;55414314
32;162.0;55414314
33;292.0;55414314
76;258.0;52928285
83;174.0;52928285
78;220.0;52928285
79;190.0;52928285
26;222.0;23550608
41;164.0;23550608
33;254.0;23550608
36;242.0;23550608
33;194.0;21153735
38;244.0;21153735
42;272.0;21153735
41;270.0;21153735
54;268.0;39767458
50;232.0;39767458
56;178.0;39767458
59;292.0;39767458
103;210.0;41278458
113;186.0;41278458
111;190.0;41278458
114;300.0;41278458
35;158.0;51562592
55;248.0;51562592
57;256.0;51562592
53;264.0;51562592
109;206.0;26501615
123;190.0;26501615
118;316.0;26501615
122;162.0;26501615
10;106.0;27216344
89;112.0;53327766
82;302.0;53327766
88;188.0;53327766
87;252.0;53327766
81;192.0;96100944
89;178.0;96100944
95;196.0;96100944
94;280.0;96100944
43;296.0;14476274
36;160.0;14476274
32;282.0;14476274
39;226.0;14476274
112;144.0;61602123
124;156.0;31292657
104;178.0;61602123
113;280.0;61602123
31;248.0;72465455
109;326.0;61602123
44;210.0;72465455
40;258.0;72465455
37;202.0;72465455
94;260.0;43310597
95;246.0;43310597
89;210.0;43310597
93;310.0;43310597
20;216.0;5742939
12;236.0;5742939
15;244.0;5742939
17;210.0;5742939
59;210.0;38279507
56;176.0;38279507
58;248.0;38279507
51;212.0;38279507
63;274.0;76443781
71;138.0;76443781
68;160.0;76443781
69;198.0;76443781
121;176.0;80822262
122;348.0;80822262
126;156.0;22294697
119;306.0;80822262
123;272.0;80822262
68;192.0;44941295
62;188.0;44941295
69;274.0;44941295
67;210.0;44941295
103;190.0;84744816
101;206.0;84744816
102;206.0;84744816
97;238.0;84744816
125;140.0;50828290
93;186.0;24002428
101;298.0;24002428
133;210.0;22294697
99;234.0;24002428
130;274.0;22294697
134;254.0;22294697
102;254.0;24002428
38;164.0;29241866
43;160.0;29241866
70;294.0;51018779
51;208.0;29241866
47;246.0;29241866
78;238.0;51018779
76;166.0;51018779
77;268.0;51018779
22;180.0;89636132
14;192.0;89636132
24;306.0;89636132
25;176.0;89636132
62;128.0;81162759
61;228.0;81162759
128;270.0;50828290
126;304.0;50828290
57;260.0;81162759
65;298.0;81162759
57;274.0;93926605
58;260.0;93926605
127;346.0;50828290
61;310.0;93926605
54;176.0;93926605
137;220.0;69198404
140;188.0;69198404
139;272.0;69198404
138;248.0;69198404
132;204.0;29662325
135;212.0;29662325
125;194.0;29662325
131;280.0;29662325
18;126.0;27216344
15;206.0;27216344
22;144.0;62068974
17;328.0;27216344
23;160.0;62068974
24;328.0;62068974
20;248.0;62068974
83;170.0;313598
79;276.0;313598
74;208.0;313598
85;302.0;313598
138;200.0;35361727
133;308.0;35361727
116;208.0;31292657
139;226.0;35361727
136;290.0;35361727
127;262.0;31292657
120;346.0;31292657
44;280.0;68934098
37;280.0;68934098
47;140.0;68934098
48;310.0;68934098
