81;266.0;97093887
82;256.0;97093887
84;230.87443550668996;97093887
79;216.48784495538678;97093887
25;224.0;20055606
31;134.9124111034549;20055606
31;213.88043738970828;23967817
36;298.89564582417705;23967817
34;262.0;23967817
27;213.53532949143556;23967817
12;211.5015018353506;14491798
21;232.0;14491798
32;196.79403360854616;62871948
34;199.91527112823223;62871948
33;284.0;20055606
35;268.0;20055606
30;267.68950050159435;62871948
26;270.0;62871948
192;206.0;55865587
197;130.0;74448080
86;174.0;49344419
88;234.53754880787147;49344419
61;298.60245062473865;50132824
66;338.0;50132824
71;285.87208334337936;50132824
70;304.0;50132824
313;142.0;61627164
303;96.0;73528504
49;130.0;83396171
103;172.14019951195587;52148416
102;184.0;52148416
14;257.91263032074903;14491798
18;283.17110317739673;14491798
29;204.49151003404322;80020116
41;243.00710729186642;80020116
73;244.0;9192477
72;244.0;9192477
44;252.0;65875305
42;176.0;65875305
39;140.82875952746326;65875305
105;254.0;21478537
107;284.0;21478537
116;233.52683661081915;21478537
106;265.398803050489;21478537
47;322.0833937743241;65875305
221;232.0;73977154
85;298.0540705147407;6509376
89;338.9629282678022;6509376
79;257.28146217193944;6509376
82;242.02008064091842;6509376
170;206.0;98762934
87;213.2663690150358;20963121
93;244.0;20963121
170;212.6964829840922;89259816
185;218.0;89259816
74;326.0;9192477
71;320.0;9192477
188;219.6776826838107;55865587
197;238.0;44128165
209;219.18486510527032;44128165
187;296.0;89259816
172;252.87173401683663;89259816
91;322.96823178884415;49344419
190;137.92609957900765;74448080
84;245.87791435089807;49344419
46;273.2922479319046;80020116
45;294.0;80020116
307;122.0;73528504
56;236.0;55238976
44;266.79519578446065;55238976
57;316.0;55238976
105;243.0642253179003;58422548
55;232.0;55238976
106;333.06422531790037;58422548
108;246.06048494344927;58422548
310;175.09908414951718;61627164
107;316.0;58422548
24;328.0;53885688
216;249.46811680728368;73977154
22;306.3052862819301;53885688
29;200.56437646759076;53885688
16;222.0;53885688
176;270.93891425001823;21905486
167;259.56983976097;21905486
293;104.0;16631428
211;272.0;74163576
180;305.68267598409636;21905486
199;237.56558381052287;74163576
187;322.0;21905486
206;235.52624498136802;44128165
203;270.0;44128165
100;242.33988249335434;52148416
101;290.13150588323543;52148416
171;264.02983888066257;55865587
184;326.0;55865587
50;246.0;83396171
315;256.58866276281975;61627164
310;268.0;73528504
314;203.02578577502965;61627164
309;280.0;73528504
287;246.0;59661421
292;254.0;59661421
194;241.10736483069948;89897655
178;202.0;98762934
256;200.0;74223887
297;172.0;13185540
262;212.0;74223887
190;209.00147175949184;89897655
97;297.1608528021315;20963121
95;280.9201613010215;20963121
325;182.0;25933999
226;234.0;13438788
324;204.0;25933999
207;233.0577026074023;74163576
225;242.45063045356983;13438788
204;296.0;74163576
332;282.0;51403749
331;254.5904265452227;51403749
329;290.0;51403749
330;289.7546304045146;51403749
186;334.0;74448080
218;322.0;73977154
175;330.0;74448080
220;291.52589070051624;73977154
300;280.0;43412939
302;248.6845370618271;43412939
297;206.5553203705959;43412939
62;270.3070914891154;52114924
304;234.8114746039205;43412939
63;330.0;52114924
407;142.0;42911874
289;221.04143906472132;59661421
281;244.0;59661421
411;206.0;98392262
430;199.84255852515125;98392262
165;182.0;90029855
169;194.0;90029855
200;252.0;36851836
205;254.0;36851836
180;241.73308363540855;89897655
208;246.0;36851836
212;246.0;36851836
283;238.0;16631428
193;284.0;89897655
260;288.0;74223887
258;274.0;74223887
99;229.64416532054275;63210386
97;252.0;63210386
100;256.0804224609447;63210386
227;254.0;13438788
228;258.0;13438788
224;316.0;12283544
94;260.0;63210386
220;322.0;12283544
218;268.60806377247707;12283544
433;102.0;29148437
213;318.0;12283544
425;140.0;28226837
412;164.0;28226837
423;264.0;28226837
424;229.66970177674136;28226837
282;214.0;84116064
284;147.44938361348602;84116064
49;287.4776632862835;86739649
53;222.84167920319317;86739649
419;223.42551481441228;87018811
61;313.7629655289429;52114924
64;296.7175574473588;52114924
417;214.9773256774365;87018811
56;262.3109613962808;86739649
306;292.0;85081305
151;251.50747622454284;97125680
305;255.7222460344176;85081305
422;179.46050763401416;98392262
58;334.0;86739649
426;261.8965212720086;98392262
157;273.12589975721244;97125680
308;262.0;85081305
43;330.0;83396171
160;252.35334215363332;97125680
410;308.0;87018811
307;294.0;85081305
52;345.70984967779805;83396171
155;236.34170077912194;97125680
415;312.0;87018811
291;214.47779146262445;16631428
288;216.4619276789075;16631428
371;249.14295600380552;32736711
140;286.0;40228130
141;274.44731434841697;40228130
374;274.0;32736711
137;316.0;40228130
143;300.33168642657853;40228130
441;220.0908637235099;31193247
439;258.0;31193247
506;190.0;54101548
302;231.10451211120542;13185540
182;275.54691241388736;90029855
177;296.0;90029855
300;291.6763467335471;13185540
301;322.0;13185540
413;157.60824619176026;42911874
389;110.3863222948732;17961542
393;212.0;17961542
214;240.82793509983776;85962877
219;281.9448700209738;85962877
520;160.0;41635059
226;259.4562292682209;85962877
223;342.0;85962877
517;176.85303310968922;38765645
440;198.0;91446673
326;208.0;51912017
443;202.0;91446673
323;224.0;51912017
375;245.65368125266835;32736711
373;242.22222726470267;32736711
324;208.0;51912017
318;210.0;51912017
205;274.9852221368528;94259607
518;237.70929143542912;32760439
539;254.0;32760439
277;301.35356378798986;84116064
207;294.0;94259607
279;318.4183421108387;84116064
215;278.0;93246130
246;212.0;39677958
376;217.25988572323757;15136729
213;214.76948751023474;93246130
245;177.8925035438276;39677958
373;274.28289846998223;15136729
211;336.0;93246130
375;298.0;15136729
529;220.0;23589670
217;328.0;93246130
525;213.51277327938303;23589670
374;276.3415737524017;15136729
338;125.8711709464178;98764451
337;208.0;98764451
532;128.0;68723524
266;237.49143999554616;48110395
185;328.578958387033;98762934
148;220.0;52856667
166;307.07082725923124;98762934
149;214.0;52856667
414;234.0;29148437
433;272.0;1434266
447;261.1628088604085;1434266
446;254.46803586777304;1434266
444;300.0;1434266
502;274.0;16581127
501;228.63380539557647;16581127
416;298.0;45282865
418;282.0;45282865
413;278.0;45282865
409;269.14359756016586;45282865
530;266.0;25512786
509;226.0;25512786
519;226.864601782999;25512786
203;294.4708660985916;94259607
538;186.0;58902639
210;286.3004715648249;94259607
522;348.0;25512786
537;146.0;58902639
244;338.0;39677958
243;334.0;39677958
540;266.0;58902639
539;252.0;58902639
444;297.14174372834253;31193247
442;334.0;31193247
289;213.85065318339161;79605211
432;234.0;52868293
290;254.0;79605211
440;176.49587593354806;52868293
323;314.29065585440867;25933999
443;220.50992234412428;52868293
326;344.0;25933999
437;222.0;52868293
511;194.0;54101548
428;274.0;79067541
332;325.86548056078936;98004323
430;219.7956250468062;79067541
331;342.0;98004323
329;294.0;98004323
330;280.6055636599365;98004323
555;216.0;94849853
558;188.06376719300306;94849853
337;244.0;62755124
338;206.11097867554867;62755124
395;212.0;33247386
391;118.65325150178683;33247386
552;236.9843430505521;93400901
551;192.0;93400901
534;294.0;23589670
336;274.0;98764451
512;306.0;23589670
335;280.0;98764451
147;303.1826869656484;52856667
139;338.0;52856667
320;196.0;71460577
321;190.0;71460577
445;320.78589609827714;91446673
446;334.48025956127555;91446673
497;160.0;89355075
318;238.20630042110167;42696449
319;318.0;42696449
404;253.5215958806897;26719385
403;236.65920820522726;26719385
517;274.0;54101548
523;270.0;54101548
505;234.0;48891043
514;182.0;41635059
527;197.47533098433877;41635059
507;216.66006027664434;41635059
508;252.0;48891043
536;348.0;32760439
531;340.0;32760439
390;276.37486094036876;47035274
510;309.0323082831317;48891043
516;271.9855114378255;48891043
388;322.8546186063537;47035274
499;246.7796029585377;16581127
500;286.55798289530554;16581127
427;322.7957709195769;29148437
431;297.4442839210705;29148437
291;316.18988198137765;79605211
292;338.0;79605211
520;188.0;38765645
557;287.3819893820165;94849853
556;302.29889718927154;94849853
406;314.0;26719385
405;330.0;26719385
320;282.338263569124;42696449
317;314.0;42696449
186;248.0;93458767
184;215.2465464633541;93458767
394;332.0;33247386
393;268.70407686064243;33247386
177;274.0;93458767
188;256.0;93458767
549;269.8924581223792;93400901
550;333.4616390777867;93400901
528;258.17415611069487;11667347
521;236.22612440069003;11667347
395;299.7098537295609;17961542
481;296.0;93772664
396;314.0;17961542
487;232.1566359439921;93772664
484;272.60395828741935;93772664
483;249.55621905022988;93772664
510;156.10091209871655;33902439
513;290.1788278288906;11667347
532;344.0;11667347
271;262.73322062048305;48110395
386;324.80116660319334;47035274
391;328.0;47035274
551;244.0;74094593
552;265.1187619375034;74094593
549;278.0;74094593
553;278.0;74094593
402;276.0;5121256
399;258.61620225101706;5121256
400;282.0;5121256
401;245.29123974587046;5121256
336;287.4763842819573;62755124
335;314.0;62755124
427;284.5037723547158;79067541
423;338.6214274703627;79067541
416;346.0;42911874
419;275.01436237775016;42911874
523;300.3974222060735;41817870
526;236.99018069480928;41817870
524;272.8113207727427;41817870
525;322.9005748769497;41817870
529;130.14709229375836;68723524
495;152.0;89355075
557;229.65402667373888;72107028
558;232.0;72107028
269;238.50078421111823;48110395
270;328.0;48110395
411;247.4716403775892;54895850
422;314.0;54895850
420;304.0;54895850
418;272.4626265697651;54895850
434;302.0;6722082
431;304.0;6722082
425;317.10724441095135;6722082
429;308.0;6722082
506;220.41689217074793;33902439
312;271.35775786192994;71460577
319;306.99469036848814;71460577
518;338.0;38765645
519;346.0;38765645
550;348.0;72107028
556;314.28042505856666;72107028
498;328.0;89355075
494;326.0;89355075
509;283.0552662233043;33902439
508;336.0;33902439
543;246.0;42892651
546;217.88911412646382;42892651
544;258.300682544363;42892651
545;312.0;42892651
531;316.5372727718069;68723524
530;340.6821361706472;68723524
78;109.15214065079658;76090714
68;128.0;76090714
72;194.0;76090714
74;248.0;76090714
115;227.8305819423306;37531291
116;199.7241190613085;37531291
117;299.3225777184744;37531291
118;323.99999999999994;37531291
86;206.0;54432788
80;200.0;54432788
111;304.0;22934363
112;286.0;22934363
110;282.65057382149405;22934363
105;290.0;22934363
95;154.27478447434132;54432788
94;238.65099461359605;54432788
33;264.0;35111205
22;255.05557961286698;35111205
23;240.65422269806425;93926357
39;280.59830328179396;93926357
37;258.0;93926357
38;252.12713269503683;93926357
104;221.1662815317842;14972025
87;278.0;14972025
73;209.67899248865206;34748071
56;184.0;34748071
45;183.8489200348917;71031802
43;225.27976240350716;71031802
48;224.59541734562868;71031802
31;335.82246910064475;71031802
106;297.4860114600249;14972025
107;312.4585590825749;14972025
21;244.35245038612072;78901181
28;292.0;78901181
34;296.0;78901181
30;267.83517929039215;78901181
72;281.57864050223634;40597428
71;328.0;40597428
29;274.0771196752028;35111205
26;301.5026341744401;35111205
61;207.3106375672446;11839843
55;192.0;11839843
74;307.1943829885123;40597428
66;330.0;40597428
69;306.28075970472094;34748071
68;314.0;34748071
195;131.06919019694152;66391878
59;299.86879410451127;11839843
60;348.0;11839843
207;236.0;66391878
221;266.0;66391878
214;234.41687107032732;66391878
174;236.0;53712166
171;209.561201393747;53712166
173;249.71905757281468;53712166
172;260.0;53712166
199;154.0;82694937
192;158.7062995248624;82694937
181;168.0;56702456
205;340.0;82694937
210;302.1052151602923;82694937
176;122.0;56702456
204;158.0;55717445
201;156.0;40068769
188;174.0;40068769
200;218.1877321367965;55717445
202;216.0;59300385
206;207.97775024925318;59300385
166;148.0;13116168
251;168.0;99128328
250;202.0;99128328
179;285.50453647775544;56702456
178;322.0;56702456
193;292.0;40068769
197;240.5545197788228;40068769
191;256.5012120094334;55717445
196;314.0;55717445
249;116.0;99128328
248;124.0;99128328
209;328.0;26821042
219;220.95437295365574;26821042
220;315.92583113535295;26821042
217;302.6608018990082;26821042
190;277.52097738807925;59300385
198;242.2822153013665;59300385
326;122.0;79213769
167;142.55244141308015;13116168
164;272.0;13116168
163;284.0;13116168
289;218.84463139430454;44584522
329;268.0;48805396
328;268.0;48805396
325;228.0;79213769
270;244.95685608170692;51527362
267;212.39167711548407;51527362
310;198.0;11184837
311;134.0;11184837
312;331.99999999999994;11184837
309;330.0;11184837
335;185.25961717450778;88422287
337;242.0;88422287
316;232.0;42367399
315;206.20033597550787;42367399
318;248.56819172474792;42367399
317;294.0;42367399
282;324.96874220126176;44584522
285;278.0;44584522
292;273.55538088979165;44584522
283;203.84554227836318;79066095
281;282.0;79066095
293;281.84270124318545;79066095
288;248.73149535868444;79066095
332;338.0;48805396
331;328.543117929352;48805396
272;303.8029097148142;51527362
271;348.0;51527362
303;294.9759561499589;95215648
302;314.148875137761;95215648
297;338.0;95215648
324;326.7794242450615;79213769
323;326.0;79213769
299;348.0;95215648
333;348.0;88422287
338;223.5927799702846;88422287
437;98.0;39629300
378;238.30605905931537;96359093
376;206.0;96359093
368;189.06866614195192;96359093
379;264.0;96359093
419;190.0;50356477
421;131.43551968215792;50356477
434;196.0;39629300
391;180.0;19756165
423;281.36683787658615;50356477
414;288.67584118221464;50356477
403;264.0;65108247
406;252.0;65108247
389;162.0;19756165
392;290.0;19756165
393;296.0;19756165
439;332.0;39629300
441;313.4662516460121;39629300
396;215.0765486161339;62979614
397;187.33906130596006;62979614
404;330.0;65108247
405;336.0;65108247
395;316.61177319731155;62979614
390;330.0;62979614
448;304.0;61787291
446;169.1086633833284;61787291
445;269.81203730780277;61787291
447;292.0;61787291
438;260.0;2502522
433;258.0;2502522
435;280.0;2502522
436;254.90592229722347;2502522
552;249.96319187526467;2242119
549;249.53574303695382;2242119
497;234.0;84318146
500;187.3547679105822;84318146
426;298.0;13465127
417;268.1813060848124;13465127
430;234.3262754587399;13465127
429;279.45853556084285;13465127
551;308.0;2242119
542;240.0;2242119
420;344.0;36076619
418;311.1792102662953;36076619
422;296.0;36076619
413;204.22195199842963;36076619
546;222.59925189507985;88217025
545;260.34937855331;88217025
534;306.0;88217025
543;252.66793317399205;88217025
528;158.995538389926;12586606
526;180.0;12586606
529;302.0;96757246
519;273.91732956740316;96757246
555;145.1289913989649;33289190
558;170.0;33289190
513;260.0;23783750
515;247.0922254832118;23783750
541;193.35882384332007;75849933
539;270.0;75849933
536;330.0;75849933
522;328.0;75849933
499;336.76667365025764;84318146
498;324.23392725094766;84318146
532;219.86678224056496;96757246
527;266.76203778172203;96757246
524;258.0;67357135
514;157.3997040646375;67357135
523;233.85442547357957;67357135
557;167.46353300725102;33289190
556;264.07105014439776;33289190
518;286.0;67357135
479;285.9757402443214;596814
480;244.88038302734412;596814
521;334.0;12586606
531;304.9343097536577;12586606
508;315.5875707185356;23783750
510;336.0;23783750
475;329.1965755234687;596814
478;342.0;596814
