80;174.0;47890479
56;278.0;76957072
65;208.14217717164098;76957072
38;198.9451966677063;46180993
49;212.0;46180993
86;120.0;47890479
43;269.61188581079443;46180993
84;294.0;47890479
46;268.64761855218137;46180993
83;166.69426669907872;47890479
85;246.0;82221235
146;104.0;95590744
92;232.0879682850298;82221235
93;338.0;82221235
94;292.8285935515256;82221235
42;296.0;53608092
43;282.72162137030705;53608092
44;296.58403075210254;53608092
40;309.6052696963525;53608092
145;82.7368989991337;86773895
73;278.0;57178037
75;244.73010893109642;57178037
70;254.59583904777472;57178037
74;255.83983328798922;57178037
216;80.0;75068859
100;261.31863241533597;96995815
102;195.13666632535327;96995815
82;300.0;9332599
177;138.0;49099919
83;278.7403888243616;9332599
72;301.6419177162038;9332599
78;227.02967681344978;9332599
91;190.0;16215324
83;202.0;16215324
12;303.3840794149901;59237814
28;258.66727877822643;59237814
21;284.61808214251704;59237814
55;264.0;26827409
53;211.73697540938045;26827409
26;304.0;59237814
44;302.659170652992;26827409
37;196.0;5252872
50;299.1340042990785;26827409
22;136.0;78077747
35;213.44025434041478;5252872
107;170.0;58107291
106;244.0;58107291
29;220.88945611078745;36234481
16;272.0;36234481
25;260.0;36234481
20;274.85551029187127;64741381
24;253.3739404843218;64741381
22;224.65959183855432;36234481
203;216.0;35946458
196;214.0;35946458
36;142.33852540029937;50162674
328;128.0;70613246
37;272.0;50162674
31;186.0;50162674
71;223.41756171065396;42499448
68;226.03676708270046;42499448
193;262.0;55865141
60;302.05926656603185;76957072
191;258.280516320795;55865141
188;274.65014927067625;55865141
87;284.0;62295289
181;247.2539391204991;55865141
63;335.4258783344598;76957072
91;293.5842402058602;62295289
94;329.2552696866363;62295289
63;224.4005573401031;90288532
93;337.1872240102305;62295289
62;202.93886908285526;90288532
52;310.0;90288532
61;274.46316782300437;90288532
105;286.8530695616655;58107291
110;267.6051036473691;58107291
218;236.0;75068859
141;236.0;86773895
34;264.20011536647803;50162674
148;218.0;89651906
146;195.37876765391533;89651906
18;216.0;23121802
20;154.0;23121802
15;210.0;23121802
180;194.0;49099919
24;322.9486096285281;23121802
73;200.21438090710933;52611176
71;242.63716358742957;52611176
104;91.02633403898994;91217017
148;136.0;95590744
105;220.22367483450952;32690754
99;210.16253362464067;32690754
27;284.0;5252872
38;235.73299145140692;5252872
185;116.0;96430908
148;246.79351011494566;86773895
151;281.2449626943146;86773895
206;248.3505081653392;35946458
209;278.0771207093863;35946458
294;126.0;71685391
25;260.9515771387648;64741381
26;277.88370877491815;64741381
57;300.0;52611176
72;204.41209272208505;52611176
103;272.9290379322774;96995815
97;283.12243953383495;96995815
43;266.0;59008405
42;243.26702176134967;59008405
117;266.7549786105782;39104231
118;280.15464967826466;39104231
116;252.04930477965522;38589903
117;320.0;38589903
116;266.0;39104231
113;247.5489407491398;39104231
28;330.04925097111436;59008405
41;336.24566959941643;59008405
331;244.0;68907846
330;232.5239642814978;68907846
228;240.0;14172040
227;225.2441789069303;14172040
101;322.7976166248254;32690754
289;178.0;41315248
103;338.0;32690754
29;196.0;11562950
32;192.0;11562950
322;182.0;10972867
33;284.5147438854127;11562950
22;314.0;11562950
157;142.72229855344403;81191532
160;184.17798159079132;81191532
73;326.0;42499448
66;321.4618797032176;42499448
97;176.70619591402385;91217017
252;130.0;41002517
58;174.6708028796855;22354661
183;122.0;42084422
184;316.5451666760098;49099919
172;278.02883192654406;49099919
51;220.0;22354661
89;306.77405646781517;16215324
90;312.5967078153905;16215324
207;209.39884155168284;96387960
300;258.0;86514423
306;228.16223826640203;86514423
307;173.33176049699648;86514423
209;230.0;96387960
310;166.9586855025541;86514423
222;249.67242716885488;75068859
220;300.9161277710268;75068859
412;148.0;12314018
214;184.87319751742547;11238340
215;205.1707587268867;11238340
376;122.0;59311490
144;293.79218995249494;89651906
137;347.0855844143775;89651906
225;203.6574562163965;14172040
433;300.13973806840625;42771196
205;210.1130393024606;55921820
424;254.53805880733017;42771196
431;234.0961802543131;42771196
186;266.0;55921820
224;260.4908315148691;14172040
434;288.0;42771196
218;165.3081459749792;11548078
214;252.0;11548078
141;244.0;4234363
195;216.38333861274663;55921820
219;210.0;14454475
330;136.0;70339802
201;276.72580028572406;55921820
437;230.0;42095911
145;168.92421223451674;4234363
440;198.17384696193562;42095911
224;147.89943741208788;14454475
370;280.974200404512;12723534
377;278.46493023341844;12723534
384;281.56809822301153;12723534
380;265.33031533203643;12723534
35;170.2179679416922;83993256
31;250.49393764596147;83993256
275;240.63173041265736;8007539
291;186.0;71685391
274;250.0;8007539
174;231.26665185454456;16753873
167;260.0;16753873
100;260.83655159753744;91217017
101;272.73825707186677;91217017
191;234.79276215977077;74100165
187;279.61703235472544;74100165
181;294.0;74100165
173;256.7520638086477;16753873
172;226.69256018435797;16753873
195;288.0;74100165
394;170.0;46712921
311;226.78433873485147;94328254
194;222.0;96430908
313;236.0;94328254
391;148.68702051509865;46712921
115;304.8676757438964;38589903
528;244.0;58193483
118;322.0;38589903
145;48.33448905424871;95019394
534;204.4217354310065;58193483
178;240.88269524713496;13191711
190;236.57142143205868;13191711
213;308.0;11238340
217;257.8561993778028;11238340
319;218.0;10972867
329;205.44838781111665;70613246
332;328.7838559484477;68907846
199;184.0;53799322
329;346.0;68907846
194;234.0;53799322
190;228.11188823506336;53799322
184;204.1328790044365;53799322
444;114.0;74198019
281;208.0;93337672
284;248.0;93337672
84;189.18601492329776;20173294
85;120.0;20173294
301;212.57298373039924;92827996
111;256.0;74231478
12;152.8681443364249;78077747
112;234.39062871872912;74231478
149;319.17619059785284;95590744
142;341.80799849311495;95590744
312;253.08484291853622;29386309
226;267.87174755248043;14454475
202;198.67344029350534;96387960
307;213.47334372954458;29386309
110;291.97396820627966;74231478
228;232.16034667703937;14454475
206;314.0;96387960
303;296.0;29386309
108;326.84445701285847;74231478
511;284.0;59716058
510;265.3503016155071;59716058
309;216.0;29386309
509;265.33227916462295;59716058
395;150.0;62498882
512;251.94798630162944;59716058
151;292.0;56968228
144;252.13779633970626;56968228
338;238.9721867244117;77588070
551;281.4949712438797;47694946
429;230.0;48149917
153;290.13750392263614;81191532
331;218.0;77588070
302;258.33882101724976;68452210
552;231.09981596959346;47694946
423;216.845852234957;48149917
550;317.48872230115;47694946
297;232.0;24706479
221;272.34694491000835;11548078
309;267.86132168681473;68452210
293;225.90472683917687;68452210
147;328.3213873627709;81191532
220;336.0;11548078
303;236.33185556370688;24706479
547;236.0;47694946
371;188.0;75219537
375;216.0;75219537
305;276.0;68452210
287;294.0;71685391
432;266.22429668140995;96230622
189;280.24906483267785;13191711
288;290.0;71685391
426;270.7540979260025;96230622
434;298.0;96230622
433;304.0;96230622
185;243.01226921699154;13191711
280;212.0;41315248
376;276.99351908329174;75219537
378;283.1758939988605;75219537
532;224.42700711449515;58193483
515;290.0;58193483
328;162.0;70339802
149;230.377468488426;54717079
374;142.29396182801156;73138785
137;265.32079355267035;54717079
375;215.03000529748863;59311490
380;176.0;73138785
248;226.48086212819658;51328143
143;317.96021648590965;54717079
244;302.0;51328143
243;226.0;51328143
249;204.75116126689787;51328143
144;288.79154087989446;54717079
416;162.72724784970194;12314018
191;170.0;73502584
254;274.7391857148804;24543473
252;249.51150385141565;24543473
253;300.621208562625;24543473
192;184.0;73502584
245;344.0;24543473
316;315.99999999999994;46287755
318;302.16558208408907;46287755
323;218.0;46287755
494;200.0;67716969
490;154.0446415309283;67716969
393;250.0;77376260
320;189.22117770405063;46287755
272;255.3777519754393;8007539
394;209.57303636499063;77376260
270;280.0;8007539
390;284.0;77376260
338;178.90271190569865;64990538
337;216.0;64990538
404;229.56296169175585;62498882
395;222.00097815636218;77376260
388;328.0;46712921
379;309.0594407040829;46712921
291;306.0;92452365
392;148.0;65826982
400;194.42855134714995;65826982
558;184.255548700305;13538748
296;203.36031699460364;92452365
557;204.0;13538748
153;329.3407076953281;56968228
253;204.0;41002517
156;330.4777966893423;56968228
192;282.0;99647005
183;227.49986278290726;99647005
396;298.0;61570820
196;304.6005708131006;99647005
199;318.0;99647005
411;316.0;61570820
540;92.0;30340815
156;316.0;65747434
503;209.55735426448868;29683719
300;227.12410416416083;42834099
151;230.15805533482373;65747434
439;313.623543485905;42095911
428;296.8027741937427;48149917
298;248.0;42834099
507;262.0;29683719
438;312.73256036018836;42095911
142;334.0;65747434
448;225.3590448398282;96226001
445;293.06693987618314;96226001
529;222.0;49726804
446;314.0;96226001
427;328.0;48149917
149;270.8325701836983;65747434
302;265.4922081667725;42834099
447;243.5754701795754;96226001
40;266.5059579081856;83993256
306;232.0;92827996
24;295.964292857796;83993256
526;88.0;31598129
292;340.0;42834099
396;111.37572837823677;74912225
521;318.0;55579062
152;192.0;95019394
526;270.35918658860527;55579062
289;336.42176005528825;93337672
398;254.0;37166696
402;202.2938177863503;37166696
287;265.1660160545404;93337672
302;323.8608717949166;94328254
308;326.0;94328254
523;239.3050223644924;22924411
527;275.23003053919956;22924411
533;282.0;3267243
534;200.72003499997538;3267243
531;312.8046437843088;22924411
532;278.0;3267243
533;238.91809828145716;22924411
226;253.3504124041624;44935381
225;265.47546215325633;44935381
555;242.0;2172449
228;286.0;44935381
558;226.25423908975733;2172449
403;220.63346141113834;37166696
227;254.16358530739407;44935381
529;224.34493448049523;3267243
409;303.57978285553963;83874759
392;185.4571020821395;37166696
60;330.3556561823128;22354661
422;281.2402825613245;83874759
61;310.46484603850087;22354661
421;255.62347667758877;83874759
418;227.12066575901332;83874759
320;320.98895771172533;10972867
308;280.0;92135508
321;323.61722535742774;10972867
413;286.54579690983536;61570820
407;277.4372271643702;61570820
299;180.74705414432344;92135508
221;172.991864917192;61492047
220;206.0;61492047
269;251.87340321386077;69030796
182;257.1310901059623;47125512
268;324.0;69030796
185;226.78864029094564;47125512
264;256.9375881741219;69030796
520;252.0;84925094
522;164.9292695338179;84925094
322;296.0;54070226
325;263.4270461592254;54070226
524;284.48666271617583;55579062
530;273.76429627026926;55579062
267;308.594687901903;69030796
423;248.0;43270954
271;214.0;84595138
216;280.12882185696344;61492047
544;200.0;84161791
543;181.82783017879183;84161791
274;197.97481864877375;84595138
336;237.77314990860623;64990538
335;316.0;64990538
222;303.8469977247323;61492047
498;232.0;10925573
544;326.0;52430913
507;216.11867254664915;10925573
329;242.1427781319062;54070226
545;271.6201159137072;52430913
446;172.27385949942004;74198019
546;298.0;52430913
326;300.0;54070226
473;170.00331156797932;19341409
472;182.0;19341409
542;212.44207733644336;52430913
408;283.3957509778726;62498882
405;302.0;62498882
500;327.73662738578616;67716969
487;346.0;67716969
556;318.288925889494;2172449
557;318.46424160519376;2172449
519;225.83806455608692;6441217
440;330.0;93660743
517;221.57505625593978;6441217
441;312.38051936998863;93660743
502;258.30747950508123;84698081
506;265.89807459157964;84698081
496;310.9201667849702;84698081
492;276.4624421189032;84698081
305;334.21283567413036;92827996
304;348.0;92827996
438;286.0;93660743
401;294.69759496528695;65826982
402;300.7828419707741;65826982
139;321.14763623091983;4234363
138;313.2762053637509;4234363
436;252.03165973972025;93660743
508;277.37629269626564;10925573
509;303.23518691182807;10925573
21;318.16920186866764;78077747
19;306.05366364186426;78077747
508;176.0;23002365
335;270.98711106797214;77588070
337;255.98200127211038;77588070
506;196.6792281320387;23002365
557;190.0;36816167
558;137.60248504921026;36816167
554;169.80026259933067;36816167
552;161.32418761207765;36816167
278;312.9451223056594;77793197
337;275.4875781297296;35890306
549;232.0;27624437
553;172.83811256709396;27624437
421;220.18985837713154;87119584
282;219.72438319322166;77793197
336;279.3124133926054;35890306
522;294.2770697271933;97735427
519;320.5219713052844;97735427
432;244.0;87119584
389;223.30044143384555;98126115
391;219.49410036034243;98126115
400;176.13568920984702;2259112
198;303.0928106441522;96430908
408;185.75152330289896;2259112
335;286.0;35890306
197;334.13956160726934;96430908
520;273.079055128097;97735427
516;239.10548856909634;97735427
509;274.0;29683719
429;302.0;87119584
338;228.10109632199215;35890306
499;264.17656031068805;29683719
427;296.1541592904069;87119584
500;250.0;7538144
501;228.0;7538144
183;290.62731783699513;73502584
198;314.1414689755809;73502584
320;282.9268399657619;70339802
323;282.71977557291257;70339802
537;296.0;30340815
539;272.0;30340815
538;264.26729248851814;30340815
373;339.6234933217319;59311490
370;338.0;59311490
294;232.0;88030966
288;202.33871729745778;88030966
181;317.3490333190804;47125512
187;314.03934844073746;47125512
546;233.0828144779615;84161791
545;236.68699781765207;84161791
550;287.923277590464;50824242
546;218.50283415465958;50824242
548;259.47405779473667;50824242
544;239.21255929507828;50824242
293;326.52890109737984;92135508
310;348.0;92135508
424;222.04415305837657;43270954
425;309.17360763578637;43270954
420;238.21358260043672;43270954
474;271.1602263682597;19341409
467;302.86252403168555;19341409
542;222.0;57334374
549;209.48385906436908;57334374
287;292.2619793572576;92452365
285;255.81935775798942;92452365
428;222.90354643117826;10555629
431;247.61487912629286;10555629
330;345.18629374686884;70613246
276;274.0;84595138
275;253.28980679318585;84595138
415;330.0;12314018
414;280.8883646330669;12314018
322;329.018579997949;70613246
497;271.1142416740712;7538144
502;302.5063194029014;7538144
283;329.41820372293654;41315248
286;285.8352027384332;41315248
280;222.16284386692928;77793197
272;305.066735140865;77793197
297;321.3668466318272;88030966
510;321.36729480526526;23002365
299;334.98629741079293;88030966
497;287.3718357305644;23002365
445;283.2457696213402;8783865
447;268.2591144633835;8783865
446;244.4533954758421;8783865
448;340.0;8783865
397;292.0;98126115
399;296.0;98126115
447;332.0;74198019
448;308.79199980338916;74198019
433;297.476291740901;10555629
435;305.9155934187993;10555629
551;272.0;27624437
550;202.13210962701226;27624437
158;254.90278447965665;95019394
155;287.7382607244674;95019394
527;200.0;49726804
406;279.93278427760333;2259112
407;302.0;2259112
76;300.16279991949756;20173294
81;333.79637769550874;20173294
393;205.02727625063642;53611282
401;222.0;53611282
516;320.5138271905365;84925094
518;339.5791879704317;84925094
304;340.0;24706479
309;293.50392266356846;24706479
515;340.0;6441217
521;334.3457182148866;6441217
248;280.0;30754405
247;234.02177092820986;30754405
246;245.59478333861188;30754405
243;250.0;30754405
360;192.0;62654750
361;187.01508015484546;62654750
545;272.29818372368294;57334374
547;248.16648744928125;57334374
528;162.0;31598129
530;184.24697416610798;31598129
356;316.10426033440194;62654750
358;334.0;62654750
400;224.0;74912225
383;307.22240250714344;73138785
390;339.37042571331637;73138785
416;284.0;17698593
419;290.35620884594204;17698593
418;238.73029414797634;17698593
402;258.9781448563605;17698593
523;344.0;31598129
502;278.5897683857521;65598396
500;230.61855213426855;65598396
496;285.9969214133926;65598396
501;258.0;65598396
248;332.16922614343883;41002517
249;294.6953892275728;41002517
189;290.52783845772046;42084422
514;275.97244447197306;26585776
518;271.5033513462524;26585776
516;276.1666219244639;26585776
505;330.0;26585776
404;299.7620522537076;53611282
385;314.0;53611282
392;310.91867560493074;74912225
387;323.9638892489772;74912225
555;335.86062216539455;13538748
556;333.4132916247884;13538748
524;341.40305340865143;49726804
531;332.96440710983984;49726804
196;240.04272646837407;42084422
193;336.8223296688393;42084422
