65;1851.5852442764533;93919084
32;1381.4977591620568;57784005
106;2838.636053701065;55012327
105;3187.8584034422843;55012327
20;1612.7889036979032;77074546
61;2277.5077959429723;93919084
35;3904.3979547063363;57784005
54;990.3717201405535;45024674
26;1652.0792482574557;57784005
30;2691.4665416560442;57784005
88;3059.7443881851045;95776709
98;1196.546473497614;95776709
40;1693.8595236414071;69931367
39;2077.0484665498143;21770643
108;2429.108894155767;55012327
36;3568.994252261204;21770643
107;1402.6462398164515;55012327
44;3322.9675652216843;69931367
12;2688.152268293957;77074546
115;3731.052531675145;89292846
116;3854.0635008287254;89292846
49;3068.2374119528436;82260482
45;2316.229442532121;82260482
110;1443.0245104066737;72077964
106;2634.459073768234;72077964
109;3072.4029845266296;72077964
79;1953.5782208674289;35541847
112;3703.2785813598375;72077964
90;2273.2733038213555;95776709
93;3517.1812027054307;95776709
17;2733.4423626391995;43498007
28;3074.720734368473;43498007
103;2979.09128924005;82134577
183;2390.4645039513525;48618113
196;1914.1490258803499;48618113
100;1878.596817362701;82134577
53;2861.900277027967;82260482
51;2407.2657096114867;82260482
191;1882.6066492732361;44718985
195;2996.2453758862275;44718985
173;1197.03921921648;96597862
57;2337.604354531587;43023950
63;2936.5252087173835;43023950
155;2362.423130728657;57109716
154;2704.512077593602;57109716
151;2083.6444247078302;57109716
145;1984.4526992435246;57109716
69;2143.2068639569397;43023950
68;1418.4372588686367;43023950
67;3522.4777419368497;93919084
66;2084.5279120458504;93919084
78;1958.9617637247472;35541847
52;3771.4546743089086;45024674
30;1985.7499490087653;43498007
27;2191.036627631572;43498007
225;1373.8913857399793;86665621
65;3807.2147134347197;2331185
79;2022.820613451578;2331185
82;2778.553821979466;2331185
90;4070.0529377746766;57527302
80;2820.4429515089723;2331185
91;819.6222477500351;57527302
92;3297.2332154338587;57527302
45;1594.3730305786444;69931367
46;2457.686864509058;69931367
86;3331.6431758491894;57527302
181;1873.1387009182333;89142812
199;3365.15679477882;48618113
76;2124.2351402122213;5361532
77;2967.657782419205;5361532
42;2530.018692188453;21770643
25;1453.3505995255257;21770643
203;1865.271433402868;48618113
184;3588.193299200303;89142812
72;1878.821873109224;5361532
74;2453.5422930828972;5361532
215;1652.6598327299191;44820028
213;2296.5883867940615;44820028
217;3115.845676464198;44820028
214;3100.586014933433;44820028
102;2542.9027827774767;44507200
100;2923.28064494588;44507200
34;2992.672336525515;19385112
113;1510.9742083914016;89292846
27;2033.8970538331203;19385112
117;3092.3004795616516;89292846
33;3278.1052786079163;19385112
31;2260.410556303347;19385112
71;3122.9524789079937;35541847
75;2226.132666563021;35541847
191;3206.436643261403;39909979
220;3013.1908164491283;35707242
221;1708.1938668258595;35707242
219;2123.800682331525;35707242
282;2289.6672637162815;52917492
216;3539.1497456701877;35707242
224;2488.1447591795386;86665621
187;3293.771967775719;49318993
180;1993.8420655358439;49318993
46;2648.62217296119;45024674
50;941.3525144524925;45024674
188;2154.8144113031344;70409229
201;2374.8845890593147;70409229
226;2589.6554262781815;47752253
227;2245.2468587025983;47752253
186;1885.8005202673187;89142812
190;3512.548073223469;89142812
19;3285.9856850721235;77074546
18;3851.0698585933055;77074546
189;2746.6887625081877;44718985
182;2667.1141541329844;44718985
52;3009.8781208478254;91556568
94;3030.9778787356718;44507200
53;1689.4010255832395;91556568
104;2803.8887701508265;44507200
329;2772.7339626481016;46709635
330;3322.4868718090424;46709635
323;3583.686865404791;46709635
334;1068.0514278339765;46709635
178;3304.8511310956924;48665965
171;2377.6571741851753;49318993
177;1845.4062873320133;49318993
172;1702.5258419684315;48665965
308;3354.723949733945;35026039
178;2962.197843135298;96597862
311;3060.649972410173;35026039
315;3284.9330063318826;35026039
313;2057.665547614866;35026039
325;1682.251812836193;76784147
326;1840.072113198038;76784147
102;3481.122356119879;82134577
101;2823.7685608483066;82134577
223;2624.884883048239;47752253
225;3167.359969019343;47752253
198;2035.0193218159077;39909979
148;1871.0217885252112;57296253
142;1050.8932966337718;57296253
332;3083.982744423941;93768479
329;2446.9395383712235;93768479
506;665.629034626614;11698347
279;2424.583702153078;52917492
227;3105.9990057935483;86665621
222;2497.324488486913;86665621
54;2659.681524290364;91556568
43;2034.6763639042358;91556568
382;2303.170740999849;76832078
379;3011.7118744486884;76832078
176;1248.082974537054;48665965
295;1640.0471069134198;26352469
170;3443.5872848883455;48665965
297;2404.227333043286;26352469
396;2137.9196752492953;55386396
296;3800.723144554331;26352469
298;4636.036906186433;26352469
393;2936.2046134394727;55386396
524;2288.9434561062126;59270758
394;3518.438970591391;55386396
395;2872.0707244758905;55386396
292;2959.198073214107;32217696
291;1461.5833776746756;32217696
323;3200.9558524492522;76784147
324;3519.3537434484465;76784147
408;1414.73256614513;15391951
151;3399.308441858305;57296253
138;3567.84008324478;57296253
415;1567.1701301149665;56343543
411;2189.8401240181606;56343543
414;3021.4299581179266;56343543
407;4405.42541919466;56343543
422;1766.733746852507;69958447
319;1919.4275890722172;78413258
306;2368.6393462270526;78413258
144;2753.8035606284857;81213269
141;3122.569471125283;81213269
210;2903.6187843775924;70409229
321;3961.9734409800067;78413258
519;1545.5233017686292;42116275
205;3192.9291582792534;70409229
322;2742.9011619391244;78413258
154;2451.715596668438;81213269
149;3186.6590624881837;81213269
201;2170.5761972007654;13892334
405;2398.6075778544023;50318294
406;2022.736329215771;50318294
198;1548.0787885656082;13892334
132;2079.029776563025;49516674
140;945.0144841090988;49516674
206;4080.200824151632;13892334
277;2389.841527966676;42212961
316;3107.043505404984;9839471
204;2272.0881777055947;13892334
276;1731.905847093698;42212961
314;2041.1461693861484;9839471
312;2199.2703825826748;9839471
383;2383.262605786478;76832078
384;3011.077257165414;76832078
335;2577.15555473324;58495889
333;2226.141628238755;58495889
309;4038.361930546592;9839471
543;632.155775079908;47457136
447;2107.1903933379963;93129053
443;3789.2420307439843;93129053
445;1620.2874324681607;93129053
448;2830.4684684222384;93129053
290;3895.008625482205;32217696
190;3487.7778545880797;34933374
284;2647.859074482189;32217696
200;1326.9414345981022;34933374
197;2030.1980500878394;34933374
179;3013.170750931931;34933374
535;810.7967599855067;25734386
544;2569.7563844273377;88596684
554;1486.918471908145;88596684
553;2715.2563823481532;40611694
548;2084.132934008256;88596684
552;1732.3116491053038;40611694
551;1893.4216828857361;88596684
436;484.70270630068575;15299072
302;1165.5280958351857;65453695
181;2299.4674502457115;39909979
269;2527.298334311129;42212961
298;2513.2727171706088;65453695
427;3119.6492345517954;68466036
202;1866.1608445440163;39909979
274;3793.797566002502;42212961
530;1065.6588257754875;48797610
300;1980.1485632800868;63534197
430;2492.020340738158;68466036
311;2584.6612848518603;63534197
526;4294.4583845875195;59270758
529;3038.1551772383737;59270758
528;1538.1491308359855;59270758
402;3773.7708151930815;42026856
313;2693.9879257079483;63534197
392;2896.202880953046;35891918
389;2726.4841314951386;35891918
401;2181.572810477437;42026856
317;3326.2899522491875;63534197
399;3627.910490557899;42026856
220;2572.565740619694;76180022
215;2274.2079568601216;76180022
400;3042.7790004322624;42026856
182;2508.5888416723737;96597862
185;3142.4771624848267;96597862
207;3937.0391999502604;76180022
221;3034.212987770176;76180022
507;2428.8940147467424;11698347
550;3909.2123238790123;47457136
520;2050.9484502651694;42116275
409;2954.044350151649;15391951
543;1831.1173973788661;95821511
546;3795.280908647239;47457136
538;2093.707592783848;95821511
547;3116.538816161824;47457136
421;2347.848469602118;69958447
411;1993.0970971700167;55218749
337;4306.574579714544;24540702
335;1776.7503699585097;24540702
338;3956.038086867044;24540702
414;3055.8167024717386;55218749
336;938.9169231669471;24540702
428;2647.556486842547;68466036
429;1553.3584108943696;68466036
401;1901.0225012490178;88913559
396;3364.645713028115;88913559
407;3464.4549443180667;50318294
408;2191.9577969828824;50318294
527;2682.4160910151636;25734386
394;2817.4699459815465;35891918
393;2247.3567418883968;35891918
558;3142.4232200794886;20729058
508;2884.9690597635245;11698347
503;3107.831536923233;11698347
303;2205.2169557717493;41270053
532;2396.965354113259;48797610
302;3360.991435646892;41270053
385;3291.5585430632736;30672493
300;2482.174113566908;41270053
386;2024.6899927852899;30672493
304;1624.1115730568483;41270053
288;3598.2933378771972;22122505
422;3629.1576092222854;91012903
421;2586.4063535797077;91012903
540;4645.777660772298;95821511
545;2476.3091409271465;95821511
331;3032.7972681589767;93768479
330;2541.257723559684;93768479
497;2742.4591254134484;44075639
138;4325.266402970032;49516674
325;4005.3361454450996;58495889
336;2429.3208296811736;58495889
137;3490.834573932665;49516674
301;2197.8905183786096;24242922
308;2658.7179548577233;24242922
413;2201.4649317893627;55218749
412;2730.807958223773;55218749
296;3627.438277665007;24242922
287;2257.4829022166955;24242922
287;2287.269012291629;52917492
285;2834.081970995456;52917492
430;2629.536474106707;43316291
427;3651.215281279432;43316291
517;3060.38955016051;42116275
514;1679.497406743533;42116275
428;2483.356865943916;43316291
429;2994.7770637659364;43316291
399;3234.3389247712157;88913559
397;1855.0077076615012;88913559
441;2951.7348415644065;75329361
549;3907.8272651933403;40611694
545;2478.8687067744518;40611694
439;2640.561003655986;75329361
443;1269.9301708141409;75329361
445;3010.5422625754504;75329361
525;3304.8951294785916;94298137
527;1923.8082965372041;94298137
520;3858.3557916589953;94298137
523;2420.254779282278;94298137
442;1628.0419792318016;86861589
441;3112.206873019844;86861589
433;3892.7011296826895;15299072
419;2405.330218698682;91012903
416;1436.9649847372666;91012903
548;2858.8541615156114;11081553
542;3241.962756052225;11081553
550;2548.9709590029133;11081553
552;1118.4400482744677;11081553
499;3059.7330204131104;57116299
498;3465.8155196356447;57116299
435;2478.581211783911;34982593
434;3692.94058596545;34982593
555;2927.231606357996;20729058
499;2244.5607513375417;44075639
515;3007.321805498481;88808066
516;2701.5321830280423;88808066
534;1856.7889504285845;25734386
532;2067.050747387127;25734386
299;2268.658708964345;41984358
281;1949.8861845593904;22122505
294;1993.9233549441312;41984358
286;2400.5872736117153;65453695
524;3361.0300185763795;16867839
514;3412.0528607632027;16867839
307;3109.55671848306;65453695
433;2838.6262747738856;34982593
436;2672.2812724918754;34982593
419;3618.604037548615;69958447
412;2751.5852749078513;69958447
384;2964.4348783247706;30672493
383;2558.876976235085;30672493
540;2728.440791248696;28134014
539;2525.0264592420212;28134014
537;3467.7229190568682;28134014
529;3098.8903764487964;48797610
533;2934.4820503884025;48797610
531;2910.5509521715594;28134014
442;2253.6853184188158;73052382
440;4028.792611406284;73052382
288;1296.300002277749;41984358
304;2890.1123400719785;41984358
557;3495.7898820434393;20729058
556;2732.267615336732;20729058
435;2255.0289610740747;15299072
434;2815.2131672042365;15299072
406;2003.6244908962756;15391951
403;3296.7742073854356;15391951
515;2855.5778551529174;17273738
518;3173.719763817288;17273738
516;2601.896916205195;17273738
513;2242.632420891136;17273738
544;2910.670155225172;14501157
497;1565.0801014707654;57116299
494;1689.2129278611085;57116299
541;2370.363238599675;14501157
440;2719.6401625640196;86861589
439;2144.1052931255304;86861589
517;2005.2665402191287;88808066
539;2968.4460024643718;14501157
512;2731.547660119092;88808066
537;2743.483963233389;14501157
446;1045.0384635511639;73052382
444;2617.0315014815287;73052382
519;2179.4273475483205;16867839
522;2306.699699169129;16867839
283;2395.9928010773924;22122505
286;2525.3973954705516;22122505
501;3385.5408403954684;44075639
500;2352.16202487812;44075639
100;1555.8853594738941;61468903
97;2570.330551684416;61468903
55;2815.5047699579363;85220164
61;2409.4891027764793;85220164
93;1828.3448285541153;46354053
94;2355.1163793523488;46354053
44;2084.1020780678596;24820284
91;3199.887862348846;79963849
90;2947.4866975283285;79963849
89;4060.4102244510586;79963849
86;2302.6742924013906;79963849
62;3414.7299169676344;85220164
63;2625.955405911715;85220164
101;3658.6773454855197;61468903
102;4173.7732231802775;61468903
95;2980.2230980822237;46354053
83;3448.7309080768673;46354053
20;3512.774014636839;80632420
29;1892.8250882668215;80632420
28;3629.770319713006;80632420
27;2345.275532526037;80632420
78;2628.099165280833;20233775
116;2219.729886684065;99674368
115;3460.4842668249494;99674368
79;1422.3726844137746;20233775
75;2277.9596509651387;20233775
77;3410.5403429854687;20233775
36;3130.9144592163475;72307686
32;1664.0429299343737;72307686
22;2737.7749343836003;72307686
38;3290.8837425319407;72307686
50;2039.4414777079526;24820284
37;1192.2462357778318;81705778
117;1632.3216326614634;99674368
118;3324.3068490527303;99674368
51;2794.0943890251;41090255
46;2045.9058558966315;41090255
54;3680.159942845497;41090255
52;1523.0599314531416;41090255
49;3417.718603174285;24820284
48;1646.8278505184212;24820284
21;2264.584380712613;81705778
34;2652.1536853653206;81705778
35;3069.2925330052935;81705778
206;2776.5573644526503;63817655
211;3998.934895310665;63817655
199;2520.492748388578;14201165
141;1484.0925996305646;86720079
144;4466.259593836287;86720079
178;3382.7922388011884;65025257
170;2577.8871589850114;65025257
173;2218.1483689945812;65025257
177;4002.704122705703;65025257
209;2840.2308605329818;63817655
208;3124.8064715641744;63817655
157;2346.3758729258166;89413267
148;1720.4747495469;89413267
174;2981.4388930904347;95104584
179;3001.88579084576;95104584
180;1598.7020014587586;95104584
182;2030.2395933917753;95104584
200;2639.347739594359;14201165
192;2135.826677573312;20942643
193;2963.2560905504697;20942643
194;3852.9058173240064;20942643
221;2179.1495345974513;86518313
191;2542.549180736265;20942643
215;2222.695338787627;86518313
140;2230.9930523318108;86720079
136;841.8761285630314;86720079
217;2196.3555772230643;86518313
220;4153.281679203052;86518313
151;2543.5019812871806;89413267
155;2848.1213557295423;89413267
201;1651.8496677095247;14201165
202;3874.149849148318;14201165
212;3143.6048739339276;98985630
210;2186.384970307997;98985630
228;2978.817514052829;49912573
226;3447.57659702532;49912573
227;2779.334854664244;49912573
225;2170.9546701305285;49912573
216;2835.2499688547014;98985630
213;2177.034777187671;98985630
256;2513.596511347587;60542520
257;3053.8146104913703;60542520
296;1673.8685131678972;88581837
299;2172.3219617089508;88581837
252;2657.0562585487382;60542520
254;3837.751803564384;60542520
260;1835.0826982710223;69891849
262;3261.0952492628353;69891849
266;1307.7141469908786;69891849
255;3763.2960690479135;69891849
294;2962.27930073659;88581837
297;2452.1698755441353;88581837
324;2393.656561525036;20779993
327;2871.093701978621;20779993
270;2994.6999982973243;17843030
277;2696.4926261153946;17843030
274;3144.0205908997914;17843030
278;3815.871919685976;17843030
243;830.941492521822;60725509
237;2261.9683173458325;60725509
240;3541.1952194065484;60725509
239;2624.7170715203056;60725509
322;2254.2679482186936;20779993
328;1702.5040799976805;20779993
289;3973.6888827496996;61954224
281;2363.7383705122356;61954224
290;1954.6498587954718;61954224
286;1822.6238931794855;61954224
337;1616.6445958482186;30412463
338;3525.5518346500535;30412463
310;3019.193181644783;83704856
308;2624.6623799288323;83704856
305;1327.5292525183067;83704856
336;2290.931213071199;30412463
304;1835.9353784276843;83704856
335;2091.5388036158315;30412463
371;1815.0399682736754;61078202
423;1888.7606662120147;41683409
374;2766.9067740735695;61078202
427;2385.6464262028367;41683409
408;3360.8127694685363;77214083
397;1555.521040260522;77214083
400;1911.8992867807278;77214083
405;1934.1324368626572;77214083
365;2780.8139491430547;61078202
368;2186.4007067779803;61078202
348;3820.135205452702;9564997
354;2435.09052533249;9564997
442;1199.0420670935405;63103835
441;2168.798563406908;63103835
437;3598.205842117456;63103835
439;3755.4212159106123;63103835
420;2550.8921426418005;41683409
417;2792.593228941644;41683409
373;3082.3042343922443;487453
366;2727.3138787204007;487453
352;2577.6436346200294;9564997
351;771.2026863044695;9564997
389;2045.0910326456808;35710004
363;3129.9305681959454;487453
388;2276.7871908784127;35710004
444;2820.9128418056807;3383295
381;3693.3391073371477;35710004
448;4750.505727888591;3383295
385;3435.335451552307;35710004
375;3354.7091342970343;487453
428;1796.5907422046248;57725065
430;2245.7734807741026;57725065
446;2257.596787428499;3383295
447;2452.538344049795;3383295
401;2053.300017400411;70723130
421;3560.6802217684535;57725065
402;2998.288417320028;70723130
432;2298.877480629186;57725065
398;2563.405637089638;70723130
396;2428.1753127777456;70723130
463;2470.798917148914;22889234
465;1806.4919556770064;22889234
558;1872.3446513014085;35134645
555;2905.6971795486024;35134645
476;1462.5692179064938;67259050
474;1942.6509793561831;67259050
459;2677.3382007837226;22889234
457;4502.305240479887;22889234
556;3542.5598536515467;35134645
557;1853.5264897105003;35134645
494;4498.109803626214;10112159
487;2314.769056728744;10112159
475;2791.1217646952086;67259050
471;3068.923813113929;67259050
516;4104.247456624164;64010387
511;1795.662650251993;64010387
520;3153.997704050252;64010387
518;1608.9975683964788;64010387
514;3071.2284591192088;15345093
502;2806.18106606712;15345093
507;3382.0276353865756;15345093
508;2391.424743337272;15345093
488;2585.7415614827155;6060422
485;2831.5876503240183;6060422
530;2506.2451833308037;57662866
529;3231.554403594965;57662866
527;2194.438344131017;57662866
532;2159.088150544461;57662866
550;1920.4666892370094;49354306
481;2590.900625679356;6060422
492;4337.437122503661;6060422
500;2031.317483813459;10112159
497;2852.2587436238814;10112159
537;2426.3459558886166;13137138
547;2610.730389003159;49354306
543;2016.4406988635792;13137138
542;1877.3654419175143;13137138
540;3046.1103529912752;13137138
549;3060.0034834014227;49354306
548;1747.5396456666335;49354306
