79;2774.369853814492;60794739
83;1735.3890214364883;52007470
109;2665.9453088752784;5292246
57;2712.310719024853;78697075
104;1077.7581538210186;56476384
97;3039.4138419825986;56476384
100;3332.4448546701146;56476384
102;3326.1048338309292;56476384
87;2846.26917853187;60794739
90;1713.6127692214604;60794739
92;4680.466227880343;60794739
85;3631.5245642918853;52007470
110;3054.8444725276977;5292246
48;1905.9204577109076;78697075
111;3635.5520640278996;5292246
112;3118.9357564864404;5292246
72;2210.9535658149734;52007470
86;3761.665759901901;52007470
59;3536.112250097095;78697075
58;1809.4160614190257;78697075
29;2805.1759971648507;36081601
30;2614.9517545685103;36081601
188;2879.2315497007567;70364458
190;1601.2879402794892;70364458
61;1702.3693771845908;80918989
34;2730.3771699600206;53690747
22;2743.3304161231767;36081601
31;3661.804563370691;36081601
52;3501.434800383138;22615803
53;3042.6327004848154;22615803
49;3364.3953256330437;22615803
46;2780.673952984114;22615803
67;3911.1271361039485;80918989
66;2550.6264804512302;80918989
201;2534.057138564515;12725289
176;4084.038480829284;70364458
185;2915.804857990739;70364458
68;1631.1790329421265;80918989
33;1593.1704670594027;53690747
189;2673.1399576336426;12663069
35;2725.75585516372;53690747
21;3726.73808502138;53690747
220;3019.938190999536;35134559
221;1412.009313071581;35134559
219;3835.898638225207;35134559
216;4374.889724772987;35134559
200;2570.50566536177;12725289
193;3282.6193096531747;12663069
180;3553.560938139713;12663069
186;2201.694140358071;12663069
282;2580.2800187006283;21315970
281;2051.862094185435;21315970
209;3917.8625306365393;98622880
283;3634.514569052268;21315970
207;2140.481666359309;98622880
278;3518.4015194694957;21315970
227;2833.737437543719;32883608
198;2574.5223093862032;12725289
203;4676.613165489203;12725289
285;1631.8026548141554;87011668
167;2344.122459559883;9756958
178;3529.7093608076666;9756958
272;2542.0200492666954;84260717
305;1755.1403401547134;63728280
392;1317.3432233860092;18944123
215;2488.6543150515204;17427543
210;3848.923838158038;17427543
139;2502.209162398426;12676329
228;1756.085670923714;32883608
206;3950.9468129944953;98622880
405;1238.4153986335016;81316124
202;4123.23211537704;98622880
224;3124.738919379051;32883608
226;3510.3649807856987;32883608
330;3138.7939032524064;72215862
331;2162.9647784246636;72215862
332;3792.677680808957;72215862
329;3333.5254171913257;72215862
523;1590.6740602708865;15907892
374;3312.582372077294;96558414
317;2506.000361324373;81712444
214;3959.7089895612;17427543
212;2467.8710821313007;17427543
310;3260.397124873713;99856573
309;1954.2260574021163;99856573
280;3529.019123507771;87011668
174;3834.5638192154956;9756958
173;3587.577575036539;9756958
312;3344.86890694011;99856573
311;2385.6274431019087;99856573
402;2790.0247912181617;81316124
494;2662.957479241336;16331838
407;2282.201941914458;81316124
406;3858.2613318796175;81316124
404;3351.25419430908;22128895
409;3441.1347315133553;22128895
271;2454.553421073119;84260717
410;3472.194796730572;22128895
412;3589.5806653952936;22128895
509;2728.1698920582835;89677722
511;2189.7065181350913;89677722
306;4331.893314228141;63728280
304;2815.9006434588227;63728280
303;1519.7671552668548;63728280
538;2416.780375295046;4670643
141;2601.376530510766;12676329
391;3876.679895347652;18944123
318;2248.198605598747;81712444
526;4361.937189913921;15907892
423;3091.2382210398737;10580926
286;3448.139262041089;87011668
287;3032.7830071812523;87011668
300;2569.048399891407;20978413
299;2193.357411251995;20978413
156;3515.7311483395074;3752331
152;4392.176349488038;3752331
159;2238.414644453496;3752331
157;3189.9689923159053;3752331
448;2683.179835217748;90159043
447;1964.9773411620458;90159043
274;3555.0452818714643;84260717
273;2703.331390827216;84260717
323;2250.1770586628263;88002424
326;2031.1379016423339;88002424
513;3339.785848736576;89677722
324;3648.5782285934174;88002424
512;4113.064245281821;89677722
325;3557.705705707234;88002424
548;3583.9540144046896;94156970
142;2668.8300255750246;12676329
136;2903.747268807744;12676329
552;2833.768533628734;94156970
550;2545.557104103355;94156970
551;3064.0452380018187;94156970
380;3747.0135800709713;96558414
315;2188.442288420238;81712444
319;4472.645724695021;81712444
528;2953.415013768784;15907892
529;2889.6926115126175;15907892
298;2902.860700049954;20978413
297;3342.556118464151;20978413
446;3631.4528361325897;90159043
445;2852.8993122305696;90159043
440;2437.568264769864;46186166
442;1868.357387565913;46186166
434;3378.037556803069;46186166
439;1953.9452942815738;46186166
497;2464.533421306672;16331838
393;2048.1374682783235;18944123
394;2897.0182549944584;18944123
425;3103.3604800018556;10580926
384;3201.281603498339;96558414
383;2119.289534285194;96558414
419;1659.7215344412493;10580926
421;2438.949400324167;10580926
558;1129.6297042072433;77318606
557;2481.075872203551;77318606
536;3192.635617234858;4670643
555;4109.011686898722;77318606
556;1669.4520861610831;77318606
544;2833.99247183424;22296305
545;2720.231569557229;22296305
500;3941.0076366054172;16331838
499;2955.232571965654;16331838
534;2389.163808951487;4670643
525;4006.0823113017104;4670643
537;1736.566784780425;52416622
378;3379.842556075507;78258171
370;1775.8610777610656;78258171
524;3183.0029815238067;52416622
531;3524.4210030999643;52416622
336;2936.781010476441;44021613
335;2383.7001559351397;44021613
543;2590.196237513883;22296305
546;3535.7299773468285;22296305
338;3363.682815300915;44021613
337;2534.7445992873368;44021613
535;3584.257293096296;52416622
376;3274.1683661061907;78258171
377;3021.976035151656;78258171
506;2423.212268231764;99455070
505;2109.2404273472043;99455070
504;1654.3946637117285;99455070
503;3544.8054056121014;99455070
518;2573.542324660359;93493813
510;2307.22410387162;93493813
517;2148.0052491557317;93493813
515;4500.91046775842;93493813
20;2220.1888808458366;85243328
27;1234.713078727421;85243328
25;3745.7926665971727;85243328
26;3703.3252042379054;85243328
53;2203.784783552343;62215475
33;3874.1599821624304;41442026
32;2363.912761236451;41442026
34;2762.8619156062186;41442026
22;4715.17374572073;41442026
91;4407.896429195696;24738020
96;2487.1789734464114;24738020
55;1584.7026802423463;27610989
56;3659.9491533918062;27610989
62;2456.8527286827216;62215475
98;2892.2757205738912;24738020
99;2477.6711901919452;24738020
50;3182.7600357033025;23503052
41;2640.9185735565316;23503052
48;3688.4965807121116;23503052
49;2539.158659115379;23503052
63;2439.3038172026304;62215475
64;2642.7982922952947;62215475
52;3945.726190412102;44901775
49;2043.1436365991474;44901775
54;3062.8837882554035;44901775
53;3117.227990465026;44901775
54;4561.485473471138;27610989
46;5033.592784705827;27610989
17;1259.5594075156914;17634319
24;3700.1206376195687;17634319
28;3075.4154142934267;17634319
25;2354.2939003785427;17634319
114;2027.0305343864184;63982203
81;1730.8580109955624;76768871
67;2789.2315395171704;35757324
82;4730.179193515745;35757324
81;2550.39472180068;35757324
78;2231.814584949459;35757324
39;2329.6233815768783;37563641
33;1903.733085235685;37563641
191;1823.5752918083258;53261994
191;2057.556882100992;94957962
83;3925.2866250517395;76768871
79;3369.1426905046437;76768871
84;1611.4571454102786;76768871
106;3464.4463418675177;63982203
111;3952.3067254212406;63982203
110;2570.119979865665;63982203
30;1780.0812961216627;4417396
16;2130.7067230618054;4417396
26;3631.8804531312285;4417396
29;2039.0356480553105;4417396
86;3480.5139373764378;62465818
80;3212.0606390141606;62465818
89;2287.130334402859;62465818
88;3133.2487485293;62465818
313;1584.7556591753278;97953885
194;2758.260178805086;53261994
37;2906.263031286776;37563641
113;2948.110859467364;34570611
38;2500.4918404345294;37563641
115;2576.9681162157176;34570611
112;3346.613995106925;34570611
108;3377.660669232951;34570611
311;1678.320564898872;54083358
183;3508.8971712653015;94957962
67;2704.243135158189;64223756
65;2850.826152924933;64223756
315;2246.8417197287026;54083358
23;1953.2098953109864;39281026
207;3448.382144728044;35312856
202;2587.5119612755434;35312856
18;1698.5588918587032;39281026
74;2743.52754859481;65839394
66;1966.8826170917478;65839394
312;4081.3057590614767;54083358
190;2184.35349769133;51880170
307;4215.561946006184;54083358
306;2751.791026173655;76714460
309;3214.2993143707454;76714460
304;3736.939740232515;76714460
312;2940.9451200755493;76714460
225;2917.2493816923347;96707949
207;3512.988492585302;96707949
222;3277.5880204470986;96707949
220;1816.2982442322084;96707949
103;2787.0451326232937;66410336
162;2327.40884432706;70154146
200;1769.1422200773764;94957962
196;3731.3664749019454;94957962
168;2155.036267788276;70154146
60;3250.1278152986292;64223756
69;3496.225131171609;64223756
24;1896.7041442236991;70101336
72;4885.525682288557;65839394
73;2745.7795148286386;65839394
184;3587.4378833496653;35312856
195;2751.101525772667;35312856
188;3602.9044071306926;53261994
177;4303.728083447579;53261994
192;2218.8330479808433;13539356
179;3146.6960163119847;13539356
213;1654.879685083546;12666512
491;1903.155143078803;85041413
490;1603.3429465900374;85041413
270;3725.1163225720215;73021094
260;4203.801155863723;73021094
318;2648.917077540418;77583954
321;3046.714929989943;77583954
269;2217.8173464584215;73021094
267;1943.1159948148102;73021094
410;2343.512537046807;64400862
227;1581.956966133805;3189579
226;2223.8632057943196;3189579
157;2408.766651748927;72843333
156;3453.7919797765285;72843333
154;3790.2445145675924;72843333
436;1909.451531006711;43727523
150;2482.7736788808693;72843333
328;3710.364977303948;11251808
330;2931.0492286601993;11251808
307;2983.076703357221;97953885
305;2542.9560764924167;97953885
310;3210.3276213058452;97953885
331;3654.0823061653045;11251808
332;3122.6117431194516;11251808
528;753.8967008572432;13549530
289;2743.3802431893173;29102056
195;3379.5957413326637;13539356
199;3190.9435069178166;13539356
279;3692.933417367695;29870829
280;3407.683969858166;29870829
27;4926.821771038302;39281026
26;3995.0857565387278;39281026
277;2756.133346636286;29870829
282;3906.0654015822715;29870829
190;2129.298292608602;66253750
209;2408.729586714582;66253750
185;2983.385820357185;51880170
265;2551.573679821762;17697453
262;1245.2045862343766;17697453
171;2738.275995530278;70154146
173;3540.065231973487;70154146
546;2187.2740069363203;41290012
336;2705.2823333117726;66296114
228;5352.408698531617;3189579
225;1231.4461217516896;3189579
334;2804.8116520253766;66296114
20;3190.3789231903334;70101336
199;3174.4366447266616;79779029
204;2392.8120208956475;79779029
489;4125.8877474956835;85041413
485;1607.172134418027;85041413
549;2220.11471712346;44567438
518;1908.5666776796147;70570914
406;3101.644248701401;64312896
337;1787.0292072443508;44577697
42;3002.3434514595333;53668139
36;3208.843501402003;53668139
205;3450.135760291031;66253750
43;4616.002939591891;53668139
194;3634.8401250707475;21096925
198;3820.811336281891;21096925
201;2572.1748930789317;66253750
32;2583.4267321912753;53668139
182;3386.8506280340985;51880170
434;3960.1344193117334;89410005
432;3381.156588314748;89410005
171;3968.467383227732;51880170
216;2582.8016565197836;88408335
433;3467.5880621378674;89410005
430;2947.995351630246;89410005
217;3305.118006743964;12666512
219;3105.3548611100473;88408335
436;2515.4091399362906;16700880
435;3476.834564201297;16700880
316;1967.1124442213072;8821723
322;3582.90140123935;77583954
326;3050.4347369205198;77583954
442;2877.4664841555355;37915067
439;1445.5318111295771;37915067
391;3291.6650773712768;30312158
390;3215.6433269521967;30312158
445;2073.9447607415977;74670991
448;1456.9088107765972;74670991
383;2759.9931526884498;30312158
392;2731.636874624405;30312158
447;3267.831915420419;74670991
446;4038.7247217146696;74670991
102;3063.3639437337047;66410336
100;3945.6527373926565;66410336
93;2266.6227782668916;66410336
189;3849.3802441850994;79779029
208;3059.300442008376;79779029
25;3373.1561078694062;70101336
13;2625.559519435936;70101336
440;2642.5574930459197;43727523
415;3297.385915534227;64400862
287;1918.0338514954828;29102056
204;4109.441946551079;12666512
209;2079.532294429182;12666512
217;3565.348819917821;88408335
218;2862.483761499361;88408335
272;3010.34512749963;43890134
297;3080.702979038915;8673346
276;2019.6630955939604;43890134
530;3985.899801370797;87709568
423;3716.4492333021767;40408050
419;2433.041381473966;40408050
525;3126.779424558709;87709568
545;1448.390847084841;41290012
331;3455.418856366386;66296114
324;2802.772516508021;66296114
544;3791.193421264922;41290012
543;3428.2021297665788;41290012
413;1828.4832206864787;64400862
308;2097.3608923039537;20231979
302;2341.121196466819;20231979
414;3619.5701203651083;64400862
193;2629.1899600890015;13129984
315;2835.6901448059825;20231979
513;1340.6553636488225;13479809
311;2643.1471638347525;20231979
176;3565.2998909252333;13129984
170;1702.5169500980196;41743217
182;2264.038570847474;13129984
174;3761.0525846726364;41743217
338;3812.422702230852;44577697
555;2759.0042213109214;17905737
185;3678.6936847413567;13129984
291;3104.853779898532;29102056
290;3118.357272574596;29102056
317;2611.335229776976;8821723
256;4165.129410322425;17697453
249;4414.241032509643;17697453
433;3098.882936542223;16700880
434;2801.7174749883943;16700880
439;2639.571128842318;43727523
438;4917.258122345559;43727523
555;3582.5144158115945;32786551
180;2125.97849185164;21096925
556;3506.749854508644;32786551
187;1965.6518581410262;21096925
524;2833.4076673030845;13549530
526;3293.2332079223493;13549530
414;1998.2313191537637;83827715
519;3304.8483056838622;13549530
521;2698.1562925159487;87709568
535;1586.2412606402534;87709568
440;2694.396799621687;37915067
420;2670.8295377362006;40408050
399;3047.9521474650523;55896369
441;4004.0250948754156;37915067
422;3425.0392491858124;40408050
275;4125.62488472461;43890134
274;1747.1432576129216;43890134
404;2731.93511058719;55896369
405;1519.4056781341183;64312896
425;1345.4303031153624;9673235
552;749.2062998983757;44567438
327;1812.9753310671201;50193538
445;1911.8736639090291;26542907
326;2604.4416076917114;50193538
336;3273.3197794659104;44577697
522;4179.565209968829;70570914
335;3370.3966109336225;44577697
286;3258.5984424529956;56647156
282;3967.574706819874;56647156
529;3019.759828334479;55721628
526;2908.5182791221623;55721628
313;2976.5110712805727;8821723
332;2210.907588307535;89076570
309;2563.0847678597197;8821723
333;2685.84107395483;89076570
296;3042.1310558808314;8673346
543;2699.1348851288494;3192822
558;3325.3857064935196;32786551
556;3502.1541150115027;17905737
557;1988.5477391736233;32786551
505;3817.955968472161;39463808
557;3989.2476321722374;17905737
508;1723.1166569859388;39463808
558;2464.559103848289;17905737
325;3119.9877807131406;89076570
330;4474.68413382826;89076570
428;4073.2416200470902;64949895
427;2817.9502407755654;64949895
551;4343.564143494373;44567438
550;4797.927475984709;44567438
429;3224.6488001696803;64949895
430;3112.5637584892756;64949895
402;2023.2570539841454;55896369
403;4250.81422046175;55896369
163;3497.5390768349957;41743217
169;1687.590488094919;41743217
389;2452.168078993347;29583676
390;3100.8699019136448;29583676
515;2975.017017543273;40147671
510;3354.1779792311054;13479809
509;3842.835905605446;70570914
536;2371.7886126076332;40147671
512;2196.995935689384;70570914
534;2577.144525805337;40147671
388;2931.102061583194;29583676
538;2144.2699964459325;40147671
386;1708.5291593233399;29583676
295;3340.431280208546;8673346
298;3313.352805685991;8673346
166;1417.2031164267728;12917936
290;2893.785186486858;29941406
291;4032.2494001606665;29941406
530;3028.549664975942;55721628
531;3663.0187985654375;55721628
518;1303.6474247864628;33356524
498;3947.020271607092;54332283
523;2642.8711458179505;33356524
499;3159.515661480256;54332283
522;3198.7456692772853;33356524
524;4679.330938843221;33356524
494;2244.6264359190204;54332283
509;1310.8816878764153;39463808
500;2603.137418798034;54332283
510;2141.1079938658504;39463808
387;3043.7864990816556;18850765
384;2735.100923838329;18850765
385;2784.515318982407;18850765
448;2657.1282098161764;26542907
386;2935.306483539389;18850765
415;2729.161683656328;83827715
284;3014.1109471490813;56647156
403;2123.7368738163495;64312896
285;1936.0639539121298;56647156
407;3298.012130852066;64312896
413;4129.687276139998;83827715
407;1773.0417974186694;83827715
516;3218.4650430137;13479809
514;3095.1351320331723;13479809
292;3007.378522207491;29941406
289;2708.9263822504195;29941406
165;2709.5835581664064;12917936
544;3322.8028988499245;3192822
164;2984.3943487199217;12917936
157;4262.862734381695;12917936
517;2560.8604720133662;95745213
513;3793.0605690494403;95745213
446;2534.3987198314085;26542907
447;1859.7419204503951;26542907
421;2907.0287606291026;9673235
506;3237.8352931407894;95745213
515;2947.4165278168985;95745213
549;2057.471401896187;33455496
496;3472.7641110073773;50065610
497;1681.8155439766692;50065610
426;1884.5822401485207;9673235
427;3997.6206450747727;9673235
540;4253.22810614431;3192822
542;1840.1002156517798;3192822
323;3951.0556938964796;50193538
328;3173.2442467776464;50193538
250;3057.7177322356747;57077303
245;4402.29575183839;57077303
494;3298.7442732007044;50065610
487;3828.1914069231416;50065610
398;3042.351579749559;85777310
409;2887.760910059707;37657564
410;1626.8470262777744;37657564
411;4191.599723793365;37657564
408;2833.0324665501007;37657564
253;2503.7579770252287;57077303
254;2124.9494523508993;57077303
550;2903.2041689053835;33455496
395;1998.5904618862755;85777310
397;3609.783603233651;85777310
396;2515.1116492476413;85777310
552;2150.04220680649;33455496
551;3098.163506750765;33455496
