----------------------------------------------------------------------
-- Log session for [myBugCoalitionsCCBBAGuaiDEF-24] started on 2017.07.13.18.44.53 --
----------------------------------------------------------------------

INFORMACIÓN : I started
INFORMACIÓN : 0apuestaBundle [808.000065297549, 792.2732877677225, 785.1992529745243, 775.8235647797582, 774.0187582210764]
INFORMACIÓN : 0positionsBundle [902, 464, 318, 174, 1525]
INFORMACIÓN : 0levelsBundle [3, 3, 3, 3, 3]
INFORMACIÓN : 0positionsOrdered [902, 464, 318, 174, 1525]
INFORMACIÓN : 0levelsOrdered [3, 3, 3, 3, 3]
INFORMACIÓN : 0partialityOrdered [3, 3, 3, 3, 3]
INFORMACIÓN : 0arrivalTimes [4.0, 19.0, 24.0, 30.70820393249937, 57.72671610471196]
INFORMACIÓN : I [AB]; lost Test.myBail@66a3376f; POS 1525; sensors [IR, MW]; level 3 I paid 774.0187582210764in favour of39@(myturtles,myturtles,bug)@MK-18422 paid 800.3114646788428
INFORMACIÓN : 1historia0[0.0, 0.0, 0.0, 795.6509480957453, 0.0, 0.0, 808.000065297549, 0.0, 0.0, 0.0, 0.0, 792.2732877677225, 792.2732877677225, 0.0, 0.0, 0.0, 0.0, 0.0, 0.0, 0.0, 785.1992529745243, 0.0, 785.1992529745243, 0.0, 0.0, 0.0, 0.0, 0.0, 0.0, 0.0, 785.1858747162694, 0.0, 0.0, 0.0, 0.0, 0.0, 0.0, 0.0, 0.0, 792.2732877677225, 0.0, 808.000065297549, 0.0, 775.8235647797582, 0.0, 0.0, 0.0, 0.0, 0.0, 0.0, 0.0, 0.0, 0.0, 0.0, 0.0, 0.0, 0.0, 0.0, 0.0, 0.0, 0.0, 0.0, 0.0, 0.0, 0.0, 0.0, 0.0, 0.0, 0.0, 0.0, 0.0, 0.0, 0.0, 0.0, 0.0, 0.0, 0.0, 0.0, 0.0, 0.0, 0.0, 0.0, 0.0, 0.0, 0.0, 0.0, 0.0, 0.0, 0.0, 0.0, 0.0, 795.6509480957453, 0.0, 0.0, 0.0, 0.0, 0.0, 0.0, 0.0, 0.0, 0.0, 800.3114646788428, 785.1858747162694, 0.0, 0.0, 0.0, 0.0, 0.0, 0.0, 0.0, 0.0, 0.0, 0.0, 0.0, 0.0, 800.3114646788428, 0.0, 0.0, 0.0, 0.0, 0.0, 0.0, 0.0, 0.0, 0.0, 0.0, 0.0, 0.0, 0.0, 0.0, 800.3114646788428, 0.0, 0.0, 0.0, 775.8235647797582, 0.0, 785.1992529745243, 0.0, 0.0, 0.0, 0.0, 0.0, 0.0, 0.0, 0.0, 0.0, 0.0, 0.0, 0.0, 0.0, 0.0, 775.8235647797582, 0.0, 785.1858747162694, 0.0, 0.0, 0.0, 808.000065297549, 795.6509480957453, 0.0, 0.0, 0.0, 0.0, 0.0, 0.0, 0.0, 0.0, 0.0, 0.0, 0.0]
INFORMACIÓN : 1apuestaBundle [808.000065297549, 792.2732877677225, 785.1992529745243, 775.8235647797582, 746.8226429250482]
INFORMACIÓN : 1positionsBundle [902, 464, 318, 174, 247]
INFORMACIÓN : 1levelsBundle [3, 3, 3, 3, 3]
INFORMACIÓN : 1positionsOrdered [902, 464, 318, 174, 247]
INFORMACIÓN : 1levelsOrdered [3, 3, 3, 3, 3]
INFORMACIÓN : 1partialityOrdered [3, 3, 3, 3, 3]
INFORMACIÓN : 1arrivalTimes [4.0, 19.0, 24.0, 30.70820393249937, 53.729932798942045]
INFORMACIÓN : I [AB]; lost Test.myBail@4747290f; POS 464; sensors [IR, MW]; level 3 I paid 792.2732877677225in favour of54@(myturtles,myturtles,bug)@MK-18422 paid 799.4329170400728
INFORMACIÓN : 2historia0[0.0, 0.0, 757.6900744090361, 795.6509480957453, 0.0, 0.0, 808.000065297549, 0.0, 0.0, 0.0, 0.0, 799.4329170400728, 799.4329170400728, 0.0, 0.0, 0.0, 755.498053190668, 0.0, 0.0, 0.0, 792.9449893558656, 0.0, 792.9449893558656, 0.0, 0.0, 0.0, 0.0, 0.0, 0.0, 0.0, 785.1858747162694, 0.0, 0.0, 0.0, 0.0, 0.0, 0.0, 0.0, 0.0, 799.4329170400728, 0.0, 808.000065297549, 0.0, 784.2953774880953, 757.6900744090361, 0.0, 0.0, 0.0, 0.0, 0.0, 0.0, 0.0, 0.0, 0.0, 755.498053190668, 0.0, 0.0, 0.0, 0.0, 0.0, 0.0, 0.0, 0.0, 0.0, 0.0, 0.0, 0.0, 0.0, 0.0, 0.0, 0.0, 0.0, 0.0, 0.0, 0.0, 0.0, 0.0, 0.0, 0.0, 0.0, 0.0, 0.0, 0.0, 0.0, 757.6900744090361, 0.0, 0.0, 0.0, 0.0, 0.0, 0.0, 795.6509480957453, 0.0, 0.0, 0.0, 0.0, 0.0, 0.0, 0.0, 0.0, 0.0, 800.3114646788428, 785.1858747162694, 0.0, 0.0, 0.0, 0.0, 0.0, 0.0, 0.0, 0.0, 0.0, 0.0, 0.0, 0.0, 800.3114646788428, 0.0, 0.0, 0.0, 0.0, 0.0, 0.0, 0.0, 0.0, 0.0, 0.0, 0.0, 0.0, 0.0, 0.0, 800.3114646788428, 0.0, 0.0, 0.0, 784.2953774880953, 0.0, 792.9449893558656, 0.0, 0.0, 0.0, 0.0, 0.0, 0.0, 0.0, 0.0, 0.0, 0.0, 0.0, 0.0, 0.0, 0.0, 784.2953774880953, 0.0, 785.1858747162694, 0.0, 755.498053190668, 0.0, 808.000065297549, 795.6509480957453, 0.0, 0.0, 0.0, 0.0, 0.0, 0.0, 0.0, 0.0, 0.0, 0.0, 0.0]
INFORMACIÓN : 2apuestaBundle [808.000065297549, 292.1689569952348, 281.25276233483515, 276.3905399452925, 269.05241536016945]
INFORMACIÓN : 2positionsBundle [902, 657, 868, 216, 777]
INFORMACIÓN : 2levelsBundle [3, 2, 2, 2, 2]
INFORMACIÓN : 2positionsOrdered [902, 657, 868, 216, 777]
INFORMACIÓN : 2levelsOrdered [3, 2, 2, 2, 2]
INFORMACIÓN : 2partialityOrdered [3, 2, 2, 2, 2]
INFORMACIÓN : 2arrivalTimes [4.0, 11.071067811865476, 22.7757677225851, 35.92871416055101, 51.48506334665505]
INFORMACIÓN : I [AB]; lost Test.myBail@2e9bdeeb; POS 777; sensors [IR]; level 2 I paid 269.05241536016945in favour of39@(myturtles,myturtles,bug)@MK-18422 paid 270.6651906027976
INFORMACIÓN : 3historia0[0.0, 0.0, 757.6900744090361, 795.6509480957453, 0.0, 0.0, 808.000065297549, 0.0, 0.0, 0.0, 0.0, 799.4329170400728, 799.5144442557765, 0.0, 0.0, 0.0, 755.0568728358443, 0.0, 0.0, 0.0, 792.9449893558656, 0.0, 792.9449893558656, 0.0, 0.0, 0.0, 0.0, 0.0, 0.0, 0.0, 785.1858747162694, 0.0, 277.36141236512697, 0.0, 0.0, 0.0, 0.0, 0.0, 0.0, 799.4329170400728, 0.0, 808.000065297549, 0.0, 784.2953774880953, 757.2767223941386, 0.0, 0.0, 0.0, 0.0, 281.25276233483515, 0.0, 0.0, 0.0, 0.0, 755.498053190668, 0.0, 0.0, 0.0, 0.0, 276.3905399452925, 0.0, 0.0, 0.0, 270.6651906027976, 0.0, 0.0, 0.0, 0.0, 0.0, 0.0, 0.0, 0.0, 0.0, 0.0, 0.0, 0.0, 0.0, 0.0, 0.0, 292.1689569952348, 0.0, 0.0, 0.0, 0.0, 757.2767223941386, 0.0, 0.0, 0.0, 0.0, 0.0, 0.0, 795.6509480957453, 0.0, 0.0, 0.0, 0.0, 0.0, 0.0, 0.0, 0.0, 0.0, 800.3114646788428, 785.1858747162694, 0.0, 0.0, 0.0, 0.0, 0.0, 0.0, 0.0, 0.0, 0.0, 270.6651906027976, 0.0, 0.0, 800.3114646788428, 0.0, 0.0, 0.0, 0.0, 0.0, 0.0, 0.0, 0.0, 0.0, 0.0, 0.0, 0.0, 292.1689569952348, 0.0, 800.3114646788428, 0.0, 0.0, 0.0, 784.2953774880953, 0.0, 793.0264775564901, 0.0, 0.0, 0.0, 0.0, 0.0, 0.0, 0.0, 0.0, 0.0, 0.0, 0.0, 0.0, 0.0, 0.0, 784.3768135355157, 0.0, 785.1858747162694, 0.0, 755.0568728358443, 0.0, 808.000065297549, 795.6509480957453, 0.0, 0.0, 0.0, 0.0, 0.0, 0.0, 0.0, 0.0, 0.0, 0.0, 0.0]
INFORMACIÓN : 3apuestaBundle [808.000065297549, 292.1689569952348, 281.25276233483515, 276.3905399452925, 230.35217999103503]
INFORMACIÓN : 3positionsBundle [902, 657, 868, 216, 2345]
INFORMACIÓN : 3levelsBundle [3, 2, 2, 2, 2]
INFORMACIÓN : 3positionsOrdered [902, 657, 868, 216, 2345]
INFORMACIÓN : 3levelsOrdered [3, 2, 2, 2, 2]
INFORMACIÓN : 3partialityOrdered [3, 2, 2, 2, 2]
INFORMACIÓN : 3arrivalTimes [4.0, 11.071067811865476, 22.7757677225851, 35.92871416055101, 86.96791478125039]
INFORMACIÓN : timeSat position 868 level 2
INFORMACIÓN : I [AB]; lost Test.myBail@109991c7; POS 868; sensors [MW]; level 2 I paid 281.25276233483515in favour ofnull paid 281.25276233483515
INFORMACIÓN : 4historia0[0.0, 0.0, 757.6900744090361, 795.6509480957453, 0.0, 0.0, 808.000065297549, 0.0, 0.0, 0.0, 0.0, 799.4329170400728, 799.5144442557765, 0.0, 0.0, 0.0, 755.0568728358443, 0.0, 0.0, 0.0, 792.9449893558656, 0.0, 792.9449893558656, 0.0, 0.0, 0.0, 0.0, 0.0, 0.0, 0.0, 785.1858747162694, 0.0, 277.36141236512697, 0.0, 0.0, 0.0, 0.0, 0.0, 0.0, 799.4329170400728, 0.0, 808.000065297549, 0.0, 784.2953774880953, 757.2767223941386, 0.0, 0.0, 0.0, 0.0, 0.0, 0.0, 274.68399946418486, 0.0, 0.0, 755.498053190668, 0.0, 0.0, 0.0, 0.0, 0.0, 0.0, 0.0, 0.0, 0.0, 0.0, 0.0, 0.0, 0.0, 0.0, 0.0, 0.0, 0.0, 0.0, 0.0, 0.0, 0.0, 0.0, 0.0, 0.0, 292.1689569952348, 0.0, 0.0, 0.0, 0.0, 757.2767223941386, 236.86311513246642, 0.0, 0.0, 0.0, 0.0, 0.0, 795.6509480957453, 0.0, 0.0, 0.0, 0.0, 0.0, 0.0, 0.0, 243.4290222220534, 185.0099641312645, 800.3114646788428, 785.1858747162694, 0.0, 0.0, 0.0, 0.0, 0.0, 163.04397149047531, 0.0, 0.0, 0.0, 270.6651906027976, 0.0, 0.0, 800.3114646788428, 0.0, 0.0, 0.0, 0.0, 0.0, 0.0, 0.0, 0.0, 0.0, 0.0, 0.0, 0.0, 292.1689569952348, 0.0, 800.3114646788428, 252.14453040275487, 0.0, 0.0, 784.2953774880953, 0.0, 793.0264775564901, 0.0, 0.0, 0.0, 0.0, 0.0, 277.36141236512697, 0.0, 0.0, 0.0, 0.0, 0.0, 0.0, 0.0, 0.0, 784.3768135355157, 0.0, 785.1858747162694, 0.0, 755.0568728358443, 0.0, 808.000065297549, 795.6509480957453, 0.0, 0.0, 0.0, 0.0, 0.0, 0.0, 0.0, 0.0, 0.0, 0.0, 0.0]
INFORMACIÓN : 4apuestaBundle [808.000065297549, 292.1689569952348, 171.6947419429002, 134.08330417576684, 62.963846445678655]
INFORMACIÓN : 4positionsBundle [902, 657, 1663, 1995, 216]
INFORMACIÓN : 4levelsBundle [3, 2, 1, 3, 1]
INFORMACIÓN : 4positionsOrdered [902, 657, 1663, 1995, 216]
INFORMACIÓN : 4levelsOrdered [3, 2, 1, 3, 1]
INFORMACIÓN : 4partialityOrdered [3, 2, 1, 3, 2]
INFORMACIÓN : 4arrivalTimes [4.0, 11.071067811865476, 31.951680829686577, 64.50932202188599, 109.96259473134003]
