----------------------------------------------------------------------
-- Log session for [myBugCoalitionsCCBBAGuaiDEF-44] started on 2017.07.13.18.44.53 --
----------------------------------------------------------------------

INFORMACIÓN : I started
INFORMACIÓN : 0apuestaBundle [802.3403972095322, 792.1103160745487, 785.0363627468286, 776.6295968003011, 775.6607824645338]
INFORMACIÓN : 0positionsBundle [902, 464, 318, 1525, 174]
INFORMACIÓN : 0levelsBundle [3, 3, 3, 3, 3]
INFORMACIÓN : 0positionsOrdered [902, 464, 318, 1525, 174]
INFORMACIÓN : 0levelsOrdered [3, 3, 3, 3, 3]
INFORMACIÓN : 0partialityOrdered [3, 3, 3, 3, 3]
INFORMACIÓN : 0arrivalTimes [8.0, 23.0, 28.0, 53.0, 80.0185121722126]
INFORMACIÓN : I [IR]; lost Test.myBail@604c4d1c; POS 902; sensors [AB, MW]; level 3 I paid 802.3403972095322in favour of19@(myturtles,myturtles,bug)@MK-18422 paid 808.000065297549
INFORMACIÓN : 1historia0[0.0, 0.0, 0.0, 795.6509480957453, 0.0, 0.0, 808.000065297549, 0.0, 0.0, 0.0, 0.0, 792.2732877677225, 792.2732877677225, 0.0, 0.0, 0.0, 0.0, 0.0, 0.0, 0.0, 785.1992529745243, 0.0, 785.1992529745243, 0.0, 0.0, 0.0, 0.0, 0.0, 0.0, 0.0, 785.1858747162694, 0.0, 0.0, 0.0, 0.0, 0.0, 0.0, 0.0, 0.0, 792.2732877677225, 0.0, 808.000065297549, 0.0, 775.8235647797582, 0.0, 0.0, 0.0, 0.0, 0.0, 0.0, 0.0, 0.0, 0.0, 0.0, 0.0, 0.0, 0.0, 0.0, 0.0, 0.0, 0.0, 0.0, 0.0, 0.0, 0.0, 0.0, 0.0, 0.0, 0.0, 0.0, 0.0, 0.0, 0.0, 0.0, 0.0, 0.0, 0.0, 0.0, 0.0, 0.0, 0.0, 0.0, 0.0, 0.0, 0.0, 0.0, 0.0, 0.0, 0.0, 0.0, 0.0, 795.6509480957453, 0.0, 0.0, 0.0, 0.0, 0.0, 0.0, 0.0, 0.0, 0.0, 800.3114646788428, 785.1858747162694, 0.0, 0.0, 0.0, 0.0, 0.0, 0.0, 0.0, 0.0, 0.0, 0.0, 0.0, 0.0, 800.3114646788428, 0.0, 0.0, 0.0, 0.0, 0.0, 0.0, 0.0, 0.0, 0.0, 0.0, 0.0, 0.0, 0.0, 0.0, 800.3114646788428, 0.0, 0.0, 0.0, 775.8235647797582, 0.0, 785.1992529745243, 0.0, 0.0, 0.0, 0.0, 0.0, 0.0, 0.0, 0.0, 0.0, 0.0, 0.0, 0.0, 0.0, 0.0, 775.8235647797582, 0.0, 785.1858747162694, 0.0, 0.0, 0.0, 808.000065297549, 795.6509480957453, 0.0, 0.0, 0.0, 0.0, 0.0, 0.0, 0.0, 0.0, 0.0, 0.0, 0.0]
INFORMACIÓN : 1apuestaBundle [799.4329170400728, 792.9449893558656, 784.2953774880953, 757.6900744090361, 755.498053190668]
INFORMACIÓN : 1positionsBundle [464, 318, 174, 247, 299]
INFORMACIÓN : 1levelsBundle [3, 3, 3, 3, 3]
INFORMACIÓN : 1positionsOrdered [464, 318, 174, 247, 299]
INFORMACIÓN : 1levelsOrdered [3, 3, 3, 3, 3]
INFORMACIÓN : 1partialityOrdered [3, 3, 3, 3, 3]
INFORMACIÓN : 1arrivalTimes [17.0, 22.0, 28.70820393249937, 51.729932798942045, 53.96600077644183]
INFORMACIÓN : I [IR]; lost Test.myBail@44a67f84; POS 464; sensors [AB, MW]; level 3 I paid 799.4329170400728in favour of19@(myturtles,myturtles,bug)@MK-18422 paid 792.2732877677225
INFORMACIÓN : 2historia0[0.0, 0.0, 757.6900744090361, 795.6509480957453, 0.0, 0.0, 808.000065297549, 0.0, 0.0, 0.0, 0.0, 799.4329170400728, 792.2732877677225, 0.0, 0.0, 0.0, 755.498053190668, 0.0, 0.0, 0.0, 792.9449893558656, 0.0, 792.9449893558656, 0.0, 0.0, 0.0, 0.0, 0.0, 0.0, 0.0, 785.1858747162694, 0.0, 0.0, 0.0, 0.0, 0.0, 0.0, 0.0, 0.0, 799.4329170400728, 0.0, 808.000065297549, 0.0, 784.2953774880953, 757.6900744090361, 0.0, 0.0, 0.0, 0.0, 0.0, 0.0, 0.0, 0.0, 0.0, 755.498053190668, 0.0, 0.0, 0.0, 0.0, 0.0, 0.0, 0.0, 0.0, 0.0, 0.0, 0.0, 0.0, 0.0, 0.0, 0.0, 0.0, 0.0, 0.0, 0.0, 0.0, 0.0, 0.0, 0.0, 0.0, 0.0, 0.0, 0.0, 0.0, 0.0, 0.0, 0.0, 0.0, 0.0, 0.0, 0.0, 0.0, 795.6509480957453, 0.0, 0.0, 0.0, 0.0, 0.0, 0.0, 0.0, 0.0, 0.0, 800.3114646788428, 785.1858747162694, 0.0, 0.0, 0.0, 0.0, 0.0, 0.0, 0.0, 0.0, 0.0, 0.0, 0.0, 0.0, 800.3114646788428, 0.0, 0.0, 0.0, 0.0, 0.0, 0.0, 0.0, 0.0, 0.0, 0.0, 0.0, 0.0, 0.0, 0.0, 800.3114646788428, 0.0, 0.0, 0.0, 784.2953774880953, 0.0, 785.1992529745243, 0.0, 0.0, 0.0, 0.0, 0.0, 0.0, 0.0, 0.0, 0.0, 0.0, 0.0, 0.0, 0.0, 0.0, 775.8235647797582, 0.0, 785.1858747162694, 0.0, 0.0, 0.0, 808.000065297549, 795.6509480957453, 0.0, 0.0, 0.0, 0.0, 0.0, 0.0, 0.0, 0.0, 0.0, 0.0, 0.0]
INFORMACIÓN : 2apuestaBundle [799.5144442557765, 793.0264775564901, 784.3768135355157, 757.2767223941386, 755.0568728358443]
INFORMACIÓN : 2positionsBundle [464, 318, 174, 247, 299]
INFORMACIÓN : 2levelsBundle [3, 3, 3, 3, 3]
INFORMACIÓN : 2positionsOrdered [464, 318, 174, 247, 299]
INFORMACIÓN : 2levelsOrdered [3, 3, 3, 3, 3]
INFORMACIÓN : 2partialityOrdered [3, 3, 3, 3, 3]
INFORMACIÓN : 2arrivalTimes [15.0, 20.0, 26.70820393249937, 49.729932798942045, 51.96600077644183]
INFORMACIÓN : I [IR]; lost Test.myBail@44a67f84; POS 464; sensors [AB, MW]; level 3 I paid 799.5144442557765in favour of19@(myturtles,myturtles,bug)@MK-18422 paid 792.2732877677225
INFORMACIÓN : 3historia0[0.0, 0.0, 757.6900744090361, 795.6509480957453, 0.0, 0.0, 808.000065297549, 0.0, 0.0, 0.0, 0.0, 799.4329170400728, 792.2732877677225, 0.0, 0.0, 0.0, 755.0568728358443, 0.0, 0.0, 0.0, 792.9449893558656, 0.0, 792.9449893558656, 0.0, 0.0, 0.0, 0.0, 0.0, 0.0, 0.0, 785.1858747162694, 0.0, 277.36141236512697, 0.0, 0.0, 0.0, 0.0, 0.0, 0.0, 799.4329170400728, 0.0, 808.000065297549, 0.0, 784.2953774880953, 757.2767223941386, 0.0, 0.0, 0.0, 0.0, 281.25276233483515, 0.0, 0.0, 0.0, 0.0, 755.498053190668, 0.0, 0.0, 0.0, 0.0, 276.3905399452925, 0.0, 0.0, 0.0, 0.0, 0.0, 0.0, 0.0, 0.0, 0.0, 0.0, 0.0, 0.0, 0.0, 0.0, 0.0, 0.0, 0.0, 0.0, 0.0, 292.1689569952348, 0.0, 0.0, 0.0, 0.0, 0.0, 0.0, 0.0, 0.0, 0.0, 0.0, 0.0, 795.6509480957453, 0.0, 0.0, 0.0, 0.0, 0.0, 0.0, 0.0, 0.0, 0.0, 800.3114646788428, 785.1858747162694, 0.0, 0.0, 0.0, 0.0, 0.0, 0.0, 0.0, 0.0, 0.0, 270.6651906027976, 0.0, 0.0, 800.3114646788428, 0.0, 0.0, 0.0, 0.0, 0.0, 0.0, 0.0, 0.0, 0.0, 0.0, 0.0, 0.0, 292.1689569952348, 0.0, 800.3114646788428, 0.0, 0.0, 0.0, 784.2953774880953, 0.0, 785.1992529745243, 0.0, 0.0, 0.0, 0.0, 0.0, 0.0, 0.0, 0.0, 0.0, 0.0, 0.0, 0.0, 0.0, 0.0, 775.8235647797582, 0.0, 785.1858747162694, 0.0, 0.0, 0.0, 808.000065297549, 795.6509480957453, 0.0, 0.0, 0.0, 0.0, 0.0, 0.0, 0.0, 0.0, 0.0, 0.0, 0.0]
INFORMACIÓN : 3apuestaBundle [799.5144442557765, 793.0264775564901, 784.3768135355157, 757.2767223941386, 755.0568728358443]
INFORMACIÓN : 3positionsBundle [464, 318, 174, 247, 299]
INFORMACIÓN : 3levelsBundle [3, 3, 3, 3, 3]
INFORMACIÓN : 3positionsOrdered [464, 318, 174, 247, 299]
INFORMACIÓN : 3levelsOrdered [3, 3, 3, 3, 3]
INFORMACIÓN : 3partialityOrdered [3, 3, 3, 3, 3]
INFORMACIÓN : 3arrivalTimes [15.0, 20.0, 26.70820393249937, 49.729932798942045, 51.96600077644183]
INFORMACIÓN : 4historia0[0.0, 0.0, 757.6900744090361, 795.6509480957453, 0.0, 0.0, 808.000065297549, 0.0, 0.0, 0.0, 0.0, 799.4329170400728, 799.5144442557765, 0.0, 0.0, 0.0, 755.0568728358443, 0.0, 0.0, 0.0, 792.9449893558656, 0.0, 792.9449893558656, 0.0, 0.0, 0.0, 0.0, 0.0, 0.0, 0.0, 785.1858747162694, 0.0, 277.36141236512697, 0.0, 0.0, 0.0, 0.0, 0.0, 0.0, 799.4329170400728, 0.0, 808.000065297549, 0.0, 784.2953774880953, 757.2767223941386, 0.0, 0.0, 0.0, 0.0, 0.0, 0.0, 274.68399946418486, 0.0, 0.0, 755.498053190668, 0.0, 0.0, 0.0, 0.0, 0.0, 0.0, 0.0, 0.0, 0.0, 0.0, 0.0, 0.0, 0.0, 0.0, 0.0, 0.0, 0.0, 0.0, 0.0, 0.0, 0.0, 0.0, 0.0, 0.0, 292.1689569952348, 0.0, 0.0, 0.0, 0.0, 757.2767223941386, 236.86311513246642, 0.0, 0.0, 0.0, 0.0, 0.0, 795.6509480957453, 0.0, 0.0, 0.0, 0.0, 0.0, 0.0, 0.0, 243.4290222220534, 185.0099641312645, 800.3114646788428, 785.1858747162694, 0.0, 0.0, 0.0, 0.0, 0.0, 163.04397149047531, 0.0, 0.0, 0.0, 270.6651906027976, 0.0, 0.0, 800.3114646788428, 0.0, 0.0, 0.0, 0.0, 0.0, 0.0, 0.0, 0.0, 0.0, 0.0, 0.0, 0.0, 292.1689569952348, 0.0, 800.3114646788428, 252.14453040275487, 0.0, 0.0, 784.2953774880953, 0.0, 793.0264775564901, 0.0, 0.0, 0.0, 0.0, 0.0, 277.36141236512697, 0.0, 0.0, 0.0, 0.0, 0.0, 0.0, 0.0, 0.0, 784.3768135355157, 0.0, 785.1858747162694, 0.0, 755.0568728358443, 0.0, 808.000065297549, 795.6509480957453, 0.0, 0.0, 0.0, 0.0, 0.0, 0.0, 0.0, 0.0, 0.0, 0.0, 0.0]
INFORMACIÓN : 4apuestaBundle [799.5144442557765, 793.0264775564901, 784.3768135355157, 757.2767223941386, 755.0568728358443]
INFORMACIÓN : 4positionsBundle [464, 318, 174, 247, 299]
INFORMACIÓN : 4levelsBundle [3, 3, 3, 3, 3]
INFORMACIÓN : 4positionsOrdered [464, 318, 174, 247, 299]
INFORMACIÓN : 4levelsOrdered [3, 3, 3, 3, 3]
INFORMACIÓN : 4partialityOrdered [3, 3, 3, 3, 3]
INFORMACIÓN : 4arrivalTimes [15.0, 20.0, 26.70820393249937, 49.729932798942045, 51.96600077644183]
