----------------------------------------------------------------------
-- Log session for [myBugCoalitionsCCBBAGuaiDEF-36] started on 2017.07.13.18.44.53 --
----------------------------------------------------------------------

INFORMACIÓN : I started
INFORMACIÓN : 0apuestaBundle [800.3114646788428, 795.6509480957453, 785.1858747162694, 775.5899755591438, 771.7603743999516]
INFORMACIÓN : 0positionsBundle [1525, 1479, 1488, 902, 464]
INFORMACIÓN : 0levelsBundle [3, 3, 3, 3, 3]
INFORMACIÓN : 0positionsOrdered [1525, 1479, 1488, 902, 464]
INFORMACIÓN : 0levelsOrdered [3, 3, 3, 3, 3]
INFORMACIÓN : 0partialityOrdered [3, 3, 3, 3, 3]
INFORMACIÓN : 0arrivalTimes [9.433981132056603, 13.557086757674263, 22.557086757674263, 60.200147207111684, 75.20014720711168]
INFORMACIÓN : I [MW]; lost Test.myBail@32109d00; POS 902; sensors [AB, IR]; level 3 I paid 775.5899755591438in favour of22@(myturtles,myturtles,bug)@MK-18422 paid 808.000065297549
INFORMACIÓN : 1historia0[0.0, 0.0, 0.0, 795.6509480957453, 0.0, 0.0, 808.000065297549, 0.0, 0.0, 0.0, 0.0, 792.2732877677225, 792.2732877677225, 0.0, 0.0, 0.0, 0.0, 0.0, 0.0, 0.0, 785.1992529745243, 0.0, 785.1992529745243, 0.0, 0.0, 0.0, 0.0, 0.0, 0.0, 0.0, 785.1858747162694, 0.0, 0.0, 0.0, 0.0, 0.0, 0.0, 0.0, 0.0, 792.2732877677225, 0.0, 808.000065297549, 0.0, 775.8235647797582, 0.0, 0.0, 0.0, 0.0, 0.0, 0.0, 0.0, 0.0, 0.0, 0.0, 0.0, 0.0, 0.0, 0.0, 0.0, 0.0, 0.0, 0.0, 0.0, 0.0, 0.0, 0.0, 0.0, 0.0, 0.0, 0.0, 0.0, 0.0, 0.0, 0.0, 0.0, 0.0, 0.0, 0.0, 0.0, 0.0, 0.0, 0.0, 0.0, 0.0, 0.0, 0.0, 0.0, 0.0, 0.0, 0.0, 0.0, 795.6509480957453, 0.0, 0.0, 0.0, 0.0, 0.0, 0.0, 0.0, 0.0, 0.0, 800.3114646788428, 785.1858747162694, 0.0, 0.0, 0.0, 0.0, 0.0, 0.0, 0.0, 0.0, 0.0, 0.0, 0.0, 0.0, 800.3114646788428, 0.0, 0.0, 0.0, 0.0, 0.0, 0.0, 0.0, 0.0, 0.0, 0.0, 0.0, 0.0, 0.0, 0.0, 800.3114646788428, 0.0, 0.0, 0.0, 775.8235647797582, 0.0, 785.1992529745243, 0.0, 0.0, 0.0, 0.0, 0.0, 0.0, 0.0, 0.0, 0.0, 0.0, 0.0, 0.0, 0.0, 0.0, 775.8235647797582, 0.0, 785.1858747162694, 0.0, 0.0, 0.0, 808.000065297549, 795.6509480957453, 0.0, 0.0, 0.0, 0.0, 0.0, 0.0, 0.0, 0.0, 0.0, 0.0, 0.0]
INFORMACIÓN : 1apuestaBundle [800.3114646788428, 795.6509480957453, 785.1858747162694, 752.2345532871293, 751.5057763913644]
INFORMACIÓN : 1positionsBundle [1525, 1479, 1488, 247, 299]
INFORMACIÓN : 1levelsBundle [3, 3, 3, 3, 3]
INFORMACIÓN : 1positionsOrdered [1525, 1479, 1488, 247, 299]
INFORMACIÓN : 1levelsOrdered [3, 3, 3, 3, 3]
INFORMACIÓN : 1partialityOrdered [3, 3, 3, 3, 3]
INFORMACIÓN : 1arrivalTimes [9.433981132056603, 13.557086757674263, 22.557086757674263, 49.12774726884711, 51.3638152463469]
INFORMACIÓN : I [MW]; lost Test.myBail@7e39c96c; POS 247; sensors [AB, IR]; level 3 I paid 752.2345532871293in favour of52@(myturtles,myturtles,bug)@MK-18422 paid 757.6900744090361
INFORMACIÓN : 2historia0[0.0, 0.0, 757.6900744090361, 795.6509480957453, 0.0, 0.0, 808.000065297549, 0.0, 0.0, 0.0, 0.0, 799.4329170400728, 799.4329170400728, 0.0, 0.0, 0.0, 755.498053190668, 0.0, 0.0, 0.0, 792.9449893558656, 0.0, 792.9449893558656, 0.0, 0.0, 0.0, 0.0, 0.0, 0.0, 0.0, 785.1858747162694, 0.0, 0.0, 0.0, 0.0, 0.0, 0.0, 0.0, 0.0, 799.4329170400728, 0.0, 808.000065297549, 0.0, 784.2953774880953, 757.6900744090361, 0.0, 0.0, 0.0, 0.0, 0.0, 0.0, 0.0, 0.0, 0.0, 755.498053190668, 0.0, 0.0, 0.0, 0.0, 0.0, 0.0, 0.0, 0.0, 0.0, 0.0, 0.0, 0.0, 0.0, 0.0, 0.0, 0.0, 0.0, 0.0, 0.0, 0.0, 0.0, 0.0, 0.0, 0.0, 0.0, 0.0, 0.0, 0.0, 0.0, 757.6900744090361, 0.0, 0.0, 0.0, 0.0, 0.0, 0.0, 795.6509480957453, 0.0, 0.0, 0.0, 0.0, 0.0, 0.0, 0.0, 0.0, 0.0, 800.3114646788428, 785.1858747162694, 0.0, 0.0, 0.0, 0.0, 0.0, 0.0, 0.0, 0.0, 0.0, 0.0, 0.0, 0.0, 800.3114646788428, 0.0, 0.0, 0.0, 0.0, 0.0, 0.0, 0.0, 0.0, 0.0, 0.0, 0.0, 0.0, 0.0, 0.0, 800.3114646788428, 0.0, 0.0, 0.0, 784.2953774880953, 0.0, 792.9449893558656, 0.0, 0.0, 0.0, 0.0, 0.0, 0.0, 0.0, 0.0, 0.0, 0.0, 0.0, 0.0, 0.0, 0.0, 784.2953774880953, 0.0, 785.1858747162694, 0.0, 755.498053190668, 0.0, 808.000065297549, 795.6509480957453, 0.0, 0.0, 0.0, 0.0, 0.0, 0.0, 0.0, 0.0, 0.0, 0.0, 0.0]
INFORMACIÓN : 2apuestaBundle [800.3114646788428, 795.6509480957453, 785.1858747162694, 277.36141236512697, 274.68399946418486]
INFORMACIÓN : 2positionsBundle [1525, 1479, 1488, 1556, 868]
INFORMACIÓN : 2levelsBundle [3, 3, 3, 2, 2]
INFORMACIÓN : 2positionsOrdered [1525, 1479, 1488, 1556, 868]
INFORMACIÓN : 2levelsOrdered [3, 3, 3, 2, 2]
INFORMACIÓN : 2partialityOrdered [3, 3, 3, 2, 2]
INFORMACIÓN : 2arrivalTimes [9.433981132056603, 13.557086757674263, 22.557086757674263, 54.61952584143706, 73.05861475602283]
INFORMACIÓN : 3historia0[0.0, 0.0, 757.6900744090361, 795.6509480957453, 0.0, 0.0, 808.000065297549, 0.0, 0.0, 0.0, 0.0, 799.4329170400728, 799.5144442557765, 0.0, 0.0, 0.0, 755.0568728358443, 0.0, 0.0, 0.0, 792.9449893558656, 0.0, 792.9449893558656, 0.0, 0.0, 0.0, 0.0, 0.0, 0.0, 0.0, 785.1858747162694, 0.0, 277.36141236512697, 0.0, 0.0, 0.0, 0.0, 0.0, 0.0, 799.4329170400728, 0.0, 808.000065297549, 0.0, 784.2953774880953, 757.2767223941386, 0.0, 0.0, 0.0, 0.0, 281.25276233483515, 0.0, 274.68399946418486, 0.0, 0.0, 755.498053190668, 0.0, 0.0, 0.0, 0.0, 276.3905399452925, 0.0, 0.0, 0.0, 270.6651906027976, 0.0, 0.0, 0.0, 0.0, 0.0, 0.0, 0.0, 0.0, 0.0, 0.0, 0.0, 0.0, 0.0, 0.0, 0.0, 292.1689569952348, 0.0, 0.0, 0.0, 0.0, 757.2767223941386, 0.0, 0.0, 0.0, 0.0, 0.0, 0.0, 795.6509480957453, 0.0, 0.0, 0.0, 0.0, 0.0, 0.0, 0.0, 0.0, 0.0, 800.3114646788428, 785.1858747162694, 0.0, 0.0, 0.0, 0.0, 0.0, 0.0, 0.0, 0.0, 0.0, 270.6651906027976, 0.0, 0.0, 800.3114646788428, 0.0, 0.0, 0.0, 0.0, 0.0, 0.0, 0.0, 0.0, 0.0, 0.0, 0.0, 0.0, 292.1689569952348, 0.0, 800.3114646788428, 0.0, 0.0, 0.0, 784.2953774880953, 0.0, 793.0264775564901, 0.0, 0.0, 0.0, 0.0, 0.0, 277.36141236512697, 0.0, 0.0, 0.0, 0.0, 0.0, 0.0, 0.0, 0.0, 784.3768135355157, 0.0, 785.1858747162694, 0.0, 755.0568728358443, 0.0, 808.000065297549, 795.6509480957453, 0.0, 0.0, 0.0, 0.0, 0.0, 0.0, 0.0, 0.0, 0.0, 0.0, 0.0]
INFORMACIÓN : 3apuestaBundle [800.3114646788428, 795.6509480957453, 785.1858747162694, 277.36141236512697, 274.68399946418486]
INFORMACIÓN : 3positionsBundle [1525, 1479, 1488, 1556, 868]
INFORMACIÓN : 3levelsBundle [3, 3, 3, 2, 2]
INFORMACIÓN : 3positionsOrdered [1525, 1479, 1488, 1556, 868]
INFORMACIÓN : 3levelsOrdered [3, 3, 3, 2, 2]
INFORMACIÓN : 3partialityOrdered [3, 3, 3, 2, 2]
INFORMACIÓN : 3arrivalTimes [9.433981132056603, 13.557086757674263, 22.557086757674263, 54.61952584143706, 73.05861475602283]
INFORMACIÓN : 4historia0[0.0, 0.0, 757.6900744090361, 795.6509480957453, 0.0, 0.0, 808.000065297549, 0.0, 0.0, 0.0, 0.0, 799.4329170400728, 799.5144442557765, 0.0, 0.0, 0.0, 755.0568728358443, 0.0, 0.0, 0.0, 792.9449893558656, 0.0, 792.9449893558656, 0.0, 0.0, 0.0, 0.0, 0.0, 0.0, 0.0, 785.1858747162694, 0.0, 277.36141236512697, 0.0, 0.0, 0.0, 0.0, 0.0, 0.0, 799.4329170400728, 0.0, 808.000065297549, 0.0, 784.2953774880953, 757.2767223941386, 0.0, 0.0, 0.0, 0.0, 0.0, 0.0, 274.68399946418486, 0.0, 0.0, 755.498053190668, 0.0, 0.0, 0.0, 0.0, 0.0, 0.0, 0.0, 0.0, 0.0, 0.0, 0.0, 0.0, 0.0, 0.0, 0.0, 0.0, 0.0, 0.0, 0.0, 0.0, 0.0, 0.0, 0.0, 0.0, 292.1689569952348, 0.0, 0.0, 0.0, 0.0, 757.2767223941386, 236.86311513246642, 0.0, 0.0, 0.0, 0.0, 0.0, 795.6509480957453, 0.0, 0.0, 0.0, 0.0, 0.0, 0.0, 0.0, 243.4290222220534, 185.0099641312645, 800.3114646788428, 785.1858747162694, 0.0, 0.0, 0.0, 0.0, 0.0, 163.04397149047531, 0.0, 0.0, 0.0, 270.6651906027976, 0.0, 0.0, 800.3114646788428, 0.0, 0.0, 0.0, 0.0, 0.0, 0.0, 0.0, 0.0, 0.0, 0.0, 0.0, 0.0, 292.1689569952348, 0.0, 800.3114646788428, 252.14453040275487, 0.0, 0.0, 784.2953774880953, 0.0, 793.0264775564901, 0.0, 0.0, 0.0, 0.0, 0.0, 277.36141236512697, 0.0, 0.0, 0.0, 0.0, 0.0, 0.0, 0.0, 0.0, 784.3768135355157, 0.0, 785.1858747162694, 0.0, 755.0568728358443, 0.0, 808.000065297549, 795.6509480957453, 0.0, 0.0, 0.0, 0.0, 0.0, 0.0, 0.0, 0.0, 0.0, 0.0, 0.0]
INFORMACIÓN : 4apuestaBundle [800.3114646788428, 795.6509480957453, 785.1858747162694, 277.36141236512697, 274.68399946418486]
INFORMACIÓN : 4positionsBundle [1525, 1479, 1488, 1556, 868]
INFORMACIÓN : 4levelsBundle [3, 3, 3, 2, 2]
INFORMACIÓN : 4positionsOrdered [1525, 1479, 1488, 1556, 868]
INFORMACIÓN : 4levelsOrdered [3, 3, 3, 2, 2]
INFORMACIÓN : 4partialityOrdered [3, 3, 3, 2, 2]
INFORMACIÓN : 4arrivalTimes [9.433981132056603, 13.557086757674263, 22.557086757674263, 54.61952584143706, 73.05861475602283]
