----------------------------------------------------------------------
-- Log session for [myBugCoalitionsCCBBAGuaiDEF-27] started on 2017.07.13.18.46.24 --
----------------------------------------------------------------------

INFORMACIÓN : I started
INFORMACIÓN : 0apuestaBundle [790.6010488451283, 785.7966274253939, 777.7985258182649, 776.1482442857598, 772.3782949796878]
INFORMACIÓN : 0positionsBundle [1707, 1616, 1820, 1028, 1280]
INFORMACIÓN : 0levelsBundle [3, 3, 3, 3, 3]
INFORMACIÓN : 0positionsOrdered [1707, 1616, 1820, 1028, 1280]
INFORMACIÓN : 0levelsOrdered [3, 3, 3, 3, 3]
INFORMACIÓN : 0partialityOrdered [3, 3, 3, 3, 3]
INFORMACIÓN : 0arrivalTimes [16.297139862367747, 25.516684319660634, 31.173538569153013, 49.06208238915133, 54.44724719628583]
INFORMACIÓN : timeSat position 1028 level 3
INFORMACIÓN : I [AB]; lost Test.myBail@3fb5d3d7; POS 1707; sensors [IR, MW]; level 3 I paid 790.6010488451283in favour of30@(myturtles,myturtles,bug)@MK-18426 paid 812.2387426480036
INFORMACIÓN : 1historia0[0.0, 0.0, 0.0, 0.0, 0.0, 0.0, 0.0, 0.0, 0.0, 0.0, 0.0, 0.0, 0.0, 0.0, 0.0, 803.6166434182963, 0.0, 0.0, 0.0, 0.0, 0.0, 0.0, 0.0, 785.0887569739725, 0.0, 0.0, 0.0, 0.0, 0.0, 0.0, 0.0, 0.0, 0.0, 0.0, 0.0, 0.0, 0.0, 0.0, 0.0, 0.0, 0.0, 0.0, 0.0, 0.0, 0.0, 0.0, 0.0, 0.0, 0.0, 0.0, 0.0, 0.0, 0.0, 0.0, 0.0, 0.0, 777.3137219263522, 0.0, 0.0, 0.0, 0.0, 0.0, 790.2154629744914, 0.0, 812.2387426480036, 0.0, 0.0, 0.0, 0.0, 0.0, 0.0, 0.0, 799.2602194053385, 0.0, 0.0, 0.0, 0.0, 0.0, 0.0, 0.0, 809.0642358671976, 0.0, 0.0, 0.0, 0.0, 0.0, 0.0, 0.0, 0.0, 0.0, 0.0, 0.0, 0.0, 0.0, 0.0, 0.0, 0.0, 0.0, 793.1231658312506, 777.7061791410551, 0.0, 0.0, 0.0, 767.900692456592, 0.0, 0.0, 0.0, 0.0, 0.0, 0.0, 0.0, 798.1637235097055, 0.0, 0.0, 0.0, 0.0, 0.0, 0.0, 0.0, 0.0, 0.0, 0.0, 0.0, 0.0, 0.0, 0.0, 0.0, 800.9501213478989, 0.0, 0.0, 0.0, 0.0, 0.0, 0.0, 0.0, 0.0, 0.0, 0.0, 0.0, 787.3404949222172, 0.0, 0.0, 0.0, 0.0, 779.7128231362004, 0.0, 0.0, 0.0, 0.0, 0.0, 0.0, 0.0, 0.0, 0.0, 0.0, 0.0, 793.9365435555628, 0.0, 0.0, 0.0, 0.0, 0.0, 0.0, 0.0, 0.0, 798.1313361761448, 0.0, 0.0, 0.0, 0.0]
INFORMACIÓN : 1apuestaBundle [263.6405759492389, 262.3284396216242, 259.6655048181841, 253.06088028406523, 166.04435779715635]
INFORMACIÓN : 1positionsBundle [2216, 1281, 2462, 1933, 2161]
INFORMACIÓN : 1levelsBundle [2, 2, 2, 2, 3]
INFORMACIÓN : 1positionsOrdered [2216, 1281, 2462, 1933, 2161]
INFORMACIÓN : 1levelsOrdered [2, 2, 2, 2, 3]
INFORMACIÓN : 1partialityOrdered [2, 2, 2, 2, 3]
INFORMACIÓN : 1arrivalTimes [29.19215406524483, 53.399590939065234, 84.01004666909317, 107.71658585135256, 130.27761419670952]
INFORMACIÓN : timeSat position 1281 level 2
INFORMACIÓN : I [AB]; lost Test.myBail@9d1fe91; POS 2216; sensors [MW]; level 2 I paid 263.6405759492389in favour of30@(myturtles,myturtles,bug)@MK-18426 paid 284.7971919219426
INFORMACIÓN : 2historia0[0.0, 0.0, 0.0, 0.0, 0.0, 0.0, 0.0, 0.0, 0.0, 0.0, 0.0, 0.0, 0.0, 0.0, 0.0, 803.3400396790485, 0.0, 0.0, 0.0, 0.0, 0.0, 0.0, 0.0, 787.4490116878417, 0.0, 0.0, 0.0, 0.0, 0.0, 0.0, 0.0, 0.0, 0.0, 0.0, 0.0, 0.0, 284.7971919219426, 0.0, 0.0, 0.0, 0.0, 0.0, 0.0, 0.0, 0.0, 0.0, 0.0, 0.0, 0.0, 0.0, 0.0, 0.0, 274.6046117454016, 292.09464373722835, 0.0, 0.0, 0.0, 0.0, 0.0, 0.0, 0.0, 0.0, 791.8167017547694, 0.0, 812.2387426480036, 0.0, 0.0, 255.68267086498892, 0.0, 0.0, 0.0, 0.0, 799.2602194053385, 269.7297969782022, 0.0, 0.0, 0.0, 0.0, 0.0, 0.0, 809.0642358671976, 0.0, 0.0, 0.0, 270.6942945827235, 0.0, 0.0, 0.0, 0.0, 0.0, 0.0, 0.0, 0.0, 0.0, 0.0, 0.0, 0.0, 0.0, 0.0, 777.7061791410551, 0.0, 0.0, 0.0, 767.900692456592, 0.0, 0.0, 0.0, 0.0, 0.0, 0.0, 0.0, 798.1637235097055, 0.0, 0.0, 0.0, 0.0, 0.0, 0.0, 0.0, 284.72837028472395, 0.0, 0.0, 0.0, 0.0, 0.0, 0.0, 0.0, 800.9501213478989, 0.0, 0.0, 0.0, 0.0, 0.0, 0.0, 0.0, 0.0, 0.0, 0.0, 0.0, 0.0, 0.0, 0.0, 0.0, 0.0, 0.0, 0.0, 0.0, 0.0, 0.0, 0.0, 0.0, 0.0, 0.0, 0.0, 0.0, 0.0, 793.9365435555628, 0.0, 0.0, 0.0, 0.0, 0.0, 0.0, 271.9188716383715, 0.0, 0.0, 0.0, 272.12485772595664, 0.0, 0.0]
INFORMACIÓN : 2apuestaBundle [775.2371611759978, 772.1524344392766, 261.9535373419587, 180.82874121926454, 162.20083909216441]
INFORMACIÓN : 2positionsBundle [1028, 1280, 1281, 716, 2161]
INFORMACIÓN : 2levelsBundle [3, 3, 2, 1, 3]
INFORMACIÓN : 2positionsOrdered [716, 1280, 1028, 1281, 2161]
INFORMACIÓN : 2levelsOrdered [1, 3, 3, 2, 3]
INFORMACIÓN : 2partialityOrdered [1, 3, 3, 2, 3]
INFORMACIÓN : 2arrivalTimes [15.20708397776972, 34.72793085377222, 48.905968529969016, 54.736920424814315, 81.64416851896173]
INFORMACIÓN : I [AB]; lost Test.myBail@3a167c9; POS 1281; sensors [MW]; level 2 I paid 261.9535373419587in favour of30@(myturtles,myturtles,bug)@MK-18426 paid 267.1482949958595
INFORMACIÓN : 3historia0[0.0, 0.0, 0.0, 0.0, 0.0, 0.0, 0.0, 0.0, 0.0, 0.0, 0.0, 0.0, 0.0, 0.0, 0.0, 803.3400396790485, 0.0, 0.0, 0.0, 372.5276932233651, 0.0, 0.0, 0.0, 787.4490116878417, 0.0, 0.0, 0.0, 0.0, 271.1143586238031, 0.0, 0.0, 0.0, 0.0, 0.0, 0.0, 0.0, 0.0, 372.5276932233651, 0.0, 0.0, 0.0, 0.0, 0.0, 775.2371611759978, 0.0, 0.0, 0.0, 0.0, 0.0, 0.0, 0.0, 0.0, 0.0, 292.09464373722835, 0.0, 0.0, 772.1524344392766, 0.0, 0.0, 195.2752789906408, 0.0, 0.0, 791.8167017547694, 0.0, 812.2387426480036, 267.1482949958595, 0.0, 255.68267086498892, 0.0, 0.0, 0.0, 0.0, 799.2602194053385, 269.7297969782022, 0.0, 0.0, 0.0, 0.0, 0.0, 240.29852937295368, 809.0642358671976, 361.11765890003744, 0.0, 0.0, 270.6942945827235, 0.0, 0.0, 0.0, 0.0, 0.0, 0.0, 0.0, 0.0, 0.0, 0.0, 0.0, 0.0, 0.0, 0.0, 0.0, 0.0, 0.0, 0.0, 0.0, 0.0, 0.0, 0.0, 0.0, 0.0, 0.0, 0.0, 798.1637235097055, 0.0, 0.0, 0.0, 0.0, 0.0, 0.0, 0.0, 284.72837028472395, 0.0, 0.0, 0.0, 0.0, 0.0, 0.0, 0.0, 800.9501213478989, 0.0, 0.0, 0.0, 241.0695697257388, 0.0, 0.0, 0.0, 0.0, 190.56807571439163, 0.0, 0.0, 0.0, 0.0, 0.0, 0.0, 0.0, 0.0, 0.0, 0.0, 0.0, 0.0, 0.0, 0.0, 0.0, 0.0, 0.0, 0.0, 0.0, 793.9365435555628, 0.0, 0.0, 0.0, 361.11765890003744, 0.0, 0.0, 271.9188716383715, 0.0, 782.7665304250824, 0.0, 279.13173726832315, 0.0, 0.0]
INFORMACIÓN : 3apuestaBundle [775.2371611759978, 772.1524344392766, 262.77732264853665, 89.08478019065095, 51.656755424389374]
INFORMACIÓN : 3positionsBundle [1028, 1280, 2216, 859, 887]
INFORMACIÓN : 3levelsBundle [3, 3, 2, 2, 2]
INFORMACIÓN : 3positionsOrdered [859, 1280, 1028, 2216, 887]
INFORMACIÓN : 3levelsOrdered [2, 3, 3, 2, 2]
INFORMACIÓN : 3partialityOrdered [2, 3, 3, 2, 2]
INFORMACIÓN : 3arrivalTimes [7.658439036788528, 34.72793085377222, 48.905968529969016, 85.83639027939789, 120.04165303237204]
INFORMACIÓN : 4historia0[0.0, 0.0, 0.0, 0.0, 0.0, 0.0, 0.0, 0.0, 0.0, 0.0, 0.0, 0.0, 0.0, 0.0, 0.0, 803.3400396790485, 0.0, 0.0, 0.0, 0.0, 0.0, 0.0, 0.0, 787.4490116878417, 0.0, 0.0, 0.0, 0.0, 271.1143586238031, 0.0, 0.0, 0.0, 0.0, 0.0, 0.0, 0.0, 262.77732264853665, 0.0, 0.0, 0.0, 0.0, 0.0, 0.0, 775.2371611759978, 0.0, 0.0, 0.0, 0.0, 0.0, 0.0, 159.95490248532775, 0.0, 0.0, 292.09464373722835, 0.0, 0.0, 772.1524344392766, 0.0, 0.0, 195.2752789906408, 0.0, 0.0, 791.8167017547694, 0.0, 812.2387426480036, 267.1482949958595, 0.0, 255.68267086498892, 0.0, 0.0, 0.0, 157.60136768574284, 799.2602194053385, 269.7297969782022, 0.0, 0.0, 0.0, 0.0, 0.0, 240.29852937295368, 809.0642358671976, 0.0, 153.97295090332906, 0.0, 270.6942945827235, 0.0, 0.0, 0.0, 0.0, 51.656755424389374, 0.0, 0.0, 0.0, 0.0, 0.0, 0.0, 0.0, 0.0, 0.0, 787.619629294843, 0.0, 0.0, 0.0, 767.900692456592, 0.0, 0.0, 158.98253829239184, 0.0, 0.0, 0.0, 0.0, 798.1637235097055, 0.0, 0.0, 0.0, 0.0, 0.0, 0.0, 0.0, 284.72837028472395, 0.0, 89.08478019065095, 0.0, 0.0, 0.0, 0.0, 0.0, 800.9501213478989, 0.0, 0.0, 0.0, 241.0695697257388, 0.0, 0.0, 0.0, 0.0, 190.56807571439163, 0.0, 170.59861128071094, 0.0, 0.0, 0.0, 0.0, 0.0, 0.0, 0.0, 0.0, 0.0, 0.0, 0.0, 0.0, 0.0, 0.0, 0.0, 0.0, 0.0, 793.9365435555628, 0.0, 0.0, 0.0, 0.0, 0.0, 0.0, 271.9188716383715, 0.0, 782.7665304250824, 0.0, 279.13173726832315, 0.0, 0.0]
INFORMACIÓN : 4apuestaBundle [775.2371611759978, 772.1524344392766, 262.77732264853665, 89.08478019065095, 51.656755424389374]
INFORMACIÓN : 4positionsBundle [1028, 1280, 2216, 859, 887]
INFORMACIÓN : 4levelsBundle [3, 3, 2, 2, 2]
INFORMACIÓN : 4positionsOrdered [859, 1280, 1028, 2216, 887]
INFORMACIÓN : 4levelsOrdered [2, 3, 3, 2, 2]
INFORMACIÓN : 4partialityOrdered [2, 3, 3, 2, 2]
INFORMACIÓN : 4arrivalTimes [7.658439036788528, 34.72793085377222, 48.905968529969016, 85.83639027939789, 120.04165303237204]
INFORMACIÓN : 5historia0[0.0, 0.0, 0.0, 0.0, 0.0, 0.0, 0.0, 0.0, 0.0, 0.0, 0.0, 0.0, 0.0, 0.0, 0.0, 803.3400396790485, 0.0, 0.0, 0.0, 0.0, 0.0, 0.0, 0.0, 787.4490116878417, 0.0, 0.0, 0.0, 0.0, 271.1143586238031, 0.0, 0.0, 0.0, 0.0, 0.0, 0.0, 0.0, 262.77732264853665, 0.0, 0.0, 0.0, 0.0, 0.0, 0.0, 775.2371611759978, 0.0, 0.0, 0.0, 0.0, 0.0, 0.0, 159.95490248532775, 0.0, 0.0, 292.09464373722835, 0.0, 0.0, 772.1524344392766, 0.0, 0.0, 195.2752789906408, 0.0, 0.0, 791.8167017547694, 0.0, 812.2387426480036, 267.1482949958595, 0.0, 255.68267086498892, 0.0, 0.0, 0.0, 157.60136768574284, 799.2602194053385, 269.7297969782022, 0.0, 0.0, 0.0, 0.0, 0.0, 258.36642880226026, 809.0642358671976, 0.0, 153.97295090332906, 0.0, 270.6942945827235, 0.0, 0.0, 0.0, 0.0, 51.656755424389374, 0.0, 0.0, 0.0, 0.0, 0.0, 0.0, 0.0, 0.0, 0.0, 787.619629294843, 0.0, 0.0, 0.0, 767.900692456592, 0.0, 155.32001995135715, 158.98253829239184, 0.0, 0.0, 0.0, 0.0, 798.1637235097055, 0.0, 0.0, 0.0, 0.0, 157.3062095027072, 0.0, 0.0, 284.72837028472395, 0.0, 89.08478019065095, 0.0, 0.0, 0.0, 0.0, 0.0, 800.9501213478989, 0.0, 0.0, 0.0, 241.0695697257388, 0.0, 0.0, 0.0, 0.0, 190.56807571439163, 0.0, 170.59861128071094, 0.0, 0.0, 0.0, 0.0, 0.0, 0.0, 0.0, 0.0, 0.0, 0.0, 126.4518871146322, 0.0, 0.0, 0.0, 0.0, 0.0, 0.0, 793.9365435555628, 0.0, 0.0, 0.0, 0.0, 0.0, 0.0, 271.9188716383715, 0.0, 782.7665304250824, 0.0, 279.13173726832315, 0.0, 0.0]
INFORMACIÓN : 5apuestaBundle [775.2371611759978, 772.1524344392766, 262.77732264853665, 89.08478019065095, 51.656755424389374]
INFORMACIÓN : 5positionsBundle [1028, 1280, 2216, 859, 887]
INFORMACIÓN : 5levelsBundle [3, 3, 2, 2, 2]
INFORMACIÓN : 5positionsOrdered [859, 1280, 1028, 2216, 887]
INFORMACIÓN : 5levelsOrdered [2, 3, 3, 2, 2]
INFORMACIÓN : 5partialityOrdered [2, 3, 3, 2, 2]
INFORMACIÓN : 5arrivalTimes [7.658439036788528, 34.72793085377222, 48.905968529969016, 85.83639027939789, 120.04165303237204]
INFORMACIÓN : 6historia0[0.0, 0.0, 0.0, 0.0, 0.0, 0.0, 0.0, 0.0, 0.0, 0.0, 0.0, 0.0, 0.0, 0.0, 0.0, 803.3400396790485, 0.0, 0.0, 0.0, 0.0, 0.0, 0.0, 0.0, 787.4490116878417, 0.0, 0.0, 0.0, 0.0, 271.1143586238031, 0.0, 0.0, 0.0, 0.0, 0.0, 0.0, 0.0, 262.77732264853665, 0.0, 0.0, 0.0, 0.0, 0.0, 0.0, 775.2371611759978, 0.0, 0.0, 0.0, 0.0, 0.0, 0.0, 159.95490248532775, 0.0, 0.0, 292.09464373722835, 0.0, 0.0, 772.1524344392766, 0.0, 0.0, 195.2752789906408, 0.0, 0.0, 791.8167017547694, 0.0, 812.2387426480036, 267.1482949958595, 0.0, 255.68267086498892, 0.0, 0.0, 0.0, 157.60136768574284, 799.2602194053385, 269.7297969782022, 0.0, 0.0, 0.0, 0.0, 0.0, 258.36642880226026, 809.0642358671976, 0.0, 153.97295090332906, 0.0, 270.6942945827235, 0.0, 0.0, 0.0, 0.0, 51.656755424389374, 0.0, 0.0, 0.0, 0.0, 0.0, 0.0, 0.0, 0.0, 0.0, 787.619629294843, 0.0, 0.0, 0.0, 767.900692456592, 0.0, 0.0, 158.98253829239184, 0.0, 0.0, 0.0, 0.0, 798.1637235097055, 0.0, 0.0, 0.0, 0.0, 167.67608298711684, 0.0, 0.0, 284.72837028472395, 0.0, 89.08478019065095, 0.0, 0.0, 0.0, 0.0, 0.0, 800.9501213478989, 0.0, 0.0, 0.0, 241.0695697257388, 0.0, 0.0, 0.0, 0.0, 190.56807571439163, 0.0, 170.59861128071094, 0.0, 0.0, 0.0, 0.0, 0.0, 0.0, 0.0, 0.0, 0.0, 0.0, 126.4518871146322, 0.0, 0.0, 0.0, 0.0, 0.0, 0.0, 793.9365435555628, 0.0, 0.0, 0.0, 0.0, 0.0, 0.0, 271.9188716383715, 0.0, 782.7665304250824, 0.0, 279.13173726832315, 0.0, 0.0]
INFORMACIÓN : 6apuestaBundle [775.2371611759978, 772.1524344392766, 262.77732264853665, 89.08478019065095, 51.656755424389374]
INFORMACIÓN : 6positionsBundle [1028, 1280, 2216, 859, 887]
INFORMACIÓN : 6levelsBundle [3, 3, 2, 2, 2]
INFORMACIÓN : 6positionsOrdered [859, 1280, 1028, 2216, 887]
INFORMACIÓN : 6levelsOrdered [2, 3, 3, 2, 2]
INFORMACIÓN : 6partialityOrdered [2, 3, 3, 2, 2]
INFORMACIÓN : 6arrivalTimes [7.658439036788528, 34.72793085377222, 48.905968529969016, 85.83639027939789, 120.04165303237204]
INFORMACIÓN : 7historia0[0.0, 0.0, 0.0, 0.0, 0.0, 0.0, 0.0, 0.0, 0.0, 0.0, 0.0, 0.0, 0.0, 0.0, 0.0, 803.3400396790485, 0.0, 0.0, 0.0, 0.0, 0.0, 0.0, 0.0, 787.4490116878417, 0.0, 0.0, 0.0, 0.0, 271.1143586238031, 0.0, 0.0, 0.0, 0.0, 0.0, 0.0, 0.0, 262.77732264853665, 0.0, 0.0, 0.0, 0.0, 0.0, 0.0, 775.2371611759978, 0.0, 0.0, 0.0, 0.0, 0.0, 0.0, 159.95490248532775, 0.0, 0.0, 292.09464373722835, 0.0, 0.0, 772.1524344392766, 0.0, 0.0, 195.2752789906408, 0.0, 0.0, 791.8167017547694, 0.0, 812.2387426480036, 267.1482949958595, 0.0, 255.68267086498892, 0.0, 0.0, 0.0, 157.60136768574284, 799.2602194053385, 269.7297969782022, 0.0, 0.0, 0.0, 0.0, 0.0, 258.36642880226026, 809.0642358671976, 0.0, 153.97295090332906, 0.0, 270.6942945827235, 0.0, 0.0, 0.0, 0.0, 51.656755424389374, 0.0, 0.0, 0.0, 0.0, 0.0, 0.0, 0.0, 0.0, 0.0, 787.619629294843, 0.0, 0.0, 0.0, 767.900692456592, 0.0, 161.02134586789816, 158.98253829239184, 0.0, 0.0, 0.0, 0.0, 798.1637235097055, 0.0, 0.0, 0.0, 0.0, 0.0, 0.0, 0.0, 284.72837028472395, 0.0, 89.08478019065095, 0.0, 0.0, 0.0, 0.0, 0.0, 800.9501213478989, 0.0, 0.0, 0.0, 241.0695697257388, 0.0, 0.0, 0.0, 0.0, 190.56807571439163, 0.0, 170.59861128071094, 0.0, 0.0, 0.0, 0.0, 0.0, 0.0, 0.0, 0.0, 0.0, 0.0, 126.4518871146322, 0.0, 0.0, 0.0, 0.0, 0.0, 0.0, 793.9365435555628, 0.0, 0.0, 0.0, 0.0, 0.0, 0.0, 271.9188716383715, 0.0, 782.7665304250824, 0.0, 279.13173726832315, 0.0, 0.0]
INFORMACIÓN : 7apuestaBundle [775.2371611759978, 772.1524344392766, 262.77732264853665, 89.08478019065095, 51.656755424389374]
INFORMACIÓN : 7positionsBundle [1028, 1280, 2216, 859, 887]
INFORMACIÓN : 7levelsBundle [3, 3, 2, 2, 2]
INFORMACIÓN : 7positionsOrdered [859, 1280, 1028, 2216, 887]
INFORMACIÓN : 7levelsOrdered [2, 3, 3, 2, 2]
INFORMACIÓN : 7partialityOrdered [2, 3, 3, 2, 2]
INFORMACIÓN : 7arrivalTimes [7.658439036788528, 34.72793085377222, 48.905968529969016, 85.83639027939789, 120.04165303237204]
INFORMACIÓN : 8historia0[0.0, 0.0, 0.0, 0.0, 0.0, 0.0, 0.0, 0.0, 0.0, 0.0, 0.0, 0.0, 0.0, 0.0, 0.0, 803.3400396790485, 0.0, 0.0, 0.0, 0.0, 0.0, 0.0, 0.0, 787.4490116878417, 0.0, 0.0, 0.0, 0.0, 271.1143586238031, 0.0, 0.0, 0.0, 0.0, 0.0, 0.0, 0.0, 262.77732264853665, 0.0, 0.0, 0.0, 0.0, 0.0, 0.0, 775.2371611759978, 0.0, 0.0, 0.0, 0.0, 0.0, 0.0, 159.95490248532775, 0.0, 0.0, 292.09464373722835, 0.0, 0.0, 772.1524344392766, 0.0, 0.0, 195.2752789906408, 0.0, 0.0, 791.8167017547694, 0.0, 812.2387426480036, 267.1482949958595, 0.0, 255.68267086498892, 0.0, 0.0, 0.0, 157.60136768574284, 799.2602194053385, 269.7297969782022, 0.0, 0.0, 0.0, 0.0, 0.0, 258.36642880226026, 809.0642358671976, 0.0, 153.97295090332906, 0.0, 270.6942945827235, 0.0, 0.0, 0.0, 0.0, 51.656755424389374, 0.0, 0.0, 0.0, 0.0, 0.0, 0.0, 0.0, 0.0, 0.0, 787.619629294843, 0.0, 0.0, 0.0, 767.900692456592, 0.0, 161.02134586789816, 158.98253829239184, 0.0, 0.0, 0.0, 0.0, 798.1637235097055, 0.0, 0.0, 0.0, 0.0, 0.0, 0.0, 0.0, 284.72837028472395, 0.0, 89.08478019065095, 0.0, 0.0, 0.0, 0.0, 0.0, 800.9501213478989, 0.0, 0.0, 0.0, 241.0695697257388, 0.0, 0.0, 0.0, 0.0, 190.56807571439163, 0.0, 170.59861128071094, 0.0, 0.0, 0.0, 0.0, 0.0, 0.0, 0.0, 0.0, 0.0, 0.0, 126.4518871146322, 0.0, 0.0, 0.0, 0.0, 0.0, 0.0, 793.9365435555628, 0.0, 0.0, 0.0, 0.0, 0.0, 0.0, 271.9188716383715, 0.0, 782.7665304250824, 0.0, 279.13173726832315, 0.0, 0.0]
INFORMACIÓN : 8apuestaBundle [775.2371611759978, 772.1524344392766, 262.77732264853665, 89.08478019065095, 51.656755424389374]
INFORMACIÓN : 8positionsBundle [1028, 1280, 2216, 859, 887]
INFORMACIÓN : 8levelsBundle [3, 3, 2, 2, 2]
INFORMACIÓN : 8positionsOrdered [859, 1280, 1028, 2216, 887]
INFORMACIÓN : 8levelsOrdered [2, 3, 3, 2, 2]
INFORMACIÓN : 8partialityOrdered [2, 3, 3, 2, 2]
INFORMACIÓN : 8arrivalTimes [7.658439036788528, 34.72793085377222, 48.905968529969016, 85.83639027939789, 120.04165303237204]
INFORMACIÓN : 9historia0[0.0, 0.0, 0.0, 0.0, 0.0, 0.0, 0.0, 0.0, 0.0, 0.0, 0.0, 0.0, 0.0, 0.0, 0.0, 803.3400396790485, 0.0, 0.0, 0.0, 0.0, 0.0, 0.0, 0.0, 787.4490116878417, 0.0, 0.0, 0.0, 0.0, 271.1143586238031, 0.0, 0.0, 0.0, 0.0, 0.0, 0.0, 0.0, 262.77732264853665, 0.0, 0.0, 0.0, 0.0, 0.0, 0.0, 775.2371611759978, 0.0, 0.0, 0.0, 0.0, 0.0, 0.0, 0.0, 0.0, 0.0, 292.09464373722835, 0.0, 0.0, 772.1524344392766, 0.0, 0.0, 195.2752789906408, 0.0, 0.0, 791.8167017547694, 0.0, 812.2387426480036, 267.1482949958595, 0.0, 255.68267086498892, 0.0, 0.0, 0.0, 0.0, 799.2602194053385, 269.7297969782022, 0.0, 0.0, 0.0, 0.0, 0.0, 258.36642880226026, 809.0642358671976, 0.0, 0.0, 0.0, 270.6942945827235, 0.0, 0.0, 0.0, 0.0, 51.656755424389374, 0.0, 0.0, 0.0, 0.0, 0.0, 0.0, 0.0, 0.0, 0.0, 787.619629294843, 0.0, 0.0, 0.0, 767.900692456592, 0.0, 161.02134586789816, 0.0, 0.0, 0.0, 0.0, 0.0, 0.0, 0.0, 0.0, 0.0, 0.0, 0.0, 0.0, 0.0, 284.72837028472395, 0.0, 89.08478019065095, 0.0, 0.0, 0.0, 0.0, 0.0, 800.9501213478989, 0.0, 0.0, 0.0, 241.0695697257388, 0.0, 0.0, 0.0, 0.0, 190.56807571439163, 0.0, 170.59861128071094, 0.0, 0.0, 0.0, 0.0, 0.0, 0.0, 0.0, 0.0, 0.0, 0.0, 126.4518871146322, 0.0, 0.0, 0.0, 0.0, 0.0, 0.0, 793.9365435555628, 0.0, 0.0, 0.0, 0.0, 0.0, 0.0, 271.9188716383715, 0.0, 782.7665304250824, 0.0, 279.13173726832315, 0.0, 0.0]
INFORMACIÓN : 9apuestaBundle [775.2371611759978, 772.1524344392766, 262.77732264853665, 89.08478019065095, 51.656755424389374]
INFORMACIÓN : 9positionsBundle [1028, 1280, 2216, 859, 887]
INFORMACIÓN : 9levelsBundle [3, 3, 2, 2, 2]
INFORMACIÓN : 9positionsOrdered [859, 1280, 1028, 2216, 887]
INFORMACIÓN : 9levelsOrdered [2, 3, 3, 2, 2]
INFORMACIÓN : 9partialityOrdered [2, 3, 3, 2, 2]
INFORMACIÓN : 9arrivalTimes [7.658439036788528, 34.72793085377222, 48.905968529969016, 85.83639027939789, 120.04165303237204]
INFORMACIÓN : I [AB]; lost Test.myBail@785edf07; POS 1280; sensors [IR, MW]; level 3 I paid 772.1524344392766in favour of30@(myturtles,myturtles,bug)@MK-18426 paid 777.0271995929622
INFORMACIÓN : 10historia0[0.0, 0.0, 0.0, 0.0, 0.0, 0.0, 0.0, 0.0, 0.0, 0.0, 0.0, 0.0, 0.0, 0.0, 0.0, 803.3400396790485, 0.0, 0.0, 0.0, 0.0, 0.0, 0.0, 0.0, 0.0, 0.0, 0.0, 0.0, 0.0, 271.1143586238031, 0.0, 0.0, 0.0, 0.0, 0.0, 0.0, 0.0, 0.0, 0.0, 0.0, 0.0, 0.0, 0.0, 0.0, 775.2371611759978, 0.0, 0.0, 0.0, 0.0, 0.0, 0.0, 0.0, 0.0, 0.0, 0.0, 0.0, 0.0, 777.0271995929622, 0.0, 0.0, 195.2752789906408, 0.0, 0.0, 791.8167017547694, 0.0, 812.2387426480036, 0.0, 0.0, 0.0, 0.0, 0.0, 0.0, 0.0, 799.2602194053385, 0.0, 0.0, 0.0, 0.0, 0.0, 0.0, 258.36642880226026, 809.0642358671976, 0.0, 0.0, 0.0, 0.0, 0.0, 0.0, 0.0, 0.0, 0.0, 0.0, 0.0, 0.0, 0.0, 0.0, 0.0, 759.468615450553, 0.0, 0.0, 787.619629294843, 0.0, 0.0, 0.0, 767.7286008536003, 0.0, 0.0, 0.0, 0.0, 0.0, 0.0, 0.0, 0.0, 0.0, 0.0, 0.0, 0.0, 167.84817459010856, 0.0, 0.0, 284.72837028472395, 0.0, 0.0, 0.0, 0.0, 0.0, 0.0, 0.0, 800.9501213478989, 0.0, 0.0, 0.0, 0.0, 0.0, 0.0, 0.0, 0.0, 0.0, 0.0, 0.0, 0.0, 0.0, 0.0, 0.0, 0.0, 779.0723752730842, 0.0, 0.0, 0.0, 0.0, 0.0, 0.0, 0.0, 0.0, 0.0, 0.0, 0.0, 793.9365435555628, 0.0, 0.0, 0.0, 0.0, 0.0, 0.0, 0.0, 0.0, 0.0, 0.0, 0.0, 0.0, 0.0]
INFORMACIÓN : 10apuestaBundle [775.2371611759978, 257.53705716624256, 180.82874121926454, 162.20083909216441, 60.153832814621815]
INFORMACIÓN : 10positionsBundle [1028, 2462, 716, 2161, 2216]
INFORMACIÓN : 10levelsBundle [3, 2, 1, 3, 1]
INFORMACIÓN : 10positionsOrdered [716, 1028, 2462, 2161, 2216]
INFORMACIÓN : 10levelsOrdered [1, 3, 2, 3, 1]
INFORMACIÓN : 10partialityOrdered [1, 3, 2, 3, 2]
INFORMACIÓN : 10arrivalTimes [15.20708397776972, 48.905968529969016, 82.02695885332741, 88.10972138362564, 93.20874089721842]
INFORMACIÓN : mutexSat position 2216 level 1
INFORMACIÓN : I [AB]; lost Test.myBail@536cbf27; POS 1028; sensors [IR, MW]; level 3 I paid 775.2371611759978in favour of30@(myturtles,myturtles,bug)@MK-18426 paid 775.6087844119361
INFORMACIÓN : 11historia0[0.0, 0.0, 0.0, 0.0, 0.0, 0.0, 0.0, 0.0, 0.0, 0.0, 0.0, 0.0, 0.0, 0.0, 0.0, 803.3400396790485, 0.0, 0.0, 0.0, 0.0, 0.0, 0.0, 0.0, 787.6117352694845, 0.0, 768.5335744465737, 0.0, 0.0, 0.0, 0.0, 0.0, 0.0, 0.0, 0.0, 0.0, 0.0, 287.523349039167, 0.0, 0.0, 0.0, 0.0, 0.0, 0.0, 775.6087844119361, 0.0, 0.0, 0.0, 0.0, 0.0, 0.0, 0.0, 0.0, 0.0, 292.09464373722835, 0.0, 0.0, 0.0, 0.0, 0.0, 0.0, 0.0, 0.0, 791.9795790006347, 0.0, 812.2387426480036, 0.0, 0.0, 0.0, 0.0, 0.0, 0.0, 0.0, 799.2602194053385, 269.7297969782022, 0.0, 0.0, 0.0, 0.0, 0.0, 258.36642880226026, 809.0642358671976, 0.0, 0.0, 0.0, 270.6942945827235, 0.0, 0.0, 0.0, 0.0, 0.0, 0.0, 0.0, 0.0, 0.0, 0.0, 0.0, 762.8400781254575, 0.0, 0.0, 787.619629294843, 0.0, 0.0, 0.0, 767.7286008536003, 0.0, 0.0, 0.0, 0.0, 0.0, 0.0, 0.0, 786.882679959197, 0.0, 0.0, 0.0, 0.0, 167.84817459010856, 0.0, 0.0, 285.30403625054237, 0.0, 0.0, 0.0, 0.0, 0.0, 0.0, 0.0, 800.9501213478989, 0.0, 0.0, 0.0, 0.0, 0.0, 0.0, 0.0, 0.0, 0.0, 0.0, 0.0, 769.4673968949867, 0.0, 0.0, 0.0, 0.0, 0.0, 0.0, 0.0, 0.0, 0.0, 0.0, 0.0, 0.0, 0.0, 0.0, 0.0, 0.0, 793.9365435555628, 0.0, 0.0, 0.0, 0.0, 0.0, 0.0, 271.9188716383715, 0.0, 797.1804215813274, 0.0, 0.0, 0.0, 0.0]
INFORMACIÓN : 11apuestaBundle [772.3151951772525, 768.763868595669, 252.8079510527618, 176.99985492770054, 165.67236810202155]
INFORMACIÓN : 11positionsBundle [1280, 1630, 1933, 716, 2161]
INFORMACIÓN : 11levelsBundle [3, 3, 2, 1, 3]
INFORMACIÓN : 11positionsOrdered [1280, 1630, 1933, 716, 2161]
INFORMACIÓN : 11levelsOrdered [3, 3, 2, 1, 3]
INFORMACIÓN : 11partialityOrdered [3, 3, 2, 1, 3]
INFORMACIÓN : 11arrivalTimes [30.72793085377222, 41.21273841180613, 53.54217512893979, 82.95305746864527, 112.38093540776958]
INFORMACIÓN : I [AB]; lost Test.myBail@35a2b8a6; POS 1933; sensors [IR]; level 2 I paid 252.8079510527618in favour of30@(myturtles,myturtles,bug)@MK-18426 paid 266.22425716779253
INFORMACIÓN : 12historia0[0.0, 0.0, 0.0, 0.0, 266.22425716779253, 0.0, 0.0, 0.0, 0.0, 0.0, 0.0, 0.0, 0.0, 0.0, 0.0, 803.3400396790485, 0.0, 0.0, 0.0, 0.0, 0.0, 0.0, 0.0, 787.6117352694845, 0.0, 0.0, 0.0, 0.0, 281.15840206935377, 38.17241903982392, 0.0, 0.0, 0.0, 0.0, 0.0, 0.0, 287.523349039167, 0.0, 0.0, 0.0, 0.0, 0.0, 0.0, 0.0, 0.0, 0.0, 0.0, 0.0, 0.0, 0.0, 0.0, 0.0, 283.39081773798983, 292.09464373722835, 0.0, 0.0, 772.3151951772525, 0.0, 275.6085162473689, 0.0, 0.0, 0.0, 795.02027163655, 0.0, 812.2387426480036, 0.0, 0.0, 0.0, 0.0, 0.0, 0.0, 0.0, 799.2602194053385, 269.7297969782022, 0.0, 0.0, 0.0, 0.0, 0.0, 258.36642880226026, 809.0642358671976, 0.0, 0.0, 0.0, 270.6942945827235, 0.0, 0.0, 0.0, 0.0, 43.0736473913944, 0.0, 0.0, 0.0, 0.0, 0.0, 0.0, 762.8400781254575, 0.0, 0.0, 787.619629294843, 0.0, 0.0, 0.0, 767.7286008536003, 0.0, 161.19343747088988, 0.0, 0.0, 0.0, 0.0, 0.0, 0.0, 0.0, 0.0, 0.0, 0.0, 0.0, 0.0, 0.0, 0.0, 0.0, 56.15060400616193, 0.0, 0.0, 0.0, 0.0, 0.0, 800.9501213478989, 0.0, 0.0, 0.0, 0.0, 0.0, 0.0, 0.0, 0.0, 193.09558821189506, 0.0, 0.0, 769.4673968949867, 0.0, 0.0, 38.17241903982392, 0.0, 768.763868595669, 0.0, 0.0, 0.0, 0.0, 0.0, 0.0, 0.0, 0.0, 0.0, 0.0, 0.0, 793.9365435555628, 0.0, 0.0, 0.0, 0.0, 0.0, 0.0, 271.9188716383715, 0.0, 797.1804215813274, 0.0, 0.0, 0.0, 0.0]
INFORMACIÓN : 12apuestaBundle [772.3151951772525, 768.763868595669, 89.08478019065095, 51.656755424389374]
INFORMACIÓN : 12positionsBundle [1280, 1630, 859, 887]
INFORMACIÓN : 12levelsBundle [3, 3, 2, 2]
INFORMACIÓN : 12positionsOrdered [859, 1280, 1630, 887]
INFORMACIÓN : 12levelsOrdered [2, 3, 3, 2]
INFORMACIÓN : 12partialityOrdered [2, 3, 3, 2]
INFORMACIÓN : 12arrivalTimes [7.658439036788528, 30.72793085377222, 41.21273841180613, 57.76568376905298]
INFORMACIÓN : I [AB]; lost Test.myBail@2b4ec08d; POS 859; sensors [MW]; level 2 I paid 89.08478019065095in favour of24@(myturtles,myturtles,bug)@MK-18426 paid 56.15060400616193
INFORMACIÓN : 13historia0[0.0, 0.0, 0.0, 0.0, 266.22425716779253, 0.0, 0.0, 0.0, 0.0, 0.0, 0.0, 0.0, 0.0, 0.0, 0.0, 803.3400396790485, 0.0, 0.0, 0.0, 0.0, 0.0, 0.0, 0.0, 787.6117352694845, 0.0, 0.0, 0.0, 0.0, 281.15840206935377, 0.0, 0.0, 0.0, 0.0, 0.0, 0.0, 0.0, 287.523349039167, 0.0, 0.0, 0.0, 0.0, 0.0, 0.0, 0.0, 0.0, 0.0, 0.0, 0.0, 0.0, 0.0, 0.0, 0.0, 0.0, 292.09464373722835, 0.0, 0.0, 772.3151951772525, 0.0, 275.6085162473689, 195.2752789906408, 0.0, 0.0, 795.02027163655, 0.0, 812.2387426480036, 0.0, 0.0, 0.0, 0.0, 0.0, 0.0, 176.88607863499556, 799.2602194053385, 269.7297969782022, 37.951563662390186, 0.0, 0.0, 0.0, 0.0, 258.36642880226026, 809.0642358671976, 0.0, 0.0, 0.0, 270.6942945827235, 0.0, 0.0, 0.0, 0.0, 43.0736473913944, 0.0, 0.0, 0.0, 0.0, 0.0, 0.0, 762.8400781254575, 0.0, 0.0, 787.619629294843, 0.0, 0.0, 0.0, 767.7286008536003, 0.0, 161.19343747088988, 171.1989213786345, 0.0, 0.0, 0.0, 0.0, 0.0, 0.0, 0.0, 174.8706950164727, 0.0, 0.0, 0.0, 0.0, 285.30403625054237, 0.0, 56.15060400616193, 0.0, 0.0, 0.0, 0.0, 0.0, 800.9501213478989, 0.0, 0.0, 0.0, 0.0, 0.0, 0.0, 0.0, 0.0, 193.09558821189506, 0.0, 170.59861128071094, 769.4673968949867, 0.0, 0.0, 0.0, 0.0, 768.763868595669, 0.0, 0.0, 0.0, 0.0, 0.0, 0.0, 0.0, 0.0, 0.0, 0.0, 0.0, 793.9365435555628, 0.0, 0.0, 0.0, 0.0, 0.0, 0.0, 271.9188716383715, 0.0, 797.1804215813274, 0.0, 0.0, 0.0, 0.0]
INFORMACIÓN : 13apuestaBundle [772.3151951772525, 768.763868595669, 176.99985492770054, 51.656755424389374]
INFORMACIÓN : 13positionsBundle [1280, 1630, 716, 887]
INFORMACIÓN : 13levelsBundle [3, 3, 1, 2]
INFORMACIÓN : 13positionsOrdered [1280, 1630, 716, 887]
INFORMACIÓN : 13levelsOrdered [3, 3, 1, 2]
INFORMACIÓN : 13partialityOrdered [3, 3, 1, 2]
INFORMACIÓN : 13arrivalTimes [30.72793085377222, 41.21273841180613, 64.01624691378889, 85.22945034938532]
INFORMACIÓN : 14historia0[0.0, 0.0, 0.0, 0.0, 266.22425716779253, 0.0, 0.0, 0.0, 0.0, 0.0, 0.0, 0.0, 0.0, 0.0, 0.0, 803.3400396790485, 0.0, 0.0, 0.0, 0.0, 0.0, 0.0, 0.0, 787.6117352694845, 0.0, 0.0, 0.0, 0.0, 281.15840206935377, 0.0, 0.0, 0.0, 0.0, 0.0, 0.0, 0.0, 287.523349039167, 0.0, 0.0, 0.0, 0.0, 0.0, 0.0, 0.0, 0.0, 0.0, 0.0, 0.0, 0.0, 0.0, 0.0, 0.0, 0.0, 292.09464373722835, 0.0, 0.0, 772.3151951772525, 0.0, 275.6085162473689, 195.2752789906408, 0.0, 0.0, 795.02027163655, 0.0, 812.2387426480036, 0.0, 0.0, 0.0, 0.0, 0.0, 0.0, 176.88607863499556, 799.2602194053385, 269.7297969782022, 0.0, 0.0, 0.0, 0.0, 0.0, 258.36642880226026, 809.0642358671976, 0.0, 147.73489957495525, 0.0, 270.6942945827235, 0.0, 0.0, 0.0, 0.0, 51.656755424389374, 0.0, 0.0, 0.0, 0.0, 0.0, 0.0, 762.8400781254575, 0.0, 0.0, 787.619629294843, 0.0, 0.0, 0.0, 767.7286008536003, 0.0, 161.19343747088988, 171.1989213786345, 0.0, 0.0, 0.0, 0.0, 0.0, 0.0, 0.0, 174.8706950164727, 0.0, 0.0, 0.0, 0.0, 285.30403625054237, 0.0, 0.0, 0.0, 0.0, 0.0, 0.0, 0.0, 800.9501213478989, 0.0, 0.0, 0.0, 0.0, 0.0, 0.0, 0.0, 0.0, 193.09558821189506, 0.0, 176.99985492770054, 769.4673968949867, 0.0, 0.0, 0.0, 0.0, 768.763868595669, 0.0, 0.0, 0.0, 0.0, 126.4518871146322, 0.0, 0.0, 0.0, 0.0, 0.0, 0.0, 793.9365435555628, 0.0, 0.0, 0.0, 0.0, 0.0, 0.0, 271.9188716383715, 0.0, 797.1804215813274, 0.0, 0.0, 0.0, 0.0]
INFORMACIÓN : 14apuestaBundle [772.3151951772525, 768.763868595669, 176.99985492770054, 51.656755424389374, 21.109647586575115]
INFORMACIÓN : 14positionsBundle [1280, 1630, 716, 887, 859]
INFORMACIÓN : 14levelsBundle [3, 3, 1, 2, 1]
INFORMACIÓN : 14positionsOrdered [859, 1280, 1630, 716, 887]
INFORMACIÓN : 14levelsOrdered [1, 3, 3, 1, 2]
INFORMACIÓN : 14partialityOrdered [2, 3, 3, 1, 2]
INFORMACIÓN : 14arrivalTimes [7.658439036788528, 30.72793085377222, 41.21273841180613, 64.01624691378889, 85.22945034938532]
INFORMACIÓN : mutexSat position 859 level 1
INFORMACIÓN : I [AB]; lost Test.myBail@69842e21; POS 859; sensors []; level 1 I paid 21.109647586575115in favour ofnull paid 21.109647586575115
INFORMACIÓN : 15historia0[0.0, 0.0, 0.0, 0.0, 266.22425716779253, 0.0, 0.0, 0.0, 0.0, 0.0, 0.0, 0.0, 0.0, 0.0, 0.0, 803.3400396790485, 0.0, 0.0, 0.0, 0.0, 0.0, 0.0, 0.0, 787.6117352694845, 0.0, 0.0, 0.0, 0.0, 281.15840206935377, 0.0, 0.0, 0.0, 0.0, 0.0, 0.0, 0.0, 287.523349039167, 0.0, 0.0, 0.0, 0.0, 0.0, 0.0, 0.0, 0.0, 0.0, 0.0, 0.0, 0.0, 0.0, 0.0, 0.0, 0.0, 292.09464373722835, 0.0, 0.0, 772.3151951772525, 0.0, 275.6085162473689, 195.2752789906408, 0.0, 0.0, 795.02027163655, 0.0, 812.2387426480036, 0.0, 0.0, 0.0, 0.0, 0.0, 0.0, 176.88607863499556, 799.2602194053385, 269.7297969782022, 0.0, 0.0, 0.0, 0.0, 0.0, 258.36642880226026, 809.0642358671976, 0.0, 147.73489957495525, 0.0, 270.6942945827235, 0.0, 0.0, 0.0, 0.0, 51.656755424389374, 0.0, 0.0, 0.0, 0.0, 0.0, 0.0, 762.8400781254575, 0.0, 0.0, 787.619629294843, 0.0, 0.0, 0.0, 767.7286008536003, 0.0, 161.19343747088988, 171.1989213786345, 0.0, 0.0, 0.0, 0.0, 0.0, 0.0, 0.0, 174.8706950164727, 0.0, 0.0, 0.0, 0.0, 285.30403625054237, 0.0, 75.5268018979126, 0.0, 0.0, 0.0, 0.0, 0.0, 800.9501213478989, 0.0, 0.0, 0.0, 0.0, 0.0, 0.0, 0.0, 0.0, 193.09558821189506, 0.0, 176.99985492770054, 769.4673968949867, 0.0, 0.0, 0.0, 0.0, 768.763868595669, 0.0, 0.0, 0.0, 0.0, 126.4518871146322, 0.0, 0.0, 0.0, 0.0, 0.0, 0.0, 793.9365435555628, 0.0, 0.0, 0.0, 0.0, 0.0, 0.0, 271.9188716383715, 0.0, 797.1804215813274, 0.0, 0.0, 0.0, 0.0]
INFORMACIÓN : 15apuestaBundle [772.3151951772525, 768.763868595669, 176.99985492770054, 51.656755424389374]
INFORMACIÓN : 15positionsBundle [1280, 1630, 716, 887]
INFORMACIÓN : 15levelsBundle [3, 3, 1, 2]
INFORMACIÓN : 15positionsOrdered [1280, 1630, 716, 887]
INFORMACIÓN : 15levelsOrdered [3, 3, 1, 2]
INFORMACIÓN : 15partialityOrdered [3, 3, 1, 2]
INFORMACIÓN : 15arrivalTimes [30.72793085377222, 41.21273841180613, 64.01624691378889, 85.22945034938532]
INFORMACIÓN : 16historia0[0.0, 0.0, 0.0, 0.0, 266.22425716779253, 0.0, 0.0, 0.0, 0.0, 0.0, 0.0, 0.0, 0.0, 0.0, 0.0, 803.3400396790485, 0.0, 0.0, 0.0, 0.0, 0.0, 0.0, 0.0, 787.6117352694845, 0.0, 0.0, 0.0, 0.0, 281.15840206935377, 0.0, 0.0, 0.0, 0.0, 0.0, 0.0, 0.0, 287.523349039167, 0.0, 0.0, 0.0, 0.0, 0.0, 0.0, 0.0, 0.0, 0.0, 0.0, 0.0, 0.0, 0.0, 0.0, 0.0, 0.0, 292.09464373722835, 0.0, 0.0, 772.3151951772525, 0.0, 275.6085162473689, 195.2752789906408, 0.0, 0.0, 795.02027163655, 0.0, 812.2387426480036, 0.0, 0.0, 0.0, 0.0, 0.0, 0.0, 176.88607863499556, 799.2602194053385, 269.7297969782022, 0.0, 0.0, 0.0, 0.0, 0.0, 258.36642880226026, 809.0642358671976, 0.0, 147.73489957495525, 0.0, 270.6942945827235, 0.0, 0.0, 0.0, 0.0, 51.656755424389374, 0.0, 0.0, 0.0, 0.0, 0.0, 0.0, 762.8400781254575, 0.0, 0.0, 787.619629294843, 0.0, 0.0, 0.0, 767.7286008536003, 0.0, 161.19343747088988, 171.1989213786345, 0.0, 0.0, 0.0, 0.0, 0.0, 0.0, 0.0, 174.8706950164727, 0.0, 0.0, 0.0, 0.0, 285.30403625054237, 0.0, 75.5268018979126, 0.0, 0.0, 0.0, 0.0, 0.0, 800.9501213478989, 0.0, 0.0, 0.0, 0.0, 0.0, 0.0, 0.0, 0.0, 193.09558821189506, 0.0, 176.99985492770054, 769.4673968949867, 0.0, 0.0, 0.0, 0.0, 768.763868595669, 0.0, 0.0, 0.0, 0.0, 126.4518871146322, 0.0, 0.0, 0.0, 0.0, 0.0, 0.0, 793.9365435555628, 0.0, 0.0, 0.0, 0.0, 0.0, 0.0, 271.9188716383715, 0.0, 797.1804215813274, 0.0, 0.0, 0.0, 0.0]
INFORMACIÓN : 16apuestaBundle [772.3151951772525, 768.763868595669, 176.99985492770054, 51.656755424389374]
INFORMACIÓN : 16positionsBundle [1280, 1630, 716, 887]
INFORMACIÓN : 16levelsBundle [3, 3, 1, 2]
INFORMACIÓN : 16positionsOrdered [1280, 1630, 716, 887]
INFORMACIÓN : 16levelsOrdered [3, 3, 1, 2]
INFORMACIÓN : 16partialityOrdered [3, 3, 1, 2]
INFORMACIÓN : 16arrivalTimes [30.72793085377222, 41.21273841180613, 64.01624691378889, 85.22945034938532]
INFORMACIÓN : 17historia0[0.0, 0.0, 0.0, 0.0, 266.22425716779253, 0.0, 0.0, 0.0, 0.0, 0.0, 0.0, 0.0, 0.0, 0.0, 0.0, 803.3400396790485, 0.0, 0.0, 0.0, 0.0, 0.0, 0.0, 0.0, 787.6117352694845, 0.0, 0.0, 0.0, 0.0, 281.15840206935377, 0.0, 0.0, 0.0, 0.0, 0.0, 0.0, 0.0, 287.523349039167, 0.0, 0.0, 0.0, 0.0, 0.0, 0.0, 0.0, 0.0, 0.0, 0.0, 0.0, 0.0, 0.0, 0.0, 0.0, 0.0, 292.09464373722835, 0.0, 0.0, 772.3151951772525, 0.0, 275.6085162473689, 195.2752789906408, 0.0, 0.0, 795.02027163655, 0.0, 812.2387426480036, 0.0, 0.0, 0.0, 0.0, 0.0, 0.0, 176.88607863499556, 799.2602194053385, 269.7297969782022, 0.0, 0.0, 0.0, 0.0, 0.0, 258.36642880226026, 809.0642358671976, 0.0, 147.73489957495525, 0.0, 270.6942945827235, 0.0, 0.0, 0.0, 0.0, 51.656755424389374, 0.0, 0.0, 0.0, 0.0, 0.0, 0.0, 762.8400781254575, 0.0, 0.0, 787.619629294843, 0.0, 0.0, 0.0, 767.7286008536003, 0.0, 161.19343747088988, 171.1989213786345, 0.0, 0.0, 0.0, 0.0, 0.0, 0.0, 0.0, 174.8706950164727, 0.0, 0.0, 0.0, 0.0, 285.30403625054237, 0.0, 75.5268018979126, 0.0, 0.0, 0.0, 0.0, 0.0, 800.9501213478989, 0.0, 0.0, 0.0, 0.0, 0.0, 0.0, 0.0, 0.0, 193.09558821189506, 0.0, 176.99985492770054, 769.4673968949867, 0.0, 0.0, 0.0, 0.0, 768.763868595669, 0.0, 0.0, 0.0, 0.0, 126.4518871146322, 0.0, 0.0, 0.0, 0.0, 0.0, 0.0, 793.9365435555628, 0.0, 0.0, 0.0, 0.0, 0.0, 0.0, 271.9188716383715, 0.0, 797.1804215813274, 0.0, 0.0, 0.0, 0.0]
INFORMACIÓN : 17apuestaBundle [772.3151951772525, 768.763868595669, 176.99985492770054, 51.656755424389374]
INFORMACIÓN : 17positionsBundle [1280, 1630, 716, 887]
INFORMACIÓN : 17levelsBundle [3, 3, 1, 2]
INFORMACIÓN : 17positionsOrdered [1280, 1630, 716, 887]
INFORMACIÓN : 17levelsOrdered [3, 3, 1, 2]
INFORMACIÓN : 17partialityOrdered [3, 3, 1, 2]
INFORMACIÓN : 17arrivalTimes [30.72793085377222, 41.21273841180613, 64.01624691378889, 85.22945034938532]
INFORMACIÓN : 18historia0[0.0, 0.0, 0.0, 0.0, 266.22425716779253, 0.0, 0.0, 0.0, 0.0, 0.0, 0.0, 0.0, 0.0, 0.0, 0.0, 803.3400396790485, 0.0, 0.0, 0.0, 0.0, 0.0, 0.0, 0.0, 787.6117352694845, 0.0, 0.0, 0.0, 0.0, 281.15840206935377, 0.0, 0.0, 0.0, 0.0, 0.0, 0.0, 0.0, 287.523349039167, 0.0, 0.0, 0.0, 0.0, 0.0, 0.0, 0.0, 0.0, 0.0, 0.0, 0.0, 0.0, 0.0, 0.0, 0.0, 0.0, 292.09464373722835, 0.0, 0.0, 772.3151951772525, 0.0, 275.6085162473689, 195.2752789906408, 0.0, 0.0, 795.02027163655, 0.0, 812.2387426480036, 0.0, 0.0, 0.0, 0.0, 0.0, 0.0, 176.88607863499556, 799.2602194053385, 269.7297969782022, 0.0, 0.0, 0.0, 0.0, 0.0, 258.36642880226026, 809.0642358671976, 0.0, 147.73489957495525, 0.0, 270.6942945827235, 0.0, 0.0, 0.0, 0.0, 51.656755424389374, 0.0, 0.0, 0.0, 0.0, 0.0, 0.0, 762.8400781254575, 0.0, 0.0, 787.619629294843, 0.0, 0.0, 0.0, 767.7286008536003, 0.0, 161.19343747088988, 171.1989213786345, 0.0, 0.0, 0.0, 0.0, 0.0, 0.0, 0.0, 174.8706950164727, 0.0, 0.0, 0.0, 0.0, 285.30403625054237, 0.0, 75.5268018979126, 0.0, 0.0, 0.0, 0.0, 0.0, 800.9501213478989, 0.0, 0.0, 0.0, 0.0, 0.0, 0.0, 0.0, 0.0, 193.09558821189506, 0.0, 176.99985492770054, 769.4673968949867, 0.0, 0.0, 0.0, 0.0, 768.763868595669, 0.0, 0.0, 0.0, 0.0, 126.4518871146322, 0.0, 0.0, 0.0, 0.0, 0.0, 0.0, 793.9365435555628, 0.0, 0.0, 0.0, 0.0, 0.0, 0.0, 271.9188716383715, 0.0, 797.1804215813274, 0.0, 0.0, 0.0, 0.0]
INFORMACIÓN : 18apuestaBundle [772.3151951772525, 768.763868595669, 176.99985492770054, 51.656755424389374]
INFORMACIÓN : 18positionsBundle [1280, 1630, 716, 887]
INFORMACIÓN : 18levelsBundle [3, 3, 1, 2]
INFORMACIÓN : 18positionsOrdered [1280, 1630, 716, 887]
INFORMACIÓN : 18levelsOrdered [3, 3, 1, 2]
INFORMACIÓN : 18partialityOrdered [3, 3, 1, 2]
INFORMACIÓN : 18arrivalTimes [30.72793085377222, 41.21273841180613, 64.01624691378889, 85.22945034938532]
INFORMACIÓN : I [AB]; lost Test.myBail@785edf07; POS 1280; sensors [IR, MW]; level 3 I paid 772.3151951772525in favour of30@(myturtles,myturtles,bug)@MK-18426 paid 777.10859822797
INFORMACIÓN : 19historia0[0.0, 0.0, 0.0, 0.0, 0.0, 0.0, 0.0, 0.0, 0.0, 0.0, 0.0, 0.0, 0.0, 0.0, 0.0, 803.3400396790485, 0.0, 0.0, 0.0, 0.0, 0.0, 0.0, 0.0, 787.6117352694845, 0.0, 0.0, 0.0, 0.0, 281.15840206935377, 0.0, 0.0, 0.0, 0.0, 0.0, 0.0, 0.0, 0.0, 0.0, 0.0, 0.0, 0.0, 0.0, 0.0, 0.0, 0.0, 0.0, 0.0, 0.0, 0.0, 0.0, 0.0, 0.0, 0.0, 0.0, 0.0, 0.0, 777.10859822797, 0.0, 275.6085162473689, 195.2752789906408, 0.0, 0.0, 795.02027163655, 0.0, 812.2387426480036, 0.0, 0.0, 241.3255362525665, 0.0, 0.0, 0.0, 176.88607863499556, 799.2602194053385, 0.0, 0.0, 0.0, 0.0, 0.0, 0.0, 0.0, 809.0642358671976, 0.0, 147.73489957495525, 0.0, 0.0, 0.0, 0.0, 0.0, 0.0, 0.0, 0.0, 0.0, 0.0, 0.0, 0.0, 0.0, 762.8400781254575, 0.0, 0.0, 787.619629294843, 0.0, 0.0, 0.0, 767.7495538448957, 0.0, 0.0, 171.1989213786345, 0.0, 0.0, 0.0, 0.0, 0.0, 0.0, 0.0, 174.8706950164727, 0.0, 0.0, 0.0, 0.0, 285.30403625054237, 0.0, 0.0, 0.0, 0.0, 0.0, 0.0, 0.0, 800.9501213478989, 0.0, 0.0, 0.0, 240.94846849923852, 0.0, 0.0, 0.0, 0.0, 0.0, 0.0, 0.0, 769.4673968949867, 0.0, 0.0, 0.0, 0.0, 779.0933369155113, 0.0, 0.0, 0.0, 0.0, 126.4518871146322, 0.0, 0.0, 0.0, 0.0, 0.0, 0.0, 793.9365435555628, 0.0, 0.0, 0.0, 0.0, 0.0, 0.0, 0.0, 0.0, 797.1804215813274, 0.0, 0.0, 0.0, 0.0]
INFORMACIÓN : 19apuestaBundle [775.3184906440785, 755.5609754503892, 262.3284396216242, 257.5674951925447, 180.82874121926454]
INFORMACIÓN : 19positionsBundle [1028, 1838, 1281, 2462, 716]
INFORMACIÓN : 19levelsBundle [3, 3, 2, 2, 1]
INFORMACIÓN : 19positionsOrdered [1281, 1028, 1838, 2462, 716]
INFORMACIÓN : 19levelsOrdered [2, 3, 3, 2, 1]
INFORMACIÓN : 19partialityOrdered [2, 3, 3, 2, 1]
INFORMACIÓN : 19arrivalTimes [30.154233205911016, 46.905968529969016, 65.77393079408222, 94.84281450157948, 130.07064440919655]
INFORMACIÓN : I [AB]; lost Test.myBail@28eb4cc5; POS 1838; sensors [IR, MW]; level 3 I paid 755.5609754503892in favour of30@(myturtles,myturtles,bug)@MK-18426 paid 767.237573056643
INFORMACIÓN : 20historia0[0.0, 0.0, 0.0, 0.0, 0.0, 0.0, 0.0, 0.0, 0.0, 0.0, 0.0, 0.0, 0.0, 0.0, 0.0, 803.3400396790485, 0.0, 0.0, 0.0, 0.0, 0.0, 0.0, 0.0, 787.6117352694845, 0.0, 767.237573056643, 0.0, 0.0, 0.0, 0.0, 0.0, 0.0, 0.0, 0.0, 0.0, 0.0, 0.0, 0.0, 0.0, 0.0, 0.0, 0.0, 0.0, 775.3184906440785, 0.0, 0.0, 0.0, 0.0, 0.0, 0.0, 0.0, 0.0, 283.39081773798983, 280.79348251914985, 0.0, 0.0, 0.0, 0.0, 275.6085162473689, 0.0, 0.0, 0.0, 795.02027163655, 0.0, 812.2387426480036, 0.0, 0.0, 241.3255362525665, 0.0, 0.0, 0.0, 176.88607863499556, 799.2602194053385, 0.0, 0.0, 0.0, 0.0, 0.0, 0.0, 248.10436622995974, 809.0642358671976, 0.0, 147.73489957495525, 0.0, 0.0, 0.0, 0.0, 0.0, 0.0, 0.0, 0.0, 0.0, 0.0, 0.0, 0.0, 0.0, 762.8400781254575, 0.0, 0.0, 787.619629294843, 0.0, 0.0, 0.0, 781.8668475997827, 0.0, 185.07795159727857, 171.1989213786345, 0.0, 0.0, 0.0, 0.0, 786.328966639679, 0.0, 0.0, 174.8706950164727, 0.0, 184.75566136063935, 0.0, 0.0, 285.30403625054237, 0.0, 0.0, 0.0, 0.0, 0.0, 0.0, 0.0, 800.9501213478989, 0.0, 0.0, 0.0, 240.94846849923852, 0.0, 0.0, 0.0, 0.0, 0.0, 0.0, 0.0, 769.4673968949867, 0.0, 0.0, 0.0, 0.0, 0.0, 0.0, 0.0, 0.0, 0.0, 126.4518871146322, 0.0, 0.0, 0.0, 0.0, 0.0, 0.0, 793.9365435555628, 0.0, 0.0, 0.0, 0.0, 0.0, 0.0, 0.0, 0.0, 797.1804215813274, 0.0, 0.0, 0.0, 0.0]
INFORMACIÓN : 20apuestaBundle [775.3184906440785, 772.3151951772525, 180.82874121926454, 162.2211402843551, 89.08478019065095]
INFORMACIÓN : 20positionsBundle [1028, 1280, 716, 2161, 859]
INFORMACIÓN : 20levelsBundle [3, 3, 1, 3, 2]
INFORMACIÓN : 20positionsOrdered [859, 1280, 1028, 716, 2161]
INFORMACIÓN : 20levelsOrdered [2, 3, 3, 1, 3]
INFORMACIÓN : 20partialityOrdered [2, 3, 3, 1, 3]
INFORMACIÓN : 20arrivalTimes [7.658439036788528, 30.72793085377222, 46.905968529969016, 60.322376394967755, 89.75025433409208]
INFORMACIÓN : 21historia0[0.0, 0.0, 0.0, 0.0, 0.0, 0.0, 0.0, 0.0, 0.0, 0.0, 0.0, 0.0, 0.0, 0.0, 0.0, 803.3400396790485, 0.0, 0.0, 0.0, 0.0, 0.0, 0.0, 0.0, 787.6117352694845, 0.0, 767.237573056643, 0.0, 0.0, 0.0, 0.0, 0.0, 0.0, 0.0, 0.0, 0.0, 0.0, 0.0, 0.0, 0.0, 0.0, 0.0, 0.0, 0.0, 775.3184906440785, 0.0, 0.0, 0.0, 0.0, 0.0, 0.0, 0.0, 0.0, 283.39081773798983, 280.79348251914985, 0.0, 0.0, 772.3151951772525, 0.0, 275.6085162473689, 170.26712942197415, 0.0, 0.0, 795.02027163655, 0.0, 812.2387426480036, 0.0, 0.0, 0.0, 0.0, 0.0, 0.0, 176.88607863499556, 799.2602194053385, 268.53650601979643, 46.147079996177766, 0.0, 0.0, 0.0, 0.0, 248.10436622995974, 809.0642358671976, 0.0, 147.73489957495525, 0.0, 0.0, 0.0, 0.0, 0.0, 0.0, 0.0, 0.0, 0.0, 0.0, 0.0, 0.0, 0.0, 762.8400781254575, 0.0, 0.0, 787.619629294843, 0.0, 0.0, 0.0, 781.8668475997827, 0.0, 185.07795159727857, 171.1989213786345, 0.0, 0.0, 0.0, 0.0, 786.328966639679, 38.73552048489478, 0.0, 174.8706950164727, 0.0, 184.75566136063935, 0.0, 0.0, 285.30403625054237, 0.0, 89.08478019065095, 0.0, 0.0, 0.0, 0.0, 0.0, 800.9501213478989, 0.0, 0.0, 0.0, 0.0, 0.0, 0.0, 0.0, 0.0, 162.2211402843551, 0.0, 180.82874121926454, 769.4673968949867, 0.0, 0.0, 0.0, 0.0, 774.0085222226037, 0.0, 0.0, 0.0, 0.0, 126.4518871146322, 0.0, 0.0, 0.0, 0.0, 0.0, 0.0, 793.9365435555628, 0.0, 0.0, 0.0, 0.0, 0.0, 0.0, 268.6332685915729, 0.0, 797.1804215813274, 0.0, 0.0, 0.0, 0.0]
INFORMACIÓN : 21apuestaBundle [775.3184906440785, 772.3151951772525, 180.82874121926454, 162.2211402843551, 89.08478019065095]
INFORMACIÓN : 21positionsBundle [1028, 1280, 716, 2161, 859]
INFORMACIÓN : 21levelsBundle [3, 3, 1, 3, 2]
INFORMACIÓN : 21positionsOrdered [859, 1280, 1028, 716, 2161]
INFORMACIÓN : 21levelsOrdered [2, 3, 3, 1, 3]
INFORMACIÓN : 21partialityOrdered [2, 3, 3, 1, 3]
INFORMACIÓN : 21arrivalTimes [7.658439036788528, 30.72793085377222, 46.905968529969016, 60.322376394967755, 89.75025433409208]
INFORMACIÓN : I [AB]; lost Test.myBail@32e9ca3e; POS 2161; sensors [IR, MW]; level 3 I paid 162.2211402843551in favour of24@(myturtles,myturtles,bug)@MK-18426 paid 193.33218940126065
INFORMACIÓN : 22historia0[0.0, 0.0, 0.0, 0.0, 0.0, 0.0, 0.0, 0.0, 0.0, 0.0, 0.0, 0.0, 0.0, 0.0, 0.0, 803.3400396790485, 0.0, 0.0, 0.0, 0.0, 0.0, 0.0, 0.0, 787.6117352694845, 0.0, 767.237573056643, 0.0, 0.0, 0.0, 0.0, 0.0, 0.0, 0.0, 0.0, 0.0, 0.0, 0.0, 0.0, 0.0, 0.0, 0.0, 0.0, 0.0, 775.3184906440785, 0.0, 0.0, 0.0, 0.0, 0.0, 0.0, 0.0, 0.0, 283.39081773798983, 280.79348251914985, 0.0, 0.0, 772.3151951772525, 0.0, 275.6085162473689, 170.26712942197415, 0.0, 0.0, 795.02027163655, 0.0, 812.2387426480036, 0.0, 0.0, 0.0, 0.0, 0.0, 0.0, 176.88607863499556, 799.2602194053385, 268.53650601979643, 0.0, 0.0, 0.0, 0.0, 0.0, 248.10436622995974, 809.0642358671976, 0.0, 147.73489957495525, 0.0, 0.0, 0.0, 0.0, 0.0, 0.0, 0.0, 0.0, 0.0, 0.0, 0.0, 0.0, 0.0, 762.8400781254575, 0.0, 0.0, 787.619629294843, 0.0, 0.0, 0.0, 781.8668475997827, 0.0, 185.07795159727857, 171.1989213786345, 0.0, 0.0, 0.0, 0.0, 786.328966639679, 38.73552048489478, 0.0, 174.8706950164727, 0.0, 184.75566136063935, 59.045848834238974, 0.0, 285.30403625054237, 0.0, 0.0, 0.0, 0.0, 0.0, 0.0, 0.0, 800.9501213478989, 0.0, 0.0, 0.0, 0.0, 0.0, 0.0, 0.0, 0.0, 193.33218940126065, 0.0, 180.82874121926454, 769.4673968949867, 0.0, 0.0, 0.0, 0.0, 774.0085222226037, 0.0, 0.0, 0.0, 0.0, 126.4518871146322, 0.0, 0.0, 0.0, 0.0, 0.0, 0.0, 793.9365435555628, 0.0, 0.0, 0.0, 0.0, 0.0, 0.0, 268.6332685915729, 0.0, 797.1804215813274, 0.0, 0.0, 0.0, 0.0]
INFORMACIÓN : 22apuestaBundle [775.3184906440785, 772.3151951772525, 180.82874121926454, 60.153832814621815, 51.656755424389374]
INFORMACIÓN : 22positionsBundle [1028, 1280, 716, 2216, 887]
INFORMACIÓN : 22levelsBundle [3, 3, 1, 1, 2]
INFORMACIÓN : 22positionsOrdered [1280, 1028, 716, 2216, 887]
INFORMACIÓN : 22levelsOrdered [3, 3, 1, 1, 2]
INFORMACIÓN : 22partialityOrdered [3, 3, 1, 2, 2]
INFORMACIÓN : 22arrivalTimes [30.72793085377222, 46.905968529969016, 60.322376394967755, 90.32237639496776, 124.5276391479419]
INFORMACIÓN : 23historia0[0.0, 0.0, 0.0, 0.0, 0.0, 0.0, 0.0, 0.0, 0.0, 0.0, 0.0, 0.0, 0.0, 0.0, 0.0, 803.3400396790485, 0.0, 0.0, 0.0, 0.0, 0.0, 0.0, 0.0, 787.6117352694845, 0.0, 767.237573056643, 0.0, 0.0, 0.0, 0.0, 0.0, 0.0, 0.0, 0.0, 0.0, 0.0, 0.0, 0.0, 0.0, 0.0, 0.0, 0.0, 0.0, 775.3184906440785, 0.0, 0.0, 0.0, 0.0, 0.0, 0.0, 0.0, 0.0, 283.39081773798983, 280.79348251914985, 0.0, 0.0, 772.3151951772525, 0.0, 275.6085162473689, 170.26712942197415, 0.0, 0.0, 795.02027163655, 0.0, 812.2387426480036, 0.0, 0.0, 0.0, 0.0, 0.0, 0.0, 176.88607863499556, 799.2602194053385, 275.6389100031977, 0.0, 0.0, 0.0, 0.0, 0.0, 248.10436622995974, 809.0642358671976, 0.0, 147.73489957495525, 0.0, 0.0, 0.0, 0.0, 0.0, 0.0, 51.656755424389374, 0.0, 0.0, 0.0, 0.0, 0.0, 0.0, 762.8400781254575, 0.0, 0.0, 787.619629294843, 0.0, 0.0, 0.0, 781.8668475997827, 0.0, 185.07795159727857, 171.1989213786345, 0.0, 0.0, 0.0, 0.0, 786.328966639679, 38.73552048489478, 0.0, 174.8706950164727, 0.0, 184.75566136063935, 59.045848834238974, 0.0, 285.30403625054237, 0.0, 0.0, 0.0, 0.0, 0.0, 0.0, 0.0, 800.9501213478989, 0.0, 0.0, 0.0, 0.0, 0.0, 0.0, 0.0, 0.0, 193.33218940126065, 0.0, 180.82874121926454, 769.4673968949867, 0.0, 0.0, 0.0, 0.0, 774.0085222226037, 0.0, 0.0, 0.0, 0.0, 126.4518871146322, 0.0, 0.0, 0.0, 0.0, 0.0, 0.0, 793.9365435555628, 0.0, 0.0, 60.153832814621815, 0.0, 0.0, 0.0, 268.6332685915729, 0.0, 797.1804215813274, 0.0, 0.0, 0.0, 0.0]
INFORMACIÓN : 23apuestaBundle [775.3184906440785, 772.3151951772525, 180.82874121926454, 60.153832814621815, 51.656755424389374]
INFORMACIÓN : 23positionsBundle [1028, 1280, 716, 2216, 887]
INFORMACIÓN : 23levelsBundle [3, 3, 1, 1, 2]
INFORMACIÓN : 23positionsOrdered [1280, 1028, 716, 2216, 887]
INFORMACIÓN : 23levelsOrdered [3, 3, 1, 1, 2]
INFORMACIÓN : 23partialityOrdered [3, 3, 1, 2, 2]
INFORMACIÓN : 23arrivalTimes [30.72793085377222, 46.905968529969016, 60.322376394967755, 90.32237639496776, 124.5276391479419]
INFORMACIÓN : 24historia0[0.0, 0.0, 0.0, 0.0, 0.0, 0.0, 0.0, 0.0, 0.0, 0.0, 0.0, 0.0, 0.0, 0.0, 0.0, 803.3400396790485, 0.0, 0.0, 0.0, 0.0, 0.0, 0.0, 0.0, 787.6117352694845, 0.0, 767.237573056643, 0.0, 0.0, 0.0, 0.0, 0.0, 0.0, 0.0, 0.0, 0.0, 0.0, 0.0, 0.0, 0.0, 0.0, 0.0, 0.0, 0.0, 775.3184906440785, 0.0, 0.0, 0.0, 0.0, 0.0, 0.0, 0.0, 0.0, 283.39081773798983, 280.79348251914985, 0.0, 0.0, 772.3151951772525, 0.0, 275.6085162473689, 170.26712942197415, 0.0, 0.0, 795.02027163655, 0.0, 812.2387426480036, 0.0, 0.0, 0.0, 0.0, 0.0, 0.0, 176.88607863499556, 799.2602194053385, 275.6389100031977, 0.0, 0.0, 0.0, 0.0, 0.0, 248.10436622995974, 809.0642358671976, 0.0, 147.73489957495525, 0.0, 0.0, 0.0, 0.0, 0.0, 0.0, 51.656755424389374, 0.0, 0.0, 0.0, 0.0, 0.0, 0.0, 762.8400781254575, 0.0, 0.0, 787.619629294843, 0.0, 0.0, 0.0, 781.8668475997827, 0.0, 185.07795159727857, 171.1989213786345, 0.0, 0.0, 0.0, 0.0, 786.328966639679, 0.0, 0.0, 174.8706950164727, 0.0, 184.75566136063935, 59.045848834238974, 0.0, 285.30403625054237, 0.0, 62.407678712653784, 0.0, 0.0, 0.0, 0.0, 0.0, 800.9501213478989, 0.0, 0.0, 0.0, 0.0, 0.0, 0.0, 0.0, 0.0, 193.33218940126065, 0.0, 180.82874121926454, 769.4673968949867, 0.0, 0.0, 0.0, 0.0, 774.0085222226037, 0.0, 0.0, 0.0, 0.0, 126.4518871146322, 0.0, 0.0, 0.0, 0.0, 0.0, 0.0, 793.9365435555628, 0.0, 0.0, 60.153832814621815, 0.0, 0.0, 0.0, 268.6332685915729, 0.0, 797.1804215813274, 0.0, 0.0, 0.0, 0.0]
INFORMACIÓN : 24apuestaBundle [775.3184906440785, 772.3151951772525, 180.82874121926454, 60.153832814621815, 51.656755424389374]
INFORMACIÓN : 24positionsBundle [1028, 1280, 716, 2216, 887]
INFORMACIÓN : 24levelsBundle [3, 3, 1, 1, 2]
INFORMACIÓN : 24positionsOrdered [1280, 1028, 716, 2216, 887]
INFORMACIÓN : 24levelsOrdered [3, 3, 1, 1, 2]
INFORMACIÓN : 24partialityOrdered [3, 3, 1, 2, 2]
INFORMACIÓN : 24arrivalTimes [30.72793085377222, 46.905968529969016, 60.322376394967755, 90.32237639496776, 124.5276391479419]
INFORMACIÓN : 25historia0[0.0, 0.0, 0.0, 0.0, 0.0, 0.0, 0.0, 0.0, 0.0, 0.0, 0.0, 0.0, 0.0, 0.0, 0.0, 803.3400396790485, 0.0, 0.0, 0.0, 0.0, 0.0, 0.0, 0.0, 787.6117352694845, 0.0, 767.237573056643, 0.0, 0.0, 0.0, 0.0, 0.0, 0.0, 0.0, 0.0, 0.0, 0.0, 0.0, 0.0, 0.0, 0.0, 0.0, 0.0, 0.0, 775.3184906440785, 0.0, 0.0, 0.0, 0.0, 0.0, 0.0, 0.0, 0.0, 283.39081773798983, 280.79348251914985, 0.0, 0.0, 772.3151951772525, 0.0, 275.6085162473689, 170.26712942197415, 0.0, 0.0, 795.02027163655, 0.0, 812.2387426480036, 0.0, 0.0, 0.0, 0.0, 0.0, 0.0, 176.88607863499556, 799.2602194053385, 275.6389100031977, 0.0, 0.0, 0.0, 0.0, 0.0, 248.10436622995974, 809.0642358671976, 0.0, 147.73489957495525, 0.0, 0.0, 0.0, 0.0, 0.0, 0.0, 51.656755424389374, 0.0, 0.0, 0.0, 0.0, 0.0, 0.0, 762.8400781254575, 0.0, 0.0, 787.619629294843, 0.0, 0.0, 0.0, 781.8668475997827, 0.0, 185.07795159727857, 171.1989213786345, 0.0, 0.0, 0.0, 0.0, 786.328966639679, 0.0, 0.0, 174.8706950164727, 0.0, 184.75566136063935, 59.045848834238974, 0.0, 285.30403625054237, 0.0, 62.407678712653784, 0.0, 0.0, 0.0, 0.0, 0.0, 800.9501213478989, 0.0, 0.0, 0.0, 0.0, 0.0, 0.0, 0.0, 0.0, 193.33218940126065, 0.0, 180.82874121926454, 769.4673968949867, 0.0, 0.0, 0.0, 0.0, 774.0085222226037, 0.0, 0.0, 0.0, 0.0, 126.4518871146322, 0.0, 0.0, 0.0, 0.0, 0.0, 0.0, 793.9365435555628, 0.0, 0.0, 60.153832814621815, 0.0, 0.0, 0.0, 268.6332685915729, 0.0, 797.1804215813274, 0.0, 0.0, 0.0, 0.0]
INFORMACIÓN : 25apuestaBundle [775.3184906440785, 772.3151951772525, 180.82874121926454, 60.153832814621815, 51.656755424389374]
INFORMACIÓN : 25positionsBundle [1028, 1280, 716, 2216, 887]
INFORMACIÓN : 25levelsBundle [3, 3, 1, 1, 2]
INFORMACIÓN : 25positionsOrdered [1280, 1028, 716, 2216, 887]
INFORMACIÓN : 25levelsOrdered [3, 3, 1, 1, 2]
INFORMACIÓN : 25partialityOrdered [3, 3, 1, 2, 2]
INFORMACIÓN : 25arrivalTimes [30.72793085377222, 46.905968529969016, 60.322376394967755, 90.32237639496776, 124.5276391479419]
INFORMACIÓN : 26historia0[0.0, 0.0, 0.0, 0.0, 0.0, 0.0, 0.0, 0.0, 0.0, 0.0, 0.0, 0.0, 0.0, 0.0, 0.0, 803.3400396790485, 0.0, 0.0, 0.0, 0.0, 0.0, 0.0, 0.0, 787.6117352694845, 0.0, 767.237573056643, 0.0, 0.0, 0.0, 0.0, 0.0, 0.0, 0.0, 0.0, 0.0, 0.0, 0.0, 0.0, 0.0, 0.0, 0.0, 0.0, 0.0, 775.3184906440785, 0.0, 0.0, 0.0, 0.0, 0.0, 0.0, 0.0, 0.0, 283.39081773798983, 280.79348251914985, 0.0, 0.0, 772.3151951772525, 0.0, 275.6085162473689, 170.26712942197415, 0.0, 0.0, 795.02027163655, 0.0, 812.2387426480036, 0.0, 0.0, 0.0, 0.0, 0.0, 0.0, 176.88607863499556, 799.2602194053385, 275.6389100031977, 0.0, 0.0, 0.0, 0.0, 0.0, 248.10436622995974, 809.0642358671976, 0.0, 147.73489957495525, 0.0, 0.0, 0.0, 0.0, 0.0, 0.0, 51.656755424389374, 0.0, 0.0, 0.0, 0.0, 0.0, 0.0, 762.8400781254575, 0.0, 0.0, 787.619629294843, 0.0, 0.0, 0.0, 781.8668475997827, 0.0, 185.07795159727857, 171.1989213786345, 0.0, 0.0, 0.0, 0.0, 786.328966639679, 0.0, 0.0, 174.8706950164727, 0.0, 184.75566136063935, 59.045848834238974, 0.0, 285.30403625054237, 0.0, 62.407678712653784, 0.0, 0.0, 0.0, 0.0, 0.0, 800.9501213478989, 0.0, 0.0, 0.0, 0.0, 0.0, 0.0, 0.0, 0.0, 193.33218940126065, 0.0, 180.82874121926454, 769.4673968949867, 0.0, 0.0, 0.0, 0.0, 774.0085222226037, 0.0, 0.0, 0.0, 0.0, 126.4518871146322, 0.0, 0.0, 0.0, 0.0, 0.0, 0.0, 793.9365435555628, 0.0, 0.0, 60.153832814621815, 0.0, 0.0, 0.0, 268.6332685915729, 0.0, 797.1804215813274, 0.0, 0.0, 0.0, 0.0]
INFORMACIÓN : 26apuestaBundle [775.3184906440785, 772.3151951772525, 180.82874121926454, 60.153832814621815, 51.656755424389374]
INFORMACIÓN : 26positionsBundle [1028, 1280, 716, 2216, 887]
INFORMACIÓN : 26levelsBundle [3, 3, 1, 1, 2]
INFORMACIÓN : 26positionsOrdered [1280, 1028, 716, 2216, 887]
INFORMACIÓN : 26levelsOrdered [3, 3, 1, 1, 2]
INFORMACIÓN : 26partialityOrdered [3, 3, 1, 2, 2]
INFORMACIÓN : 26arrivalTimes [30.72793085377222, 46.905968529969016, 60.322376394967755, 90.32237639496776, 124.5276391479419]
INFORMACIÓN : 27historia0[0.0, 0.0, 0.0, 0.0, 0.0, 0.0, 0.0, 0.0, 0.0, 0.0, 0.0, 0.0, 0.0, 0.0, 0.0, 803.3400396790485, 0.0, 0.0, 0.0, 0.0, 0.0, 0.0, 0.0, 787.6117352694845, 0.0, 767.237573056643, 0.0, 0.0, 0.0, 0.0, 0.0, 0.0, 0.0, 0.0, 0.0, 0.0, 0.0, 0.0, 0.0, 0.0, 0.0, 0.0, 0.0, 775.3184906440785, 0.0, 0.0, 0.0, 0.0, 0.0, 0.0, 0.0, 0.0, 283.39081773798983, 280.79348251914985, 0.0, 0.0, 772.3151951772525, 0.0, 275.6085162473689, 170.26712942197415, 0.0, 0.0, 795.02027163655, 0.0, 812.2387426480036, 0.0, 0.0, 0.0, 0.0, 0.0, 0.0, 176.88607863499556, 799.2602194053385, 275.6389100031977, 0.0, 0.0, 0.0, 0.0, 0.0, 248.10436622995974, 809.0642358671976, 0.0, 147.73489957495525, 0.0, 0.0, 0.0, 0.0, 0.0, 0.0, 51.656755424389374, 0.0, 0.0, 0.0, 0.0, 0.0, 0.0, 762.8400781254575, 0.0, 0.0, 787.619629294843, 0.0, 0.0, 0.0, 781.8668475997827, 0.0, 185.07795159727857, 171.1989213786345, 0.0, 0.0, 0.0, 0.0, 786.328966639679, 0.0, 0.0, 174.8706950164727, 0.0, 184.75566136063935, 59.045848834238974, 0.0, 285.30403625054237, 0.0, 62.407678712653784, 0.0, 0.0, 0.0, 0.0, 0.0, 800.9501213478989, 0.0, 0.0, 0.0, 0.0, 0.0, 0.0, 0.0, 0.0, 193.33218940126065, 0.0, 180.82874121926454, 769.4673968949867, 0.0, 0.0, 0.0, 0.0, 774.0085222226037, 0.0, 0.0, 0.0, 0.0, 126.4518871146322, 0.0, 0.0, 0.0, 0.0, 0.0, 0.0, 793.9365435555628, 0.0, 0.0, 60.153832814621815, 0.0, 0.0, 0.0, 268.6332685915729, 0.0, 797.1804215813274, 0.0, 0.0, 0.0, 0.0]
INFORMACIÓN : 27apuestaBundle [775.3184906440785, 772.3151951772525, 180.82874121926454, 60.153832814621815, 51.656755424389374]
INFORMACIÓN : 27positionsBundle [1028, 1280, 716, 2216, 887]
INFORMACIÓN : 27levelsBundle [3, 3, 1, 1, 2]
INFORMACIÓN : 27positionsOrdered [1280, 1028, 716, 2216, 887]
INFORMACIÓN : 27levelsOrdered [3, 3, 1, 1, 2]
INFORMACIÓN : 27partialityOrdered [3, 3, 1, 2, 2]
INFORMACIÓN : 27arrivalTimes [30.72793085377222, 46.905968529969016, 60.322376394967755, 90.32237639496776, 124.5276391479419]
INFORMACIÓN : mutexSat position 2216 level 1
INFORMACIÓN : I [AB]; lost Test.myBail@785edf07; POS 1280; sensors [IR, MW]; level 3 I paid 772.3151951772525in favour of30@(myturtles,myturtles,bug)@MK-18426 paid 777.10859822797
INFORMACIÓN : 28historia0[0.0, 0.0, 0.0, 0.0, 0.0, 0.0, 0.0, 0.0, 0.0, 0.0, 0.0, 0.0, 0.0, 0.0, 0.0, 803.3400396790485, 0.0, 0.0, 0.0, 0.0, 0.0, 0.0, 0.0, 787.6117352694845, 0.0, 0.0, 0.0, 0.0, 0.0, 0.0, 0.0, 0.0, 0.0, 0.0, 0.0, 0.0, 0.0, 0.0, 0.0, 0.0, 0.0, 0.0, 0.0, 775.3184906440785, 0.0, 0.0, 0.0, 0.0, 0.0, 0.0, 0.0, 0.0, 283.39081773798983, 0.0, 0.0, 0.0, 777.10859822797, 0.0, 275.6085162473689, 170.26712942197415, 0.0, 0.0, 795.02027163655, 0.0, 812.2387426480036, 0.0, 0.0, 241.86537929357996, 0.0, 0.0, 0.0, 176.88607863499556, 799.2602194053385, 275.6389100031977, 0.0, 0.0, 0.0, 0.0, 0.0, 0.0, 809.0642358671976, 0.0, 147.73489957495525, 0.0, 0.0, 0.0, 0.0, 0.0, 0.0, 0.0, 0.0, 0.0, 0.0, 0.0, 0.0, 0.0, 0.0, 0.0, 0.0, 787.619629294843, 0.0, 0.0, 0.0, 781.8668475997827, 0.0, 0.0, 171.1989213786345, 0.0, 0.0, 0.0, 0.0, 786.328966639679, 0.0, 0.0, 174.8706950164727, 0.0, 0.0, 0.0, 0.0, 285.30403625054237, 0.0, 0.0, 0.0, 0.0, 0.0, 0.0, 0.0, 800.9501213478989, 0.0, 0.0, 0.0, 241.0695697257388, 0.0, 0.0, 0.0, 0.0, 0.0, 0.0, 0.0, 769.4673968949867, 0.0, 0.0, 0.0, 0.0, 779.0933369155113, 0.0, 0.0, 0.0, 0.0, 126.4518871146322, 0.0, 0.0, 0.0, 0.0, 0.0, 0.0, 793.9365435555628, 0.0, 0.0, 0.0, 0.0, 0.0, 0.0, 268.6332685915729, 0.0, 797.1804215813274, 0.0, 0.0, 0.0, 0.0]
INFORMACIÓN : 28apuestaBundle [775.3184906440785, 262.3284396216242, 257.5674951925447, 60.71010394788743, 60.71010394788743, 21.109647586575115]
INFORMACIÓN : 28positionsBundle [1028, 1281, 2462, 2161, 2161, 859]
INFORMACIÓN : 28levelsBundle [3, 2, 2, 2, 2, 1]
INFORMACIÓN : 28positionsOrdered [859, 1281, 1028, 2462, 2161, 2161]
INFORMACIÓN : 28levelsOrdered [1, 2, 3, 2, 2, 2]
INFORMACIÓN : 28partialityOrdered [2, 2, 3, 2, 3, 3]
INFORMACIÓN : 28arrivalTimes [7.658439036788528, 35.151785735006555, 46.905968529969016, 80.02695885332741, 86.10972138362564, 86.10972138362564]
INFORMACIÓN : I [AB]; lost Test.myBail@389421c1; POS 2462; sensors [MW]; level 2 I paid 257.5674951925447in favour of24@(myturtles,myturtles,bug)@MK-18426 paid 292.09464373722835
INFORMACIÓN : 29historia0[0.0, 0.0, 0.0, 0.0, 0.0, 0.0, 0.0, 0.0, 0.0, 0.0, 0.0, 0.0, 0.0, 0.0, 0.0, 803.3400396790485, 0.0, 0.0, 0.0, 0.0, 0.0, 0.0, 0.0, 787.6117352694845, 0.0, 764.5396235624447, 0.0, 0.0, 0.0, 0.0, 0.0, 0.0, 0.0, 0.0, 0.0, 0.0, 0.0, 0.0, 0.0, 0.0, 0.0, 0.0, 0.0, 775.3184906440785, 0.0, 0.0, 0.0, 0.0, 0.0, 0.0, 0.0, 0.0, 0.0, 292.09464373722835, 0.0, 0.0, 777.10859822797, 0.0, 275.6085162473689, 170.26712942197415, 0.0, 0.0, 795.02027163655, 0.0, 812.2387426480036, 262.3284396216242, 0.0, 241.86537929357996, 0.0, 0.0, 0.0, 176.88607863499556, 799.2602194053385, 275.6389100031977, 0.0, 0.0, 0.0, 0.0, 0.0, 0.0, 809.0642358671976, 0.0, 147.73489957495525, 0.0, 0.0, 0.0, 0.0, 0.0, 0.0, 0.0, 0.0, 0.0, 0.0, 0.0, 0.0, 0.0, 0.0, 0.0, 0.0, 787.619629294843, 0.0, 0.0, 0.0, 781.8668475997827, 0.0, 0.0, 171.1989213786345, 0.0, 0.0, 0.0, 0.0, 787.6264516519441, 0.0, 0.0, 174.8706950164727, 0.0, 0.0, 0.0, 0.0, 285.30403625054237, 0.0, 0.0, 0.0, 0.0, 0.0, 0.0, 0.0, 800.9501213478989, 0.0, 0.0, 0.0, 241.0695697257388, 0.0, 0.0, 0.0, 0.0, 0.0, 0.0, 0.0, 769.4673968949867, 0.0, 0.0, 0.0, 0.0, 779.0933369155113, 0.0, 0.0, 0.0, 0.0, 126.4518871146322, 0.0, 0.0, 0.0, 0.0, 0.0, 0.0, 793.9365435555628, 0.0, 0.0, 0.0, 0.0, 0.0, 0.0, 268.6332685915729, 0.0, 797.3223017689199, 0.0, 282.9675404031882, 0.0, 0.0]
INFORMACIÓN : 29apuestaBundle [775.3184906440785, 262.3284396216242, 60.71010394788743, 21.109647586575115]
INFORMACIÓN : 29positionsBundle [1028, 1281, 2161, 859]
INFORMACIÓN : 29levelsBundle [3, 2, 2, 1]
INFORMACIÓN : 29positionsOrdered [859, 1281, 1028, 2161]
INFORMACIÓN : 29levelsOrdered [1, 2, 3, 2]
INFORMACIÓN : 29partialityOrdered [2, 2, 3, 3]
INFORMACIÓN : 29arrivalTimes [7.658439036788528, 35.151785735006555, 46.905968529969016, 75.5066678221192]
INFORMACIÓN : mutexSat position 859 level 1
INFORMACIÓN : I [AB]; lost Test.myBail@69842e21; POS 859; sensors []; level 1 I paid 21.109647586575115in favour ofnull paid 21.109647586575115
INFORMACIÓN : 30historia0[0.0, 0.0, 0.0, 0.0, 0.0, 0.0, 0.0, 0.0, 0.0, 0.0, 0.0, 0.0, 0.0, 0.0, 0.0, 803.3400396790485, 0.0, 0.0, 0.0, 0.0, 0.0, 0.0, 0.0, 787.6117352694845, 0.0, 764.5396235624447, 0.0, 0.0, 0.0, 0.0, 0.0, 0.0, 0.0, 0.0, 0.0, 0.0, 0.0, 0.0, 0.0, 0.0, 0.0, 0.0, 0.0, 775.3184906440785, 0.0, 0.0, 0.0, 0.0, 0.0, 0.0, 0.0, 0.0, 273.1510492025625, 292.09464373722835, 0.0, 0.0, 777.10859822797, 0.0, 275.6085162473689, 195.2752789906408, 0.0, 0.0, 795.02027163655, 0.0, 812.2387426480036, 262.3284396216242, 0.0, 254.93910901196963, 0.0, 0.0, 0.0, 176.88607863499556, 799.2602194053385, 275.6389100031977, 0.0, 0.0, 0.0, 0.0, 0.0, 0.0, 809.0642358671976, 0.0, 147.73489957495525, 0.0, 0.0, 0.0, 0.0, 0.0, 0.0, 43.0736473913944, 0.0, 0.0, 0.0, 0.0, 0.0, 0.0, 0.0, 0.0, 0.0, 787.619629294843, 0.0, 0.0, 0.0, 781.8668475997827, 0.0, 155.32001995135715, 171.1989213786345, 0.0, 0.0, 0.0, 0.0, 0.0, 0.0, 0.0, 174.8706950164727, 0.0, 157.3062095027072, 0.0, 0.0, 0.0, 0.0, 59.05176608536817, 0.0, 0.0, 0.0, 0.0, 0.0, 800.9501213478989, 0.0, 0.0, 0.0, 241.0695697257388, 0.0, 0.0, 0.0, 0.0, 0.0, 0.0, 157.9215977662662, 769.4673968949867, 0.0, 0.0, 0.0, 0.0, 779.0933369155113, 0.0, 0.0, 0.0, 0.0, 126.4518871146322, 0.0, 0.0, 0.0, 0.0, 0.0, 0.0, 793.9365435555628, 0.0, 0.0, 0.0, 0.0, 0.0, 0.0, 271.9188716383715, 0.0, 797.3223017689199, 60.71010394788743, 282.9675404031882, 0.0, 0.0]
INFORMACIÓN : 30apuestaBundle [775.3184906440785, 262.3284396216242, 60.71010394788743, 49.731925886624865]
INFORMACIÓN : 30positionsBundle [1028, 1281, 2161, 1933]
INFORMACIÓN : 30levelsBundle [3, 2, 2, 1]
INFORMACIÓN : 30positionsOrdered [1281, 1028, 2161, 1933]
INFORMACIÓN : 30levelsOrdered [2, 3, 2, 1]
INFORMACIÓN : 30partialityOrdered [2, 3, 3, 2]
INFORMACIÓN : 30arrivalTimes [35.151785735006555, 46.905968529969016, 75.5066678221192, 98.06769616747616]
INFORMACIÓN : mutexSat position 1933 level 1
INFORMACIÓN : I [AB]; lost Test.myBail@2b530f91; POS 1933; sensors []; level 1 I paid 49.731925886624865in favour ofnull paid 49.731925886624865
INFORMACIÓN : 31historia0[0.0, 0.0, 0.0, 0.0, 0.0, 0.0, 0.0, 0.0, 0.0, 0.0, 0.0, 0.0, 0.0, 78.02301501204498, 0.0, 803.3400396790485, 0.0, 0.0, 0.0, 0.0, 0.0, 0.0, 0.0, 787.6117352694845, 0.0, 764.5396235624447, 0.0, 0.0, 0.0, 0.0, 0.0, 0.0, 0.0, 0.0, 0.0, 0.0, 0.0, 0.0, 0.0, 0.0, 0.0, 0.0, 0.0, 775.3184906440785, 0.0, 0.0, 0.0, 0.0, 0.0, 0.0, 184.19724854174038, 0.0, 273.1510492025625, 292.09464373722835, 0.0, 0.0, 777.10859822797, 0.0, 275.6085162473689, 0.0, 0.0, 0.0, 795.02027163655, 0.0, 812.2387426480036, 262.3284396216242, 0.0, 254.93910901196963, 0.0, 0.0, 0.0, 176.88607863499556, 799.2602194053385, 275.6389100031977, 0.0, 0.0, 0.0, 0.0, 0.0, 0.0, 809.0642358671976, 0.0, 147.73489957495525, 0.0, 0.0, 0.0, 0.0, 0.0, 0.0, 43.0736473913944, 0.0, 0.0, 0.0, 0.0, 66.87541710663265, 0.0, 0.0, 0.0, 0.0, 787.619629294843, 0.0, 0.0, 0.0, 781.8668475997827, 0.0, 167.16387165374044, 171.1989213786345, 0.0, 0.0, 0.0, 0.0, 0.0, 0.0, 0.0, 174.8706950164727, 0.0, 178.4084217082135, 0.0, 0.0, 0.0, 0.0, 59.05176608536817, 0.0, 0.0, 0.0, 0.0, 0.0, 800.9501213478989, 0.0, 0.0, 0.0, 0.0, 0.0, 0.0, 0.0, 0.0, 0.0, 0.0, 157.9215977662662, 769.4673968949867, 0.0, 0.0, 0.0, 0.0, 779.0933369155113, 0.0, 0.0, 0.0, 0.0, 126.4518871146322, 0.0, 0.0, 0.0, 0.0, 0.0, 0.0, 793.9365435555628, 0.0, 0.0, 0.0, 0.0, 0.0, 0.0, 271.9188716383715, 0.0, 797.3223017689199, 60.71010394788743, 282.9675404031882, 0.0, 0.0]
INFORMACIÓN : 31apuestaBundle [775.3184906440785, 262.3284396216242, 60.71010394788743]
INFORMACIÓN : 31positionsBundle [1028, 1281, 2161]
INFORMACIÓN : 31levelsBundle [3, 2, 2]
INFORMACIÓN : 31positionsOrdered [1281, 1028, 2161]
INFORMACIÓN : 31levelsOrdered [2, 3, 2]
INFORMACIÓN : 31partialityOrdered [2, 3, 3]
INFORMACIÓN : 31arrivalTimes [35.151785735006555, 46.905968529969016, 75.5066678221192]
INFORMACIÓN : 32historia0[0.0, 0.0, 0.0, 0.0, 0.0, 0.0, 0.0, 0.0, 0.0, 0.0, 0.0, 0.0, 0.0, 78.02301501204498, 0.0, 803.3400396790485, 0.0, 0.0, 0.0, 0.0, 0.0, 0.0, 0.0, 787.6117352694845, 0.0, 764.5396235624447, 0.0, 0.0, 0.0, 0.0, 0.0, 0.0, 0.0, 0.0, 0.0, 0.0, 0.0, 0.0, 0.0, 0.0, 0.0, 0.0, 0.0, 775.3184906440785, 0.0, 0.0, 0.0, 0.0, 0.0, 0.0, 184.19724854174038, 0.0, 273.1510492025625, 292.09464373722835, 0.0, 0.0, 777.10859822797, 0.0, 275.6085162473689, 0.0, 0.0, 0.0, 795.02027163655, 0.0, 812.2387426480036, 262.3284396216242, 0.0, 254.93910901196963, 0.0, 0.0, 0.0, 176.88607863499556, 799.2602194053385, 275.6389100031977, 0.0, 0.0, 0.0, 0.0, 0.0, 0.0, 809.0642358671976, 0.0, 147.73489957495525, 0.0, 0.0, 0.0, 0.0, 0.0, 0.0, 43.0736473913944, 0.0, 0.0, 0.0, 0.0, 64.27398925473244, 0.0, 0.0, 0.0, 0.0, 787.619629294843, 0.0, 0.0, 0.0, 781.8668475997827, 0.0, 0.0, 171.1989213786345, 0.0, 0.0, 0.0, 0.0, 0.0, 0.0, 0.0, 174.8706950164727, 0.0, 0.0, 0.0, 0.0, 0.0, 0.0, 59.05176608536817, 0.0, 0.0, 0.0, 0.0, 0.0, 800.9501213478989, 0.0, 0.0, 0.0, 241.0695697257388, 0.0, 0.0, 0.0, 0.0, 0.0, 0.0, 157.9215977662662, 769.4673968949867, 0.0, 0.0, 38.17241903982392, 0.0, 779.0933369155113, 0.0, 0.0, 0.0, 0.0, 126.4518871146322, 0.0, 0.0, 0.0, 0.0, 0.0, 0.0, 793.9365435555628, 0.0, 0.0, 0.0, 0.0, 0.0, 0.0, 271.9188716383715, 0.0, 797.3223017689199, 60.71010394788743, 282.9675404031882, 0.0, 0.0]
INFORMACIÓN : 32apuestaBundle [775.3184906440785, 262.3284396216242, 60.71010394788743]
INFORMACIÓN : 32positionsBundle [1028, 1281, 2161]
INFORMACIÓN : 32levelsBundle [3, 2, 2]
INFORMACIÓN : 32positionsOrdered [1281, 1028, 2161]
INFORMACIÓN : 32levelsOrdered [2, 3, 2]
INFORMACIÓN : 32partialityOrdered [2, 3, 3]
INFORMACIÓN : 32arrivalTimes [35.151785735006555, 46.905968529969016, 75.5066678221192]
INFORMACIÓN : 33historia0[0.0, 0.0, 0.0, 0.0, 0.0, 0.0, 0.0, 0.0, 0.0, 0.0, 0.0, 0.0, 0.0, 78.02301501204498, 0.0, 803.3400396790485, 0.0, 0.0, 0.0, 0.0, 0.0, 0.0, 0.0, 787.6117352694845, 0.0, 764.5396235624447, 0.0, 0.0, 0.0, 0.0, 0.0, 0.0, 0.0, 0.0, 0.0, 0.0, 0.0, 0.0, 0.0, 0.0, 0.0, 0.0, 0.0, 775.3184906440785, 0.0, 0.0, 0.0, 0.0, 0.0, 0.0, 184.19724854174038, 0.0, 273.1510492025625, 292.09464373722835, 0.0, 0.0, 777.10859822797, 0.0, 275.6085162473689, 0.0, 0.0, 0.0, 795.02027163655, 0.0, 812.2387426480036, 262.3284396216242, 0.0, 254.93910901196963, 0.0, 0.0, 0.0, 176.88607863499556, 799.2602194053385, 275.6389100031977, 0.0, 0.0, 0.0, 0.0, 0.0, 0.0, 809.0642358671976, 0.0, 147.73489957495525, 0.0, 0.0, 0.0, 0.0, 0.0, 0.0, 43.0736473913944, 0.0, 0.0, 0.0, 0.0, 64.27398925473244, 0.0, 0.0, 0.0, 0.0, 787.619629294843, 0.0, 0.0, 0.0, 781.8668475997827, 0.0, 0.0, 171.1989213786345, 0.0, 0.0, 0.0, 0.0, 0.0, 0.0, 0.0, 174.8706950164727, 0.0, 0.0, 0.0, 0.0, 0.0, 0.0, 59.05176608536817, 0.0, 0.0, 0.0, 0.0, 0.0, 800.9501213478989, 0.0, 0.0, 0.0, 241.0695697257388, 0.0, 0.0, 0.0, 0.0, 0.0, 0.0, 157.9215977662662, 769.4673968949867, 0.0, 0.0, 38.17241903982392, 0.0, 779.0933369155113, 0.0, 0.0, 0.0, 0.0, 126.4518871146322, 0.0, 0.0, 0.0, 0.0, 0.0, 0.0, 793.9365435555628, 0.0, 0.0, 0.0, 0.0, 0.0, 0.0, 271.9188716383715, 0.0, 797.3223017689199, 60.71010394788743, 282.9675404031882, 0.0, 0.0]
INFORMACIÓN : 33apuestaBundle [775.3184906440785, 262.3284396216242, 60.71010394788743]
INFORMACIÓN : 33positionsBundle [1028, 1281, 2161]
INFORMACIÓN : 33levelsBundle [3, 2, 2]
INFORMACIÓN : 33positionsOrdered [1281, 1028, 2161]
INFORMACIÓN : 33levelsOrdered [2, 3, 2]
INFORMACIÓN : 33partialityOrdered [2, 3, 3]
INFORMACIÓN : 33arrivalTimes [35.151785735006555, 46.905968529969016, 75.5066678221192]
INFORMACIÓN : 34historia1[0.0, 0.0, 0.0, 0.0, 0.0, 0.0, 0.0, 0.0, 0.0, 0.0, 0.0, 0.0, 0.0, 78.02301501204498, 0.0, 803.3400396790485, 0.0, 0.0, 0.0, 0.0, 0.0, 0.0, 0.0, 787.6117352694845, 0.0, 764.5396235624447, 0.0, 0.0, 0.0, 0.0, 0.0, 0.0, 0.0, 0.0, 0.0, 0.0, 0.0, 0.0, 0.0, 0.0, 0.0, 0.0, 0.0, 775.3184906440785, 0.0, 0.0, 0.0, 0.0, 0.0, 0.0, 184.19724854174038, 0.0, 273.1510492025625, 292.09464373722835, 0.0, 0.0, 777.10859822797, 0.0, 275.6085162473689, 0.0, 0.0, 0.0, 795.02027163655, 0.0, 812.2387426480036, 262.3284396216242, 0.0, 254.93910901196963, 0.0, 0.0, 0.0, 176.88607863499556, 799.2602194053385, 275.6389100031977, 0.0, 0.0, 0.0, 0.0, 0.0, 0.0, 809.0642358671976, 0.0, 147.73489957495525, 0.0, 0.0, 0.0, 0.0, 0.0, 0.0, 43.0736473913944, 0.0, 0.0, 0.0, 0.0, 64.27398925473244, 0.0, 0.0, 0.0, 0.0, 787.619629294843, 0.0, 0.0, 0.0, 781.8668475997827, 0.0, 0.0, 171.1989213786345, 0.0, 0.0, 0.0, 0.0, 0.0, 0.0, 0.0, 174.8706950164727, 0.0, 0.0, 0.0, 0.0, 0.0, 0.0, 59.05176608536817, 0.0, 0.0, 0.0, 0.0, 0.0, 800.9501213478989, 0.0, 0.0, 0.0, 241.0695697257388, 0.0, 0.0, 0.0, 0.0, 0.0, 0.0, 157.9215977662662, 769.4673968949867, 0.0, 0.0, 38.17241903982392, 0.0, 779.0933369155113, 0.0, 0.0, 0.0, 0.0, 126.4518871146322, 0.0, 0.0, 0.0, 0.0, 0.0, 0.0, 793.9365435555628, 0.0, 0.0, 0.0, 0.0, 0.0, 0.0, 271.9188716383715, 0.0, 797.3223017689199, 60.71010394788743, 282.9675404031882, 0.0, 0.0]
INFORMACIÓN : 34apuestaBundle [775.3184906440785, 262.3284396216242, 60.71010394788743]
INFORMACIÓN : 34positionsBundle [1028, 1281, 2161]
INFORMACIÓN : 34levelsBundle [3, 2, 2]
INFORMACIÓN : 34positionsOrdered [1281, 1028, 2161]
INFORMACIÓN : 34levelsOrdered [2, 3, 2]
INFORMACIÓN : 34partialityOrdered [2, 3, 3]
INFORMACIÓN : 34arrivalTimes [35.151785735006555, 46.905968529969016, 75.5066678221192]
INFORMACIÓN : 35historia2[0.0, 0.0, 0.0, 0.0, 0.0, 0.0, 0.0, 0.0, 0.0, 0.0, 0.0, 0.0, 0.0, 78.02301501204498, 0.0, 803.3400396790485, 0.0, 0.0, 0.0, 0.0, 0.0, 0.0, 0.0, 787.6117352694845, 0.0, 764.5396235624447, 0.0, 0.0, 0.0, 0.0, 0.0, 0.0, 0.0, 0.0, 0.0, 0.0, 0.0, 0.0, 0.0, 0.0, 0.0, 0.0, 0.0, 775.3184906440785, 0.0, 0.0, 0.0, 0.0, 0.0, 0.0, 184.19724854174038, 0.0, 273.1510492025625, 292.09464373722835, 0.0, 0.0, 777.10859822797, 0.0, 275.6085162473689, 0.0, 0.0, 0.0, 795.02027163655, 0.0, 812.2387426480036, 262.3284396216242, 0.0, 254.93910901196963, 0.0, 0.0, 0.0, 176.88607863499556, 799.2602194053385, 275.6389100031977, 0.0, 0.0, 0.0, 0.0, 0.0, 0.0, 809.0642358671976, 0.0, 147.73489957495525, 0.0, 0.0, 0.0, 0.0, 0.0, 0.0, 43.0736473913944, 0.0, 0.0, 0.0, 0.0, 64.27398925473244, 0.0, 0.0, 0.0, 0.0, 787.619629294843, 0.0, 0.0, 0.0, 781.8668475997827, 0.0, 0.0, 171.1989213786345, 0.0, 0.0, 0.0, 0.0, 0.0, 0.0, 0.0, 174.8706950164727, 0.0, 0.0, 0.0, 0.0, 0.0, 0.0, 59.05176608536817, 0.0, 0.0, 0.0, 0.0, 0.0, 800.9501213478989, 0.0, 0.0, 0.0, 241.0695697257388, 0.0, 0.0, 0.0, 0.0, 0.0, 0.0, 157.9215977662662, 769.4673968949867, 0.0, 0.0, 38.17241903982392, 0.0, 779.0933369155113, 0.0, 0.0, 0.0, 0.0, 126.4518871146322, 0.0, 0.0, 0.0, 0.0, 0.0, 0.0, 793.9365435555628, 0.0, 0.0, 0.0, 0.0, 0.0, 0.0, 271.9188716383715, 0.0, 797.3223017689199, 60.71010394788743, 282.9675404031882, 0.0, 0.0]
INFORMACIÓN : 35apuestaBundle [775.3184906440785, 262.3284396216242, 60.71010394788743]
INFORMACIÓN : 35positionsBundle [1028, 1281, 2161]
INFORMACIÓN : 35levelsBundle [3, 2, 2]
INFORMACIÓN : 35positionsOrdered [1281, 1028, 2161]
INFORMACIÓN : 35levelsOrdered [2, 3, 2]
INFORMACIÓN : 35partialityOrdered [2, 3, 3]
INFORMACIÓN : 35arrivalTimes [35.151785735006555, 46.905968529969016, 75.5066678221192]
INFORMACIÓN : 36historia3[0.0, 0.0, 0.0, 0.0, 0.0, 0.0, 0.0, 0.0, 0.0, 0.0, 0.0, 0.0, 0.0, 78.02301501204498, 0.0, 803.3400396790485, 0.0, 0.0, 0.0, 0.0, 0.0, 0.0, 0.0, 787.6117352694845, 0.0, 764.5396235624447, 0.0, 0.0, 0.0, 0.0, 0.0, 0.0, 0.0, 0.0, 0.0, 0.0, 0.0, 0.0, 0.0, 0.0, 0.0, 0.0, 0.0, 775.3184906440785, 0.0, 0.0, 0.0, 0.0, 0.0, 0.0, 184.19724854174038, 0.0, 273.1510492025625, 292.09464373722835, 0.0, 0.0, 777.10859822797, 0.0, 275.6085162473689, 0.0, 0.0, 0.0, 795.02027163655, 0.0, 812.2387426480036, 262.3284396216242, 0.0, 254.93910901196963, 0.0, 0.0, 0.0, 176.88607863499556, 799.2602194053385, 275.6389100031977, 0.0, 0.0, 0.0, 0.0, 0.0, 0.0, 809.0642358671976, 0.0, 147.73489957495525, 0.0, 0.0, 0.0, 0.0, 0.0, 0.0, 43.0736473913944, 0.0, 0.0, 0.0, 0.0, 64.27398925473244, 0.0, 0.0, 0.0, 0.0, 787.619629294843, 0.0, 0.0, 0.0, 781.8668475997827, 0.0, 0.0, 171.1989213786345, 0.0, 0.0, 0.0, 0.0, 0.0, 0.0, 0.0, 174.8706950164727, 0.0, 0.0, 0.0, 0.0, 0.0, 0.0, 59.05176608536817, 0.0, 0.0, 0.0, 0.0, 0.0, 800.9501213478989, 0.0, 0.0, 0.0, 241.0695697257388, 0.0, 0.0, 0.0, 0.0, 0.0, 0.0, 157.9215977662662, 769.4673968949867, 0.0, 0.0, 38.17241903982392, 0.0, 779.0933369155113, 0.0, 0.0, 0.0, 0.0, 126.4518871146322, 0.0, 0.0, 0.0, 0.0, 0.0, 0.0, 793.9365435555628, 0.0, 0.0, 0.0, 0.0, 0.0, 0.0, 271.9188716383715, 0.0, 797.3223017689199, 60.71010394788743, 282.9675404031882, 0.0, 0.0]
INFORMACIÓN : 36apuestaBundle [775.3184906440785, 262.3284396216242, 60.71010394788743]
INFORMACIÓN : 36positionsBundle [1028, 1281, 2161]
INFORMACIÓN : 36levelsBundle [3, 2, 2]
INFORMACIÓN : 36positionsOrdered [1281, 1028, 2161]
INFORMACIÓN : 36levelsOrdered [2, 3, 2]
INFORMACIÓN : 36partialityOrdered [2, 3, 3]
INFORMACIÓN : 36arrivalTimes [35.151785735006555, 46.905968529969016, 75.5066678221192]
INFORMACIÓN : 37historia0[0.0, 0.0, 0.0, 0.0, 0.0, 0.0, 0.0, 0.0, 0.0, 0.0, 0.0, 0.0, 0.0, 78.02301501204498, 0.0, 803.3400396790485, 0.0, 0.0, 0.0, 0.0, 0.0, 0.0, 0.0, 787.6117352694845, 0.0, 768.5335744465737, 0.0, 0.0, 0.0, 0.0, 0.0, 0.0, 0.0, 0.0, 0.0, 0.0, 0.0, 0.0, 0.0, 0.0, 0.0, 0.0, 0.0, 775.3184906440785, 0.0, 0.0, 0.0, 0.0, 0.0, 0.0, 184.19724854174038, 0.0, 273.1510492025625, 0.0, 0.0, 0.0, 0.0, 0.0, 275.6085162473689, 0.0, 0.0, 0.0, 795.02027163655, 0.0, 812.2387426480036, 262.3284396216242, 0.0, 254.93910901196963, 0.0, 0.0, 0.0, 176.88607863499556, 799.2602194053385, 275.6389100031977, 0.0, 0.0, 0.0, 0.0, 0.0, 0.0, 809.0642358671976, 0.0, 147.73489957495525, 0.0, 0.0, 0.0, 0.0, 0.0, 0.0, 0.0, 0.0, 0.0, 0.0, 0.0, 0.0, 0.0, 758.9961754942997, 0.0, 0.0, 787.619629294843, 0.0, 0.0, 0.0, 781.8668475997827, 0.0, 182.1735431529649, 171.1989213786345, 0.0, 0.0, 0.0, 0.0, 0.0, 0.0, 0.0, 174.8706950164727, 0.0, 0.0, 0.0, 0.0, 0.0, 0.0, 0.0, 0.0, 0.0, 0.0, 0.0, 0.0, 800.9501213478989, 0.0, 0.0, 0.0, 241.0695697257388, 0.0, 0.0, 0.0, 0.0, 0.0, 0.0, 0.0, 769.4673968949867, 0.0, 0.0, 0.0, 0.0, 779.1537523230651, 0.0, 0.0, 0.0, 0.0, 126.4518871146322, 0.0, 0.0, 0.0, 0.0, 0.0, 0.0, 793.9365435555628, 0.0, 0.0, 0.0, 0.0, 0.0, 0.0, 271.9188716383715, 0.0, 797.3223017689199, 60.71010394788743, 282.9675404031882, 0.0, 0.0]
INFORMACIÓN : 37apuestaBundle [775.3184906440785, 262.3284396216242, 60.71010394788743, 54.637173666376725, 21.109647586575115]
INFORMACIÓN : 37positionsBundle [1028, 1281, 2161, 2462, 859]
INFORMACIÓN : 37levelsBundle [3, 2, 2, 1, 1]
INFORMACIÓN : 37positionsOrdered [859, 1281, 1028, 2161, 2462]
INFORMACIÓN : 37levelsOrdered [1, 2, 3, 2, 1]
INFORMACIÓN : 37partialityOrdered [2, 2, 3, 3, 2]
INFORMACIÓN : 37arrivalTimes [7.658439036788528, 35.151785735006555, 46.905968529969016, 75.5066678221192, 81.58943035241742]
INFORMACIÓN : 38historia0[0.0, 0.0, 0.0, 0.0, 0.0, 0.0, 0.0, 0.0, 0.0, 0.0, 0.0, 0.0, 0.0, 0.0, 0.0, 803.3400396790485, 0.0, 0.0, 0.0, 0.0, 0.0, 0.0, 0.0, 787.6117352694845, 0.0, 0.0, 0.0, 0.0, 0.0, 0.0, 0.0, 0.0, 0.0, 0.0, 0.0, 0.0, 283.91103989356986, 0.0, 0.0, 0.0, 0.0, 0.0, 0.0, 775.3184906440785, 0.0, 0.0, 0.0, 0.0, 0.0, 0.0, 0.0, 0.0, 279.6531273309115, 0.0, 0.0, 0.0, 769.2019702576868, 0.0, 275.6085162473689, 0.0, 0.0, 0.0, 795.02027163655, 0.0, 812.2387426480036, 262.3284396216242, 0.0, 254.93910901196963, 0.0, 0.0, 0.0, 176.88607863499556, 799.2602194053385, 275.6389100031977, 0.0, 0.0, 0.0, 0.0, 0.0, 0.0, 809.0642358671976, 0.0, 147.73489957495525, 0.0, 0.0, 0.0, 0.0, 0.0, 0.0, 0.0, 54.637173666376725, 0.0, 0.0, 0.0, 0.0, 0.0, 758.9961754942997, 0.0, 0.0, 787.619629294843, 0.0, 0.0, 21.109647586575115, 781.8668475997827, 0.0, 182.1735431529649, 171.1989213786345, 0.0, 0.0, 0.0, 0.0, 0.0, 0.0, 0.0, 174.8706950164727, 0.0, 0.0, 0.0, 0.0, 285.30403625054237, 0.0, 0.0, 0.0, 0.0, 0.0, 0.0, 0.0, 800.9501213478989, 0.0, 0.0, 0.0, 241.0695697257388, 0.0, 0.0, 0.0, 0.0, 0.0, 0.0, 0.0, 769.4673968949867, 0.0, 0.0, 0.0, 0.0, 779.1537523230651, 0.0, 0.0, 0.0, 0.0, 126.4518871146322, 0.0, 0.0, 0.0, 0.0, 0.0, 0.0, 793.9365435555628, 0.0, 0.0, 0.0, 0.0, 0.0, 0.0, 271.9188716383715, 0.0, 797.3223017689199, 60.71010394788743, 282.9675404031882, 0.0, 0.0]
INFORMACIÓN : 38apuestaBundle [775.3184906440785, 262.3284396216242, 60.71010394788743, 54.637173666376725, 21.109647586575115]
INFORMACIÓN : 38positionsBundle [1028, 1281, 2161, 2462, 859]
INFORMACIÓN : 38levelsBundle [3, 2, 2, 1, 1]
INFORMACIÓN : 38positionsOrdered [859, 1281, 1028, 2161, 2462]
INFORMACIÓN : 38levelsOrdered [1, 2, 3, 2, 1]
INFORMACIÓN : 38partialityOrdered [2, 2, 3, 3, 2]
INFORMACIÓN : 38arrivalTimes [7.658439036788528, 35.151785735006555, 46.905968529969016, 75.5066678221192, 81.58943035241742]
INFORMACIÓN : mutexSat position 859 level 1
INFORMACIÓN : I [AB]; lost Test.myBail@78935a6f; POS 2161; sensors [MW]; level 2 I paid 60.71010394788743in favour of24@(myturtles,myturtles,bug)@MK-18426 paid 64.05098476856767
INFORMACIÓN : 39historia0[0.0, 0.0, 0.0, 0.0, 0.0, 0.0, 0.0, 0.0, 0.0, 0.0, 0.0, 0.0, 0.0, 0.0, 0.0, 803.3400396790485, 0.0, 0.0, 0.0, 0.0, 0.0, 0.0, 0.0, 787.6117352694845, 0.0, 0.0, 0.0, 0.0, 0.0, 0.0, 0.0, 0.0, 0.0, 0.0, 0.0, 0.0, 283.91103989356986, 0.0, 0.0, 0.0, 64.05098476856767, 0.0, 0.0, 775.3184906440785, 0.0, 0.0, 0.0, 0.0, 0.0, 0.0, 0.0, 0.0, 279.6531273309115, 0.0, 0.0, 0.0, 769.2019702576868, 0.0, 275.6085162473689, 0.0, 0.0, 0.0, 795.02027163655, 0.0, 812.2387426480036, 262.3284396216242, 0.0, 254.93910901196963, 0.0, 0.0, 0.0, 176.88607863499556, 799.2602194053385, 275.6389100031977, 0.0, 0.0, 0.0, 0.0, 0.0, 0.0, 809.0642358671976, 0.0, 147.73489957495525, 0.0, 0.0, 0.0, 0.0, 0.0, 0.0, 0.0, 58.908772251014284, 0.0, 0.0, 0.0, 0.0, 0.0, 758.9961754942997, 0.0, 0.0, 787.619629294843, 0.0, 0.0, 0.0, 781.8668475997827, 0.0, 182.1735431529649, 171.1989213786345, 0.0, 0.0, 0.0, 0.0, 0.0, 0.0, 0.0, 174.8706950164727, 0.0, 0.0, 0.0, 0.0, 285.30403625054237, 0.0, 62.407678712653784, 0.0, 0.0, 0.0, 0.0, 0.0, 800.9501213478989, 0.0, 0.0, 0.0, 241.0695697257388, 0.0, 0.0, 0.0, 0.0, 0.0, 0.0, 157.9215977662662, 769.4673968949867, 0.0, 0.0, 0.0, 0.0, 779.1537523230651, 0.0, 0.0, 0.0, 0.0, 126.4518871146322, 0.0, 0.0, 0.0, 0.0, 0.0, 0.0, 793.9365435555628, 0.0, 0.0, 0.0, 0.0, 0.0, 0.0, 271.9188716383715, 0.0, 797.3223017689199, 64.05098476856767, 282.9675404031882, 0.0, 0.0]
INFORMACIÓN : 39apuestaBundle [775.3184906440785, 262.3284396216242, 257.5674951925447]
INFORMACIÓN : 39positionsBundle [1028, 1281, 2462]
INFORMACIÓN : 39levelsBundle [3, 2, 2]
INFORMACIÓN : 39positionsOrdered [1281, 1028, 2462]
INFORMACIÓN : 39levelsOrdered [2, 3, 2]
INFORMACIÓN : 39partialityOrdered [2, 3, 2]
INFORMACIÓN : 39arrivalTimes [35.151785735006555, 46.905968529969016, 80.02695885332741]
INFORMACIÓN : 40historia0[0.0, 0.0, 0.0, 0.0, 0.0, 0.0, 0.0, 0.0, 0.0, 0.0, 0.0, 0.0, 0.0, 0.0, 0.0, 803.3400396790485, 0.0, 0.0, 0.0, 0.0, 0.0, 0.0, 0.0, 787.6117352694845, 0.0, 0.0, 0.0, 0.0, 0.0, 0.0, 0.0, 0.0, 0.0, 0.0, 0.0, 0.0, 283.91103989356986, 0.0, 0.0, 0.0, 64.05098476856767, 0.0, 0.0, 775.3184906440785, 0.0, 0.0, 0.0, 0.0, 0.0, 0.0, 0.0, 0.0, 279.6531273309115, 257.5674951925447, 0.0, 0.0, 769.2019702576868, 0.0, 275.6085162473689, 0.0, 0.0, 0.0, 795.02027163655, 0.0, 812.2387426480036, 262.3284396216242, 0.0, 254.93910901196963, 0.0, 0.0, 0.0, 176.88607863499556, 799.2602194053385, 275.6389100031977, 0.0, 0.0, 0.0, 0.0, 0.0, 0.0, 809.0642358671976, 0.0, 147.73489957495525, 0.0, 0.0, 0.0, 0.0, 0.0, 0.0, 0.0, 0.0, 0.0, 0.0, 0.0, 0.0, 0.0, 758.9961754942997, 0.0, 0.0, 787.619629294843, 0.0, 0.0, 0.0, 781.8668475997827, 0.0, 182.1735431529649, 171.1989213786345, 0.0, 0.0, 0.0, 0.0, 0.0, 0.0, 0.0, 174.8706950164727, 0.0, 0.0, 0.0, 0.0, 285.30403625054237, 0.0, 62.407678712653784, 0.0, 0.0, 0.0, 0.0, 0.0, 800.9501213478989, 0.0, 0.0, 0.0, 241.0695697257388, 0.0, 0.0, 0.0, 0.0, 0.0, 0.0, 157.9215977662662, 769.4673968949867, 0.0, 0.0, 0.0, 0.0, 779.1537523230651, 0.0, 0.0, 0.0, 0.0, 126.4518871146322, 0.0, 0.0, 0.0, 0.0, 0.0, 0.0, 793.9365435555628, 0.0, 0.0, 0.0, 0.0, 0.0, 0.0, 271.9188716383715, 0.0, 797.3223017689199, 64.05098476856767, 282.9675404031882, 0.0, 0.0]
INFORMACIÓN : 40apuestaBundle [775.3184906440785, 262.3284396216242, 257.5674951925447]
INFORMACIÓN : 40positionsBundle [1028, 1281, 2462]
INFORMACIÓN : 40levelsBundle [3, 2, 2]
INFORMACIÓN : 40positionsOrdered [1281, 1028, 2462]
INFORMACIÓN : 40levelsOrdered [2, 3, 2]
INFORMACIÓN : 40partialityOrdered [2, 3, 2]
INFORMACIÓN : 40arrivalTimes [35.151785735006555, 46.905968529969016, 80.02695885332741]
INFORMACIÓN : 41historia0[0.0, 0.0, 0.0, 0.0, 0.0, 0.0, 0.0, 0.0, 0.0, 0.0, 0.0, 0.0, 0.0, 0.0, 0.0, 803.3400396790485, 0.0, 0.0, 0.0, 0.0, 0.0, 0.0, 0.0, 787.6117352694845, 0.0, 0.0, 0.0, 0.0, 0.0, 0.0, 0.0, 0.0, 0.0, 0.0, 0.0, 0.0, 283.91103989356986, 0.0, 0.0, 0.0, 64.05098476856767, 0.0, 0.0, 775.3184906440785, 0.0, 0.0, 0.0, 0.0, 0.0, 0.0, 0.0, 0.0, 279.6531273309115, 257.5674951925447, 0.0, 0.0, 769.2019702576868, 0.0, 275.6085162473689, 0.0, 0.0, 0.0, 795.02027163655, 0.0, 812.2387426480036, 262.3284396216242, 0.0, 254.93910901196963, 0.0, 0.0, 0.0, 176.88607863499556, 799.2602194053385, 275.6389100031977, 0.0, 0.0, 0.0, 0.0, 0.0, 0.0, 809.0642358671976, 0.0, 147.73489957495525, 0.0, 0.0, 0.0, 0.0, 0.0, 0.0, 43.0736473913944, 0.0, 0.0, 0.0, 0.0, 0.0, 0.0, 758.9961754942997, 0.0, 0.0, 787.619629294843, 0.0, 0.0, 0.0, 781.8668475997827, 0.0, 182.1735431529649, 171.1989213786345, 0.0, 0.0, 0.0, 0.0, 0.0, 0.0, 0.0, 174.8706950164727, 0.0, 0.0, 0.0, 0.0, 285.30403625054237, 0.0, 62.407678712653784, 0.0, 0.0, 0.0, 0.0, 0.0, 800.9501213478989, 0.0, 0.0, 0.0, 241.0695697257388, 0.0, 0.0, 0.0, 0.0, 0.0, 0.0, 157.9215977662662, 769.4673968949867, 0.0, 0.0, 0.0, 0.0, 779.1537523230651, 0.0, 0.0, 0.0, 0.0, 126.4518871146322, 0.0, 0.0, 0.0, 0.0, 0.0, 0.0, 793.9365435555628, 0.0, 0.0, 0.0, 0.0, 0.0, 0.0, 271.9188716383715, 0.0, 797.3223017689199, 64.05098476856767, 282.9675404031882, 0.0, 0.0]
INFORMACIÓN : 41apuestaBundle [775.3184906440785, 262.3284396216242, 257.5674951925447]
INFORMACIÓN : 41positionsBundle [1028, 1281, 2462]
INFORMACIÓN : 41levelsBundle [3, 2, 2]
INFORMACIÓN : 41positionsOrdered [1281, 1028, 2462]
INFORMACIÓN : 41levelsOrdered [2, 3, 2]
INFORMACIÓN : 41partialityOrdered [2, 3, 2]
INFORMACIÓN : 41arrivalTimes [35.151785735006555, 46.905968529969016, 80.02695885332741]
