----------------------------------------------------------------------
-- Log session for [myBugCoalitionsCCBBAGuaiDEF-26] started on 2017.07.13.18.46.24 --
----------------------------------------------------------------------

INFORMACIÓN : I started
INFORMACIÓN : 0apuestaBundle [800.5089782057669, 792.7542916069644, 783.5352324956584, 775.928257859736, 769.216858719114]
INFORMACIÓN : 0positionsBundle [69, 26, 1028, 1280, 1616]
INFORMACIÓN : 0levelsBundle [3, 3, 3, 3, 3]
INFORMACIÓN : 0positionsOrdered [69, 26, 1028, 1280, 1616]
INFORMACIÓN : 0levelsOrdered [3, 3, 3, 3, 3]
INFORMACIÓN : 0partialityOrdered [3, 3, 3, 3, 3]
INFORMACIÓN : 0arrivalTimes [9.294384707191153, 16.36545251905663, 36.46520376129841, 41.85036856843291, 57.502844410931445]
INFORMACIÓN : I [MW]; lost Test.myBail@520281cc; POS 69; sensors [AB, IR]; level 3 I paid 800.5089782057669in favour of29@(myturtles,myturtles,bug)@MK-18426 paid 800.9501213478989
INFORMACIÓN : 1historia0[0.0, 0.0, 0.0, 0.0, 0.0, 0.0, 0.0, 0.0, 0.0, 0.0, 0.0, 0.0, 0.0, 0.0, 0.0, 803.6166434182963, 0.0, 0.0, 0.0, 0.0, 0.0, 0.0, 0.0, 785.0887569739725, 0.0, 0.0, 0.0, 0.0, 0.0, 0.0, 0.0, 0.0, 0.0, 0.0, 0.0, 0.0, 0.0, 0.0, 0.0, 0.0, 0.0, 0.0, 0.0, 776.1482442857598, 0.0, 0.0, 0.0, 0.0, 0.0, 0.0, 0.0, 0.0, 0.0, 0.0, 0.0, 0.0, 777.3137219263522, 0.0, 0.0, 0.0, 0.0, 0.0, 790.2154629744914, 0.0, 812.2387426480036, 0.0, 0.0, 0.0, 0.0, 0.0, 0.0, 0.0, 799.2602194053385, 0.0, 0.0, 0.0, 0.0, 0.0, 0.0, 0.0, 809.0642358671976, 0.0, 0.0, 0.0, 0.0, 0.0, 0.0, 0.0, 0.0, 0.0, 0.0, 0.0, 0.0, 0.0, 0.0, 0.0, 0.0, 0.0, 793.1231658312506, 777.7061791410551, 0.0, 0.0, 0.0, 767.900692456592, 0.0, 0.0, 0.0, 0.0, 0.0, 0.0, 0.0, 798.1637235097055, 0.0, 0.0, 0.0, 0.0, 0.0, 0.0, 0.0, 0.0, 0.0, 0.0, 0.0, 0.0, 0.0, 0.0, 0.0, 800.9501213478989, 0.0, 0.0, 0.0, 0.0, 0.0, 0.0, 0.0, 0.0, 0.0, 0.0, 0.0, 787.3404949222172, 0.0, 0.0, 0.0, 0.0, 779.7128231362004, 0.0, 0.0, 0.0, 0.0, 0.0, 0.0, 0.0, 0.0, 0.0, 0.0, 0.0, 793.9365435555628, 0.0, 0.0, 0.0, 0.0, 0.0, 0.0, 0.0, 0.0, 798.1313361761448, 0.0, 0.0, 0.0, 0.0]
INFORMACIÓN : 1apuestaBundle [787.4490116878417, 271.9188716383715, 270.6942945827235, 269.7297969782022, 255.68267086498892]
INFORMACIÓN : 1positionsBundle [1028, 1281, 1663, 439, 2216]
INFORMACIÓN : 1levelsBundle [3, 2, 2, 2, 2]
INFORMACIÓN : 1positionsOrdered [439, 1028, 1281, 1663, 2216]
INFORMACIÓN : 1levelsOrdered [2, 3, 2, 2, 2]
INFORMACIÓN : 1partialityOrdered [2, 3, 2, 2, 2]
INFORMACIÓN : 1arrivalTimes [24.72746786395969, 50.905968529969016, 56.736920424814315, 76.43463602840652, 87.83639027939789]
INFORMACIÓN : 2historia0[0.0, 0.0, 0.0, 0.0, 253.06088028406523, 0.0, 0.0, 0.0, 0.0, 0.0, 0.0, 0.0, 0.0, 0.0, 0.0, 803.3400396790485, 0.0, 0.0, 0.0, 0.0, 0.0, 0.0, 0.0, 787.4490116878417, 0.0, 0.0, 0.0, 0.0, 0.0, 0.0, 0.0, 0.0, 0.0, 0.0, 0.0, 0.0, 284.7971919219426, 0.0, 0.0, 0.0, 0.0, 0.0, 0.0, 0.0, 0.0, 0.0, 0.0, 0.0, 0.0, 0.0, 0.0, 0.0, 274.6046117454016, 292.09464373722835, 0.0, 0.0, 0.0, 0.0, 0.0, 0.0, 0.0, 0.0, 791.8167017547694, 0.0, 812.2387426480036, 262.3284396216242, 0.0, 255.68267086498892, 0.0, 0.0, 0.0, 0.0, 799.2602194053385, 269.7297969782022, 0.0, 0.0, 0.0, 0.0, 0.0, 0.0, 809.0642358671976, 0.0, 0.0, 0.0, 270.6942945827235, 0.0, 0.0, 0.0, 0.0, 0.0, 0.0, 0.0, 0.0, 0.0, 0.0, 0.0, 0.0, 0.0, 0.0, 777.7061791410551, 0.0, 0.0, 0.0, 767.900692456592, 0.0, 0.0, 0.0, 0.0, 0.0, 0.0, 0.0, 798.1637235097055, 0.0, 0.0, 0.0, 0.0, 0.0, 0.0, 0.0, 284.72837028472395, 0.0, 0.0, 0.0, 0.0, 0.0, 0.0, 0.0, 800.9501213478989, 0.0, 0.0, 0.0, 0.0, 0.0, 0.0, 0.0, 0.0, 166.04435779715635, 0.0, 0.0, 0.0, 0.0, 0.0, 0.0, 0.0, 0.0, 0.0, 0.0, 0.0, 0.0, 0.0, 0.0, 0.0, 0.0, 0.0, 0.0, 0.0, 793.9365435555628, 0.0, 0.0, 0.0, 0.0, 0.0, 0.0, 271.9188716383715, 0.0, 0.0, 0.0, 272.12485772595664, 0.0, 0.0]
INFORMACIÓN : 2apuestaBundle [787.4490116878417, 271.9188716383715, 270.6942945827235, 269.7297969782022, 255.68267086498892]
INFORMACIÓN : 2positionsBundle [1028, 1281, 1663, 439, 2216]
INFORMACIÓN : 2levelsBundle [3, 2, 2, 2, 2]
INFORMACIÓN : 2positionsOrdered [439, 1028, 1281, 1663, 2216]
INFORMACIÓN : 2levelsOrdered [2, 3, 2, 2, 2]
INFORMACIÓN : 2partialityOrdered [2, 3, 2, 2, 2]
INFORMACIÓN : 2arrivalTimes [24.72746786395969, 50.905968529969016, 56.736920424814315, 76.43463602840652, 87.83639027939789]
INFORMACIÓN : 3historia0[0.0, 0.0, 0.0, 0.0, 0.0, 0.0, 0.0, 0.0, 0.0, 0.0, 0.0, 0.0, 0.0, 0.0, 0.0, 803.3400396790485, 0.0, 0.0, 0.0, 372.5276932233651, 0.0, 0.0, 0.0, 787.4490116878417, 0.0, 0.0, 0.0, 0.0, 271.1143586238031, 0.0, 0.0, 0.0, 0.0, 0.0, 0.0, 0.0, 0.0, 372.5276932233651, 0.0, 0.0, 0.0, 0.0, 0.0, 775.2371611759978, 0.0, 0.0, 0.0, 0.0, 0.0, 0.0, 0.0, 0.0, 0.0, 292.09464373722835, 0.0, 0.0, 772.1524344392766, 0.0, 0.0, 195.2752789906408, 0.0, 0.0, 791.8167017547694, 0.0, 812.2387426480036, 267.1482949958595, 0.0, 255.68267086498892, 0.0, 0.0, 0.0, 0.0, 799.2602194053385, 269.7297969782022, 0.0, 0.0, 0.0, 0.0, 0.0, 240.29852937295368, 809.0642358671976, 361.11765890003744, 0.0, 0.0, 270.6942945827235, 0.0, 0.0, 0.0, 0.0, 0.0, 0.0, 0.0, 0.0, 0.0, 0.0, 0.0, 0.0, 0.0, 0.0, 0.0, 0.0, 0.0, 0.0, 0.0, 0.0, 0.0, 0.0, 0.0, 0.0, 0.0, 0.0, 798.1637235097055, 0.0, 0.0, 0.0, 0.0, 0.0, 0.0, 0.0, 284.72837028472395, 0.0, 0.0, 0.0, 0.0, 0.0, 0.0, 0.0, 800.9501213478989, 0.0, 0.0, 0.0, 241.0695697257388, 0.0, 0.0, 0.0, 0.0, 190.56807571439163, 0.0, 180.82874121926454, 0.0, 0.0, 0.0, 0.0, 0.0, 0.0, 0.0, 0.0, 0.0, 0.0, 0.0, 0.0, 0.0, 0.0, 0.0, 0.0, 0.0, 793.9365435555628, 0.0, 0.0, 0.0, 361.11765890003744, 0.0, 0.0, 271.9188716383715, 0.0, 782.7665304250824, 0.0, 279.13173726832315, 0.0, 0.0]
INFORMACIÓN : 3apuestaBundle [787.4490116878417, 271.9188716383715, 270.6942945827235, 269.7297969782022, 255.68267086498892]
INFORMACIÓN : 3positionsBundle [1028, 1281, 1663, 439, 2216]
INFORMACIÓN : 3levelsBundle [3, 2, 2, 2, 2]
INFORMACIÓN : 3positionsOrdered [439, 1028, 1281, 1663, 2216]
INFORMACIÓN : 3levelsOrdered [2, 3, 2, 2, 2]
INFORMACIÓN : 3partialityOrdered [2, 3, 2, 2, 2]
INFORMACIÓN : 3arrivalTimes [24.72746786395969, 50.905968529969016, 56.736920424814315, 76.43463602840652, 87.83639027939789]
INFORMACIÓN : 4historia0[0.0, 0.0, 0.0, 0.0, 0.0, 0.0, 0.0, 0.0, 0.0, 0.0, 0.0, 0.0, 0.0, 0.0, 0.0, 803.3400396790485, 0.0, 0.0, 0.0, 0.0, 0.0, 0.0, 0.0, 787.4490116878417, 0.0, 0.0, 0.0, 0.0, 271.1143586238031, 0.0, 0.0, 0.0, 0.0, 0.0, 0.0, 0.0, 262.77732264853665, 0.0, 0.0, 0.0, 0.0, 0.0, 0.0, 775.2371611759978, 0.0, 0.0, 0.0, 0.0, 0.0, 0.0, 159.95490248532775, 0.0, 0.0, 292.09464373722835, 0.0, 0.0, 772.1524344392766, 0.0, 0.0, 195.2752789906408, 0.0, 0.0, 791.8167017547694, 0.0, 812.2387426480036, 267.1482949958595, 0.0, 255.68267086498892, 0.0, 0.0, 0.0, 157.60136768574284, 799.2602194053385, 269.7297969782022, 0.0, 0.0, 0.0, 0.0, 0.0, 240.29852937295368, 809.0642358671976, 0.0, 153.97295090332906, 0.0, 270.6942945827235, 0.0, 0.0, 0.0, 0.0, 51.656755424389374, 0.0, 0.0, 0.0, 0.0, 0.0, 0.0, 0.0, 0.0, 0.0, 787.619629294843, 0.0, 0.0, 0.0, 767.900692456592, 0.0, 0.0, 158.98253829239184, 0.0, 0.0, 0.0, 0.0, 798.1637235097055, 0.0, 0.0, 0.0, 0.0, 0.0, 0.0, 0.0, 284.72837028472395, 0.0, 89.08478019065095, 0.0, 0.0, 0.0, 0.0, 0.0, 800.9501213478989, 0.0, 0.0, 0.0, 241.0695697257388, 0.0, 0.0, 0.0, 0.0, 190.56807571439163, 0.0, 170.59861128071094, 0.0, 0.0, 0.0, 0.0, 0.0, 0.0, 0.0, 0.0, 0.0, 0.0, 0.0, 0.0, 0.0, 0.0, 0.0, 0.0, 0.0, 793.9365435555628, 0.0, 0.0, 0.0, 0.0, 0.0, 0.0, 271.9188716383715, 0.0, 782.7665304250824, 0.0, 279.13173726832315, 0.0, 0.0]
INFORMACIÓN : 4apuestaBundle [787.4490116878417, 271.9188716383715, 270.6942945827235, 269.7297969782022, 255.68267086498892]
INFORMACIÓN : 4positionsBundle [1028, 1281, 1663, 439, 2216]
INFORMACIÓN : 4levelsBundle [3, 2, 2, 2, 2]
INFORMACIÓN : 4positionsOrdered [439, 1028, 1281, 1663, 2216]
INFORMACIÓN : 4levelsOrdered [2, 3, 2, 2, 2]
INFORMACIÓN : 4partialityOrdered [2, 3, 2, 2, 2]
INFORMACIÓN : 4arrivalTimes [24.72746786395969, 50.905968529969016, 56.736920424814315, 76.43463602840652, 87.83639027939789]
INFORMACIÓN : 5historia0[0.0, 0.0, 0.0, 0.0, 0.0, 0.0, 0.0, 0.0, 0.0, 0.0, 0.0, 0.0, 0.0, 0.0, 0.0, 803.3400396790485, 0.0, 0.0, 0.0, 0.0, 0.0, 0.0, 0.0, 787.4490116878417, 0.0, 0.0, 0.0, 0.0, 271.1143586238031, 0.0, 0.0, 0.0, 0.0, 0.0, 0.0, 0.0, 262.77732264853665, 0.0, 0.0, 0.0, 0.0, 0.0, 0.0, 775.2371611759978, 0.0, 0.0, 0.0, 0.0, 0.0, 0.0, 159.95490248532775, 0.0, 0.0, 292.09464373722835, 0.0, 0.0, 772.1524344392766, 0.0, 0.0, 195.2752789906408, 0.0, 0.0, 791.8167017547694, 0.0, 812.2387426480036, 267.1482949958595, 0.0, 255.68267086498892, 0.0, 0.0, 0.0, 157.60136768574284, 799.2602194053385, 269.7297969782022, 0.0, 0.0, 0.0, 0.0, 0.0, 258.36642880226026, 809.0642358671976, 0.0, 153.97295090332906, 0.0, 270.6942945827235, 0.0, 0.0, 0.0, 0.0, 51.656755424389374, 0.0, 0.0, 0.0, 0.0, 0.0, 0.0, 0.0, 0.0, 0.0, 787.619629294843, 0.0, 0.0, 0.0, 767.900692456592, 0.0, 155.32001995135715, 158.98253829239184, 0.0, 0.0, 0.0, 0.0, 798.1637235097055, 0.0, 0.0, 0.0, 0.0, 157.3062095027072, 0.0, 0.0, 284.72837028472395, 0.0, 89.08478019065095, 0.0, 0.0, 0.0, 0.0, 0.0, 800.9501213478989, 0.0, 0.0, 0.0, 241.0695697257388, 0.0, 0.0, 0.0, 0.0, 190.56807571439163, 0.0, 170.59861128071094, 0.0, 0.0, 0.0, 0.0, 0.0, 0.0, 0.0, 0.0, 0.0, 0.0, 126.4518871146322, 0.0, 0.0, 0.0, 0.0, 0.0, 0.0, 793.9365435555628, 0.0, 0.0, 0.0, 0.0, 0.0, 0.0, 271.9188716383715, 0.0, 782.7665304250824, 0.0, 279.13173726832315, 0.0, 0.0]
INFORMACIÓN : 5apuestaBundle [787.4490116878417, 271.9188716383715, 270.6942945827235, 269.7297969782022, 255.68267086498892]
INFORMACIÓN : 5positionsBundle [1028, 1281, 1663, 439, 2216]
INFORMACIÓN : 5levelsBundle [3, 2, 2, 2, 2]
INFORMACIÓN : 5positionsOrdered [439, 1028, 1281, 1663, 2216]
INFORMACIÓN : 5levelsOrdered [2, 3, 2, 2, 2]
INFORMACIÓN : 5partialityOrdered [2, 3, 2, 2, 2]
INFORMACIÓN : 5arrivalTimes [24.72746786395969, 50.905968529969016, 56.736920424814315, 76.43463602840652, 87.83639027939789]
INFORMACIÓN : 6historia0[0.0, 0.0, 0.0, 0.0, 0.0, 0.0, 0.0, 0.0, 0.0, 0.0, 0.0, 0.0, 0.0, 0.0, 0.0, 803.3400396790485, 0.0, 0.0, 0.0, 0.0, 0.0, 0.0, 0.0, 787.4490116878417, 0.0, 0.0, 0.0, 0.0, 271.1143586238031, 0.0, 0.0, 0.0, 0.0, 0.0, 0.0, 0.0, 262.77732264853665, 0.0, 0.0, 0.0, 0.0, 0.0, 0.0, 775.2371611759978, 0.0, 0.0, 0.0, 0.0, 0.0, 0.0, 159.95490248532775, 0.0, 0.0, 292.09464373722835, 0.0, 0.0, 772.1524344392766, 0.0, 0.0, 195.2752789906408, 0.0, 0.0, 791.8167017547694, 0.0, 812.2387426480036, 267.1482949958595, 0.0, 255.68267086498892, 0.0, 0.0, 0.0, 157.60136768574284, 799.2602194053385, 269.7297969782022, 0.0, 0.0, 0.0, 0.0, 0.0, 258.36642880226026, 809.0642358671976, 0.0, 153.97295090332906, 0.0, 270.6942945827235, 0.0, 0.0, 0.0, 0.0, 51.656755424389374, 0.0, 0.0, 0.0, 0.0, 0.0, 0.0, 0.0, 0.0, 0.0, 787.619629294843, 0.0, 0.0, 0.0, 767.900692456592, 0.0, 0.0, 158.98253829239184, 0.0, 0.0, 0.0, 0.0, 798.1637235097055, 0.0, 0.0, 0.0, 0.0, 167.67608298711684, 0.0, 0.0, 284.72837028472395, 0.0, 89.08478019065095, 0.0, 0.0, 0.0, 0.0, 0.0, 800.9501213478989, 0.0, 0.0, 0.0, 241.0695697257388, 0.0, 0.0, 0.0, 0.0, 190.56807571439163, 0.0, 170.59861128071094, 0.0, 0.0, 0.0, 0.0, 0.0, 0.0, 0.0, 0.0, 0.0, 0.0, 126.4518871146322, 0.0, 0.0, 0.0, 0.0, 0.0, 0.0, 793.9365435555628, 0.0, 0.0, 0.0, 0.0, 0.0, 0.0, 271.9188716383715, 0.0, 782.7665304250824, 0.0, 279.13173726832315, 0.0, 0.0]
INFORMACIÓN : 6apuestaBundle [787.4490116878417, 271.9188716383715, 270.6942945827235, 269.7297969782022, 255.68267086498892]
INFORMACIÓN : 6positionsBundle [1028, 1281, 1663, 439, 2216]
INFORMACIÓN : 6levelsBundle [3, 2, 2, 2, 2]
INFORMACIÓN : 6positionsOrdered [439, 1028, 1281, 1663, 2216]
INFORMACIÓN : 6levelsOrdered [2, 3, 2, 2, 2]
INFORMACIÓN : 6partialityOrdered [2, 3, 2, 2, 2]
INFORMACIÓN : 6arrivalTimes [24.72746786395969, 50.905968529969016, 56.736920424814315, 76.43463602840652, 87.83639027939789]
INFORMACIÓN : 7historia0[0.0, 0.0, 0.0, 0.0, 0.0, 0.0, 0.0, 0.0, 0.0, 0.0, 0.0, 0.0, 0.0, 0.0, 0.0, 803.3400396790485, 0.0, 0.0, 0.0, 0.0, 0.0, 0.0, 0.0, 787.4490116878417, 0.0, 0.0, 0.0, 0.0, 271.1143586238031, 0.0, 0.0, 0.0, 0.0, 0.0, 0.0, 0.0, 262.77732264853665, 0.0, 0.0, 0.0, 0.0, 0.0, 0.0, 775.2371611759978, 0.0, 0.0, 0.0, 0.0, 0.0, 0.0, 159.95490248532775, 0.0, 0.0, 292.09464373722835, 0.0, 0.0, 772.1524344392766, 0.0, 0.0, 195.2752789906408, 0.0, 0.0, 791.8167017547694, 0.0, 812.2387426480036, 267.1482949958595, 0.0, 255.68267086498892, 0.0, 0.0, 0.0, 157.60136768574284, 799.2602194053385, 269.7297969782022, 0.0, 0.0, 0.0, 0.0, 0.0, 258.36642880226026, 809.0642358671976, 0.0, 153.97295090332906, 0.0, 270.6942945827235, 0.0, 0.0, 0.0, 0.0, 51.656755424389374, 0.0, 0.0, 0.0, 0.0, 0.0, 0.0, 0.0, 0.0, 0.0, 787.619629294843, 0.0, 0.0, 0.0, 767.900692456592, 0.0, 161.02134586789816, 158.98253829239184, 0.0, 0.0, 0.0, 0.0, 798.1637235097055, 0.0, 0.0, 0.0, 0.0, 0.0, 0.0, 0.0, 284.72837028472395, 0.0, 89.08478019065095, 0.0, 0.0, 0.0, 0.0, 0.0, 800.9501213478989, 0.0, 0.0, 0.0, 241.0695697257388, 0.0, 0.0, 0.0, 0.0, 190.56807571439163, 0.0, 170.59861128071094, 0.0, 0.0, 0.0, 0.0, 0.0, 0.0, 0.0, 0.0, 0.0, 0.0, 126.4518871146322, 0.0, 0.0, 0.0, 0.0, 0.0, 0.0, 793.9365435555628, 0.0, 0.0, 0.0, 0.0, 0.0, 0.0, 271.9188716383715, 0.0, 782.7665304250824, 0.0, 279.13173726832315, 0.0, 0.0]
INFORMACIÓN : 7apuestaBundle [787.4490116878417, 271.9188716383715, 270.6942945827235, 269.7297969782022, 255.68267086498892]
INFORMACIÓN : 7positionsBundle [1028, 1281, 1663, 439, 2216]
INFORMACIÓN : 7levelsBundle [3, 2, 2, 2, 2]
INFORMACIÓN : 7positionsOrdered [439, 1028, 1281, 1663, 2216]
INFORMACIÓN : 7levelsOrdered [2, 3, 2, 2, 2]
INFORMACIÓN : 7partialityOrdered [2, 3, 2, 2, 2]
INFORMACIÓN : 7arrivalTimes [24.72746786395969, 50.905968529969016, 56.736920424814315, 76.43463602840652, 87.83639027939789]
INFORMACIÓN : 8historia0[0.0, 0.0, 0.0, 0.0, 0.0, 0.0, 0.0, 0.0, 0.0, 0.0, 0.0, 0.0, 0.0, 0.0, 0.0, 803.3400396790485, 0.0, 0.0, 0.0, 0.0, 0.0, 0.0, 0.0, 787.4490116878417, 0.0, 0.0, 0.0, 0.0, 271.1143586238031, 0.0, 0.0, 0.0, 0.0, 0.0, 0.0, 0.0, 262.77732264853665, 0.0, 0.0, 0.0, 0.0, 0.0, 0.0, 775.2371611759978, 0.0, 0.0, 0.0, 0.0, 0.0, 0.0, 159.95490248532775, 0.0, 0.0, 292.09464373722835, 0.0, 0.0, 772.1524344392766, 0.0, 0.0, 195.2752789906408, 0.0, 0.0, 791.8167017547694, 0.0, 812.2387426480036, 267.1482949958595, 0.0, 255.68267086498892, 0.0, 0.0, 0.0, 157.60136768574284, 799.2602194053385, 269.7297969782022, 0.0, 0.0, 0.0, 0.0, 0.0, 258.36642880226026, 809.0642358671976, 0.0, 153.97295090332906, 0.0, 270.6942945827235, 0.0, 0.0, 0.0, 0.0, 51.656755424389374, 0.0, 0.0, 0.0, 0.0, 0.0, 0.0, 0.0, 0.0, 0.0, 787.619629294843, 0.0, 0.0, 0.0, 767.900692456592, 0.0, 161.02134586789816, 158.98253829239184, 0.0, 0.0, 0.0, 0.0, 798.1637235097055, 0.0, 0.0, 0.0, 0.0, 0.0, 0.0, 0.0, 284.72837028472395, 0.0, 89.08478019065095, 0.0, 0.0, 0.0, 0.0, 0.0, 800.9501213478989, 0.0, 0.0, 0.0, 241.0695697257388, 0.0, 0.0, 0.0, 0.0, 190.56807571439163, 0.0, 170.59861128071094, 0.0, 0.0, 0.0, 0.0, 0.0, 0.0, 0.0, 0.0, 0.0, 0.0, 126.4518871146322, 0.0, 0.0, 0.0, 0.0, 0.0, 0.0, 793.9365435555628, 0.0, 0.0, 0.0, 0.0, 0.0, 0.0, 271.9188716383715, 0.0, 782.7665304250824, 0.0, 279.13173726832315, 0.0, 0.0]
INFORMACIÓN : 8apuestaBundle [787.4490116878417, 271.9188716383715, 270.6942945827235, 269.7297969782022, 255.68267086498892]
INFORMACIÓN : 8positionsBundle [1028, 1281, 1663, 439, 2216]
INFORMACIÓN : 8levelsBundle [3, 2, 2, 2, 2]
INFORMACIÓN : 8positionsOrdered [439, 1028, 1281, 1663, 2216]
INFORMACIÓN : 8levelsOrdered [2, 3, 2, 2, 2]
INFORMACIÓN : 8partialityOrdered [2, 3, 2, 2, 2]
INFORMACIÓN : 8arrivalTimes [24.72746786395969, 50.905968529969016, 56.736920424814315, 76.43463602840652, 87.83639027939789]
INFORMACIÓN : 9historia0[0.0, 0.0, 0.0, 0.0, 0.0, 0.0, 0.0, 0.0, 0.0, 0.0, 0.0, 0.0, 0.0, 0.0, 0.0, 803.3400396790485, 0.0, 0.0, 0.0, 0.0, 0.0, 0.0, 0.0, 787.4490116878417, 0.0, 0.0, 0.0, 0.0, 271.1143586238031, 0.0, 0.0, 0.0, 0.0, 0.0, 0.0, 0.0, 262.77732264853665, 0.0, 0.0, 0.0, 0.0, 0.0, 0.0, 775.2371611759978, 0.0, 0.0, 0.0, 0.0, 0.0, 0.0, 0.0, 0.0, 0.0, 292.09464373722835, 0.0, 0.0, 772.1524344392766, 0.0, 0.0, 195.2752789906408, 0.0, 0.0, 791.8167017547694, 0.0, 812.2387426480036, 267.1482949958595, 0.0, 255.68267086498892, 0.0, 0.0, 0.0, 0.0, 799.2602194053385, 269.7297969782022, 0.0, 0.0, 0.0, 0.0, 0.0, 258.36642880226026, 809.0642358671976, 0.0, 0.0, 0.0, 270.6942945827235, 0.0, 0.0, 0.0, 0.0, 51.656755424389374, 0.0, 0.0, 0.0, 0.0, 0.0, 0.0, 0.0, 0.0, 0.0, 787.619629294843, 0.0, 0.0, 0.0, 767.900692456592, 0.0, 161.02134586789816, 0.0, 0.0, 0.0, 0.0, 0.0, 0.0, 0.0, 0.0, 0.0, 0.0, 0.0, 0.0, 0.0, 284.72837028472395, 0.0, 89.08478019065095, 0.0, 0.0, 0.0, 0.0, 0.0, 800.9501213478989, 0.0, 0.0, 0.0, 241.0695697257388, 0.0, 0.0, 0.0, 0.0, 190.56807571439163, 0.0, 170.59861128071094, 0.0, 0.0, 0.0, 0.0, 0.0, 0.0, 0.0, 0.0, 0.0, 0.0, 126.4518871146322, 0.0, 0.0, 0.0, 0.0, 0.0, 0.0, 793.9365435555628, 0.0, 0.0, 0.0, 0.0, 0.0, 0.0, 271.9188716383715, 0.0, 782.7665304250824, 0.0, 279.13173726832315, 0.0, 0.0]
INFORMACIÓN : 9apuestaBundle [787.4490116878417, 271.9188716383715, 270.6942945827235, 269.7297969782022, 255.68267086498892]
INFORMACIÓN : 9positionsBundle [1028, 1281, 1663, 439, 2216]
INFORMACIÓN : 9levelsBundle [3, 2, 2, 2, 2]
INFORMACIÓN : 9positionsOrdered [439, 1028, 1281, 1663, 2216]
INFORMACIÓN : 9levelsOrdered [2, 3, 2, 2, 2]
INFORMACIÓN : 9partialityOrdered [2, 3, 2, 2, 2]
INFORMACIÓN : 9arrivalTimes [24.72746786395969, 50.905968529969016, 56.736920424814315, 76.43463602840652, 87.83639027939789]
INFORMACIÓN : depSat position 1028 level 3
INFORMACIÓN : depSat position 439 level 2
INFORMACIÓN : I [MW]; lost Test.myBail@4d72d55f; POS 1028; sensors [AB, IR]; level 3 I paid 787.4490116878417in favour ofnull paid 787.4490116878417
INFORMACIÓN : 10historia0[0.0, 0.0, 0.0, 0.0, 0.0, 0.0, 0.0, 0.0, 0.0, 0.0, 0.0, 0.0, 0.0, 0.0, 0.0, 803.3400396790485, 0.0, 0.0, 0.0, 0.0, 0.0, 0.0, 0.0, 0.0, 0.0, 0.0, 0.0, 0.0, 271.1143586238031, 0.0, 0.0, 0.0, 0.0, 0.0, 0.0, 0.0, 262.77732264853665, 0.0, 0.0, 0.0, 0.0, 0.0, 0.0, 775.2371611759978, 0.0, 0.0, 0.0, 0.0, 0.0, 0.0, 0.0, 0.0, 0.0, 0.0, 0.0, 0.0, 777.0271995929622, 0.0, 0.0, 195.2752789906408, 0.0, 0.0, 791.8167017547694, 0.0, 812.2387426480036, 0.0, 0.0, 0.0, 0.0, 0.0, 0.0, 0.0, 799.2602194053385, 0.0, 0.0, 0.0, 0.0, 0.0, 0.0, 258.36642880226026, 809.0642358671976, 0.0, 0.0, 0.0, 0.0, 0.0, 0.0, 0.0, 0.0, 51.656755424389374, 0.0, 0.0, 0.0, 0.0, 0.0, 0.0, 759.468615450553, 0.0, 0.0, 787.619629294843, 0.0, 0.0, 0.0, 767.7286008536003, 0.0, 0.0, 0.0, 0.0, 0.0, 0.0, 0.0, 0.0, 0.0, 0.0, 0.0, 0.0, 167.84817459010856, 0.0, 0.0, 284.72837028472395, 0.0, 89.08478019065095, 0.0, 0.0, 0.0, 0.0, 0.0, 800.9501213478989, 0.0, 0.0, 0.0, 0.0, 0.0, 0.0, 0.0, 0.0, 0.0, 0.0, 0.0, 0.0, 0.0, 0.0, 0.0, 0.0, 779.0723752730842, 0.0, 0.0, 0.0, 0.0, 0.0, 0.0, 0.0, 0.0, 0.0, 0.0, 0.0, 793.9365435555628, 0.0, 0.0, 0.0, 0.0, 0.0, 0.0, 0.0, 0.0, 0.0, 0.0, 0.0, 0.0, 0.0]
INFORMACIÓN : 10apuestaBundle [787.6117352694845, 762.8400781254575, 271.9188716383715, 270.6942945827235, 269.7297969782022]
INFORMACIÓN : 10positionsBundle [1028, 1838, 1281, 1663, 439]
INFORMACIÓN : 10levelsBundle [3, 3, 2, 2, 2]
INFORMACIÓN : 10positionsOrdered [1281, 1028, 1838, 1663, 439]
INFORMACIÓN : 10levelsOrdered [2, 3, 3, 2, 2]
INFORMACIÓN : 10partialityOrdered [2, 3, 3, 2, 2]
INFORMACIÓN : 10arrivalTimes [23.122424299613776, 46.905968529969016, 65.77393079408222, 90.95328741811056, 127.02266501185343]
INFORMACIÓN : 11historia0[0.0, 0.0, 0.0, 0.0, 0.0, 0.0, 0.0, 0.0, 0.0, 0.0, 0.0, 0.0, 0.0, 0.0, 0.0, 803.3400396790485, 0.0, 0.0, 0.0, 0.0, 0.0, 0.0, 0.0, 787.6117352694845, 0.0, 768.5335744465737, 0.0, 0.0, 0.0, 0.0, 0.0, 0.0, 0.0, 0.0, 0.0, 0.0, 287.523349039167, 0.0, 0.0, 0.0, 0.0, 0.0, 0.0, 775.6087844119361, 0.0, 0.0, 0.0, 0.0, 0.0, 0.0, 0.0, 0.0, 0.0, 292.09464373722835, 0.0, 0.0, 0.0, 0.0, 0.0, 0.0, 0.0, 0.0, 791.9795790006347, 0.0, 812.2387426480036, 0.0, 0.0, 0.0, 0.0, 0.0, 0.0, 0.0, 799.2602194053385, 269.7297969782022, 0.0, 0.0, 0.0, 0.0, 0.0, 258.36642880226026, 809.0642358671976, 0.0, 0.0, 0.0, 270.6942945827235, 0.0, 0.0, 0.0, 0.0, 0.0, 0.0, 0.0, 0.0, 0.0, 0.0, 0.0, 762.8400781254575, 0.0, 0.0, 787.619629294843, 0.0, 0.0, 0.0, 767.7286008536003, 0.0, 0.0, 0.0, 0.0, 0.0, 0.0, 0.0, 786.882679959197, 0.0, 0.0, 0.0, 0.0, 167.84817459010856, 0.0, 0.0, 285.30403625054237, 0.0, 0.0, 0.0, 0.0, 0.0, 0.0, 0.0, 800.9501213478989, 0.0, 0.0, 0.0, 0.0, 0.0, 0.0, 0.0, 0.0, 162.20083909216441, 0.0, 180.82874121926454, 769.4673968949867, 0.0, 0.0, 0.0, 0.0, 0.0, 0.0, 0.0, 0.0, 0.0, 0.0, 0.0, 0.0, 0.0, 0.0, 0.0, 0.0, 793.9365435555628, 0.0, 0.0, 60.153832814621815, 0.0, 0.0, 0.0, 271.9188716383715, 0.0, 797.1804215813274, 0.0, 0.0, 0.0, 0.0]
INFORMACIÓN : 11apuestaBundle [787.6117352694845, 762.8400781254575, 271.9188716383715, 270.6942945827235, 269.7297969782022]
INFORMACIÓN : 11positionsBundle [1028, 1838, 1281, 1663, 439]
INFORMACIÓN : 11levelsBundle [3, 3, 2, 2, 2]
INFORMACIÓN : 11positionsOrdered [1281, 1028, 1838, 1663, 439]
INFORMACIÓN : 11levelsOrdered [2, 3, 3, 2, 2]
INFORMACIÓN : 11partialityOrdered [2, 3, 3, 2, 2]
INFORMACIÓN : 11arrivalTimes [23.122424299613776, 46.905968529969016, 65.77393079408222, 90.95328741811056, 127.02266501185343]
INFORMACIÓN : 12historia0[0.0, 0.0, 0.0, 0.0, 266.22425716779253, 0.0, 0.0, 0.0, 0.0, 0.0, 0.0, 0.0, 0.0, 0.0, 0.0, 803.3400396790485, 0.0, 0.0, 0.0, 0.0, 0.0, 0.0, 0.0, 787.6117352694845, 0.0, 0.0, 0.0, 0.0, 281.15840206935377, 38.17241903982392, 0.0, 0.0, 0.0, 0.0, 0.0, 0.0, 287.523349039167, 0.0, 0.0, 0.0, 0.0, 0.0, 0.0, 0.0, 0.0, 0.0, 0.0, 0.0, 0.0, 0.0, 0.0, 0.0, 283.39081773798983, 292.09464373722835, 0.0, 0.0, 772.3151951772525, 0.0, 275.6085162473689, 0.0, 0.0, 0.0, 795.02027163655, 0.0, 812.2387426480036, 0.0, 0.0, 0.0, 0.0, 0.0, 0.0, 0.0, 799.2602194053385, 269.7297969782022, 0.0, 0.0, 0.0, 0.0, 0.0, 258.36642880226026, 809.0642358671976, 0.0, 0.0, 0.0, 270.6942945827235, 0.0, 0.0, 0.0, 0.0, 43.0736473913944, 0.0, 0.0, 0.0, 0.0, 0.0, 0.0, 762.8400781254575, 0.0, 0.0, 787.619629294843, 0.0, 0.0, 0.0, 767.7286008536003, 0.0, 161.19343747088988, 0.0, 0.0, 0.0, 0.0, 0.0, 0.0, 0.0, 0.0, 0.0, 0.0, 0.0, 0.0, 0.0, 0.0, 0.0, 56.15060400616193, 0.0, 0.0, 0.0, 0.0, 0.0, 800.9501213478989, 0.0, 0.0, 0.0, 0.0, 0.0, 0.0, 0.0, 0.0, 193.09558821189506, 0.0, 176.99985492770054, 769.4673968949867, 0.0, 0.0, 38.17241903982392, 0.0, 768.763868595669, 0.0, 0.0, 0.0, 0.0, 0.0, 0.0, 0.0, 0.0, 0.0, 0.0, 0.0, 793.9365435555628, 0.0, 0.0, 0.0, 0.0, 0.0, 0.0, 271.9188716383715, 0.0, 797.1804215813274, 0.0, 0.0, 0.0, 0.0]
INFORMACIÓN : 12apuestaBundle [787.6117352694845, 762.8400781254575, 271.9188716383715, 270.6942945827235, 269.7297969782022]
INFORMACIÓN : 12positionsBundle [1028, 1838, 1281, 1663, 439]
INFORMACIÓN : 12levelsBundle [3, 3, 2, 2, 2]
INFORMACIÓN : 12positionsOrdered [1281, 1028, 1838, 1663, 439]
INFORMACIÓN : 12levelsOrdered [2, 3, 3, 2, 2]
INFORMACIÓN : 12partialityOrdered [2, 3, 3, 2, 2]
INFORMACIÓN : 12arrivalTimes [23.122424299613776, 46.905968529969016, 65.77393079408222, 90.95328741811056, 127.02266501185343]
INFORMACIÓN : 13historia0[0.0, 0.0, 0.0, 0.0, 266.22425716779253, 0.0, 0.0, 0.0, 0.0, 0.0, 0.0, 0.0, 0.0, 0.0, 0.0, 803.3400396790485, 0.0, 0.0, 0.0, 0.0, 0.0, 0.0, 0.0, 787.6117352694845, 0.0, 0.0, 0.0, 0.0, 281.15840206935377, 0.0, 0.0, 0.0, 0.0, 0.0, 0.0, 0.0, 287.523349039167, 0.0, 0.0, 0.0, 0.0, 0.0, 0.0, 0.0, 0.0, 0.0, 0.0, 0.0, 0.0, 0.0, 0.0, 0.0, 0.0, 292.09464373722835, 0.0, 0.0, 772.3151951772525, 0.0, 275.6085162473689, 195.2752789906408, 0.0, 0.0, 795.02027163655, 0.0, 812.2387426480036, 0.0, 0.0, 0.0, 0.0, 0.0, 0.0, 176.88607863499556, 799.2602194053385, 269.7297969782022, 37.951563662390186, 0.0, 0.0, 0.0, 0.0, 258.36642880226026, 809.0642358671976, 0.0, 0.0, 0.0, 270.6942945827235, 0.0, 0.0, 0.0, 0.0, 51.656755424389374, 0.0, 0.0, 0.0, 0.0, 0.0, 0.0, 762.8400781254575, 0.0, 0.0, 787.619629294843, 0.0, 0.0, 0.0, 767.7286008536003, 0.0, 161.19343747088988, 171.1989213786345, 0.0, 0.0, 0.0, 0.0, 0.0, 0.0, 0.0, 174.8706950164727, 0.0, 0.0, 0.0, 0.0, 285.30403625054237, 0.0, 89.08478019065095, 0.0, 0.0, 0.0, 0.0, 0.0, 800.9501213478989, 0.0, 0.0, 0.0, 0.0, 0.0, 0.0, 0.0, 0.0, 193.09558821189506, 0.0, 170.59861128071094, 769.4673968949867, 0.0, 0.0, 0.0, 0.0, 768.763868595669, 0.0, 0.0, 0.0, 0.0, 0.0, 0.0, 0.0, 0.0, 0.0, 0.0, 0.0, 793.9365435555628, 0.0, 0.0, 0.0, 0.0, 0.0, 0.0, 271.9188716383715, 0.0, 797.1804215813274, 0.0, 0.0, 0.0, 0.0]
INFORMACIÓN : 13apuestaBundle [787.6117352694845, 762.8400781254575, 271.9188716383715, 270.6942945827235, 269.7297969782022]
INFORMACIÓN : 13positionsBundle [1028, 1838, 1281, 1663, 439]
INFORMACIÓN : 13levelsBundle [3, 3, 2, 2, 2]
INFORMACIÓN : 13positionsOrdered [1281, 1028, 1838, 1663, 439]
INFORMACIÓN : 13levelsOrdered [2, 3, 3, 2, 2]
INFORMACIÓN : 13partialityOrdered [2, 3, 3, 2, 2]
INFORMACIÓN : 13arrivalTimes [23.122424299613776, 46.905968529969016, 65.77393079408222, 90.95328741811056, 127.02266501185343]
INFORMACIÓN : 14historia0[0.0, 0.0, 0.0, 0.0, 266.22425716779253, 0.0, 0.0, 0.0, 0.0, 0.0, 0.0, 0.0, 0.0, 0.0, 0.0, 803.3400396790485, 0.0, 0.0, 0.0, 0.0, 0.0, 0.0, 0.0, 787.6117352694845, 0.0, 0.0, 0.0, 0.0, 281.15840206935377, 0.0, 0.0, 0.0, 0.0, 0.0, 0.0, 0.0, 287.523349039167, 0.0, 0.0, 0.0, 0.0, 0.0, 0.0, 0.0, 0.0, 0.0, 0.0, 0.0, 0.0, 0.0, 0.0, 0.0, 0.0, 292.09464373722835, 0.0, 0.0, 772.3151951772525, 0.0, 275.6085162473689, 195.2752789906408, 0.0, 0.0, 795.02027163655, 0.0, 812.2387426480036, 0.0, 0.0, 0.0, 0.0, 0.0, 0.0, 176.88607863499556, 799.2602194053385, 269.7297969782022, 0.0, 0.0, 0.0, 0.0, 0.0, 258.36642880226026, 809.0642358671976, 0.0, 147.73489957495525, 0.0, 270.6942945827235, 0.0, 0.0, 0.0, 0.0, 51.656755424389374, 0.0, 0.0, 0.0, 0.0, 0.0, 0.0, 762.8400781254575, 0.0, 0.0, 787.619629294843, 0.0, 0.0, 0.0, 767.7286008536003, 0.0, 161.19343747088988, 171.1989213786345, 0.0, 0.0, 0.0, 0.0, 0.0, 0.0, 0.0, 174.8706950164727, 0.0, 0.0, 0.0, 0.0, 285.30403625054237, 0.0, 0.0, 0.0, 0.0, 0.0, 0.0, 0.0, 800.9501213478989, 0.0, 0.0, 0.0, 0.0, 0.0, 0.0, 0.0, 0.0, 193.09558821189506, 0.0, 176.99985492770054, 769.4673968949867, 0.0, 0.0, 0.0, 0.0, 768.763868595669, 0.0, 0.0, 0.0, 0.0, 126.4518871146322, 0.0, 0.0, 0.0, 0.0, 0.0, 0.0, 793.9365435555628, 0.0, 0.0, 0.0, 0.0, 0.0, 0.0, 271.9188716383715, 0.0, 797.1804215813274, 0.0, 0.0, 0.0, 0.0]
INFORMACIÓN : 14apuestaBundle [787.6117352694845, 762.8400781254575, 271.9188716383715, 270.6942945827235, 269.7297969782022]
INFORMACIÓN : 14positionsBundle [1028, 1838, 1281, 1663, 439]
INFORMACIÓN : 14levelsBundle [3, 3, 2, 2, 2]
INFORMACIÓN : 14positionsOrdered [1281, 1028, 1838, 1663, 439]
INFORMACIÓN : 14levelsOrdered [2, 3, 3, 2, 2]
INFORMACIÓN : 14partialityOrdered [2, 3, 3, 2, 2]
INFORMACIÓN : 14arrivalTimes [23.122424299613776, 46.905968529969016, 65.77393079408222, 90.95328741811056, 127.02266501185343]
INFORMACIÓN : 15historia0[0.0, 0.0, 0.0, 0.0, 266.22425716779253, 0.0, 0.0, 0.0, 0.0, 0.0, 0.0, 0.0, 0.0, 0.0, 0.0, 803.3400396790485, 0.0, 0.0, 0.0, 0.0, 0.0, 0.0, 0.0, 787.6117352694845, 0.0, 0.0, 0.0, 0.0, 281.15840206935377, 0.0, 0.0, 0.0, 0.0, 0.0, 0.0, 0.0, 287.523349039167, 0.0, 0.0, 0.0, 0.0, 0.0, 0.0, 0.0, 0.0, 0.0, 0.0, 0.0, 0.0, 0.0, 0.0, 0.0, 0.0, 292.09464373722835, 0.0, 0.0, 772.3151951772525, 0.0, 275.6085162473689, 195.2752789906408, 0.0, 0.0, 795.02027163655, 0.0, 812.2387426480036, 0.0, 0.0, 0.0, 0.0, 0.0, 0.0, 176.88607863499556, 799.2602194053385, 269.7297969782022, 0.0, 0.0, 0.0, 0.0, 0.0, 258.36642880226026, 809.0642358671976, 0.0, 147.73489957495525, 0.0, 270.6942945827235, 0.0, 0.0, 0.0, 0.0, 51.656755424389374, 0.0, 0.0, 0.0, 0.0, 0.0, 0.0, 762.8400781254575, 0.0, 0.0, 787.619629294843, 0.0, 0.0, 21.109647586575115, 767.7286008536003, 0.0, 161.19343747088988, 171.1989213786345, 0.0, 0.0, 0.0, 0.0, 0.0, 0.0, 0.0, 174.8706950164727, 0.0, 0.0, 0.0, 0.0, 285.30403625054237, 0.0, 75.5268018979126, 0.0, 0.0, 0.0, 0.0, 0.0, 800.9501213478989, 0.0, 0.0, 0.0, 0.0, 0.0, 0.0, 0.0, 0.0, 193.09558821189506, 0.0, 176.99985492770054, 769.4673968949867, 0.0, 0.0, 0.0, 0.0, 768.763868595669, 0.0, 0.0, 0.0, 0.0, 126.4518871146322, 0.0, 0.0, 0.0, 0.0, 0.0, 0.0, 793.9365435555628, 0.0, 0.0, 0.0, 0.0, 0.0, 0.0, 271.9188716383715, 0.0, 797.1804215813274, 0.0, 0.0, 0.0, 0.0]
INFORMACIÓN : 15apuestaBundle [787.6117352694845, 762.8400781254575, 271.9188716383715, 270.6942945827235, 269.7297969782022]
INFORMACIÓN : 15positionsBundle [1028, 1838, 1281, 1663, 439]
INFORMACIÓN : 15levelsBundle [3, 3, 2, 2, 2]
INFORMACIÓN : 15positionsOrdered [1281, 1028, 1838, 1663, 439]
INFORMACIÓN : 15levelsOrdered [2, 3, 3, 2, 2]
INFORMACIÓN : 15partialityOrdered [2, 3, 3, 2, 2]
INFORMACIÓN : 15arrivalTimes [23.122424299613776, 46.905968529969016, 65.77393079408222, 90.95328741811056, 127.02266501185343]
INFORMACIÓN : 16historia0[0.0, 0.0, 0.0, 0.0, 266.22425716779253, 0.0, 0.0, 0.0, 0.0, 0.0, 0.0, 0.0, 0.0, 0.0, 0.0, 803.3400396790485, 0.0, 0.0, 0.0, 0.0, 0.0, 0.0, 0.0, 787.6117352694845, 0.0, 0.0, 0.0, 0.0, 281.15840206935377, 0.0, 0.0, 0.0, 0.0, 0.0, 0.0, 0.0, 287.523349039167, 0.0, 0.0, 0.0, 0.0, 0.0, 0.0, 0.0, 0.0, 0.0, 0.0, 0.0, 0.0, 0.0, 0.0, 0.0, 0.0, 292.09464373722835, 0.0, 0.0, 772.3151951772525, 0.0, 275.6085162473689, 195.2752789906408, 0.0, 0.0, 795.02027163655, 0.0, 812.2387426480036, 0.0, 0.0, 0.0, 0.0, 0.0, 0.0, 176.88607863499556, 799.2602194053385, 269.7297969782022, 0.0, 0.0, 0.0, 0.0, 0.0, 258.36642880226026, 809.0642358671976, 0.0, 147.73489957495525, 0.0, 270.6942945827235, 0.0, 0.0, 0.0, 0.0, 51.656755424389374, 0.0, 0.0, 0.0, 0.0, 0.0, 0.0, 762.8400781254575, 0.0, 0.0, 787.619629294843, 0.0, 0.0, 0.0, 767.7286008536003, 0.0, 161.19343747088988, 171.1989213786345, 0.0, 0.0, 0.0, 0.0, 0.0, 0.0, 0.0, 174.8706950164727, 0.0, 0.0, 0.0, 0.0, 285.30403625054237, 0.0, 75.5268018979126, 0.0, 0.0, 0.0, 0.0, 0.0, 800.9501213478989, 0.0, 0.0, 0.0, 0.0, 0.0, 0.0, 0.0, 0.0, 193.09558821189506, 0.0, 176.99985492770054, 769.4673968949867, 0.0, 0.0, 0.0, 0.0, 768.763868595669, 0.0, 0.0, 0.0, 0.0, 126.4518871146322, 0.0, 0.0, 0.0, 0.0, 0.0, 0.0, 793.9365435555628, 0.0, 0.0, 0.0, 0.0, 0.0, 0.0, 271.9188716383715, 0.0, 797.1804215813274, 0.0, 0.0, 0.0, 0.0]
INFORMACIÓN : 16apuestaBundle [787.6117352694845, 762.8400781254575, 271.9188716383715, 270.6942945827235, 269.7297969782022]
INFORMACIÓN : 16positionsBundle [1028, 1838, 1281, 1663, 439]
INFORMACIÓN : 16levelsBundle [3, 3, 2, 2, 2]
INFORMACIÓN : 16positionsOrdered [1281, 1028, 1838, 1663, 439]
INFORMACIÓN : 16levelsOrdered [2, 3, 3, 2, 2]
INFORMACIÓN : 16partialityOrdered [2, 3, 3, 2, 2]
INFORMACIÓN : 16arrivalTimes [23.122424299613776, 46.905968529969016, 65.77393079408222, 90.95328741811056, 127.02266501185343]
INFORMACIÓN : 17historia0[0.0, 0.0, 0.0, 0.0, 266.22425716779253, 0.0, 0.0, 0.0, 0.0, 0.0, 0.0, 0.0, 0.0, 0.0, 0.0, 803.3400396790485, 0.0, 0.0, 0.0, 0.0, 0.0, 0.0, 0.0, 787.6117352694845, 0.0, 0.0, 0.0, 0.0, 281.15840206935377, 0.0, 0.0, 0.0, 0.0, 0.0, 0.0, 0.0, 287.523349039167, 0.0, 0.0, 0.0, 0.0, 0.0, 0.0, 0.0, 0.0, 0.0, 0.0, 0.0, 0.0, 0.0, 0.0, 0.0, 0.0, 292.09464373722835, 0.0, 0.0, 772.3151951772525, 0.0, 275.6085162473689, 195.2752789906408, 0.0, 0.0, 795.02027163655, 0.0, 812.2387426480036, 0.0, 0.0, 0.0, 0.0, 0.0, 0.0, 176.88607863499556, 799.2602194053385, 269.7297969782022, 0.0, 0.0, 0.0, 0.0, 0.0, 258.36642880226026, 809.0642358671976, 0.0, 147.73489957495525, 0.0, 270.6942945827235, 0.0, 0.0, 0.0, 0.0, 51.656755424389374, 0.0, 0.0, 0.0, 0.0, 0.0, 0.0, 762.8400781254575, 0.0, 0.0, 787.619629294843, 0.0, 0.0, 0.0, 767.7286008536003, 0.0, 161.19343747088988, 171.1989213786345, 0.0, 0.0, 0.0, 0.0, 0.0, 0.0, 0.0, 174.8706950164727, 0.0, 0.0, 0.0, 0.0, 285.30403625054237, 0.0, 75.5268018979126, 0.0, 0.0, 0.0, 0.0, 0.0, 800.9501213478989, 0.0, 0.0, 0.0, 0.0, 0.0, 0.0, 0.0, 0.0, 193.09558821189506, 0.0, 176.99985492770054, 769.4673968949867, 0.0, 0.0, 0.0, 0.0, 768.763868595669, 0.0, 0.0, 0.0, 0.0, 126.4518871146322, 0.0, 0.0, 0.0, 0.0, 0.0, 0.0, 793.9365435555628, 0.0, 0.0, 0.0, 0.0, 0.0, 0.0, 271.9188716383715, 0.0, 797.1804215813274, 0.0, 0.0, 0.0, 0.0]
INFORMACIÓN : 17apuestaBundle [787.6117352694845, 762.8400781254575, 271.9188716383715, 270.6942945827235, 269.7297969782022]
INFORMACIÓN : 17positionsBundle [1028, 1838, 1281, 1663, 439]
INFORMACIÓN : 17levelsBundle [3, 3, 2, 2, 2]
INFORMACIÓN : 17positionsOrdered [1281, 1028, 1838, 1663, 439]
INFORMACIÓN : 17levelsOrdered [2, 3, 3, 2, 2]
INFORMACIÓN : 17partialityOrdered [2, 3, 3, 2, 2]
INFORMACIÓN : 17arrivalTimes [23.122424299613776, 46.905968529969016, 65.77393079408222, 90.95328741811056, 127.02266501185343]
INFORMACIÓN : 18historia0[0.0, 0.0, 0.0, 0.0, 266.22425716779253, 0.0, 0.0, 0.0, 0.0, 0.0, 0.0, 0.0, 0.0, 0.0, 0.0, 803.3400396790485, 0.0, 0.0, 0.0, 0.0, 0.0, 0.0, 0.0, 787.6117352694845, 0.0, 0.0, 0.0, 0.0, 281.15840206935377, 0.0, 0.0, 0.0, 0.0, 0.0, 0.0, 0.0, 287.523349039167, 0.0, 0.0, 0.0, 0.0, 0.0, 0.0, 0.0, 0.0, 0.0, 0.0, 0.0, 0.0, 0.0, 0.0, 0.0, 0.0, 292.09464373722835, 0.0, 0.0, 772.3151951772525, 0.0, 275.6085162473689, 195.2752789906408, 0.0, 0.0, 795.02027163655, 0.0, 812.2387426480036, 0.0, 0.0, 0.0, 0.0, 0.0, 0.0, 176.88607863499556, 799.2602194053385, 269.7297969782022, 0.0, 0.0, 0.0, 0.0, 0.0, 258.36642880226026, 809.0642358671976, 0.0, 147.73489957495525, 0.0, 270.6942945827235, 0.0, 0.0, 0.0, 0.0, 51.656755424389374, 0.0, 0.0, 0.0, 0.0, 0.0, 0.0, 762.8400781254575, 0.0, 0.0, 787.619629294843, 0.0, 0.0, 0.0, 767.7286008536003, 0.0, 161.19343747088988, 171.1989213786345, 0.0, 0.0, 0.0, 0.0, 0.0, 0.0, 0.0, 174.8706950164727, 0.0, 0.0, 0.0, 0.0, 285.30403625054237, 0.0, 75.5268018979126, 0.0, 0.0, 0.0, 0.0, 0.0, 800.9501213478989, 0.0, 0.0, 0.0, 0.0, 0.0, 0.0, 0.0, 0.0, 193.09558821189506, 0.0, 176.99985492770054, 769.4673968949867, 0.0, 0.0, 0.0, 0.0, 768.763868595669, 0.0, 0.0, 0.0, 0.0, 126.4518871146322, 0.0, 0.0, 0.0, 0.0, 0.0, 0.0, 793.9365435555628, 0.0, 0.0, 0.0, 0.0, 0.0, 0.0, 271.9188716383715, 0.0, 797.1804215813274, 0.0, 0.0, 0.0, 0.0]
INFORMACIÓN : 18apuestaBundle [787.6117352694845, 762.8400781254575, 271.9188716383715, 270.6942945827235, 269.7297969782022]
INFORMACIÓN : 18positionsBundle [1028, 1838, 1281, 1663, 439]
INFORMACIÓN : 18levelsBundle [3, 3, 2, 2, 2]
INFORMACIÓN : 18positionsOrdered [1281, 1028, 1838, 1663, 439]
INFORMACIÓN : 18levelsOrdered [2, 3, 3, 2, 2]
INFORMACIÓN : 18partialityOrdered [2, 3, 3, 2, 2]
INFORMACIÓN : 18arrivalTimes [23.122424299613776, 46.905968529969016, 65.77393079408222, 90.95328741811056, 127.02266501185343]
INFORMACIÓN : depSat position 1281 level 2
INFORMACIÓN : I [MW]; lost Test.myBail@28d6e12e; POS 1281; sensors [AB]; level 2 I paid 271.9188716383715in favour ofnull paid 271.9188716383715
INFORMACIÓN : 19historia0[0.0, 0.0, 0.0, 0.0, 0.0, 0.0, 0.0, 0.0, 0.0, 0.0, 0.0, 0.0, 0.0, 0.0, 0.0, 803.3400396790485, 0.0, 0.0, 0.0, 0.0, 0.0, 0.0, 0.0, 787.6117352694845, 0.0, 0.0, 0.0, 0.0, 281.15840206935377, 0.0, 0.0, 0.0, 0.0, 0.0, 0.0, 0.0, 0.0, 0.0, 0.0, 0.0, 0.0, 0.0, 0.0, 0.0, 0.0, 0.0, 0.0, 0.0, 0.0, 0.0, 0.0, 0.0, 0.0, 0.0, 0.0, 0.0, 777.10859822797, 0.0, 275.6085162473689, 195.2752789906408, 0.0, 0.0, 795.02027163655, 0.0, 812.2387426480036, 0.0, 0.0, 241.3255362525665, 0.0, 0.0, 0.0, 176.88607863499556, 799.2602194053385, 0.0, 0.0, 0.0, 0.0, 0.0, 0.0, 0.0, 809.0642358671976, 0.0, 147.73489957495525, 0.0, 0.0, 0.0, 0.0, 0.0, 0.0, 51.656755424389374, 0.0, 0.0, 0.0, 0.0, 0.0, 0.0, 762.8400781254575, 0.0, 0.0, 787.619629294843, 0.0, 0.0, 0.0, 767.7495538448957, 0.0, 0.0, 171.1989213786345, 0.0, 0.0, 0.0, 0.0, 0.0, 0.0, 0.0, 174.8706950164727, 0.0, 0.0, 0.0, 0.0, 285.30403625054237, 0.0, 0.0, 0.0, 0.0, 0.0, 0.0, 0.0, 800.9501213478989, 0.0, 0.0, 0.0, 240.94846849923852, 0.0, 0.0, 0.0, 0.0, 0.0, 0.0, 176.99985492770054, 769.4673968949867, 0.0, 0.0, 0.0, 0.0, 779.0933369155113, 0.0, 0.0, 0.0, 0.0, 126.4518871146322, 0.0, 0.0, 0.0, 0.0, 0.0, 0.0, 793.9365435555628, 0.0, 0.0, 0.0, 0.0, 0.0, 0.0, 0.0, 0.0, 797.1804215813274, 0.0, 0.0, 0.0, 0.0]
INFORMACIÓN : 19apuestaBundle [787.6117352694845, 762.8400781254575, 248.10436622995974, 185.07795159727857, 184.75566136063935]
INFORMACIÓN : 19positionsBundle [1028, 1838, 2331, 314, 614]
INFORMACIÓN : 19levelsBundle [3, 3, 2, 1, 1]
INFORMACIÓN : 19positionsOrdered [314, 614, 1028, 1838, 2331]
INFORMACIÓN : 19levelsOrdered [1, 1, 3, 3, 2]
INFORMACIÓN : 19partialityOrdered [1, 1, 3, 3, 2]
INFORMACIÓN : 19arrivalTimes [3.028793677828353, 9.028793677828354, 46.905968529969016, 65.77393079408222, 77.98048640981592]
INFORMACIÓN : 20historia0[0.0, 0.0, 0.0, 0.0, 0.0, 0.0, 0.0, 0.0, 0.0, 0.0, 0.0, 0.0, 0.0, 0.0, 0.0, 803.3400396790485, 0.0, 0.0, 0.0, 0.0, 0.0, 0.0, 0.0, 787.6117352694845, 0.0, 767.237573056643, 0.0, 0.0, 0.0, 0.0, 0.0, 0.0, 0.0, 0.0, 0.0, 0.0, 0.0, 0.0, 0.0, 0.0, 0.0, 0.0, 0.0, 775.3184906440785, 0.0, 0.0, 0.0, 0.0, 0.0, 0.0, 0.0, 0.0, 283.39081773798983, 280.79348251914985, 0.0, 0.0, 0.0, 0.0, 275.6085162473689, 0.0, 0.0, 0.0, 795.02027163655, 0.0, 812.2387426480036, 262.3284396216242, 0.0, 241.3255362525665, 0.0, 0.0, 0.0, 176.88607863499556, 799.2602194053385, 0.0, 0.0, 0.0, 0.0, 0.0, 0.0, 248.10436622995974, 809.0642358671976, 0.0, 147.73489957495525, 0.0, 0.0, 0.0, 0.0, 0.0, 0.0, 0.0, 0.0, 0.0, 0.0, 0.0, 0.0, 0.0, 762.8400781254575, 0.0, 0.0, 787.619629294843, 0.0, 0.0, 0.0, 781.8668475997827, 0.0, 185.07795159727857, 171.1989213786345, 0.0, 0.0, 0.0, 0.0, 786.328966639679, 0.0, 0.0, 174.8706950164727, 0.0, 184.75566136063935, 0.0, 0.0, 285.30403625054237, 0.0, 0.0, 0.0, 0.0, 0.0, 0.0, 0.0, 800.9501213478989, 0.0, 0.0, 0.0, 240.94846849923852, 0.0, 0.0, 0.0, 0.0, 0.0, 0.0, 180.82874121926454, 769.4673968949867, 0.0, 0.0, 0.0, 0.0, 0.0, 0.0, 0.0, 0.0, 0.0, 126.4518871146322, 0.0, 0.0, 0.0, 0.0, 0.0, 0.0, 793.9365435555628, 0.0, 0.0, 0.0, 0.0, 0.0, 0.0, 0.0, 0.0, 797.1804215813274, 0.0, 0.0, 0.0, 0.0]
INFORMACIÓN : 20apuestaBundle [787.6117352694845, 762.8400781254575, 248.10436622995974, 185.07795159727857, 184.75566136063935]
INFORMACIÓN : 20positionsBundle [1028, 1838, 2331, 314, 614]
INFORMACIÓN : 20levelsBundle [3, 3, 2, 1, 1]
INFORMACIÓN : 20positionsOrdered [314, 614, 1028, 1838, 2331]
INFORMACIÓN : 20levelsOrdered [1, 1, 3, 3, 2]
INFORMACIÓN : 20partialityOrdered [1, 1, 3, 3, 2]
INFORMACIÓN : 20arrivalTimes [3.028793677828353, 9.028793677828354, 46.905968529969016, 65.77393079408222, 77.98048640981592]
INFORMACIÓN : 21historia0[0.0, 0.0, 0.0, 0.0, 0.0, 0.0, 0.0, 0.0, 0.0, 0.0, 0.0, 0.0, 0.0, 0.0, 0.0, 803.3400396790485, 0.0, 0.0, 0.0, 0.0, 0.0, 0.0, 0.0, 787.6117352694845, 0.0, 767.237573056643, 0.0, 0.0, 0.0, 0.0, 0.0, 0.0, 0.0, 0.0, 0.0, 0.0, 0.0, 0.0, 0.0, 0.0, 0.0, 0.0, 0.0, 775.3184906440785, 0.0, 0.0, 0.0, 0.0, 0.0, 0.0, 0.0, 0.0, 283.39081773798983, 280.79348251914985, 0.0, 0.0, 772.3151951772525, 0.0, 275.6085162473689, 170.26712942197415, 0.0, 0.0, 795.02027163655, 0.0, 812.2387426480036, 0.0, 0.0, 0.0, 0.0, 0.0, 0.0, 176.88607863499556, 799.2602194053385, 268.53650601979643, 46.147079996177766, 0.0, 0.0, 0.0, 0.0, 248.10436622995974, 809.0642358671976, 0.0, 147.73489957495525, 0.0, 0.0, 0.0, 0.0, 0.0, 0.0, 0.0, 0.0, 0.0, 0.0, 0.0, 0.0, 0.0, 762.8400781254575, 0.0, 0.0, 787.619629294843, 0.0, 0.0, 0.0, 781.8668475997827, 0.0, 185.07795159727857, 171.1989213786345, 0.0, 0.0, 0.0, 0.0, 786.328966639679, 38.73552048489478, 0.0, 174.8706950164727, 0.0, 184.75566136063935, 0.0, 0.0, 285.30403625054237, 0.0, 89.08478019065095, 0.0, 0.0, 0.0, 0.0, 0.0, 800.9501213478989, 0.0, 0.0, 0.0, 0.0, 0.0, 0.0, 0.0, 0.0, 162.2211402843551, 0.0, 180.82874121926454, 769.4673968949867, 0.0, 0.0, 0.0, 0.0, 774.0085222226037, 0.0, 0.0, 0.0, 0.0, 126.4518871146322, 0.0, 0.0, 0.0, 0.0, 0.0, 0.0, 793.9365435555628, 0.0, 0.0, 0.0, 0.0, 0.0, 0.0, 268.6332685915729, 0.0, 797.1804215813274, 0.0, 0.0, 0.0, 0.0]
INFORMACIÓN : 21apuestaBundle [787.6117352694845, 762.8400781254575, 248.10436622995974, 185.07795159727857, 184.75566136063935]
INFORMACIÓN : 21positionsBundle [1028, 1838, 2331, 314, 614]
INFORMACIÓN : 21levelsBundle [3, 3, 2, 1, 1]
INFORMACIÓN : 21positionsOrdered [314, 614, 1028, 1838, 2331]
INFORMACIÓN : 21levelsOrdered [1, 1, 3, 3, 2]
INFORMACIÓN : 21partialityOrdered [1, 1, 3, 3, 2]
INFORMACIÓN : 21arrivalTimes [3.028793677828353, 9.028793677828354, 46.905968529969016, 65.77393079408222, 77.98048640981592]
INFORMACIÓN : 22historia0[0.0, 0.0, 0.0, 0.0, 0.0, 0.0, 0.0, 0.0, 0.0, 0.0, 0.0, 0.0, 0.0, 0.0, 0.0, 803.3400396790485, 0.0, 0.0, 0.0, 0.0, 0.0, 0.0, 0.0, 787.6117352694845, 0.0, 767.237573056643, 0.0, 0.0, 0.0, 0.0, 0.0, 0.0, 0.0, 0.0, 0.0, 0.0, 0.0, 0.0, 0.0, 0.0, 0.0, 0.0, 0.0, 775.3184906440785, 0.0, 0.0, 0.0, 0.0, 0.0, 0.0, 0.0, 0.0, 283.39081773798983, 280.79348251914985, 0.0, 0.0, 772.3151951772525, 0.0, 275.6085162473689, 170.26712942197415, 0.0, 0.0, 795.02027163655, 0.0, 812.2387426480036, 0.0, 0.0, 0.0, 0.0, 0.0, 0.0, 176.88607863499556, 799.2602194053385, 268.53650601979643, 0.0, 0.0, 0.0, 0.0, 0.0, 248.10436622995974, 809.0642358671976, 0.0, 147.73489957495525, 0.0, 0.0, 0.0, 0.0, 0.0, 0.0, 0.0, 0.0, 0.0, 0.0, 0.0, 0.0, 0.0, 762.8400781254575, 0.0, 0.0, 787.619629294843, 0.0, 0.0, 0.0, 781.8668475997827, 0.0, 185.07795159727857, 171.1989213786345, 0.0, 0.0, 0.0, 0.0, 786.328966639679, 38.73552048489478, 0.0, 174.8706950164727, 0.0, 184.75566136063935, 59.045848834238974, 0.0, 285.30403625054237, 0.0, 89.08478019065095, 0.0, 0.0, 0.0, 0.0, 0.0, 800.9501213478989, 0.0, 0.0, 0.0, 0.0, 0.0, 0.0, 0.0, 0.0, 193.33218940126065, 0.0, 180.82874121926454, 769.4673968949867, 0.0, 0.0, 0.0, 0.0, 774.0085222226037, 0.0, 0.0, 0.0, 0.0, 126.4518871146322, 0.0, 0.0, 0.0, 0.0, 0.0, 0.0, 793.9365435555628, 0.0, 0.0, 0.0, 0.0, 0.0, 0.0, 268.6332685915729, 0.0, 797.1804215813274, 0.0, 0.0, 0.0, 0.0]
INFORMACIÓN : 22apuestaBundle [787.6117352694845, 762.8400781254575, 248.10436622995974, 185.07795159727857, 184.75566136063935]
INFORMACIÓN : 22positionsBundle [1028, 1838, 2331, 314, 614]
INFORMACIÓN : 22levelsBundle [3, 3, 2, 1, 1]
INFORMACIÓN : 22positionsOrdered [314, 614, 1028, 1838, 2331]
INFORMACIÓN : 22levelsOrdered [1, 1, 3, 3, 2]
INFORMACIÓN : 22partialityOrdered [1, 1, 3, 3, 2]
INFORMACIÓN : 22arrivalTimes [3.028793677828353, 9.028793677828354, 46.905968529969016, 65.77393079408222, 77.98048640981592]
INFORMACIÓN : 23historia0[0.0, 0.0, 0.0, 0.0, 0.0, 0.0, 0.0, 0.0, 0.0, 0.0, 0.0, 0.0, 0.0, 0.0, 0.0, 803.3400396790485, 0.0, 0.0, 0.0, 0.0, 0.0, 0.0, 0.0, 787.6117352694845, 0.0, 767.237573056643, 0.0, 0.0, 0.0, 0.0, 0.0, 0.0, 0.0, 0.0, 0.0, 0.0, 0.0, 0.0, 0.0, 0.0, 0.0, 0.0, 0.0, 775.3184906440785, 0.0, 0.0, 0.0, 0.0, 0.0, 0.0, 0.0, 0.0, 283.39081773798983, 280.79348251914985, 0.0, 0.0, 772.3151951772525, 0.0, 275.6085162473689, 170.26712942197415, 0.0, 0.0, 795.02027163655, 0.0, 812.2387426480036, 0.0, 0.0, 0.0, 0.0, 0.0, 0.0, 176.88607863499556, 799.2602194053385, 275.6389100031977, 0.0, 0.0, 0.0, 0.0, 0.0, 248.10436622995974, 809.0642358671976, 0.0, 147.73489957495525, 0.0, 0.0, 0.0, 0.0, 0.0, 0.0, 51.656755424389374, 0.0, 0.0, 0.0, 0.0, 0.0, 0.0, 762.8400781254575, 0.0, 0.0, 787.619629294843, 0.0, 0.0, 0.0, 781.8668475997827, 0.0, 185.07795159727857, 171.1989213786345, 0.0, 0.0, 0.0, 0.0, 786.328966639679, 38.73552048489478, 0.0, 174.8706950164727, 0.0, 184.75566136063935, 59.045848834238974, 0.0, 285.30403625054237, 0.0, 0.0, 0.0, 0.0, 0.0, 0.0, 0.0, 800.9501213478989, 0.0, 0.0, 0.0, 0.0, 0.0, 0.0, 0.0, 0.0, 193.33218940126065, 0.0, 180.82874121926454, 769.4673968949867, 0.0, 0.0, 0.0, 0.0, 774.0085222226037, 0.0, 0.0, 0.0, 0.0, 126.4518871146322, 0.0, 0.0, 0.0, 0.0, 0.0, 0.0, 793.9365435555628, 0.0, 0.0, 60.153832814621815, 0.0, 0.0, 0.0, 268.6332685915729, 0.0, 797.1804215813274, 0.0, 0.0, 0.0, 0.0]
INFORMACIÓN : 23apuestaBundle [787.6117352694845, 762.8400781254575, 248.10436622995974, 185.07795159727857, 184.75566136063935]
INFORMACIÓN : 23positionsBundle [1028, 1838, 2331, 314, 614]
INFORMACIÓN : 23levelsBundle [3, 3, 2, 1, 1]
INFORMACIÓN : 23positionsOrdered [314, 614, 1028, 1838, 2331]
INFORMACIÓN : 23levelsOrdered [1, 1, 3, 3, 2]
INFORMACIÓN : 23partialityOrdered [1, 1, 3, 3, 2]
INFORMACIÓN : 23arrivalTimes [3.028793677828353, 9.028793677828354, 46.905968529969016, 65.77393079408222, 77.98048640981592]
INFORMACIÓN : 24historia0[0.0, 0.0, 0.0, 0.0, 0.0, 0.0, 0.0, 0.0, 0.0, 0.0, 0.0, 0.0, 0.0, 0.0, 0.0, 803.3400396790485, 0.0, 0.0, 0.0, 0.0, 0.0, 0.0, 0.0, 787.6117352694845, 0.0, 767.237573056643, 0.0, 0.0, 0.0, 0.0, 0.0, 0.0, 0.0, 0.0, 0.0, 0.0, 0.0, 0.0, 0.0, 0.0, 0.0, 0.0, 0.0, 775.3184906440785, 0.0, 0.0, 0.0, 0.0, 0.0, 0.0, 0.0, 0.0, 283.39081773798983, 280.79348251914985, 0.0, 0.0, 772.3151951772525, 0.0, 275.6085162473689, 170.26712942197415, 0.0, 0.0, 795.02027163655, 0.0, 812.2387426480036, 0.0, 0.0, 0.0, 0.0, 0.0, 0.0, 176.88607863499556, 799.2602194053385, 275.6389100031977, 0.0, 0.0, 0.0, 0.0, 0.0, 248.10436622995974, 809.0642358671976, 0.0, 147.73489957495525, 0.0, 0.0, 0.0, 0.0, 0.0, 0.0, 51.656755424389374, 0.0, 0.0, 0.0, 0.0, 0.0, 0.0, 762.8400781254575, 0.0, 0.0, 787.619629294843, 0.0, 0.0, 0.0, 781.8668475997827, 0.0, 185.07795159727857, 171.1989213786345, 0.0, 0.0, 0.0, 0.0, 786.328966639679, 0.0, 0.0, 174.8706950164727, 0.0, 184.75566136063935, 59.045848834238974, 0.0, 285.30403625054237, 0.0, 62.407678712653784, 0.0, 0.0, 0.0, 0.0, 0.0, 800.9501213478989, 0.0, 0.0, 0.0, 0.0, 0.0, 0.0, 0.0, 0.0, 193.33218940126065, 0.0, 180.82874121926454, 769.4673968949867, 0.0, 0.0, 0.0, 0.0, 774.0085222226037, 0.0, 0.0, 0.0, 0.0, 126.4518871146322, 0.0, 0.0, 0.0, 0.0, 0.0, 0.0, 793.9365435555628, 0.0, 0.0, 60.153832814621815, 0.0, 0.0, 0.0, 268.6332685915729, 0.0, 797.1804215813274, 0.0, 0.0, 0.0, 0.0]
INFORMACIÓN : 24apuestaBundle [787.6117352694845, 762.8400781254575, 248.10436622995974, 185.07795159727857, 184.75566136063935]
INFORMACIÓN : 24positionsBundle [1028, 1838, 2331, 314, 614]
INFORMACIÓN : 24levelsBundle [3, 3, 2, 1, 1]
INFORMACIÓN : 24positionsOrdered [314, 614, 1028, 1838, 2331]
INFORMACIÓN : 24levelsOrdered [1, 1, 3, 3, 2]
INFORMACIÓN : 24partialityOrdered [1, 1, 3, 3, 2]
INFORMACIÓN : 24arrivalTimes [3.028793677828353, 9.028793677828354, 46.905968529969016, 65.77393079408222, 77.98048640981592]
INFORMACIÓN : 25historia0[0.0, 0.0, 0.0, 0.0, 0.0, 0.0, 0.0, 0.0, 0.0, 0.0, 0.0, 0.0, 0.0, 0.0, 0.0, 803.3400396790485, 0.0, 0.0, 0.0, 0.0, 0.0, 0.0, 0.0, 787.6117352694845, 0.0, 767.237573056643, 0.0, 0.0, 0.0, 0.0, 0.0, 0.0, 0.0, 0.0, 0.0, 0.0, 0.0, 0.0, 0.0, 0.0, 0.0, 0.0, 0.0, 775.3184906440785, 0.0, 0.0, 0.0, 0.0, 0.0, 0.0, 0.0, 0.0, 283.39081773798983, 280.79348251914985, 0.0, 0.0, 772.3151951772525, 0.0, 275.6085162473689, 170.26712942197415, 0.0, 0.0, 795.02027163655, 0.0, 812.2387426480036, 0.0, 0.0, 0.0, 0.0, 0.0, 0.0, 176.88607863499556, 799.2602194053385, 275.6389100031977, 0.0, 0.0, 0.0, 0.0, 0.0, 248.10436622995974, 809.0642358671976, 0.0, 147.73489957495525, 0.0, 0.0, 0.0, 0.0, 0.0, 0.0, 51.656755424389374, 0.0, 0.0, 0.0, 0.0, 0.0, 0.0, 762.8400781254575, 0.0, 0.0, 787.619629294843, 0.0, 0.0, 0.0, 781.8668475997827, 0.0, 185.07795159727857, 171.1989213786345, 0.0, 0.0, 0.0, 0.0, 786.328966639679, 0.0, 0.0, 174.8706950164727, 0.0, 184.75566136063935, 59.045848834238974, 0.0, 285.30403625054237, 0.0, 62.407678712653784, 0.0, 0.0, 0.0, 0.0, 0.0, 800.9501213478989, 0.0, 0.0, 0.0, 0.0, 0.0, 0.0, 0.0, 0.0, 193.33218940126065, 0.0, 180.82874121926454, 769.4673968949867, 0.0, 0.0, 0.0, 0.0, 774.0085222226037, 0.0, 0.0, 0.0, 0.0, 126.4518871146322, 0.0, 0.0, 0.0, 0.0, 0.0, 0.0, 793.9365435555628, 0.0, 0.0, 60.153832814621815, 0.0, 0.0, 0.0, 268.6332685915729, 0.0, 797.1804215813274, 0.0, 0.0, 0.0, 0.0]
INFORMACIÓN : 25apuestaBundle [787.6117352694845, 762.8400781254575, 248.10436622995974, 185.07795159727857, 184.75566136063935]
INFORMACIÓN : 25positionsBundle [1028, 1838, 2331, 314, 614]
INFORMACIÓN : 25levelsBundle [3, 3, 2, 1, 1]
INFORMACIÓN : 25positionsOrdered [314, 614, 1028, 1838, 2331]
INFORMACIÓN : 25levelsOrdered [1, 1, 3, 3, 2]
INFORMACIÓN : 25partialityOrdered [1, 1, 3, 3, 2]
INFORMACIÓN : 25arrivalTimes [3.028793677828353, 9.028793677828354, 46.905968529969016, 65.77393079408222, 77.98048640981592]
INFORMACIÓN : 26historia0[0.0, 0.0, 0.0, 0.0, 0.0, 0.0, 0.0, 0.0, 0.0, 0.0, 0.0, 0.0, 0.0, 0.0, 0.0, 803.3400396790485, 0.0, 0.0, 0.0, 0.0, 0.0, 0.0, 0.0, 787.6117352694845, 0.0, 767.237573056643, 0.0, 0.0, 0.0, 0.0, 0.0, 0.0, 0.0, 0.0, 0.0, 0.0, 0.0, 0.0, 0.0, 0.0, 0.0, 0.0, 0.0, 775.3184906440785, 0.0, 0.0, 0.0, 0.0, 0.0, 0.0, 0.0, 0.0, 283.39081773798983, 280.79348251914985, 0.0, 0.0, 772.3151951772525, 0.0, 275.6085162473689, 170.26712942197415, 0.0, 0.0, 795.02027163655, 0.0, 812.2387426480036, 0.0, 0.0, 0.0, 0.0, 0.0, 0.0, 176.88607863499556, 799.2602194053385, 275.6389100031977, 0.0, 0.0, 0.0, 0.0, 0.0, 248.10436622995974, 809.0642358671976, 0.0, 147.73489957495525, 0.0, 0.0, 0.0, 0.0, 0.0, 0.0, 51.656755424389374, 0.0, 0.0, 0.0, 0.0, 0.0, 0.0, 762.8400781254575, 0.0, 0.0, 787.619629294843, 0.0, 0.0, 0.0, 781.8668475997827, 0.0, 185.07795159727857, 171.1989213786345, 0.0, 0.0, 0.0, 0.0, 786.328966639679, 0.0, 0.0, 174.8706950164727, 0.0, 184.75566136063935, 59.045848834238974, 0.0, 285.30403625054237, 0.0, 62.407678712653784, 0.0, 0.0, 0.0, 0.0, 0.0, 800.9501213478989, 0.0, 0.0, 0.0, 0.0, 0.0, 0.0, 0.0, 0.0, 193.33218940126065, 0.0, 180.82874121926454, 769.4673968949867, 0.0, 0.0, 0.0, 0.0, 774.0085222226037, 0.0, 0.0, 0.0, 0.0, 126.4518871146322, 0.0, 0.0, 0.0, 0.0, 0.0, 0.0, 793.9365435555628, 0.0, 0.0, 60.153832814621815, 0.0, 0.0, 0.0, 268.6332685915729, 0.0, 797.1804215813274, 0.0, 0.0, 0.0, 0.0]
INFORMACIÓN : 26apuestaBundle [787.6117352694845, 762.8400781254575, 248.10436622995974, 185.07795159727857, 184.75566136063935]
INFORMACIÓN : 26positionsBundle [1028, 1838, 2331, 314, 614]
INFORMACIÓN : 26levelsBundle [3, 3, 2, 1, 1]
INFORMACIÓN : 26positionsOrdered [314, 614, 1028, 1838, 2331]
INFORMACIÓN : 26levelsOrdered [1, 1, 3, 3, 2]
INFORMACIÓN : 26partialityOrdered [1, 1, 3, 3, 2]
INFORMACIÓN : 26arrivalTimes [3.028793677828353, 9.028793677828354, 46.905968529969016, 65.77393079408222, 77.98048640981592]
INFORMACIÓN : 27historia0[0.0, 0.0, 0.0, 0.0, 0.0, 0.0, 0.0, 0.0, 0.0, 0.0, 0.0, 0.0, 0.0, 0.0, 0.0, 803.3400396790485, 0.0, 0.0, 0.0, 0.0, 0.0, 0.0, 0.0, 787.6117352694845, 0.0, 767.237573056643, 0.0, 0.0, 0.0, 0.0, 0.0, 0.0, 0.0, 0.0, 0.0, 0.0, 0.0, 0.0, 0.0, 0.0, 0.0, 0.0, 0.0, 775.3184906440785, 0.0, 0.0, 0.0, 0.0, 0.0, 0.0, 0.0, 0.0, 283.39081773798983, 280.79348251914985, 0.0, 0.0, 772.3151951772525, 0.0, 275.6085162473689, 170.26712942197415, 0.0, 0.0, 795.02027163655, 0.0, 812.2387426480036, 0.0, 0.0, 0.0, 0.0, 0.0, 0.0, 176.88607863499556, 799.2602194053385, 275.6389100031977, 0.0, 0.0, 0.0, 0.0, 0.0, 248.10436622995974, 809.0642358671976, 0.0, 147.73489957495525, 0.0, 0.0, 0.0, 0.0, 0.0, 0.0, 51.656755424389374, 0.0, 0.0, 0.0, 0.0, 0.0, 0.0, 762.8400781254575, 0.0, 0.0, 787.619629294843, 0.0, 0.0, 0.0, 781.8668475997827, 0.0, 185.07795159727857, 171.1989213786345, 0.0, 0.0, 0.0, 0.0, 786.328966639679, 0.0, 0.0, 174.8706950164727, 0.0, 184.75566136063935, 59.045848834238974, 0.0, 285.30403625054237, 0.0, 62.407678712653784, 0.0, 0.0, 0.0, 0.0, 0.0, 800.9501213478989, 0.0, 0.0, 0.0, 0.0, 0.0, 0.0, 0.0, 0.0, 193.33218940126065, 0.0, 180.82874121926454, 769.4673968949867, 0.0, 0.0, 0.0, 0.0, 774.0085222226037, 0.0, 0.0, 0.0, 0.0, 126.4518871146322, 0.0, 0.0, 0.0, 0.0, 0.0, 0.0, 793.9365435555628, 0.0, 0.0, 60.153832814621815, 0.0, 0.0, 0.0, 268.6332685915729, 0.0, 797.1804215813274, 0.0, 0.0, 0.0, 0.0]
INFORMACIÓN : 27apuestaBundle [787.6117352694845, 762.8400781254575, 248.10436622995974, 185.07795159727857, 184.75566136063935]
INFORMACIÓN : 27positionsBundle [1028, 1838, 2331, 314, 614]
INFORMACIÓN : 27levelsBundle [3, 3, 2, 1, 1]
INFORMACIÓN : 27positionsOrdered [314, 614, 1028, 1838, 2331]
INFORMACIÓN : 27levelsOrdered [1, 1, 3, 3, 2]
INFORMACIÓN : 27partialityOrdered [1, 1, 3, 3, 2]
INFORMACIÓN : 27arrivalTimes [3.028793677828353, 9.028793677828354, 46.905968529969016, 65.77393079408222, 77.98048640981592]
INFORMACIÓN : depSat position 1838 level 3
INFORMACIÓN : depSat position 2331 level 2
INFORMACIÓN : I [MW]; lost Test.myBail@355fdc8; POS 1838; sensors [AB, IR]; level 3 I paid 762.8400781254575in favour ofnull paid 762.8400781254575
INFORMACIÓN : 28historia0[0.0, 0.0, 0.0, 0.0, 0.0, 0.0, 0.0, 0.0, 0.0, 0.0, 0.0, 0.0, 0.0, 0.0, 0.0, 803.3400396790485, 0.0, 0.0, 0.0, 0.0, 0.0, 0.0, 0.0, 787.6117352694845, 0.0, 0.0, 0.0, 0.0, 0.0, 0.0, 0.0, 0.0, 0.0, 0.0, 0.0, 0.0, 0.0, 0.0, 0.0, 0.0, 0.0, 0.0, 0.0, 775.3184906440785, 0.0, 0.0, 0.0, 0.0, 0.0, 0.0, 0.0, 0.0, 283.39081773798983, 0.0, 0.0, 0.0, 777.10859822797, 0.0, 275.6085162473689, 170.26712942197415, 0.0, 0.0, 795.02027163655, 0.0, 812.2387426480036, 0.0, 0.0, 241.86537929357996, 0.0, 0.0, 0.0, 176.88607863499556, 799.2602194053385, 275.6389100031977, 0.0, 0.0, 0.0, 0.0, 0.0, 0.0, 809.0642358671976, 0.0, 147.73489957495525, 0.0, 0.0, 0.0, 0.0, 0.0, 0.0, 51.656755424389374, 0.0, 0.0, 0.0, 0.0, 0.0, 0.0, 0.0, 0.0, 0.0, 787.619629294843, 0.0, 0.0, 0.0, 781.8668475997827, 0.0, 0.0, 171.1989213786345, 0.0, 0.0, 0.0, 0.0, 786.328966639679, 0.0, 0.0, 174.8706950164727, 0.0, 0.0, 0.0, 0.0, 285.30403625054237, 0.0, 0.0, 0.0, 0.0, 0.0, 0.0, 0.0, 800.9501213478989, 0.0, 0.0, 0.0, 241.0695697257388, 0.0, 0.0, 0.0, 0.0, 0.0, 0.0, 180.82874121926454, 769.4673968949867, 0.0, 0.0, 0.0, 0.0, 779.0933369155113, 0.0, 0.0, 0.0, 0.0, 126.4518871146322, 0.0, 0.0, 0.0, 0.0, 0.0, 0.0, 793.9365435555628, 0.0, 0.0, 60.153832814621815, 0.0, 0.0, 0.0, 268.6332685915729, 0.0, 797.1804215813274, 0.0, 0.0, 0.0, 0.0]
INFORMACIÓN : 28apuestaBundle [787.6117352694845, 53.500136623460456, 53.500136623460456, 45.56473558641139, 44.84929360866998, 16.236147618728864]
INFORMACIÓN : 28positionsBundle [1028, 2161, 2161, 2462, 2331, 859]
INFORMACIÓN : 28levelsBundle [3, 2, 2, 1, 1, 1]
INFORMACIÓN : 28positionsOrdered [859, 1028, 2161, 2161, 2462, 2331]
INFORMACIÓN : 28levelsOrdered [1, 3, 2, 2, 1, 1]
INFORMACIÓN : 28partialityOrdered [2, 3, 3, 3, 2, 2]
INFORMACIÓN : 28arrivalTimes [9.580550604801081, 46.905968529969016, 75.5066678221192, 75.5066678221192, 81.58943035241742, 100.82481441408876]
INFORMACIÓN : mutexSat position 2161 level 2
INFORMACIÓN : timeSat position 2161 level 2
INFORMACIÓN : mutexSat position 2462 level 1
INFORMACIÓN : mutexSat position 2331 level 1
INFORMACIÓN : mutexSat position 859 level 1
INFORMACIÓN : I [MW]; lost Test.myBail@504bb27a; POS 2161; sensors [IR]; level 2 I paid 53.500136623460456in favour ofnull paid 53.500136623460456
INFORMACIÓN : 29historia0[0.0, 0.0, 0.0, 0.0, 0.0, 0.0, 0.0, 0.0, 0.0, 0.0, 0.0, 0.0, 0.0, 0.0, 0.0, 803.3400396790485, 0.0, 0.0, 0.0, 0.0, 0.0, 0.0, 0.0, 787.6117352694845, 0.0, 764.5396235624447, 0.0, 0.0, 0.0, 0.0, 0.0, 0.0, 0.0, 0.0, 0.0, 0.0, 0.0, 0.0, 0.0, 0.0, 60.71010394788743, 0.0, 0.0, 775.3184906440785, 0.0, 0.0, 0.0, 0.0, 0.0, 0.0, 0.0, 0.0, 0.0, 292.09464373722835, 0.0, 0.0, 777.10859822797, 0.0, 275.6085162473689, 170.26712942197415, 0.0, 0.0, 795.02027163655, 0.0, 812.2387426480036, 262.3284396216242, 0.0, 241.86537929357996, 0.0, 0.0, 0.0, 176.88607863499556, 799.2602194053385, 275.6389100031977, 0.0, 0.0, 0.0, 0.0, 0.0, 0.0, 809.0642358671976, 0.0, 147.73489957495525, 0.0, 0.0, 0.0, 0.0, 0.0, 0.0, 0.0, 0.0, 0.0, 0.0, 0.0, 0.0, 0.0, 0.0, 0.0, 0.0, 787.619629294843, 0.0, 0.0, 21.109647586575115, 781.8668475997827, 0.0, 0.0, 171.1989213786345, 0.0, 0.0, 0.0, 0.0, 787.6264516519441, 0.0, 0.0, 174.8706950164727, 0.0, 0.0, 0.0, 0.0, 285.30403625054237, 0.0, 0.0, 0.0, 0.0, 0.0, 0.0, 0.0, 800.9501213478989, 0.0, 0.0, 0.0, 241.0695697257388, 0.0, 0.0, 0.0, 0.0, 0.0, 0.0, 0.0, 769.4673968949867, 0.0, 0.0, 0.0, 0.0, 779.0933369155113, 0.0, 0.0, 0.0, 0.0, 126.4518871146322, 0.0, 0.0, 0.0, 0.0, 0.0, 0.0, 793.9365435555628, 0.0, 0.0, 0.0, 0.0, 0.0, 0.0, 268.6332685915729, 0.0, 797.3223017689199, 60.71010394788743, 282.9675404031882, 0.0, 0.0]
INFORMACIÓN : 29apuestaBundle [787.6117352694845, 271.9188716383715, 254.93910901196963, 67.10228367855197]
INFORMACIÓN : 29positionsBundle [1028, 1281, 2216, 1663]
INFORMACIÓN : 29levelsBundle [3, 2, 2, 1]
INFORMACIÓN : 29positionsOrdered [1281, 1028, 2216, 1663]
INFORMACIÓN : 29levelsOrdered [2, 3, 2, 1]
INFORMACIÓN : 29partialityOrdered [2, 3, 2, 2]
INFORMACIÓN : 29arrivalTimes [33.151785735006555, 46.905968529969016, 73.7387842599665, 85.14053851095787]
INFORMACIÓN : mutexSat position 1663 level 1
INFORMACIÓN : I [MW]; lost Test.myBail@5a0013f5; POS 1663; sensors []; level 1 I paid 67.10228367855197in favour ofnull paid 67.10228367855197
INFORMACIÓN : 30historia0[0.0, 0.0, 0.0, 0.0, 0.0, 0.0, 0.0, 0.0, 0.0, 0.0, 0.0, 0.0, 0.0, 0.0, 0.0, 803.3400396790485, 0.0, 0.0, 0.0, 0.0, 0.0, 0.0, 0.0, 787.6117352694845, 0.0, 764.5396235624447, 0.0, 0.0, 0.0, 0.0, 0.0, 0.0, 0.0, 0.0, 0.0, 0.0, 0.0, 0.0, 0.0, 0.0, 0.0, 0.0, 0.0, 775.3184906440785, 0.0, 0.0, 0.0, 0.0, 0.0, 0.0, 0.0, 0.0, 273.1510492025625, 292.09464373722835, 0.0, 0.0, 777.10859822797, 0.0, 275.6085162473689, 195.2752789906408, 0.0, 0.0, 795.02027163655, 0.0, 812.2387426480036, 262.3284396216242, 0.0, 254.93910901196963, 0.0, 0.0, 0.0, 176.88607863499556, 799.2602194053385, 275.6389100031977, 0.0, 0.0, 0.0, 0.0, 0.0, 0.0, 809.0642358671976, 0.0, 147.73489957495525, 0.0, 0.0, 0.0, 0.0, 0.0, 0.0, 43.0736473913944, 0.0, 0.0, 0.0, 0.0, 0.0, 0.0, 0.0, 0.0, 0.0, 787.619629294843, 0.0, 0.0, 21.109647586575115, 781.8668475997827, 0.0, 155.32001995135715, 171.1989213786345, 0.0, 0.0, 0.0, 0.0, 0.0, 0.0, 0.0, 174.8706950164727, 0.0, 157.3062095027072, 0.0, 0.0, 0.0, 0.0, 59.05176608536817, 0.0, 0.0, 0.0, 0.0, 0.0, 800.9501213478989, 0.0, 0.0, 0.0, 241.0695697257388, 0.0, 0.0, 0.0, 0.0, 0.0, 0.0, 157.9215977662662, 769.4673968949867, 0.0, 0.0, 0.0, 0.0, 779.0933369155113, 0.0, 0.0, 0.0, 0.0, 126.4518871146322, 0.0, 0.0, 0.0, 0.0, 0.0, 0.0, 793.9365435555628, 0.0, 0.0, 0.0, 0.0, 0.0, 0.0, 271.9188716383715, 0.0, 797.3223017689199, 60.71010394788743, 282.9675404031882, 0.0, 0.0]
INFORMACIÓN : 30apuestaBundle [787.6117352694845, 271.9188716383715, 254.93910901196963]
INFORMACIÓN : 30positionsBundle [1028, 1281, 2216]
INFORMACIÓN : 30levelsBundle [3, 2, 2]
INFORMACIÓN : 30positionsOrdered [1281, 1028, 2216]
INFORMACIÓN : 30levelsOrdered [2, 3, 2]
INFORMACIÓN : 30partialityOrdered [2, 3, 2]
INFORMACIÓN : 30arrivalTimes [33.151785735006555, 46.905968529969016, 73.7387842599665]
INFORMACIÓN : 31historia0[0.0, 0.0, 0.0, 0.0, 0.0, 0.0, 0.0, 0.0, 0.0, 0.0, 0.0, 0.0, 0.0, 78.02301501204498, 0.0, 803.3400396790485, 0.0, 0.0, 0.0, 0.0, 0.0, 0.0, 0.0, 787.6117352694845, 0.0, 764.5396235624447, 0.0, 0.0, 0.0, 0.0, 0.0, 0.0, 0.0, 0.0, 0.0, 0.0, 0.0, 0.0, 0.0, 0.0, 0.0, 0.0, 0.0, 775.3184906440785, 0.0, 0.0, 0.0, 0.0, 0.0, 0.0, 184.19724854174038, 0.0, 273.1510492025625, 292.09464373722835, 0.0, 0.0, 777.10859822797, 0.0, 275.6085162473689, 0.0, 0.0, 0.0, 795.02027163655, 0.0, 812.2387426480036, 262.3284396216242, 0.0, 254.93910901196963, 0.0, 0.0, 0.0, 176.88607863499556, 799.2602194053385, 275.6389100031977, 0.0, 0.0, 0.0, 0.0, 0.0, 0.0, 809.0642358671976, 0.0, 147.73489957495525, 0.0, 0.0, 0.0, 0.0, 0.0, 0.0, 43.0736473913944, 0.0, 0.0, 0.0, 0.0, 66.87541710663265, 0.0, 0.0, 0.0, 0.0, 787.619629294843, 0.0, 0.0, 0.0, 781.8668475997827, 0.0, 167.16387165374044, 171.1989213786345, 0.0, 0.0, 0.0, 0.0, 0.0, 0.0, 0.0, 174.8706950164727, 0.0, 178.4084217082135, 0.0, 0.0, 0.0, 49.731925886624865, 59.05176608536817, 0.0, 0.0, 0.0, 0.0, 0.0, 800.9501213478989, 0.0, 0.0, 0.0, 0.0, 0.0, 0.0, 0.0, 0.0, 0.0, 0.0, 157.9215977662662, 769.4673968949867, 0.0, 0.0, 0.0, 0.0, 779.0933369155113, 0.0, 0.0, 0.0, 0.0, 126.4518871146322, 0.0, 0.0, 0.0, 0.0, 0.0, 0.0, 793.9365435555628, 0.0, 0.0, 0.0, 0.0, 0.0, 0.0, 271.9188716383715, 0.0, 797.3223017689199, 60.71010394788743, 282.9675404031882, 0.0, 0.0]
INFORMACIÓN : 31apuestaBundle [787.6117352694845, 271.9188716383715, 254.93910901196963, 50.77121896294893]
INFORMACIÓN : 31positionsBundle [1028, 1281, 2216, 2268]
INFORMACIÓN : 31levelsBundle [3, 2, 2, 1]
INFORMACIÓN : 31positionsOrdered [1281, 1028, 2216, 2268]
INFORMACIÓN : 31levelsOrdered [2, 3, 2, 1]
INFORMACIÓN : 31partialityOrdered [2, 3, 2, 2]
INFORMACIÓN : 31arrivalTimes [33.151785735006555, 46.905968529969016, 73.7387842599665, 75.97485223746628]
INFORMACIÓN : mutexSat position 2268 level 1
INFORMACIÓN : I [MW]; lost Test.myBail@518907fe; POS 2268; sensors []; level 1 I paid 50.77121896294893in favour ofnull paid 50.77121896294893
INFORMACIÓN : 32historia0[0.0, 0.0, 0.0, 0.0, 0.0, 0.0, 0.0, 0.0, 0.0, 0.0, 0.0, 0.0, 0.0, 78.02301501204498, 0.0, 803.3400396790485, 0.0, 0.0, 0.0, 0.0, 0.0, 0.0, 0.0, 787.6117352694845, 0.0, 764.5396235624447, 0.0, 0.0, 0.0, 0.0, 0.0, 0.0, 0.0, 0.0, 0.0, 0.0, 0.0, 0.0, 0.0, 0.0, 0.0, 0.0, 0.0, 775.3184906440785, 0.0, 0.0, 0.0, 0.0, 0.0, 0.0, 184.19724854174038, 0.0, 273.1510492025625, 292.09464373722835, 0.0, 0.0, 777.10859822797, 0.0, 275.6085162473689, 0.0, 0.0, 0.0, 795.02027163655, 0.0, 812.2387426480036, 262.3284396216242, 0.0, 254.93910901196963, 0.0, 0.0, 0.0, 176.88607863499556, 799.2602194053385, 275.6389100031977, 0.0, 0.0, 0.0, 0.0, 0.0, 0.0, 809.0642358671976, 0.0, 147.73489957495525, 0.0, 0.0, 0.0, 0.0, 0.0, 0.0, 43.0736473913944, 0.0, 0.0, 0.0, 0.0, 64.27398925473244, 0.0, 0.0, 0.0, 0.0, 787.619629294843, 0.0, 0.0, 0.0, 781.8668475997827, 0.0, 0.0, 171.1989213786345, 0.0, 0.0, 0.0, 0.0, 0.0, 0.0, 0.0, 174.8706950164727, 0.0, 0.0, 0.0, 0.0, 0.0, 0.0, 59.05176608536817, 0.0, 0.0, 0.0, 0.0, 0.0, 800.9501213478989, 0.0, 0.0, 0.0, 241.0695697257388, 0.0, 0.0, 0.0, 0.0, 0.0, 0.0, 157.9215977662662, 769.4673968949867, 0.0, 0.0, 38.17241903982392, 0.0, 779.0933369155113, 0.0, 0.0, 0.0, 0.0, 126.4518871146322, 0.0, 0.0, 0.0, 0.0, 0.0, 0.0, 793.9365435555628, 0.0, 0.0, 0.0, 0.0, 0.0, 0.0, 271.9188716383715, 0.0, 797.3223017689199, 60.71010394788743, 282.9675404031882, 0.0, 0.0]
INFORMACIÓN : 32apuestaBundle [787.6117352694845, 271.9188716383715, 254.93910901196963]
INFORMACIÓN : 32positionsBundle [1028, 1281, 2216]
INFORMACIÓN : 32levelsBundle [3, 2, 2]
INFORMACIÓN : 32positionsOrdered [1281, 1028, 2216]
INFORMACIÓN : 32levelsOrdered [2, 3, 2]
INFORMACIÓN : 32partialityOrdered [2, 3, 2]
INFORMACIÓN : 32arrivalTimes [33.151785735006555, 46.905968529969016, 73.7387842599665]
INFORMACIÓN : 33historia0[0.0, 0.0, 0.0, 0.0, 0.0, 0.0, 0.0, 0.0, 0.0, 0.0, 0.0, 0.0, 0.0, 78.02301501204498, 0.0, 803.3400396790485, 0.0, 0.0, 0.0, 0.0, 0.0, 0.0, 0.0, 787.6117352694845, 0.0, 764.5396235624447, 0.0, 0.0, 0.0, 0.0, 0.0, 0.0, 0.0, 0.0, 0.0, 0.0, 0.0, 0.0, 0.0, 0.0, 0.0, 0.0, 0.0, 775.3184906440785, 0.0, 0.0, 0.0, 0.0, 0.0, 0.0, 184.19724854174038, 0.0, 273.1510492025625, 292.09464373722835, 0.0, 0.0, 777.10859822797, 0.0, 275.6085162473689, 0.0, 0.0, 0.0, 795.02027163655, 0.0, 812.2387426480036, 262.3284396216242, 0.0, 254.93910901196963, 0.0, 0.0, 0.0, 176.88607863499556, 799.2602194053385, 275.6389100031977, 0.0, 0.0, 0.0, 0.0, 0.0, 0.0, 809.0642358671976, 0.0, 147.73489957495525, 0.0, 0.0, 0.0, 0.0, 0.0, 0.0, 43.0736473913944, 0.0, 0.0, 0.0, 0.0, 64.27398925473244, 0.0, 0.0, 0.0, 0.0, 787.619629294843, 0.0, 0.0, 0.0, 781.8668475997827, 0.0, 0.0, 171.1989213786345, 0.0, 0.0, 0.0, 0.0, 0.0, 0.0, 0.0, 174.8706950164727, 0.0, 0.0, 0.0, 0.0, 0.0, 0.0, 59.05176608536817, 0.0, 0.0, 0.0, 0.0, 0.0, 800.9501213478989, 0.0, 0.0, 0.0, 241.0695697257388, 0.0, 0.0, 0.0, 0.0, 0.0, 0.0, 157.9215977662662, 769.4673968949867, 0.0, 0.0, 38.17241903982392, 0.0, 779.0933369155113, 0.0, 0.0, 0.0, 0.0, 126.4518871146322, 0.0, 0.0, 0.0, 0.0, 0.0, 0.0, 793.9365435555628, 0.0, 0.0, 0.0, 0.0, 0.0, 0.0, 271.9188716383715, 0.0, 797.3223017689199, 60.71010394788743, 282.9675404031882, 0.0, 0.0]
INFORMACIÓN : 33apuestaBundle [787.6117352694845, 271.9188716383715, 254.93910901196963]
INFORMACIÓN : 33positionsBundle [1028, 1281, 2216]
INFORMACIÓN : 33levelsBundle [3, 2, 2]
INFORMACIÓN : 33positionsOrdered [1281, 1028, 2216]
INFORMACIÓN : 33levelsOrdered [2, 3, 2]
INFORMACIÓN : 33partialityOrdered [2, 3, 2]
INFORMACIÓN : 33arrivalTimes [33.151785735006555, 46.905968529969016, 73.7387842599665]
INFORMACIÓN : 34historia0[0.0, 0.0, 0.0, 0.0, 0.0, 0.0, 0.0, 0.0, 0.0, 0.0, 0.0, 0.0, 0.0, 78.02301501204498, 0.0, 803.3400396790485, 0.0, 0.0, 0.0, 0.0, 0.0, 0.0, 0.0, 787.6117352694845, 0.0, 764.5396235624447, 0.0, 0.0, 0.0, 0.0, 0.0, 0.0, 0.0, 0.0, 0.0, 0.0, 0.0, 0.0, 0.0, 0.0, 0.0, 0.0, 0.0, 775.3184906440785, 0.0, 0.0, 0.0, 0.0, 0.0, 0.0, 184.19724854174038, 0.0, 273.1510492025625, 292.09464373722835, 0.0, 0.0, 777.10859822797, 0.0, 275.6085162473689, 0.0, 0.0, 0.0, 795.02027163655, 0.0, 812.2387426480036, 262.3284396216242, 0.0, 254.93910901196963, 0.0, 0.0, 0.0, 176.88607863499556, 799.2602194053385, 275.6389100031977, 0.0, 0.0, 0.0, 0.0, 0.0, 0.0, 809.0642358671976, 0.0, 147.73489957495525, 0.0, 0.0, 0.0, 0.0, 0.0, 0.0, 43.0736473913944, 0.0, 0.0, 0.0, 0.0, 64.27398925473244, 0.0, 0.0, 0.0, 0.0, 787.619629294843, 0.0, 0.0, 0.0, 781.8668475997827, 0.0, 0.0, 171.1989213786345, 0.0, 0.0, 0.0, 0.0, 0.0, 0.0, 0.0, 174.8706950164727, 0.0, 0.0, 0.0, 0.0, 0.0, 0.0, 59.05176608536817, 0.0, 0.0, 0.0, 0.0, 0.0, 800.9501213478989, 0.0, 0.0, 0.0, 241.0695697257388, 0.0, 0.0, 0.0, 0.0, 0.0, 0.0, 157.9215977662662, 769.4673968949867, 0.0, 0.0, 38.17241903982392, 0.0, 779.0933369155113, 0.0, 0.0, 0.0, 0.0, 126.4518871146322, 0.0, 0.0, 0.0, 0.0, 0.0, 0.0, 793.9365435555628, 0.0, 0.0, 0.0, 0.0, 0.0, 0.0, 271.9188716383715, 0.0, 797.3223017689199, 60.71010394788743, 282.9675404031882, 0.0, 0.0]
INFORMACIÓN : 34apuestaBundle [787.6117352694845, 271.9188716383715, 254.93910901196963]
INFORMACIÓN : 34positionsBundle [1028, 1281, 2216]
INFORMACIÓN : 34levelsBundle [3, 2, 2]
INFORMACIÓN : 34positionsOrdered [1281, 1028, 2216]
INFORMACIÓN : 34levelsOrdered [2, 3, 2]
INFORMACIÓN : 34partialityOrdered [2, 3, 2]
INFORMACIÓN : 34arrivalTimes [33.151785735006555, 46.905968529969016, 73.7387842599665]
INFORMACIÓN : 35historia0[0.0, 0.0, 0.0, 0.0, 0.0, 0.0, 0.0, 0.0, 0.0, 0.0, 0.0, 0.0, 0.0, 78.02301501204498, 0.0, 803.3400396790485, 0.0, 0.0, 0.0, 0.0, 0.0, 0.0, 0.0, 787.6117352694845, 0.0, 764.5396235624447, 0.0, 0.0, 0.0, 0.0, 0.0, 0.0, 0.0, 0.0, 0.0, 0.0, 0.0, 0.0, 0.0, 0.0, 0.0, 0.0, 0.0, 775.3184906440785, 0.0, 0.0, 0.0, 0.0, 0.0, 0.0, 184.19724854174038, 0.0, 273.1510492025625, 292.09464373722835, 0.0, 0.0, 777.10859822797, 0.0, 275.6085162473689, 0.0, 0.0, 0.0, 795.02027163655, 0.0, 812.2387426480036, 262.3284396216242, 0.0, 254.93910901196963, 0.0, 0.0, 0.0, 176.88607863499556, 799.2602194053385, 275.6389100031977, 0.0, 0.0, 0.0, 0.0, 0.0, 0.0, 809.0642358671976, 0.0, 147.73489957495525, 0.0, 0.0, 0.0, 0.0, 0.0, 0.0, 43.0736473913944, 0.0, 0.0, 0.0, 0.0, 64.27398925473244, 0.0, 0.0, 0.0, 0.0, 787.619629294843, 0.0, 0.0, 0.0, 781.8668475997827, 0.0, 0.0, 171.1989213786345, 0.0, 0.0, 0.0, 0.0, 0.0, 0.0, 0.0, 174.8706950164727, 0.0, 0.0, 0.0, 0.0, 0.0, 0.0, 59.05176608536817, 0.0, 0.0, 0.0, 0.0, 0.0, 800.9501213478989, 0.0, 0.0, 0.0, 241.0695697257388, 0.0, 0.0, 0.0, 0.0, 0.0, 0.0, 157.9215977662662, 769.4673968949867, 0.0, 0.0, 38.17241903982392, 0.0, 779.0933369155113, 0.0, 0.0, 0.0, 0.0, 126.4518871146322, 0.0, 0.0, 0.0, 0.0, 0.0, 0.0, 793.9365435555628, 0.0, 0.0, 0.0, 0.0, 0.0, 0.0, 271.9188716383715, 0.0, 797.3223017689199, 60.71010394788743, 282.9675404031882, 0.0, 0.0]
INFORMACIÓN : 35apuestaBundle [787.6117352694845, 271.9188716383715, 254.93910901196963]
INFORMACIÓN : 35positionsBundle [1028, 1281, 2216]
INFORMACIÓN : 35levelsBundle [3, 2, 2]
INFORMACIÓN : 35positionsOrdered [1281, 1028, 2216]
INFORMACIÓN : 35levelsOrdered [2, 3, 2]
INFORMACIÓN : 35partialityOrdered [2, 3, 2]
INFORMACIÓN : 35arrivalTimes [33.151785735006555, 46.905968529969016, 73.7387842599665]
INFORMACIÓN : 36historia0[0.0, 0.0, 0.0, 0.0, 0.0, 0.0, 0.0, 0.0, 0.0, 0.0, 0.0, 0.0, 0.0, 78.02301501204498, 0.0, 803.3400396790485, 0.0, 0.0, 0.0, 0.0, 0.0, 0.0, 0.0, 787.6117352694845, 0.0, 764.5396235624447, 0.0, 0.0, 0.0, 0.0, 0.0, 0.0, 0.0, 0.0, 0.0, 0.0, 0.0, 0.0, 0.0, 0.0, 0.0, 0.0, 0.0, 775.3184906440785, 0.0, 0.0, 0.0, 0.0, 0.0, 0.0, 184.19724854174038, 0.0, 273.1510492025625, 292.09464373722835, 0.0, 0.0, 777.10859822797, 0.0, 275.6085162473689, 0.0, 0.0, 0.0, 795.02027163655, 0.0, 812.2387426480036, 262.3284396216242, 0.0, 254.93910901196963, 0.0, 0.0, 0.0, 176.88607863499556, 799.2602194053385, 275.6389100031977, 0.0, 0.0, 0.0, 0.0, 0.0, 0.0, 809.0642358671976, 0.0, 147.73489957495525, 0.0, 0.0, 0.0, 0.0, 0.0, 0.0, 43.0736473913944, 0.0, 0.0, 0.0, 0.0, 64.27398925473244, 0.0, 0.0, 0.0, 0.0, 787.619629294843, 0.0, 0.0, 0.0, 781.8668475997827, 0.0, 0.0, 171.1989213786345, 0.0, 0.0, 0.0, 0.0, 0.0, 0.0, 0.0, 174.8706950164727, 0.0, 0.0, 0.0, 0.0, 0.0, 0.0, 59.05176608536817, 0.0, 0.0, 0.0, 0.0, 0.0, 800.9501213478989, 0.0, 0.0, 0.0, 241.0695697257388, 0.0, 0.0, 0.0, 0.0, 0.0, 0.0, 157.9215977662662, 769.4673968949867, 0.0, 0.0, 38.17241903982392, 0.0, 779.0933369155113, 0.0, 0.0, 0.0, 0.0, 126.4518871146322, 0.0, 0.0, 0.0, 0.0, 0.0, 0.0, 793.9365435555628, 0.0, 0.0, 0.0, 0.0, 0.0, 0.0, 271.9188716383715, 0.0, 797.3223017689199, 60.71010394788743, 282.9675404031882, 0.0, 0.0]
INFORMACIÓN : 36apuestaBundle [787.6117352694845, 271.9188716383715, 254.93910901196963]
INFORMACIÓN : 36positionsBundle [1028, 1281, 2216]
INFORMACIÓN : 36levelsBundle [3, 2, 2]
INFORMACIÓN : 36positionsOrdered [1281, 1028, 2216]
INFORMACIÓN : 36levelsOrdered [2, 3, 2]
INFORMACIÓN : 36partialityOrdered [2, 3, 2]
INFORMACIÓN : 36arrivalTimes [33.151785735006555, 46.905968529969016, 73.7387842599665]
INFORMACIÓN : 37historia0[0.0, 0.0, 0.0, 0.0, 0.0, 0.0, 0.0, 0.0, 0.0, 0.0, 0.0, 0.0, 0.0, 78.02301501204498, 0.0, 803.3400396790485, 0.0, 0.0, 0.0, 0.0, 0.0, 0.0, 0.0, 787.6117352694845, 0.0, 768.5335744465737, 0.0, 0.0, 0.0, 0.0, 0.0, 0.0, 0.0, 0.0, 0.0, 0.0, 0.0, 0.0, 0.0, 0.0, 0.0, 0.0, 0.0, 775.3184906440785, 0.0, 0.0, 0.0, 0.0, 0.0, 0.0, 184.19724854174038, 0.0, 273.1510492025625, 0.0, 0.0, 0.0, 0.0, 0.0, 275.6085162473689, 0.0, 0.0, 0.0, 795.02027163655, 0.0, 812.2387426480036, 262.3284396216242, 0.0, 254.93910901196963, 0.0, 0.0, 0.0, 176.88607863499556, 799.2602194053385, 275.6389100031977, 0.0, 0.0, 0.0, 0.0, 0.0, 0.0, 809.0642358671976, 0.0, 147.73489957495525, 0.0, 0.0, 0.0, 0.0, 0.0, 0.0, 0.0, 0.0, 0.0, 0.0, 0.0, 0.0, 0.0, 758.9961754942997, 0.0, 0.0, 787.619629294843, 0.0, 0.0, 0.0, 781.8668475997827, 0.0, 182.1735431529649, 171.1989213786345, 0.0, 0.0, 0.0, 0.0, 0.0, 0.0, 0.0, 174.8706950164727, 0.0, 0.0, 0.0, 0.0, 0.0, 0.0, 0.0, 0.0, 0.0, 0.0, 0.0, 0.0, 800.9501213478989, 0.0, 0.0, 0.0, 241.0695697257388, 0.0, 0.0, 0.0, 0.0, 0.0, 0.0, 0.0, 769.4673968949867, 0.0, 0.0, 0.0, 0.0, 779.1537523230651, 0.0, 0.0, 0.0, 0.0, 126.4518871146322, 0.0, 0.0, 0.0, 0.0, 0.0, 0.0, 793.9365435555628, 0.0, 0.0, 0.0, 0.0, 0.0, 0.0, 271.9188716383715, 0.0, 797.3223017689199, 60.71010394788743, 282.9675404031882, 0.0, 0.0]
INFORMACIÓN : 37apuestaBundle [787.6117352694845, 271.9188716383715, 254.93910901196963, 16.246061925138633]
INFORMACIÓN : 37positionsBundle [1028, 1281, 2216, 859]
INFORMACIÓN : 37levelsBundle [3, 2, 2, 1]
INFORMACIÓN : 37positionsOrdered [859, 1281, 1028, 2216]
INFORMACIÓN : 37levelsOrdered [1, 2, 3, 2]
INFORMACIÓN : 37partialityOrdered [2, 2, 3, 2]
INFORMACIÓN : 37arrivalTimes [9.580550604801081, 33.151785735006555, 46.905968529969016, 73.7387842599665]
INFORMACIÓN : mutexSat position 859 level 1
INFORMACIÓN : I [MW]; lost Test.myBail@69e55806; POS 859; sensors []; level 1 I paid 16.246061925138633in favour ofnull paid 16.246061925138633
INFORMACIÓN : 38historia0[0.0, 0.0, 0.0, 0.0, 0.0, 0.0, 0.0, 0.0, 0.0, 0.0, 0.0, 0.0, 0.0, 0.0, 0.0, 803.3400396790485, 0.0, 0.0, 0.0, 0.0, 0.0, 0.0, 0.0, 787.6117352694845, 0.0, 0.0, 0.0, 0.0, 0.0, 0.0, 0.0, 0.0, 0.0, 0.0, 0.0, 0.0, 283.91103989356986, 0.0, 0.0, 0.0, 0.0, 0.0, 0.0, 775.3184906440785, 0.0, 0.0, 0.0, 0.0, 0.0, 0.0, 0.0, 0.0, 279.6531273309115, 0.0, 0.0, 0.0, 769.2019702576868, 0.0, 275.6085162473689, 0.0, 0.0, 0.0, 795.02027163655, 0.0, 812.2387426480036, 262.3284396216242, 0.0, 254.93910901196963, 0.0, 0.0, 0.0, 176.88607863499556, 799.2602194053385, 275.6389100031977, 0.0, 0.0, 0.0, 0.0, 0.0, 0.0, 809.0642358671976, 0.0, 147.73489957495525, 0.0, 0.0, 0.0, 0.0, 0.0, 0.0, 0.0, 54.637173666376725, 0.0, 0.0, 0.0, 0.0, 0.0, 758.9961754942997, 0.0, 0.0, 787.619629294843, 0.0, 0.0, 21.109647586575115, 781.8668475997827, 0.0, 182.1735431529649, 171.1989213786345, 0.0, 0.0, 0.0, 0.0, 0.0, 0.0, 0.0, 174.8706950164727, 0.0, 0.0, 0.0, 0.0, 285.30403625054237, 0.0, 0.0, 0.0, 0.0, 0.0, 0.0, 0.0, 800.9501213478989, 0.0, 0.0, 0.0, 241.0695697257388, 0.0, 0.0, 0.0, 0.0, 0.0, 0.0, 0.0, 769.4673968949867, 0.0, 0.0, 0.0, 0.0, 779.1537523230651, 0.0, 0.0, 0.0, 0.0, 126.4518871146322, 0.0, 0.0, 0.0, 0.0, 0.0, 0.0, 793.9365435555628, 0.0, 0.0, 0.0, 0.0, 0.0, 0.0, 271.9188716383715, 0.0, 797.3223017689199, 60.71010394788743, 282.9675404031882, 0.0, 0.0]
INFORMACIÓN : 38apuestaBundle [787.6117352694845, 271.9188716383715, 254.93910901196963]
INFORMACIÓN : 38positionsBundle [1028, 1281, 2216]
INFORMACIÓN : 38levelsBundle [3, 2, 2]
INFORMACIÓN : 38positionsOrdered [1281, 1028, 2216]
INFORMACIÓN : 38levelsOrdered [2, 3, 2]
INFORMACIÓN : 38partialityOrdered [2, 3, 2]
INFORMACIÓN : 38arrivalTimes [33.151785735006555, 46.905968529969016, 73.7387842599665]
INFORMACIÓN : 39historia0[0.0, 0.0, 0.0, 0.0, 0.0, 0.0, 0.0, 0.0, 0.0, 0.0, 0.0, 0.0, 0.0, 0.0, 0.0, 803.3400396790485, 0.0, 0.0, 0.0, 0.0, 0.0, 0.0, 0.0, 787.6117352694845, 0.0, 0.0, 0.0, 0.0, 0.0, 0.0, 0.0, 0.0, 0.0, 0.0, 0.0, 0.0, 283.91103989356986, 0.0, 0.0, 0.0, 64.05098476856767, 0.0, 0.0, 775.3184906440785, 0.0, 0.0, 0.0, 0.0, 0.0, 0.0, 0.0, 0.0, 279.6531273309115, 0.0, 0.0, 0.0, 769.2019702576868, 0.0, 275.6085162473689, 0.0, 0.0, 0.0, 795.02027163655, 0.0, 812.2387426480036, 262.3284396216242, 0.0, 254.93910901196963, 0.0, 0.0, 0.0, 176.88607863499556, 799.2602194053385, 275.6389100031977, 0.0, 0.0, 0.0, 0.0, 0.0, 0.0, 809.0642358671976, 0.0, 147.73489957495525, 0.0, 0.0, 0.0, 0.0, 0.0, 0.0, 0.0, 58.908772251014284, 0.0, 0.0, 0.0, 0.0, 0.0, 758.9961754942997, 0.0, 0.0, 787.619629294843, 0.0, 0.0, 21.109647586575115, 781.8668475997827, 0.0, 182.1735431529649, 171.1989213786345, 0.0, 0.0, 0.0, 0.0, 0.0, 0.0, 0.0, 174.8706950164727, 0.0, 0.0, 0.0, 0.0, 285.30403625054237, 0.0, 62.407678712653784, 0.0, 0.0, 0.0, 0.0, 0.0, 800.9501213478989, 0.0, 0.0, 0.0, 241.0695697257388, 0.0, 0.0, 0.0, 0.0, 0.0, 0.0, 157.9215977662662, 769.4673968949867, 0.0, 0.0, 0.0, 0.0, 779.1537523230651, 0.0, 0.0, 0.0, 0.0, 126.4518871146322, 0.0, 0.0, 0.0, 0.0, 0.0, 0.0, 793.9365435555628, 0.0, 0.0, 0.0, 0.0, 0.0, 0.0, 271.9188716383715, 0.0, 797.3223017689199, 64.05098476856767, 282.9675404031882, 0.0, 0.0]
INFORMACIÓN : 39apuestaBundle [787.6117352694845, 271.9188716383715, 254.93910901196963]
INFORMACIÓN : 39positionsBundle [1028, 1281, 2216]
INFORMACIÓN : 39levelsBundle [3, 2, 2]
INFORMACIÓN : 39positionsOrdered [1281, 1028, 2216]
INFORMACIÓN : 39levelsOrdered [2, 3, 2]
INFORMACIÓN : 39partialityOrdered [2, 3, 2]
INFORMACIÓN : 39arrivalTimes [33.151785735006555, 46.905968529969016, 73.7387842599665]
INFORMACIÓN : 40historia0[0.0, 0.0, 0.0, 0.0, 0.0, 0.0, 0.0, 0.0, 0.0, 0.0, 0.0, 0.0, 0.0, 0.0, 0.0, 803.3400396790485, 0.0, 0.0, 0.0, 0.0, 0.0, 0.0, 0.0, 787.6117352694845, 0.0, 0.0, 0.0, 0.0, 0.0, 0.0, 0.0, 0.0, 0.0, 0.0, 0.0, 0.0, 283.91103989356986, 0.0, 0.0, 0.0, 64.05098476856767, 0.0, 0.0, 775.3184906440785, 0.0, 0.0, 0.0, 0.0, 0.0, 0.0, 0.0, 0.0, 279.6531273309115, 257.5674951925447, 0.0, 0.0, 769.2019702576868, 0.0, 275.6085162473689, 0.0, 0.0, 0.0, 795.02027163655, 0.0, 812.2387426480036, 262.3284396216242, 0.0, 254.93910901196963, 0.0, 0.0, 0.0, 176.88607863499556, 799.2602194053385, 275.6389100031977, 0.0, 0.0, 0.0, 0.0, 0.0, 0.0, 809.0642358671976, 0.0, 147.73489957495525, 0.0, 0.0, 0.0, 0.0, 0.0, 0.0, 0.0, 0.0, 0.0, 0.0, 0.0, 0.0, 0.0, 758.9961754942997, 0.0, 0.0, 787.619629294843, 0.0, 0.0, 0.0, 781.8668475997827, 0.0, 182.1735431529649, 171.1989213786345, 0.0, 0.0, 0.0, 0.0, 0.0, 0.0, 0.0, 174.8706950164727, 0.0, 0.0, 0.0, 0.0, 285.30403625054237, 0.0, 62.407678712653784, 0.0, 0.0, 0.0, 0.0, 0.0, 800.9501213478989, 0.0, 0.0, 0.0, 241.0695697257388, 0.0, 0.0, 0.0, 0.0, 0.0, 0.0, 157.9215977662662, 769.4673968949867, 0.0, 0.0, 0.0, 0.0, 779.1537523230651, 0.0, 0.0, 0.0, 0.0, 126.4518871146322, 0.0, 0.0, 0.0, 0.0, 0.0, 0.0, 793.9365435555628, 0.0, 0.0, 0.0, 0.0, 0.0, 0.0, 271.9188716383715, 0.0, 797.3223017689199, 64.05098476856767, 282.9675404031882, 0.0, 0.0]
INFORMACIÓN : 40apuestaBundle [787.6117352694845, 271.9188716383715, 254.93910901196963]
INFORMACIÓN : 40positionsBundle [1028, 1281, 2216]
INFORMACIÓN : 40levelsBundle [3, 2, 2]
INFORMACIÓN : 40positionsOrdered [1281, 1028, 2216]
INFORMACIÓN : 40levelsOrdered [2, 3, 2]
INFORMACIÓN : 40partialityOrdered [2, 3, 2]
INFORMACIÓN : 40arrivalTimes [33.151785735006555, 46.905968529969016, 73.7387842599665]
INFORMACIÓN : 41historia0[0.0, 0.0, 0.0, 0.0, 0.0, 0.0, 0.0, 0.0, 0.0, 0.0, 0.0, 0.0, 0.0, 0.0, 0.0, 803.3400396790485, 0.0, 0.0, 0.0, 0.0, 0.0, 0.0, 0.0, 787.6117352694845, 0.0, 0.0, 0.0, 0.0, 0.0, 0.0, 0.0, 0.0, 0.0, 0.0, 0.0, 0.0, 283.91103989356986, 0.0, 0.0, 0.0, 64.05098476856767, 0.0, 0.0, 775.3184906440785, 0.0, 0.0, 0.0, 0.0, 0.0, 0.0, 0.0, 0.0, 279.6531273309115, 257.5674951925447, 0.0, 0.0, 769.2019702576868, 0.0, 275.6085162473689, 0.0, 0.0, 0.0, 795.02027163655, 0.0, 812.2387426480036, 262.3284396216242, 0.0, 254.93910901196963, 0.0, 0.0, 0.0, 176.88607863499556, 799.2602194053385, 275.6389100031977, 0.0, 0.0, 0.0, 0.0, 0.0, 0.0, 809.0642358671976, 0.0, 147.73489957495525, 0.0, 0.0, 0.0, 0.0, 0.0, 0.0, 43.0736473913944, 0.0, 0.0, 0.0, 0.0, 0.0, 0.0, 758.9961754942997, 0.0, 0.0, 787.619629294843, 0.0, 0.0, 0.0, 781.8668475997827, 0.0, 182.1735431529649, 171.1989213786345, 0.0, 0.0, 0.0, 0.0, 0.0, 0.0, 0.0, 174.8706950164727, 0.0, 0.0, 0.0, 0.0, 285.30403625054237, 0.0, 62.407678712653784, 0.0, 0.0, 0.0, 0.0, 0.0, 800.9501213478989, 0.0, 0.0, 0.0, 241.0695697257388, 0.0, 0.0, 0.0, 0.0, 0.0, 0.0, 157.9215977662662, 769.4673968949867, 0.0, 0.0, 0.0, 0.0, 779.1537523230651, 0.0, 0.0, 0.0, 0.0, 126.4518871146322, 0.0, 0.0, 0.0, 0.0, 0.0, 0.0, 793.9365435555628, 0.0, 0.0, 0.0, 0.0, 0.0, 0.0, 271.9188716383715, 0.0, 797.3223017689199, 64.05098476856767, 282.9675404031882, 0.0, 0.0]
INFORMACIÓN : 41apuestaBundle [787.6117352694845, 271.9188716383715, 254.93910901196963]
INFORMACIÓN : 41positionsBundle [1028, 1281, 2216]
INFORMACIÓN : 41levelsBundle [3, 2, 2]
INFORMACIÓN : 41positionsOrdered [1281, 1028, 2216]
INFORMACIÓN : 41levelsOrdered [2, 3, 2]
INFORMACIÓN : 41partialityOrdered [2, 3, 2]
INFORMACIÓN : 41arrivalTimes [33.151785735006555, 46.905968529969016, 73.7387842599665]
