----------------------------------------------------------------------
-- Log session for [myBugCoalitionsCCBBAGuaiDEF-29] started on 2017.07.13.18.46.24 --
----------------------------------------------------------------------

INFORMACIÓN : I started
INFORMACIÓN : 0apuestaBundle [809.0642358671976, 800.9501213478989, 785.0887569739725, 777.7061791410551, 767.900692456592]
INFORMACIÓN : 0positionsBundle [26, 69, 1028, 1280, 1630]
INFORMACIÓN : 0levelsBundle [3, 3, 3, 3, 3]
INFORMACIÓN : 0positionsOrdered [26, 69, 1028, 1280, 1630]
INFORMACIÓN : 0levelsOrdered [3, 3, 3, 3, 3]
INFORMACIÓN : 0partialityOrdered [3, 3, 3, 3, 3]
INFORMACIÓN : 0arrivalTimes [3.2479021931436014, 10.318970005009078, 31.342766046637717, 36.72793085377222, 43.72793085377222]
INFORMACIÓN : 1historia0[0.0, 0.0, 0.0, 0.0, 0.0, 0.0, 0.0, 0.0, 0.0, 0.0, 0.0, 0.0, 0.0, 0.0, 0.0, 0.0, 0.0, 0.0, 0.0, 0.0, 0.0, 0.0, 0.0, 785.0887569739725, 0.0, 0.0, 0.0, 0.0, 0.0, 0.0, 0.0, 0.0, 0.0, 0.0, 0.0, 0.0, 0.0, 0.0, 0.0, 0.0, 0.0, 0.0, 0.0, 0.0, 0.0, 0.0, 0.0, 0.0, 0.0, 0.0, 0.0, 0.0, 0.0, 0.0, 0.0, 0.0, 777.3137219263522, 0.0, 0.0, 0.0, 0.0, 0.0, 0.0, 0.0, 812.2387426480036, 0.0, 0.0, 0.0, 0.0, 0.0, 0.0, 0.0, 799.2602194053385, 0.0, 0.0, 0.0, 0.0, 0.0, 0.0, 0.0, 809.0642358671976, 0.0, 0.0, 0.0, 0.0, 0.0, 0.0, 0.0, 0.0, 0.0, 0.0, 0.0, 0.0, 0.0, 0.0, 0.0, 0.0, 0.0, 0.0, 777.7061791410551, 0.0, 0.0, 0.0, 767.900692456592, 0.0, 0.0, 0.0, 0.0, 0.0, 0.0, 0.0, 798.1637235097055, 0.0, 0.0, 0.0, 0.0, 0.0, 0.0, 0.0, 0.0, 0.0, 0.0, 0.0, 0.0, 0.0, 0.0, 0.0, 800.9501213478989, 0.0, 0.0, 0.0, 0.0, 0.0, 0.0, 0.0, 0.0, 0.0, 0.0, 0.0, 0.0, 0.0, 0.0, 0.0, 0.0, 779.7128231362004, 0.0, 0.0, 0.0, 0.0, 0.0, 0.0, 0.0, 0.0, 0.0, 0.0, 0.0, 793.9365435555628, 0.0, 0.0, 0.0, 0.0, 0.0, 0.0, 0.0, 0.0, 0.0, 0.0, 0.0, 0.0, 0.0]
INFORMACIÓN : 1apuestaBundle [809.0642358671976, 800.9501213478989, 785.0887569739725, 777.7061791410551, 767.900692456592]
INFORMACIÓN : 1positionsBundle [26, 69, 1028, 1280, 1630]
INFORMACIÓN : 1levelsBundle [3, 3, 3, 3, 3]
INFORMACIÓN : 1positionsOrdered [26, 69, 1028, 1280, 1630]
INFORMACIÓN : 1levelsOrdered [3, 3, 3, 3, 3]
INFORMACIÓN : 1partialityOrdered [3, 3, 3, 3, 3]
INFORMACIÓN : 1arrivalTimes [3.2479021931436014, 10.318970005009078, 31.342766046637717, 36.72793085377222, 43.72793085377222]
INFORMACIÓN : I [MW]; lost Test.myBail@4d72d55f; POS 1028; sensors [AB, IR]; level 3 I paid 785.0887569739725in favour of26@(myturtles,myturtles,bug)@MK-18426 paid 787.4490116878417
INFORMACIÓN : 2historia0[0.0, 0.0, 0.0, 0.0, 0.0, 0.0, 0.0, 0.0, 0.0, 0.0, 0.0, 0.0, 0.0, 0.0, 0.0, 803.3400396790485, 0.0, 0.0, 0.0, 0.0, 0.0, 0.0, 0.0, 787.4490116878417, 0.0, 0.0, 0.0, 0.0, 0.0, 0.0, 0.0, 0.0, 0.0, 0.0, 0.0, 0.0, 284.7971919219426, 0.0, 0.0, 0.0, 0.0, 0.0, 0.0, 0.0, 0.0, 0.0, 0.0, 0.0, 0.0, 0.0, 0.0, 0.0, 0.0, 292.09464373722835, 0.0, 0.0, 0.0, 0.0, 0.0, 0.0, 0.0, 0.0, 791.8167017547694, 0.0, 812.2387426480036, 0.0, 0.0, 255.68267086498892, 0.0, 0.0, 0.0, 0.0, 799.2602194053385, 269.7297969782022, 0.0, 0.0, 0.0, 0.0, 0.0, 0.0, 809.0642358671976, 0.0, 0.0, 0.0, 270.6942945827235, 0.0, 0.0, 0.0, 0.0, 0.0, 0.0, 0.0, 0.0, 0.0, 0.0, 0.0, 0.0, 0.0, 0.0, 0.0, 0.0, 0.0, 0.0, 0.0, 0.0, 0.0, 0.0, 0.0, 0.0, 0.0, 0.0, 798.1637235097055, 0.0, 0.0, 0.0, 0.0, 0.0, 0.0, 0.0, 284.72837028472395, 0.0, 0.0, 0.0, 0.0, 0.0, 0.0, 0.0, 800.9501213478989, 0.0, 0.0, 0.0, 0.0, 0.0, 0.0, 0.0, 0.0, 0.0, 0.0, 0.0, 0.0, 0.0, 0.0, 0.0, 0.0, 0.0, 0.0, 0.0, 0.0, 0.0, 0.0, 0.0, 0.0, 0.0, 0.0, 0.0, 0.0, 793.9365435555628, 0.0, 0.0, 0.0, 0.0, 0.0, 0.0, 271.9188716383715, 0.0, 0.0, 0.0, 0.0, 0.0, 0.0]
INFORMACIÓN : 2apuestaBundle [809.0642358671976, 800.9501213478989, 361.11765890003744, 361.11765890003744, 241.0695697257388, 240.29852937295368]
INFORMACIÓN : 2positionsBundle [26, 69, 1630, 1630, 2268, 2331]
INFORMACIÓN : 2levelsBundle [3, 3, 2, 2, 2, 2]
INFORMACIÓN : 2positionsOrdered [26, 69, 1630, 1630, 2268, 2331]
INFORMACIÓN : 2levelsOrdered [3, 3, 2, 2, 2, 2]
INFORMACIÓN : 2partialityOrdered [3, 3, 3, 3, 2, 2]
INFORMACIÓN : 2arrivalTimes [3.2479021931436014, 10.318970005009078, 43.21273841180613, 43.21273841180613, 60.90454442476026, 73.94294923516556]
INFORMACIÓN : mutexSat position 1630 level 2
INFORMACIÓN : mutexSat position 1630 level 2
INFORMACIÓN : timeSat position 2268 level 2
INFORMACIÓN : I [MW]; lost Test.myBail@16b4e941; POS 1630; sensors [AB]; level 2 I paid 361.11765890003744in favour ofnull paid 361.11765890003744
INFORMACIÓN : 3historia0[0.0, 0.0, 0.0, 0.0, 0.0, 0.0, 0.0, 0.0, 0.0, 0.0, 0.0, 0.0, 0.0, 0.0, 0.0, 803.3400396790485, 0.0, 0.0, 0.0, 372.5276932233651, 0.0, 0.0, 0.0, 787.4490116878417, 0.0, 0.0, 0.0, 0.0, 271.1143586238031, 0.0, 0.0, 0.0, 0.0, 0.0, 0.0, 0.0, 0.0, 372.5276932233651, 0.0, 0.0, 0.0, 0.0, 0.0, 775.2371611759978, 0.0, 0.0, 0.0, 0.0, 0.0, 0.0, 0.0, 0.0, 0.0, 292.09464373722835, 0.0, 0.0, 772.1524344392766, 0.0, 0.0, 195.2752789906408, 0.0, 0.0, 791.8167017547694, 0.0, 812.2387426480036, 267.1482949958595, 0.0, 255.68267086498892, 0.0, 0.0, 0.0, 0.0, 799.2602194053385, 269.7297969782022, 0.0, 0.0, 0.0, 0.0, 0.0, 0.0, 809.0642358671976, 0.0, 0.0, 0.0, 270.6942945827235, 0.0, 0.0, 0.0, 0.0, 0.0, 0.0, 0.0, 0.0, 0.0, 0.0, 0.0, 0.0, 0.0, 0.0, 0.0, 0.0, 0.0, 0.0, 0.0, 0.0, 0.0, 0.0, 0.0, 0.0, 0.0, 0.0, 798.1637235097055, 0.0, 0.0, 0.0, 0.0, 0.0, 0.0, 0.0, 284.72837028472395, 0.0, 0.0, 0.0, 0.0, 0.0, 0.0, 0.0, 800.9501213478989, 0.0, 0.0, 0.0, 0.0, 0.0, 0.0, 0.0, 0.0, 190.56807571439163, 0.0, 0.0, 0.0, 0.0, 0.0, 0.0, 0.0, 0.0, 0.0, 0.0, 0.0, 0.0, 0.0, 0.0, 0.0, 0.0, 0.0, 0.0, 0.0, 793.9365435555628, 0.0, 0.0, 0.0, 0.0, 0.0, 0.0, 271.9188716383715, 0.0, 782.7665304250824, 0.0, 279.13173726832315, 0.0, 0.0]
INFORMACIÓN : 3apuestaBundle [809.0642358671976, 800.9501213478989, 767.900692456592, 241.0695697257388, 240.29852937295368]
INFORMACIÓN : 3positionsBundle [26, 69, 1630, 2268, 2331]
INFORMACIÓN : 3levelsBundle [3, 3, 3, 2, 2]
INFORMACIÓN : 3positionsOrdered [26, 69, 1630, 2268, 2331]
INFORMACIÓN : 3levelsOrdered [3, 3, 3, 2, 2]
INFORMACIÓN : 3partialityOrdered [3, 3, 3, 2, 2]
INFORMACIÓN : 3arrivalTimes [3.2479021931436014, 10.318970005009078, 43.21273841180613, 62.62254027514541, 75.66094508555071]
INFORMACIÓN : 4historia0[0.0, 0.0, 0.0, 0.0, 0.0, 0.0, 0.0, 0.0, 0.0, 0.0, 0.0, 0.0, 0.0, 0.0, 0.0, 803.3400396790485, 0.0, 0.0, 0.0, 0.0, 0.0, 0.0, 0.0, 787.4490116878417, 0.0, 0.0, 0.0, 0.0, 271.1143586238031, 0.0, 0.0, 0.0, 0.0, 0.0, 0.0, 0.0, 262.77732264853665, 0.0, 0.0, 0.0, 0.0, 0.0, 0.0, 775.2371611759978, 0.0, 0.0, 0.0, 0.0, 0.0, 0.0, 159.95490248532775, 0.0, 0.0, 292.09464373722835, 0.0, 0.0, 772.1524344392766, 0.0, 0.0, 195.2752789906408, 0.0, 0.0, 791.8167017547694, 0.0, 812.2387426480036, 267.1482949958595, 0.0, 255.68267086498892, 0.0, 0.0, 0.0, 157.60136768574284, 799.2602194053385, 269.7297969782022, 0.0, 0.0, 0.0, 0.0, 0.0, 240.29852937295368, 809.0642358671976, 0.0, 153.97295090332906, 0.0, 270.6942945827235, 0.0, 0.0, 0.0, 0.0, 51.656755424389374, 0.0, 0.0, 0.0, 0.0, 0.0, 0.0, 0.0, 0.0, 0.0, 787.619629294843, 0.0, 0.0, 0.0, 767.900692456592, 0.0, 0.0, 158.98253829239184, 0.0, 0.0, 0.0, 0.0, 798.1637235097055, 0.0, 0.0, 0.0, 0.0, 0.0, 0.0, 0.0, 284.72837028472395, 0.0, 89.08478019065095, 0.0, 0.0, 0.0, 0.0, 0.0, 800.9501213478989, 0.0, 0.0, 0.0, 241.0695697257388, 0.0, 0.0, 0.0, 0.0, 190.56807571439163, 0.0, 170.59861128071094, 0.0, 0.0, 0.0, 0.0, 0.0, 0.0, 0.0, 0.0, 0.0, 0.0, 0.0, 0.0, 0.0, 0.0, 0.0, 0.0, 0.0, 793.9365435555628, 0.0, 0.0, 0.0, 0.0, 0.0, 0.0, 271.9188716383715, 0.0, 782.7665304250824, 0.0, 279.13173726832315, 0.0, 0.0]
INFORMACIÓN : 4apuestaBundle [809.0642358671976, 800.9501213478989, 767.900692456592, 241.0695697257388, 240.29852937295368]
INFORMACIÓN : 4positionsBundle [26, 69, 1630, 2268, 2331]
INFORMACIÓN : 4levelsBundle [3, 3, 3, 2, 2]
INFORMACIÓN : 4positionsOrdered [26, 69, 1630, 2268, 2331]
INFORMACIÓN : 4levelsOrdered [3, 3, 3, 2, 2]
INFORMACIÓN : 4partialityOrdered [3, 3, 3, 2, 2]
INFORMACIÓN : 4arrivalTimes [3.2479021931436014, 10.318970005009078, 43.21273841180613, 62.62254027514541, 75.66094508555071]
INFORMACIÓN : I [MW]; lost Test.myBail@164c3937; POS 2331; sensors [IR]; level 2 I paid 240.29852937295368in favour of23@(myturtles,myturtles,bug)@MK-18426 paid 258.36642880226026
INFORMACIÓN : 5historia0[0.0, 0.0, 0.0, 0.0, 0.0, 0.0, 0.0, 0.0, 0.0, 0.0, 0.0, 0.0, 0.0, 0.0, 0.0, 803.3400396790485, 0.0, 0.0, 0.0, 0.0, 0.0, 0.0, 0.0, 787.4490116878417, 0.0, 0.0, 0.0, 0.0, 271.1143586238031, 0.0, 0.0, 0.0, 0.0, 0.0, 0.0, 0.0, 262.77732264853665, 0.0, 0.0, 0.0, 0.0, 0.0, 0.0, 775.2371611759978, 0.0, 0.0, 0.0, 0.0, 0.0, 0.0, 159.95490248532775, 0.0, 0.0, 292.09464373722835, 0.0, 0.0, 772.1524344392766, 0.0, 0.0, 195.2752789906408, 0.0, 0.0, 791.8167017547694, 0.0, 812.2387426480036, 267.1482949958595, 0.0, 255.68267086498892, 0.0, 0.0, 0.0, 157.60136768574284, 799.2602194053385, 269.7297969782022, 0.0, 0.0, 0.0, 0.0, 0.0, 258.36642880226026, 809.0642358671976, 0.0, 153.97295090332906, 0.0, 270.6942945827235, 0.0, 0.0, 0.0, 0.0, 51.656755424389374, 0.0, 0.0, 0.0, 0.0, 0.0, 0.0, 0.0, 0.0, 0.0, 787.619629294843, 0.0, 0.0, 0.0, 767.900692456592, 0.0, 155.32001995135715, 158.98253829239184, 0.0, 0.0, 0.0, 0.0, 798.1637235097055, 0.0, 0.0, 0.0, 0.0, 157.3062095027072, 0.0, 0.0, 284.72837028472395, 0.0, 89.08478019065095, 0.0, 0.0, 0.0, 0.0, 0.0, 800.9501213478989, 0.0, 0.0, 0.0, 241.0695697257388, 0.0, 0.0, 0.0, 0.0, 190.56807571439163, 0.0, 170.59861128071094, 0.0, 0.0, 0.0, 0.0, 0.0, 0.0, 0.0, 0.0, 0.0, 0.0, 126.4518871146322, 0.0, 0.0, 0.0, 0.0, 0.0, 0.0, 793.9365435555628, 0.0, 0.0, 0.0, 0.0, 0.0, 0.0, 271.9188716383715, 0.0, 782.7665304250824, 0.0, 279.13173726832315, 0.0, 0.0]
INFORMACIÓN : 5apuestaBundle [809.0642358671976, 800.9501213478989, 767.900692456592, 241.0695697257388, 167.67608298711684]
INFORMACIÓN : 5positionsBundle [26, 69, 1630, 2268, 614]
INFORMACIÓN : 5levelsBundle [3, 3, 3, 2, 1]
INFORMACIÓN : 5positionsOrdered [26, 69, 1630, 2268, 614]
INFORMACIÓN : 5levelsOrdered [3, 3, 3, 2, 1]
INFORMACIÓN : 5partialityOrdered [3, 3, 3, 2, 1]
INFORMACIÓN : 5arrivalTimes [3.2479021931436014, 10.318970005009078, 43.21273841180613, 62.62254027514541, 95.86408055233474]
INFORMACIÓN : I [MW]; lost Test.myBail@10a3841b; POS 614; sensors []; level 1 I paid 167.67608298711684in favour of23@(myturtles,myturtles,bug)@MK-18426 paid 157.3062095027072
INFORMACIÓN : 6historia0[0.0, 0.0, 0.0, 0.0, 0.0, 0.0, 0.0, 0.0, 0.0, 0.0, 0.0, 0.0, 0.0, 0.0, 0.0, 803.3400396790485, 0.0, 0.0, 0.0, 0.0, 0.0, 0.0, 0.0, 787.4490116878417, 0.0, 0.0, 0.0, 0.0, 271.1143586238031, 0.0, 0.0, 0.0, 0.0, 0.0, 0.0, 0.0, 262.77732264853665, 0.0, 0.0, 0.0, 0.0, 0.0, 0.0, 775.2371611759978, 0.0, 0.0, 0.0, 0.0, 0.0, 0.0, 159.95490248532775, 0.0, 0.0, 292.09464373722835, 0.0, 0.0, 772.1524344392766, 0.0, 0.0, 195.2752789906408, 0.0, 0.0, 791.8167017547694, 0.0, 812.2387426480036, 267.1482949958595, 0.0, 255.68267086498892, 0.0, 0.0, 0.0, 157.60136768574284, 799.2602194053385, 269.7297969782022, 0.0, 0.0, 0.0, 0.0, 0.0, 258.36642880226026, 809.0642358671976, 0.0, 153.97295090332906, 0.0, 270.6942945827235, 0.0, 0.0, 0.0, 0.0, 51.656755424389374, 0.0, 0.0, 0.0, 0.0, 0.0, 0.0, 0.0, 0.0, 0.0, 787.619629294843, 0.0, 0.0, 0.0, 767.900692456592, 0.0, 0.0, 158.98253829239184, 0.0, 0.0, 0.0, 0.0, 798.1637235097055, 0.0, 0.0, 0.0, 0.0, 157.3062095027072, 0.0, 0.0, 284.72837028472395, 0.0, 89.08478019065095, 0.0, 0.0, 0.0, 0.0, 0.0, 800.9501213478989, 0.0, 0.0, 0.0, 241.0695697257388, 0.0, 0.0, 0.0, 0.0, 190.56807571439163, 0.0, 170.59861128071094, 0.0, 0.0, 0.0, 0.0, 0.0, 0.0, 0.0, 0.0, 0.0, 0.0, 126.4518871146322, 0.0, 0.0, 0.0, 0.0, 0.0, 0.0, 793.9365435555628, 0.0, 0.0, 0.0, 0.0, 0.0, 0.0, 271.9188716383715, 0.0, 782.7665304250824, 0.0, 279.13173726832315, 0.0, 0.0]
INFORMACIÓN : 6apuestaBundle [809.0642358671976, 800.9501213478989, 767.900692456592, 241.0695697257388, 161.02134586789816]
INFORMACIÓN : 6positionsBundle [26, 69, 1630, 2268, 314]
INFORMACIÓN : 6levelsBundle [3, 3, 3, 2, 1]
INFORMACIÓN : 6positionsOrdered [26, 69, 1630, 2268, 314]
INFORMACIÓN : 6levelsOrdered [3, 3, 3, 2, 1]
INFORMACIÓN : 6partialityOrdered [3, 3, 3, 2, 1]
INFORMACIÓN : 6arrivalTimes [3.2479021931436014, 10.318970005009078, 43.21273841180613, 62.62254027514541, 101.82713184297073]
INFORMACIÓN : 7historia0[0.0, 0.0, 0.0, 0.0, 0.0, 0.0, 0.0, 0.0, 0.0, 0.0, 0.0, 0.0, 0.0, 0.0, 0.0, 803.3400396790485, 0.0, 0.0, 0.0, 0.0, 0.0, 0.0, 0.0, 787.4490116878417, 0.0, 0.0, 0.0, 0.0, 271.1143586238031, 0.0, 0.0, 0.0, 0.0, 0.0, 0.0, 0.0, 262.77732264853665, 0.0, 0.0, 0.0, 0.0, 0.0, 0.0, 775.2371611759978, 0.0, 0.0, 0.0, 0.0, 0.0, 0.0, 159.95490248532775, 0.0, 0.0, 292.09464373722835, 0.0, 0.0, 772.1524344392766, 0.0, 0.0, 195.2752789906408, 0.0, 0.0, 791.8167017547694, 0.0, 812.2387426480036, 267.1482949958595, 0.0, 255.68267086498892, 0.0, 0.0, 0.0, 157.60136768574284, 799.2602194053385, 269.7297969782022, 0.0, 0.0, 0.0, 0.0, 0.0, 258.36642880226026, 809.0642358671976, 0.0, 153.97295090332906, 0.0, 270.6942945827235, 0.0, 0.0, 0.0, 0.0, 51.656755424389374, 0.0, 0.0, 0.0, 0.0, 0.0, 0.0, 0.0, 0.0, 0.0, 787.619629294843, 0.0, 0.0, 0.0, 767.900692456592, 0.0, 161.02134586789816, 158.98253829239184, 0.0, 0.0, 0.0, 0.0, 798.1637235097055, 0.0, 0.0, 0.0, 0.0, 0.0, 0.0, 0.0, 284.72837028472395, 0.0, 89.08478019065095, 0.0, 0.0, 0.0, 0.0, 0.0, 800.9501213478989, 0.0, 0.0, 0.0, 241.0695697257388, 0.0, 0.0, 0.0, 0.0, 190.56807571439163, 0.0, 170.59861128071094, 0.0, 0.0, 0.0, 0.0, 0.0, 0.0, 0.0, 0.0, 0.0, 0.0, 126.4518871146322, 0.0, 0.0, 0.0, 0.0, 0.0, 0.0, 793.9365435555628, 0.0, 0.0, 0.0, 0.0, 0.0, 0.0, 271.9188716383715, 0.0, 782.7665304250824, 0.0, 279.13173726832315, 0.0, 0.0]
INFORMACIÓN : 7apuestaBundle [809.0642358671976, 800.9501213478989, 767.900692456592, 241.0695697257388, 161.02134586789816]
INFORMACIÓN : 7positionsBundle [26, 69, 1630, 2268, 314]
INFORMACIÓN : 7levelsBundle [3, 3, 3, 2, 1]
INFORMACIÓN : 7positionsOrdered [26, 69, 1630, 2268, 314]
INFORMACIÓN : 7levelsOrdered [3, 3, 3, 2, 1]
INFORMACIÓN : 7partialityOrdered [3, 3, 3, 2, 1]
INFORMACIÓN : 7arrivalTimes [3.2479021931436014, 10.318970005009078, 43.21273841180613, 62.62254027514541, 101.82713184297073]
INFORMACIÓN : 8historia0[0.0, 0.0, 0.0, 0.0, 0.0, 0.0, 0.0, 0.0, 0.0, 0.0, 0.0, 0.0, 0.0, 0.0, 0.0, 803.3400396790485, 0.0, 0.0, 0.0, 0.0, 0.0, 0.0, 0.0, 787.4490116878417, 0.0, 0.0, 0.0, 0.0, 271.1143586238031, 0.0, 0.0, 0.0, 0.0, 0.0, 0.0, 0.0, 262.77732264853665, 0.0, 0.0, 0.0, 0.0, 0.0, 0.0, 775.2371611759978, 0.0, 0.0, 0.0, 0.0, 0.0, 0.0, 159.95490248532775, 0.0, 0.0, 292.09464373722835, 0.0, 0.0, 772.1524344392766, 0.0, 0.0, 195.2752789906408, 0.0, 0.0, 791.8167017547694, 0.0, 812.2387426480036, 267.1482949958595, 0.0, 255.68267086498892, 0.0, 0.0, 0.0, 157.60136768574284, 799.2602194053385, 269.7297969782022, 0.0, 0.0, 0.0, 0.0, 0.0, 258.36642880226026, 809.0642358671976, 0.0, 153.97295090332906, 0.0, 270.6942945827235, 0.0, 0.0, 0.0, 0.0, 51.656755424389374, 0.0, 0.0, 0.0, 0.0, 0.0, 0.0, 0.0, 0.0, 0.0, 787.619629294843, 0.0, 0.0, 0.0, 767.900692456592, 0.0, 161.02134586789816, 158.98253829239184, 0.0, 0.0, 0.0, 0.0, 798.1637235097055, 0.0, 0.0, 0.0, 0.0, 0.0, 0.0, 0.0, 284.72837028472395, 0.0, 89.08478019065095, 0.0, 0.0, 0.0, 0.0, 0.0, 800.9501213478989, 0.0, 0.0, 0.0, 241.0695697257388, 0.0, 0.0, 0.0, 0.0, 190.56807571439163, 0.0, 170.59861128071094, 0.0, 0.0, 0.0, 0.0, 0.0, 0.0, 0.0, 0.0, 0.0, 0.0, 126.4518871146322, 0.0, 0.0, 0.0, 0.0, 0.0, 0.0, 793.9365435555628, 0.0, 0.0, 0.0, 0.0, 0.0, 0.0, 271.9188716383715, 0.0, 782.7665304250824, 0.0, 279.13173726832315, 0.0, 0.0]
INFORMACIÓN : 8apuestaBundle [809.0642358671976, 800.9501213478989, 767.900692456592, 241.0695697257388, 161.02134586789816]
INFORMACIÓN : 8positionsBundle [26, 69, 1630, 2268, 314]
INFORMACIÓN : 8levelsBundle [3, 3, 3, 2, 1]
INFORMACIÓN : 8positionsOrdered [26, 69, 1630, 2268, 314]
INFORMACIÓN : 8levelsOrdered [3, 3, 3, 2, 1]
INFORMACIÓN : 8partialityOrdered [3, 3, 3, 2, 1]
INFORMACIÓN : 8arrivalTimes [3.2479021931436014, 10.318970005009078, 43.21273841180613, 62.62254027514541, 101.82713184297073]
INFORMACIÓN : depSat position 26 level 3
INFORMACIÓN : depSat position 69 level 3
INFORMACIÓN : I [MW]; lost Test.myBail@282a1057; POS 26; sensors [AB, IR]; level 3 I paid 809.0642358671976in favour ofnull paid 809.0642358671976
INFORMACIÓN : 9historia0[0.0, 0.0, 0.0, 0.0, 0.0, 0.0, 0.0, 0.0, 0.0, 0.0, 0.0, 0.0, 0.0, 0.0, 0.0, 803.3400396790485, 0.0, 0.0, 0.0, 0.0, 0.0, 0.0, 0.0, 787.4490116878417, 0.0, 0.0, 0.0, 0.0, 271.1143586238031, 0.0, 0.0, 0.0, 0.0, 0.0, 0.0, 0.0, 262.77732264853665, 0.0, 0.0, 0.0, 0.0, 0.0, 0.0, 775.2371611759978, 0.0, 0.0, 0.0, 0.0, 0.0, 0.0, 0.0, 0.0, 0.0, 292.09464373722835, 0.0, 0.0, 772.1524344392766, 0.0, 0.0, 195.2752789906408, 0.0, 0.0, 791.8167017547694, 0.0, 812.2387426480036, 267.1482949958595, 0.0, 255.68267086498892, 0.0, 0.0, 0.0, 0.0, 799.2602194053385, 269.7297969782022, 0.0, 0.0, 0.0, 0.0, 0.0, 258.36642880226026, 0.0, 0.0, 0.0, 0.0, 270.6942945827235, 0.0, 0.0, 0.0, 0.0, 51.656755424389374, 0.0, 0.0, 0.0, 0.0, 0.0, 0.0, 0.0, 0.0, 0.0, 787.619629294843, 0.0, 0.0, 0.0, 0.0, 0.0, 0.0, 0.0, 0.0, 0.0, 0.0, 0.0, 0.0, 0.0, 0.0, 0.0, 0.0, 0.0, 0.0, 0.0, 284.72837028472395, 0.0, 89.08478019065095, 0.0, 0.0, 0.0, 0.0, 0.0, 0.0, 0.0, 0.0, 0.0, 0.0, 0.0, 0.0, 0.0, 0.0, 190.56807571439163, 0.0, 170.59861128071094, 0.0, 0.0, 0.0, 0.0, 0.0, 0.0, 0.0, 0.0, 0.0, 0.0, 126.4518871146322, 0.0, 0.0, 0.0, 0.0, 0.0, 0.0, 793.9365435555628, 0.0, 0.0, 0.0, 0.0, 0.0, 0.0, 271.9188716383715, 0.0, 782.7665304250824, 0.0, 279.13173726832315, 0.0, 0.0]
INFORMACIÓN : 9apuestaBundle [809.0642358671976, 800.9501213478989, 767.7286008536003, 759.468615450553, 167.84817459010856]
INFORMACIÓN : 9positionsBundle [26, 69, 1630, 1838, 614]
INFORMACIÓN : 9levelsBundle [3, 3, 3, 3, 1]
INFORMACIÓN : 9positionsOrdered [26, 69, 1630, 1838, 614]
INFORMACIÓN : 9levelsOrdered [3, 3, 3, 3, 1]
INFORMACIÓN : 9partialityOrdered [3, 3, 3, 3, 1]
INFORMACIÓN : 9arrivalTimes [3.2479021931436014, 10.318970005009078, 43.21273841180613, 52.15701032180529, 86.09813581875957]
INFORMACIÓN : 10historia0[0.0, 0.0, 0.0, 0.0, 0.0, 0.0, 0.0, 0.0, 0.0, 0.0, 0.0, 0.0, 0.0, 0.0, 0.0, 0.0, 0.0, 0.0, 0.0, 0.0, 0.0, 0.0, 0.0, 0.0, 0.0, 0.0, 0.0, 0.0, 0.0, 0.0, 0.0, 0.0, 0.0, 0.0, 0.0, 0.0, 0.0, 0.0, 0.0, 0.0, 0.0, 0.0, 0.0, 775.2371611759978, 0.0, 0.0, 0.0, 0.0, 0.0, 0.0, 0.0, 0.0, 0.0, 0.0, 0.0, 0.0, 777.0271995929622, 0.0, 0.0, 0.0, 0.0, 0.0, 0.0, 0.0, 812.2387426480036, 0.0, 0.0, 0.0, 0.0, 0.0, 0.0, 0.0, 799.2602194053385, 0.0, 0.0, 0.0, 0.0, 0.0, 0.0, 258.36642880226026, 809.0642358671976, 0.0, 0.0, 0.0, 0.0, 0.0, 0.0, 0.0, 0.0, 0.0, 0.0, 0.0, 0.0, 0.0, 0.0, 0.0, 759.468615450553, 0.0, 0.0, 787.619629294843, 0.0, 0.0, 0.0, 767.7286008536003, 0.0, 0.0, 0.0, 0.0, 0.0, 0.0, 0.0, 0.0, 0.0, 0.0, 0.0, 0.0, 167.84817459010856, 0.0, 0.0, 0.0, 0.0, 0.0, 0.0, 0.0, 0.0, 0.0, 0.0, 800.9501213478989, 0.0, 0.0, 0.0, 0.0, 0.0, 0.0, 0.0, 0.0, 0.0, 0.0, 0.0, 0.0, 0.0, 0.0, 0.0, 0.0, 779.0723752730842, 0.0, 0.0, 0.0, 0.0, 0.0, 0.0, 0.0, 0.0, 0.0, 0.0, 0.0, 793.9365435555628, 0.0, 0.0, 0.0, 0.0, 0.0, 0.0, 0.0, 0.0, 0.0, 0.0, 0.0, 0.0, 0.0]
INFORMACIÓN : 10apuestaBundle [809.0642358671976, 800.9501213478989, 767.7286008536003, 759.468615450553, 167.84817459010856]
INFORMACIÓN : 10positionsBundle [26, 69, 1630, 1838, 614]
INFORMACIÓN : 10levelsBundle [3, 3, 3, 3, 1]
INFORMACIÓN : 10positionsOrdered [26, 69, 1630, 1838, 614]
INFORMACIÓN : 10levelsOrdered [3, 3, 3, 3, 1]
INFORMACIÓN : 10partialityOrdered [3, 3, 3, 3, 1]
INFORMACIÓN : 10arrivalTimes [3.2479021931436014, 10.318970005009078, 43.21273841180613, 52.15701032180529, 86.09813581875957]
INFORMACIÓN : I [MW]; lost Test.myBail@355fdc8; POS 1838; sensors [AB, IR]; level 3 I paid 759.468615450553in favour of26@(myturtles,myturtles,bug)@MK-18426 paid 762.8400781254575
INFORMACIÓN : 11historia0[0.0, 0.0, 0.0, 0.0, 0.0, 0.0, 0.0, 0.0, 0.0, 0.0, 0.0, 0.0, 0.0, 0.0, 0.0, 803.3400396790485, 0.0, 0.0, 0.0, 0.0, 0.0, 0.0, 0.0, 787.6117352694845, 0.0, 768.5335744465737, 0.0, 0.0, 0.0, 0.0, 0.0, 0.0, 0.0, 0.0, 0.0, 0.0, 287.523349039167, 0.0, 0.0, 0.0, 0.0, 0.0, 0.0, 775.6087844119361, 0.0, 0.0, 0.0, 0.0, 0.0, 0.0, 0.0, 0.0, 0.0, 292.09464373722835, 0.0, 0.0, 0.0, 0.0, 0.0, 0.0, 0.0, 0.0, 791.9795790006347, 0.0, 812.2387426480036, 0.0, 0.0, 0.0, 0.0, 0.0, 0.0, 0.0, 799.2602194053385, 269.7297969782022, 0.0, 0.0, 0.0, 0.0, 0.0, 258.36642880226026, 809.0642358671976, 0.0, 0.0, 0.0, 270.6942945827235, 0.0, 0.0, 0.0, 0.0, 0.0, 0.0, 0.0, 0.0, 0.0, 0.0, 0.0, 762.8400781254575, 0.0, 0.0, 787.619629294843, 0.0, 0.0, 0.0, 767.7286008536003, 0.0, 0.0, 0.0, 0.0, 0.0, 0.0, 0.0, 0.0, 0.0, 0.0, 0.0, 0.0, 0.0, 0.0, 0.0, 0.0, 0.0, 0.0, 0.0, 0.0, 0.0, 0.0, 0.0, 800.9501213478989, 0.0, 0.0, 0.0, 0.0, 0.0, 0.0, 0.0, 0.0, 0.0, 0.0, 0.0, 769.4673968949867, 0.0, 0.0, 0.0, 0.0, 0.0, 0.0, 0.0, 0.0, 0.0, 0.0, 0.0, 0.0, 0.0, 0.0, 0.0, 0.0, 793.9365435555628, 0.0, 0.0, 0.0, 0.0, 0.0, 0.0, 271.9188716383715, 0.0, 797.1804215813274, 0.0, 0.0, 0.0, 0.0]
INFORMACIÓN : 11apuestaBundle [809.0642358671976, 800.9501213478989, 767.7286008536003, 161.19343747088988, 38.17241903982392, 38.17241903982392]
INFORMACIÓN : 11positionsBundle [26, 69, 1630, 314, 2161, 2161]
INFORMACIÓN : 11levelsBundle [3, 3, 3, 1, 2, 2]
INFORMACIÓN : 11positionsOrdered [26, 69, 1630, 314, 2161, 2161]
INFORMACIÓN : 11levelsOrdered [3, 3, 3, 1, 2, 2]
INFORMACIÓN : 11partialityOrdered [3, 3, 3, 1, 3, 3]
INFORMACIÓN : 11arrivalTimes [3.2479021931436014, 10.318970005009078, 43.21273841180613, 73.74141345675362, 110.86283584329479, 110.86283584329479]
INFORMACIÓN : mutexSat position 2161 level 2
INFORMACIÓN : mutexSat position 2161 level 2
INFORMACIÓN : I [MW]; lost Test.myBail@504bb27a; POS 2161; sensors [IR]; level 2 I paid 38.17241903982392in favour ofnull paid 38.17241903982392
INFORMACIÓN : 12historia0[0.0, 0.0, 0.0, 0.0, 266.22425716779253, 0.0, 0.0, 0.0, 0.0, 0.0, 0.0, 0.0, 0.0, 0.0, 0.0, 803.3400396790485, 0.0, 0.0, 0.0, 0.0, 0.0, 0.0, 0.0, 787.6117352694845, 0.0, 0.0, 0.0, 0.0, 0.0, 0.0, 0.0, 0.0, 0.0, 0.0, 0.0, 0.0, 287.523349039167, 0.0, 0.0, 0.0, 0.0, 0.0, 0.0, 0.0, 0.0, 0.0, 0.0, 0.0, 0.0, 0.0, 0.0, 0.0, 0.0, 292.09464373722835, 0.0, 0.0, 772.3151951772525, 0.0, 275.6085162473689, 0.0, 0.0, 0.0, 795.02027163655, 0.0, 812.2387426480036, 0.0, 0.0, 0.0, 0.0, 0.0, 0.0, 0.0, 799.2602194053385, 269.7297969782022, 0.0, 0.0, 0.0, 0.0, 0.0, 258.36642880226026, 809.0642358671976, 0.0, 0.0, 0.0, 270.6942945827235, 0.0, 0.0, 0.0, 0.0, 43.0736473913944, 0.0, 0.0, 0.0, 0.0, 0.0, 0.0, 762.8400781254575, 0.0, 0.0, 787.619629294843, 0.0, 0.0, 0.0, 767.7286008536003, 0.0, 161.19343747088988, 0.0, 0.0, 0.0, 0.0, 0.0, 0.0, 0.0, 0.0, 0.0, 0.0, 0.0, 0.0, 0.0, 0.0, 0.0, 56.15060400616193, 0.0, 0.0, 0.0, 0.0, 0.0, 800.9501213478989, 0.0, 0.0, 0.0, 0.0, 0.0, 0.0, 0.0, 0.0, 193.09558821189506, 0.0, 0.0, 769.4673968949867, 0.0, 0.0, 0.0, 0.0, 768.763868595669, 0.0, 0.0, 0.0, 0.0, 0.0, 0.0, 0.0, 0.0, 0.0, 0.0, 0.0, 793.9365435555628, 0.0, 0.0, 0.0, 0.0, 0.0, 0.0, 271.9188716383715, 0.0, 797.1804215813274, 0.0, 0.0, 0.0, 0.0]
INFORMACIÓN : 12apuestaBundle [809.0642358671976, 800.9501213478989, 767.7286008536003, 161.19343747088988, 37.951563662390186]
INFORMACIÓN : 12positionsBundle [26, 69, 1630, 314, 2268]
INFORMACIÓN : 12levelsBundle [3, 3, 3, 1, 1]
INFORMACIÓN : 12positionsOrdered [26, 69, 1630, 314, 2268]
INFORMACIÓN : 12levelsOrdered [3, 3, 3, 1, 1]
INFORMACIÓN : 12partialityOrdered [3, 3, 3, 1, 2]
INFORMACIÓN : 12arrivalTimes [3.2479021931436014, 10.318970005009078, 43.21273841180613, 73.74141345675362, 112.94600502457894]
INFORMACIÓN : mutexSat position 2268 level 1
INFORMACIÓN : I [MW]; lost Test.myBail@518907fe; POS 2268; sensors []; level 1 I paid 37.951563662390186in favour ofnull paid 37.951563662390186
INFORMACIÓN : 13historia0[0.0, 0.0, 0.0, 0.0, 266.22425716779253, 0.0, 0.0, 0.0, 0.0, 0.0, 0.0, 0.0, 0.0, 0.0, 0.0, 803.3400396790485, 0.0, 0.0, 0.0, 0.0, 0.0, 0.0, 0.0, 787.6117352694845, 0.0, 0.0, 0.0, 0.0, 281.15840206935377, 0.0, 0.0, 0.0, 0.0, 0.0, 0.0, 0.0, 287.523349039167, 0.0, 0.0, 0.0, 0.0, 0.0, 0.0, 0.0, 0.0, 0.0, 0.0, 0.0, 0.0, 0.0, 0.0, 0.0, 0.0, 292.09464373722835, 0.0, 0.0, 772.3151951772525, 0.0, 275.6085162473689, 195.2752789906408, 0.0, 0.0, 795.02027163655, 0.0, 812.2387426480036, 0.0, 0.0, 0.0, 0.0, 0.0, 0.0, 176.88607863499556, 799.2602194053385, 269.7297969782022, 0.0, 0.0, 0.0, 0.0, 0.0, 258.36642880226026, 809.0642358671976, 0.0, 0.0, 0.0, 270.6942945827235, 0.0, 0.0, 0.0, 0.0, 0.0, 0.0, 0.0, 0.0, 0.0, 0.0, 0.0, 762.8400781254575, 0.0, 0.0, 787.619629294843, 0.0, 0.0, 0.0, 767.7286008536003, 0.0, 161.19343747088988, 171.1989213786345, 0.0, 0.0, 0.0, 0.0, 0.0, 0.0, 0.0, 174.8706950164727, 0.0, 0.0, 0.0, 0.0, 285.30403625054237, 0.0, 0.0, 0.0, 0.0, 0.0, 0.0, 0.0, 800.9501213478989, 0.0, 0.0, 0.0, 0.0, 0.0, 0.0, 0.0, 0.0, 193.09558821189506, 0.0, 170.59861128071094, 769.4673968949867, 0.0, 0.0, 0.0, 0.0, 768.763868595669, 0.0, 0.0, 0.0, 0.0, 0.0, 0.0, 0.0, 0.0, 0.0, 0.0, 0.0, 793.9365435555628, 0.0, 0.0, 0.0, 0.0, 0.0, 0.0, 271.9188716383715, 0.0, 797.1804215813274, 0.0, 0.0, 0.0, 0.0]
INFORMACIÓN : 13apuestaBundle [809.0642358671976, 800.9501213478989, 767.7286008536003, 161.19343747088988]
INFORMACIÓN : 13positionsBundle [26, 69, 1630, 314]
INFORMACIÓN : 13levelsBundle [3, 3, 3, 1]
INFORMACIÓN : 13positionsOrdered [26, 69, 1630, 314]
INFORMACIÓN : 13levelsOrdered [3, 3, 3, 1]
INFORMACIÓN : 13partialityOrdered [3, 3, 3, 1]
INFORMACIÓN : 13arrivalTimes [3.2479021931436014, 10.318970005009078, 43.21273841180613, 73.74141345675362]
INFORMACIÓN : 14historia0[0.0, 0.0, 0.0, 0.0, 266.22425716779253, 0.0, 0.0, 0.0, 0.0, 0.0, 0.0, 0.0, 0.0, 0.0, 0.0, 803.3400396790485, 0.0, 0.0, 0.0, 0.0, 0.0, 0.0, 0.0, 787.6117352694845, 0.0, 0.0, 0.0, 0.0, 281.15840206935377, 0.0, 0.0, 0.0, 0.0, 0.0, 0.0, 0.0, 287.523349039167, 0.0, 0.0, 0.0, 0.0, 0.0, 0.0, 0.0, 0.0, 0.0, 0.0, 0.0, 0.0, 0.0, 0.0, 0.0, 0.0, 292.09464373722835, 0.0, 0.0, 772.3151951772525, 0.0, 275.6085162473689, 195.2752789906408, 0.0, 0.0, 795.02027163655, 0.0, 812.2387426480036, 0.0, 0.0, 0.0, 0.0, 0.0, 0.0, 176.88607863499556, 799.2602194053385, 269.7297969782022, 0.0, 0.0, 0.0, 0.0, 0.0, 258.36642880226026, 809.0642358671976, 0.0, 147.73489957495525, 0.0, 270.6942945827235, 0.0, 0.0, 0.0, 0.0, 51.656755424389374, 0.0, 0.0, 0.0, 0.0, 0.0, 0.0, 762.8400781254575, 0.0, 0.0, 787.619629294843, 0.0, 0.0, 0.0, 767.7286008536003, 0.0, 161.19343747088988, 171.1989213786345, 0.0, 0.0, 0.0, 0.0, 0.0, 0.0, 0.0, 174.8706950164727, 0.0, 0.0, 0.0, 0.0, 285.30403625054237, 0.0, 0.0, 0.0, 0.0, 0.0, 0.0, 0.0, 800.9501213478989, 0.0, 0.0, 0.0, 0.0, 0.0, 0.0, 0.0, 0.0, 193.09558821189506, 0.0, 176.99985492770054, 769.4673968949867, 0.0, 0.0, 0.0, 0.0, 768.763868595669, 0.0, 0.0, 0.0, 0.0, 126.4518871146322, 0.0, 0.0, 0.0, 0.0, 0.0, 0.0, 793.9365435555628, 0.0, 0.0, 0.0, 0.0, 0.0, 0.0, 271.9188716383715, 0.0, 797.1804215813274, 0.0, 0.0, 0.0, 0.0]
INFORMACIÓN : 14apuestaBundle [809.0642358671976, 800.9501213478989, 767.7286008536003, 161.19343747088988]
INFORMACIÓN : 14positionsBundle [26, 69, 1630, 314]
INFORMACIÓN : 14levelsBundle [3, 3, 3, 1]
INFORMACIÓN : 14positionsOrdered [26, 69, 1630, 314]
INFORMACIÓN : 14levelsOrdered [3, 3, 3, 1]
INFORMACIÓN : 14partialityOrdered [3, 3, 3, 1]
INFORMACIÓN : 14arrivalTimes [3.2479021931436014, 10.318970005009078, 43.21273841180613, 73.74141345675362]
INFORMACIÓN : 15historia0[0.0, 0.0, 0.0, 0.0, 266.22425716779253, 0.0, 0.0, 0.0, 0.0, 0.0, 0.0, 0.0, 0.0, 0.0, 0.0, 803.3400396790485, 0.0, 0.0, 0.0, 0.0, 0.0, 0.0, 0.0, 787.6117352694845, 0.0, 0.0, 0.0, 0.0, 281.15840206935377, 0.0, 0.0, 0.0, 0.0, 0.0, 0.0, 0.0, 287.523349039167, 0.0, 0.0, 0.0, 0.0, 0.0, 0.0, 0.0, 0.0, 0.0, 0.0, 0.0, 0.0, 0.0, 0.0, 0.0, 0.0, 292.09464373722835, 0.0, 0.0, 772.3151951772525, 0.0, 275.6085162473689, 195.2752789906408, 0.0, 0.0, 795.02027163655, 0.0, 812.2387426480036, 0.0, 0.0, 0.0, 0.0, 0.0, 0.0, 176.88607863499556, 799.2602194053385, 269.7297969782022, 0.0, 0.0, 0.0, 0.0, 0.0, 258.36642880226026, 809.0642358671976, 0.0, 147.73489957495525, 0.0, 270.6942945827235, 0.0, 0.0, 0.0, 0.0, 51.656755424389374, 0.0, 0.0, 0.0, 0.0, 0.0, 0.0, 762.8400781254575, 0.0, 0.0, 787.619629294843, 0.0, 0.0, 0.0, 767.7286008536003, 0.0, 161.19343747088988, 171.1989213786345, 0.0, 0.0, 0.0, 0.0, 0.0, 0.0, 0.0, 174.8706950164727, 0.0, 0.0, 0.0, 0.0, 285.30403625054237, 0.0, 75.5268018979126, 0.0, 0.0, 0.0, 0.0, 0.0, 800.9501213478989, 0.0, 0.0, 0.0, 0.0, 0.0, 0.0, 0.0, 0.0, 193.09558821189506, 0.0, 176.99985492770054, 769.4673968949867, 0.0, 0.0, 0.0, 0.0, 768.763868595669, 0.0, 0.0, 0.0, 0.0, 126.4518871146322, 0.0, 0.0, 0.0, 0.0, 0.0, 0.0, 793.9365435555628, 0.0, 0.0, 0.0, 0.0, 0.0, 0.0, 271.9188716383715, 0.0, 797.1804215813274, 0.0, 0.0, 0.0, 0.0]
INFORMACIÓN : 15apuestaBundle [809.0642358671976, 800.9501213478989, 767.7286008536003, 161.19343747088988]
INFORMACIÓN : 15positionsBundle [26, 69, 1630, 314]
INFORMACIÓN : 15levelsBundle [3, 3, 3, 1]
INFORMACIÓN : 15positionsOrdered [26, 69, 1630, 314]
INFORMACIÓN : 15levelsOrdered [3, 3, 3, 1]
INFORMACIÓN : 15partialityOrdered [3, 3, 3, 1]
INFORMACIÓN : 15arrivalTimes [3.2479021931436014, 10.318970005009078, 43.21273841180613, 73.74141345675362]
INFORMACIÓN : 16historia0[0.0, 0.0, 0.0, 0.0, 266.22425716779253, 0.0, 0.0, 0.0, 0.0, 0.0, 0.0, 0.0, 0.0, 0.0, 0.0, 803.3400396790485, 0.0, 0.0, 0.0, 0.0, 0.0, 0.0, 0.0, 787.6117352694845, 0.0, 0.0, 0.0, 0.0, 281.15840206935377, 0.0, 0.0, 0.0, 0.0, 0.0, 0.0, 0.0, 287.523349039167, 0.0, 0.0, 0.0, 0.0, 0.0, 0.0, 0.0, 0.0, 0.0, 0.0, 0.0, 0.0, 0.0, 0.0, 0.0, 0.0, 292.09464373722835, 0.0, 0.0, 772.3151951772525, 0.0, 275.6085162473689, 195.2752789906408, 0.0, 0.0, 795.02027163655, 0.0, 812.2387426480036, 0.0, 0.0, 0.0, 0.0, 0.0, 0.0, 176.88607863499556, 799.2602194053385, 269.7297969782022, 0.0, 0.0, 0.0, 0.0, 0.0, 258.36642880226026, 809.0642358671976, 0.0, 147.73489957495525, 0.0, 270.6942945827235, 0.0, 0.0, 0.0, 0.0, 51.656755424389374, 0.0, 0.0, 0.0, 0.0, 0.0, 0.0, 762.8400781254575, 0.0, 0.0, 787.619629294843, 0.0, 0.0, 0.0, 767.7286008536003, 0.0, 161.19343747088988, 171.1989213786345, 0.0, 0.0, 0.0, 0.0, 0.0, 0.0, 0.0, 174.8706950164727, 0.0, 0.0, 0.0, 0.0, 285.30403625054237, 0.0, 75.5268018979126, 0.0, 0.0, 0.0, 0.0, 0.0, 800.9501213478989, 0.0, 0.0, 0.0, 0.0, 0.0, 0.0, 0.0, 0.0, 193.09558821189506, 0.0, 176.99985492770054, 769.4673968949867, 0.0, 0.0, 0.0, 0.0, 768.763868595669, 0.0, 0.0, 0.0, 0.0, 126.4518871146322, 0.0, 0.0, 0.0, 0.0, 0.0, 0.0, 793.9365435555628, 0.0, 0.0, 0.0, 0.0, 0.0, 0.0, 271.9188716383715, 0.0, 797.1804215813274, 0.0, 0.0, 0.0, 0.0]
INFORMACIÓN : 16apuestaBundle [809.0642358671976, 800.9501213478989, 767.7286008536003, 161.19343747088988]
INFORMACIÓN : 16positionsBundle [26, 69, 1630, 314]
INFORMACIÓN : 16levelsBundle [3, 3, 3, 1]
INFORMACIÓN : 16positionsOrdered [26, 69, 1630, 314]
INFORMACIÓN : 16levelsOrdered [3, 3, 3, 1]
INFORMACIÓN : 16partialityOrdered [3, 3, 3, 1]
INFORMACIÓN : 16arrivalTimes [3.2479021931436014, 10.318970005009078, 43.21273841180613, 73.74141345675362]
INFORMACIÓN : 17historia0[0.0, 0.0, 0.0, 0.0, 266.22425716779253, 0.0, 0.0, 0.0, 0.0, 0.0, 0.0, 0.0, 0.0, 0.0, 0.0, 803.3400396790485, 0.0, 0.0, 0.0, 0.0, 0.0, 0.0, 0.0, 787.6117352694845, 0.0, 0.0, 0.0, 0.0, 281.15840206935377, 0.0, 0.0, 0.0, 0.0, 0.0, 0.0, 0.0, 287.523349039167, 0.0, 0.0, 0.0, 0.0, 0.0, 0.0, 0.0, 0.0, 0.0, 0.0, 0.0, 0.0, 0.0, 0.0, 0.0, 0.0, 292.09464373722835, 0.0, 0.0, 772.3151951772525, 0.0, 275.6085162473689, 195.2752789906408, 0.0, 0.0, 795.02027163655, 0.0, 812.2387426480036, 0.0, 0.0, 0.0, 0.0, 0.0, 0.0, 176.88607863499556, 799.2602194053385, 269.7297969782022, 0.0, 0.0, 0.0, 0.0, 0.0, 258.36642880226026, 809.0642358671976, 0.0, 147.73489957495525, 0.0, 270.6942945827235, 0.0, 0.0, 0.0, 0.0, 51.656755424389374, 0.0, 0.0, 0.0, 0.0, 0.0, 0.0, 762.8400781254575, 0.0, 0.0, 787.619629294843, 0.0, 0.0, 0.0, 767.7286008536003, 0.0, 161.19343747088988, 171.1989213786345, 0.0, 0.0, 0.0, 0.0, 0.0, 0.0, 0.0, 174.8706950164727, 0.0, 0.0, 0.0, 0.0, 285.30403625054237, 0.0, 75.5268018979126, 0.0, 0.0, 0.0, 0.0, 0.0, 800.9501213478989, 0.0, 0.0, 0.0, 0.0, 0.0, 0.0, 0.0, 0.0, 193.09558821189506, 0.0, 176.99985492770054, 769.4673968949867, 0.0, 0.0, 0.0, 0.0, 768.763868595669, 0.0, 0.0, 0.0, 0.0, 126.4518871146322, 0.0, 0.0, 0.0, 0.0, 0.0, 0.0, 793.9365435555628, 0.0, 0.0, 0.0, 0.0, 0.0, 0.0, 271.9188716383715, 0.0, 797.1804215813274, 0.0, 0.0, 0.0, 0.0]
INFORMACIÓN : 17apuestaBundle [809.0642358671976, 800.9501213478989, 767.7286008536003, 161.19343747088988]
INFORMACIÓN : 17positionsBundle [26, 69, 1630, 314]
INFORMACIÓN : 17levelsBundle [3, 3, 3, 1]
INFORMACIÓN : 17positionsOrdered [26, 69, 1630, 314]
INFORMACIÓN : 17levelsOrdered [3, 3, 3, 1]
INFORMACIÓN : 17partialityOrdered [3, 3, 3, 1]
INFORMACIÓN : 17arrivalTimes [3.2479021931436014, 10.318970005009078, 43.21273841180613, 73.74141345675362]
INFORMACIÓN : depSat position 26 level 3
INFORMACIÓN : depSat position 69 level 3
INFORMACIÓN : I [MW]; lost Test.myBail@282a1057; POS 26; sensors [AB, IR]; level 3 I paid 809.0642358671976in favour ofnull paid 809.0642358671976
INFORMACIÓN : 18historia0[0.0, 0.0, 0.0, 0.0, 266.22425716779253, 0.0, 0.0, 0.0, 0.0, 0.0, 0.0, 0.0, 0.0, 0.0, 0.0, 803.3400396790485, 0.0, 0.0, 0.0, 0.0, 0.0, 0.0, 0.0, 787.6117352694845, 0.0, 0.0, 0.0, 0.0, 281.15840206935377, 0.0, 0.0, 0.0, 0.0, 0.0, 0.0, 0.0, 287.523349039167, 0.0, 0.0, 0.0, 0.0, 0.0, 0.0, 0.0, 0.0, 0.0, 0.0, 0.0, 0.0, 0.0, 0.0, 0.0, 0.0, 292.09464373722835, 0.0, 0.0, 772.3151951772525, 0.0, 275.6085162473689, 195.2752789906408, 0.0, 0.0, 795.02027163655, 0.0, 812.2387426480036, 0.0, 0.0, 0.0, 0.0, 0.0, 0.0, 176.88607863499556, 799.2602194053385, 269.7297969782022, 0.0, 0.0, 0.0, 0.0, 0.0, 258.36642880226026, 0.0, 0.0, 147.73489957495525, 0.0, 270.6942945827235, 0.0, 0.0, 0.0, 0.0, 51.656755424389374, 0.0, 0.0, 0.0, 0.0, 0.0, 0.0, 762.8400781254575, 0.0, 0.0, 787.619629294843, 0.0, 0.0, 0.0, 0.0, 0.0, 0.0, 171.1989213786345, 0.0, 0.0, 0.0, 0.0, 0.0, 0.0, 0.0, 174.8706950164727, 0.0, 0.0, 0.0, 0.0, 285.30403625054237, 0.0, 75.5268018979126, 0.0, 0.0, 0.0, 0.0, 0.0, 0.0, 0.0, 0.0, 0.0, 0.0, 0.0, 0.0, 0.0, 0.0, 193.09558821189506, 0.0, 176.99985492770054, 769.4673968949867, 0.0, 0.0, 0.0, 0.0, 768.763868595669, 0.0, 0.0, 0.0, 0.0, 126.4518871146322, 0.0, 0.0, 0.0, 0.0, 0.0, 0.0, 793.9365435555628, 0.0, 0.0, 0.0, 0.0, 0.0, 0.0, 271.9188716383715, 0.0, 797.1804215813274, 0.0, 0.0, 0.0, 0.0]
INFORMACIÓN : 18apuestaBundle [809.0642358671976, 800.9501213478989, 767.7495538448957, 241.3255362525665, 240.94846849923852]
INFORMACIÓN : 18positionsBundle [26, 69, 1630, 2216, 2268]
INFORMACIÓN : 18levelsBundle [3, 3, 3, 2, 2]
INFORMACIÓN : 18positionsOrdered [26, 69, 1630, 2268, 2216]
INFORMACIÓN : 18levelsOrdered [3, 3, 3, 2, 2]
INFORMACIÓN : 18partialityOrdered [3, 3, 3, 2, 2]
INFORMACIÓN : 18arrivalTimes [3.2479021931436014, 10.318970005009078, 43.21273841180613, 60.90454442476026, 83.83639027939789]
INFORMACIÓN : 19historia0[0.0, 0.0, 0.0, 0.0, 0.0, 0.0, 0.0, 0.0, 0.0, 0.0, 0.0, 0.0, 0.0, 0.0, 0.0, 0.0, 0.0, 0.0, 0.0, 0.0, 0.0, 0.0, 0.0, 787.6117352694845, 0.0, 0.0, 0.0, 0.0, 0.0, 0.0, 0.0, 0.0, 0.0, 0.0, 0.0, 0.0, 0.0, 0.0, 0.0, 0.0, 0.0, 0.0, 0.0, 0.0, 0.0, 0.0, 0.0, 0.0, 0.0, 0.0, 0.0, 0.0, 0.0, 0.0, 0.0, 0.0, 777.10859822797, 0.0, 275.6085162473689, 0.0, 0.0, 0.0, 795.02027163655, 0.0, 812.2387426480036, 0.0, 0.0, 241.3255362525665, 0.0, 0.0, 0.0, 176.88607863499556, 799.2602194053385, 0.0, 0.0, 0.0, 0.0, 0.0, 0.0, 0.0, 809.0642358671976, 0.0, 147.73489957495525, 0.0, 0.0, 0.0, 0.0, 0.0, 0.0, 0.0, 0.0, 0.0, 0.0, 0.0, 0.0, 0.0, 762.8400781254575, 0.0, 0.0, 787.619629294843, 0.0, 0.0, 0.0, 767.7495538448957, 0.0, 0.0, 171.1989213786345, 0.0, 0.0, 0.0, 0.0, 0.0, 0.0, 0.0, 174.8706950164727, 0.0, 0.0, 0.0, 0.0, 0.0, 0.0, 0.0, 0.0, 0.0, 0.0, 0.0, 0.0, 800.9501213478989, 0.0, 0.0, 0.0, 240.94846849923852, 0.0, 0.0, 0.0, 0.0, 0.0, 0.0, 0.0, 769.4673968949867, 0.0, 0.0, 0.0, 0.0, 779.0933369155113, 0.0, 0.0, 0.0, 0.0, 126.4518871146322, 0.0, 0.0, 0.0, 0.0, 0.0, 0.0, 793.9365435555628, 0.0, 0.0, 0.0, 0.0, 0.0, 0.0, 0.0, 0.0, 0.0, 0.0, 0.0, 0.0, 0.0]
INFORMACIÓN : 19apuestaBundle [809.0642358671976, 800.9501213478989, 767.7495538448957, 241.3255362525665, 240.94846849923852]
INFORMACIÓN : 19positionsBundle [26, 69, 1630, 2216, 2268]
INFORMACIÓN : 19levelsBundle [3, 3, 3, 2, 2]
INFORMACIÓN : 19positionsOrdered [26, 69, 1630, 2268, 2216]
INFORMACIÓN : 19levelsOrdered [3, 3, 3, 2, 2]
INFORMACIÓN : 19partialityOrdered [3, 3, 3, 2, 2]
INFORMACIÓN : 19arrivalTimes [3.2479021931436014, 10.318970005009078, 43.21273841180613, 60.90454442476026, 83.83639027939789]
INFORMACIÓN : I [MW]; lost Test.myBail@430a8daf; POS 1630; sensors [AB, IR]; level 3 I paid 767.7495538448957in favour of23@(myturtles,myturtles,bug)@MK-18426 paid 781.8668475997827
INFORMACIÓN : 20historia0[0.0, 0.0, 0.0, 0.0, 0.0, 0.0, 0.0, 0.0, 0.0, 0.0, 0.0, 0.0, 0.0, 0.0, 0.0, 803.3400396790485, 0.0, 0.0, 0.0, 0.0, 0.0, 0.0, 0.0, 787.6117352694845, 0.0, 767.237573056643, 0.0, 0.0, 0.0, 0.0, 0.0, 0.0, 0.0, 0.0, 0.0, 0.0, 0.0, 0.0, 0.0, 0.0, 0.0, 0.0, 0.0, 775.3184906440785, 0.0, 0.0, 0.0, 0.0, 0.0, 0.0, 0.0, 0.0, 283.39081773798983, 280.79348251914985, 0.0, 0.0, 0.0, 0.0, 275.6085162473689, 0.0, 0.0, 0.0, 795.02027163655, 0.0, 812.2387426480036, 0.0, 0.0, 0.0, 0.0, 0.0, 0.0, 176.88607863499556, 799.2602194053385, 0.0, 0.0, 0.0, 0.0, 0.0, 0.0, 248.10436622995974, 809.0642358671976, 0.0, 147.73489957495525, 0.0, 0.0, 0.0, 0.0, 0.0, 0.0, 0.0, 0.0, 0.0, 0.0, 0.0, 0.0, 0.0, 762.8400781254575, 0.0, 0.0, 787.619629294843, 0.0, 0.0, 0.0, 781.8668475997827, 0.0, 185.07795159727857, 171.1989213786345, 0.0, 0.0, 0.0, 0.0, 786.328966639679, 0.0, 0.0, 174.8706950164727, 0.0, 184.75566136063935, 0.0, 0.0, 285.30403625054237, 0.0, 0.0, 0.0, 0.0, 0.0, 0.0, 0.0, 800.9501213478989, 0.0, 0.0, 0.0, 0.0, 0.0, 0.0, 0.0, 0.0, 0.0, 0.0, 0.0, 769.4673968949867, 0.0, 0.0, 0.0, 0.0, 0.0, 0.0, 0.0, 0.0, 0.0, 126.4518871146322, 0.0, 0.0, 0.0, 0.0, 0.0, 0.0, 793.9365435555628, 0.0, 0.0, 0.0, 0.0, 0.0, 0.0, 0.0, 0.0, 797.1804215813274, 0.0, 0.0, 0.0, 0.0]
INFORMACIÓN : 20apuestaBundle [809.0642358671976, 800.9501213478989, 268.6332685915729, 268.53650601979643, 38.73552048489478]
INFORMACIÓN : 20positionsBundle [26, 69, 1281, 439, 2216]
INFORMACIÓN : 20levelsBundle [3, 3, 2, 2, 1]
INFORMACIÓN : 20positionsOrdered [26, 69, 1281, 439, 2216]
INFORMACIÓN : 20levelsOrdered [3, 3, 2, 2, 1]
INFORMACIÓN : 20partialityOrdered [3, 3, 2, 2, 2]
INFORMACIÓN : 20arrivalTimes [3.2479021931436014, 10.318970005009078, 37.151785735006555, 123.02266501185343, 165.7426837384411]
INFORMACIÓN : 21historia0[0.0, 0.0, 0.0, 0.0, 0.0, 0.0, 0.0, 0.0, 0.0, 0.0, 0.0, 0.0, 0.0, 0.0, 0.0, 803.3400396790485, 0.0, 0.0, 0.0, 0.0, 0.0, 0.0, 0.0, 787.6117352694845, 0.0, 767.237573056643, 0.0, 0.0, 0.0, 0.0, 0.0, 0.0, 0.0, 0.0, 0.0, 0.0, 0.0, 0.0, 0.0, 0.0, 0.0, 0.0, 0.0, 775.3184906440785, 0.0, 0.0, 0.0, 0.0, 0.0, 0.0, 0.0, 0.0, 283.39081773798983, 280.79348251914985, 0.0, 0.0, 772.3151951772525, 0.0, 275.6085162473689, 170.26712942197415, 0.0, 0.0, 795.02027163655, 0.0, 812.2387426480036, 0.0, 0.0, 0.0, 0.0, 0.0, 0.0, 176.88607863499556, 799.2602194053385, 268.53650601979643, 46.147079996177766, 0.0, 0.0, 0.0, 0.0, 248.10436622995974, 809.0642358671976, 0.0, 147.73489957495525, 0.0, 0.0, 0.0, 0.0, 0.0, 0.0, 0.0, 0.0, 0.0, 0.0, 0.0, 0.0, 0.0, 762.8400781254575, 0.0, 0.0, 787.619629294843, 0.0, 0.0, 0.0, 781.8668475997827, 0.0, 185.07795159727857, 171.1989213786345, 0.0, 0.0, 0.0, 0.0, 786.328966639679, 38.73552048489478, 0.0, 174.8706950164727, 0.0, 184.75566136063935, 0.0, 0.0, 285.30403625054237, 0.0, 89.08478019065095, 0.0, 0.0, 0.0, 0.0, 0.0, 800.9501213478989, 0.0, 0.0, 0.0, 0.0, 0.0, 0.0, 0.0, 0.0, 162.2211402843551, 0.0, 180.82874121926454, 769.4673968949867, 0.0, 0.0, 0.0, 0.0, 774.0085222226037, 0.0, 0.0, 0.0, 0.0, 126.4518871146322, 0.0, 0.0, 0.0, 0.0, 0.0, 0.0, 793.9365435555628, 0.0, 0.0, 0.0, 0.0, 0.0, 0.0, 268.6332685915729, 0.0, 797.1804215813274, 0.0, 0.0, 0.0, 0.0]
INFORMACIÓN : 21apuestaBundle [809.0642358671976, 800.9501213478989, 268.6332685915729, 268.53650601979643, 38.73552048489478]
INFORMACIÓN : 21positionsBundle [26, 69, 1281, 439, 2216]
INFORMACIÓN : 21levelsBundle [3, 3, 2, 2, 1]
INFORMACIÓN : 21positionsOrdered [26, 69, 1281, 439, 2216]
INFORMACIÓN : 21levelsOrdered [3, 3, 2, 2, 1]
INFORMACIÓN : 21partialityOrdered [3, 3, 2, 2, 2]
INFORMACIÓN : 21arrivalTimes [3.2479021931436014, 10.318970005009078, 37.151785735006555, 123.02266501185343, 165.7426837384411]
INFORMACIÓN : 22historia0[0.0, 0.0, 0.0, 0.0, 0.0, 0.0, 0.0, 0.0, 0.0, 0.0, 0.0, 0.0, 0.0, 0.0, 0.0, 803.3400396790485, 0.0, 0.0, 0.0, 0.0, 0.0, 0.0, 0.0, 787.6117352694845, 0.0, 767.237573056643, 0.0, 0.0, 0.0, 0.0, 0.0, 0.0, 0.0, 0.0, 0.0, 0.0, 0.0, 0.0, 0.0, 0.0, 0.0, 0.0, 0.0, 775.3184906440785, 0.0, 0.0, 0.0, 0.0, 0.0, 0.0, 0.0, 0.0, 283.39081773798983, 280.79348251914985, 0.0, 0.0, 772.3151951772525, 0.0, 275.6085162473689, 170.26712942197415, 0.0, 0.0, 795.02027163655, 0.0, 812.2387426480036, 0.0, 0.0, 0.0, 0.0, 0.0, 0.0, 176.88607863499556, 799.2602194053385, 268.53650601979643, 0.0, 0.0, 0.0, 0.0, 0.0, 248.10436622995974, 809.0642358671976, 0.0, 147.73489957495525, 0.0, 0.0, 0.0, 0.0, 0.0, 0.0, 0.0, 0.0, 0.0, 0.0, 0.0, 0.0, 0.0, 762.8400781254575, 0.0, 0.0, 787.619629294843, 0.0, 0.0, 0.0, 781.8668475997827, 0.0, 185.07795159727857, 171.1989213786345, 0.0, 0.0, 0.0, 0.0, 786.328966639679, 38.73552048489478, 0.0, 174.8706950164727, 0.0, 184.75566136063935, 59.045848834238974, 0.0, 285.30403625054237, 0.0, 0.0, 0.0, 0.0, 0.0, 0.0, 0.0, 800.9501213478989, 0.0, 0.0, 0.0, 0.0, 0.0, 0.0, 0.0, 0.0, 193.33218940126065, 0.0, 180.82874121926454, 769.4673968949867, 0.0, 0.0, 0.0, 0.0, 774.0085222226037, 0.0, 0.0, 0.0, 0.0, 126.4518871146322, 0.0, 0.0, 0.0, 0.0, 0.0, 0.0, 793.9365435555628, 0.0, 0.0, 0.0, 0.0, 0.0, 0.0, 268.6332685915729, 0.0, 797.1804215813274, 0.0, 0.0, 0.0, 0.0]
INFORMACIÓN : 22apuestaBundle [809.0642358671976, 800.9501213478989, 268.6332685915729, 268.53650601979643, 38.73552048489478]
INFORMACIÓN : 22positionsBundle [26, 69, 1281, 439, 2216]
INFORMACIÓN : 22levelsBundle [3, 3, 2, 2, 1]
INFORMACIÓN : 22positionsOrdered [26, 69, 1281, 439, 2216]
INFORMACIÓN : 22levelsOrdered [3, 3, 2, 2, 1]
INFORMACIÓN : 22partialityOrdered [3, 3, 2, 2, 2]
INFORMACIÓN : 22arrivalTimes [3.2479021931436014, 10.318970005009078, 37.151785735006555, 123.02266501185343, 165.7426837384411]
INFORMACIÓN : mutexSat position 2216 level 1
INFORMACIÓN : I [MW]; lost Test.myBail@94b263d; POS 439; sensors [IR]; level 2 I paid 268.53650601979643in favour of23@(myturtles,myturtles,bug)@MK-18426 paid 275.6389100031977
INFORMACIÓN : 23historia0[0.0, 0.0, 0.0, 0.0, 0.0, 0.0, 0.0, 0.0, 0.0, 0.0, 0.0, 0.0, 0.0, 0.0, 0.0, 803.3400396790485, 0.0, 0.0, 0.0, 0.0, 0.0, 0.0, 0.0, 787.6117352694845, 0.0, 767.237573056643, 0.0, 0.0, 0.0, 0.0, 0.0, 0.0, 0.0, 0.0, 0.0, 0.0, 0.0, 0.0, 0.0, 0.0, 0.0, 0.0, 0.0, 775.3184906440785, 0.0, 0.0, 0.0, 0.0, 0.0, 0.0, 0.0, 0.0, 283.39081773798983, 280.79348251914985, 0.0, 0.0, 772.3151951772525, 0.0, 275.6085162473689, 170.26712942197415, 0.0, 0.0, 795.02027163655, 0.0, 812.2387426480036, 0.0, 0.0, 0.0, 0.0, 0.0, 0.0, 176.88607863499556, 799.2602194053385, 275.6389100031977, 0.0, 0.0, 0.0, 0.0, 0.0, 248.10436622995974, 809.0642358671976, 0.0, 147.73489957495525, 0.0, 0.0, 0.0, 0.0, 0.0, 0.0, 51.656755424389374, 0.0, 0.0, 0.0, 0.0, 0.0, 0.0, 762.8400781254575, 0.0, 0.0, 787.619629294843, 0.0, 0.0, 0.0, 781.8668475997827, 0.0, 185.07795159727857, 171.1989213786345, 0.0, 0.0, 0.0, 0.0, 786.328966639679, 0.0, 0.0, 174.8706950164727, 0.0, 184.75566136063935, 59.045848834238974, 0.0, 285.30403625054237, 0.0, 0.0, 0.0, 0.0, 0.0, 0.0, 0.0, 800.9501213478989, 0.0, 0.0, 0.0, 0.0, 0.0, 0.0, 0.0, 0.0, 193.33218940126065, 0.0, 180.82874121926454, 769.4673968949867, 0.0, 0.0, 0.0, 0.0, 774.0085222226037, 0.0, 0.0, 0.0, 0.0, 126.4518871146322, 0.0, 0.0, 0.0, 0.0, 0.0, 0.0, 793.9365435555628, 0.0, 0.0, 60.153832814621815, 0.0, 0.0, 0.0, 268.6332685915729, 0.0, 797.1804215813274, 0.0, 0.0, 0.0, 0.0]
INFORMACIÓN : 23apuestaBundle [809.0642358671976, 800.9501213478989, 268.6332685915729]
INFORMACIÓN : 23positionsBundle [26, 69, 1281]
INFORMACIÓN : 23levelsBundle [3, 3, 2]
INFORMACIÓN : 23positionsOrdered [26, 69, 1281]
INFORMACIÓN : 23levelsOrdered [3, 3, 2]
INFORMACIÓN : 23partialityOrdered [3, 3, 2]
INFORMACIÓN : 23arrivalTimes [3.2479021931436014, 10.318970005009078, 37.151785735006555]
INFORMACIÓN : 24historia0[0.0, 0.0, 0.0, 0.0, 0.0, 0.0, 0.0, 0.0, 0.0, 0.0, 0.0, 0.0, 0.0, 0.0, 0.0, 803.3400396790485, 0.0, 0.0, 0.0, 0.0, 0.0, 0.0, 0.0, 787.6117352694845, 0.0, 767.237573056643, 0.0, 0.0, 0.0, 0.0, 0.0, 0.0, 0.0, 0.0, 0.0, 0.0, 0.0, 0.0, 0.0, 0.0, 0.0, 0.0, 0.0, 775.3184906440785, 0.0, 0.0, 0.0, 0.0, 0.0, 0.0, 0.0, 0.0, 283.39081773798983, 280.79348251914985, 0.0, 0.0, 772.3151951772525, 0.0, 275.6085162473689, 170.26712942197415, 0.0, 0.0, 795.02027163655, 0.0, 812.2387426480036, 0.0, 0.0, 0.0, 0.0, 0.0, 0.0, 176.88607863499556, 799.2602194053385, 275.6389100031977, 0.0, 0.0, 0.0, 0.0, 0.0, 248.10436622995974, 809.0642358671976, 0.0, 147.73489957495525, 0.0, 0.0, 0.0, 0.0, 0.0, 0.0, 51.656755424389374, 0.0, 0.0, 0.0, 0.0, 0.0, 0.0, 762.8400781254575, 0.0, 0.0, 787.619629294843, 0.0, 0.0, 0.0, 781.8668475997827, 0.0, 185.07795159727857, 171.1989213786345, 0.0, 0.0, 0.0, 0.0, 786.328966639679, 0.0, 0.0, 174.8706950164727, 0.0, 184.75566136063935, 59.045848834238974, 0.0, 285.30403625054237, 0.0, 62.407678712653784, 0.0, 0.0, 0.0, 0.0, 0.0, 800.9501213478989, 0.0, 0.0, 0.0, 0.0, 0.0, 0.0, 0.0, 0.0, 193.33218940126065, 0.0, 180.82874121926454, 769.4673968949867, 0.0, 0.0, 0.0, 0.0, 774.0085222226037, 0.0, 0.0, 0.0, 0.0, 126.4518871146322, 0.0, 0.0, 0.0, 0.0, 0.0, 0.0, 793.9365435555628, 0.0, 0.0, 60.153832814621815, 0.0, 0.0, 0.0, 268.6332685915729, 0.0, 797.1804215813274, 0.0, 0.0, 0.0, 0.0]
INFORMACIÓN : 24apuestaBundle [809.0642358671976, 800.9501213478989, 268.6332685915729]
INFORMACIÓN : 24positionsBundle [26, 69, 1281]
INFORMACIÓN : 24levelsBundle [3, 3, 2]
INFORMACIÓN : 24positionsOrdered [26, 69, 1281]
INFORMACIÓN : 24levelsOrdered [3, 3, 2]
INFORMACIÓN : 24partialityOrdered [3, 3, 2]
INFORMACIÓN : 24arrivalTimes [3.2479021931436014, 10.318970005009078, 37.151785735006555]
INFORMACIÓN : 25historia0[0.0, 0.0, 0.0, 0.0, 0.0, 0.0, 0.0, 0.0, 0.0, 0.0, 0.0, 0.0, 0.0, 0.0, 0.0, 803.3400396790485, 0.0, 0.0, 0.0, 0.0, 0.0, 0.0, 0.0, 787.6117352694845, 0.0, 767.237573056643, 0.0, 0.0, 0.0, 0.0, 0.0, 0.0, 0.0, 0.0, 0.0, 0.0, 0.0, 0.0, 0.0, 0.0, 0.0, 0.0, 0.0, 775.3184906440785, 0.0, 0.0, 0.0, 0.0, 0.0, 0.0, 0.0, 0.0, 283.39081773798983, 280.79348251914985, 0.0, 0.0, 772.3151951772525, 0.0, 275.6085162473689, 170.26712942197415, 0.0, 0.0, 795.02027163655, 0.0, 812.2387426480036, 0.0, 0.0, 0.0, 0.0, 0.0, 0.0, 176.88607863499556, 799.2602194053385, 275.6389100031977, 0.0, 0.0, 0.0, 0.0, 0.0, 248.10436622995974, 809.0642358671976, 0.0, 147.73489957495525, 0.0, 0.0, 0.0, 0.0, 0.0, 0.0, 51.656755424389374, 0.0, 0.0, 0.0, 0.0, 0.0, 0.0, 762.8400781254575, 0.0, 0.0, 787.619629294843, 0.0, 0.0, 0.0, 781.8668475997827, 0.0, 185.07795159727857, 171.1989213786345, 0.0, 0.0, 0.0, 0.0, 786.328966639679, 0.0, 0.0, 174.8706950164727, 0.0, 184.75566136063935, 59.045848834238974, 0.0, 285.30403625054237, 0.0, 62.407678712653784, 0.0, 0.0, 0.0, 0.0, 0.0, 800.9501213478989, 0.0, 0.0, 0.0, 0.0, 0.0, 0.0, 0.0, 0.0, 193.33218940126065, 0.0, 180.82874121926454, 769.4673968949867, 0.0, 0.0, 0.0, 0.0, 774.0085222226037, 0.0, 0.0, 0.0, 0.0, 126.4518871146322, 0.0, 0.0, 0.0, 0.0, 0.0, 0.0, 793.9365435555628, 0.0, 0.0, 60.153832814621815, 0.0, 0.0, 0.0, 268.6332685915729, 0.0, 797.1804215813274, 0.0, 0.0, 0.0, 0.0]
INFORMACIÓN : 25apuestaBundle [809.0642358671976, 800.9501213478989, 268.6332685915729]
INFORMACIÓN : 25positionsBundle [26, 69, 1281]
INFORMACIÓN : 25levelsBundle [3, 3, 2]
INFORMACIÓN : 25positionsOrdered [26, 69, 1281]
INFORMACIÓN : 25levelsOrdered [3, 3, 2]
INFORMACIÓN : 25partialityOrdered [3, 3, 2]
INFORMACIÓN : 25arrivalTimes [3.2479021931436014, 10.318970005009078, 37.151785735006555]
INFORMACIÓN : 26historia0[0.0, 0.0, 0.0, 0.0, 0.0, 0.0, 0.0, 0.0, 0.0, 0.0, 0.0, 0.0, 0.0, 0.0, 0.0, 803.3400396790485, 0.0, 0.0, 0.0, 0.0, 0.0, 0.0, 0.0, 787.6117352694845, 0.0, 767.237573056643, 0.0, 0.0, 0.0, 0.0, 0.0, 0.0, 0.0, 0.0, 0.0, 0.0, 0.0, 0.0, 0.0, 0.0, 0.0, 0.0, 0.0, 775.3184906440785, 0.0, 0.0, 0.0, 0.0, 0.0, 0.0, 0.0, 0.0, 283.39081773798983, 280.79348251914985, 0.0, 0.0, 772.3151951772525, 0.0, 275.6085162473689, 170.26712942197415, 0.0, 0.0, 795.02027163655, 0.0, 812.2387426480036, 0.0, 0.0, 0.0, 0.0, 0.0, 0.0, 176.88607863499556, 799.2602194053385, 275.6389100031977, 0.0, 0.0, 0.0, 0.0, 0.0, 248.10436622995974, 809.0642358671976, 0.0, 147.73489957495525, 0.0, 0.0, 0.0, 0.0, 0.0, 0.0, 51.656755424389374, 0.0, 0.0, 0.0, 0.0, 0.0, 0.0, 762.8400781254575, 0.0, 0.0, 787.619629294843, 0.0, 0.0, 0.0, 781.8668475997827, 0.0, 185.07795159727857, 171.1989213786345, 0.0, 0.0, 0.0, 0.0, 786.328966639679, 0.0, 0.0, 174.8706950164727, 0.0, 184.75566136063935, 59.045848834238974, 0.0, 285.30403625054237, 0.0, 62.407678712653784, 0.0, 0.0, 0.0, 0.0, 0.0, 800.9501213478989, 0.0, 0.0, 0.0, 0.0, 0.0, 0.0, 0.0, 0.0, 193.33218940126065, 0.0, 180.82874121926454, 769.4673968949867, 0.0, 0.0, 0.0, 0.0, 774.0085222226037, 0.0, 0.0, 0.0, 0.0, 126.4518871146322, 0.0, 0.0, 0.0, 0.0, 0.0, 0.0, 793.9365435555628, 0.0, 0.0, 60.153832814621815, 0.0, 0.0, 0.0, 268.6332685915729, 0.0, 797.1804215813274, 0.0, 0.0, 0.0, 0.0]
INFORMACIÓN : 26apuestaBundle [809.0642358671976, 800.9501213478989, 268.6332685915729]
INFORMACIÓN : 26positionsBundle [26, 69, 1281]
INFORMACIÓN : 26levelsBundle [3, 3, 2]
INFORMACIÓN : 26positionsOrdered [26, 69, 1281]
INFORMACIÓN : 26levelsOrdered [3, 3, 2]
INFORMACIÓN : 26partialityOrdered [3, 3, 2]
INFORMACIÓN : 26arrivalTimes [3.2479021931436014, 10.318970005009078, 37.151785735006555]
INFORMACIÓN : depSat position 26 level 3
INFORMACIÓN : depSat position 69 level 3
INFORMACIÓN : I [MW]; lost Test.myBail@282a1057; POS 26; sensors [AB, IR]; level 3 I paid 809.0642358671976in favour ofnull paid 809.0642358671976
INFORMACIÓN : 27historia0[0.0, 0.0, 0.0, 0.0, 0.0, 0.0, 0.0, 0.0, 0.0, 0.0, 0.0, 0.0, 0.0, 0.0, 0.0, 803.3400396790485, 0.0, 0.0, 0.0, 0.0, 0.0, 0.0, 0.0, 787.6117352694845, 0.0, 767.237573056643, 0.0, 0.0, 0.0, 0.0, 0.0, 0.0, 0.0, 0.0, 0.0, 0.0, 0.0, 0.0, 0.0, 0.0, 0.0, 0.0, 0.0, 775.3184906440785, 0.0, 0.0, 0.0, 0.0, 0.0, 0.0, 0.0, 0.0, 283.39081773798983, 280.79348251914985, 0.0, 0.0, 772.3151951772525, 0.0, 275.6085162473689, 170.26712942197415, 0.0, 0.0, 795.02027163655, 0.0, 812.2387426480036, 0.0, 0.0, 0.0, 0.0, 0.0, 0.0, 176.88607863499556, 799.2602194053385, 275.6389100031977, 0.0, 0.0, 0.0, 0.0, 0.0, 248.10436622995974, 0.0, 0.0, 147.73489957495525, 0.0, 0.0, 0.0, 0.0, 0.0, 0.0, 51.656755424389374, 0.0, 0.0, 0.0, 0.0, 0.0, 0.0, 762.8400781254575, 0.0, 0.0, 787.619629294843, 0.0, 0.0, 0.0, 781.8668475997827, 0.0, 185.07795159727857, 171.1989213786345, 0.0, 0.0, 0.0, 0.0, 786.328966639679, 0.0, 0.0, 174.8706950164727, 0.0, 184.75566136063935, 59.045848834238974, 0.0, 285.30403625054237, 0.0, 62.407678712653784, 0.0, 0.0, 0.0, 0.0, 0.0, 0.0, 0.0, 0.0, 0.0, 0.0, 0.0, 0.0, 0.0, 0.0, 193.33218940126065, 0.0, 180.82874121926454, 769.4673968949867, 0.0, 0.0, 0.0, 0.0, 774.0085222226037, 0.0, 0.0, 0.0, 0.0, 126.4518871146322, 0.0, 0.0, 0.0, 0.0, 0.0, 0.0, 793.9365435555628, 0.0, 0.0, 60.153832814621815, 0.0, 0.0, 0.0, 0.0, 0.0, 797.1804215813274, 0.0, 0.0, 0.0, 0.0]
INFORMACIÓN : 27apuestaBundle [809.0642358671976, 800.9501213478989, 268.6332685915729, 241.86537929357996, 241.0695697257388]
INFORMACIÓN : 27positionsBundle [26, 69, 1281, 2216, 2268]
INFORMACIÓN : 27levelsBundle [3, 3, 2, 2, 2]
INFORMACIÓN : 27positionsOrdered [26, 69, 1281, 2216, 2268]
INFORMACIÓN : 27levelsOrdered [3, 3, 2, 2, 2]
INFORMACIÓN : 27partialityOrdered [3, 3, 2, 2, 2]
INFORMACIÓN : 27arrivalTimes [3.2479021931436014, 10.318970005009078, 37.151785735006555, 61.35922260882697, 63.595290586326755]
INFORMACIÓN : 28historia0[0.0, 0.0, 0.0, 0.0, 0.0, 0.0, 0.0, 0.0, 0.0, 0.0, 0.0, 0.0, 0.0, 0.0, 0.0, 0.0, 0.0, 0.0, 0.0, 0.0, 0.0, 0.0, 0.0, 787.6117352694845, 0.0, 0.0, 0.0, 0.0, 0.0, 0.0, 0.0, 0.0, 0.0, 0.0, 0.0, 0.0, 0.0, 0.0, 0.0, 0.0, 0.0, 0.0, 0.0, 775.3184906440785, 0.0, 0.0, 0.0, 0.0, 0.0, 0.0, 0.0, 0.0, 0.0, 0.0, 0.0, 0.0, 777.10859822797, 0.0, 275.6085162473689, 170.26712942197415, 0.0, 0.0, 795.02027163655, 0.0, 812.2387426480036, 0.0, 0.0, 241.86537929357996, 0.0, 0.0, 0.0, 176.88607863499556, 799.2602194053385, 275.6389100031977, 0.0, 0.0, 0.0, 0.0, 0.0, 0.0, 809.0642358671976, 0.0, 147.73489957495525, 0.0, 0.0, 0.0, 0.0, 0.0, 0.0, 0.0, 0.0, 0.0, 0.0, 0.0, 0.0, 0.0, 0.0, 0.0, 0.0, 787.619629294843, 0.0, 0.0, 0.0, 781.8668475997827, 0.0, 0.0, 171.1989213786345, 0.0, 0.0, 0.0, 0.0, 0.0, 0.0, 0.0, 174.8706950164727, 0.0, 0.0, 0.0, 0.0, 0.0, 0.0, 0.0, 0.0, 0.0, 0.0, 0.0, 0.0, 800.9501213478989, 0.0, 0.0, 0.0, 241.0695697257388, 0.0, 0.0, 0.0, 0.0, 0.0, 0.0, 0.0, 769.4673968949867, 0.0, 0.0, 0.0, 0.0, 779.0933369155113, 0.0, 0.0, 0.0, 0.0, 126.4518871146322, 0.0, 0.0, 0.0, 0.0, 0.0, 0.0, 793.9365435555628, 0.0, 0.0, 0.0, 0.0, 0.0, 0.0, 268.6332685915729, 0.0, 0.0, 0.0, 0.0, 0.0, 0.0]
INFORMACIÓN : 28apuestaBundle [809.0642358671976, 800.9501213478989, 268.6332685915729, 241.86537929357996, 241.0695697257388]
INFORMACIÓN : 28positionsBundle [26, 69, 1281, 2216, 2268]
INFORMACIÓN : 28levelsBundle [3, 3, 2, 2, 2]
INFORMACIÓN : 28positionsOrdered [26, 69, 1281, 2216, 2268]
INFORMACIÓN : 28levelsOrdered [3, 3, 2, 2, 2]
INFORMACIÓN : 28partialityOrdered [3, 3, 2, 2, 2]
INFORMACIÓN : 28arrivalTimes [3.2479021931436014, 10.318970005009078, 37.151785735006555, 61.35922260882697, 63.595290586326755]
INFORMACIÓN : 29historia0[0.0, 0.0, 0.0, 0.0, 0.0, 0.0, 0.0, 0.0, 0.0, 0.0, 0.0, 0.0, 0.0, 0.0, 0.0, 803.3400396790485, 0.0, 0.0, 0.0, 0.0, 0.0, 0.0, 0.0, 787.6117352694845, 0.0, 764.5396235624447, 0.0, 0.0, 0.0, 0.0, 0.0, 0.0, 0.0, 0.0, 0.0, 0.0, 0.0, 0.0, 0.0, 0.0, 0.0, 0.0, 0.0, 775.3184906440785, 0.0, 0.0, 0.0, 0.0, 0.0, 0.0, 0.0, 0.0, 0.0, 292.09464373722835, 0.0, 0.0, 777.10859822797, 0.0, 275.6085162473689, 170.26712942197415, 0.0, 0.0, 795.02027163655, 0.0, 812.2387426480036, 262.3284396216242, 0.0, 241.86537929357996, 0.0, 0.0, 0.0, 176.88607863499556, 799.2602194053385, 275.6389100031977, 0.0, 0.0, 0.0, 0.0, 0.0, 0.0, 809.0642358671976, 0.0, 147.73489957495525, 0.0, 0.0, 0.0, 0.0, 0.0, 0.0, 0.0, 0.0, 0.0, 0.0, 0.0, 0.0, 0.0, 0.0, 0.0, 0.0, 787.619629294843, 0.0, 0.0, 0.0, 781.8668475997827, 0.0, 0.0, 171.1989213786345, 0.0, 0.0, 0.0, 0.0, 0.0, 0.0, 0.0, 174.8706950164727, 0.0, 0.0, 0.0, 0.0, 0.0, 0.0, 0.0, 0.0, 0.0, 0.0, 0.0, 0.0, 800.9501213478989, 0.0, 0.0, 0.0, 241.0695697257388, 0.0, 0.0, 0.0, 0.0, 0.0, 0.0, 0.0, 769.4673968949867, 0.0, 0.0, 0.0, 0.0, 779.0933369155113, 0.0, 0.0, 0.0, 0.0, 126.4518871146322, 0.0, 0.0, 0.0, 0.0, 0.0, 0.0, 793.9365435555628, 0.0, 0.0, 0.0, 0.0, 0.0, 0.0, 268.6332685915729, 0.0, 797.3223017689199, 0.0, 0.0, 0.0, 0.0]
INFORMACIÓN : 29apuestaBundle [809.0642358671976, 800.9501213478989, 268.6332685915729, 241.86537929357996, 241.0695697257388]
INFORMACIÓN : 29positionsBundle [26, 69, 1281, 2216, 2268]
INFORMACIÓN : 29levelsBundle [3, 3, 2, 2, 2]
INFORMACIÓN : 29positionsOrdered [26, 69, 1281, 2216, 2268]
INFORMACIÓN : 29levelsOrdered [3, 3, 2, 2, 2]
INFORMACIÓN : 29partialityOrdered [3, 3, 2, 2, 2]
INFORMACIÓN : 29arrivalTimes [3.2479021931436014, 10.318970005009078, 37.151785735006555, 61.35922260882697, 63.595290586326755]
INFORMACIÓN : I [MW]; lost Test.myBail@28d6e12e; POS 1281; sensors [AB]; level 2 I paid 268.6332685915729in favour of26@(myturtles,myturtles,bug)@MK-18426 paid 271.9188716383715
INFORMACIÓN : 30historia0[0.0, 0.0, 0.0, 0.0, 0.0, 0.0, 0.0, 0.0, 0.0, 0.0, 0.0, 0.0, 0.0, 0.0, 0.0, 803.3400396790485, 0.0, 0.0, 0.0, 0.0, 0.0, 0.0, 0.0, 787.6117352694845, 0.0, 764.5396235624447, 0.0, 0.0, 0.0, 0.0, 0.0, 0.0, 0.0, 0.0, 0.0, 0.0, 0.0, 0.0, 0.0, 0.0, 0.0, 0.0, 0.0, 775.3184906440785, 0.0, 0.0, 0.0, 0.0, 0.0, 0.0, 0.0, 0.0, 273.1510492025625, 292.09464373722835, 0.0, 0.0, 777.10859822797, 0.0, 275.6085162473689, 0.0, 0.0, 0.0, 795.02027163655, 0.0, 812.2387426480036, 262.3284396216242, 0.0, 254.93910901196963, 0.0, 0.0, 0.0, 176.88607863499556, 799.2602194053385, 275.6389100031977, 0.0, 0.0, 0.0, 0.0, 0.0, 0.0, 809.0642358671976, 0.0, 147.73489957495525, 0.0, 0.0, 0.0, 0.0, 0.0, 0.0, 43.0736473913944, 0.0, 0.0, 0.0, 0.0, 0.0, 0.0, 0.0, 0.0, 0.0, 787.619629294843, 0.0, 0.0, 0.0, 781.8668475997827, 0.0, 155.32001995135715, 171.1989213786345, 0.0, 0.0, 0.0, 0.0, 0.0, 0.0, 0.0, 174.8706950164727, 0.0, 157.3062095027072, 0.0, 0.0, 0.0, 0.0, 59.05176608536817, 0.0, 0.0, 0.0, 0.0, 0.0, 800.9501213478989, 0.0, 0.0, 0.0, 0.0, 0.0, 0.0, 0.0, 0.0, 0.0, 0.0, 157.9215977662662, 769.4673968949867, 0.0, 0.0, 0.0, 0.0, 779.0933369155113, 0.0, 0.0, 0.0, 0.0, 126.4518871146322, 0.0, 0.0, 0.0, 0.0, 0.0, 0.0, 793.9365435555628, 0.0, 0.0, 0.0, 0.0, 0.0, 0.0, 271.9188716383715, 0.0, 797.3223017689199, 60.71010394788743, 282.9675404031882, 0.0, 0.0]
INFORMACIÓN : 30apuestaBundle [809.0642358671976, 800.9501213478989, 178.4084217082135, 167.16387165374044, 66.87541710663265]
INFORMACIÓN : 30positionsBundle [26, 69, 614, 314, 859]
INFORMACIÓN : 30levelsBundle [3, 3, 1, 1, 2]
INFORMACIÓN : 30positionsOrdered [26, 69, 614, 314, 859]
INFORMACIÓN : 30levelsOrdered [3, 3, 1, 1, 2]
INFORMACIÓN : 30partialityOrdered [3, 3, 1, 1, 2]
INFORMACIÓN : 30arrivalTimes [3.2479021931436014, 10.318970005009078, 22.40201597860365, 28.40201597860365, 100.50240227215421]
INFORMACIÓN : I [MW]; lost Test.myBail@10a3841b; POS 614; sensors []; level 1 I paid 178.4084217082135in favour of23@(myturtles,myturtles,bug)@MK-18426 paid 157.3062095027072
INFORMACIÓN : 31historia0[0.0, 0.0, 0.0, 0.0, 0.0, 0.0, 0.0, 0.0, 0.0, 0.0, 0.0, 0.0, 0.0, 78.02301501204498, 0.0, 803.3400396790485, 0.0, 0.0, 0.0, 0.0, 0.0, 0.0, 0.0, 787.6117352694845, 0.0, 764.5396235624447, 0.0, 0.0, 0.0, 0.0, 0.0, 0.0, 0.0, 0.0, 0.0, 0.0, 0.0, 0.0, 0.0, 0.0, 0.0, 0.0, 0.0, 775.3184906440785, 0.0, 0.0, 0.0, 0.0, 0.0, 0.0, 184.19724854174038, 0.0, 273.1510492025625, 292.09464373722835, 0.0, 0.0, 777.10859822797, 0.0, 275.6085162473689, 0.0, 0.0, 0.0, 795.02027163655, 0.0, 812.2387426480036, 262.3284396216242, 0.0, 254.93910901196963, 0.0, 0.0, 0.0, 176.88607863499556, 799.2602194053385, 275.6389100031977, 0.0, 0.0, 0.0, 0.0, 0.0, 0.0, 809.0642358671976, 0.0, 147.73489957495525, 0.0, 0.0, 0.0, 0.0, 0.0, 0.0, 43.0736473913944, 0.0, 0.0, 0.0, 0.0, 0.0, 0.0, 0.0, 0.0, 0.0, 787.619629294843, 0.0, 0.0, 0.0, 781.8668475997827, 0.0, 155.32001995135715, 171.1989213786345, 0.0, 0.0, 0.0, 0.0, 0.0, 0.0, 0.0, 174.8706950164727, 0.0, 157.3062095027072, 0.0, 0.0, 0.0, 0.0, 59.05176608536817, 0.0, 0.0, 0.0, 0.0, 0.0, 800.9501213478989, 0.0, 0.0, 0.0, 0.0, 0.0, 0.0, 0.0, 0.0, 0.0, 0.0, 157.9215977662662, 769.4673968949867, 0.0, 0.0, 0.0, 0.0, 779.0933369155113, 0.0, 0.0, 0.0, 0.0, 126.4518871146322, 0.0, 0.0, 0.0, 0.0, 0.0, 0.0, 793.9365435555628, 0.0, 0.0, 0.0, 0.0, 0.0, 0.0, 271.9188716383715, 0.0, 797.3223017689199, 60.71010394788743, 282.9675404031882, 0.0, 0.0]
INFORMACIÓN : 31apuestaBundle [809.0642358671976, 800.9501213478989, 241.0695697257388, 64.27398925473244, 38.17241903982392]
INFORMACIÓN : 31positionsBundle [26, 69, 2268, 859, 2161]
INFORMACIÓN : 31levelsBundle [3, 3, 2, 2, 2]
INFORMACIÓN : 31positionsOrdered [26, 69, 2268, 2161, 859]
INFORMACIÓN : 31levelsOrdered [3, 3, 2, 2, 2]
INFORMACIÓN : 31partialityOrdered [3, 3, 2, 3, 2]
INFORMACIÓN : 31arrivalTimes [3.2479021931436014, 10.318970005009078, 54.33033217433985, 73.5066678221192, 100.50240227215421]
INFORMACIÓN : 32historia0[0.0, 0.0, 0.0, 0.0, 0.0, 0.0, 0.0, 0.0, 0.0, 0.0, 0.0, 0.0, 0.0, 78.02301501204498, 0.0, 803.3400396790485, 0.0, 0.0, 0.0, 0.0, 0.0, 0.0, 0.0, 787.6117352694845, 0.0, 764.5396235624447, 0.0, 0.0, 0.0, 0.0, 0.0, 0.0, 0.0, 0.0, 0.0, 0.0, 0.0, 0.0, 0.0, 0.0, 0.0, 0.0, 0.0, 775.3184906440785, 0.0, 0.0, 0.0, 0.0, 0.0, 0.0, 184.19724854174038, 0.0, 273.1510492025625, 292.09464373722835, 0.0, 0.0, 777.10859822797, 0.0, 275.6085162473689, 0.0, 0.0, 0.0, 795.02027163655, 0.0, 812.2387426480036, 262.3284396216242, 0.0, 254.93910901196963, 0.0, 0.0, 0.0, 176.88607863499556, 799.2602194053385, 275.6389100031977, 0.0, 0.0, 0.0, 0.0, 0.0, 0.0, 809.0642358671976, 0.0, 147.73489957495525, 0.0, 0.0, 0.0, 0.0, 0.0, 0.0, 43.0736473913944, 0.0, 0.0, 0.0, 0.0, 64.27398925473244, 0.0, 0.0, 0.0, 0.0, 787.619629294843, 0.0, 0.0, 0.0, 781.8668475997827, 0.0, 0.0, 171.1989213786345, 0.0, 0.0, 0.0, 0.0, 0.0, 0.0, 0.0, 174.8706950164727, 0.0, 0.0, 0.0, 0.0, 0.0, 0.0, 59.05176608536817, 0.0, 0.0, 0.0, 0.0, 0.0, 800.9501213478989, 0.0, 0.0, 0.0, 241.0695697257388, 0.0, 0.0, 0.0, 0.0, 0.0, 0.0, 157.9215977662662, 769.4673968949867, 0.0, 0.0, 38.17241903982392, 0.0, 779.0933369155113, 0.0, 0.0, 0.0, 0.0, 126.4518871146322, 0.0, 0.0, 0.0, 0.0, 0.0, 0.0, 793.9365435555628, 0.0, 0.0, 0.0, 0.0, 0.0, 0.0, 271.9188716383715, 0.0, 797.3223017689199, 60.71010394788743, 282.9675404031882, 0.0, 0.0]
INFORMACIÓN : 32apuestaBundle [809.0642358671976, 800.9501213478989, 241.0695697257388, 64.27398925473244, 38.17241903982392]
INFORMACIÓN : 32positionsBundle [26, 69, 2268, 859, 2161]
INFORMACIÓN : 32levelsBundle [3, 3, 2, 2, 2]
INFORMACIÓN : 32positionsOrdered [26, 69, 2268, 2161, 859]
INFORMACIÓN : 32levelsOrdered [3, 3, 2, 2, 2]
INFORMACIÓN : 32partialityOrdered [3, 3, 2, 3, 2]
INFORMACIÓN : 32arrivalTimes [3.2479021931436014, 10.318970005009078, 54.33033217433985, 73.5066678221192, 100.50240227215421]
INFORMACIÓN : 33historia0[0.0, 0.0, 0.0, 0.0, 0.0, 0.0, 0.0, 0.0, 0.0, 0.0, 0.0, 0.0, 0.0, 78.02301501204498, 0.0, 803.3400396790485, 0.0, 0.0, 0.0, 0.0, 0.0, 0.0, 0.0, 787.6117352694845, 0.0, 764.5396235624447, 0.0, 0.0, 0.0, 0.0, 0.0, 0.0, 0.0, 0.0, 0.0, 0.0, 0.0, 0.0, 0.0, 0.0, 0.0, 0.0, 0.0, 775.3184906440785, 0.0, 0.0, 0.0, 0.0, 0.0, 0.0, 184.19724854174038, 0.0, 273.1510492025625, 292.09464373722835, 0.0, 0.0, 777.10859822797, 0.0, 275.6085162473689, 0.0, 0.0, 0.0, 795.02027163655, 0.0, 812.2387426480036, 262.3284396216242, 0.0, 254.93910901196963, 0.0, 0.0, 0.0, 176.88607863499556, 799.2602194053385, 275.6389100031977, 0.0, 0.0, 0.0, 0.0, 0.0, 0.0, 809.0642358671976, 0.0, 147.73489957495525, 0.0, 0.0, 0.0, 0.0, 0.0, 0.0, 43.0736473913944, 0.0, 0.0, 0.0, 0.0, 64.27398925473244, 0.0, 0.0, 0.0, 0.0, 787.619629294843, 0.0, 0.0, 0.0, 781.8668475997827, 0.0, 0.0, 171.1989213786345, 0.0, 0.0, 0.0, 0.0, 0.0, 0.0, 0.0, 174.8706950164727, 0.0, 0.0, 0.0, 0.0, 0.0, 0.0, 59.05176608536817, 0.0, 0.0, 0.0, 0.0, 0.0, 800.9501213478989, 0.0, 0.0, 0.0, 241.0695697257388, 0.0, 0.0, 0.0, 0.0, 0.0, 0.0, 157.9215977662662, 769.4673968949867, 0.0, 0.0, 38.17241903982392, 0.0, 779.0933369155113, 0.0, 0.0, 0.0, 0.0, 126.4518871146322, 0.0, 0.0, 0.0, 0.0, 0.0, 0.0, 793.9365435555628, 0.0, 0.0, 0.0, 0.0, 0.0, 0.0, 271.9188716383715, 0.0, 797.3223017689199, 60.71010394788743, 282.9675404031882, 0.0, 0.0]
INFORMACIÓN : 33apuestaBundle [809.0642358671976, 800.9501213478989, 241.0695697257388, 64.27398925473244, 38.17241903982392]
INFORMACIÓN : 33positionsBundle [26, 69, 2268, 859, 2161]
INFORMACIÓN : 33levelsBundle [3, 3, 2, 2, 2]
INFORMACIÓN : 33positionsOrdered [26, 69, 2268, 2161, 859]
INFORMACIÓN : 33levelsOrdered [3, 3, 2, 2, 2]
INFORMACIÓN : 33partialityOrdered [3, 3, 2, 3, 2]
INFORMACIÓN : 33arrivalTimes [3.2479021931436014, 10.318970005009078, 54.33033217433985, 73.5066678221192, 100.50240227215421]
INFORMACIÓN : 34historia0[0.0, 0.0, 0.0, 0.0, 0.0, 0.0, 0.0, 0.0, 0.0, 0.0, 0.0, 0.0, 0.0, 78.02301501204498, 0.0, 803.3400396790485, 0.0, 0.0, 0.0, 0.0, 0.0, 0.0, 0.0, 787.6117352694845, 0.0, 764.5396235624447, 0.0, 0.0, 0.0, 0.0, 0.0, 0.0, 0.0, 0.0, 0.0, 0.0, 0.0, 0.0, 0.0, 0.0, 0.0, 0.0, 0.0, 775.3184906440785, 0.0, 0.0, 0.0, 0.0, 0.0, 0.0, 184.19724854174038, 0.0, 273.1510492025625, 292.09464373722835, 0.0, 0.0, 777.10859822797, 0.0, 275.6085162473689, 0.0, 0.0, 0.0, 795.02027163655, 0.0, 812.2387426480036, 262.3284396216242, 0.0, 254.93910901196963, 0.0, 0.0, 0.0, 176.88607863499556, 799.2602194053385, 275.6389100031977, 0.0, 0.0, 0.0, 0.0, 0.0, 0.0, 809.0642358671976, 0.0, 147.73489957495525, 0.0, 0.0, 0.0, 0.0, 0.0, 0.0, 43.0736473913944, 0.0, 0.0, 0.0, 0.0, 64.27398925473244, 0.0, 0.0, 0.0, 0.0, 787.619629294843, 0.0, 0.0, 0.0, 781.8668475997827, 0.0, 0.0, 171.1989213786345, 0.0, 0.0, 0.0, 0.0, 0.0, 0.0, 0.0, 174.8706950164727, 0.0, 0.0, 0.0, 0.0, 0.0, 0.0, 59.05176608536817, 0.0, 0.0, 0.0, 0.0, 0.0, 800.9501213478989, 0.0, 0.0, 0.0, 241.0695697257388, 0.0, 0.0, 0.0, 0.0, 0.0, 0.0, 157.9215977662662, 769.4673968949867, 0.0, 0.0, 38.17241903982392, 0.0, 779.0933369155113, 0.0, 0.0, 0.0, 0.0, 126.4518871146322, 0.0, 0.0, 0.0, 0.0, 0.0, 0.0, 793.9365435555628, 0.0, 0.0, 0.0, 0.0, 0.0, 0.0, 271.9188716383715, 0.0, 797.3223017689199, 60.71010394788743, 282.9675404031882, 0.0, 0.0]
INFORMACIÓN : 34apuestaBundle [809.0642358671976, 800.9501213478989, 241.0695697257388, 64.27398925473244, 38.17241903982392]
INFORMACIÓN : 34positionsBundle [26, 69, 2268, 859, 2161]
INFORMACIÓN : 34levelsBundle [3, 3, 2, 2, 2]
INFORMACIÓN : 34positionsOrdered [26, 69, 2268, 2161, 859]
INFORMACIÓN : 34levelsOrdered [3, 3, 2, 2, 2]
INFORMACIÓN : 34partialityOrdered [3, 3, 2, 3, 2]
INFORMACIÓN : 34arrivalTimes [3.2479021931436014, 10.318970005009078, 54.33033217433985, 73.5066678221192, 100.50240227215421]
INFORMACIÓN : 35historia0[0.0, 0.0, 0.0, 0.0, 0.0, 0.0, 0.0, 0.0, 0.0, 0.0, 0.0, 0.0, 0.0, 78.02301501204498, 0.0, 803.3400396790485, 0.0, 0.0, 0.0, 0.0, 0.0, 0.0, 0.0, 787.6117352694845, 0.0, 764.5396235624447, 0.0, 0.0, 0.0, 0.0, 0.0, 0.0, 0.0, 0.0, 0.0, 0.0, 0.0, 0.0, 0.0, 0.0, 0.0, 0.0, 0.0, 775.3184906440785, 0.0, 0.0, 0.0, 0.0, 0.0, 0.0, 184.19724854174038, 0.0, 273.1510492025625, 292.09464373722835, 0.0, 0.0, 777.10859822797, 0.0, 275.6085162473689, 0.0, 0.0, 0.0, 795.02027163655, 0.0, 812.2387426480036, 262.3284396216242, 0.0, 254.93910901196963, 0.0, 0.0, 0.0, 176.88607863499556, 799.2602194053385, 275.6389100031977, 0.0, 0.0, 0.0, 0.0, 0.0, 0.0, 809.0642358671976, 0.0, 147.73489957495525, 0.0, 0.0, 0.0, 0.0, 0.0, 0.0, 43.0736473913944, 0.0, 0.0, 0.0, 0.0, 64.27398925473244, 0.0, 0.0, 0.0, 0.0, 787.619629294843, 0.0, 0.0, 0.0, 781.8668475997827, 0.0, 0.0, 171.1989213786345, 0.0, 0.0, 0.0, 0.0, 0.0, 0.0, 0.0, 174.8706950164727, 0.0, 0.0, 0.0, 0.0, 0.0, 0.0, 59.05176608536817, 0.0, 0.0, 0.0, 0.0, 0.0, 800.9501213478989, 0.0, 0.0, 0.0, 241.0695697257388, 0.0, 0.0, 0.0, 0.0, 0.0, 0.0, 157.9215977662662, 769.4673968949867, 0.0, 0.0, 38.17241903982392, 0.0, 779.0933369155113, 0.0, 0.0, 0.0, 0.0, 126.4518871146322, 0.0, 0.0, 0.0, 0.0, 0.0, 0.0, 793.9365435555628, 0.0, 0.0, 0.0, 0.0, 0.0, 0.0, 271.9188716383715, 0.0, 797.3223017689199, 60.71010394788743, 282.9675404031882, 0.0, 0.0]
INFORMACIÓN : 35apuestaBundle [809.0642358671976, 800.9501213478989, 241.0695697257388, 64.27398925473244, 38.17241903982392]
INFORMACIÓN : 35positionsBundle [26, 69, 2268, 859, 2161]
INFORMACIÓN : 35levelsBundle [3, 3, 2, 2, 2]
INFORMACIÓN : 35positionsOrdered [26, 69, 2268, 2161, 859]
INFORMACIÓN : 35levelsOrdered [3, 3, 2, 2, 2]
INFORMACIÓN : 35partialityOrdered [3, 3, 2, 3, 2]
INFORMACIÓN : 35arrivalTimes [3.2479021931436014, 10.318970005009078, 54.33033217433985, 73.5066678221192, 100.50240227215421]
INFORMACIÓN : depSat position 26 level 3
INFORMACIÓN : depSat position 69 level 3
INFORMACIÓN : I [MW]; lost Test.myBail@282a1057; POS 26; sensors [AB, IR]; level 3 I paid 809.0642358671976in favour ofnull paid 809.0642358671976
INFORMACIÓN : 36historia0[0.0, 0.0, 0.0, 0.0, 0.0, 0.0, 0.0, 0.0, 0.0, 0.0, 0.0, 0.0, 0.0, 78.02301501204498, 0.0, 803.3400396790485, 0.0, 0.0, 0.0, 0.0, 0.0, 0.0, 0.0, 787.6117352694845, 0.0, 764.5396235624447, 0.0, 0.0, 0.0, 0.0, 0.0, 0.0, 0.0, 0.0, 0.0, 0.0, 0.0, 0.0, 0.0, 0.0, 0.0, 0.0, 0.0, 775.3184906440785, 0.0, 0.0, 0.0, 0.0, 0.0, 0.0, 184.19724854174038, 0.0, 273.1510492025625, 292.09464373722835, 0.0, 0.0, 777.10859822797, 0.0, 275.6085162473689, 0.0, 0.0, 0.0, 795.02027163655, 0.0, 812.2387426480036, 262.3284396216242, 0.0, 254.93910901196963, 0.0, 0.0, 0.0, 176.88607863499556, 799.2602194053385, 275.6389100031977, 0.0, 0.0, 0.0, 0.0, 0.0, 0.0, 0.0, 0.0, 147.73489957495525, 0.0, 0.0, 0.0, 0.0, 0.0, 0.0, 43.0736473913944, 0.0, 0.0, 0.0, 0.0, 0.0, 0.0, 0.0, 0.0, 0.0, 787.619629294843, 0.0, 0.0, 0.0, 781.8668475997827, 0.0, 0.0, 171.1989213786345, 0.0, 0.0, 0.0, 0.0, 0.0, 0.0, 0.0, 174.8706950164727, 0.0, 0.0, 0.0, 0.0, 0.0, 0.0, 59.05176608536817, 0.0, 0.0, 0.0, 0.0, 0.0, 0.0, 0.0, 0.0, 0.0, 0.0, 0.0, 0.0, 0.0, 0.0, 0.0, 0.0, 157.9215977662662, 769.4673968949867, 0.0, 0.0, 0.0, 0.0, 779.0933369155113, 0.0, 0.0, 0.0, 0.0, 126.4518871146322, 0.0, 0.0, 0.0, 0.0, 0.0, 0.0, 793.9365435555628, 0.0, 0.0, 0.0, 0.0, 0.0, 0.0, 271.9188716383715, 0.0, 797.3223017689199, 60.71010394788743, 282.9675404031882, 0.0, 0.0]
INFORMACIÓN : 36apuestaBundle [809.0642358671976, 800.9501213478989, 758.9961754942997, 241.0695697257388, 182.1735431529649]
INFORMACIÓN : 36positionsBundle [26, 69, 1838, 2268, 314]
INFORMACIÓN : 36levelsBundle [3, 3, 3, 2, 1]
INFORMACIÓN : 36positionsOrdered [26, 69, 314, 1838, 2268]
INFORMACIÓN : 36levelsOrdered [3, 3, 1, 3, 2]
INFORMACIÓN : 36partialityOrdered [3, 3, 1, 3, 2]
INFORMACIÓN : 36arrivalTimes [3.2479021931436014, 10.318970005009078, 17.390037816874553, 61.77393079408222, 83.70564299354353]
INFORMACIÓN : 37historia0[0.0, 0.0, 0.0, 0.0, 0.0, 0.0, 0.0, 0.0, 0.0, 0.0, 0.0, 0.0, 0.0, 78.02301501204498, 0.0, 0.0, 0.0, 0.0, 0.0, 0.0, 0.0, 0.0, 0.0, 787.6117352694845, 0.0, 768.5335744465737, 0.0, 0.0, 0.0, 0.0, 0.0, 0.0, 0.0, 0.0, 0.0, 0.0, 0.0, 0.0, 0.0, 0.0, 0.0, 0.0, 0.0, 775.3184906440785, 0.0, 0.0, 0.0, 0.0, 0.0, 0.0, 0.0, 0.0, 0.0, 0.0, 0.0, 0.0, 0.0, 0.0, 275.6085162473689, 0.0, 0.0, 0.0, 795.02027163655, 0.0, 812.2387426480036, 262.3284396216242, 0.0, 254.93910901196963, 0.0, 0.0, 0.0, 176.88607863499556, 799.2602194053385, 275.6389100031977, 0.0, 0.0, 0.0, 0.0, 0.0, 0.0, 809.0642358671976, 0.0, 147.73489957495525, 0.0, 0.0, 0.0, 0.0, 0.0, 0.0, 0.0, 0.0, 0.0, 0.0, 0.0, 0.0, 0.0, 758.9961754942997, 0.0, 0.0, 787.619629294843, 0.0, 0.0, 0.0, 781.8668475997827, 0.0, 182.1735431529649, 171.1989213786345, 0.0, 0.0, 0.0, 0.0, 0.0, 0.0, 0.0, 174.8706950164727, 0.0, 0.0, 0.0, 0.0, 0.0, 0.0, 0.0, 0.0, 0.0, 0.0, 0.0, 0.0, 800.9501213478989, 0.0, 0.0, 0.0, 241.0695697257388, 0.0, 0.0, 0.0, 0.0, 0.0, 0.0, 0.0, 769.4673968949867, 0.0, 0.0, 0.0, 0.0, 779.1537523230651, 0.0, 0.0, 0.0, 0.0, 126.4518871146322, 0.0, 0.0, 0.0, 0.0, 0.0, 0.0, 793.9365435555628, 0.0, 0.0, 0.0, 0.0, 0.0, 0.0, 271.9188716383715, 0.0, 0.0, 60.71010394788743, 0.0, 0.0, 0.0]
INFORMACIÓN : 37apuestaBundle [809.0642358671976, 800.9501213478989, 758.9961754942997, 241.0695697257388, 182.1735431529649]
INFORMACIÓN : 37positionsBundle [26, 69, 1838, 2268, 314]
INFORMACIÓN : 37levelsBundle [3, 3, 3, 2, 1]
INFORMACIÓN : 37positionsOrdered [26, 69, 314, 1838, 2268]
INFORMACIÓN : 37levelsOrdered [3, 3, 1, 3, 2]
INFORMACIÓN : 37partialityOrdered [3, 3, 1, 3, 2]
INFORMACIÓN : 37arrivalTimes [3.2479021931436014, 10.318970005009078, 17.390037816874553, 61.77393079408222, 83.70564299354353]
INFORMACIÓN : 38historia0[0.0, 0.0, 0.0, 0.0, 0.0, 0.0, 0.0, 0.0, 0.0, 0.0, 0.0, 0.0, 0.0, 0.0, 0.0, 803.3400396790485, 0.0, 0.0, 0.0, 0.0, 0.0, 0.0, 0.0, 787.6117352694845, 0.0, 0.0, 0.0, 0.0, 0.0, 0.0, 0.0, 0.0, 0.0, 0.0, 0.0, 0.0, 283.91103989356986, 0.0, 0.0, 0.0, 0.0, 0.0, 0.0, 775.3184906440785, 0.0, 0.0, 0.0, 0.0, 0.0, 0.0, 0.0, 0.0, 279.6531273309115, 0.0, 0.0, 0.0, 769.2019702576868, 0.0, 275.6085162473689, 0.0, 0.0, 0.0, 795.02027163655, 0.0, 812.2387426480036, 262.3284396216242, 0.0, 254.93910901196963, 0.0, 0.0, 0.0, 176.88607863499556, 799.2602194053385, 275.6389100031977, 0.0, 0.0, 0.0, 0.0, 0.0, 0.0, 809.0642358671976, 0.0, 147.73489957495525, 0.0, 0.0, 0.0, 0.0, 0.0, 0.0, 0.0, 54.637173666376725, 0.0, 0.0, 0.0, 0.0, 0.0, 758.9961754942997, 0.0, 0.0, 787.619629294843, 0.0, 0.0, 21.109647586575115, 781.8668475997827, 0.0, 182.1735431529649, 171.1989213786345, 0.0, 0.0, 0.0, 0.0, 0.0, 0.0, 0.0, 174.8706950164727, 0.0, 0.0, 0.0, 0.0, 285.30403625054237, 0.0, 0.0, 0.0, 0.0, 0.0, 0.0, 0.0, 800.9501213478989, 0.0, 0.0, 0.0, 241.0695697257388, 0.0, 0.0, 0.0, 0.0, 0.0, 0.0, 0.0, 769.4673968949867, 0.0, 0.0, 0.0, 0.0, 779.1537523230651, 0.0, 0.0, 0.0, 0.0, 126.4518871146322, 0.0, 0.0, 0.0, 0.0, 0.0, 0.0, 793.9365435555628, 0.0, 0.0, 0.0, 0.0, 0.0, 0.0, 271.9188716383715, 0.0, 797.3223017689199, 60.71010394788743, 282.9675404031882, 0.0, 0.0]
INFORMACIÓN : 38apuestaBundle [809.0642358671976, 800.9501213478989, 758.9961754942997, 241.0695697257388, 182.1735431529649]
INFORMACIÓN : 38positionsBundle [26, 69, 1838, 2268, 314]
INFORMACIÓN : 38levelsBundle [3, 3, 3, 2, 1]
INFORMACIÓN : 38positionsOrdered [26, 69, 314, 1838, 2268]
INFORMACIÓN : 38levelsOrdered [3, 3, 1, 3, 2]
INFORMACIÓN : 38partialityOrdered [3, 3, 1, 3, 2]
INFORMACIÓN : 38arrivalTimes [3.2479021931436014, 10.318970005009078, 17.390037816874553, 61.77393079408222, 83.70564299354353]
INFORMACIÓN : 39historia0[0.0, 0.0, 0.0, 0.0, 0.0, 0.0, 0.0, 0.0, 0.0, 0.0, 0.0, 0.0, 0.0, 0.0, 0.0, 803.3400396790485, 0.0, 0.0, 0.0, 0.0, 0.0, 0.0, 0.0, 787.6117352694845, 0.0, 0.0, 0.0, 0.0, 0.0, 0.0, 0.0, 0.0, 0.0, 0.0, 0.0, 0.0, 283.91103989356986, 0.0, 0.0, 0.0, 64.05098476856767, 0.0, 0.0, 775.3184906440785, 0.0, 0.0, 0.0, 0.0, 0.0, 0.0, 0.0, 0.0, 279.6531273309115, 0.0, 0.0, 0.0, 769.2019702576868, 0.0, 275.6085162473689, 0.0, 0.0, 0.0, 795.02027163655, 0.0, 812.2387426480036, 262.3284396216242, 0.0, 254.93910901196963, 0.0, 0.0, 0.0, 176.88607863499556, 799.2602194053385, 275.6389100031977, 0.0, 0.0, 0.0, 0.0, 0.0, 0.0, 809.0642358671976, 0.0, 147.73489957495525, 0.0, 0.0, 0.0, 0.0, 0.0, 0.0, 0.0, 58.908772251014284, 0.0, 0.0, 0.0, 0.0, 0.0, 758.9961754942997, 0.0, 0.0, 787.619629294843, 0.0, 0.0, 0.0, 781.8668475997827, 0.0, 182.1735431529649, 171.1989213786345, 0.0, 0.0, 0.0, 0.0, 0.0, 0.0, 0.0, 174.8706950164727, 0.0, 0.0, 0.0, 0.0, 285.30403625054237, 0.0, 62.407678712653784, 0.0, 0.0, 0.0, 0.0, 0.0, 800.9501213478989, 0.0, 0.0, 0.0, 241.0695697257388, 0.0, 0.0, 0.0, 0.0, 0.0, 0.0, 157.9215977662662, 769.4673968949867, 0.0, 0.0, 0.0, 0.0, 779.1537523230651, 0.0, 0.0, 0.0, 0.0, 126.4518871146322, 0.0, 0.0, 0.0, 0.0, 0.0, 0.0, 793.9365435555628, 0.0, 0.0, 0.0, 0.0, 0.0, 0.0, 271.9188716383715, 0.0, 797.3223017689199, 64.05098476856767, 282.9675404031882, 0.0, 0.0]
INFORMACIÓN : 39apuestaBundle [809.0642358671976, 800.9501213478989, 758.9961754942997, 241.0695697257388, 182.1735431529649]
INFORMACIÓN : 39positionsBundle [26, 69, 1838, 2268, 314]
INFORMACIÓN : 39levelsBundle [3, 3, 3, 2, 1]
INFORMACIÓN : 39positionsOrdered [26, 69, 314, 1838, 2268]
INFORMACIÓN : 39levelsOrdered [3, 3, 1, 3, 2]
INFORMACIÓN : 39partialityOrdered [3, 3, 1, 3, 2]
INFORMACIÓN : 39arrivalTimes [3.2479021931436014, 10.318970005009078, 17.390037816874553, 61.77393079408222, 83.70564299354353]
INFORMACIÓN : 40historia0[0.0, 0.0, 0.0, 0.0, 0.0, 0.0, 0.0, 0.0, 0.0, 0.0, 0.0, 0.0, 0.0, 0.0, 0.0, 803.3400396790485, 0.0, 0.0, 0.0, 0.0, 0.0, 0.0, 0.0, 787.6117352694845, 0.0, 0.0, 0.0, 0.0, 0.0, 0.0, 0.0, 0.0, 0.0, 0.0, 0.0, 0.0, 283.91103989356986, 0.0, 0.0, 0.0, 64.05098476856767, 0.0, 0.0, 775.3184906440785, 0.0, 0.0, 0.0, 0.0, 0.0, 0.0, 0.0, 0.0, 279.6531273309115, 257.5674951925447, 0.0, 0.0, 769.2019702576868, 0.0, 275.6085162473689, 0.0, 0.0, 0.0, 795.02027163655, 0.0, 812.2387426480036, 262.3284396216242, 0.0, 254.93910901196963, 0.0, 0.0, 0.0, 176.88607863499556, 799.2602194053385, 275.6389100031977, 0.0, 0.0, 0.0, 0.0, 0.0, 0.0, 809.0642358671976, 0.0, 147.73489957495525, 0.0, 0.0, 0.0, 0.0, 0.0, 0.0, 0.0, 0.0, 0.0, 0.0, 0.0, 0.0, 0.0, 758.9961754942997, 0.0, 0.0, 787.619629294843, 0.0, 0.0, 0.0, 781.8668475997827, 0.0, 182.1735431529649, 171.1989213786345, 0.0, 0.0, 0.0, 0.0, 0.0, 0.0, 0.0, 174.8706950164727, 0.0, 0.0, 0.0, 0.0, 285.30403625054237, 0.0, 62.407678712653784, 0.0, 0.0, 0.0, 0.0, 0.0, 800.9501213478989, 0.0, 0.0, 0.0, 241.0695697257388, 0.0, 0.0, 0.0, 0.0, 0.0, 0.0, 157.9215977662662, 769.4673968949867, 0.0, 0.0, 0.0, 0.0, 779.1537523230651, 0.0, 0.0, 0.0, 0.0, 126.4518871146322, 0.0, 0.0, 0.0, 0.0, 0.0, 0.0, 793.9365435555628, 0.0, 0.0, 0.0, 0.0, 0.0, 0.0, 271.9188716383715, 0.0, 797.3223017689199, 64.05098476856767, 282.9675404031882, 0.0, 0.0]
INFORMACIÓN : 40apuestaBundle [809.0642358671976, 800.9501213478989, 758.9961754942997, 241.0695697257388, 182.1735431529649]
INFORMACIÓN : 40positionsBundle [26, 69, 1838, 2268, 314]
INFORMACIÓN : 40levelsBundle [3, 3, 3, 2, 1]
INFORMACIÓN : 40positionsOrdered [26, 69, 314, 1838, 2268]
INFORMACIÓN : 40levelsOrdered [3, 3, 1, 3, 2]
INFORMACIÓN : 40partialityOrdered [3, 3, 1, 3, 2]
INFORMACIÓN : 40arrivalTimes [3.2479021931436014, 10.318970005009078, 17.390037816874553, 61.77393079408222, 83.70564299354353]
INFORMACIÓN : 41historia0[0.0, 0.0, 0.0, 0.0, 0.0, 0.0, 0.0, 0.0, 0.0, 0.0, 0.0, 0.0, 0.0, 0.0, 0.0, 803.3400396790485, 0.0, 0.0, 0.0, 0.0, 0.0, 0.0, 0.0, 787.6117352694845, 0.0, 0.0, 0.0, 0.0, 0.0, 0.0, 0.0, 0.0, 0.0, 0.0, 0.0, 0.0, 283.91103989356986, 0.0, 0.0, 0.0, 64.05098476856767, 0.0, 0.0, 775.3184906440785, 0.0, 0.0, 0.0, 0.0, 0.0, 0.0, 0.0, 0.0, 279.6531273309115, 257.5674951925447, 0.0, 0.0, 769.2019702576868, 0.0, 275.6085162473689, 0.0, 0.0, 0.0, 795.02027163655, 0.0, 812.2387426480036, 262.3284396216242, 0.0, 254.93910901196963, 0.0, 0.0, 0.0, 176.88607863499556, 799.2602194053385, 275.6389100031977, 0.0, 0.0, 0.0, 0.0, 0.0, 0.0, 809.0642358671976, 0.0, 147.73489957495525, 0.0, 0.0, 0.0, 0.0, 0.0, 0.0, 43.0736473913944, 0.0, 0.0, 0.0, 0.0, 0.0, 0.0, 758.9961754942997, 0.0, 0.0, 787.619629294843, 0.0, 0.0, 0.0, 781.8668475997827, 0.0, 182.1735431529649, 171.1989213786345, 0.0, 0.0, 0.0, 0.0, 0.0, 0.0, 0.0, 174.8706950164727, 0.0, 0.0, 0.0, 0.0, 285.30403625054237, 0.0, 62.407678712653784, 0.0, 0.0, 0.0, 0.0, 0.0, 800.9501213478989, 0.0, 0.0, 0.0, 241.0695697257388, 0.0, 0.0, 0.0, 0.0, 0.0, 0.0, 157.9215977662662, 769.4673968949867, 0.0, 0.0, 0.0, 0.0, 779.1537523230651, 0.0, 0.0, 0.0, 0.0, 126.4518871146322, 0.0, 0.0, 0.0, 0.0, 0.0, 0.0, 793.9365435555628, 0.0, 0.0, 0.0, 0.0, 0.0, 0.0, 271.9188716383715, 0.0, 797.3223017689199, 64.05098476856767, 282.9675404031882, 0.0, 0.0]
INFORMACIÓN : 41apuestaBundle [809.0642358671976, 800.9501213478989, 758.9961754942997, 241.0695697257388, 182.1735431529649]
