----------------------------------------------------------------------
-- Log session for [myBugCoalitionsCCBBAGuaiDEF-30] started on 2017.07.13.18.46.24 --
----------------------------------------------------------------------

INFORMACIÓN : I started
INFORMACIÓN : 0apuestaBundle [812.2387426480036, 799.2602194053385, 793.9365435555628, 779.7128231362004, 777.3137219263522]
INFORMACIÓN : 0positionsBundle [1707, 1616, 1820, 1630, 1280]
INFORMACIÓN : 0levelsBundle [3, 3, 3, 3, 3]
INFORMACIÓN : 0positionsOrdered [1707, 1616, 1820, 1630, 1280]
INFORMACIÓN : 0levelsOrdered [3, 3, 3, 3, 3]
INFORMACIÓN : 0partialityOrdered [3, 3, 3, 3, 3]
INFORMACIÓN : 0arrivalTimes [1.0043530575151716, 10.223897514808058, 15.880751764300438, 26.651081378569444, 33.651081378569444]
INFORMACIÓN : timeSat position 1630 level 3
INFORMACIÓN : timeSat position 1280 level 3
INFORMACIÓN : I [AB]; lost Test.myBail@fa25e41; POS 1630; sensors [IR, MW]; level 3 I paid 779.7128231362004in favour ofnull paid 779.7128231362004
INFORMACIÓN : 1historia0[0.0, 0.0, 0.0, 0.0, 0.0, 0.0, 0.0, 0.0, 0.0, 0.0, 0.0, 0.0, 0.0, 0.0, 0.0, 0.0, 0.0, 0.0, 0.0, 0.0, 0.0, 0.0, 0.0, 785.0887569739725, 0.0, 0.0, 0.0, 0.0, 0.0, 0.0, 0.0, 0.0, 0.0, 0.0, 0.0, 0.0, 0.0, 0.0, 0.0, 0.0, 0.0, 0.0, 0.0, 0.0, 0.0, 0.0, 0.0, 0.0, 0.0, 0.0, 0.0, 0.0, 0.0, 0.0, 0.0, 0.0, 0.0, 0.0, 0.0, 0.0, 0.0, 0.0, 0.0, 0.0, 812.2387426480036, 0.0, 0.0, 0.0, 0.0, 0.0, 0.0, 0.0, 799.2602194053385, 0.0, 0.0, 0.0, 0.0, 0.0, 0.0, 0.0, 809.0642358671976, 0.0, 0.0, 0.0, 0.0, 0.0, 0.0, 0.0, 0.0, 0.0, 0.0, 0.0, 0.0, 0.0, 0.0, 0.0, 0.0, 0.0, 0.0, 777.7061791410551, 0.0, 0.0, 0.0, 767.900692456592, 0.0, 0.0, 0.0, 0.0, 0.0, 0.0, 0.0, 798.1637235097055, 0.0, 0.0, 0.0, 0.0, 0.0, 0.0, 0.0, 0.0, 0.0, 0.0, 0.0, 0.0, 0.0, 0.0, 0.0, 800.9501213478989, 0.0, 0.0, 0.0, 0.0, 0.0, 0.0, 0.0, 0.0, 0.0, 0.0, 0.0, 0.0, 0.0, 0.0, 0.0, 0.0, 0.0, 0.0, 0.0, 0.0, 0.0, 0.0, 0.0, 0.0, 0.0, 0.0, 0.0, 0.0, 793.9365435555628, 0.0, 0.0, 0.0, 0.0, 0.0, 0.0, 0.0, 0.0, 0.0, 0.0, 0.0, 0.0, 0.0]
INFORMACIÓN : 1apuestaBundle [812.2387426480036, 799.2602194053385, 793.9365435555628, 284.7971919219426, 280.79348251914985]
INFORMACIÓN : 1positionsBundle [1707, 1616, 1820, 2216, 2462]
INFORMACIÓN : 1levelsBundle [3, 3, 3, 2, 2]
INFORMACIÓN : 1positionsOrdered [1707, 1616, 1820, 2216, 2462]
INFORMACIÓN : 1levelsOrdered [3, 3, 3, 2, 2]
INFORMACIÓN : 1partialityOrdered [3, 3, 3, 2, 2]
INFORMACIÓN : 1arrivalTimes [1.0043530575151716, 10.223897514808058, 15.880751764300438, 24.825023674299597, 31.228147911732446]
INFORMACIÓN : timeSat position 2216 level 2
INFORMACIÓN : I [AB]; lost Test.myBail@9d1fe91; POS 2216; sensors [MW]; level 2 I paid 284.7971919219426in favour ofnull paid 284.7971919219426
INFORMACIÓN : 2historia0[0.0, 0.0, 0.0, 0.0, 0.0, 0.0, 0.0, 0.0, 0.0, 0.0, 0.0, 0.0, 0.0, 0.0, 0.0, 803.3400396790485, 0.0, 0.0, 0.0, 0.0, 0.0, 0.0, 0.0, 787.4490116878417, 0.0, 0.0, 0.0, 0.0, 0.0, 0.0, 0.0, 0.0, 0.0, 0.0, 0.0, 0.0, 0.0, 0.0, 0.0, 0.0, 0.0, 0.0, 0.0, 0.0, 0.0, 0.0, 0.0, 0.0, 0.0, 0.0, 0.0, 0.0, 0.0, 292.09464373722835, 0.0, 0.0, 0.0, 0.0, 0.0, 0.0, 0.0, 0.0, 791.8167017547694, 0.0, 812.2387426480036, 0.0, 0.0, 255.68267086498892, 0.0, 0.0, 0.0, 0.0, 799.2602194053385, 269.7297969782022, 0.0, 0.0, 0.0, 0.0, 0.0, 0.0, 809.0642358671976, 0.0, 0.0, 0.0, 270.6942945827235, 0.0, 0.0, 0.0, 0.0, 0.0, 0.0, 0.0, 0.0, 0.0, 0.0, 0.0, 0.0, 0.0, 0.0, 0.0, 0.0, 0.0, 0.0, 0.0, 0.0, 0.0, 0.0, 0.0, 0.0, 0.0, 0.0, 798.1637235097055, 0.0, 0.0, 0.0, 0.0, 0.0, 0.0, 0.0, 284.72837028472395, 0.0, 0.0, 0.0, 0.0, 0.0, 0.0, 0.0, 800.9501213478989, 0.0, 0.0, 0.0, 0.0, 0.0, 0.0, 0.0, 0.0, 0.0, 0.0, 0.0, 0.0, 0.0, 0.0, 0.0, 0.0, 0.0, 0.0, 0.0, 0.0, 0.0, 0.0, 0.0, 0.0, 0.0, 0.0, 0.0, 0.0, 793.9365435555628, 0.0, 0.0, 0.0, 0.0, 0.0, 0.0, 271.9188716383715, 0.0, 0.0, 0.0, 0.0, 0.0, 0.0]
INFORMACIÓN : 2apuestaBundle [812.2387426480036, 799.2602194053385, 793.9365435555628, 372.5276932233651, 372.5276932233651, 267.1482949958595]
INFORMACIÓN : 2positionsBundle [1707, 1616, 1820, 1630, 1630, 1281]
INFORMACIÓN : 2levelsBundle [3, 3, 3, 2, 2, 2]
INFORMACIÓN : 2positionsOrdered [1707, 1616, 1820, 1630, 1630, 1281]
INFORMACIÓN : 2levelsOrdered [3, 3, 3, 2, 2, 2]
INFORMACIÓN : 2partialityOrdered [3, 3, 3, 3, 3, 2]
INFORMACIÓN : 2arrivalTimes [1.0043530575151716, 10.223897514808058, 15.880751764300438, 26.651081378569444, 26.651081378569444, 54.736920424814315]
INFORMACIÓN : mutexSat position 1630 level 2
INFORMACIÓN : mutexSat position 1630 level 2
INFORMACIÓN : I [AB]; lost Test.myBail@71a79782; POS 1630; sensors [MW]; level 2 I paid 372.5276932233651in favour ofnull paid 372.5276932233651
INFORMACIÓN : 3historia0[0.0, 0.0, 0.0, 0.0, 0.0, 0.0, 0.0, 0.0, 0.0, 0.0, 0.0, 0.0, 0.0, 0.0, 0.0, 803.3400396790485, 0.0, 0.0, 0.0, 0.0, 0.0, 0.0, 0.0, 787.4490116878417, 0.0, 0.0, 0.0, 0.0, 271.1143586238031, 0.0, 0.0, 0.0, 0.0, 0.0, 0.0, 0.0, 0.0, 0.0, 0.0, 0.0, 0.0, 0.0, 0.0, 775.2371611759978, 0.0, 0.0, 0.0, 0.0, 0.0, 0.0, 0.0, 0.0, 0.0, 292.09464373722835, 0.0, 0.0, 772.1524344392766, 0.0, 0.0, 195.2752789906408, 0.0, 0.0, 791.8167017547694, 0.0, 812.2387426480036, 0.0, 0.0, 255.68267086498892, 0.0, 0.0, 0.0, 0.0, 799.2602194053385, 269.7297969782022, 0.0, 0.0, 0.0, 0.0, 0.0, 0.0, 809.0642358671976, 0.0, 0.0, 0.0, 270.6942945827235, 0.0, 0.0, 0.0, 0.0, 0.0, 0.0, 0.0, 0.0, 0.0, 0.0, 0.0, 0.0, 0.0, 0.0, 0.0, 0.0, 0.0, 0.0, 0.0, 0.0, 0.0, 0.0, 0.0, 0.0, 0.0, 0.0, 798.1637235097055, 0.0, 0.0, 0.0, 0.0, 0.0, 0.0, 0.0, 284.72837028472395, 0.0, 0.0, 0.0, 0.0, 0.0, 0.0, 0.0, 800.9501213478989, 0.0, 0.0, 0.0, 0.0, 0.0, 0.0, 0.0, 0.0, 190.56807571439163, 0.0, 0.0, 0.0, 0.0, 0.0, 0.0, 0.0, 0.0, 0.0, 0.0, 0.0, 0.0, 0.0, 0.0, 0.0, 0.0, 0.0, 0.0, 0.0, 793.9365435555628, 0.0, 0.0, 0.0, 0.0, 0.0, 0.0, 271.9188716383715, 0.0, 782.7665304250824, 0.0, 279.13173726832315, 0.0, 0.0]
INFORMACIÓN : 3apuestaBundle [812.2387426480036, 799.2602194053385, 793.9365435555628, 267.1482949958595, 170.59861128071094]
INFORMACIÓN : 3positionsBundle [1707, 1616, 1820, 1281, 716]
INFORMACIÓN : 3levelsBundle [3, 3, 3, 2, 1]
INFORMACIÓN : 3positionsOrdered [1707, 1616, 1820, 1281, 716]
INFORMACIÓN : 3levelsOrdered [3, 3, 3, 2, 1]
INFORMACIÓN : 3partialityOrdered [3, 3, 3, 2, 1]
INFORMACIÓN : 3arrivalTimes [1.0043530575151716, 10.223897514808058, 15.880751764300438, 54.736920424814315, 73.33799566255259]
INFORMACIÓN : 4historia0[0.0, 0.0, 0.0, 0.0, 0.0, 0.0, 0.0, 0.0, 0.0, 0.0, 0.0, 0.0, 0.0, 0.0, 0.0, 803.3400396790485, 0.0, 0.0, 0.0, 0.0, 0.0, 0.0, 0.0, 787.4490116878417, 0.0, 0.0, 0.0, 0.0, 271.1143586238031, 0.0, 0.0, 0.0, 0.0, 0.0, 0.0, 0.0, 262.77732264853665, 0.0, 0.0, 0.0, 0.0, 0.0, 0.0, 775.2371611759978, 0.0, 0.0, 0.0, 0.0, 0.0, 0.0, 159.95490248532775, 0.0, 0.0, 292.09464373722835, 0.0, 0.0, 772.1524344392766, 0.0, 0.0, 195.2752789906408, 0.0, 0.0, 791.8167017547694, 0.0, 812.2387426480036, 267.1482949958595, 0.0, 255.68267086498892, 0.0, 0.0, 0.0, 157.60136768574284, 799.2602194053385, 269.7297969782022, 0.0, 0.0, 0.0, 0.0, 0.0, 240.29852937295368, 809.0642358671976, 0.0, 153.97295090332906, 0.0, 270.6942945827235, 0.0, 0.0, 0.0, 0.0, 51.656755424389374, 0.0, 0.0, 0.0, 0.0, 0.0, 0.0, 0.0, 0.0, 0.0, 787.619629294843, 0.0, 0.0, 0.0, 767.900692456592, 0.0, 0.0, 158.98253829239184, 0.0, 0.0, 0.0, 0.0, 798.1637235097055, 0.0, 0.0, 0.0, 0.0, 0.0, 0.0, 0.0, 284.72837028472395, 0.0, 89.08478019065095, 0.0, 0.0, 0.0, 0.0, 0.0, 800.9501213478989, 0.0, 0.0, 0.0, 241.0695697257388, 0.0, 0.0, 0.0, 0.0, 190.56807571439163, 0.0, 170.59861128071094, 0.0, 0.0, 0.0, 0.0, 0.0, 0.0, 0.0, 0.0, 0.0, 0.0, 0.0, 0.0, 0.0, 0.0, 0.0, 0.0, 0.0, 793.9365435555628, 0.0, 0.0, 0.0, 0.0, 0.0, 0.0, 271.9188716383715, 0.0, 782.7665304250824, 0.0, 279.13173726832315, 0.0, 0.0]
INFORMACIÓN : 4apuestaBundle [812.2387426480036, 799.2602194053385, 793.9365435555628, 267.1482949958595, 170.59861128071094]
INFORMACIÓN : 4positionsBundle [1707, 1616, 1820, 1281, 716]
INFORMACIÓN : 4levelsBundle [3, 3, 3, 2, 1]
INFORMACIÓN : 4positionsOrdered [1707, 1616, 1820, 1281, 716]
INFORMACIÓN : 4levelsOrdered [3, 3, 3, 2, 1]
INFORMACIÓN : 4partialityOrdered [3, 3, 3, 2, 1]
INFORMACIÓN : 4arrivalTimes [1.0043530575151716, 10.223897514808058, 15.880751764300438, 54.736920424814315, 73.33799566255259]
INFORMACIÓN : 5historia0[0.0, 0.0, 0.0, 0.0, 0.0, 0.0, 0.0, 0.0, 0.0, 0.0, 0.0, 0.0, 0.0, 0.0, 0.0, 803.3400396790485, 0.0, 0.0, 0.0, 0.0, 0.0, 0.0, 0.0, 787.4490116878417, 0.0, 0.0, 0.0, 0.0, 271.1143586238031, 0.0, 0.0, 0.0, 0.0, 0.0, 0.0, 0.0, 262.77732264853665, 0.0, 0.0, 0.0, 0.0, 0.0, 0.0, 775.2371611759978, 0.0, 0.0, 0.0, 0.0, 0.0, 0.0, 159.95490248532775, 0.0, 0.0, 292.09464373722835, 0.0, 0.0, 772.1524344392766, 0.0, 0.0, 195.2752789906408, 0.0, 0.0, 791.8167017547694, 0.0, 812.2387426480036, 267.1482949958595, 0.0, 255.68267086498892, 0.0, 0.0, 0.0, 157.60136768574284, 799.2602194053385, 269.7297969782022, 0.0, 0.0, 0.0, 0.0, 0.0, 258.36642880226026, 809.0642358671976, 0.0, 153.97295090332906, 0.0, 270.6942945827235, 0.0, 0.0, 0.0, 0.0, 51.656755424389374, 0.0, 0.0, 0.0, 0.0, 0.0, 0.0, 0.0, 0.0, 0.0, 787.619629294843, 0.0, 0.0, 0.0, 767.900692456592, 0.0, 155.32001995135715, 158.98253829239184, 0.0, 0.0, 0.0, 0.0, 798.1637235097055, 0.0, 0.0, 0.0, 0.0, 157.3062095027072, 0.0, 0.0, 284.72837028472395, 0.0, 89.08478019065095, 0.0, 0.0, 0.0, 0.0, 0.0, 800.9501213478989, 0.0, 0.0, 0.0, 241.0695697257388, 0.0, 0.0, 0.0, 0.0, 190.56807571439163, 0.0, 170.59861128071094, 0.0, 0.0, 0.0, 0.0, 0.0, 0.0, 0.0, 0.0, 0.0, 0.0, 126.4518871146322, 0.0, 0.0, 0.0, 0.0, 0.0, 0.0, 793.9365435555628, 0.0, 0.0, 0.0, 0.0, 0.0, 0.0, 271.9188716383715, 0.0, 782.7665304250824, 0.0, 279.13173726832315, 0.0, 0.0]
INFORMACIÓN : 5apuestaBundle [812.2387426480036, 799.2602194053385, 793.9365435555628, 267.1482949958595, 170.59861128071094]
INFORMACIÓN : 5positionsBundle [1707, 1616, 1820, 1281, 716]
INFORMACIÓN : 5levelsBundle [3, 3, 3, 2, 1]
INFORMACIÓN : 5positionsOrdered [1707, 1616, 1820, 1281, 716]
INFORMACIÓN : 5levelsOrdered [3, 3, 3, 2, 1]
INFORMACIÓN : 5partialityOrdered [3, 3, 3, 2, 1]
INFORMACIÓN : 5arrivalTimes [1.0043530575151716, 10.223897514808058, 15.880751764300438, 54.736920424814315, 73.33799566255259]
INFORMACIÓN : 6historia0[0.0, 0.0, 0.0, 0.0, 0.0, 0.0, 0.0, 0.0, 0.0, 0.0, 0.0, 0.0, 0.0, 0.0, 0.0, 803.3400396790485, 0.0, 0.0, 0.0, 0.0, 0.0, 0.0, 0.0, 787.4490116878417, 0.0, 0.0, 0.0, 0.0, 271.1143586238031, 0.0, 0.0, 0.0, 0.0, 0.0, 0.0, 0.0, 262.77732264853665, 0.0, 0.0, 0.0, 0.0, 0.0, 0.0, 775.2371611759978, 0.0, 0.0, 0.0, 0.0, 0.0, 0.0, 159.95490248532775, 0.0, 0.0, 292.09464373722835, 0.0, 0.0, 772.1524344392766, 0.0, 0.0, 195.2752789906408, 0.0, 0.0, 791.8167017547694, 0.0, 812.2387426480036, 267.1482949958595, 0.0, 255.68267086498892, 0.0, 0.0, 0.0, 157.60136768574284, 799.2602194053385, 269.7297969782022, 0.0, 0.0, 0.0, 0.0, 0.0, 258.36642880226026, 809.0642358671976, 0.0, 153.97295090332906, 0.0, 270.6942945827235, 0.0, 0.0, 0.0, 0.0, 51.656755424389374, 0.0, 0.0, 0.0, 0.0, 0.0, 0.0, 0.0, 0.0, 0.0, 787.619629294843, 0.0, 0.0, 0.0, 767.900692456592, 0.0, 0.0, 158.98253829239184, 0.0, 0.0, 0.0, 0.0, 798.1637235097055, 0.0, 0.0, 0.0, 0.0, 0.0, 0.0, 0.0, 284.72837028472395, 0.0, 89.08478019065095, 0.0, 0.0, 0.0, 0.0, 0.0, 800.9501213478989, 0.0, 0.0, 0.0, 241.0695697257388, 0.0, 0.0, 0.0, 0.0, 190.56807571439163, 0.0, 170.59861128071094, 0.0, 0.0, 0.0, 0.0, 0.0, 0.0, 0.0, 0.0, 0.0, 0.0, 126.4518871146322, 0.0, 0.0, 0.0, 0.0, 0.0, 0.0, 793.9365435555628, 0.0, 0.0, 0.0, 0.0, 0.0, 0.0, 271.9188716383715, 0.0, 782.7665304250824, 0.0, 279.13173726832315, 0.0, 0.0]
INFORMACIÓN : 6apuestaBundle [812.2387426480036, 799.2602194053385, 793.9365435555628, 267.1482949958595, 170.59861128071094]
INFORMACIÓN : 6positionsBundle [1707, 1616, 1820, 1281, 716]
INFORMACIÓN : 6levelsBundle [3, 3, 3, 2, 1]
INFORMACIÓN : 6positionsOrdered [1707, 1616, 1820, 1281, 716]
INFORMACIÓN : 6levelsOrdered [3, 3, 3, 2, 1]
INFORMACIÓN : 6partialityOrdered [3, 3, 3, 2, 1]
INFORMACIÓN : 6arrivalTimes [1.0043530575151716, 10.223897514808058, 15.880751764300438, 54.736920424814315, 73.33799566255259]
INFORMACIÓN : 7historia0[0.0, 0.0, 0.0, 0.0, 0.0, 0.0, 0.0, 0.0, 0.0, 0.0, 0.0, 0.0, 0.0, 0.0, 0.0, 803.3400396790485, 0.0, 0.0, 0.0, 0.0, 0.0, 0.0, 0.0, 787.4490116878417, 0.0, 0.0, 0.0, 0.0, 271.1143586238031, 0.0, 0.0, 0.0, 0.0, 0.0, 0.0, 0.0, 262.77732264853665, 0.0, 0.0, 0.0, 0.0, 0.0, 0.0, 775.2371611759978, 0.0, 0.0, 0.0, 0.0, 0.0, 0.0, 159.95490248532775, 0.0, 0.0, 292.09464373722835, 0.0, 0.0, 772.1524344392766, 0.0, 0.0, 195.2752789906408, 0.0, 0.0, 791.8167017547694, 0.0, 812.2387426480036, 267.1482949958595, 0.0, 255.68267086498892, 0.0, 0.0, 0.0, 157.60136768574284, 799.2602194053385, 269.7297969782022, 0.0, 0.0, 0.0, 0.0, 0.0, 258.36642880226026, 809.0642358671976, 0.0, 153.97295090332906, 0.0, 270.6942945827235, 0.0, 0.0, 0.0, 0.0, 51.656755424389374, 0.0, 0.0, 0.0, 0.0, 0.0, 0.0, 0.0, 0.0, 0.0, 787.619629294843, 0.0, 0.0, 0.0, 767.900692456592, 0.0, 161.02134586789816, 158.98253829239184, 0.0, 0.0, 0.0, 0.0, 798.1637235097055, 0.0, 0.0, 0.0, 0.0, 0.0, 0.0, 0.0, 284.72837028472395, 0.0, 89.08478019065095, 0.0, 0.0, 0.0, 0.0, 0.0, 800.9501213478989, 0.0, 0.0, 0.0, 241.0695697257388, 0.0, 0.0, 0.0, 0.0, 190.56807571439163, 0.0, 170.59861128071094, 0.0, 0.0, 0.0, 0.0, 0.0, 0.0, 0.0, 0.0, 0.0, 0.0, 126.4518871146322, 0.0, 0.0, 0.0, 0.0, 0.0, 0.0, 793.9365435555628, 0.0, 0.0, 0.0, 0.0, 0.0, 0.0, 271.9188716383715, 0.0, 782.7665304250824, 0.0, 279.13173726832315, 0.0, 0.0]
INFORMACIÓN : 7apuestaBundle [812.2387426480036, 799.2602194053385, 793.9365435555628, 267.1482949958595, 170.59861128071094]
INFORMACIÓN : 7positionsBundle [1707, 1616, 1820, 1281, 716]
INFORMACIÓN : 7levelsBundle [3, 3, 3, 2, 1]
INFORMACIÓN : 7positionsOrdered [1707, 1616, 1820, 1281, 716]
INFORMACIÓN : 7levelsOrdered [3, 3, 3, 2, 1]
INFORMACIÓN : 7partialityOrdered [3, 3, 3, 2, 1]
INFORMACIÓN : 7arrivalTimes [1.0043530575151716, 10.223897514808058, 15.880751764300438, 54.736920424814315, 73.33799566255259]
INFORMACIÓN : 8historia0[0.0, 0.0, 0.0, 0.0, 0.0, 0.0, 0.0, 0.0, 0.0, 0.0, 0.0, 0.0, 0.0, 0.0, 0.0, 803.3400396790485, 0.0, 0.0, 0.0, 0.0, 0.0, 0.0, 0.0, 787.4490116878417, 0.0, 0.0, 0.0, 0.0, 271.1143586238031, 0.0, 0.0, 0.0, 0.0, 0.0, 0.0, 0.0, 262.77732264853665, 0.0, 0.0, 0.0, 0.0, 0.0, 0.0, 775.2371611759978, 0.0, 0.0, 0.0, 0.0, 0.0, 0.0, 159.95490248532775, 0.0, 0.0, 292.09464373722835, 0.0, 0.0, 772.1524344392766, 0.0, 0.0, 195.2752789906408, 0.0, 0.0, 791.8167017547694, 0.0, 812.2387426480036, 267.1482949958595, 0.0, 255.68267086498892, 0.0, 0.0, 0.0, 157.60136768574284, 799.2602194053385, 269.7297969782022, 0.0, 0.0, 0.0, 0.0, 0.0, 258.36642880226026, 809.0642358671976, 0.0, 153.97295090332906, 0.0, 270.6942945827235, 0.0, 0.0, 0.0, 0.0, 51.656755424389374, 0.0, 0.0, 0.0, 0.0, 0.0, 0.0, 0.0, 0.0, 0.0, 787.619629294843, 0.0, 0.0, 0.0, 767.900692456592, 0.0, 161.02134586789816, 158.98253829239184, 0.0, 0.0, 0.0, 0.0, 798.1637235097055, 0.0, 0.0, 0.0, 0.0, 0.0, 0.0, 0.0, 284.72837028472395, 0.0, 89.08478019065095, 0.0, 0.0, 0.0, 0.0, 0.0, 800.9501213478989, 0.0, 0.0, 0.0, 241.0695697257388, 0.0, 0.0, 0.0, 0.0, 190.56807571439163, 0.0, 170.59861128071094, 0.0, 0.0, 0.0, 0.0, 0.0, 0.0, 0.0, 0.0, 0.0, 0.0, 126.4518871146322, 0.0, 0.0, 0.0, 0.0, 0.0, 0.0, 793.9365435555628, 0.0, 0.0, 0.0, 0.0, 0.0, 0.0, 271.9188716383715, 0.0, 782.7665304250824, 0.0, 279.13173726832315, 0.0, 0.0]
INFORMACIÓN : 8apuestaBundle [812.2387426480036, 799.2602194053385, 793.9365435555628, 267.1482949958595, 170.59861128071094]
INFORMACIÓN : 8positionsBundle [1707, 1616, 1820, 1281, 716]
INFORMACIÓN : 8levelsBundle [3, 3, 3, 2, 1]
INFORMACIÓN : 8positionsOrdered [1707, 1616, 1820, 1281, 716]
INFORMACIÓN : 8levelsOrdered [3, 3, 3, 2, 1]
INFORMACIÓN : 8partialityOrdered [3, 3, 3, 2, 1]
INFORMACIÓN : 8arrivalTimes [1.0043530575151716, 10.223897514808058, 15.880751764300438, 54.736920424814315, 73.33799566255259]
INFORMACIÓN : depSat position 1707 level 3
INFORMACIÓN : depSat position 1616 level 3
INFORMACIÓN : depSat position 1820 level 3
INFORMACIÓN : I [AB]; lost Test.myBail@3fb5d3d7; POS 1707; sensors [IR, MW]; level 3 I paid 812.2387426480036in favour ofnull paid 812.2387426480036
INFORMACIÓN : 9historia0[0.0, 0.0, 0.0, 0.0, 0.0, 0.0, 0.0, 0.0, 0.0, 0.0, 0.0, 0.0, 0.0, 0.0, 0.0, 803.3400396790485, 0.0, 0.0, 0.0, 0.0, 0.0, 0.0, 0.0, 787.4490116878417, 0.0, 0.0, 0.0, 0.0, 271.1143586238031, 0.0, 0.0, 0.0, 0.0, 0.0, 0.0, 0.0, 262.77732264853665, 0.0, 0.0, 0.0, 0.0, 0.0, 0.0, 775.2371611759978, 0.0, 0.0, 0.0, 0.0, 0.0, 0.0, 0.0, 0.0, 0.0, 292.09464373722835, 0.0, 0.0, 772.1524344392766, 0.0, 0.0, 195.2752789906408, 0.0, 0.0, 791.8167017547694, 0.0, 0.0, 0.0, 0.0, 255.68267086498892, 0.0, 0.0, 0.0, 0.0, 0.0, 269.7297969782022, 0.0, 0.0, 0.0, 0.0, 0.0, 258.36642880226026, 0.0, 0.0, 0.0, 0.0, 270.6942945827235, 0.0, 0.0, 0.0, 0.0, 51.656755424389374, 0.0, 0.0, 0.0, 0.0, 0.0, 0.0, 0.0, 0.0, 0.0, 787.619629294843, 0.0, 0.0, 0.0, 0.0, 0.0, 0.0, 0.0, 0.0, 0.0, 0.0, 0.0, 0.0, 0.0, 0.0, 0.0, 0.0, 0.0, 0.0, 0.0, 284.72837028472395, 0.0, 89.08478019065095, 0.0, 0.0, 0.0, 0.0, 0.0, 0.0, 0.0, 0.0, 0.0, 0.0, 0.0, 0.0, 0.0, 0.0, 190.56807571439163, 0.0, 0.0, 0.0, 0.0, 0.0, 0.0, 0.0, 0.0, 0.0, 0.0, 0.0, 0.0, 126.4518871146322, 0.0, 0.0, 0.0, 0.0, 0.0, 0.0, 0.0, 0.0, 0.0, 0.0, 0.0, 0.0, 0.0, 271.9188716383715, 0.0, 782.7665304250824, 0.0, 279.13173726832315, 0.0, 0.0]
INFORMACIÓN : 9apuestaBundle [812.2387426480036, 799.2602194053385, 793.9365435555628, 779.0723752730842, 777.0271995929622]
INFORMACIÓN : 9positionsBundle [1707, 1616, 1820, 1630, 1280]
INFORMACIÓN : 9levelsBundle [3, 3, 3, 3, 3]
INFORMACIÓN : 9positionsOrdered [1707, 1616, 1820, 1280, 1630]
INFORMACIÓN : 9levelsOrdered [3, 3, 3, 3, 3]
INFORMACIÓN : 9partialityOrdered [3, 3, 3, 3, 3]
INFORMACIÓN : 9arrivalTimes [1.0043530575151716, 10.223897514808058, 15.880751764300438, 32.72793085377222, 39.72793085377222]
INFORMACIÓN : timeSat position 1630 level 3
INFORMACIÓN : I [AB]; lost Test.myBail@fa25e41; POS 1630; sensors [IR, MW]; level 3 I paid 779.0723752730842in favour ofnull paid 779.0723752730842
INFORMACIÓN : 10historia0[0.0, 0.0, 0.0, 0.0, 0.0, 0.0, 0.0, 0.0, 0.0, 0.0, 0.0, 0.0, 0.0, 0.0, 0.0, 0.0, 0.0, 0.0, 0.0, 0.0, 0.0, 0.0, 0.0, 0.0, 0.0, 0.0, 0.0, 0.0, 0.0, 0.0, 0.0, 0.0, 0.0, 0.0, 0.0, 0.0, 0.0, 0.0, 0.0, 0.0, 0.0, 0.0, 0.0, 775.2371611759978, 0.0, 0.0, 0.0, 0.0, 0.0, 0.0, 0.0, 0.0, 0.0, 0.0, 0.0, 0.0, 0.0, 0.0, 0.0, 0.0, 0.0, 0.0, 0.0, 0.0, 812.2387426480036, 0.0, 0.0, 0.0, 0.0, 0.0, 0.0, 0.0, 799.2602194053385, 0.0, 0.0, 0.0, 0.0, 0.0, 0.0, 258.36642880226026, 809.0642358671976, 0.0, 0.0, 0.0, 0.0, 0.0, 0.0, 0.0, 0.0, 0.0, 0.0, 0.0, 0.0, 0.0, 0.0, 0.0, 759.468615450553, 0.0, 0.0, 787.619629294843, 0.0, 0.0, 0.0, 767.7286008536003, 0.0, 0.0, 0.0, 0.0, 0.0, 0.0, 0.0, 0.0, 0.0, 0.0, 0.0, 0.0, 167.84817459010856, 0.0, 0.0, 0.0, 0.0, 0.0, 0.0, 0.0, 0.0, 0.0, 0.0, 800.9501213478989, 0.0, 0.0, 0.0, 0.0, 0.0, 0.0, 0.0, 0.0, 0.0, 0.0, 0.0, 0.0, 0.0, 0.0, 0.0, 0.0, 0.0, 0.0, 0.0, 0.0, 0.0, 0.0, 0.0, 0.0, 0.0, 0.0, 0.0, 0.0, 793.9365435555628, 0.0, 0.0, 0.0, 0.0, 0.0, 0.0, 0.0, 0.0, 0.0, 0.0, 0.0, 0.0, 0.0]
INFORMACIÓN : 10apuestaBundle [812.2387426480036, 799.2602194053385, 793.9365435555628, 775.6087844119361, 768.5335744465737]
INFORMACIÓN : 10positionsBundle [1707, 1616, 1820, 1028, 1838]
INFORMACIÓN : 10levelsBundle [3, 3, 3, 3, 3]
INFORMACIÓN : 10positionsOrdered [1707, 1616, 1820, 1028, 1838]
INFORMACIÓN : 10levelsOrdered [3, 3, 3, 3, 3]
INFORMACIÓN : 10partialityOrdered [3, 3, 3, 3, 3]
INFORMACIÓN : 10arrivalTimes [1.0043530575151716, 10.223897514808058, 15.880751764300438, 33.76929558429876, 52.63725784841196]
INFORMACIÓN : timeSat position 1028 level 3
INFORMACIÓN : timeSat position 1838 level 3
INFORMACIÓN : I [AB]; lost Test.myBail@536cbf27; POS 1028; sensors [IR, MW]; level 3 I paid 775.6087844119361in favour ofnull paid 775.6087844119361
INFORMACIÓN : 11historia0[0.0, 0.0, 0.0, 0.0, 0.0, 0.0, 0.0, 0.0, 0.0, 0.0, 0.0, 0.0, 0.0, 0.0, 0.0, 803.3400396790485, 0.0, 0.0, 0.0, 0.0, 0.0, 0.0, 0.0, 787.6117352694845, 0.0, 0.0, 0.0, 0.0, 0.0, 0.0, 0.0, 0.0, 0.0, 0.0, 0.0, 0.0, 287.523349039167, 0.0, 0.0, 0.0, 0.0, 0.0, 0.0, 0.0, 0.0, 0.0, 0.0, 0.0, 0.0, 0.0, 0.0, 0.0, 0.0, 292.09464373722835, 0.0, 0.0, 0.0, 0.0, 0.0, 0.0, 0.0, 0.0, 791.9795790006347, 0.0, 812.2387426480036, 0.0, 0.0, 0.0, 0.0, 0.0, 0.0, 0.0, 799.2602194053385, 269.7297969782022, 0.0, 0.0, 0.0, 0.0, 0.0, 258.36642880226026, 809.0642358671976, 0.0, 0.0, 0.0, 270.6942945827235, 0.0, 0.0, 0.0, 0.0, 0.0, 0.0, 0.0, 0.0, 0.0, 0.0, 0.0, 762.8400781254575, 0.0, 0.0, 787.619629294843, 0.0, 0.0, 0.0, 767.7286008536003, 0.0, 0.0, 0.0, 0.0, 0.0, 0.0, 0.0, 0.0, 0.0, 0.0, 0.0, 0.0, 0.0, 0.0, 0.0, 0.0, 0.0, 0.0, 0.0, 0.0, 0.0, 0.0, 0.0, 800.9501213478989, 0.0, 0.0, 0.0, 0.0, 0.0, 0.0, 0.0, 0.0, 0.0, 0.0, 0.0, 769.4673968949867, 0.0, 0.0, 0.0, 0.0, 0.0, 0.0, 0.0, 0.0, 0.0, 0.0, 0.0, 0.0, 0.0, 0.0, 0.0, 0.0, 793.9365435555628, 0.0, 0.0, 0.0, 0.0, 0.0, 0.0, 271.9188716383715, 0.0, 797.1804215813274, 0.0, 0.0, 0.0, 0.0]
INFORMACIÓN : 11apuestaBundle [812.2387426480036, 799.2602194053385, 793.9365435555628, 266.22425716779253, 186.26731565000682]
INFORMACIÓN : 11positionsBundle [1707, 1616, 1820, 1933, 2161]
INFORMACIÓN : 11levelsBundle [3, 3, 3, 2, 3]
INFORMACIÓN : 11positionsOrdered [1707, 1616, 1820, 1933, 2161]
INFORMACIÓN : 11levelsOrdered [3, 3, 3, 2, 3]
INFORMACIÓN : 11partialityOrdered [3, 3, 3, 2, 3]
INFORMACIÓN : 11arrivalTimes [1.0043530575151716, 10.223897514808058, 15.880751764300438, 29.033698202266343, 51.594726547623296]
INFORMACIÓN : I [AB]; lost Test.myBail@32e9ca3e; POS 2161; sensors [IR, MW]; level 3 I paid 186.26731565000682in favour of24@(myturtles,myturtles,bug)@MK-18426 paid 193.09558821189506
INFORMACIÓN : 12historia0[0.0, 0.0, 0.0, 0.0, 266.22425716779253, 0.0, 0.0, 0.0, 0.0, 0.0, 0.0, 0.0, 0.0, 0.0, 0.0, 803.3400396790485, 0.0, 0.0, 0.0, 0.0, 0.0, 0.0, 0.0, 787.6117352694845, 0.0, 0.0, 0.0, 0.0, 0.0, 0.0, 0.0, 0.0, 0.0, 0.0, 0.0, 0.0, 287.523349039167, 0.0, 0.0, 0.0, 0.0, 0.0, 0.0, 0.0, 0.0, 0.0, 0.0, 0.0, 0.0, 0.0, 0.0, 0.0, 0.0, 292.09464373722835, 0.0, 0.0, 772.3151951772525, 0.0, 275.6085162473689, 0.0, 0.0, 0.0, 795.02027163655, 0.0, 812.2387426480036, 0.0, 0.0, 0.0, 0.0, 0.0, 0.0, 0.0, 799.2602194053385, 269.7297969782022, 0.0, 0.0, 0.0, 0.0, 0.0, 258.36642880226026, 809.0642358671976, 0.0, 0.0, 0.0, 270.6942945827235, 0.0, 0.0, 0.0, 0.0, 43.0736473913944, 0.0, 0.0, 0.0, 0.0, 0.0, 0.0, 762.8400781254575, 0.0, 0.0, 787.619629294843, 0.0, 0.0, 0.0, 767.7286008536003, 0.0, 161.19343747088988, 0.0, 0.0, 0.0, 0.0, 0.0, 0.0, 0.0, 0.0, 0.0, 0.0, 0.0, 0.0, 0.0, 0.0, 0.0, 56.15060400616193, 0.0, 0.0, 0.0, 0.0, 0.0, 800.9501213478989, 0.0, 0.0, 0.0, 0.0, 0.0, 0.0, 0.0, 0.0, 193.09558821189506, 0.0, 0.0, 769.4673968949867, 0.0, 0.0, 0.0, 0.0, 768.763868595669, 0.0, 0.0, 0.0, 0.0, 0.0, 0.0, 0.0, 0.0, 0.0, 0.0, 0.0, 793.9365435555628, 0.0, 0.0, 0.0, 0.0, 0.0, 0.0, 271.9188716383715, 0.0, 797.1804215813274, 0.0, 0.0, 0.0, 0.0]
INFORMACIÓN : 12apuestaBundle [812.2387426480036, 799.2602194053385, 793.9365435555628, 266.22425716779253, 170.59861128071094]
INFORMACIÓN : 12positionsBundle [1707, 1616, 1820, 1933, 716]
INFORMACIÓN : 12levelsBundle [3, 3, 3, 2, 1]
INFORMACIÓN : 12positionsOrdered [1707, 1616, 1820, 1933, 716]
INFORMACIÓN : 12levelsOrdered [3, 3, 3, 2, 1]
INFORMACIÓN : 12partialityOrdered [3, 3, 3, 2, 1]
INFORMACIÓN : 12arrivalTimes [1.0043530575151716, 10.223897514808058, 15.880751764300438, 29.033698202266343, 58.44458054197183]
INFORMACIÓN : 13historia0[0.0, 0.0, 0.0, 0.0, 266.22425716779253, 0.0, 0.0, 0.0, 0.0, 0.0, 0.0, 0.0, 0.0, 0.0, 0.0, 803.3400396790485, 0.0, 0.0, 0.0, 0.0, 0.0, 0.0, 0.0, 787.6117352694845, 0.0, 0.0, 0.0, 0.0, 281.15840206935377, 0.0, 0.0, 0.0, 0.0, 0.0, 0.0, 0.0, 287.523349039167, 0.0, 0.0, 0.0, 0.0, 0.0, 0.0, 0.0, 0.0, 0.0, 0.0, 0.0, 0.0, 0.0, 0.0, 0.0, 0.0, 292.09464373722835, 0.0, 0.0, 772.3151951772525, 0.0, 275.6085162473689, 195.2752789906408, 0.0, 0.0, 795.02027163655, 0.0, 812.2387426480036, 0.0, 0.0, 0.0, 0.0, 0.0, 0.0, 176.88607863499556, 799.2602194053385, 269.7297969782022, 0.0, 0.0, 0.0, 0.0, 0.0, 258.36642880226026, 809.0642358671976, 0.0, 0.0, 0.0, 270.6942945827235, 0.0, 0.0, 0.0, 0.0, 0.0, 0.0, 0.0, 0.0, 0.0, 0.0, 0.0, 762.8400781254575, 0.0, 0.0, 787.619629294843, 0.0, 0.0, 0.0, 767.7286008536003, 0.0, 161.19343747088988, 171.1989213786345, 0.0, 0.0, 0.0, 0.0, 0.0, 0.0, 0.0, 174.8706950164727, 0.0, 0.0, 0.0, 0.0, 285.30403625054237, 0.0, 0.0, 0.0, 0.0, 0.0, 0.0, 0.0, 800.9501213478989, 0.0, 0.0, 0.0, 0.0, 0.0, 0.0, 0.0, 0.0, 193.09558821189506, 0.0, 170.59861128071094, 769.4673968949867, 0.0, 0.0, 0.0, 0.0, 768.763868595669, 0.0, 0.0, 0.0, 0.0, 0.0, 0.0, 0.0, 0.0, 0.0, 0.0, 0.0, 793.9365435555628, 0.0, 0.0, 0.0, 0.0, 0.0, 0.0, 271.9188716383715, 0.0, 797.1804215813274, 0.0, 0.0, 0.0, 0.0]
INFORMACIÓN : 13apuestaBundle [812.2387426480036, 799.2602194053385, 793.9365435555628, 266.22425716779253, 170.59861128071094]
INFORMACIÓN : 13positionsBundle [1707, 1616, 1820, 1933, 716]
INFORMACIÓN : 13levelsBundle [3, 3, 3, 2, 1]
INFORMACIÓN : 13positionsOrdered [1707, 1616, 1820, 1933, 716]
INFORMACIÓN : 13levelsOrdered [3, 3, 3, 2, 1]
INFORMACIÓN : 13partialityOrdered [3, 3, 3, 2, 1]
INFORMACIÓN : 13arrivalTimes [1.0043530575151716, 10.223897514808058, 15.880751764300438, 29.033698202266343, 58.44458054197183]
INFORMACIÓN : I [AB]; lost Test.myBail@48d01a0a; POS 716; sensors []; level 1 I paid 170.59861128071094in favour of27@(myturtles,myturtles,bug)@MK-18426 paid 176.99985492770054
INFORMACIÓN : 14historia0[0.0, 0.0, 0.0, 0.0, 266.22425716779253, 0.0, 0.0, 0.0, 0.0, 0.0, 0.0, 0.0, 0.0, 0.0, 0.0, 803.3400396790485, 0.0, 0.0, 0.0, 0.0, 0.0, 0.0, 0.0, 787.6117352694845, 0.0, 0.0, 0.0, 0.0, 281.15840206935377, 0.0, 0.0, 0.0, 0.0, 0.0, 0.0, 0.0, 287.523349039167, 0.0, 0.0, 0.0, 0.0, 0.0, 0.0, 0.0, 0.0, 0.0, 0.0, 0.0, 0.0, 0.0, 0.0, 0.0, 0.0, 292.09464373722835, 0.0, 0.0, 772.3151951772525, 0.0, 275.6085162473689, 195.2752789906408, 0.0, 0.0, 795.02027163655, 0.0, 812.2387426480036, 0.0, 0.0, 0.0, 0.0, 0.0, 0.0, 176.88607863499556, 799.2602194053385, 269.7297969782022, 0.0, 0.0, 0.0, 0.0, 0.0, 258.36642880226026, 809.0642358671976, 0.0, 147.73489957495525, 0.0, 270.6942945827235, 0.0, 0.0, 0.0, 0.0, 51.656755424389374, 0.0, 0.0, 0.0, 0.0, 0.0, 0.0, 762.8400781254575, 0.0, 0.0, 787.619629294843, 0.0, 0.0, 0.0, 767.7286008536003, 0.0, 161.19343747088988, 171.1989213786345, 0.0, 0.0, 0.0, 0.0, 0.0, 0.0, 0.0, 174.8706950164727, 0.0, 0.0, 0.0, 0.0, 285.30403625054237, 0.0, 0.0, 0.0, 0.0, 0.0, 0.0, 0.0, 800.9501213478989, 0.0, 0.0, 0.0, 0.0, 0.0, 0.0, 0.0, 0.0, 193.09558821189506, 0.0, 176.99985492770054, 769.4673968949867, 0.0, 0.0, 0.0, 0.0, 768.763868595669, 0.0, 0.0, 0.0, 0.0, 126.4518871146322, 0.0, 0.0, 0.0, 0.0, 0.0, 0.0, 793.9365435555628, 0.0, 0.0, 0.0, 0.0, 0.0, 0.0, 271.9188716383715, 0.0, 797.1804215813274, 0.0, 0.0, 0.0, 0.0]
INFORMACIÓN : 14apuestaBundle [812.2387426480036, 799.2602194053385, 793.9365435555628, 266.22425716779253, 75.5268018979126]
INFORMACIÓN : 14positionsBundle [1707, 1616, 1820, 1933, 859]
INFORMACIÓN : 14levelsBundle [3, 3, 3, 2, 2]
INFORMACIÓN : 14positionsOrdered [1707, 1616, 1820, 1933, 859]
INFORMACIÓN : 14levelsOrdered [3, 3, 3, 2, 2]
INFORMACIÓN : 14partialityOrdered [3, 3, 3, 2, 2]
INFORMACIÓN : 14arrivalTimes [1.0043530575151716, 10.223897514808058, 15.880751764300438, 29.033698202266343, 60.9241356404703]
INFORMACIÓN : 15historia0[0.0, 0.0, 0.0, 0.0, 266.22425716779253, 0.0, 0.0, 0.0, 0.0, 0.0, 0.0, 0.0, 0.0, 0.0, 0.0, 803.3400396790485, 0.0, 0.0, 0.0, 0.0, 0.0, 0.0, 0.0, 787.6117352694845, 0.0, 0.0, 0.0, 0.0, 281.15840206935377, 0.0, 0.0, 0.0, 0.0, 0.0, 0.0, 0.0, 287.523349039167, 0.0, 0.0, 0.0, 0.0, 0.0, 0.0, 0.0, 0.0, 0.0, 0.0, 0.0, 0.0, 0.0, 0.0, 0.0, 0.0, 292.09464373722835, 0.0, 0.0, 772.3151951772525, 0.0, 275.6085162473689, 195.2752789906408, 0.0, 0.0, 795.02027163655, 0.0, 812.2387426480036, 0.0, 0.0, 0.0, 0.0, 0.0, 0.0, 176.88607863499556, 799.2602194053385, 269.7297969782022, 0.0, 0.0, 0.0, 0.0, 0.0, 258.36642880226026, 809.0642358671976, 0.0, 147.73489957495525, 0.0, 270.6942945827235, 0.0, 0.0, 0.0, 0.0, 51.656755424389374, 0.0, 0.0, 0.0, 0.0, 0.0, 0.0, 762.8400781254575, 0.0, 0.0, 787.619629294843, 0.0, 0.0, 0.0, 767.7286008536003, 0.0, 161.19343747088988, 171.1989213786345, 0.0, 0.0, 0.0, 0.0, 0.0, 0.0, 0.0, 174.8706950164727, 0.0, 0.0, 0.0, 0.0, 285.30403625054237, 0.0, 75.5268018979126, 0.0, 0.0, 0.0, 0.0, 0.0, 800.9501213478989, 0.0, 0.0, 0.0, 0.0, 0.0, 0.0, 0.0, 0.0, 193.09558821189506, 0.0, 176.99985492770054, 769.4673968949867, 0.0, 0.0, 0.0, 0.0, 768.763868595669, 0.0, 0.0, 0.0, 0.0, 126.4518871146322, 0.0, 0.0, 0.0, 0.0, 0.0, 0.0, 793.9365435555628, 0.0, 0.0, 0.0, 0.0, 0.0, 0.0, 271.9188716383715, 0.0, 797.1804215813274, 0.0, 0.0, 0.0, 0.0]
INFORMACIÓN : 15apuestaBundle [812.2387426480036, 799.2602194053385, 793.9365435555628, 266.22425716779253, 75.5268018979126]
INFORMACIÓN : 15positionsBundle [1707, 1616, 1820, 1933, 859]
INFORMACIÓN : 15levelsBundle [3, 3, 3, 2, 2]
INFORMACIÓN : 15positionsOrdered [1707, 1616, 1820, 1933, 859]
INFORMACIÓN : 15levelsOrdered [3, 3, 3, 2, 2]
INFORMACIÓN : 15partialityOrdered [3, 3, 3, 2, 2]
INFORMACIÓN : 15arrivalTimes [1.0043530575151716, 10.223897514808058, 15.880751764300438, 29.033698202266343, 60.9241356404703]
INFORMACIÓN : 16historia0[0.0, 0.0, 0.0, 0.0, 266.22425716779253, 0.0, 0.0, 0.0, 0.0, 0.0, 0.0, 0.0, 0.0, 0.0, 0.0, 803.3400396790485, 0.0, 0.0, 0.0, 0.0, 0.0, 0.0, 0.0, 787.6117352694845, 0.0, 0.0, 0.0, 0.0, 281.15840206935377, 0.0, 0.0, 0.0, 0.0, 0.0, 0.0, 0.0, 287.523349039167, 0.0, 0.0, 0.0, 0.0, 0.0, 0.0, 0.0, 0.0, 0.0, 0.0, 0.0, 0.0, 0.0, 0.0, 0.0, 0.0, 292.09464373722835, 0.0, 0.0, 772.3151951772525, 0.0, 275.6085162473689, 195.2752789906408, 0.0, 0.0, 795.02027163655, 0.0, 812.2387426480036, 0.0, 0.0, 0.0, 0.0, 0.0, 0.0, 176.88607863499556, 799.2602194053385, 269.7297969782022, 0.0, 0.0, 0.0, 0.0, 0.0, 258.36642880226026, 809.0642358671976, 0.0, 147.73489957495525, 0.0, 270.6942945827235, 0.0, 0.0, 0.0, 0.0, 51.656755424389374, 0.0, 0.0, 0.0, 0.0, 0.0, 0.0, 762.8400781254575, 0.0, 0.0, 787.619629294843, 0.0, 0.0, 0.0, 767.7286008536003, 0.0, 161.19343747088988, 171.1989213786345, 0.0, 0.0, 0.0, 0.0, 0.0, 0.0, 0.0, 174.8706950164727, 0.0, 0.0, 0.0, 0.0, 285.30403625054237, 0.0, 75.5268018979126, 0.0, 0.0, 0.0, 0.0, 0.0, 800.9501213478989, 0.0, 0.0, 0.0, 0.0, 0.0, 0.0, 0.0, 0.0, 193.09558821189506, 0.0, 176.99985492770054, 769.4673968949867, 0.0, 0.0, 0.0, 0.0, 768.763868595669, 0.0, 0.0, 0.0, 0.0, 126.4518871146322, 0.0, 0.0, 0.0, 0.0, 0.0, 0.0, 793.9365435555628, 0.0, 0.0, 0.0, 0.0, 0.0, 0.0, 271.9188716383715, 0.0, 797.1804215813274, 0.0, 0.0, 0.0, 0.0]
INFORMACIÓN : 16apuestaBundle [812.2387426480036, 799.2602194053385, 793.9365435555628, 266.22425716779253, 75.5268018979126]
INFORMACIÓN : 16positionsBundle [1707, 1616, 1820, 1933, 859]
INFORMACIÓN : 16levelsBundle [3, 3, 3, 2, 2]
INFORMACIÓN : 16positionsOrdered [1707, 1616, 1820, 1933, 859]
INFORMACIÓN : 16levelsOrdered [3, 3, 3, 2, 2]
INFORMACIÓN : 16partialityOrdered [3, 3, 3, 2, 2]
INFORMACIÓN : 16arrivalTimes [1.0043530575151716, 10.223897514808058, 15.880751764300438, 29.033698202266343, 60.9241356404703]
INFORMACIÓN : 17historia0[0.0, 0.0, 0.0, 0.0, 266.22425716779253, 0.0, 0.0, 0.0, 0.0, 0.0, 0.0, 0.0, 0.0, 0.0, 0.0, 803.3400396790485, 0.0, 0.0, 0.0, 0.0, 0.0, 0.0, 0.0, 787.6117352694845, 0.0, 0.0, 0.0, 0.0, 281.15840206935377, 0.0, 0.0, 0.0, 0.0, 0.0, 0.0, 0.0, 287.523349039167, 0.0, 0.0, 0.0, 0.0, 0.0, 0.0, 0.0, 0.0, 0.0, 0.0, 0.0, 0.0, 0.0, 0.0, 0.0, 0.0, 292.09464373722835, 0.0, 0.0, 772.3151951772525, 0.0, 275.6085162473689, 195.2752789906408, 0.0, 0.0, 795.02027163655, 0.0, 812.2387426480036, 0.0, 0.0, 0.0, 0.0, 0.0, 0.0, 176.88607863499556, 799.2602194053385, 269.7297969782022, 0.0, 0.0, 0.0, 0.0, 0.0, 258.36642880226026, 809.0642358671976, 0.0, 147.73489957495525, 0.0, 270.6942945827235, 0.0, 0.0, 0.0, 0.0, 51.656755424389374, 0.0, 0.0, 0.0, 0.0, 0.0, 0.0, 762.8400781254575, 0.0, 0.0, 787.619629294843, 0.0, 0.0, 0.0, 767.7286008536003, 0.0, 161.19343747088988, 171.1989213786345, 0.0, 0.0, 0.0, 0.0, 0.0, 0.0, 0.0, 174.8706950164727, 0.0, 0.0, 0.0, 0.0, 285.30403625054237, 0.0, 75.5268018979126, 0.0, 0.0, 0.0, 0.0, 0.0, 800.9501213478989, 0.0, 0.0, 0.0, 0.0, 0.0, 0.0, 0.0, 0.0, 193.09558821189506, 0.0, 176.99985492770054, 769.4673968949867, 0.0, 0.0, 0.0, 0.0, 768.763868595669, 0.0, 0.0, 0.0, 0.0, 126.4518871146322, 0.0, 0.0, 0.0, 0.0, 0.0, 0.0, 793.9365435555628, 0.0, 0.0, 0.0, 0.0, 0.0, 0.0, 271.9188716383715, 0.0, 797.1804215813274, 0.0, 0.0, 0.0, 0.0]
INFORMACIÓN : 17apuestaBundle [812.2387426480036, 799.2602194053385, 793.9365435555628, 266.22425716779253, 75.5268018979126]
INFORMACIÓN : 17positionsBundle [1707, 1616, 1820, 1933, 859]
INFORMACIÓN : 17levelsBundle [3, 3, 3, 2, 2]
INFORMACIÓN : 17positionsOrdered [1707, 1616, 1820, 1933, 859]
INFORMACIÓN : 17levelsOrdered [3, 3, 3, 2, 2]
INFORMACIÓN : 17partialityOrdered [3, 3, 3, 2, 2]
INFORMACIÓN : 17arrivalTimes [1.0043530575151716, 10.223897514808058, 15.880751764300438, 29.033698202266343, 60.9241356404703]
INFORMACIÓN : depSat position 1707 level 3
INFORMACIÓN : depSat position 1616 level 3
INFORMACIÓN : depSat position 1820 level 3
INFORMACIÓN : I [AB]; lost Test.myBail@3fb5d3d7; POS 1707; sensors [IR, MW]; level 3 I paid 812.2387426480036in favour ofnull paid 812.2387426480036
INFORMACIÓN : 18historia0[0.0, 0.0, 0.0, 0.0, 0.0, 0.0, 0.0, 0.0, 0.0, 0.0, 0.0, 0.0, 0.0, 0.0, 0.0, 803.3400396790485, 0.0, 0.0, 0.0, 0.0, 0.0, 0.0, 0.0, 787.6117352694845, 0.0, 0.0, 0.0, 0.0, 281.15840206935377, 0.0, 0.0, 0.0, 0.0, 0.0, 0.0, 0.0, 287.523349039167, 0.0, 0.0, 0.0, 0.0, 0.0, 0.0, 0.0, 0.0, 0.0, 0.0, 0.0, 0.0, 0.0, 0.0, 0.0, 0.0, 292.09464373722835, 0.0, 0.0, 772.3151951772525, 0.0, 275.6085162473689, 195.2752789906408, 0.0, 0.0, 795.02027163655, 0.0, 0.0, 0.0, 0.0, 0.0, 0.0, 0.0, 0.0, 176.88607863499556, 0.0, 269.7297969782022, 0.0, 0.0, 0.0, 0.0, 0.0, 258.36642880226026, 0.0, 0.0, 147.73489957495525, 0.0, 270.6942945827235, 0.0, 0.0, 0.0, 0.0, 51.656755424389374, 0.0, 0.0, 0.0, 0.0, 0.0, 0.0, 762.8400781254575, 0.0, 0.0, 787.619629294843, 0.0, 0.0, 0.0, 0.0, 0.0, 0.0, 171.1989213786345, 0.0, 0.0, 0.0, 0.0, 0.0, 0.0, 0.0, 174.8706950164727, 0.0, 0.0, 0.0, 0.0, 285.30403625054237, 0.0, 0.0, 0.0, 0.0, 0.0, 0.0, 0.0, 0.0, 0.0, 0.0, 0.0, 0.0, 0.0, 0.0, 0.0, 0.0, 193.09558821189506, 0.0, 176.99985492770054, 769.4673968949867, 0.0, 0.0, 0.0, 0.0, 768.763868595669, 0.0, 0.0, 0.0, 0.0, 126.4518871146322, 0.0, 0.0, 0.0, 0.0, 0.0, 0.0, 0.0, 0.0, 0.0, 0.0, 0.0, 0.0, 0.0, 271.9188716383715, 0.0, 797.1804215813274, 0.0, 0.0, 0.0, 0.0]
INFORMACIÓN : 18apuestaBundle [812.2387426480036, 799.2602194053385, 793.9365435555628, 779.0933369155113, 777.10859822797]
INFORMACIÓN : 18positionsBundle [1707, 1616, 1820, 1630, 1280]
INFORMACIÓN : 18levelsBundle [3, 3, 3, 3, 3]
INFORMACIÓN : 18positionsOrdered [1707, 1616, 1820, 1280, 1630]
INFORMACIÓN : 18levelsOrdered [3, 3, 3, 3, 3]
INFORMACIÓN : 18partialityOrdered [3, 3, 3, 3, 3]
INFORMACIÓN : 18arrivalTimes [1.0043530575151716, 10.223897514808058, 15.880751764300438, 30.746820511618942, 39.21273841180613]
INFORMACIÓN : timeSat position 1630 level 3
INFORMACIÓN : I [AB]; lost Test.myBail@fa25e41; POS 1630; sensors [IR, MW]; level 3 I paid 779.0933369155113in favour ofnull paid 779.0933369155113
INFORMACIÓN : 19historia0[0.0, 0.0, 0.0, 0.0, 0.0, 0.0, 0.0, 0.0, 0.0, 0.0, 0.0, 0.0, 0.0, 0.0, 0.0, 0.0, 0.0, 0.0, 0.0, 0.0, 0.0, 0.0, 0.0, 787.6117352694845, 0.0, 0.0, 0.0, 0.0, 0.0, 0.0, 0.0, 0.0, 0.0, 0.0, 0.0, 0.0, 0.0, 0.0, 0.0, 0.0, 0.0, 0.0, 0.0, 0.0, 0.0, 0.0, 0.0, 0.0, 0.0, 0.0, 0.0, 0.0, 0.0, 0.0, 0.0, 0.0, 0.0, 0.0, 275.6085162473689, 0.0, 0.0, 0.0, 795.02027163655, 0.0, 812.2387426480036, 0.0, 0.0, 241.3255362525665, 0.0, 0.0, 0.0, 176.88607863499556, 799.2602194053385, 0.0, 0.0, 0.0, 0.0, 0.0, 0.0, 0.0, 809.0642358671976, 0.0, 147.73489957495525, 0.0, 0.0, 0.0, 0.0, 0.0, 0.0, 0.0, 0.0, 0.0, 0.0, 0.0, 0.0, 0.0, 762.8400781254575, 0.0, 0.0, 787.619629294843, 0.0, 0.0, 0.0, 767.7495538448957, 0.0, 0.0, 171.1989213786345, 0.0, 0.0, 0.0, 0.0, 0.0, 0.0, 0.0, 174.8706950164727, 0.0, 0.0, 0.0, 0.0, 0.0, 0.0, 0.0, 0.0, 0.0, 0.0, 0.0, 0.0, 800.9501213478989, 0.0, 0.0, 0.0, 240.94846849923852, 0.0, 0.0, 0.0, 0.0, 0.0, 0.0, 0.0, 769.4673968949867, 0.0, 0.0, 0.0, 0.0, 0.0, 0.0, 0.0, 0.0, 0.0, 126.4518871146322, 0.0, 0.0, 0.0, 0.0, 0.0, 0.0, 793.9365435555628, 0.0, 0.0, 0.0, 0.0, 0.0, 0.0, 0.0, 0.0, 0.0, 0.0, 0.0, 0.0, 0.0]
INFORMACIÓN : 19apuestaBundle [812.2387426480036, 799.2602194053385, 793.9365435555628, 767.237573056643, 280.79348251914985]
INFORMACIÓN : 19positionsBundle [1707, 1616, 1820, 1838, 2462]
INFORMACIÓN : 19levelsBundle [3, 3, 3, 3, 2]
INFORMACIÓN : 19positionsOrdered [1707, 1616, 1820, 2462, 1838]
INFORMACIÓN : 19levelsOrdered [3, 3, 3, 2, 3]
INFORMACIÓN : 19partialityOrdered [3, 3, 3, 2, 3]
INFORMACIÓN : 19arrivalTimes [1.0043530575151716, 10.223897514808058, 15.880751764300438, 31.145089286774187, 63.77393079408222]
INFORMACIÓN : 20historia0[0.0, 0.0, 0.0, 0.0, 0.0, 0.0, 0.0, 0.0, 0.0, 0.0, 0.0, 0.0, 0.0, 0.0, 0.0, 803.3400396790485, 0.0, 0.0, 0.0, 0.0, 0.0, 0.0, 0.0, 787.6117352694845, 0.0, 767.237573056643, 0.0, 0.0, 0.0, 0.0, 0.0, 0.0, 0.0, 0.0, 0.0, 0.0, 0.0, 0.0, 0.0, 0.0, 0.0, 0.0, 0.0, 775.3184906440785, 0.0, 0.0, 0.0, 0.0, 0.0, 0.0, 0.0, 0.0, 283.39081773798983, 280.79348251914985, 0.0, 0.0, 0.0, 0.0, 275.6085162473689, 0.0, 0.0, 0.0, 795.02027163655, 0.0, 812.2387426480036, 0.0, 0.0, 0.0, 0.0, 0.0, 0.0, 176.88607863499556, 799.2602194053385, 0.0, 0.0, 0.0, 0.0, 0.0, 0.0, 248.10436622995974, 809.0642358671976, 0.0, 147.73489957495525, 0.0, 0.0, 0.0, 0.0, 0.0, 0.0, 0.0, 0.0, 0.0, 0.0, 0.0, 0.0, 0.0, 762.8400781254575, 0.0, 0.0, 787.619629294843, 0.0, 0.0, 0.0, 781.8668475997827, 0.0, 185.07795159727857, 171.1989213786345, 0.0, 0.0, 0.0, 0.0, 786.328966639679, 0.0, 0.0, 174.8706950164727, 0.0, 184.75566136063935, 0.0, 0.0, 285.30403625054237, 0.0, 0.0, 0.0, 0.0, 0.0, 0.0, 0.0, 800.9501213478989, 0.0, 0.0, 0.0, 0.0, 0.0, 0.0, 0.0, 0.0, 0.0, 0.0, 0.0, 769.4673968949867, 0.0, 0.0, 0.0, 0.0, 0.0, 0.0, 0.0, 0.0, 0.0, 126.4518871146322, 0.0, 0.0, 0.0, 0.0, 0.0, 0.0, 793.9365435555628, 0.0, 0.0, 0.0, 0.0, 0.0, 0.0, 0.0, 0.0, 797.1804215813274, 0.0, 0.0, 0.0, 0.0]
INFORMACIÓN : 20apuestaBundle [812.2387426480036, 799.2602194053385, 793.9365435555628, 767.237573056643, 280.79348251914985]
INFORMACIÓN : 20positionsBundle [1707, 1616, 1820, 1838, 2462]
INFORMACIÓN : 20levelsBundle [3, 3, 3, 3, 2]
INFORMACIÓN : 20positionsOrdered [1707, 1616, 1820, 2462, 1838]
INFORMACIÓN : 20levelsOrdered [3, 3, 3, 2, 3]
INFORMACIÓN : 20partialityOrdered [3, 3, 3, 2, 3]
INFORMACIÓN : 20arrivalTimes [1.0043530575151716, 10.223897514808058, 15.880751764300438, 31.145089286774187, 63.77393079408222]
INFORMACIÓN : 21historia0[0.0, 0.0, 0.0, 0.0, 0.0, 0.0, 0.0, 0.0, 0.0, 0.0, 0.0, 0.0, 0.0, 0.0, 0.0, 803.3400396790485, 0.0, 0.0, 0.0, 0.0, 0.0, 0.0, 0.0, 787.6117352694845, 0.0, 767.237573056643, 0.0, 0.0, 0.0, 0.0, 0.0, 0.0, 0.0, 0.0, 0.0, 0.0, 0.0, 0.0, 0.0, 0.0, 0.0, 0.0, 0.0, 775.3184906440785, 0.0, 0.0, 0.0, 0.0, 0.0, 0.0, 0.0, 0.0, 283.39081773798983, 280.79348251914985, 0.0, 0.0, 772.3151951772525, 0.0, 275.6085162473689, 170.26712942197415, 0.0, 0.0, 795.02027163655, 0.0, 812.2387426480036, 0.0, 0.0, 0.0, 0.0, 0.0, 0.0, 176.88607863499556, 799.2602194053385, 268.53650601979643, 46.147079996177766, 0.0, 0.0, 0.0, 0.0, 248.10436622995974, 809.0642358671976, 0.0, 147.73489957495525, 0.0, 0.0, 0.0, 0.0, 0.0, 0.0, 0.0, 0.0, 0.0, 0.0, 0.0, 0.0, 0.0, 762.8400781254575, 0.0, 0.0, 787.619629294843, 0.0, 0.0, 0.0, 781.8668475997827, 0.0, 185.07795159727857, 171.1989213786345, 0.0, 0.0, 0.0, 0.0, 786.328966639679, 38.73552048489478, 0.0, 174.8706950164727, 0.0, 184.75566136063935, 0.0, 0.0, 285.30403625054237, 0.0, 89.08478019065095, 0.0, 0.0, 0.0, 0.0, 0.0, 800.9501213478989, 0.0, 0.0, 0.0, 0.0, 0.0, 0.0, 0.0, 0.0, 162.2211402843551, 0.0, 180.82874121926454, 769.4673968949867, 0.0, 0.0, 0.0, 0.0, 774.0085222226037, 0.0, 0.0, 0.0, 0.0, 126.4518871146322, 0.0, 0.0, 0.0, 0.0, 0.0, 0.0, 793.9365435555628, 0.0, 0.0, 0.0, 0.0, 0.0, 0.0, 268.6332685915729, 0.0, 797.1804215813274, 0.0, 0.0, 0.0, 0.0]
INFORMACIÓN : 21apuestaBundle [812.2387426480036, 799.2602194053385, 793.9365435555628, 767.237573056643, 280.79348251914985]
INFORMACIÓN : 21positionsBundle [1707, 1616, 1820, 1838, 2462]
INFORMACIÓN : 21levelsBundle [3, 3, 3, 3, 2]
INFORMACIÓN : 21positionsOrdered [1707, 1616, 1820, 2462, 1838]
INFORMACIÓN : 21levelsOrdered [3, 3, 3, 2, 3]
INFORMACIÓN : 21partialityOrdered [3, 3, 3, 2, 3]
INFORMACIÓN : 21arrivalTimes [1.0043530575151716, 10.223897514808058, 15.880751764300438, 31.145089286774187, 63.77393079408222]
INFORMACIÓN : 22historia0[0.0, 0.0, 0.0, 0.0, 0.0, 0.0, 0.0, 0.0, 0.0, 0.0, 0.0, 0.0, 0.0, 0.0, 0.0, 803.3400396790485, 0.0, 0.0, 0.0, 0.0, 0.0, 0.0, 0.0, 787.6117352694845, 0.0, 767.237573056643, 0.0, 0.0, 0.0, 0.0, 0.0, 0.0, 0.0, 0.0, 0.0, 0.0, 0.0, 0.0, 0.0, 0.0, 0.0, 0.0, 0.0, 775.3184906440785, 0.0, 0.0, 0.0, 0.0, 0.0, 0.0, 0.0, 0.0, 283.39081773798983, 280.79348251914985, 0.0, 0.0, 772.3151951772525, 0.0, 275.6085162473689, 170.26712942197415, 0.0, 0.0, 795.02027163655, 0.0, 812.2387426480036, 0.0, 0.0, 0.0, 0.0, 0.0, 0.0, 176.88607863499556, 799.2602194053385, 268.53650601979643, 0.0, 0.0, 0.0, 0.0, 0.0, 248.10436622995974, 809.0642358671976, 0.0, 147.73489957495525, 0.0, 0.0, 0.0, 0.0, 0.0, 0.0, 0.0, 0.0, 0.0, 0.0, 0.0, 0.0, 0.0, 762.8400781254575, 0.0, 0.0, 787.619629294843, 0.0, 0.0, 0.0, 781.8668475997827, 0.0, 185.07795159727857, 171.1989213786345, 0.0, 0.0, 0.0, 0.0, 786.328966639679, 38.73552048489478, 0.0, 174.8706950164727, 0.0, 184.75566136063935, 59.045848834238974, 0.0, 285.30403625054237, 0.0, 0.0, 0.0, 0.0, 0.0, 0.0, 0.0, 800.9501213478989, 0.0, 0.0, 0.0, 0.0, 0.0, 0.0, 0.0, 0.0, 193.33218940126065, 0.0, 180.82874121926454, 769.4673968949867, 0.0, 0.0, 0.0, 0.0, 774.0085222226037, 0.0, 0.0, 0.0, 0.0, 126.4518871146322, 0.0, 0.0, 0.0, 0.0, 0.0, 0.0, 793.9365435555628, 0.0, 0.0, 0.0, 0.0, 0.0, 0.0, 268.6332685915729, 0.0, 797.1804215813274, 0.0, 0.0, 0.0, 0.0]
INFORMACIÓN : 22apuestaBundle [812.2387426480036, 799.2602194053385, 793.9365435555628, 767.237573056643, 280.79348251914985]
INFORMACIÓN : 22positionsBundle [1707, 1616, 1820, 1838, 2462]
INFORMACIÓN : 22levelsBundle [3, 3, 3, 3, 2]
INFORMACIÓN : 22positionsOrdered [1707, 1616, 1820, 2462, 1838]
INFORMACIÓN : 22levelsOrdered [3, 3, 3, 2, 3]
INFORMACIÓN : 22partialityOrdered [3, 3, 3, 2, 3]
INFORMACIÓN : 22arrivalTimes [1.0043530575151716, 10.223897514808058, 15.880751764300438, 31.145089286774187, 63.77393079408222]
INFORMACIÓN : 23historia0[0.0, 0.0, 0.0, 0.0, 0.0, 0.0, 0.0, 0.0, 0.0, 0.0, 0.0, 0.0, 0.0, 0.0, 0.0, 803.3400396790485, 0.0, 0.0, 0.0, 0.0, 0.0, 0.0, 0.0, 787.6117352694845, 0.0, 767.237573056643, 0.0, 0.0, 0.0, 0.0, 0.0, 0.0, 0.0, 0.0, 0.0, 0.0, 0.0, 0.0, 0.0, 0.0, 0.0, 0.0, 0.0, 775.3184906440785, 0.0, 0.0, 0.0, 0.0, 0.0, 0.0, 0.0, 0.0, 283.39081773798983, 280.79348251914985, 0.0, 0.0, 772.3151951772525, 0.0, 275.6085162473689, 170.26712942197415, 0.0, 0.0, 795.02027163655, 0.0, 812.2387426480036, 0.0, 0.0, 0.0, 0.0, 0.0, 0.0, 176.88607863499556, 799.2602194053385, 275.6389100031977, 0.0, 0.0, 0.0, 0.0, 0.0, 248.10436622995974, 809.0642358671976, 0.0, 147.73489957495525, 0.0, 0.0, 0.0, 0.0, 0.0, 0.0, 51.656755424389374, 0.0, 0.0, 0.0, 0.0, 0.0, 0.0, 762.8400781254575, 0.0, 0.0, 787.619629294843, 0.0, 0.0, 0.0, 781.8668475997827, 0.0, 185.07795159727857, 171.1989213786345, 0.0, 0.0, 0.0, 0.0, 786.328966639679, 0.0, 0.0, 174.8706950164727, 0.0, 184.75566136063935, 59.045848834238974, 0.0, 285.30403625054237, 0.0, 0.0, 0.0, 0.0, 0.0, 0.0, 0.0, 800.9501213478989, 0.0, 0.0, 0.0, 0.0, 0.0, 0.0, 0.0, 0.0, 193.33218940126065, 0.0, 180.82874121926454, 769.4673968949867, 0.0, 0.0, 0.0, 0.0, 774.0085222226037, 0.0, 0.0, 0.0, 0.0, 126.4518871146322, 0.0, 0.0, 0.0, 0.0, 0.0, 0.0, 793.9365435555628, 0.0, 0.0, 60.153832814621815, 0.0, 0.0, 0.0, 268.6332685915729, 0.0, 797.1804215813274, 0.0, 0.0, 0.0, 0.0]
INFORMACIÓN : 23apuestaBundle [812.2387426480036, 799.2602194053385, 793.9365435555628, 767.237573056643, 280.79348251914985]
INFORMACIÓN : 23positionsBundle [1707, 1616, 1820, 1838, 2462]
INFORMACIÓN : 23levelsBundle [3, 3, 3, 3, 2]
INFORMACIÓN : 23positionsOrdered [1707, 1616, 1820, 2462, 1838]
INFORMACIÓN : 23levelsOrdered [3, 3, 3, 2, 3]
INFORMACIÓN : 23partialityOrdered [3, 3, 3, 2, 3]
INFORMACIÓN : 23arrivalTimes [1.0043530575151716, 10.223897514808058, 15.880751764300438, 31.145089286774187, 63.77393079408222]
INFORMACIÓN : 24historia0[0.0, 0.0, 0.0, 0.0, 0.0, 0.0, 0.0, 0.0, 0.0, 0.0, 0.0, 0.0, 0.0, 0.0, 0.0, 803.3400396790485, 0.0, 0.0, 0.0, 0.0, 0.0, 0.0, 0.0, 787.6117352694845, 0.0, 767.237573056643, 0.0, 0.0, 0.0, 0.0, 0.0, 0.0, 0.0, 0.0, 0.0, 0.0, 0.0, 0.0, 0.0, 0.0, 0.0, 0.0, 0.0, 775.3184906440785, 0.0, 0.0, 0.0, 0.0, 0.0, 0.0, 0.0, 0.0, 283.39081773798983, 280.79348251914985, 0.0, 0.0, 772.3151951772525, 0.0, 275.6085162473689, 170.26712942197415, 0.0, 0.0, 795.02027163655, 0.0, 812.2387426480036, 0.0, 0.0, 0.0, 0.0, 0.0, 0.0, 176.88607863499556, 799.2602194053385, 275.6389100031977, 0.0, 0.0, 0.0, 0.0, 0.0, 248.10436622995974, 809.0642358671976, 0.0, 147.73489957495525, 0.0, 0.0, 0.0, 0.0, 0.0, 0.0, 51.656755424389374, 0.0, 0.0, 0.0, 0.0, 0.0, 0.0, 762.8400781254575, 0.0, 0.0, 787.619629294843, 0.0, 0.0, 0.0, 781.8668475997827, 0.0, 185.07795159727857, 171.1989213786345, 0.0, 0.0, 0.0, 0.0, 786.328966639679, 0.0, 0.0, 174.8706950164727, 0.0, 184.75566136063935, 59.045848834238974, 0.0, 285.30403625054237, 0.0, 62.407678712653784, 0.0, 0.0, 0.0, 0.0, 0.0, 800.9501213478989, 0.0, 0.0, 0.0, 0.0, 0.0, 0.0, 0.0, 0.0, 193.33218940126065, 0.0, 180.82874121926454, 769.4673968949867, 0.0, 0.0, 0.0, 0.0, 774.0085222226037, 0.0, 0.0, 0.0, 0.0, 126.4518871146322, 0.0, 0.0, 0.0, 0.0, 0.0, 0.0, 793.9365435555628, 0.0, 0.0, 60.153832814621815, 0.0, 0.0, 0.0, 268.6332685915729, 0.0, 797.1804215813274, 0.0, 0.0, 0.0, 0.0]
INFORMACIÓN : 24apuestaBundle [812.2387426480036, 799.2602194053385, 793.9365435555628, 767.237573056643, 280.79348251914985]
INFORMACIÓN : 24positionsBundle [1707, 1616, 1820, 1838, 2462]
INFORMACIÓN : 24levelsBundle [3, 3, 3, 3, 2]
INFORMACIÓN : 24positionsOrdered [1707, 1616, 1820, 2462, 1838]
INFORMACIÓN : 24levelsOrdered [3, 3, 3, 2, 3]
INFORMACIÓN : 24partialityOrdered [3, 3, 3, 2, 3]
INFORMACIÓN : 24arrivalTimes [1.0043530575151716, 10.223897514808058, 15.880751764300438, 31.145089286774187, 63.77393079408222]
INFORMACIÓN : 25historia0[0.0, 0.0, 0.0, 0.0, 0.0, 0.0, 0.0, 0.0, 0.0, 0.0, 0.0, 0.0, 0.0, 0.0, 0.0, 803.3400396790485, 0.0, 0.0, 0.0, 0.0, 0.0, 0.0, 0.0, 787.6117352694845, 0.0, 767.237573056643, 0.0, 0.0, 0.0, 0.0, 0.0, 0.0, 0.0, 0.0, 0.0, 0.0, 0.0, 0.0, 0.0, 0.0, 0.0, 0.0, 0.0, 775.3184906440785, 0.0, 0.0, 0.0, 0.0, 0.0, 0.0, 0.0, 0.0, 283.39081773798983, 280.79348251914985, 0.0, 0.0, 772.3151951772525, 0.0, 275.6085162473689, 170.26712942197415, 0.0, 0.0, 795.02027163655, 0.0, 812.2387426480036, 0.0, 0.0, 0.0, 0.0, 0.0, 0.0, 176.88607863499556, 799.2602194053385, 275.6389100031977, 0.0, 0.0, 0.0, 0.0, 0.0, 248.10436622995974, 809.0642358671976, 0.0, 147.73489957495525, 0.0, 0.0, 0.0, 0.0, 0.0, 0.0, 51.656755424389374, 0.0, 0.0, 0.0, 0.0, 0.0, 0.0, 762.8400781254575, 0.0, 0.0, 787.619629294843, 0.0, 0.0, 0.0, 781.8668475997827, 0.0, 185.07795159727857, 171.1989213786345, 0.0, 0.0, 0.0, 0.0, 786.328966639679, 0.0, 0.0, 174.8706950164727, 0.0, 184.75566136063935, 59.045848834238974, 0.0, 285.30403625054237, 0.0, 62.407678712653784, 0.0, 0.0, 0.0, 0.0, 0.0, 800.9501213478989, 0.0, 0.0, 0.0, 0.0, 0.0, 0.0, 0.0, 0.0, 193.33218940126065, 0.0, 180.82874121926454, 769.4673968949867, 0.0, 0.0, 0.0, 0.0, 774.0085222226037, 0.0, 0.0, 0.0, 0.0, 126.4518871146322, 0.0, 0.0, 0.0, 0.0, 0.0, 0.0, 793.9365435555628, 0.0, 0.0, 60.153832814621815, 0.0, 0.0, 0.0, 268.6332685915729, 0.0, 797.1804215813274, 0.0, 0.0, 0.0, 0.0]
INFORMACIÓN : 25apuestaBundle [812.2387426480036, 799.2602194053385, 793.9365435555628, 767.237573056643, 280.79348251914985]
INFORMACIÓN : 25positionsBundle [1707, 1616, 1820, 1838, 2462]
INFORMACIÓN : 25levelsBundle [3, 3, 3, 3, 2]
INFORMACIÓN : 25positionsOrdered [1707, 1616, 1820, 2462, 1838]
INFORMACIÓN : 25levelsOrdered [3, 3, 3, 2, 3]
INFORMACIÓN : 25partialityOrdered [3, 3, 3, 2, 3]
INFORMACIÓN : 25arrivalTimes [1.0043530575151716, 10.223897514808058, 15.880751764300438, 31.145089286774187, 63.77393079408222]
INFORMACIÓN : 26historia0[0.0, 0.0, 0.0, 0.0, 0.0, 0.0, 0.0, 0.0, 0.0, 0.0, 0.0, 0.0, 0.0, 0.0, 0.0, 803.3400396790485, 0.0, 0.0, 0.0, 0.0, 0.0, 0.0, 0.0, 787.6117352694845, 0.0, 767.237573056643, 0.0, 0.0, 0.0, 0.0, 0.0, 0.0, 0.0, 0.0, 0.0, 0.0, 0.0, 0.0, 0.0, 0.0, 0.0, 0.0, 0.0, 775.3184906440785, 0.0, 0.0, 0.0, 0.0, 0.0, 0.0, 0.0, 0.0, 283.39081773798983, 280.79348251914985, 0.0, 0.0, 772.3151951772525, 0.0, 275.6085162473689, 170.26712942197415, 0.0, 0.0, 795.02027163655, 0.0, 812.2387426480036, 0.0, 0.0, 0.0, 0.0, 0.0, 0.0, 176.88607863499556, 799.2602194053385, 275.6389100031977, 0.0, 0.0, 0.0, 0.0, 0.0, 248.10436622995974, 809.0642358671976, 0.0, 147.73489957495525, 0.0, 0.0, 0.0, 0.0, 0.0, 0.0, 51.656755424389374, 0.0, 0.0, 0.0, 0.0, 0.0, 0.0, 762.8400781254575, 0.0, 0.0, 787.619629294843, 0.0, 0.0, 0.0, 781.8668475997827, 0.0, 185.07795159727857, 171.1989213786345, 0.0, 0.0, 0.0, 0.0, 786.328966639679, 0.0, 0.0, 174.8706950164727, 0.0, 184.75566136063935, 59.045848834238974, 0.0, 285.30403625054237, 0.0, 62.407678712653784, 0.0, 0.0, 0.0, 0.0, 0.0, 800.9501213478989, 0.0, 0.0, 0.0, 0.0, 0.0, 0.0, 0.0, 0.0, 193.33218940126065, 0.0, 180.82874121926454, 769.4673968949867, 0.0, 0.0, 0.0, 0.0, 774.0085222226037, 0.0, 0.0, 0.0, 0.0, 126.4518871146322, 0.0, 0.0, 0.0, 0.0, 0.0, 0.0, 793.9365435555628, 0.0, 0.0, 60.153832814621815, 0.0, 0.0, 0.0, 268.6332685915729, 0.0, 797.1804215813274, 0.0, 0.0, 0.0, 0.0]
INFORMACIÓN : 26apuestaBundle [812.2387426480036, 799.2602194053385, 793.9365435555628, 767.237573056643, 280.79348251914985]
INFORMACIÓN : 26positionsBundle [1707, 1616, 1820, 1838, 2462]
INFORMACIÓN : 26levelsBundle [3, 3, 3, 3, 2]
INFORMACIÓN : 26positionsOrdered [1707, 1616, 1820, 2462, 1838]
INFORMACIÓN : 26levelsOrdered [3, 3, 3, 2, 3]
INFORMACIÓN : 26partialityOrdered [3, 3, 3, 2, 3]
INFORMACIÓN : 26arrivalTimes [1.0043530575151716, 10.223897514808058, 15.880751764300438, 31.145089286774187, 63.77393079408222]
INFORMACIÓN : depSat position 1707 level 3
INFORMACIÓN : depSat position 1616 level 3
INFORMACIÓN : depSat position 1820 level 3
INFORMACIÓN : I [AB]; lost Test.myBail@3fb5d3d7; POS 1707; sensors [IR, MW]; level 3 I paid 812.2387426480036in favour ofnull paid 812.2387426480036
INFORMACIÓN : 27historia0[0.0, 0.0, 0.0, 0.0, 0.0, 0.0, 0.0, 0.0, 0.0, 0.0, 0.0, 0.0, 0.0, 0.0, 0.0, 803.3400396790485, 0.0, 0.0, 0.0, 0.0, 0.0, 0.0, 0.0, 787.6117352694845, 0.0, 0.0, 0.0, 0.0, 0.0, 0.0, 0.0, 0.0, 0.0, 0.0, 0.0, 0.0, 0.0, 0.0, 0.0, 0.0, 0.0, 0.0, 0.0, 775.3184906440785, 0.0, 0.0, 0.0, 0.0, 0.0, 0.0, 0.0, 0.0, 283.39081773798983, 0.0, 0.0, 0.0, 772.3151951772525, 0.0, 275.6085162473689, 170.26712942197415, 0.0, 0.0, 795.02027163655, 0.0, 0.0, 0.0, 0.0, 0.0, 0.0, 0.0, 0.0, 176.88607863499556, 0.0, 275.6389100031977, 0.0, 0.0, 0.0, 0.0, 0.0, 248.10436622995974, 0.0, 0.0, 147.73489957495525, 0.0, 0.0, 0.0, 0.0, 0.0, 0.0, 51.656755424389374, 0.0, 0.0, 0.0, 0.0, 0.0, 0.0, 762.8400781254575, 0.0, 0.0, 787.619629294843, 0.0, 0.0, 0.0, 781.8668475997827, 0.0, 185.07795159727857, 171.1989213786345, 0.0, 0.0, 0.0, 0.0, 786.328966639679, 0.0, 0.0, 174.8706950164727, 0.0, 184.75566136063935, 59.045848834238974, 0.0, 285.30403625054237, 0.0, 62.407678712653784, 0.0, 0.0, 0.0, 0.0, 0.0, 0.0, 0.0, 0.0, 0.0, 0.0, 0.0, 0.0, 0.0, 0.0, 193.33218940126065, 0.0, 180.82874121926454, 769.4673968949867, 0.0, 0.0, 0.0, 0.0, 774.0085222226037, 0.0, 0.0, 0.0, 0.0, 126.4518871146322, 0.0, 0.0, 0.0, 0.0, 0.0, 0.0, 0.0, 0.0, 0.0, 60.153832814621815, 0.0, 0.0, 0.0, 0.0, 0.0, 797.1804215813274, 0.0, 0.0, 0.0, 0.0]
INFORMACIÓN : 27apuestaBundle [812.2387426480036, 799.2602194053385, 793.9365435555628, 779.0933369155113, 777.10859822797]
INFORMACIÓN : 27positionsBundle [1707, 1616, 1820, 1630, 1280]
INFORMACIÓN : 27levelsBundle [3, 3, 3, 3, 3]
INFORMACIÓN : 27positionsOrdered [1707, 1616, 1820, 1280, 1630]
INFORMACIÓN : 27levelsOrdered [3, 3, 3, 3, 3]
INFORMACIÓN : 27partialityOrdered [3, 3, 3, 3, 3]
INFORMACIÓN : 27arrivalTimes [1.0043530575151716, 10.223897514808058, 15.880751764300438, 30.746820511618942, 39.21273841180613]
INFORMACIÓN : 28historia0[0.0, 0.0, 0.0, 0.0, 0.0, 0.0, 0.0, 0.0, 0.0, 0.0, 0.0, 0.0, 0.0, 0.0, 0.0, 0.0, 0.0, 0.0, 0.0, 0.0, 0.0, 0.0, 0.0, 787.6117352694845, 0.0, 0.0, 0.0, 0.0, 0.0, 0.0, 0.0, 0.0, 0.0, 0.0, 0.0, 0.0, 0.0, 0.0, 0.0, 0.0, 0.0, 0.0, 0.0, 775.3184906440785, 0.0, 0.0, 0.0, 0.0, 0.0, 0.0, 0.0, 0.0, 0.0, 0.0, 0.0, 0.0, 777.10859822797, 0.0, 275.6085162473689, 170.26712942197415, 0.0, 0.0, 795.02027163655, 0.0, 812.2387426480036, 0.0, 0.0, 241.86537929357996, 0.0, 0.0, 0.0, 176.88607863499556, 799.2602194053385, 275.6389100031977, 0.0, 0.0, 0.0, 0.0, 0.0, 0.0, 809.0642358671976, 0.0, 147.73489957495525, 0.0, 0.0, 0.0, 0.0, 0.0, 0.0, 0.0, 0.0, 0.0, 0.0, 0.0, 0.0, 0.0, 0.0, 0.0, 0.0, 787.619629294843, 0.0, 0.0, 0.0, 781.8668475997827, 0.0, 0.0, 171.1989213786345, 0.0, 0.0, 0.0, 0.0, 0.0, 0.0, 0.0, 174.8706950164727, 0.0, 0.0, 0.0, 0.0, 0.0, 0.0, 0.0, 0.0, 0.0, 0.0, 0.0, 0.0, 800.9501213478989, 0.0, 0.0, 0.0, 241.0695697257388, 0.0, 0.0, 0.0, 0.0, 0.0, 0.0, 0.0, 769.4673968949867, 0.0, 0.0, 0.0, 0.0, 779.0933369155113, 0.0, 0.0, 0.0, 0.0, 126.4518871146322, 0.0, 0.0, 0.0, 0.0, 0.0, 0.0, 793.9365435555628, 0.0, 0.0, 0.0, 0.0, 0.0, 0.0, 268.6332685915729, 0.0, 0.0, 0.0, 0.0, 0.0, 0.0]
INFORMACIÓN : 28apuestaBundle [812.2387426480036, 799.2602194053385, 793.9365435555628, 779.0933369155113, 777.10859822797]
INFORMACIÓN : 28positionsBundle [1707, 1616, 1820, 1630, 1280]
INFORMACIÓN : 28levelsBundle [3, 3, 3, 3, 3]
INFORMACIÓN : 28positionsOrdered [1707, 1616, 1820, 1280, 1630]
INFORMACIÓN : 28levelsOrdered [3, 3, 3, 3, 3]
INFORMACIÓN : 28partialityOrdered [3, 3, 3, 3, 3]
INFORMACIÓN : 28arrivalTimes [1.0043530575151716, 10.223897514808058, 15.880751764300438, 30.746820511618942, 39.21273841180613]
INFORMACIÓN : 29historia0[0.0, 0.0, 0.0, 0.0, 0.0, 0.0, 0.0, 0.0, 0.0, 0.0, 0.0, 0.0, 0.0, 0.0, 0.0, 803.3400396790485, 0.0, 0.0, 0.0, 0.0, 0.0, 0.0, 0.0, 787.6117352694845, 0.0, 764.5396235624447, 0.0, 0.0, 0.0, 0.0, 0.0, 0.0, 0.0, 0.0, 0.0, 0.0, 0.0, 0.0, 0.0, 0.0, 0.0, 0.0, 0.0, 775.3184906440785, 0.0, 0.0, 0.0, 0.0, 0.0, 0.0, 0.0, 0.0, 0.0, 292.09464373722835, 0.0, 0.0, 777.10859822797, 0.0, 275.6085162473689, 170.26712942197415, 0.0, 0.0, 795.02027163655, 0.0, 812.2387426480036, 262.3284396216242, 0.0, 241.86537929357996, 0.0, 0.0, 0.0, 176.88607863499556, 799.2602194053385, 275.6389100031977, 0.0, 0.0, 0.0, 0.0, 0.0, 0.0, 809.0642358671976, 0.0, 147.73489957495525, 0.0, 0.0, 0.0, 0.0, 0.0, 0.0, 0.0, 0.0, 0.0, 0.0, 0.0, 0.0, 0.0, 0.0, 0.0, 0.0, 787.619629294843, 0.0, 0.0, 0.0, 781.8668475997827, 0.0, 0.0, 171.1989213786345, 0.0, 0.0, 0.0, 0.0, 0.0, 0.0, 0.0, 174.8706950164727, 0.0, 0.0, 0.0, 0.0, 0.0, 0.0, 0.0, 0.0, 0.0, 0.0, 0.0, 0.0, 800.9501213478989, 0.0, 0.0, 0.0, 241.0695697257388, 0.0, 0.0, 0.0, 0.0, 0.0, 0.0, 0.0, 769.4673968949867, 0.0, 0.0, 0.0, 0.0, 779.0933369155113, 0.0, 0.0, 0.0, 0.0, 126.4518871146322, 0.0, 0.0, 0.0, 0.0, 0.0, 0.0, 793.9365435555628, 0.0, 0.0, 0.0, 0.0, 0.0, 0.0, 268.6332685915729, 0.0, 797.3223017689199, 0.0, 0.0, 0.0, 0.0]
INFORMACIÓN : 29apuestaBundle [812.2387426480036, 799.2602194053385, 793.9365435555628, 779.0933369155113, 777.10859822797]
INFORMACIÓN : 29positionsBundle [1707, 1616, 1820, 1630, 1280]
INFORMACIÓN : 29levelsBundle [3, 3, 3, 3, 3]
INFORMACIÓN : 29positionsOrdered [1707, 1616, 1820, 1280, 1630]
INFORMACIÓN : 29levelsOrdered [3, 3, 3, 3, 3]
INFORMACIÓN : 29partialityOrdered [3, 3, 3, 3, 3]
INFORMACIÓN : 29arrivalTimes [1.0043530575151716, 10.223897514808058, 15.880751764300438, 30.746820511618942, 39.21273841180613]
INFORMACIÓN : 30historia0[0.0, 0.0, 0.0, 0.0, 0.0, 0.0, 0.0, 0.0, 0.0, 0.0, 0.0, 0.0, 0.0, 0.0, 0.0, 803.3400396790485, 0.0, 0.0, 0.0, 0.0, 0.0, 0.0, 0.0, 787.6117352694845, 0.0, 764.5396235624447, 0.0, 0.0, 0.0, 0.0, 0.0, 0.0, 0.0, 0.0, 0.0, 0.0, 0.0, 0.0, 0.0, 0.0, 0.0, 0.0, 0.0, 775.3184906440785, 0.0, 0.0, 0.0, 0.0, 0.0, 0.0, 0.0, 0.0, 273.1510492025625, 292.09464373722835, 0.0, 0.0, 777.10859822797, 0.0, 275.6085162473689, 0.0, 0.0, 0.0, 795.02027163655, 0.0, 812.2387426480036, 262.3284396216242, 0.0, 254.93910901196963, 0.0, 0.0, 0.0, 176.88607863499556, 799.2602194053385, 275.6389100031977, 0.0, 0.0, 0.0, 0.0, 0.0, 0.0, 809.0642358671976, 0.0, 147.73489957495525, 0.0, 0.0, 0.0, 0.0, 0.0, 0.0, 43.0736473913944, 0.0, 0.0, 0.0, 0.0, 0.0, 0.0, 0.0, 0.0, 0.0, 787.619629294843, 0.0, 0.0, 0.0, 781.8668475997827, 0.0, 155.32001995135715, 171.1989213786345, 0.0, 0.0, 0.0, 0.0, 0.0, 0.0, 0.0, 174.8706950164727, 0.0, 157.3062095027072, 0.0, 0.0, 0.0, 0.0, 59.05176608536817, 0.0, 0.0, 0.0, 0.0, 0.0, 800.9501213478989, 0.0, 0.0, 0.0, 0.0, 0.0, 0.0, 0.0, 0.0, 0.0, 0.0, 157.9215977662662, 769.4673968949867, 0.0, 0.0, 0.0, 0.0, 779.0933369155113, 0.0, 0.0, 0.0, 0.0, 126.4518871146322, 0.0, 0.0, 0.0, 0.0, 0.0, 0.0, 793.9365435555628, 0.0, 0.0, 0.0, 0.0, 0.0, 0.0, 271.9188716383715, 0.0, 797.3223017689199, 60.71010394788743, 282.9675404031882, 0.0, 0.0]
INFORMACIÓN : 30apuestaBundle [812.2387426480036, 799.2602194053385, 793.9365435555628, 779.0933369155113, 777.10859822797]
INFORMACIÓN : 30positionsBundle [1707, 1616, 1820, 1630, 1280]
INFORMACIÓN : 30levelsBundle [3, 3, 3, 3, 3]
INFORMACIÓN : 30positionsOrdered [1707, 1616, 1820, 1280, 1630]
INFORMACIÓN : 30levelsOrdered [3, 3, 3, 3, 3]
INFORMACIÓN : 30partialityOrdered [3, 3, 3, 3, 3]
INFORMACIÓN : 30arrivalTimes [1.0043530575151716, 10.223897514808058, 15.880751764300438, 30.746820511618942, 39.21273841180613]
INFORMACIÓN : 31historia0[0.0, 0.0, 0.0, 0.0, 0.0, 0.0, 0.0, 0.0, 0.0, 0.0, 0.0, 0.0, 0.0, 78.02301501204498, 0.0, 803.3400396790485, 0.0, 0.0, 0.0, 0.0, 0.0, 0.0, 0.0, 787.6117352694845, 0.0, 764.5396235624447, 0.0, 0.0, 0.0, 0.0, 0.0, 0.0, 0.0, 0.0, 0.0, 0.0, 0.0, 0.0, 0.0, 0.0, 0.0, 0.0, 0.0, 775.3184906440785, 0.0, 0.0, 0.0, 0.0, 0.0, 0.0, 184.19724854174038, 0.0, 273.1510492025625, 292.09464373722835, 0.0, 0.0, 777.10859822797, 0.0, 275.6085162473689, 0.0, 0.0, 0.0, 795.02027163655, 0.0, 812.2387426480036, 262.3284396216242, 0.0, 254.93910901196963, 0.0, 0.0, 0.0, 176.88607863499556, 799.2602194053385, 275.6389100031977, 0.0, 0.0, 0.0, 0.0, 0.0, 0.0, 809.0642358671976, 0.0, 147.73489957495525, 0.0, 0.0, 0.0, 0.0, 0.0, 0.0, 43.0736473913944, 0.0, 0.0, 0.0, 0.0, 0.0, 0.0, 0.0, 0.0, 0.0, 787.619629294843, 0.0, 0.0, 0.0, 781.8668475997827, 0.0, 0.0, 171.1989213786345, 0.0, 0.0, 0.0, 0.0, 0.0, 0.0, 0.0, 174.8706950164727, 0.0, 0.0, 0.0, 0.0, 0.0, 0.0, 59.05176608536817, 0.0, 0.0, 0.0, 0.0, 0.0, 800.9501213478989, 0.0, 0.0, 0.0, 0.0, 0.0, 0.0, 0.0, 0.0, 0.0, 0.0, 157.9215977662662, 769.4673968949867, 0.0, 0.0, 0.0, 0.0, 779.0933369155113, 0.0, 0.0, 0.0, 0.0, 126.4518871146322, 0.0, 0.0, 0.0, 0.0, 0.0, 0.0, 793.9365435555628, 0.0, 0.0, 0.0, 0.0, 0.0, 0.0, 271.9188716383715, 0.0, 797.3223017689199, 60.71010394788743, 282.9675404031882, 0.0, 0.0]
INFORMACIÓN : 31apuestaBundle [812.2387426480036, 799.2602194053385, 793.9365435555628, 779.0933369155113, 777.10859822797]
INFORMACIÓN : 31positionsBundle [1707, 1616, 1820, 1630, 1280]
INFORMACIÓN : 31levelsBundle [3, 3, 3, 3, 3]
INFORMACIÓN : 31positionsOrdered [1707, 1616, 1820, 1280, 1630]
INFORMACIÓN : 31levelsOrdered [3, 3, 3, 3, 3]
INFORMACIÓN : 31partialityOrdered [3, 3, 3, 3, 3]
INFORMACIÓN : 31arrivalTimes [1.0043530575151716, 10.223897514808058, 15.880751764300438, 30.746820511618942, 39.21273841180613]
INFORMACIÓN : 32historia0[0.0, 0.0, 0.0, 0.0, 0.0, 0.0, 0.0, 0.0, 0.0, 0.0, 0.0, 0.0, 0.0, 78.02301501204498, 0.0, 803.3400396790485, 0.0, 0.0, 0.0, 0.0, 0.0, 0.0, 0.0, 787.6117352694845, 0.0, 764.5396235624447, 0.0, 0.0, 0.0, 0.0, 0.0, 0.0, 0.0, 0.0, 0.0, 0.0, 0.0, 0.0, 0.0, 0.0, 0.0, 0.0, 0.0, 775.3184906440785, 0.0, 0.0, 0.0, 0.0, 0.0, 0.0, 184.19724854174038, 0.0, 273.1510492025625, 292.09464373722835, 0.0, 0.0, 777.10859822797, 0.0, 275.6085162473689, 0.0, 0.0, 0.0, 795.02027163655, 0.0, 812.2387426480036, 262.3284396216242, 0.0, 254.93910901196963, 0.0, 0.0, 0.0, 176.88607863499556, 799.2602194053385, 275.6389100031977, 0.0, 0.0, 0.0, 0.0, 0.0, 0.0, 809.0642358671976, 0.0, 147.73489957495525, 0.0, 0.0, 0.0, 0.0, 0.0, 0.0, 43.0736473913944, 0.0, 0.0, 0.0, 0.0, 64.27398925473244, 0.0, 0.0, 0.0, 0.0, 787.619629294843, 0.0, 0.0, 0.0, 781.8668475997827, 0.0, 0.0, 171.1989213786345, 0.0, 0.0, 0.0, 0.0, 0.0, 0.0, 0.0, 174.8706950164727, 0.0, 0.0, 0.0, 0.0, 0.0, 0.0, 59.05176608536817, 0.0, 0.0, 0.0, 0.0, 0.0, 800.9501213478989, 0.0, 0.0, 0.0, 241.0695697257388, 0.0, 0.0, 0.0, 0.0, 0.0, 0.0, 157.9215977662662, 769.4673968949867, 0.0, 0.0, 38.17241903982392, 0.0, 779.0933369155113, 0.0, 0.0, 0.0, 0.0, 126.4518871146322, 0.0, 0.0, 0.0, 0.0, 0.0, 0.0, 793.9365435555628, 0.0, 0.0, 0.0, 0.0, 0.0, 0.0, 271.9188716383715, 0.0, 797.3223017689199, 60.71010394788743, 282.9675404031882, 0.0, 0.0]
INFORMACIÓN : 32apuestaBundle [812.2387426480036, 799.2602194053385, 793.9365435555628, 779.0933369155113, 777.10859822797]
INFORMACIÓN : 32positionsBundle [1707, 1616, 1820, 1630, 1280]
INFORMACIÓN : 32levelsBundle [3, 3, 3, 3, 3]
INFORMACIÓN : 32positionsOrdered [1707, 1616, 1820, 1280, 1630]
INFORMACIÓN : 32levelsOrdered [3, 3, 3, 3, 3]
INFORMACIÓN : 32partialityOrdered [3, 3, 3, 3, 3]
INFORMACIÓN : 32arrivalTimes [1.0043530575151716, 10.223897514808058, 15.880751764300438, 30.746820511618942, 39.21273841180613]
INFORMACIÓN : 33historia0[0.0, 0.0, 0.0, 0.0, 0.0, 0.0, 0.0, 0.0, 0.0, 0.0, 0.0, 0.0, 0.0, 78.02301501204498, 0.0, 803.3400396790485, 0.0, 0.0, 0.0, 0.0, 0.0, 0.0, 0.0, 787.6117352694845, 0.0, 764.5396235624447, 0.0, 0.0, 0.0, 0.0, 0.0, 0.0, 0.0, 0.0, 0.0, 0.0, 0.0, 0.0, 0.0, 0.0, 0.0, 0.0, 0.0, 775.3184906440785, 0.0, 0.0, 0.0, 0.0, 0.0, 0.0, 184.19724854174038, 0.0, 273.1510492025625, 292.09464373722835, 0.0, 0.0, 777.10859822797, 0.0, 275.6085162473689, 0.0, 0.0, 0.0, 795.02027163655, 0.0, 812.2387426480036, 262.3284396216242, 0.0, 254.93910901196963, 0.0, 0.0, 0.0, 176.88607863499556, 799.2602194053385, 275.6389100031977, 0.0, 0.0, 0.0, 0.0, 0.0, 0.0, 809.0642358671976, 0.0, 147.73489957495525, 0.0, 0.0, 0.0, 0.0, 0.0, 0.0, 43.0736473913944, 0.0, 0.0, 0.0, 0.0, 64.27398925473244, 0.0, 0.0, 0.0, 0.0, 787.619629294843, 0.0, 0.0, 0.0, 781.8668475997827, 0.0, 0.0, 171.1989213786345, 0.0, 0.0, 0.0, 0.0, 0.0, 0.0, 0.0, 174.8706950164727, 0.0, 0.0, 0.0, 0.0, 0.0, 0.0, 59.05176608536817, 0.0, 0.0, 0.0, 0.0, 0.0, 800.9501213478989, 0.0, 0.0, 0.0, 241.0695697257388, 0.0, 0.0, 0.0, 0.0, 0.0, 0.0, 157.9215977662662, 769.4673968949867, 0.0, 0.0, 38.17241903982392, 0.0, 779.0933369155113, 0.0, 0.0, 0.0, 0.0, 126.4518871146322, 0.0, 0.0, 0.0, 0.0, 0.0, 0.0, 793.9365435555628, 0.0, 0.0, 0.0, 0.0, 0.0, 0.0, 271.9188716383715, 0.0, 797.3223017689199, 60.71010394788743, 282.9675404031882, 0.0, 0.0]
INFORMACIÓN : 33apuestaBundle [812.2387426480036, 799.2602194053385, 793.9365435555628, 779.0933369155113, 777.10859822797]
INFORMACIÓN : 33positionsBundle [1707, 1616, 1820, 1630, 1280]
INFORMACIÓN : 33levelsBundle [3, 3, 3, 3, 3]
INFORMACIÓN : 33positionsOrdered [1707, 1616, 1820, 1280, 1630]
INFORMACIÓN : 33levelsOrdered [3, 3, 3, 3, 3]
INFORMACIÓN : 33partialityOrdered [3, 3, 3, 3, 3]
INFORMACIÓN : 33arrivalTimes [1.0043530575151716, 10.223897514808058, 15.880751764300438, 30.746820511618942, 39.21273841180613]
INFORMACIÓN : 34historia0[0.0, 0.0, 0.0, 0.0, 0.0, 0.0, 0.0, 0.0, 0.0, 0.0, 0.0, 0.0, 0.0, 78.02301501204498, 0.0, 803.3400396790485, 0.0, 0.0, 0.0, 0.0, 0.0, 0.0, 0.0, 787.6117352694845, 0.0, 764.5396235624447, 0.0, 0.0, 0.0, 0.0, 0.0, 0.0, 0.0, 0.0, 0.0, 0.0, 0.0, 0.0, 0.0, 0.0, 0.0, 0.0, 0.0, 775.3184906440785, 0.0, 0.0, 0.0, 0.0, 0.0, 0.0, 184.19724854174038, 0.0, 273.1510492025625, 292.09464373722835, 0.0, 0.0, 777.10859822797, 0.0, 275.6085162473689, 0.0, 0.0, 0.0, 795.02027163655, 0.0, 812.2387426480036, 262.3284396216242, 0.0, 254.93910901196963, 0.0, 0.0, 0.0, 176.88607863499556, 799.2602194053385, 275.6389100031977, 0.0, 0.0, 0.0, 0.0, 0.0, 0.0, 809.0642358671976, 0.0, 147.73489957495525, 0.0, 0.0, 0.0, 0.0, 0.0, 0.0, 43.0736473913944, 0.0, 0.0, 0.0, 0.0, 64.27398925473244, 0.0, 0.0, 0.0, 0.0, 787.619629294843, 0.0, 0.0, 0.0, 781.8668475997827, 0.0, 0.0, 171.1989213786345, 0.0, 0.0, 0.0, 0.0, 0.0, 0.0, 0.0, 174.8706950164727, 0.0, 0.0, 0.0, 0.0, 0.0, 0.0, 59.05176608536817, 0.0, 0.0, 0.0, 0.0, 0.0, 800.9501213478989, 0.0, 0.0, 0.0, 241.0695697257388, 0.0, 0.0, 0.0, 0.0, 0.0, 0.0, 157.9215977662662, 769.4673968949867, 0.0, 0.0, 38.17241903982392, 0.0, 779.0933369155113, 0.0, 0.0, 0.0, 0.0, 126.4518871146322, 0.0, 0.0, 0.0, 0.0, 0.0, 0.0, 793.9365435555628, 0.0, 0.0, 0.0, 0.0, 0.0, 0.0, 271.9188716383715, 0.0, 797.3223017689199, 60.71010394788743, 282.9675404031882, 0.0, 0.0]
INFORMACIÓN : 34apuestaBundle [812.2387426480036, 799.2602194053385, 793.9365435555628, 779.0933369155113, 777.10859822797]
INFORMACIÓN : 34positionsBundle [1707, 1616, 1820, 1630, 1280]
INFORMACIÓN : 34levelsBundle [3, 3, 3, 3, 3]
INFORMACIÓN : 34positionsOrdered [1707, 1616, 1820, 1280, 1630]
INFORMACIÓN : 34levelsOrdered [3, 3, 3, 3, 3]
INFORMACIÓN : 34partialityOrdered [3, 3, 3, 3, 3]
INFORMACIÓN : 34arrivalTimes [1.0043530575151716, 10.223897514808058, 15.880751764300438, 30.746820511618942, 39.21273841180613]
INFORMACIÓN : 35historia0[0.0, 0.0, 0.0, 0.0, 0.0, 0.0, 0.0, 0.0, 0.0, 0.0, 0.0, 0.0, 0.0, 78.02301501204498, 0.0, 803.3400396790485, 0.0, 0.0, 0.0, 0.0, 0.0, 0.0, 0.0, 787.6117352694845, 0.0, 764.5396235624447, 0.0, 0.0, 0.0, 0.0, 0.0, 0.0, 0.0, 0.0, 0.0, 0.0, 0.0, 0.0, 0.0, 0.0, 0.0, 0.0, 0.0, 775.3184906440785, 0.0, 0.0, 0.0, 0.0, 0.0, 0.0, 184.19724854174038, 0.0, 273.1510492025625, 292.09464373722835, 0.0, 0.0, 777.10859822797, 0.0, 275.6085162473689, 0.0, 0.0, 0.0, 795.02027163655, 0.0, 812.2387426480036, 262.3284396216242, 0.0, 254.93910901196963, 0.0, 0.0, 0.0, 176.88607863499556, 799.2602194053385, 275.6389100031977, 0.0, 0.0, 0.0, 0.0, 0.0, 0.0, 809.0642358671976, 0.0, 147.73489957495525, 0.0, 0.0, 0.0, 0.0, 0.0, 0.0, 43.0736473913944, 0.0, 0.0, 0.0, 0.0, 64.27398925473244, 0.0, 0.0, 0.0, 0.0, 787.619629294843, 0.0, 0.0, 0.0, 781.8668475997827, 0.0, 0.0, 171.1989213786345, 0.0, 0.0, 0.0, 0.0, 0.0, 0.0, 0.0, 174.8706950164727, 0.0, 0.0, 0.0, 0.0, 0.0, 0.0, 59.05176608536817, 0.0, 0.0, 0.0, 0.0, 0.0, 800.9501213478989, 0.0, 0.0, 0.0, 241.0695697257388, 0.0, 0.0, 0.0, 0.0, 0.0, 0.0, 157.9215977662662, 769.4673968949867, 0.0, 0.0, 38.17241903982392, 0.0, 779.0933369155113, 0.0, 0.0, 0.0, 0.0, 126.4518871146322, 0.0, 0.0, 0.0, 0.0, 0.0, 0.0, 793.9365435555628, 0.0, 0.0, 0.0, 0.0, 0.0, 0.0, 271.9188716383715, 0.0, 797.3223017689199, 60.71010394788743, 282.9675404031882, 0.0, 0.0]
INFORMACIÓN : 35apuestaBundle [812.2387426480036, 799.2602194053385, 793.9365435555628, 779.0933369155113, 777.10859822797]
INFORMACIÓN : 35positionsBundle [1707, 1616, 1820, 1630, 1280]
INFORMACIÓN : 35levelsBundle [3, 3, 3, 3, 3]
INFORMACIÓN : 35positionsOrdered [1707, 1616, 1820, 1280, 1630]
INFORMACIÓN : 35levelsOrdered [3, 3, 3, 3, 3]
INFORMACIÓN : 35partialityOrdered [3, 3, 3, 3, 3]
INFORMACIÓN : 35arrivalTimes [1.0043530575151716, 10.223897514808058, 15.880751764300438, 30.746820511618942, 39.21273841180613]
INFORMACIÓN : depSat position 1707 level 3
INFORMACIÓN : depSat position 1616 level 3
INFORMACIÓN : depSat position 1820 level 3
INFORMACIÓN : I [AB]; lost Test.myBail@3fb5d3d7; POS 1707; sensors [IR, MW]; level 3 I paid 812.2387426480036in favour ofnull paid 812.2387426480036
INFORMACIÓN : 36historia0[0.0, 0.0, 0.0, 0.0, 0.0, 0.0, 0.0, 0.0, 0.0, 0.0, 0.0, 0.0, 0.0, 78.02301501204498, 0.0, 803.3400396790485, 0.0, 0.0, 0.0, 0.0, 0.0, 0.0, 0.0, 787.6117352694845, 0.0, 764.5396235624447, 0.0, 0.0, 0.0, 0.0, 0.0, 0.0, 0.0, 0.0, 0.0, 0.0, 0.0, 0.0, 0.0, 0.0, 0.0, 0.0, 0.0, 775.3184906440785, 0.0, 0.0, 0.0, 0.0, 0.0, 0.0, 184.19724854174038, 0.0, 273.1510492025625, 292.09464373722835, 0.0, 0.0, 0.0, 0.0, 275.6085162473689, 0.0, 0.0, 0.0, 795.02027163655, 0.0, 0.0, 262.3284396216242, 0.0, 254.93910901196963, 0.0, 0.0, 0.0, 176.88607863499556, 0.0, 275.6389100031977, 0.0, 0.0, 0.0, 0.0, 0.0, 0.0, 0.0, 0.0, 147.73489957495525, 0.0, 0.0, 0.0, 0.0, 0.0, 0.0, 43.0736473913944, 0.0, 0.0, 0.0, 0.0, 0.0, 0.0, 0.0, 0.0, 0.0, 787.619629294843, 0.0, 0.0, 0.0, 781.8668475997827, 0.0, 0.0, 171.1989213786345, 0.0, 0.0, 0.0, 0.0, 0.0, 0.0, 0.0, 174.8706950164727, 0.0, 0.0, 0.0, 0.0, 0.0, 0.0, 59.05176608536817, 0.0, 0.0, 0.0, 0.0, 0.0, 0.0, 0.0, 0.0, 0.0, 0.0, 0.0, 0.0, 0.0, 0.0, 0.0, 0.0, 157.9215977662662, 769.4673968949867, 0.0, 0.0, 0.0, 0.0, 0.0, 0.0, 0.0, 0.0, 0.0, 126.4518871146322, 0.0, 0.0, 0.0, 0.0, 0.0, 0.0, 0.0, 0.0, 0.0, 0.0, 0.0, 0.0, 0.0, 271.9188716383715, 0.0, 797.3223017689199, 60.71010394788743, 282.9675404031882, 0.0, 0.0]
INFORMACIÓN : 36apuestaBundle [812.2387426480036, 799.2602194053385, 793.9365435555628, 779.1537523230651, 768.5335744465737]
INFORMACIÓN : 36positionsBundle [1707, 1616, 1820, 1630, 1838]
INFORMACIÓN : 36levelsBundle [3, 3, 3, 3, 3]
INFORMACIÓN : 36positionsOrdered [1707, 1616, 1820, 1630, 1838]
INFORMACIÓN : 36levelsOrdered [3, 3, 3, 3, 3]
INFORMACIÓN : 36partialityOrdered [3, 3, 3, 3, 3]
INFORMACIÓN : 36arrivalTimes [1.0043530575151716, 10.223897514808058, 15.880751764300438, 37.72793085377222, 46.67220276377138]
INFORMACIÓN : timeSat position 1838 level 3
INFORMACIÓN : I [AB]; lost Test.myBail@28eb4cc5; POS 1838; sensors [IR, MW]; level 3 I paid 768.5335744465737in favour ofnull paid 768.5335744465737
INFORMACIÓN : 37historia0[0.0, 0.0, 0.0, 0.0, 0.0, 0.0, 0.0, 0.0, 0.0, 0.0, 0.0, 0.0, 0.0, 78.02301501204498, 0.0, 0.0, 0.0, 0.0, 0.0, 0.0, 0.0, 0.0, 0.0, 787.6117352694845, 0.0, 0.0, 0.0, 0.0, 0.0, 0.0, 0.0, 0.0, 0.0, 0.0, 0.0, 0.0, 0.0, 0.0, 0.0, 0.0, 0.0, 0.0, 0.0, 775.3184906440785, 0.0, 0.0, 0.0, 0.0, 0.0, 0.0, 0.0, 0.0, 0.0, 0.0, 0.0, 0.0, 0.0, 0.0, 275.6085162473689, 0.0, 0.0, 0.0, 795.02027163655, 0.0, 812.2387426480036, 262.3284396216242, 0.0, 254.93910901196963, 0.0, 0.0, 0.0, 176.88607863499556, 799.2602194053385, 275.6389100031977, 0.0, 0.0, 0.0, 0.0, 0.0, 0.0, 809.0642358671976, 0.0, 147.73489957495525, 0.0, 0.0, 0.0, 0.0, 0.0, 0.0, 0.0, 0.0, 0.0, 0.0, 0.0, 0.0, 0.0, 758.9961754942997, 0.0, 0.0, 787.619629294843, 0.0, 0.0, 0.0, 781.8668475997827, 0.0, 182.1735431529649, 171.1989213786345, 0.0, 0.0, 0.0, 0.0, 0.0, 0.0, 0.0, 174.8706950164727, 0.0, 0.0, 0.0, 0.0, 0.0, 0.0, 0.0, 0.0, 0.0, 0.0, 0.0, 0.0, 800.9501213478989, 0.0, 0.0, 0.0, 241.0695697257388, 0.0, 0.0, 0.0, 0.0, 0.0, 0.0, 0.0, 769.4673968949867, 0.0, 0.0, 0.0, 0.0, 779.1537523230651, 0.0, 0.0, 0.0, 0.0, 126.4518871146322, 0.0, 0.0, 0.0, 0.0, 0.0, 0.0, 793.9365435555628, 0.0, 0.0, 0.0, 0.0, 0.0, 0.0, 271.9188716383715, 0.0, 0.0, 60.71010394788743, 0.0, 0.0, 0.0]
INFORMACIÓN : 37apuestaBundle [812.2387426480036, 799.2602194053385, 793.9365435555628, 779.1537523230651, 283.91103989356986]
INFORMACIÓN : 37positionsBundle [1707, 1616, 1820, 1630, 2216]
INFORMACIÓN : 37levelsBundle [3, 3, 3, 3, 2]
INFORMACIÓN : 37positionsOrdered [1707, 1616, 1820, 1630, 2216]
INFORMACIÓN : 37levelsOrdered [3, 3, 3, 3, 2]
INFORMACIÓN : 37partialityOrdered [3, 3, 3, 3, 2]
INFORMACIÓN : 37arrivalTimes [1.0043530575151716, 10.223897514808058, 15.880751764300438, 37.72793085377222, 71.7387842599665]
INFORMACIÓN : 38historia0[0.0, 0.0, 0.0, 0.0, 0.0, 0.0, 0.0, 0.0, 0.0, 0.0, 0.0, 0.0, 0.0, 0.0, 0.0, 803.3400396790485, 0.0, 0.0, 0.0, 0.0, 0.0, 0.0, 0.0, 787.6117352694845, 0.0, 0.0, 0.0, 0.0, 0.0, 0.0, 0.0, 0.0, 0.0, 0.0, 0.0, 0.0, 283.91103989356986, 0.0, 0.0, 0.0, 0.0, 0.0, 0.0, 775.3184906440785, 0.0, 0.0, 0.0, 0.0, 0.0, 0.0, 0.0, 0.0, 279.6531273309115, 0.0, 0.0, 0.0, 769.2019702576868, 0.0, 275.6085162473689, 0.0, 0.0, 0.0, 795.02027163655, 0.0, 812.2387426480036, 262.3284396216242, 0.0, 254.93910901196963, 0.0, 0.0, 0.0, 176.88607863499556, 799.2602194053385, 275.6389100031977, 0.0, 0.0, 0.0, 0.0, 0.0, 0.0, 809.0642358671976, 0.0, 147.73489957495525, 0.0, 0.0, 0.0, 0.0, 0.0, 0.0, 0.0, 54.637173666376725, 0.0, 0.0, 0.0, 0.0, 0.0, 758.9961754942997, 0.0, 0.0, 787.619629294843, 0.0, 0.0, 21.109647586575115, 781.8668475997827, 0.0, 182.1735431529649, 171.1989213786345, 0.0, 0.0, 0.0, 0.0, 0.0, 0.0, 0.0, 174.8706950164727, 0.0, 0.0, 0.0, 0.0, 285.30403625054237, 0.0, 0.0, 0.0, 0.0, 0.0, 0.0, 0.0, 800.9501213478989, 0.0, 0.0, 0.0, 241.0695697257388, 0.0, 0.0, 0.0, 0.0, 0.0, 0.0, 0.0, 769.4673968949867, 0.0, 0.0, 0.0, 0.0, 779.1537523230651, 0.0, 0.0, 0.0, 0.0, 126.4518871146322, 0.0, 0.0, 0.0, 0.0, 0.0, 0.0, 793.9365435555628, 0.0, 0.0, 0.0, 0.0, 0.0, 0.0, 271.9188716383715, 0.0, 797.3223017689199, 60.71010394788743, 282.9675404031882, 0.0, 0.0]
INFORMACIÓN : 38apuestaBundle [812.2387426480036, 799.2602194053385, 793.9365435555628, 779.1537523230651, 283.91103989356986]
INFORMACIÓN : 38positionsBundle [1707, 1616, 1820, 1630, 2216]
INFORMACIÓN : 38levelsBundle [3, 3, 3, 3, 2]
INFORMACIÓN : 38positionsOrdered [1707, 1616, 1820, 1630, 2216]
INFORMACIÓN : 38levelsOrdered [3, 3, 3, 3, 2]
INFORMACIÓN : 38partialityOrdered [3, 3, 3, 3, 2]
INFORMACIÓN : 38arrivalTimes [1.0043530575151716, 10.223897514808058, 15.880751764300438, 37.72793085377222, 71.7387842599665]
INFORMACIÓN : 39historia0[0.0, 0.0, 0.0, 0.0, 0.0, 0.0, 0.0, 0.0, 0.0, 0.0, 0.0, 0.0, 0.0, 0.0, 0.0, 803.3400396790485, 0.0, 0.0, 0.0, 0.0, 0.0, 0.0, 0.0, 787.6117352694845, 0.0, 0.0, 0.0, 0.0, 0.0, 0.0, 0.0, 0.0, 0.0, 0.0, 0.0, 0.0, 283.91103989356986, 0.0, 0.0, 0.0, 64.05098476856767, 0.0, 0.0, 775.3184906440785, 0.0, 0.0, 0.0, 0.0, 0.0, 0.0, 0.0, 0.0, 279.6531273309115, 0.0, 0.0, 0.0, 769.2019702576868, 0.0, 275.6085162473689, 0.0, 0.0, 0.0, 795.02027163655, 0.0, 812.2387426480036, 262.3284396216242, 0.0, 254.93910901196963, 0.0, 0.0, 0.0, 176.88607863499556, 799.2602194053385, 275.6389100031977, 0.0, 0.0, 0.0, 0.0, 0.0, 0.0, 809.0642358671976, 0.0, 147.73489957495525, 0.0, 0.0, 0.0, 0.0, 0.0, 0.0, 0.0, 58.908772251014284, 0.0, 0.0, 0.0, 0.0, 0.0, 758.9961754942997, 0.0, 0.0, 787.619629294843, 0.0, 0.0, 0.0, 781.8668475997827, 0.0, 182.1735431529649, 171.1989213786345, 0.0, 0.0, 0.0, 0.0, 0.0, 0.0, 0.0, 174.8706950164727, 0.0, 0.0, 0.0, 0.0, 285.30403625054237, 0.0, 62.407678712653784, 0.0, 0.0, 0.0, 0.0, 0.0, 800.9501213478989, 0.0, 0.0, 0.0, 241.0695697257388, 0.0, 0.0, 0.0, 0.0, 0.0, 0.0, 157.9215977662662, 769.4673968949867, 0.0, 0.0, 0.0, 0.0, 779.1537523230651, 0.0, 0.0, 0.0, 0.0, 126.4518871146322, 0.0, 0.0, 0.0, 0.0, 0.0, 0.0, 793.9365435555628, 0.0, 0.0, 0.0, 0.0, 0.0, 0.0, 271.9188716383715, 0.0, 797.3223017689199, 64.05098476856767, 282.9675404031882, 0.0, 0.0]
INFORMACIÓN : 39apuestaBundle [812.2387426480036, 799.2602194053385, 793.9365435555628, 779.1537523230651, 283.91103989356986]
INFORMACIÓN : 39positionsBundle [1707, 1616, 1820, 1630, 2216]
INFORMACIÓN : 39levelsBundle [3, 3, 3, 3, 2]
INFORMACIÓN : 39positionsOrdered [1707, 1616, 1820, 1630, 2216]
INFORMACIÓN : 39levelsOrdered [3, 3, 3, 3, 2]
INFORMACIÓN : 39partialityOrdered [3, 3, 3, 3, 2]
INFORMACIÓN : 39arrivalTimes [1.0043530575151716, 10.223897514808058, 15.880751764300438, 37.72793085377222, 71.7387842599665]
INFORMACIÓN : 40historia0[0.0, 0.0, 0.0, 0.0, 0.0, 0.0, 0.0, 0.0, 0.0, 0.0, 0.0, 0.0, 0.0, 0.0, 0.0, 803.3400396790485, 0.0, 0.0, 0.0, 0.0, 0.0, 0.0, 0.0, 787.6117352694845, 0.0, 0.0, 0.0, 0.0, 0.0, 0.0, 0.0, 0.0, 0.0, 0.0, 0.0, 0.0, 283.91103989356986, 0.0, 0.0, 0.0, 64.05098476856767, 0.0, 0.0, 775.3184906440785, 0.0, 0.0, 0.0, 0.0, 0.0, 0.0, 0.0, 0.0, 279.6531273309115, 257.5674951925447, 0.0, 0.0, 769.2019702576868, 0.0, 275.6085162473689, 0.0, 0.0, 0.0, 795.02027163655, 0.0, 812.2387426480036, 262.3284396216242, 0.0, 254.93910901196963, 0.0, 0.0, 0.0, 176.88607863499556, 799.2602194053385, 275.6389100031977, 0.0, 0.0, 0.0, 0.0, 0.0, 0.0, 809.0642358671976, 0.0, 147.73489957495525, 0.0, 0.0, 0.0, 0.0, 0.0, 0.0, 0.0, 0.0, 0.0, 0.0, 0.0, 0.0, 0.0, 758.9961754942997, 0.0, 0.0, 787.619629294843, 0.0, 0.0, 0.0, 781.8668475997827, 0.0, 182.1735431529649, 171.1989213786345, 0.0, 0.0, 0.0, 0.0, 0.0, 0.0, 0.0, 174.8706950164727, 0.0, 0.0, 0.0, 0.0, 285.30403625054237, 0.0, 62.407678712653784, 0.0, 0.0, 0.0, 0.0, 0.0, 800.9501213478989, 0.0, 0.0, 0.0, 241.0695697257388, 0.0, 0.0, 0.0, 0.0, 0.0, 0.0, 157.9215977662662, 769.4673968949867, 0.0, 0.0, 0.0, 0.0, 779.1537523230651, 0.0, 0.0, 0.0, 0.0, 126.4518871146322, 0.0, 0.0, 0.0, 0.0, 0.0, 0.0, 793.9365435555628, 0.0, 0.0, 0.0, 0.0, 0.0, 0.0, 271.9188716383715, 0.0, 797.3223017689199, 64.05098476856767, 282.9675404031882, 0.0, 0.0]
INFORMACIÓN : 40apuestaBundle [812.2387426480036, 799.2602194053385, 793.9365435555628, 779.1537523230651, 283.91103989356986]
INFORMACIÓN : 40positionsBundle [1707, 1616, 1820, 1630, 2216]
INFORMACIÓN : 40levelsBundle [3, 3, 3, 3, 2]
INFORMACIÓN : 40positionsOrdered [1707, 1616, 1820, 1630, 2216]
INFORMACIÓN : 40levelsOrdered [3, 3, 3, 3, 2]
INFORMACIÓN : 40partialityOrdered [3, 3, 3, 3, 2]
INFORMACIÓN : 40arrivalTimes [1.0043530575151716, 10.223897514808058, 15.880751764300438, 37.72793085377222, 71.7387842599665]
INFORMACIÓN : 41historia0[0.0, 0.0, 0.0, 0.0, 0.0, 0.0, 0.0, 0.0, 0.0, 0.0, 0.0, 0.0, 0.0, 0.0, 0.0, 803.3400396790485, 0.0, 0.0, 0.0, 0.0, 0.0, 0.0, 0.0, 787.6117352694845, 0.0, 0.0, 0.0, 0.0, 0.0, 0.0, 0.0, 0.0, 0.0, 0.0, 0.0, 0.0, 283.91103989356986, 0.0, 0.0, 0.0, 64.05098476856767, 0.0, 0.0, 775.3184906440785, 0.0, 0.0, 0.0, 0.0, 0.0, 0.0, 0.0, 0.0, 279.6531273309115, 257.5674951925447, 0.0, 0.0, 769.2019702576868, 0.0, 275.6085162473689, 0.0, 0.0, 0.0, 795.02027163655, 0.0, 812.2387426480036, 262.3284396216242, 0.0, 254.93910901196963, 0.0, 0.0, 0.0, 176.88607863499556, 799.2602194053385, 275.6389100031977, 0.0, 0.0, 0.0, 0.0, 0.0, 0.0, 809.0642358671976, 0.0, 147.73489957495525, 0.0, 0.0, 0.0, 0.0, 0.0, 0.0, 43.0736473913944, 0.0, 0.0, 0.0, 0.0, 0.0, 0.0, 758.9961754942997, 0.0, 0.0, 787.619629294843, 0.0, 0.0, 0.0, 781.8668475997827, 0.0, 182.1735431529649, 171.1989213786345, 0.0, 0.0, 0.0, 0.0, 0.0, 0.0, 0.0, 174.8706950164727, 0.0, 0.0, 0.0, 0.0, 285.30403625054237, 0.0, 62.407678712653784, 0.0, 0.0, 0.0, 0.0, 0.0, 800.9501213478989, 0.0, 0.0, 0.0, 241.0695697257388, 0.0, 0.0, 0.0, 0.0, 0.0, 0.0, 157.9215977662662, 769.4673968949867, 0.0, 0.0, 0.0, 0.0, 779.1537523230651, 0.0, 0.0, 0.0, 0.0, 126.4518871146322, 0.0, 0.0, 0.0, 0.0, 0.0, 0.0, 793.9365435555628, 0.0, 0.0, 0.0, 0.0, 0.0, 0.0, 271.9188716383715, 0.0, 797.3223017689199, 64.05098476856767, 282.9675404031882, 0.0, 0.0]
