----------------------------------------------------------------------
-- Log session for [myBugCoalitionsCCBBAGuaiDEF-24] started on 2017.07.13.18.46.24 --
----------------------------------------------------------------------

INFORMACIÓN : I started
INFORMACIÓN : 0apuestaBundle [798.9316601225203, 790.521098632842, 789.6401865307408, 774.4772489525801, 769.2019702576868]
INFORMACIÓN : 0positionsBundle [1707, 1616, 1820, 1630, 1280]
INFORMACIÓN : 0levelsBundle [3, 3, 3, 3, 3]
INFORMACIÓN : 0positionsOrdered [1707, 1616, 1820, 1630, 1280]
INFORMACIÓN : 0levelsOrdered [3, 3, 3, 3, 3]
INFORMACIÓN : 0partialityOrdered [3, 3, 3, 3, 3]
INFORMACIÓN : 0arrivalTimes [10.409187260562776, 19.628731717855665, 25.285585967348045, 36.05591558161705, 43.05591558161705]
INFORMACIÓN : I [AB]; lost Test.myBail@3fb5d3d7; POS 1707; sensors [IR, MW]; level 3 I paid 798.9316601225203in favour of30@(myturtles,myturtles,bug)@MK-18426 paid 812.2387426480036
INFORMACIÓN : 1historia0[0.0, 0.0, 0.0, 0.0, 0.0, 0.0, 0.0, 0.0, 0.0, 0.0, 0.0, 0.0, 0.0, 0.0, 0.0, 803.6166434182963, 0.0, 0.0, 0.0, 0.0, 0.0, 0.0, 0.0, 785.0887569739725, 0.0, 0.0, 0.0, 0.0, 0.0, 0.0, 0.0, 0.0, 0.0, 0.0, 0.0, 0.0, 0.0, 0.0, 0.0, 0.0, 0.0, 0.0, 0.0, 776.1482442857598, 0.0, 0.0, 0.0, 0.0, 0.0, 0.0, 0.0, 0.0, 0.0, 0.0, 0.0, 0.0, 777.3137219263522, 0.0, 0.0, 0.0, 0.0, 0.0, 793.9687122043067, 0.0, 812.2387426480036, 0.0, 0.0, 0.0, 0.0, 0.0, 0.0, 0.0, 799.2602194053385, 0.0, 0.0, 0.0, 0.0, 0.0, 0.0, 0.0, 809.0642358671976, 0.0, 0.0, 0.0, 0.0, 0.0, 0.0, 0.0, 0.0, 0.0, 0.0, 0.0, 0.0, 769.216858719114, 0.0, 0.0, 0.0, 0.0, 793.1231658312506, 777.7061791410551, 0.0, 0.0, 0.0, 767.900692456592, 0.0, 0.0, 0.0, 0.0, 0.0, 0.0, 0.0, 798.1637235097055, 0.0, 0.0, 0.0, 0.0, 0.0, 0.0, 0.0, 0.0, 0.0, 0.0, 0.0, 0.0, 0.0, 0.0, 0.0, 800.9501213478989, 0.0, 0.0, 0.0, 0.0, 0.0, 0.0, 0.0, 0.0, 0.0, 0.0, 0.0, 787.3404949222172, 0.0, 0.0, 0.0, 0.0, 779.7128231362004, 0.0, 0.0, 0.0, 0.0, 0.0, 0.0, 0.0, 0.0, 0.0, 0.0, 0.0, 793.9365435555628, 0.0, 0.0, 0.0, 0.0, 0.0, 0.0, 0.0, 0.0, 798.1313361761448, 0.0, 0.0, 0.0, 0.0]
INFORMACIÓN : 1apuestaBundle [292.09464373722835, 288.6678287758524, 264.5418476314897, 259.5125119210678, 190.56807571439163]
INFORMACIÓN : 1positionsBundle [2462, 2216, 1933, 1281, 2161]
INFORMACIÓN : 1levelsBundle [2, 2, 2, 2, 3]
INFORMACIÓN : 1positionsOrdered [2462, 2216, 1933, 1281, 2161]
INFORMACIÓN : 1levelsOrdered [2, 2, 2, 2, 3]
INFORMACIÓN : 1partialityOrdered [2, 2, 2, 2, 3]
INFORMACIÓN : 1arrivalTimes [8.32969066173323, 14.732814899166078, 32.760571276486026, 45.91351771445193, 72.82076580859935]
INFORMACIÓN : timeSat position 2216 level 2
INFORMACIÓN : timeSat position 1933 level 2
INFORMACIÓN : I [AB]; lost Test.myBail@9d1fe91; POS 2216; sensors [MW]; level 2 I paid 288.6678287758524in favour ofnull paid 288.6678287758524
INFORMACIÓN : 2historia0[0.0, 0.0, 0.0, 0.0, 0.0, 0.0, 0.0, 0.0, 0.0, 0.0, 0.0, 0.0, 0.0, 0.0, 0.0, 803.3400396790485, 0.0, 0.0, 0.0, 0.0, 0.0, 0.0, 0.0, 787.4490116878417, 0.0, 0.0, 0.0, 0.0, 0.0, 0.0, 0.0, 0.0, 0.0, 0.0, 0.0, 0.0, 0.0, 0.0, 0.0, 0.0, 0.0, 0.0, 0.0, 0.0, 0.0, 0.0, 0.0, 0.0, 0.0, 0.0, 0.0, 0.0, 274.6046117454016, 292.09464373722835, 0.0, 0.0, 0.0, 0.0, 265.0750410818014, 0.0, 0.0, 0.0, 791.8167017547694, 0.0, 812.2387426480036, 262.3284396216242, 0.0, 255.68267086498892, 0.0, 0.0, 0.0, 0.0, 799.2602194053385, 269.7297969782022, 0.0, 0.0, 0.0, 0.0, 0.0, 0.0, 809.0642358671976, 0.0, 0.0, 0.0, 270.6942945827235, 0.0, 0.0, 0.0, 0.0, 0.0, 0.0, 0.0, 0.0, 0.0, 0.0, 0.0, 0.0, 0.0, 0.0, 777.7061791410551, 0.0, 0.0, 0.0, 767.900692456592, 0.0, 0.0, 0.0, 0.0, 0.0, 0.0, 0.0, 798.1637235097055, 0.0, 0.0, 0.0, 0.0, 0.0, 0.0, 0.0, 284.72837028472395, 0.0, 0.0, 0.0, 0.0, 0.0, 0.0, 0.0, 800.9501213478989, 0.0, 0.0, 0.0, 0.0, 0.0, 0.0, 0.0, 0.0, 0.0, 0.0, 0.0, 0.0, 0.0, 0.0, 0.0, 0.0, 0.0, 0.0, 0.0, 0.0, 0.0, 0.0, 0.0, 0.0, 0.0, 0.0, 0.0, 0.0, 793.9365435555628, 0.0, 0.0, 0.0, 0.0, 0.0, 0.0, 271.9188716383715, 0.0, 0.0, 0.0, 272.12485772595664, 0.0, 0.0]
INFORMACIÓN : 2apuestaBundle [292.09464373722835, 190.56807571439163, 153.6421753377549, 56.15060400616193, 43.0736473913944]
INFORMACIÓN : 2positionsBundle [2462, 2161, 716, 859, 887]
INFORMACIÓN : 2levelsBundle [2, 3, 1, 2, 2]
INFORMACIÓN : 2positionsOrdered [2462, 2161, 716, 859, 887]
INFORMACIÓN : 2levelsOrdered [2, 3, 1, 2, 2]
INFORMACIÓN : 2partialityOrdered [2, 3, 1, 2, 2]
INFORMACIÓN : 2arrivalTimes [8.32969066173323, 14.41245319203145, 43.84033113115577, 51.45610423701968, 79.45610423701967]
INFORMACIÓN : I [AB]; lost Test.myBail@48d01a0a; POS 716; sensors []; level 1 I paid 153.6421753377549in favour of27@(myturtles,myturtles,bug)@MK-18426 paid 180.82874121926454
INFORMACIÓN : 3historia0[0.0, 0.0, 0.0, 0.0, 0.0, 0.0, 0.0, 0.0, 0.0, 0.0, 0.0, 0.0, 0.0, 0.0, 0.0, 803.3400396790485, 0.0, 0.0, 0.0, 372.5276932233651, 0.0, 0.0, 0.0, 787.4490116878417, 0.0, 0.0, 0.0, 0.0, 271.1143586238031, 0.0, 0.0, 0.0, 0.0, 0.0, 0.0, 0.0, 0.0, 372.5276932233651, 0.0, 0.0, 0.0, 0.0, 0.0, 775.2371611759978, 0.0, 0.0, 0.0, 0.0, 0.0, 0.0, 159.95490248532775, 0.0, 0.0, 292.09464373722835, 0.0, 0.0, 772.1524344392766, 0.0, 0.0, 195.2752789906408, 0.0, 0.0, 791.8167017547694, 0.0, 812.2387426480036, 267.1482949958595, 0.0, 255.68267086498892, 0.0, 0.0, 0.0, 0.0, 799.2602194053385, 269.7297969782022, 0.0, 0.0, 0.0, 0.0, 0.0, 240.29852937295368, 809.0642358671976, 361.11765890003744, 0.0, 0.0, 270.6942945827235, 0.0, 0.0, 0.0, 0.0, 0.0, 0.0, 0.0, 0.0, 0.0, 0.0, 0.0, 0.0, 0.0, 0.0, 0.0, 0.0, 0.0, 0.0, 0.0, 0.0, 0.0, 0.0, 0.0, 0.0, 0.0, 0.0, 798.1637235097055, 0.0, 0.0, 174.8706950164727, 0.0, 0.0, 0.0, 0.0, 284.72837028472395, 0.0, 0.0, 0.0, 0.0, 0.0, 0.0, 0.0, 800.9501213478989, 0.0, 0.0, 0.0, 241.0695697257388, 0.0, 0.0, 0.0, 0.0, 190.56807571439163, 0.0, 180.82874121926454, 0.0, 0.0, 0.0, 0.0, 0.0, 0.0, 0.0, 0.0, 0.0, 0.0, 0.0, 0.0, 0.0, 0.0, 0.0, 0.0, 0.0, 793.9365435555628, 0.0, 0.0, 0.0, 361.11765890003744, 0.0, 0.0, 271.9188716383715, 0.0, 782.7665304250824, 0.0, 279.13173726832315, 0.0, 0.0]
INFORMACIÓN : 3apuestaBundle [292.09464373722835, 190.56807571439163, 56.15060400616193, 43.0736473913944]
INFORMACIÓN : 3positionsBundle [2462, 2161, 859, 887]
INFORMACIÓN : 3levelsBundle [2, 3, 2, 2]
INFORMACIÓN : 3positionsOrdered [2462, 2161, 859, 887]
INFORMACIÓN : 3levelsOrdered [2, 3, 2, 2]
INFORMACIÓN : 3partialityOrdered [2, 3, 2, 2]
INFORMACIÓN : 3arrivalTimes [8.32969066173323, 14.41245319203145, 40.48926281284204, 68.48926281284204]
INFORMACIÓN : I [AB]; lost Test.myBail@2b4ec08d; POS 859; sensors [MW]; level 2 I paid 56.15060400616193in favour of27@(myturtles,myturtles,bug)@MK-18426 paid 89.08478019065095
INFORMACIÓN : 4historia0[0.0, 0.0, 0.0, 0.0, 0.0, 0.0, 0.0, 0.0, 0.0, 0.0, 0.0, 0.0, 0.0, 0.0, 0.0, 803.3400396790485, 0.0, 0.0, 0.0, 0.0, 0.0, 0.0, 0.0, 787.4490116878417, 0.0, 0.0, 0.0, 0.0, 271.1143586238031, 0.0, 0.0, 0.0, 0.0, 0.0, 0.0, 0.0, 262.77732264853665, 0.0, 0.0, 0.0, 0.0, 0.0, 0.0, 775.2371611759978, 0.0, 0.0, 0.0, 0.0, 0.0, 0.0, 159.95490248532775, 0.0, 0.0, 292.09464373722835, 0.0, 0.0, 772.1524344392766, 0.0, 0.0, 195.2752789906408, 0.0, 0.0, 791.8167017547694, 0.0, 812.2387426480036, 267.1482949958595, 0.0, 255.68267086498892, 0.0, 0.0, 0.0, 157.60136768574284, 799.2602194053385, 269.7297969782022, 0.0, 0.0, 0.0, 0.0, 0.0, 240.29852937295368, 809.0642358671976, 0.0, 153.97295090332906, 0.0, 270.6942945827235, 0.0, 0.0, 0.0, 0.0, 51.656755424389374, 0.0, 0.0, 0.0, 0.0, 0.0, 0.0, 0.0, 0.0, 0.0, 787.619629294843, 0.0, 0.0, 0.0, 767.900692456592, 0.0, 0.0, 158.98253829239184, 0.0, 0.0, 0.0, 0.0, 798.1637235097055, 0.0, 0.0, 0.0, 0.0, 0.0, 0.0, 0.0, 284.72837028472395, 0.0, 89.08478019065095, 0.0, 0.0, 0.0, 0.0, 0.0, 800.9501213478989, 0.0, 0.0, 0.0, 241.0695697257388, 0.0, 0.0, 0.0, 0.0, 190.56807571439163, 0.0, 170.59861128071094, 0.0, 0.0, 0.0, 0.0, 0.0, 0.0, 0.0, 0.0, 0.0, 0.0, 0.0, 0.0, 0.0, 0.0, 0.0, 0.0, 0.0, 793.9365435555628, 0.0, 0.0, 0.0, 0.0, 0.0, 0.0, 271.9188716383715, 0.0, 782.7665304250824, 0.0, 279.13173726832315, 0.0, 0.0]
INFORMACIÓN : 4apuestaBundle [292.09464373722835, 190.56807571439163]
INFORMACIÓN : 4positionsBundle [2462, 2161]
INFORMACIÓN : 4levelsBundle [2, 3]
INFORMACIÓN : 4positionsOrdered [2462, 2161]
INFORMACIÓN : 4levelsOrdered [2, 3]
INFORMACIÓN : 4partialityOrdered [2, 3]
INFORMACIÓN : 4arrivalTimes [8.32969066173323, 14.41245319203145]
INFORMACIÓN : 5historia0[0.0, 0.0, 0.0, 0.0, 0.0, 0.0, 0.0, 0.0, 0.0, 0.0, 0.0, 0.0, 0.0, 0.0, 0.0, 803.3400396790485, 0.0, 0.0, 0.0, 0.0, 0.0, 0.0, 0.0, 787.4490116878417, 0.0, 0.0, 0.0, 0.0, 271.1143586238031, 0.0, 0.0, 0.0, 0.0, 0.0, 0.0, 0.0, 262.77732264853665, 0.0, 0.0, 0.0, 0.0, 0.0, 0.0, 775.2371611759978, 0.0, 0.0, 0.0, 0.0, 0.0, 0.0, 159.95490248532775, 0.0, 0.0, 292.09464373722835, 0.0, 0.0, 772.1524344392766, 0.0, 0.0, 195.2752789906408, 0.0, 0.0, 791.8167017547694, 0.0, 812.2387426480036, 267.1482949958595, 0.0, 255.68267086498892, 0.0, 0.0, 0.0, 157.60136768574284, 799.2602194053385, 269.7297969782022, 0.0, 0.0, 0.0, 0.0, 0.0, 258.36642880226026, 809.0642358671976, 0.0, 153.97295090332906, 0.0, 270.6942945827235, 0.0, 0.0, 0.0, 0.0, 51.656755424389374, 0.0, 0.0, 0.0, 0.0, 0.0, 0.0, 0.0, 0.0, 0.0, 787.619629294843, 0.0, 0.0, 0.0, 767.900692456592, 0.0, 155.32001995135715, 158.98253829239184, 0.0, 0.0, 0.0, 0.0, 798.1637235097055, 0.0, 0.0, 0.0, 0.0, 157.3062095027072, 0.0, 0.0, 284.72837028472395, 0.0, 89.08478019065095, 0.0, 0.0, 0.0, 0.0, 0.0, 800.9501213478989, 0.0, 0.0, 0.0, 241.0695697257388, 0.0, 0.0, 0.0, 0.0, 190.56807571439163, 0.0, 170.59861128071094, 0.0, 0.0, 0.0, 0.0, 0.0, 0.0, 0.0, 0.0, 0.0, 0.0, 126.4518871146322, 0.0, 0.0, 0.0, 0.0, 0.0, 0.0, 793.9365435555628, 0.0, 0.0, 0.0, 0.0, 0.0, 0.0, 271.9188716383715, 0.0, 782.7665304250824, 0.0, 279.13173726832315, 0.0, 0.0]
INFORMACIÓN : 5apuestaBundle [292.09464373722835, 190.56807571439163]
INFORMACIÓN : 5positionsBundle [2462, 2161]
INFORMACIÓN : 5levelsBundle [2, 3]
INFORMACIÓN : 5positionsOrdered [2462, 2161]
INFORMACIÓN : 5levelsOrdered [2, 3]
INFORMACIÓN : 5partialityOrdered [2, 3]
INFORMACIÓN : 5arrivalTimes [8.32969066173323, 14.41245319203145]
INFORMACIÓN : 6historia0[0.0, 0.0, 0.0, 0.0, 0.0, 0.0, 0.0, 0.0, 0.0, 0.0, 0.0, 0.0, 0.0, 0.0, 0.0, 803.3400396790485, 0.0, 0.0, 0.0, 0.0, 0.0, 0.0, 0.0, 787.4490116878417, 0.0, 0.0, 0.0, 0.0, 271.1143586238031, 0.0, 0.0, 0.0, 0.0, 0.0, 0.0, 0.0, 262.77732264853665, 0.0, 0.0, 0.0, 0.0, 0.0, 0.0, 775.2371611759978, 0.0, 0.0, 0.0, 0.0, 0.0, 0.0, 159.95490248532775, 0.0, 0.0, 292.09464373722835, 0.0, 0.0, 772.1524344392766, 0.0, 0.0, 195.2752789906408, 0.0, 0.0, 791.8167017547694, 0.0, 812.2387426480036, 267.1482949958595, 0.0, 255.68267086498892, 0.0, 0.0, 0.0, 157.60136768574284, 799.2602194053385, 269.7297969782022, 0.0, 0.0, 0.0, 0.0, 0.0, 258.36642880226026, 809.0642358671976, 0.0, 153.97295090332906, 0.0, 270.6942945827235, 0.0, 0.0, 0.0, 0.0, 51.656755424389374, 0.0, 0.0, 0.0, 0.0, 0.0, 0.0, 0.0, 0.0, 0.0, 787.619629294843, 0.0, 0.0, 0.0, 767.900692456592, 0.0, 0.0, 158.98253829239184, 0.0, 0.0, 0.0, 0.0, 798.1637235097055, 0.0, 0.0, 0.0, 0.0, 167.67608298711684, 0.0, 0.0, 284.72837028472395, 0.0, 89.08478019065095, 0.0, 0.0, 0.0, 0.0, 0.0, 800.9501213478989, 0.0, 0.0, 0.0, 241.0695697257388, 0.0, 0.0, 0.0, 0.0, 190.56807571439163, 0.0, 170.59861128071094, 0.0, 0.0, 0.0, 0.0, 0.0, 0.0, 0.0, 0.0, 0.0, 0.0, 126.4518871146322, 0.0, 0.0, 0.0, 0.0, 0.0, 0.0, 793.9365435555628, 0.0, 0.0, 0.0, 0.0, 0.0, 0.0, 271.9188716383715, 0.0, 782.7665304250824, 0.0, 279.13173726832315, 0.0, 0.0]
INFORMACIÓN : 6apuestaBundle [292.09464373722835, 190.56807571439163]
INFORMACIÓN : 6positionsBundle [2462, 2161]
INFORMACIÓN : 6levelsBundle [2, 3]
INFORMACIÓN : 6positionsOrdered [2462, 2161]
INFORMACIÓN : 6levelsOrdered [2, 3]
INFORMACIÓN : 6partialityOrdered [2, 3]
INFORMACIÓN : 6arrivalTimes [8.32969066173323, 14.41245319203145]
INFORMACIÓN : 7historia0[0.0, 0.0, 0.0, 0.0, 0.0, 0.0, 0.0, 0.0, 0.0, 0.0, 0.0, 0.0, 0.0, 0.0, 0.0, 803.3400396790485, 0.0, 0.0, 0.0, 0.0, 0.0, 0.0, 0.0, 787.4490116878417, 0.0, 0.0, 0.0, 0.0, 271.1143586238031, 0.0, 0.0, 0.0, 0.0, 0.0, 0.0, 0.0, 262.77732264853665, 0.0, 0.0, 0.0, 0.0, 0.0, 0.0, 775.2371611759978, 0.0, 0.0, 0.0, 0.0, 0.0, 0.0, 159.95490248532775, 0.0, 0.0, 292.09464373722835, 0.0, 0.0, 772.1524344392766, 0.0, 0.0, 195.2752789906408, 0.0, 0.0, 791.8167017547694, 0.0, 812.2387426480036, 267.1482949958595, 0.0, 255.68267086498892, 0.0, 0.0, 0.0, 157.60136768574284, 799.2602194053385, 269.7297969782022, 0.0, 0.0, 0.0, 0.0, 0.0, 258.36642880226026, 809.0642358671976, 0.0, 153.97295090332906, 0.0, 270.6942945827235, 0.0, 0.0, 0.0, 0.0, 51.656755424389374, 0.0, 0.0, 0.0, 0.0, 0.0, 0.0, 0.0, 0.0, 0.0, 787.619629294843, 0.0, 0.0, 0.0, 767.900692456592, 0.0, 161.02134586789816, 158.98253829239184, 0.0, 0.0, 0.0, 0.0, 798.1637235097055, 0.0, 0.0, 0.0, 0.0, 0.0, 0.0, 0.0, 284.72837028472395, 0.0, 89.08478019065095, 0.0, 0.0, 0.0, 0.0, 0.0, 800.9501213478989, 0.0, 0.0, 0.0, 241.0695697257388, 0.0, 0.0, 0.0, 0.0, 190.56807571439163, 0.0, 170.59861128071094, 0.0, 0.0, 0.0, 0.0, 0.0, 0.0, 0.0, 0.0, 0.0, 0.0, 126.4518871146322, 0.0, 0.0, 0.0, 0.0, 0.0, 0.0, 793.9365435555628, 0.0, 0.0, 0.0, 0.0, 0.0, 0.0, 271.9188716383715, 0.0, 782.7665304250824, 0.0, 279.13173726832315, 0.0, 0.0]
INFORMACIÓN : 7apuestaBundle [292.09464373722835, 190.56807571439163]
INFORMACIÓN : 7positionsBundle [2462, 2161]
INFORMACIÓN : 7levelsBundle [2, 3]
INFORMACIÓN : 7positionsOrdered [2462, 2161]
INFORMACIÓN : 7levelsOrdered [2, 3]
INFORMACIÓN : 7partialityOrdered [2, 3]
INFORMACIÓN : 7arrivalTimes [8.32969066173323, 14.41245319203145]
INFORMACIÓN : 8historia0[0.0, 0.0, 0.0, 0.0, 0.0, 0.0, 0.0, 0.0, 0.0, 0.0, 0.0, 0.0, 0.0, 0.0, 0.0, 803.3400396790485, 0.0, 0.0, 0.0, 0.0, 0.0, 0.0, 0.0, 787.4490116878417, 0.0, 0.0, 0.0, 0.0, 271.1143586238031, 0.0, 0.0, 0.0, 0.0, 0.0, 0.0, 0.0, 262.77732264853665, 0.0, 0.0, 0.0, 0.0, 0.0, 0.0, 775.2371611759978, 0.0, 0.0, 0.0, 0.0, 0.0, 0.0, 159.95490248532775, 0.0, 0.0, 292.09464373722835, 0.0, 0.0, 772.1524344392766, 0.0, 0.0, 195.2752789906408, 0.0, 0.0, 791.8167017547694, 0.0, 812.2387426480036, 267.1482949958595, 0.0, 255.68267086498892, 0.0, 0.0, 0.0, 157.60136768574284, 799.2602194053385, 269.7297969782022, 0.0, 0.0, 0.0, 0.0, 0.0, 258.36642880226026, 809.0642358671976, 0.0, 153.97295090332906, 0.0, 270.6942945827235, 0.0, 0.0, 0.0, 0.0, 51.656755424389374, 0.0, 0.0, 0.0, 0.0, 0.0, 0.0, 0.0, 0.0, 0.0, 787.619629294843, 0.0, 0.0, 0.0, 767.900692456592, 0.0, 161.02134586789816, 158.98253829239184, 0.0, 0.0, 0.0, 0.0, 798.1637235097055, 0.0, 0.0, 0.0, 0.0, 0.0, 0.0, 0.0, 284.72837028472395, 0.0, 89.08478019065095, 0.0, 0.0, 0.0, 0.0, 0.0, 800.9501213478989, 0.0, 0.0, 0.0, 241.0695697257388, 0.0, 0.0, 0.0, 0.0, 190.56807571439163, 0.0, 170.59861128071094, 0.0, 0.0, 0.0, 0.0, 0.0, 0.0, 0.0, 0.0, 0.0, 0.0, 126.4518871146322, 0.0, 0.0, 0.0, 0.0, 0.0, 0.0, 793.9365435555628, 0.0, 0.0, 0.0, 0.0, 0.0, 0.0, 271.9188716383715, 0.0, 782.7665304250824, 0.0, 279.13173726832315, 0.0, 0.0]
INFORMACIÓN : 8apuestaBundle [292.09464373722835, 190.56807571439163]
INFORMACIÓN : 8positionsBundle [2462, 2161]
INFORMACIÓN : 8levelsBundle [2, 3]
INFORMACIÓN : 8positionsOrdered [2462, 2161]
INFORMACIÓN : 8levelsOrdered [2, 3]
INFORMACIÓN : 8partialityOrdered [2, 3]
INFORMACIÓN : 8arrivalTimes [8.32969066173323, 14.41245319203145]
INFORMACIÓN : 9historia0[0.0, 0.0, 0.0, 0.0, 0.0, 0.0, 0.0, 0.0, 0.0, 0.0, 0.0, 0.0, 0.0, 0.0, 0.0, 803.3400396790485, 0.0, 0.0, 0.0, 0.0, 0.0, 0.0, 0.0, 787.4490116878417, 0.0, 0.0, 0.0, 0.0, 271.1143586238031, 0.0, 0.0, 0.0, 0.0, 0.0, 0.0, 0.0, 262.77732264853665, 0.0, 0.0, 0.0, 0.0, 0.0, 0.0, 775.2371611759978, 0.0, 0.0, 0.0, 0.0, 0.0, 0.0, 159.95490248532775, 0.0, 0.0, 292.09464373722835, 0.0, 0.0, 772.1524344392766, 0.0, 0.0, 195.2752789906408, 0.0, 0.0, 791.8167017547694, 0.0, 812.2387426480036, 267.1482949958595, 0.0, 255.68267086498892, 0.0, 0.0, 0.0, 157.60136768574284, 799.2602194053385, 269.7297969782022, 0.0, 0.0, 0.0, 0.0, 0.0, 258.36642880226026, 809.0642358671976, 0.0, 153.97295090332906, 0.0, 270.6942945827235, 0.0, 0.0, 0.0, 0.0, 51.656755424389374, 0.0, 0.0, 0.0, 0.0, 0.0, 0.0, 0.0, 0.0, 0.0, 787.619629294843, 0.0, 0.0, 0.0, 767.900692456592, 0.0, 161.02134586789816, 158.98253829239184, 0.0, 0.0, 0.0, 0.0, 798.1637235097055, 0.0, 0.0, 0.0, 0.0, 0.0, 0.0, 0.0, 284.72837028472395, 0.0, 89.08478019065095, 0.0, 0.0, 0.0, 0.0, 0.0, 800.9501213478989, 0.0, 0.0, 0.0, 241.0695697257388, 0.0, 0.0, 0.0, 0.0, 190.56807571439163, 0.0, 170.59861128071094, 0.0, 0.0, 0.0, 0.0, 0.0, 0.0, 0.0, 0.0, 0.0, 0.0, 126.4518871146322, 0.0, 0.0, 0.0, 0.0, 0.0, 0.0, 793.9365435555628, 0.0, 0.0, 0.0, 0.0, 0.0, 0.0, 271.9188716383715, 0.0, 782.7665304250824, 0.0, 279.13173726832315, 0.0, 0.0]
INFORMACIÓN : 9apuestaBundle [292.09464373722835, 190.56807571439163]
INFORMACIÓN : 9positionsBundle [2462, 2161]
INFORMACIÓN : 9levelsBundle [2, 3]
INFORMACIÓN : 9positionsOrdered [2462, 2161]
INFORMACIÓN : 9levelsOrdered [2, 3]
INFORMACIÓN : 9partialityOrdered [2, 3]
INFORMACIÓN : 9arrivalTimes [8.32969066173323, 14.41245319203145]
INFORMACIÓN : depSat position 2462 level 2
INFORMACIÓN : I [AB]; lost Test.myBail@389421c1; POS 2462; sensors [MW]; level 2 I paid 292.09464373722835in favour ofnull paid 292.09464373722835
INFORMACIÓN : 10historia0[0.0, 0.0, 0.0, 0.0, 0.0, 0.0, 0.0, 0.0, 0.0, 0.0, 0.0, 0.0, 0.0, 0.0, 0.0, 803.3400396790485, 0.0, 0.0, 0.0, 0.0, 0.0, 0.0, 0.0, 787.4490116878417, 0.0, 0.0, 0.0, 0.0, 271.1143586238031, 0.0, 0.0, 0.0, 0.0, 0.0, 0.0, 0.0, 262.77732264853665, 0.0, 0.0, 0.0, 0.0, 0.0, 0.0, 775.2371611759978, 0.0, 0.0, 0.0, 0.0, 0.0, 0.0, 0.0, 0.0, 261.30902277898423, 0.0, 0.0, 0.0, 777.0271995929622, 0.0, 0.0, 195.2752789906408, 0.0, 0.0, 793.6357624879784, 0.0, 812.2387426480036, 0.0, 0.0, 255.68267086498892, 0.0, 0.0, 0.0, 0.0, 799.2602194053385, 269.7297969782022, 0.0, 0.0, 0.0, 0.0, 0.0, 258.36642880226026, 809.0642358671976, 0.0, 0.0, 0.0, 270.6942945827235, 0.0, 0.0, 0.0, 0.0, 51.656755424389374, 0.0, 0.0, 0.0, 0.0, 0.0, 0.0, 759.468615450553, 0.0, 0.0, 787.619629294843, 0.0, 0.0, 0.0, 767.7286008536003, 0.0, 0.0, 0.0, 0.0, 0.0, 0.0, 0.0, 798.1637235097055, 0.0, 0.0, 174.8706950164727, 0.0, 167.84817459010856, 0.0, 0.0, 284.72837028472395, 0.0, 89.08478019065095, 0.0, 0.0, 0.0, 0.0, 0.0, 800.9501213478989, 0.0, 0.0, 0.0, 0.0, 0.0, 0.0, 0.0, 0.0, 0.0, 0.0, 0.0, 0.0, 0.0, 0.0, 0.0, 0.0, 779.0723752730842, 0.0, 0.0, 0.0, 0.0, 0.0, 0.0, 0.0, 0.0, 0.0, 0.0, 0.0, 793.9365435555628, 0.0, 0.0, 0.0, 0.0, 0.0, 0.0, 271.9188716383715, 0.0, 792.8314870249711, 0.0, 0.0, 0.0, 0.0]
INFORMACIÓN : 10apuestaBundle [292.09464373722835, 287.523349039167, 261.0907104708541, 193.09558821189506, 153.6421753377549]
INFORMACIÓN : 10positionsBundle [2462, 2216, 1933, 2161, 716]
INFORMACIÓN : 10levelsBundle [2, 2, 2, 3, 1]
INFORMACIÓN : 10positionsOrdered [2462, 2161, 1933, 2216, 716]
INFORMACIÓN : 10levelsOrdered [2, 3, 2, 2, 1]
INFORMACIÓN : 10partialityOrdered [2, 3, 2, 2, 1]
INFORMACIÓN : 10arrivalTimes [8.32969066173323, 14.41245319203145, 46.069594917898556, 85.83639027939789, 115.83639027939789]
INFORMACIÓN : timeSat position 1933 level 2
INFORMACIÓN : I [AB]; lost Test.myBail@35a2b8a6; POS 1933; sensors [IR]; level 2 I paid 261.0907104708541in favour ofnull paid 261.0907104708541
INFORMACIÓN : 11historia0[0.0, 0.0, 0.0, 0.0, 0.0, 0.0, 0.0, 0.0, 0.0, 0.0, 0.0, 0.0, 0.0, 0.0, 0.0, 803.3400396790485, 0.0, 0.0, 0.0, 0.0, 0.0, 0.0, 0.0, 787.6117352694845, 0.0, 768.5335744465737, 0.0, 0.0, 0.0, 0.0, 0.0, 0.0, 0.0, 0.0, 0.0, 0.0, 287.523349039167, 0.0, 0.0, 0.0, 0.0, 0.0, 0.0, 775.6087844119361, 0.0, 0.0, 0.0, 0.0, 0.0, 0.0, 0.0, 0.0, 0.0, 292.09464373722835, 0.0, 0.0, 0.0, 0.0, 0.0, 0.0, 0.0, 0.0, 791.9795790006347, 0.0, 812.2387426480036, 0.0, 0.0, 0.0, 0.0, 0.0, 0.0, 0.0, 799.2602194053385, 269.7297969782022, 0.0, 0.0, 0.0, 0.0, 0.0, 258.36642880226026, 809.0642358671976, 0.0, 0.0, 0.0, 270.6942945827235, 0.0, 0.0, 0.0, 0.0, 0.0, 0.0, 0.0, 0.0, 0.0, 0.0, 0.0, 762.8400781254575, 0.0, 0.0, 787.619629294843, 0.0, 0.0, 0.0, 767.7286008536003, 0.0, 0.0, 0.0, 0.0, 0.0, 0.0, 0.0, 796.5668340103489, 0.0, 0.0, 174.8706950164727, 0.0, 167.84817459010856, 0.0, 0.0, 285.30403625054237, 0.0, 0.0, 0.0, 0.0, 0.0, 0.0, 0.0, 800.9501213478989, 0.0, 0.0, 0.0, 0.0, 0.0, 0.0, 0.0, 0.0, 0.0, 0.0, 180.82874121926454, 769.4673968949867, 0.0, 0.0, 0.0, 0.0, 0.0, 0.0, 0.0, 0.0, 0.0, 0.0, 0.0, 0.0, 0.0, 0.0, 0.0, 0.0, 793.9365435555628, 0.0, 0.0, 60.153832814621815, 0.0, 0.0, 0.0, 271.9188716383715, 0.0, 797.1804215813274, 0.0, 271.24982320538754, 0.0, 0.0]
INFORMACIÓN : 11apuestaBundle [292.09464373722835, 287.523349039167, 193.09558821189506, 56.15060400616193, 43.0736473913944]
INFORMACIÓN : 11positionsBundle [2462, 2216, 2161, 859, 887]
INFORMACIÓN : 11levelsBundle [2, 2, 3, 2, 2]
INFORMACIÓN : 11positionsOrdered [2462, 2161, 2216, 859, 887]
INFORMACIÓN : 11levelsOrdered [2, 3, 2, 2, 2]
INFORMACIÓN : 11partialityOrdered [2, 3, 2, 2, 2]
INFORMACIÓN : 11arrivalTimes [8.32969066173323, 14.41245319203145, 85.83639027939789, 113.7290416413606, 141.7290416413606]
INFORMACIÓN : 12historia0[0.0, 0.0, 0.0, 0.0, 266.22425716779253, 0.0, 0.0, 0.0, 0.0, 0.0, 0.0, 0.0, 0.0, 0.0, 0.0, 803.3400396790485, 0.0, 0.0, 0.0, 0.0, 0.0, 0.0, 0.0, 787.6117352694845, 0.0, 0.0, 0.0, 0.0, 281.15840206935377, 38.17241903982392, 0.0, 0.0, 0.0, 0.0, 0.0, 0.0, 287.523349039167, 0.0, 0.0, 0.0, 0.0, 0.0, 0.0, 0.0, 0.0, 0.0, 0.0, 0.0, 0.0, 0.0, 0.0, 0.0, 283.39081773798983, 292.09464373722835, 0.0, 0.0, 772.3151951772525, 0.0, 275.6085162473689, 0.0, 0.0, 0.0, 795.02027163655, 0.0, 812.2387426480036, 0.0, 0.0, 0.0, 0.0, 0.0, 0.0, 176.88607863499556, 799.2602194053385, 269.7297969782022, 0.0, 0.0, 0.0, 0.0, 0.0, 258.36642880226026, 809.0642358671976, 0.0, 0.0, 0.0, 270.6942945827235, 0.0, 0.0, 0.0, 0.0, 43.0736473913944, 0.0, 0.0, 0.0, 0.0, 0.0, 0.0, 762.8400781254575, 0.0, 0.0, 787.619629294843, 0.0, 0.0, 0.0, 767.7286008536003, 0.0, 161.19343747088988, 0.0, 0.0, 0.0, 0.0, 0.0, 0.0, 0.0, 0.0, 0.0, 0.0, 0.0, 0.0, 0.0, 0.0, 0.0, 56.15060400616193, 0.0, 0.0, 0.0, 0.0, 0.0, 800.9501213478989, 0.0, 0.0, 0.0, 0.0, 0.0, 0.0, 0.0, 0.0, 193.09558821189506, 0.0, 176.99985492770054, 769.4673968949867, 0.0, 0.0, 38.17241903982392, 0.0, 768.763868595669, 0.0, 0.0, 0.0, 0.0, 0.0, 0.0, 0.0, 0.0, 0.0, 0.0, 0.0, 793.9365435555628, 0.0, 0.0, 0.0, 0.0, 0.0, 0.0, 271.9188716383715, 0.0, 797.1804215813274, 0.0, 0.0, 0.0, 0.0]
INFORMACIÓN : 12apuestaBundle [292.09464373722835, 287.523349039167, 193.09558821189506, 56.15060400616193, 43.0736473913944]
INFORMACIÓN : 12positionsBundle [2462, 2216, 2161, 859, 887]
INFORMACIÓN : 12levelsBundle [2, 2, 3, 2, 2]
INFORMACIÓN : 12positionsOrdered [2462, 2161, 2216, 859, 887]
INFORMACIÓN : 12levelsOrdered [2, 3, 2, 2, 2]
INFORMACIÓN : 12partialityOrdered [2, 3, 2, 2, 2]
INFORMACIÓN : 12arrivalTimes [8.32969066173323, 14.41245319203145, 85.83639027939789, 113.7290416413606, 141.7290416413606]
INFORMACIÓN : I [AB]; lost Test.myBail@2b4ec08d; POS 859; sensors [MW]; level 2 I paid 56.15060400616193in favour of27@(myturtles,myturtles,bug)@MK-18426 paid 89.08478019065095
INFORMACIÓN : 13historia0[0.0, 0.0, 0.0, 0.0, 266.22425716779253, 0.0, 0.0, 0.0, 0.0, 0.0, 0.0, 0.0, 0.0, 0.0, 0.0, 803.3400396790485, 0.0, 0.0, 0.0, 0.0, 0.0, 0.0, 0.0, 787.6117352694845, 0.0, 0.0, 0.0, 0.0, 281.15840206935377, 0.0, 0.0, 0.0, 0.0, 0.0, 0.0, 0.0, 287.523349039167, 0.0, 0.0, 0.0, 0.0, 0.0, 0.0, 0.0, 0.0, 0.0, 0.0, 0.0, 0.0, 0.0, 0.0, 0.0, 0.0, 292.09464373722835, 0.0, 0.0, 772.3151951772525, 0.0, 275.6085162473689, 195.2752789906408, 0.0, 0.0, 795.02027163655, 0.0, 812.2387426480036, 0.0, 0.0, 0.0, 0.0, 0.0, 0.0, 176.88607863499556, 799.2602194053385, 269.7297969782022, 37.951563662390186, 0.0, 0.0, 0.0, 0.0, 258.36642880226026, 809.0642358671976, 0.0, 0.0, 0.0, 270.6942945827235, 0.0, 0.0, 0.0, 0.0, 51.656755424389374, 0.0, 0.0, 0.0, 0.0, 0.0, 0.0, 762.8400781254575, 0.0, 0.0, 787.619629294843, 0.0, 0.0, 0.0, 767.7286008536003, 0.0, 161.19343747088988, 171.1989213786345, 0.0, 0.0, 0.0, 0.0, 0.0, 0.0, 0.0, 174.8706950164727, 0.0, 0.0, 0.0, 0.0, 285.30403625054237, 0.0, 89.08478019065095, 0.0, 0.0, 0.0, 0.0, 0.0, 800.9501213478989, 0.0, 0.0, 0.0, 0.0, 0.0, 0.0, 0.0, 0.0, 193.09558821189506, 0.0, 170.59861128071094, 769.4673968949867, 0.0, 0.0, 0.0, 0.0, 768.763868595669, 0.0, 0.0, 0.0, 0.0, 0.0, 0.0, 0.0, 0.0, 0.0, 0.0, 0.0, 793.9365435555628, 0.0, 0.0, 0.0, 0.0, 0.0, 0.0, 271.9188716383715, 0.0, 797.1804215813274, 0.0, 0.0, 0.0, 0.0]
INFORMACIÓN : 13apuestaBundle [292.09464373722835, 287.523349039167, 193.09558821189506]
INFORMACIÓN : 13positionsBundle [2462, 2216, 2161]
INFORMACIÓN : 13levelsBundle [2, 2, 3]
INFORMACIÓN : 13positionsOrdered [2462, 2161, 2216]
INFORMACIÓN : 13levelsOrdered [2, 3, 2]
INFORMACIÓN : 13partialityOrdered [2, 3, 2]
INFORMACIÓN : 13arrivalTimes [8.32969066173323, 14.41245319203145, 85.83639027939789]
INFORMACIÓN : 14historia0[0.0, 0.0, 0.0, 0.0, 266.22425716779253, 0.0, 0.0, 0.0, 0.0, 0.0, 0.0, 0.0, 0.0, 0.0, 0.0, 803.3400396790485, 0.0, 0.0, 0.0, 0.0, 0.0, 0.0, 0.0, 787.6117352694845, 0.0, 0.0, 0.0, 0.0, 281.15840206935377, 0.0, 0.0, 0.0, 0.0, 0.0, 0.0, 0.0, 287.523349039167, 0.0, 0.0, 0.0, 0.0, 0.0, 0.0, 0.0, 0.0, 0.0, 0.0, 0.0, 0.0, 0.0, 0.0, 0.0, 0.0, 292.09464373722835, 0.0, 0.0, 772.3151951772525, 0.0, 275.6085162473689, 195.2752789906408, 0.0, 0.0, 795.02027163655, 0.0, 812.2387426480036, 0.0, 0.0, 0.0, 0.0, 0.0, 0.0, 176.88607863499556, 799.2602194053385, 269.7297969782022, 0.0, 0.0, 0.0, 0.0, 0.0, 258.36642880226026, 809.0642358671976, 0.0, 147.73489957495525, 0.0, 270.6942945827235, 0.0, 0.0, 0.0, 0.0, 51.656755424389374, 0.0, 0.0, 0.0, 0.0, 0.0, 0.0, 762.8400781254575, 0.0, 0.0, 787.619629294843, 0.0, 0.0, 0.0, 767.7286008536003, 0.0, 161.19343747088988, 171.1989213786345, 0.0, 0.0, 0.0, 0.0, 0.0, 0.0, 0.0, 174.8706950164727, 0.0, 0.0, 0.0, 0.0, 285.30403625054237, 0.0, 0.0, 0.0, 0.0, 0.0, 0.0, 0.0, 800.9501213478989, 0.0, 0.0, 0.0, 0.0, 0.0, 0.0, 0.0, 0.0, 193.09558821189506, 0.0, 176.99985492770054, 769.4673968949867, 0.0, 0.0, 0.0, 0.0, 768.763868595669, 0.0, 0.0, 0.0, 0.0, 126.4518871146322, 0.0, 0.0, 0.0, 0.0, 0.0, 0.0, 793.9365435555628, 0.0, 0.0, 0.0, 0.0, 0.0, 0.0, 271.9188716383715, 0.0, 797.1804215813274, 0.0, 0.0, 0.0, 0.0]
INFORMACIÓN : 14apuestaBundle [292.09464373722835, 287.523349039167, 193.09558821189506]
INFORMACIÓN : 14positionsBundle [2462, 2216, 2161]
INFORMACIÓN : 14levelsBundle [2, 2, 3]
INFORMACIÓN : 14positionsOrdered [2462, 2161, 2216]
INFORMACIÓN : 14levelsOrdered [2, 3, 2]
INFORMACIÓN : 14partialityOrdered [2, 3, 2]
INFORMACIÓN : 14arrivalTimes [8.32969066173323, 14.41245319203145, 85.83639027939789]
INFORMACIÓN : 15historia0[0.0, 0.0, 0.0, 0.0, 266.22425716779253, 0.0, 0.0, 0.0, 0.0, 0.0, 0.0, 0.0, 0.0, 0.0, 0.0, 803.3400396790485, 0.0, 0.0, 0.0, 0.0, 0.0, 0.0, 0.0, 787.6117352694845, 0.0, 0.0, 0.0, 0.0, 281.15840206935377, 0.0, 0.0, 0.0, 0.0, 0.0, 0.0, 0.0, 287.523349039167, 0.0, 0.0, 0.0, 0.0, 0.0, 0.0, 0.0, 0.0, 0.0, 0.0, 0.0, 0.0, 0.0, 0.0, 0.0, 0.0, 292.09464373722835, 0.0, 0.0, 772.3151951772525, 0.0, 275.6085162473689, 195.2752789906408, 0.0, 0.0, 795.02027163655, 0.0, 812.2387426480036, 0.0, 0.0, 0.0, 0.0, 0.0, 0.0, 176.88607863499556, 799.2602194053385, 269.7297969782022, 0.0, 0.0, 0.0, 0.0, 0.0, 258.36642880226026, 809.0642358671976, 0.0, 147.73489957495525, 0.0, 270.6942945827235, 0.0, 0.0, 0.0, 0.0, 51.656755424389374, 0.0, 0.0, 0.0, 0.0, 0.0, 0.0, 762.8400781254575, 0.0, 0.0, 787.619629294843, 0.0, 0.0, 21.109647586575115, 767.7286008536003, 0.0, 161.19343747088988, 171.1989213786345, 0.0, 0.0, 0.0, 0.0, 0.0, 0.0, 0.0, 174.8706950164727, 0.0, 0.0, 0.0, 0.0, 285.30403625054237, 0.0, 75.5268018979126, 0.0, 0.0, 0.0, 0.0, 0.0, 800.9501213478989, 0.0, 0.0, 0.0, 0.0, 0.0, 0.0, 0.0, 0.0, 193.09558821189506, 0.0, 176.99985492770054, 769.4673968949867, 0.0, 0.0, 0.0, 0.0, 768.763868595669, 0.0, 0.0, 0.0, 0.0, 126.4518871146322, 0.0, 0.0, 0.0, 0.0, 0.0, 0.0, 793.9365435555628, 0.0, 0.0, 0.0, 0.0, 0.0, 0.0, 271.9188716383715, 0.0, 797.1804215813274, 0.0, 0.0, 0.0, 0.0]
INFORMACIÓN : 15apuestaBundle [292.09464373722835, 287.523349039167, 193.09558821189506]
INFORMACIÓN : 15positionsBundle [2462, 2216, 2161]
INFORMACIÓN : 15levelsBundle [2, 2, 3]
INFORMACIÓN : 15positionsOrdered [2462, 2161, 2216]
INFORMACIÓN : 15levelsOrdered [2, 3, 2]
INFORMACIÓN : 15partialityOrdered [2, 3, 2]
INFORMACIÓN : 15arrivalTimes [8.32969066173323, 14.41245319203145, 85.83639027939789]
INFORMACIÓN : 16historia0[0.0, 0.0, 0.0, 0.0, 266.22425716779253, 0.0, 0.0, 0.0, 0.0, 0.0, 0.0, 0.0, 0.0, 0.0, 0.0, 803.3400396790485, 0.0, 0.0, 0.0, 0.0, 0.0, 0.0, 0.0, 787.6117352694845, 0.0, 0.0, 0.0, 0.0, 281.15840206935377, 0.0, 0.0, 0.0, 0.0, 0.0, 0.0, 0.0, 287.523349039167, 0.0, 0.0, 0.0, 0.0, 0.0, 0.0, 0.0, 0.0, 0.0, 0.0, 0.0, 0.0, 0.0, 0.0, 0.0, 0.0, 292.09464373722835, 0.0, 0.0, 772.3151951772525, 0.0, 275.6085162473689, 195.2752789906408, 0.0, 0.0, 795.02027163655, 0.0, 812.2387426480036, 0.0, 0.0, 0.0, 0.0, 0.0, 0.0, 176.88607863499556, 799.2602194053385, 269.7297969782022, 0.0, 0.0, 0.0, 0.0, 0.0, 258.36642880226026, 809.0642358671976, 0.0, 147.73489957495525, 0.0, 270.6942945827235, 0.0, 0.0, 0.0, 0.0, 51.656755424389374, 0.0, 0.0, 0.0, 0.0, 0.0, 0.0, 762.8400781254575, 0.0, 0.0, 787.619629294843, 0.0, 0.0, 0.0, 767.7286008536003, 0.0, 161.19343747088988, 171.1989213786345, 0.0, 0.0, 0.0, 0.0, 0.0, 0.0, 0.0, 174.8706950164727, 0.0, 0.0, 0.0, 0.0, 285.30403625054237, 0.0, 75.5268018979126, 0.0, 0.0, 0.0, 0.0, 0.0, 800.9501213478989, 0.0, 0.0, 0.0, 0.0, 0.0, 0.0, 0.0, 0.0, 193.09558821189506, 0.0, 176.99985492770054, 769.4673968949867, 0.0, 0.0, 0.0, 0.0, 768.763868595669, 0.0, 0.0, 0.0, 0.0, 126.4518871146322, 0.0, 0.0, 0.0, 0.0, 0.0, 0.0, 793.9365435555628, 0.0, 0.0, 0.0, 0.0, 0.0, 0.0, 271.9188716383715, 0.0, 797.1804215813274, 0.0, 0.0, 0.0, 0.0]
INFORMACIÓN : 16apuestaBundle [292.09464373722835, 287.523349039167, 193.09558821189506]
INFORMACIÓN : 16positionsBundle [2462, 2216, 2161]
INFORMACIÓN : 16levelsBundle [2, 2, 3]
INFORMACIÓN : 16positionsOrdered [2462, 2161, 2216]
INFORMACIÓN : 16levelsOrdered [2, 3, 2]
INFORMACIÓN : 16partialityOrdered [2, 3, 2]
INFORMACIÓN : 16arrivalTimes [8.32969066173323, 14.41245319203145, 85.83639027939789]
INFORMACIÓN : 17historia0[0.0, 0.0, 0.0, 0.0, 266.22425716779253, 0.0, 0.0, 0.0, 0.0, 0.0, 0.0, 0.0, 0.0, 0.0, 0.0, 803.3400396790485, 0.0, 0.0, 0.0, 0.0, 0.0, 0.0, 0.0, 787.6117352694845, 0.0, 0.0, 0.0, 0.0, 281.15840206935377, 0.0, 0.0, 0.0, 0.0, 0.0, 0.0, 0.0, 287.523349039167, 0.0, 0.0, 0.0, 0.0, 0.0, 0.0, 0.0, 0.0, 0.0, 0.0, 0.0, 0.0, 0.0, 0.0, 0.0, 0.0, 292.09464373722835, 0.0, 0.0, 772.3151951772525, 0.0, 275.6085162473689, 195.2752789906408, 0.0, 0.0, 795.02027163655, 0.0, 812.2387426480036, 0.0, 0.0, 0.0, 0.0, 0.0, 0.0, 176.88607863499556, 799.2602194053385, 269.7297969782022, 0.0, 0.0, 0.0, 0.0, 0.0, 258.36642880226026, 809.0642358671976, 0.0, 147.73489957495525, 0.0, 270.6942945827235, 0.0, 0.0, 0.0, 0.0, 51.656755424389374, 0.0, 0.0, 0.0, 0.0, 0.0, 0.0, 762.8400781254575, 0.0, 0.0, 787.619629294843, 0.0, 0.0, 0.0, 767.7286008536003, 0.0, 161.19343747088988, 171.1989213786345, 0.0, 0.0, 0.0, 0.0, 0.0, 0.0, 0.0, 174.8706950164727, 0.0, 0.0, 0.0, 0.0, 285.30403625054237, 0.0, 75.5268018979126, 0.0, 0.0, 0.0, 0.0, 0.0, 800.9501213478989, 0.0, 0.0, 0.0, 0.0, 0.0, 0.0, 0.0, 0.0, 193.09558821189506, 0.0, 176.99985492770054, 769.4673968949867, 0.0, 0.0, 0.0, 0.0, 768.763868595669, 0.0, 0.0, 0.0, 0.0, 126.4518871146322, 0.0, 0.0, 0.0, 0.0, 0.0, 0.0, 793.9365435555628, 0.0, 0.0, 0.0, 0.0, 0.0, 0.0, 271.9188716383715, 0.0, 797.1804215813274, 0.0, 0.0, 0.0, 0.0]
INFORMACIÓN : 17apuestaBundle [292.09464373722835, 287.523349039167, 193.09558821189506]
INFORMACIÓN : 17positionsBundle [2462, 2216, 2161]
INFORMACIÓN : 17levelsBundle [2, 2, 3]
INFORMACIÓN : 17positionsOrdered [2462, 2161, 2216]
INFORMACIÓN : 17levelsOrdered [2, 3, 2]
INFORMACIÓN : 17partialityOrdered [2, 3, 2]
INFORMACIÓN : 17arrivalTimes [8.32969066173323, 14.41245319203145, 85.83639027939789]
INFORMACIÓN : 18historia0[0.0, 0.0, 0.0, 0.0, 266.22425716779253, 0.0, 0.0, 0.0, 0.0, 0.0, 0.0, 0.0, 0.0, 0.0, 0.0, 803.3400396790485, 0.0, 0.0, 0.0, 0.0, 0.0, 0.0, 0.0, 787.6117352694845, 0.0, 0.0, 0.0, 0.0, 281.15840206935377, 0.0, 0.0, 0.0, 0.0, 0.0, 0.0, 0.0, 287.523349039167, 0.0, 0.0, 0.0, 0.0, 0.0, 0.0, 0.0, 0.0, 0.0, 0.0, 0.0, 0.0, 0.0, 0.0, 0.0, 0.0, 292.09464373722835, 0.0, 0.0, 772.3151951772525, 0.0, 275.6085162473689, 195.2752789906408, 0.0, 0.0, 795.02027163655, 0.0, 812.2387426480036, 0.0, 0.0, 0.0, 0.0, 0.0, 0.0, 176.88607863499556, 799.2602194053385, 269.7297969782022, 0.0, 0.0, 0.0, 0.0, 0.0, 258.36642880226026, 809.0642358671976, 0.0, 147.73489957495525, 0.0, 270.6942945827235, 0.0, 0.0, 0.0, 0.0, 51.656755424389374, 0.0, 0.0, 0.0, 0.0, 0.0, 0.0, 762.8400781254575, 0.0, 0.0, 787.619629294843, 0.0, 0.0, 0.0, 767.7286008536003, 0.0, 161.19343747088988, 171.1989213786345, 0.0, 0.0, 0.0, 0.0, 0.0, 0.0, 0.0, 174.8706950164727, 0.0, 0.0, 0.0, 0.0, 285.30403625054237, 0.0, 75.5268018979126, 0.0, 0.0, 0.0, 0.0, 0.0, 800.9501213478989, 0.0, 0.0, 0.0, 0.0, 0.0, 0.0, 0.0, 0.0, 193.09558821189506, 0.0, 176.99985492770054, 769.4673968949867, 0.0, 0.0, 0.0, 0.0, 768.763868595669, 0.0, 0.0, 0.0, 0.0, 126.4518871146322, 0.0, 0.0, 0.0, 0.0, 0.0, 0.0, 793.9365435555628, 0.0, 0.0, 0.0, 0.0, 0.0, 0.0, 271.9188716383715, 0.0, 797.1804215813274, 0.0, 0.0, 0.0, 0.0]
INFORMACIÓN : 18apuestaBundle [292.09464373722835, 287.523349039167, 193.09558821189506]
INFORMACIÓN : 18positionsBundle [2462, 2216, 2161]
INFORMACIÓN : 18levelsBundle [2, 2, 3]
INFORMACIÓN : 18positionsOrdered [2462, 2161, 2216]
INFORMACIÓN : 18levelsOrdered [2, 3, 2]
INFORMACIÓN : 18partialityOrdered [2, 3, 2]
INFORMACIÓN : 18arrivalTimes [8.32969066173323, 14.41245319203145, 85.83639027939789]
INFORMACIÓN : depSat position 2462 level 2
INFORMACIÓN : I [AB]; lost Test.myBail@389421c1; POS 2462; sensors [MW]; level 2 I paid 292.09464373722835in favour ofnull paid 292.09464373722835
INFORMACIÓN : 19historia0[0.0, 0.0, 0.0, 0.0, 0.0, 0.0, 0.0, 0.0, 0.0, 0.0, 0.0, 0.0, 0.0, 0.0, 0.0, 803.3400396790485, 0.0, 0.0, 0.0, 0.0, 0.0, 0.0, 0.0, 787.6117352694845, 0.0, 0.0, 0.0, 0.0, 281.15840206935377, 0.0, 0.0, 0.0, 0.0, 0.0, 0.0, 0.0, 0.0, 0.0, 0.0, 0.0, 0.0, 0.0, 0.0, 0.0, 0.0, 0.0, 0.0, 0.0, 0.0, 0.0, 0.0, 0.0, 0.0, 0.0, 0.0, 0.0, 777.10859822797, 0.0, 275.6085162473689, 195.2752789906408, 0.0, 0.0, 795.02027163655, 0.0, 812.2387426480036, 0.0, 0.0, 241.3255362525665, 0.0, 0.0, 0.0, 176.88607863499556, 799.2602194053385, 269.7297969782022, 0.0, 0.0, 0.0, 0.0, 0.0, 0.0, 809.0642358671976, 0.0, 147.73489957495525, 0.0, 270.6942945827235, 0.0, 0.0, 0.0, 0.0, 51.656755424389374, 0.0, 0.0, 0.0, 0.0, 0.0, 0.0, 762.8400781254575, 0.0, 0.0, 787.619629294843, 0.0, 0.0, 0.0, 767.7495538448957, 0.0, 0.0, 171.1989213786345, 0.0, 0.0, 0.0, 0.0, 0.0, 0.0, 0.0, 174.8706950164727, 0.0, 0.0, 0.0, 0.0, 285.30403625054237, 0.0, 0.0, 0.0, 0.0, 0.0, 0.0, 0.0, 800.9501213478989, 0.0, 0.0, 0.0, 240.94846849923852, 0.0, 0.0, 0.0, 0.0, 0.0, 0.0, 176.99985492770054, 769.4673968949867, 0.0, 0.0, 0.0, 0.0, 779.0933369155113, 0.0, 0.0, 0.0, 0.0, 126.4518871146322, 0.0, 0.0, 0.0, 0.0, 0.0, 0.0, 793.9365435555628, 0.0, 0.0, 0.0, 0.0, 0.0, 0.0, 271.9188716383715, 0.0, 797.1804215813274, 0.0, 0.0, 0.0, 0.0]
INFORMACIÓN : 19apuestaBundle [765.9806099314557, 764.5396235624447, 292.09464373722835, 193.33218940126065, 62.407678712653784]
INFORMACIÓN : 19positionsBundle [1028, 1838, 2462, 2161, 859]
INFORMACIÓN : 19levelsBundle [3, 3, 2, 3, 2]
INFORMACIÓN : 19positionsOrdered [2462, 2161, 1028, 1838, 859]
INFORMACIÓN : 19levelsOrdered [2, 3, 3, 3, 2]
INFORMACIÓN : 19partialityOrdered [2, 3, 3, 3, 2]
INFORMACIÓN : 19arrivalTimes [8.32969066173323, 14.41245319203145, 46.905968529969016, 65.77393079408222, 100.44380244080165]
INFORMACIÓN : I [AB]; lost Test.myBail@536cbf27; POS 1028; sensors [IR, MW]; level 3 I paid 765.9806099314557in favour of27@(myturtles,myturtles,bug)@MK-18426 paid 775.3184906440785
INFORMACIÓN : 20historia0[0.0, 0.0, 0.0, 0.0, 0.0, 0.0, 0.0, 0.0, 0.0, 0.0, 0.0, 0.0, 0.0, 0.0, 0.0, 803.3400396790485, 0.0, 0.0, 0.0, 0.0, 0.0, 0.0, 0.0, 787.6117352694845, 0.0, 767.237573056643, 0.0, 0.0, 0.0, 0.0, 0.0, 0.0, 0.0, 0.0, 0.0, 0.0, 0.0, 0.0, 0.0, 0.0, 0.0, 0.0, 0.0, 775.3184906440785, 0.0, 0.0, 0.0, 0.0, 0.0, 0.0, 0.0, 0.0, 283.39081773798983, 0.0, 0.0, 0.0, 0.0, 0.0, 275.6085162473689, 0.0, 0.0, 0.0, 795.02027163655, 0.0, 812.2387426480036, 262.3284396216242, 0.0, 241.3255362525665, 0.0, 0.0, 0.0, 176.88607863499556, 799.2602194053385, 0.0, 0.0, 0.0, 0.0, 0.0, 0.0, 248.10436622995974, 809.0642358671976, 0.0, 147.73489957495525, 0.0, 0.0, 0.0, 0.0, 0.0, 0.0, 0.0, 0.0, 0.0, 0.0, 0.0, 0.0, 0.0, 762.8400781254575, 0.0, 0.0, 787.619629294843, 0.0, 0.0, 0.0, 781.8668475997827, 0.0, 185.07795159727857, 171.1989213786345, 0.0, 0.0, 0.0, 0.0, 786.328966639679, 0.0, 0.0, 174.8706950164727, 0.0, 184.75566136063935, 0.0, 0.0, 285.30403625054237, 0.0, 0.0, 0.0, 0.0, 0.0, 0.0, 0.0, 800.9501213478989, 0.0, 0.0, 0.0, 240.94846849923852, 0.0, 0.0, 0.0, 0.0, 0.0, 0.0, 180.82874121926454, 769.4673968949867, 0.0, 0.0, 0.0, 0.0, 0.0, 0.0, 0.0, 0.0, 0.0, 126.4518871146322, 0.0, 0.0, 0.0, 0.0, 0.0, 0.0, 793.9365435555628, 0.0, 0.0, 0.0, 0.0, 0.0, 0.0, 0.0, 0.0, 797.1804215813274, 0.0, 0.0, 0.0, 0.0]
INFORMACIÓN : 20apuestaBundle [774.0085222226037, 769.2019702576868, 292.09464373722835, 277.3393428841441, 193.33218940126065]
INFORMACIÓN : 20positionsBundle [1630, 1280, 2462, 2216, 2161]
INFORMACIÓN : 20levelsBundle [3, 3, 2, 2, 3]
INFORMACIÓN : 20positionsOrdered [1280, 1630, 2462, 2161, 2216]
INFORMACIÓN : 20levelsOrdered [3, 3, 2, 3, 2]
INFORMACIÓN : 20partialityOrdered [3, 3, 2, 3, 2]
INFORMACIÓN : 20arrivalTimes [31.42260663636856, 39.21273841180613, 63.97157521808602, 70.05433774838424, 81.83639027939789]
INFORMACIÓN : I [AB]; lost Test.myBail@785edf07; POS 1280; sensors [IR, MW]; level 3 I paid 769.2019702576868in favour of27@(myturtles,myturtles,bug)@MK-18426 paid 772.3151951772525
INFORMACIÓN : 21historia0[0.0, 0.0, 0.0, 0.0, 0.0, 0.0, 0.0, 0.0, 0.0, 0.0, 0.0, 0.0, 0.0, 0.0, 0.0, 803.3400396790485, 0.0, 0.0, 0.0, 0.0, 0.0, 0.0, 0.0, 787.6117352694845, 0.0, 767.237573056643, 0.0, 0.0, 0.0, 0.0, 0.0, 0.0, 0.0, 0.0, 0.0, 0.0, 0.0, 0.0, 0.0, 0.0, 0.0, 0.0, 0.0, 775.3184906440785, 0.0, 0.0, 0.0, 0.0, 0.0, 0.0, 0.0, 0.0, 283.39081773798983, 0.0, 0.0, 0.0, 772.3151951772525, 0.0, 275.6085162473689, 170.26712942197415, 0.0, 0.0, 795.02027163655, 0.0, 812.2387426480036, 0.0, 0.0, 0.0, 0.0, 0.0, 0.0, 176.88607863499556, 799.2602194053385, 268.53650601979643, 46.147079996177766, 0.0, 0.0, 0.0, 0.0, 248.10436622995974, 809.0642358671976, 0.0, 147.73489957495525, 0.0, 0.0, 0.0, 0.0, 0.0, 0.0, 0.0, 0.0, 0.0, 0.0, 0.0, 0.0, 0.0, 762.8400781254575, 0.0, 0.0, 787.619629294843, 0.0, 0.0, 0.0, 781.8668475997827, 0.0, 185.07795159727857, 171.1989213786345, 0.0, 0.0, 0.0, 0.0, 786.328966639679, 38.73552048489478, 0.0, 174.8706950164727, 0.0, 184.75566136063935, 0.0, 0.0, 285.30403625054237, 0.0, 89.08478019065095, 0.0, 0.0, 0.0, 0.0, 0.0, 800.9501213478989, 0.0, 0.0, 0.0, 0.0, 0.0, 0.0, 0.0, 0.0, 0.0, 0.0, 180.82874121926454, 769.4673968949867, 0.0, 0.0, 0.0, 0.0, 774.0085222226037, 0.0, 0.0, 0.0, 0.0, 126.4518871146322, 0.0, 0.0, 0.0, 0.0, 0.0, 0.0, 793.9365435555628, 0.0, 0.0, 0.0, 0.0, 0.0, 0.0, 268.6332685915729, 0.0, 797.1804215813274, 0.0, 0.0, 0.0, 0.0]
INFORMACIÓN : 21apuestaBundle [774.0085222226037, 193.33218940126065, 88.18293399105391, 84.80734504331704, 43.0736473913944]
INFORMACIÓN : 21positionsBundle [1630, 2161, 2462, 2216, 887]
INFORMACIÓN : 21levelsBundle [3, 3, 1, 1, 2]
INFORMACIÓN : 21positionsOrdered [2161, 2462, 2216, 1630, 887]
INFORMACIÓN : 21levelsOrdered [3, 1, 1, 3, 2]
INFORMACIÓN : 21partialityOrdered [3, 2, 2, 3, 2]
INFORMACIÓN : 21arrivalTimes [5.97072112767058, 12.0534836579688, 18.456607895401646, 39.21273841180613, 55.76568376905298]
INFORMACIÓN : mutexSat position 2462 level 1
INFORMACIÓN : I [AB]; lost Test.myBail@2764d0f6; POS 2462; sensors []; level 1 I paid 88.18293399105391in favour ofnull paid 88.18293399105391
INFORMACIÓN : 22historia0[0.0, 0.0, 0.0, 0.0, 0.0, 0.0, 0.0, 0.0, 0.0, 0.0, 0.0, 0.0, 0.0, 0.0, 0.0, 803.3400396790485, 0.0, 0.0, 0.0, 0.0, 0.0, 0.0, 0.0, 787.6117352694845, 0.0, 767.237573056643, 0.0, 0.0, 0.0, 0.0, 0.0, 0.0, 0.0, 0.0, 0.0, 0.0, 0.0, 0.0, 0.0, 0.0, 0.0, 0.0, 0.0, 775.3184906440785, 0.0, 0.0, 0.0, 0.0, 0.0, 0.0, 0.0, 0.0, 283.39081773798983, 280.79348251914985, 0.0, 0.0, 772.3151951772525, 0.0, 275.6085162473689, 170.26712942197415, 0.0, 0.0, 795.02027163655, 0.0, 812.2387426480036, 0.0, 0.0, 0.0, 0.0, 0.0, 0.0, 176.88607863499556, 799.2602194053385, 268.53650601979643, 0.0, 0.0, 0.0, 0.0, 0.0, 248.10436622995974, 809.0642358671976, 0.0, 147.73489957495525, 0.0, 0.0, 0.0, 0.0, 0.0, 0.0, 0.0, 0.0, 0.0, 0.0, 0.0, 0.0, 0.0, 762.8400781254575, 0.0, 0.0, 787.619629294843, 0.0, 0.0, 0.0, 781.8668475997827, 0.0, 185.07795159727857, 171.1989213786345, 0.0, 0.0, 0.0, 0.0, 786.328966639679, 38.73552048489478, 0.0, 174.8706950164727, 0.0, 184.75566136063935, 59.045848834238974, 0.0, 285.30403625054237, 0.0, 89.08478019065095, 0.0, 0.0, 0.0, 0.0, 0.0, 800.9501213478989, 0.0, 0.0, 0.0, 0.0, 0.0, 0.0, 0.0, 0.0, 193.33218940126065, 0.0, 180.82874121926454, 769.4673968949867, 0.0, 0.0, 0.0, 0.0, 774.0085222226037, 0.0, 0.0, 0.0, 0.0, 126.4518871146322, 0.0, 0.0, 0.0, 0.0, 0.0, 0.0, 793.9365435555628, 0.0, 0.0, 0.0, 0.0, 0.0, 0.0, 268.6332685915729, 0.0, 797.1804215813274, 0.0, 0.0, 0.0, 0.0]
INFORMACIÓN : 22apuestaBundle [774.0085222226037, 193.33218940126065, 43.0736473913944]
INFORMACIÓN : 22positionsBundle [1630, 2161, 887]
INFORMACIÓN : 22levelsBundle [3, 3, 2]
INFORMACIÓN : 22positionsOrdered [2161, 1630, 887]
INFORMACIÓN : 22levelsOrdered [3, 3, 2]
INFORMACIÓN : 22partialityOrdered [3, 3, 2]
INFORMACIÓN : 22arrivalTimes [5.97072112767058, 39.21273841180613, 55.76568376905298]
INFORMACIÓN : I [AB]; lost Test.myBail@1bcb345b; POS 887; sensors [IR]; level 2 I paid 43.0736473913944in favour of27@(myturtles,myturtles,bug)@MK-18426 paid 51.656755424389374
INFORMACIÓN : 23historia0[0.0, 0.0, 0.0, 0.0, 0.0, 0.0, 0.0, 0.0, 0.0, 0.0, 0.0, 0.0, 0.0, 0.0, 0.0, 803.3400396790485, 0.0, 0.0, 0.0, 0.0, 0.0, 0.0, 0.0, 787.6117352694845, 0.0, 767.237573056643, 0.0, 0.0, 0.0, 0.0, 0.0, 0.0, 0.0, 0.0, 0.0, 0.0, 0.0, 0.0, 0.0, 0.0, 0.0, 0.0, 0.0, 775.3184906440785, 0.0, 0.0, 0.0, 0.0, 0.0, 0.0, 0.0, 0.0, 283.39081773798983, 280.79348251914985, 0.0, 0.0, 772.3151951772525, 0.0, 275.6085162473689, 170.26712942197415, 0.0, 0.0, 795.02027163655, 0.0, 812.2387426480036, 0.0, 0.0, 0.0, 0.0, 0.0, 0.0, 176.88607863499556, 799.2602194053385, 275.6389100031977, 0.0, 0.0, 0.0, 0.0, 0.0, 248.10436622995974, 809.0642358671976, 0.0, 147.73489957495525, 0.0, 0.0, 0.0, 0.0, 0.0, 0.0, 51.656755424389374, 0.0, 0.0, 0.0, 0.0, 0.0, 0.0, 762.8400781254575, 0.0, 0.0, 787.619629294843, 0.0, 0.0, 0.0, 781.8668475997827, 0.0, 185.07795159727857, 171.1989213786345, 0.0, 0.0, 0.0, 0.0, 786.328966639679, 38.73552048489478, 0.0, 174.8706950164727, 0.0, 184.75566136063935, 59.045848834238974, 0.0, 285.30403625054237, 0.0, 0.0, 0.0, 0.0, 0.0, 0.0, 0.0, 800.9501213478989, 0.0, 0.0, 0.0, 0.0, 0.0, 0.0, 0.0, 0.0, 193.33218940126065, 0.0, 180.82874121926454, 769.4673968949867, 0.0, 0.0, 0.0, 0.0, 774.0085222226037, 0.0, 0.0, 0.0, 0.0, 126.4518871146322, 0.0, 0.0, 0.0, 0.0, 0.0, 0.0, 793.9365435555628, 0.0, 0.0, 60.153832814621815, 0.0, 0.0, 0.0, 268.6332685915729, 0.0, 797.1804215813274, 0.0, 0.0, 0.0, 0.0]
INFORMACIÓN : 23apuestaBundle [774.0085222226037, 193.33218940126065, 62.407678712653784]
INFORMACIÓN : 23positionsBundle [1630, 2161, 859]
INFORMACIÓN : 23levelsBundle [3, 3, 2]
INFORMACIÓN : 23positionsOrdered [2161, 1630, 859]
INFORMACIÓN : 23levelsOrdered [3, 3, 2]
INFORMACIÓN : 23partialityOrdered [3, 3, 2]
INFORMACIÓN : 23arrivalTimes [5.97072112767058, 39.21273841180613, 65.019714212934]
INFORMACIÓN : 24historia0[0.0, 0.0, 0.0, 0.0, 0.0, 0.0, 0.0, 0.0, 0.0, 0.0, 0.0, 0.0, 0.0, 0.0, 0.0, 803.3400396790485, 0.0, 0.0, 0.0, 0.0, 0.0, 0.0, 0.0, 787.6117352694845, 0.0, 767.237573056643, 0.0, 0.0, 0.0, 0.0, 0.0, 0.0, 0.0, 0.0, 0.0, 0.0, 0.0, 0.0, 0.0, 0.0, 0.0, 0.0, 0.0, 775.3184906440785, 0.0, 0.0, 0.0, 0.0, 0.0, 0.0, 0.0, 0.0, 283.39081773798983, 280.79348251914985, 0.0, 0.0, 772.3151951772525, 0.0, 275.6085162473689, 170.26712942197415, 0.0, 0.0, 795.02027163655, 0.0, 812.2387426480036, 0.0, 0.0, 0.0, 0.0, 0.0, 0.0, 176.88607863499556, 799.2602194053385, 275.6389100031977, 0.0, 0.0, 0.0, 0.0, 0.0, 248.10436622995974, 809.0642358671976, 0.0, 147.73489957495525, 0.0, 0.0, 0.0, 0.0, 0.0, 0.0, 51.656755424389374, 0.0, 0.0, 0.0, 0.0, 0.0, 0.0, 762.8400781254575, 0.0, 0.0, 787.619629294843, 0.0, 0.0, 0.0, 781.8668475997827, 0.0, 185.07795159727857, 171.1989213786345, 0.0, 0.0, 0.0, 0.0, 786.328966639679, 0.0, 0.0, 174.8706950164727, 0.0, 184.75566136063935, 59.045848834238974, 0.0, 285.30403625054237, 0.0, 62.407678712653784, 0.0, 0.0, 0.0, 0.0, 0.0, 800.9501213478989, 0.0, 0.0, 0.0, 0.0, 0.0, 0.0, 0.0, 0.0, 193.33218940126065, 0.0, 180.82874121926454, 769.4673968949867, 0.0, 0.0, 0.0, 0.0, 774.0085222226037, 0.0, 0.0, 0.0, 0.0, 126.4518871146322, 0.0, 0.0, 0.0, 0.0, 0.0, 0.0, 793.9365435555628, 0.0, 0.0, 60.153832814621815, 0.0, 0.0, 0.0, 268.6332685915729, 0.0, 797.1804215813274, 0.0, 0.0, 0.0, 0.0]
INFORMACIÓN : 24apuestaBundle [774.0085222226037, 193.33218940126065, 62.407678712653784]
INFORMACIÓN : 24positionsBundle [1630, 2161, 859]
INFORMACIÓN : 24levelsBundle [3, 3, 2]
INFORMACIÓN : 24positionsOrdered [2161, 1630, 859]
INFORMACIÓN : 24levelsOrdered [3, 3, 2]
INFORMACIÓN : 24partialityOrdered [3, 3, 2]
INFORMACIÓN : 24arrivalTimes [5.97072112767058, 39.21273841180613, 65.019714212934]
INFORMACIÓN : 25historia0[0.0, 0.0, 0.0, 0.0, 0.0, 0.0, 0.0, 0.0, 0.0, 0.0, 0.0, 0.0, 0.0, 0.0, 0.0, 803.3400396790485, 0.0, 0.0, 0.0, 0.0, 0.0, 0.0, 0.0, 787.6117352694845, 0.0, 767.237573056643, 0.0, 0.0, 0.0, 0.0, 0.0, 0.0, 0.0, 0.0, 0.0, 0.0, 0.0, 0.0, 0.0, 0.0, 0.0, 0.0, 0.0, 775.3184906440785, 0.0, 0.0, 0.0, 0.0, 0.0, 0.0, 0.0, 0.0, 283.39081773798983, 280.79348251914985, 0.0, 0.0, 772.3151951772525, 0.0, 275.6085162473689, 170.26712942197415, 0.0, 0.0, 795.02027163655, 0.0, 812.2387426480036, 0.0, 0.0, 0.0, 0.0, 0.0, 0.0, 176.88607863499556, 799.2602194053385, 275.6389100031977, 0.0, 0.0, 0.0, 0.0, 0.0, 248.10436622995974, 809.0642358671976, 0.0, 147.73489957495525, 0.0, 0.0, 0.0, 0.0, 0.0, 0.0, 51.656755424389374, 0.0, 0.0, 0.0, 0.0, 0.0, 0.0, 762.8400781254575, 0.0, 0.0, 787.619629294843, 0.0, 0.0, 0.0, 781.8668475997827, 0.0, 185.07795159727857, 171.1989213786345, 0.0, 0.0, 0.0, 0.0, 786.328966639679, 0.0, 0.0, 174.8706950164727, 0.0, 184.75566136063935, 59.045848834238974, 0.0, 285.30403625054237, 0.0, 62.407678712653784, 0.0, 0.0, 0.0, 0.0, 0.0, 800.9501213478989, 0.0, 0.0, 0.0, 0.0, 0.0, 0.0, 0.0, 0.0, 193.33218940126065, 0.0, 180.82874121926454, 769.4673968949867, 0.0, 0.0, 0.0, 0.0, 774.0085222226037, 0.0, 0.0, 0.0, 0.0, 126.4518871146322, 0.0, 0.0, 0.0, 0.0, 0.0, 0.0, 793.9365435555628, 0.0, 0.0, 60.153832814621815, 0.0, 0.0, 0.0, 268.6332685915729, 0.0, 797.1804215813274, 0.0, 0.0, 0.0, 0.0]
INFORMACIÓN : 25apuestaBundle [774.0085222226037, 193.33218940126065, 62.407678712653784]
INFORMACIÓN : 25positionsBundle [1630, 2161, 859]
INFORMACIÓN : 25levelsBundle [3, 3, 2]
INFORMACIÓN : 25positionsOrdered [2161, 1630, 859]
INFORMACIÓN : 25levelsOrdered [3, 3, 2]
INFORMACIÓN : 25partialityOrdered [3, 3, 2]
INFORMACIÓN : 25arrivalTimes [5.97072112767058, 39.21273841180613, 65.019714212934]
INFORMACIÓN : 26historia0[0.0, 0.0, 0.0, 0.0, 0.0, 0.0, 0.0, 0.0, 0.0, 0.0, 0.0, 0.0, 0.0, 0.0, 0.0, 803.3400396790485, 0.0, 0.0, 0.0, 0.0, 0.0, 0.0, 0.0, 787.6117352694845, 0.0, 767.237573056643, 0.0, 0.0, 0.0, 0.0, 0.0, 0.0, 0.0, 0.0, 0.0, 0.0, 0.0, 0.0, 0.0, 0.0, 0.0, 0.0, 0.0, 775.3184906440785, 0.0, 0.0, 0.0, 0.0, 0.0, 0.0, 0.0, 0.0, 283.39081773798983, 280.79348251914985, 0.0, 0.0, 772.3151951772525, 0.0, 275.6085162473689, 170.26712942197415, 0.0, 0.0, 795.02027163655, 0.0, 812.2387426480036, 0.0, 0.0, 0.0, 0.0, 0.0, 0.0, 176.88607863499556, 799.2602194053385, 275.6389100031977, 0.0, 0.0, 0.0, 0.0, 0.0, 248.10436622995974, 809.0642358671976, 0.0, 147.73489957495525, 0.0, 0.0, 0.0, 0.0, 0.0, 0.0, 51.656755424389374, 0.0, 0.0, 0.0, 0.0, 0.0, 0.0, 762.8400781254575, 0.0, 0.0, 787.619629294843, 0.0, 0.0, 0.0, 781.8668475997827, 0.0, 185.07795159727857, 171.1989213786345, 0.0, 0.0, 0.0, 0.0, 786.328966639679, 0.0, 0.0, 174.8706950164727, 0.0, 184.75566136063935, 59.045848834238974, 0.0, 285.30403625054237, 0.0, 62.407678712653784, 0.0, 0.0, 0.0, 0.0, 0.0, 800.9501213478989, 0.0, 0.0, 0.0, 0.0, 0.0, 0.0, 0.0, 0.0, 193.33218940126065, 0.0, 180.82874121926454, 769.4673968949867, 0.0, 0.0, 0.0, 0.0, 774.0085222226037, 0.0, 0.0, 0.0, 0.0, 126.4518871146322, 0.0, 0.0, 0.0, 0.0, 0.0, 0.0, 793.9365435555628, 0.0, 0.0, 60.153832814621815, 0.0, 0.0, 0.0, 268.6332685915729, 0.0, 797.1804215813274, 0.0, 0.0, 0.0, 0.0]
INFORMACIÓN : 26apuestaBundle [774.0085222226037, 193.33218940126065, 62.407678712653784]
INFORMACIÓN : 26positionsBundle [1630, 2161, 859]
INFORMACIÓN : 26levelsBundle [3, 3, 2]
INFORMACIÓN : 26positionsOrdered [2161, 1630, 859]
INFORMACIÓN : 26levelsOrdered [3, 3, 2]
INFORMACIÓN : 26partialityOrdered [3, 3, 2]
INFORMACIÓN : 26arrivalTimes [5.97072112767058, 39.21273841180613, 65.019714212934]
INFORMACIÓN : 27historia0[0.0, 0.0, 0.0, 0.0, 0.0, 0.0, 0.0, 0.0, 0.0, 0.0, 0.0, 0.0, 0.0, 0.0, 0.0, 803.3400396790485, 0.0, 0.0, 0.0, 0.0, 0.0, 0.0, 0.0, 787.6117352694845, 0.0, 767.237573056643, 0.0, 0.0, 0.0, 0.0, 0.0, 0.0, 0.0, 0.0, 0.0, 0.0, 0.0, 0.0, 0.0, 0.0, 0.0, 0.0, 0.0, 775.3184906440785, 0.0, 0.0, 0.0, 0.0, 0.0, 0.0, 0.0, 0.0, 283.39081773798983, 280.79348251914985, 0.0, 0.0, 772.3151951772525, 0.0, 275.6085162473689, 170.26712942197415, 0.0, 0.0, 795.02027163655, 0.0, 812.2387426480036, 0.0, 0.0, 0.0, 0.0, 0.0, 0.0, 176.88607863499556, 799.2602194053385, 275.6389100031977, 0.0, 0.0, 0.0, 0.0, 0.0, 248.10436622995974, 809.0642358671976, 0.0, 147.73489957495525, 0.0, 0.0, 0.0, 0.0, 0.0, 0.0, 51.656755424389374, 0.0, 0.0, 0.0, 0.0, 0.0, 0.0, 762.8400781254575, 0.0, 0.0, 787.619629294843, 0.0, 0.0, 0.0, 781.8668475997827, 0.0, 185.07795159727857, 171.1989213786345, 0.0, 0.0, 0.0, 0.0, 786.328966639679, 0.0, 0.0, 174.8706950164727, 0.0, 184.75566136063935, 59.045848834238974, 0.0, 285.30403625054237, 0.0, 62.407678712653784, 0.0, 0.0, 0.0, 0.0, 0.0, 800.9501213478989, 0.0, 0.0, 0.0, 0.0, 0.0, 0.0, 0.0, 0.0, 193.33218940126065, 0.0, 180.82874121926454, 769.4673968949867, 0.0, 0.0, 0.0, 0.0, 774.0085222226037, 0.0, 0.0, 0.0, 0.0, 126.4518871146322, 0.0, 0.0, 0.0, 0.0, 0.0, 0.0, 793.9365435555628, 0.0, 0.0, 60.153832814621815, 0.0, 0.0, 0.0, 268.6332685915729, 0.0, 797.1804215813274, 0.0, 0.0, 0.0, 0.0]
INFORMACIÓN : 27apuestaBundle [774.0085222226037, 193.33218940126065, 62.407678712653784]
INFORMACIÓN : 27positionsBundle [1630, 2161, 859]
INFORMACIÓN : 27levelsBundle [3, 3, 2]
INFORMACIÓN : 27positionsOrdered [2161, 1630, 859]
INFORMACIÓN : 27levelsOrdered [3, 3, 2]
INFORMACIÓN : 27partialityOrdered [3, 3, 2]
INFORMACIÓN : 27arrivalTimes [5.97072112767058, 39.21273841180613, 65.019714212934]
INFORMACIÓN : I [AB]; lost Test.myBail@fa25e41; POS 1630; sensors [IR, MW]; level 3 I paid 774.0085222226037in favour of30@(myturtles,myturtles,bug)@MK-18426 paid 779.0933369155113
INFORMACIÓN : 28historia0[0.0, 0.0, 0.0, 0.0, 0.0, 0.0, 0.0, 0.0, 0.0, 0.0, 0.0, 0.0, 0.0, 0.0, 0.0, 803.3400396790485, 0.0, 0.0, 0.0, 0.0, 0.0, 0.0, 0.0, 787.6117352694845, 0.0, 0.0, 0.0, 0.0, 0.0, 0.0, 0.0, 0.0, 0.0, 0.0, 0.0, 0.0, 0.0, 0.0, 0.0, 0.0, 0.0, 0.0, 0.0, 775.3184906440785, 0.0, 0.0, 0.0, 0.0, 0.0, 0.0, 0.0, 0.0, 283.39081773798983, 0.0, 0.0, 0.0, 777.10859822797, 0.0, 275.6085162473689, 170.26712942197415, 0.0, 0.0, 795.02027163655, 0.0, 812.2387426480036, 0.0, 0.0, 241.86537929357996, 0.0, 0.0, 0.0, 176.88607863499556, 799.2602194053385, 275.6389100031977, 0.0, 0.0, 0.0, 0.0, 0.0, 248.10436622995974, 809.0642358671976, 0.0, 147.73489957495525, 0.0, 0.0, 0.0, 0.0, 0.0, 0.0, 51.656755424389374, 0.0, 0.0, 0.0, 0.0, 0.0, 0.0, 762.8400781254575, 0.0, 0.0, 787.619629294843, 0.0, 0.0, 0.0, 781.8668475997827, 0.0, 185.07795159727857, 171.1989213786345, 0.0, 0.0, 0.0, 0.0, 786.328966639679, 0.0, 0.0, 174.8706950164727, 0.0, 184.75566136063935, 0.0, 0.0, 285.30403625054237, 0.0, 0.0, 0.0, 0.0, 0.0, 0.0, 0.0, 800.9501213478989, 0.0, 0.0, 0.0, 241.0695697257388, 0.0, 0.0, 0.0, 0.0, 0.0, 0.0, 180.82874121926454, 769.4673968949867, 0.0, 0.0, 0.0, 0.0, 779.0933369155113, 0.0, 0.0, 0.0, 0.0, 126.4518871146322, 0.0, 0.0, 0.0, 0.0, 0.0, 0.0, 793.9365435555628, 0.0, 0.0, 60.153832814621815, 0.0, 0.0, 0.0, 268.6332685915729, 0.0, 797.1804215813274, 0.0, 0.0, 0.0, 0.0]
INFORMACIÓN : 28apuestaBundle [764.5396235624447, 292.09464373722835, 264.2765537537897, 193.33218940126065, 59.05176608536817]
INFORMACIÓN : 28positionsBundle [1838, 2462, 1933, 2161, 859]
INFORMACIÓN : 28levelsBundle [3, 2, 2, 3, 2]
INFORMACIÓN : 28positionsOrdered [2462, 2161, 1933, 1838, 859]
INFORMACIÓN : 28levelsOrdered [2, 3, 2, 3, 2]
INFORMACIÓN : 28partialityOrdered [2, 3, 2, 3, 2]
INFORMACIÓN : 28arrivalTimes [8.32969066173323, 14.41245319203145, 45.9209423443055, 63.77393079408222, 98.44380244080165]
INFORMACIÓN : timeSat position 1933 level 2
INFORMACIÓN : I [AB]; lost Test.myBail@35a2b8a6; POS 1933; sensors [IR]; level 2 I paid 264.2765537537897in favour ofnull paid 264.2765537537897
INFORMACIÓN : 29historia0[0.0, 0.0, 0.0, 0.0, 0.0, 0.0, 0.0, 0.0, 0.0, 0.0, 0.0, 0.0, 0.0, 0.0, 0.0, 803.3400396790485, 0.0, 0.0, 0.0, 0.0, 0.0, 0.0, 0.0, 787.6117352694845, 0.0, 764.5396235624447, 0.0, 0.0, 0.0, 53.500136623460456, 0.0, 0.0, 0.0, 0.0, 0.0, 0.0, 0.0, 0.0, 0.0, 0.0, 60.71010394788743, 0.0, 0.0, 775.3184906440785, 0.0, 0.0, 0.0, 0.0, 0.0, 0.0, 0.0, 0.0, 0.0, 292.09464373722835, 0.0, 45.56473558641139, 777.10859822797, 0.0, 275.6085162473689, 170.26712942197415, 0.0, 0.0, 795.02027163655, 0.0, 812.2387426480036, 262.3284396216242, 0.0, 241.86537929357996, 0.0, 0.0, 0.0, 176.88607863499556, 799.2602194053385, 275.6389100031977, 0.0, 0.0, 0.0, 0.0, 0.0, 0.0, 809.0642358671976, 0.0, 147.73489957495525, 0.0, 0.0, 0.0, 0.0, 0.0, 0.0, 0.0, 0.0, 0.0, 0.0, 0.0, 0.0, 0.0, 0.0, 0.0, 0.0, 787.619629294843, 0.0, 0.0, 21.109647586575115, 781.8668475997827, 44.84929360866998, 0.0, 171.1989213786345, 0.0, 0.0, 0.0, 0.0, 787.6264516519441, 0.0, 0.0, 174.8706950164727, 0.0, 0.0, 0.0, 0.0, 285.30403625054237, 0.0, 0.0, 0.0, 0.0, 0.0, 0.0, 0.0, 800.9501213478989, 0.0, 0.0, 0.0, 241.0695697257388, 0.0, 0.0, 0.0, 0.0, 0.0, 0.0, 0.0, 769.4673968949867, 0.0, 0.0, 53.500136623460456, 16.236147618728864, 779.0933369155113, 0.0, 0.0, 0.0, 0.0, 126.4518871146322, 0.0, 0.0, 0.0, 0.0, 0.0, 0.0, 793.9365435555628, 0.0, 0.0, 0.0, 0.0, 0.0, 0.0, 268.6332685915729, 0.0, 797.3223017689199, 60.71010394788743, 282.9675404031882, 0.0, 0.0]
INFORMACIÓN : 29apuestaBundle [764.5396235624447, 292.09464373722835, 157.9215977662662, 59.05176608536817, 43.0736473913944]
INFORMACIÓN : 29positionsBundle [1838, 2462, 716, 859, 887]
INFORMACIÓN : 29levelsBundle [3, 2, 1, 2, 2]
INFORMACIÓN : 29positionsOrdered [2462, 1838, 716, 859, 887]
INFORMACIÓN : 29levelsOrdered [2, 3, 1, 2, 2]
INFORMACIÓN : 29partialityOrdered [2, 3, 1, 2, 2]
INFORMACIÓN : 29arrivalTimes [8.32969066173323, 63.77393079408222, 94.8866291662903, 102.50240227215421, 130.5024022721542]
INFORMACIÓN : 30historia0[0.0, 0.0, 0.0, 0.0, 0.0, 0.0, 0.0, 0.0, 0.0, 0.0, 0.0, 0.0, 0.0, 0.0, 0.0, 803.3400396790485, 0.0, 0.0, 0.0, 0.0, 0.0, 0.0, 0.0, 787.6117352694845, 0.0, 764.5396235624447, 0.0, 0.0, 0.0, 0.0, 0.0, 0.0, 0.0, 0.0, 0.0, 0.0, 0.0, 0.0, 0.0, 0.0, 0.0, 0.0, 0.0, 775.3184906440785, 0.0, 0.0, 0.0, 0.0, 0.0, 0.0, 0.0, 0.0, 273.1510492025625, 292.09464373722835, 0.0, 0.0, 777.10859822797, 0.0, 275.6085162473689, 195.2752789906408, 0.0, 0.0, 795.02027163655, 0.0, 812.2387426480036, 262.3284396216242, 0.0, 254.93910901196963, 0.0, 0.0, 0.0, 176.88607863499556, 799.2602194053385, 275.6389100031977, 0.0, 0.0, 0.0, 0.0, 0.0, 0.0, 809.0642358671976, 0.0, 147.73489957495525, 0.0, 0.0, 0.0, 0.0, 0.0, 0.0, 43.0736473913944, 0.0, 0.0, 0.0, 0.0, 0.0, 0.0, 0.0, 0.0, 0.0, 787.619629294843, 0.0, 0.0, 21.109647586575115, 781.8668475997827, 0.0, 155.32001995135715, 171.1989213786345, 0.0, 0.0, 0.0, 0.0, 0.0, 0.0, 0.0, 174.8706950164727, 0.0, 157.3062095027072, 0.0, 0.0, 0.0, 0.0, 59.05176608536817, 0.0, 0.0, 0.0, 0.0, 0.0, 800.9501213478989, 0.0, 0.0, 0.0, 241.0695697257388, 0.0, 0.0, 0.0, 0.0, 0.0, 0.0, 157.9215977662662, 769.4673968949867, 0.0, 0.0, 0.0, 0.0, 779.0933369155113, 0.0, 0.0, 0.0, 0.0, 126.4518871146322, 0.0, 0.0, 0.0, 0.0, 0.0, 0.0, 793.9365435555628, 0.0, 0.0, 0.0, 0.0, 67.10228367855197, 0.0, 271.9188716383715, 0.0, 797.3223017689199, 60.71010394788743, 282.9675404031882, 0.0, 0.0]
INFORMACIÓN : 30apuestaBundle [764.5396235624447, 292.09464373722835, 157.9215977662662, 59.05176608536817, 43.0736473913944]
INFORMACIÓN : 30positionsBundle [1838, 2462, 716, 859, 887]
INFORMACIÓN : 30levelsBundle [3, 2, 1, 2, 2]
INFORMACIÓN : 30positionsOrdered [2462, 1838, 716, 859, 887]
INFORMACIÓN : 30levelsOrdered [2, 3, 1, 2, 2]
INFORMACIÓN : 30partialityOrdered [2, 3, 1, 2, 2]
INFORMACIÓN : 30arrivalTimes [8.32969066173323, 63.77393079408222, 94.8866291662903, 102.50240227215421, 130.5024022721542]
INFORMACIÓN : 31historia0[0.0, 0.0, 0.0, 0.0, 0.0, 0.0, 0.0, 0.0, 0.0, 0.0, 0.0, 0.0, 0.0, 78.02301501204498, 0.0, 803.3400396790485, 0.0, 0.0, 0.0, 0.0, 0.0, 0.0, 0.0, 787.6117352694845, 0.0, 764.5396235624447, 0.0, 0.0, 0.0, 0.0, 0.0, 0.0, 0.0, 0.0, 0.0, 0.0, 0.0, 0.0, 0.0, 0.0, 0.0, 0.0, 0.0, 775.3184906440785, 0.0, 0.0, 0.0, 0.0, 0.0, 0.0, 184.19724854174038, 0.0, 273.1510492025625, 292.09464373722835, 0.0, 0.0, 777.10859822797, 0.0, 275.6085162473689, 0.0, 0.0, 0.0, 795.02027163655, 0.0, 812.2387426480036, 262.3284396216242, 0.0, 254.93910901196963, 0.0, 0.0, 0.0, 176.88607863499556, 799.2602194053385, 275.6389100031977, 0.0, 0.0, 0.0, 0.0, 0.0, 0.0, 809.0642358671976, 0.0, 147.73489957495525, 0.0, 0.0, 0.0, 0.0, 0.0, 0.0, 43.0736473913944, 0.0, 0.0, 0.0, 0.0, 66.87541710663265, 0.0, 0.0, 0.0, 0.0, 787.619629294843, 0.0, 0.0, 0.0, 781.8668475997827, 0.0, 167.16387165374044, 171.1989213786345, 0.0, 0.0, 0.0, 0.0, 0.0, 0.0, 0.0, 174.8706950164727, 0.0, 178.4084217082135, 0.0, 0.0, 0.0, 49.731925886624865, 59.05176608536817, 0.0, 0.0, 0.0, 0.0, 0.0, 800.9501213478989, 0.0, 0.0, 0.0, 0.0, 0.0, 0.0, 0.0, 0.0, 0.0, 0.0, 157.9215977662662, 769.4673968949867, 0.0, 0.0, 0.0, 0.0, 779.0933369155113, 0.0, 0.0, 0.0, 0.0, 126.4518871146322, 0.0, 0.0, 0.0, 0.0, 0.0, 0.0, 793.9365435555628, 0.0, 0.0, 0.0, 0.0, 0.0, 0.0, 271.9188716383715, 0.0, 797.3223017689199, 60.71010394788743, 282.9675404031882, 0.0, 0.0]
INFORMACIÓN : 31apuestaBundle [764.5396235624447, 292.09464373722835, 157.9215977662662, 59.05176608536817, 43.0736473913944]
INFORMACIÓN : 31positionsBundle [1838, 2462, 716, 859, 887]
INFORMACIÓN : 31levelsBundle [3, 2, 1, 2, 2]
INFORMACIÓN : 31positionsOrdered [2462, 1838, 716, 859, 887]
INFORMACIÓN : 31levelsOrdered [2, 3, 1, 2, 2]
INFORMACIÓN : 31partialityOrdered [2, 3, 1, 2, 2]
INFORMACIÓN : 31arrivalTimes [8.32969066173323, 63.77393079408222, 94.8866291662903, 102.50240227215421, 130.5024022721542]
INFORMACIÓN : 32historia0[0.0, 0.0, 0.0, 0.0, 0.0, 0.0, 0.0, 0.0, 0.0, 0.0, 0.0, 0.0, 0.0, 78.02301501204498, 0.0, 803.3400396790485, 0.0, 0.0, 0.0, 0.0, 0.0, 0.0, 0.0, 787.6117352694845, 0.0, 764.5396235624447, 0.0, 0.0, 0.0, 0.0, 0.0, 0.0, 0.0, 0.0, 0.0, 0.0, 0.0, 0.0, 0.0, 0.0, 0.0, 0.0, 0.0, 775.3184906440785, 0.0, 0.0, 0.0, 0.0, 0.0, 0.0, 184.19724854174038, 0.0, 273.1510492025625, 292.09464373722835, 0.0, 0.0, 777.10859822797, 0.0, 275.6085162473689, 0.0, 0.0, 0.0, 795.02027163655, 0.0, 812.2387426480036, 262.3284396216242, 0.0, 254.93910901196963, 0.0, 0.0, 0.0, 176.88607863499556, 799.2602194053385, 275.6389100031977, 50.77121896294893, 0.0, 0.0, 0.0, 0.0, 0.0, 809.0642358671976, 0.0, 147.73489957495525, 0.0, 0.0, 0.0, 0.0, 0.0, 0.0, 43.0736473913944, 0.0, 0.0, 0.0, 0.0, 64.27398925473244, 0.0, 0.0, 0.0, 0.0, 787.619629294843, 0.0, 0.0, 0.0, 781.8668475997827, 0.0, 0.0, 171.1989213786345, 0.0, 0.0, 0.0, 0.0, 0.0, 0.0, 0.0, 174.8706950164727, 0.0, 0.0, 0.0, 0.0, 0.0, 0.0, 59.05176608536817, 0.0, 0.0, 0.0, 0.0, 0.0, 800.9501213478989, 0.0, 0.0, 0.0, 241.0695697257388, 0.0, 0.0, 0.0, 0.0, 0.0, 0.0, 157.9215977662662, 769.4673968949867, 0.0, 0.0, 38.17241903982392, 0.0, 779.0933369155113, 0.0, 0.0, 0.0, 0.0, 126.4518871146322, 0.0, 0.0, 0.0, 0.0, 0.0, 0.0, 793.9365435555628, 0.0, 0.0, 0.0, 0.0, 0.0, 0.0, 271.9188716383715, 0.0, 797.3223017689199, 60.71010394788743, 282.9675404031882, 0.0, 0.0]
INFORMACIÓN : 32apuestaBundle [764.5396235624447, 292.09464373722835, 157.9215977662662, 59.05176608536817, 43.0736473913944]
INFORMACIÓN : 32positionsBundle [1838, 2462, 716, 859, 887]
INFORMACIÓN : 32levelsBundle [3, 2, 1, 2, 2]
INFORMACIÓN : 32positionsOrdered [2462, 1838, 716, 859, 887]
INFORMACIÓN : 32levelsOrdered [2, 3, 1, 2, 2]
INFORMACIÓN : 32partialityOrdered [2, 3, 1, 2, 2]
INFORMACIÓN : 32arrivalTimes [8.32969066173323, 63.77393079408222, 94.8866291662903, 102.50240227215421, 130.5024022721542]
INFORMACIÓN : 33historia0[0.0, 0.0, 0.0, 0.0, 0.0, 0.0, 0.0, 0.0, 0.0, 0.0, 0.0, 0.0, 0.0, 78.02301501204498, 0.0, 803.3400396790485, 0.0, 0.0, 0.0, 0.0, 0.0, 0.0, 0.0, 787.6117352694845, 0.0, 764.5396235624447, 0.0, 0.0, 0.0, 0.0, 0.0, 0.0, 0.0, 0.0, 0.0, 0.0, 0.0, 0.0, 0.0, 0.0, 0.0, 0.0, 0.0, 775.3184906440785, 0.0, 0.0, 0.0, 0.0, 0.0, 0.0, 184.19724854174038, 0.0, 273.1510492025625, 292.09464373722835, 0.0, 0.0, 777.10859822797, 0.0, 275.6085162473689, 0.0, 0.0, 0.0, 795.02027163655, 0.0, 812.2387426480036, 262.3284396216242, 0.0, 254.93910901196963, 0.0, 0.0, 0.0, 176.88607863499556, 799.2602194053385, 275.6389100031977, 0.0, 0.0, 0.0, 0.0, 0.0, 0.0, 809.0642358671976, 0.0, 147.73489957495525, 0.0, 0.0, 0.0, 0.0, 0.0, 0.0, 43.0736473913944, 0.0, 0.0, 0.0, 0.0, 64.27398925473244, 0.0, 0.0, 0.0, 0.0, 787.619629294843, 0.0, 0.0, 0.0, 781.8668475997827, 0.0, 0.0, 171.1989213786345, 0.0, 0.0, 0.0, 0.0, 0.0, 0.0, 0.0, 174.8706950164727, 0.0, 0.0, 0.0, 0.0, 0.0, 0.0, 59.05176608536817, 0.0, 0.0, 0.0, 0.0, 0.0, 800.9501213478989, 0.0, 0.0, 0.0, 241.0695697257388, 0.0, 0.0, 0.0, 0.0, 0.0, 0.0, 157.9215977662662, 769.4673968949867, 0.0, 0.0, 38.17241903982392, 0.0, 779.0933369155113, 0.0, 0.0, 0.0, 0.0, 126.4518871146322, 0.0, 0.0, 0.0, 0.0, 0.0, 0.0, 793.9365435555628, 0.0, 0.0, 0.0, 0.0, 0.0, 0.0, 271.9188716383715, 0.0, 797.3223017689199, 60.71010394788743, 282.9675404031882, 0.0, 0.0]
INFORMACIÓN : 33apuestaBundle [764.5396235624447, 292.09464373722835, 157.9215977662662, 59.05176608536817, 43.0736473913944]
INFORMACIÓN : 33positionsBundle [1838, 2462, 716, 859, 887]
INFORMACIÓN : 33levelsBundle [3, 2, 1, 2, 2]
INFORMACIÓN : 33positionsOrdered [2462, 1838, 716, 859, 887]
INFORMACIÓN : 33levelsOrdered [2, 3, 1, 2, 2]
INFORMACIÓN : 33partialityOrdered [2, 3, 1, 2, 2]
INFORMACIÓN : 33arrivalTimes [8.32969066173323, 63.77393079408222, 94.8866291662903, 102.50240227215421, 130.5024022721542]
INFORMACIÓN : 34historia0[0.0, 0.0, 0.0, 0.0, 0.0, 0.0, 0.0, 0.0, 0.0, 0.0, 0.0, 0.0, 0.0, 78.02301501204498, 0.0, 803.3400396790485, 0.0, 0.0, 0.0, 0.0, 0.0, 0.0, 0.0, 787.6117352694845, 0.0, 764.5396235624447, 0.0, 0.0, 0.0, 0.0, 0.0, 0.0, 0.0, 0.0, 0.0, 0.0, 0.0, 0.0, 0.0, 0.0, 0.0, 0.0, 0.0, 775.3184906440785, 0.0, 0.0, 0.0, 0.0, 0.0, 0.0, 184.19724854174038, 0.0, 273.1510492025625, 292.09464373722835, 0.0, 0.0, 777.10859822797, 0.0, 275.6085162473689, 0.0, 0.0, 0.0, 795.02027163655, 0.0, 812.2387426480036, 262.3284396216242, 0.0, 254.93910901196963, 0.0, 0.0, 0.0, 176.88607863499556, 799.2602194053385, 275.6389100031977, 0.0, 0.0, 0.0, 0.0, 0.0, 0.0, 809.0642358671976, 0.0, 147.73489957495525, 0.0, 0.0, 0.0, 0.0, 0.0, 0.0, 43.0736473913944, 0.0, 0.0, 0.0, 0.0, 64.27398925473244, 0.0, 0.0, 0.0, 0.0, 787.619629294843, 0.0, 0.0, 0.0, 781.8668475997827, 0.0, 0.0, 171.1989213786345, 0.0, 0.0, 0.0, 0.0, 0.0, 0.0, 0.0, 174.8706950164727, 0.0, 0.0, 0.0, 0.0, 0.0, 0.0, 59.05176608536817, 0.0, 0.0, 0.0, 0.0, 0.0, 800.9501213478989, 0.0, 0.0, 0.0, 241.0695697257388, 0.0, 0.0, 0.0, 0.0, 0.0, 0.0, 157.9215977662662, 769.4673968949867, 0.0, 0.0, 38.17241903982392, 0.0, 779.0933369155113, 0.0, 0.0, 0.0, 0.0, 126.4518871146322, 0.0, 0.0, 0.0, 0.0, 0.0, 0.0, 793.9365435555628, 0.0, 0.0, 0.0, 0.0, 0.0, 0.0, 271.9188716383715, 0.0, 797.3223017689199, 60.71010394788743, 282.9675404031882, 0.0, 0.0]
INFORMACIÓN : 34apuestaBundle [764.5396235624447, 292.09464373722835, 157.9215977662662, 59.05176608536817, 43.0736473913944]
INFORMACIÓN : 34positionsBundle [1838, 2462, 716, 859, 887]
INFORMACIÓN : 34levelsBundle [3, 2, 1, 2, 2]
INFORMACIÓN : 34positionsOrdered [2462, 1838, 716, 859, 887]
INFORMACIÓN : 34levelsOrdered [2, 3, 1, 2, 2]
INFORMACIÓN : 34partialityOrdered [2, 3, 1, 2, 2]
INFORMACIÓN : 34arrivalTimes [8.32969066173323, 63.77393079408222, 94.8866291662903, 102.50240227215421, 130.5024022721542]
INFORMACIÓN : 35historia0[0.0, 0.0, 0.0, 0.0, 0.0, 0.0, 0.0, 0.0, 0.0, 0.0, 0.0, 0.0, 0.0, 78.02301501204498, 0.0, 803.3400396790485, 0.0, 0.0, 0.0, 0.0, 0.0, 0.0, 0.0, 787.6117352694845, 0.0, 764.5396235624447, 0.0, 0.0, 0.0, 0.0, 0.0, 0.0, 0.0, 0.0, 0.0, 0.0, 0.0, 0.0, 0.0, 0.0, 0.0, 0.0, 0.0, 775.3184906440785, 0.0, 0.0, 0.0, 0.0, 0.0, 0.0, 184.19724854174038, 0.0, 273.1510492025625, 292.09464373722835, 0.0, 0.0, 777.10859822797, 0.0, 275.6085162473689, 0.0, 0.0, 0.0, 795.02027163655, 0.0, 812.2387426480036, 262.3284396216242, 0.0, 254.93910901196963, 0.0, 0.0, 0.0, 176.88607863499556, 799.2602194053385, 275.6389100031977, 0.0, 0.0, 0.0, 0.0, 0.0, 0.0, 809.0642358671976, 0.0, 147.73489957495525, 0.0, 0.0, 0.0, 0.0, 0.0, 0.0, 43.0736473913944, 0.0, 0.0, 0.0, 0.0, 64.27398925473244, 0.0, 0.0, 0.0, 0.0, 787.619629294843, 0.0, 0.0, 0.0, 781.8668475997827, 0.0, 0.0, 171.1989213786345, 0.0, 0.0, 0.0, 0.0, 0.0, 0.0, 0.0, 174.8706950164727, 0.0, 0.0, 0.0, 0.0, 0.0, 0.0, 59.05176608536817, 0.0, 0.0, 0.0, 0.0, 0.0, 800.9501213478989, 0.0, 0.0, 0.0, 241.0695697257388, 0.0, 0.0, 0.0, 0.0, 0.0, 0.0, 157.9215977662662, 769.4673968949867, 0.0, 0.0, 38.17241903982392, 0.0, 779.0933369155113, 0.0, 0.0, 0.0, 0.0, 126.4518871146322, 0.0, 0.0, 0.0, 0.0, 0.0, 0.0, 793.9365435555628, 0.0, 0.0, 0.0, 0.0, 0.0, 0.0, 271.9188716383715, 0.0, 797.3223017689199, 60.71010394788743, 282.9675404031882, 0.0, 0.0]
INFORMACIÓN : 35apuestaBundle [764.5396235624447, 292.09464373722835, 157.9215977662662, 59.05176608536817, 43.0736473913944]
INFORMACIÓN : 35positionsBundle [1838, 2462, 716, 859, 887]
INFORMACIÓN : 35levelsBundle [3, 2, 1, 2, 2]
INFORMACIÓN : 35positionsOrdered [2462, 1838, 716, 859, 887]
INFORMACIÓN : 35levelsOrdered [2, 3, 1, 2, 2]
INFORMACIÓN : 35partialityOrdered [2, 3, 1, 2, 2]
INFORMACIÓN : 35arrivalTimes [8.32969066173323, 63.77393079408222, 94.8866291662903, 102.50240227215421, 130.5024022721542]
INFORMACIÓN : 36historia0[0.0, 0.0, 0.0, 0.0, 0.0, 0.0, 0.0, 0.0, 0.0, 0.0, 0.0, 0.0, 0.0, 78.02301501204498, 0.0, 803.3400396790485, 0.0, 0.0, 0.0, 0.0, 0.0, 0.0, 0.0, 787.6117352694845, 0.0, 764.5396235624447, 0.0, 0.0, 0.0, 0.0, 0.0, 0.0, 0.0, 0.0, 0.0, 0.0, 0.0, 0.0, 0.0, 0.0, 0.0, 0.0, 0.0, 775.3184906440785, 0.0, 0.0, 0.0, 0.0, 0.0, 0.0, 184.19724854174038, 0.0, 273.1510492025625, 292.09464373722835, 0.0, 0.0, 777.10859822797, 0.0, 275.6085162473689, 0.0, 0.0, 0.0, 795.02027163655, 0.0, 812.2387426480036, 262.3284396216242, 0.0, 254.93910901196963, 0.0, 0.0, 0.0, 176.88607863499556, 799.2602194053385, 275.6389100031977, 0.0, 0.0, 0.0, 0.0, 0.0, 0.0, 809.0642358671976, 0.0, 147.73489957495525, 0.0, 0.0, 0.0, 0.0, 0.0, 0.0, 43.0736473913944, 0.0, 0.0, 0.0, 0.0, 64.27398925473244, 0.0, 0.0, 0.0, 0.0, 787.619629294843, 0.0, 0.0, 0.0, 781.8668475997827, 0.0, 0.0, 171.1989213786345, 0.0, 0.0, 0.0, 0.0, 0.0, 0.0, 0.0, 174.8706950164727, 0.0, 0.0, 0.0, 0.0, 0.0, 0.0, 59.05176608536817, 0.0, 0.0, 0.0, 0.0, 0.0, 800.9501213478989, 0.0, 0.0, 0.0, 241.0695697257388, 0.0, 0.0, 0.0, 0.0, 0.0, 0.0, 157.9215977662662, 769.4673968949867, 0.0, 0.0, 38.17241903982392, 0.0, 779.0933369155113, 0.0, 0.0, 0.0, 0.0, 126.4518871146322, 0.0, 0.0, 0.0, 0.0, 0.0, 0.0, 793.9365435555628, 0.0, 0.0, 0.0, 0.0, 0.0, 0.0, 271.9188716383715, 0.0, 797.3223017689199, 60.71010394788743, 282.9675404031882, 0.0, 0.0]
INFORMACIÓN : 36apuestaBundle [764.5396235624447, 292.09464373722835, 157.9215977662662, 59.05176608536817, 43.0736473913944]
INFORMACIÓN : 36positionsBundle [1838, 2462, 716, 859, 887]
INFORMACIÓN : 36levelsBundle [3, 2, 1, 2, 2]
INFORMACIÓN : 36positionsOrdered [2462, 1838, 716, 859, 887]
INFORMACIÓN : 36levelsOrdered [2, 3, 1, 2, 2]
INFORMACIÓN : 36partialityOrdered [2, 3, 1, 2, 2]
INFORMACIÓN : 36arrivalTimes [8.32969066173323, 63.77393079408222, 94.8866291662903, 102.50240227215421, 130.5024022721542]
INFORMACIÓN : depSat position 2462 level 2
INFORMACIÓN : I [AB]; lost Test.myBail@28eb4cc5; POS 1838; sensors [IR, MW]; level 3 I paid 764.5396235624447in favour of30@(myturtles,myturtles,bug)@MK-18426 paid 768.5335744465737
INFORMACIÓN : 37historia0[0.0, 0.0, 0.0, 0.0, 0.0, 0.0, 0.0, 0.0, 0.0, 0.0, 0.0, 0.0, 0.0, 78.02301501204498, 0.0, 803.3400396790485, 0.0, 0.0, 0.0, 0.0, 0.0, 0.0, 0.0, 787.6117352694845, 0.0, 768.5335744465737, 0.0, 0.0, 0.0, 0.0, 0.0, 0.0, 0.0, 0.0, 0.0, 0.0, 0.0, 0.0, 0.0, 0.0, 0.0, 0.0, 0.0, 775.3184906440785, 0.0, 0.0, 0.0, 0.0, 0.0, 0.0, 184.19724854174038, 0.0, 273.1510492025625, 0.0, 0.0, 0.0, 0.0, 0.0, 275.6085162473689, 0.0, 0.0, 0.0, 795.02027163655, 0.0, 812.2387426480036, 262.3284396216242, 0.0, 254.93910901196963, 0.0, 0.0, 0.0, 176.88607863499556, 799.2602194053385, 275.6389100031977, 0.0, 0.0, 0.0, 0.0, 0.0, 0.0, 809.0642358671976, 0.0, 147.73489957495525, 0.0, 0.0, 0.0, 0.0, 0.0, 0.0, 0.0, 0.0, 0.0, 0.0, 0.0, 0.0, 0.0, 758.9961754942997, 0.0, 0.0, 787.619629294843, 0.0, 0.0, 0.0, 781.8668475997827, 0.0, 182.1735431529649, 171.1989213786345, 0.0, 0.0, 0.0, 0.0, 0.0, 0.0, 0.0, 174.8706950164727, 0.0, 0.0, 0.0, 0.0, 0.0, 0.0, 0.0, 0.0, 0.0, 0.0, 0.0, 0.0, 800.9501213478989, 0.0, 0.0, 0.0, 241.0695697257388, 0.0, 0.0, 0.0, 0.0, 0.0, 0.0, 0.0, 769.4673968949867, 0.0, 0.0, 0.0, 0.0, 779.1537523230651, 0.0, 0.0, 0.0, 0.0, 126.4518871146322, 0.0, 0.0, 0.0, 0.0, 0.0, 0.0, 793.9365435555628, 0.0, 0.0, 0.0, 0.0, 0.0, 0.0, 271.9188716383715, 0.0, 797.3223017689199, 60.71010394788743, 282.9675404031882, 0.0, 0.0]
INFORMACIÓN : 37apuestaBundle [769.2019702576868, 270.5321783071522, 264.5418476314897, 262.05965008437624, 165.66530907840263]
INFORMACIÓN : 37positionsBundle [1280, 2216, 1933, 2462, 2161]
INFORMACIÓN : 37levelsBundle [3, 2, 2, 2, 3]
INFORMACIÓN : 37positionsOrdered [1280, 1933, 2216, 2462, 2161]
INFORMACIÓN : 37levelsOrdered [3, 2, 2, 2, 3]
INFORMACIÓN : 37partialityOrdered [3, 2, 2, 2, 3]
INFORMACIÓN : 37arrivalTimes [31.42260663636856, 44.76427070049489, 71.7387842599665, 78.14190849739934, 84.22467102769757]
INFORMACIÓN : I [AB]; lost Test.myBail@9d1fe91; POS 2216; sensors [MW]; level 2 I paid 270.5321783071522in favour of30@(myturtles,myturtles,bug)@MK-18426 paid 283.91103989356986
INFORMACIÓN : 38historia0[0.0, 0.0, 0.0, 0.0, 0.0, 0.0, 0.0, 0.0, 0.0, 0.0, 0.0, 0.0, 0.0, 0.0, 0.0, 803.3400396790485, 0.0, 0.0, 0.0, 0.0, 0.0, 0.0, 0.0, 787.6117352694845, 0.0, 0.0, 0.0, 0.0, 0.0, 0.0, 0.0, 0.0, 0.0, 0.0, 0.0, 0.0, 283.91103989356986, 0.0, 0.0, 0.0, 0.0, 0.0, 0.0, 775.3184906440785, 0.0, 0.0, 0.0, 0.0, 0.0, 0.0, 0.0, 0.0, 279.6531273309115, 0.0, 0.0, 0.0, 769.2019702576868, 0.0, 275.6085162473689, 0.0, 0.0, 0.0, 795.02027163655, 0.0, 812.2387426480036, 262.3284396216242, 0.0, 254.93910901196963, 0.0, 0.0, 0.0, 176.88607863499556, 799.2602194053385, 275.6389100031977, 0.0, 0.0, 0.0, 0.0, 0.0, 0.0, 809.0642358671976, 0.0, 147.73489957495525, 0.0, 0.0, 0.0, 0.0, 0.0, 0.0, 0.0, 54.637173666376725, 0.0, 0.0, 0.0, 0.0, 0.0, 758.9961754942997, 0.0, 0.0, 787.619629294843, 0.0, 0.0, 21.109647586575115, 781.8668475997827, 0.0, 182.1735431529649, 171.1989213786345, 0.0, 0.0, 0.0, 0.0, 0.0, 0.0, 0.0, 174.8706950164727, 0.0, 0.0, 0.0, 0.0, 285.30403625054237, 0.0, 0.0, 0.0, 0.0, 0.0, 0.0, 0.0, 800.9501213478989, 0.0, 0.0, 0.0, 241.0695697257388, 0.0, 0.0, 0.0, 0.0, 0.0, 0.0, 0.0, 769.4673968949867, 0.0, 0.0, 0.0, 16.246061925138633, 779.1537523230651, 0.0, 0.0, 0.0, 0.0, 126.4518871146322, 0.0, 0.0, 0.0, 0.0, 0.0, 0.0, 793.9365435555628, 0.0, 0.0, 0.0, 0.0, 0.0, 0.0, 271.9188716383715, 0.0, 797.3223017689199, 60.71010394788743, 282.9675404031882, 0.0, 0.0]
INFORMACIÓN : 38apuestaBundle [769.2019702576868, 157.9215977662662, 64.05098476856767, 64.05098476856767, 62.407678712653784, 58.908772251014284]
INFORMACIÓN : 38positionsBundle [1280, 716, 2161, 2161, 859, 2462]
INFORMACIÓN : 38levelsBundle [3, 1, 2, 2, 2, 1]
INFORMACIÓN : 38positionsOrdered [1280, 716, 2161, 2161, 859, 2462]
INFORMACIÓN : 38levelsOrdered [3, 1, 2, 2, 2, 1]
INFORMACIÓN : 38partialityOrdered [3, 1, 3, 3, 2, 2]
INFORMACIÓN : 38arrivalTimes [31.42260663636856, 49.22710045113342, 78.65497839025774, 78.65497839025774, 104.73178801106833, 136.8721053710447]
INFORMACIÓN : 39historia0[0.0, 0.0, 0.0, 0.0, 0.0, 0.0, 0.0, 0.0, 0.0, 0.0, 0.0, 0.0, 0.0, 0.0, 0.0, 803.3400396790485, 0.0, 0.0, 0.0, 0.0, 0.0, 0.0, 0.0, 787.6117352694845, 0.0, 0.0, 0.0, 0.0, 0.0, 0.0, 0.0, 0.0, 0.0, 0.0, 0.0, 0.0, 283.91103989356986, 0.0, 0.0, 0.0, 64.05098476856767, 0.0, 0.0, 775.3184906440785, 0.0, 0.0, 0.0, 0.0, 0.0, 0.0, 0.0, 0.0, 279.6531273309115, 0.0, 0.0, 0.0, 769.2019702576868, 0.0, 275.6085162473689, 0.0, 0.0, 0.0, 795.02027163655, 0.0, 812.2387426480036, 262.3284396216242, 0.0, 254.93910901196963, 0.0, 0.0, 0.0, 176.88607863499556, 799.2602194053385, 275.6389100031977, 0.0, 0.0, 0.0, 0.0, 0.0, 0.0, 809.0642358671976, 0.0, 147.73489957495525, 0.0, 0.0, 0.0, 0.0, 0.0, 0.0, 0.0, 58.908772251014284, 0.0, 0.0, 0.0, 0.0, 0.0, 758.9961754942997, 0.0, 0.0, 787.619629294843, 0.0, 0.0, 21.109647586575115, 781.8668475997827, 0.0, 182.1735431529649, 171.1989213786345, 0.0, 0.0, 0.0, 0.0, 0.0, 0.0, 0.0, 174.8706950164727, 0.0, 0.0, 0.0, 0.0, 285.30403625054237, 0.0, 62.407678712653784, 0.0, 0.0, 0.0, 0.0, 0.0, 800.9501213478989, 0.0, 0.0, 0.0, 241.0695697257388, 0.0, 0.0, 0.0, 0.0, 0.0, 0.0, 157.9215977662662, 769.4673968949867, 0.0, 0.0, 0.0, 0.0, 779.1537523230651, 0.0, 0.0, 0.0, 0.0, 126.4518871146322, 0.0, 0.0, 0.0, 0.0, 0.0, 0.0, 793.9365435555628, 0.0, 0.0, 0.0, 0.0, 0.0, 0.0, 271.9188716383715, 0.0, 797.3223017689199, 64.05098476856767, 282.9675404031882, 0.0, 0.0]
INFORMACIÓN : 39apuestaBundle [769.2019702576868, 157.9215977662662, 64.05098476856767, 64.05098476856767, 62.407678712653784, 58.908772251014284]
INFORMACIÓN : 39positionsBundle [1280, 716, 2161, 2161, 859, 2462]
INFORMACIÓN : 39levelsBundle [3, 1, 2, 2, 2, 1]
INFORMACIÓN : 39positionsOrdered [1280, 716, 2161, 2161, 859, 2462]
INFORMACIÓN : 39levelsOrdered [3, 1, 2, 2, 2, 1]
INFORMACIÓN : 39partialityOrdered [3, 1, 3, 3, 2, 2]
INFORMACIÓN : 39arrivalTimes [31.42260663636856, 49.22710045113342, 78.65497839025774, 78.65497839025774, 104.73178801106833, 136.8721053710447]
INFORMACIÓN : mutexSat position 2462 level 1
INFORMACIÓN : I [AB]; lost Test.myBail@2764d0f6; POS 2462; sensors []; level 1 I paid 58.908772251014284in favour ofnull paid 58.908772251014284
INFORMACIÓN : 40historia0[0.0, 0.0, 0.0, 0.0, 0.0, 0.0, 0.0, 0.0, 0.0, 0.0, 0.0, 0.0, 0.0, 0.0, 0.0, 803.3400396790485, 0.0, 0.0, 0.0, 0.0, 0.0, 0.0, 0.0, 787.6117352694845, 0.0, 0.0, 0.0, 0.0, 0.0, 0.0, 0.0, 0.0, 0.0, 0.0, 0.0, 0.0, 283.91103989356986, 0.0, 0.0, 0.0, 64.05098476856767, 0.0, 0.0, 775.3184906440785, 0.0, 0.0, 0.0, 0.0, 0.0, 0.0, 0.0, 0.0, 279.6531273309115, 257.5674951925447, 0.0, 0.0, 769.2019702576868, 0.0, 275.6085162473689, 0.0, 0.0, 0.0, 795.02027163655, 0.0, 812.2387426480036, 262.3284396216242, 0.0, 254.93910901196963, 0.0, 0.0, 0.0, 176.88607863499556, 799.2602194053385, 275.6389100031977, 0.0, 0.0, 0.0, 0.0, 0.0, 0.0, 809.0642358671976, 0.0, 147.73489957495525, 0.0, 0.0, 0.0, 0.0, 0.0, 0.0, 0.0, 0.0, 0.0, 0.0, 0.0, 0.0, 0.0, 758.9961754942997, 0.0, 0.0, 787.619629294843, 0.0, 0.0, 0.0, 781.8668475997827, 0.0, 182.1735431529649, 171.1989213786345, 0.0, 0.0, 0.0, 0.0, 0.0, 0.0, 0.0, 174.8706950164727, 0.0, 0.0, 0.0, 0.0, 285.30403625054237, 0.0, 62.407678712653784, 0.0, 0.0, 0.0, 0.0, 0.0, 800.9501213478989, 0.0, 0.0, 0.0, 241.0695697257388, 0.0, 0.0, 0.0, 0.0, 0.0, 0.0, 157.9215977662662, 769.4673968949867, 0.0, 0.0, 0.0, 0.0, 779.1537523230651, 0.0, 0.0, 0.0, 0.0, 126.4518871146322, 0.0, 0.0, 0.0, 0.0, 0.0, 0.0, 793.9365435555628, 0.0, 0.0, 0.0, 0.0, 0.0, 0.0, 271.9188716383715, 0.0, 797.3223017689199, 64.05098476856767, 282.9675404031882, 0.0, 0.0]
INFORMACIÓN : 40apuestaBundle [769.2019702576868, 157.9215977662662, 64.05098476856767, 64.05098476856767, 62.407678712653784, 43.0736473913944]
INFORMACIÓN : 40positionsBundle [1280, 716, 2161, 2161, 859, 887]
INFORMACIÓN : 40levelsBundle [3, 1, 2, 2, 2, 2]
INFORMACIÓN : 40positionsOrdered [1280, 716, 2161, 2161, 859, 887]
INFORMACIÓN : 40levelsOrdered [3, 1, 2, 2, 2, 2]
INFORMACIÓN : 40partialityOrdered [3, 1, 3, 3, 2, 2]
INFORMACIÓN : 40arrivalTimes [31.42260663636856, 49.22710045113342, 78.65497839025774, 78.65497839025774, 104.73178801106833, 132.73178801106832]
INFORMACIÓN : 41historia0[0.0, 0.0, 0.0, 0.0, 0.0, 0.0, 0.0, 0.0, 0.0, 0.0, 0.0, 0.0, 0.0, 0.0, 0.0, 803.3400396790485, 0.0, 0.0, 0.0, 0.0, 0.0, 0.0, 0.0, 787.6117352694845, 0.0, 0.0, 0.0, 0.0, 0.0, 0.0, 0.0, 0.0, 0.0, 0.0, 0.0, 0.0, 283.91103989356986, 0.0, 0.0, 0.0, 64.05098476856767, 0.0, 0.0, 775.3184906440785, 0.0, 0.0, 0.0, 0.0, 0.0, 0.0, 0.0, 0.0, 279.6531273309115, 257.5674951925447, 0.0, 0.0, 769.2019702576868, 0.0, 275.6085162473689, 0.0, 0.0, 0.0, 795.02027163655, 0.0, 812.2387426480036, 262.3284396216242, 0.0, 254.93910901196963, 0.0, 0.0, 0.0, 176.88607863499556, 799.2602194053385, 275.6389100031977, 0.0, 0.0, 0.0, 0.0, 0.0, 0.0, 809.0642358671976, 0.0, 147.73489957495525, 0.0, 0.0, 0.0, 0.0, 0.0, 0.0, 43.0736473913944, 0.0, 0.0, 0.0, 0.0, 0.0, 0.0, 758.9961754942997, 0.0, 0.0, 787.619629294843, 0.0, 0.0, 0.0, 781.8668475997827, 0.0, 182.1735431529649, 171.1989213786345, 0.0, 0.0, 0.0, 0.0, 0.0, 0.0, 0.0, 174.8706950164727, 0.0, 0.0, 0.0, 0.0, 285.30403625054237, 0.0, 62.407678712653784, 0.0, 0.0, 0.0, 0.0, 0.0, 800.9501213478989, 0.0, 0.0, 0.0, 241.0695697257388, 0.0, 0.0, 0.0, 0.0, 0.0, 0.0, 157.9215977662662, 769.4673968949867, 0.0, 0.0, 0.0, 0.0, 779.1537523230651, 0.0, 0.0, 0.0, 0.0, 126.4518871146322, 0.0, 0.0, 0.0, 0.0, 0.0, 0.0, 793.9365435555628, 0.0, 0.0, 0.0, 0.0, 0.0, 0.0, 271.9188716383715, 0.0, 797.3223017689199, 64.05098476856767, 282.9675404031882, 0.0, 0.0]
INFORMACIÓN : 41apuestaBundle [769.2019702576868, 157.9215977662662, 64.05098476856767, 64.05098476856767, 62.407678712653784, 43.0736473913944]
INFORMACIÓN : 41positionsBundle [1280, 716, 2161, 2161, 859, 887]
INFORMACIÓN : 41levelsBundle [3, 1, 2, 2, 2, 2]
INFORMACIÓN : 41positionsOrdered [1280, 716, 2161, 2161, 859, 887]
INFORMACIÓN : 41levelsOrdered [3, 1, 2, 2, 2, 2]
INFORMACIÓN : 41partialityOrdered [3, 1, 3, 3, 2, 2]
INFORMACIÓN : 41arrivalTimes [31.42260663636856, 49.22710045113342, 78.65497839025774, 78.65497839025774, 104.73178801106833, 132.73178801106832]
