----------------------------------------------------------------------
-- Log session for [myBugCoalitionsCCBBAGuaiDEF-43] started on 2017.07.13.18.46.24 --
----------------------------------------------------------------------

INFORMACIÓN : I started
INFORMACIÓN : 0apuestaBundle [802.8275951031699, 799.494867971654, 799.1985079747649, 797.9570824019509, 782.178663788181]
INFORMACIÓN : 0positionsBundle [1383, 1633, 1789, 887, 1879]
INFORMACIÓN : 0levelsBundle [3, 3, 3, 3, 3]
INFORMACIÓN : 0positionsOrdered [1383, 1633, 1789, 887, 1879]
INFORMACIÓN : 0levelsOrdered [3, 3, 3, 3, 3]
INFORMACIÓN : 0partialityOrdered [3, 3, 3, 3, 3]
INFORMACIÓN : 0arrivalTimes [7.65566671364941, 12.65566671364941, 19.36387064614878, 37.47464092242362, 59.015300150961636]
INFORMACIÓN : timeSat position 1383 level 3
INFORMACIÓN : timeSat position 1633 level 3
INFORMACIÓN : timeSat position 1789 level 3
INFORMACIÓN : I [IR]; lost Test.myBail@20ddaed3; POS 1383; sensors [AB, MW]; level 3 I paid 802.8275951031699in favour ofnull paid 802.8275951031699
INFORMACIÓN : 1historia0[0.0, 0.0, 0.0, 0.0, 0.0, 0.0, 0.0, 0.0, 799.6051787481341, 0.0, 0.0, 0.0, 0.0, 0.0, 0.0, 0.0, 0.0, 0.0, 0.0, 0.0, 0.0, 0.0, 796.7003024768393, 0.0, 0.0, 0.0, 0.0, 0.0, 0.0, 0.0, 0.0, 0.0, 0.0, 0.0, 0.0, 0.0, 0.0, 0.0, 0.0, 0.0, 0.0, 0.0, 0.0, 791.0538527002109, 805.518211623114, 0.0, 0.0, 0.0, 0.0, 769.2182253901336, 0.0, 0.0, 0.0, 0.0, 0.0, 0.0, 0.0, 0.0, 0.0, 0.0, 0.0, 0.0, 0.0, 0.0, 0.0, 789.1208313500435, 0.0, 0.0, 0.0, 0.0, 0.0, 0.0, 0.0, 0.0, 0.0, 0.0, 0.0, 0.0, 0.0, 0.0, 0.0, 0.0, 0.0, 0.0, 0.0, 0.0, 0.0, 0.0, 0.0, 0.0, 0.0, 0.0, 0.0, 0.0, 0.0, 0.0, 0.0, 0.0, 0.0, 0.0, 0.0, 0.0, 0.0, 807.4990282424388, 0.0, 777.8509677214035, 0.0, 0.0, 0.0, 0.0, 0.0, 0.0, 0.0, 0.0, 0.0, 0.0, 0.0, 0.0, 784.4044983694141, 0.0, 0.0, 0.0, 0.0, 0.0, 0.0, 0.0, 0.0, 0.0, 0.0, 775.5608411988709, 0.0, 0.0, 0.0, 0.0, 0.0, 0.0, 0.0, 0.0, 0.0, 0.0, 0.0, 0.0, 779.3510752749166, 0.0, 0.0, 0.0, 0.0, 0.0, 0.0, 0.0, 781.0222254841275, 0.0, 0.0, 0.0, 0.0, 0.0, 0.0, 0.0, 0.0, 0.0, 0.0, 0.0, 0.0, 0.0, 0.0, 0.0, 0.0, 0.0, 0.0, 0.0]
INFORMACIÓN : 1apuestaBundle [802.3771329468271, 798.9367462122384, 798.6787389225232, 789.0953468802301, 278.6766013969669]
INFORMACIÓN : 1positionsBundle [1383, 1633, 1789, 1879, 1674]
INFORMACIÓN : 1levelsBundle [3, 3, 3, 3, 2]
INFORMACIÓN : 1positionsOrdered [1383, 1633, 1789, 1879, 1674]
INFORMACIÓN : 1levelsOrdered [3, 3, 3, 3, 2]
INFORMACIÓN : 1partialityOrdered [3, 3, 3, 3, 2]
INFORMACIÓN : 1arrivalTimes [18.70349261961771, 23.70349261961771, 30.41169655211708, 51.18637748029805, 57.5895017177309]
INFORMACIÓN : timeSat position 1879 level 3
INFORMACIÓN : timeSat position 1674 level 2
INFORMACIÓN : I [IR]; lost Test.myBail@519f6ee9; POS 1879; sensors [AB, MW]; level 3 I paid 789.0953468802301in favour ofnull paid 789.0953468802301
INFORMACIÓN : 2historia0[0.0, 0.0, 0.0, 0.0, 0.0, 0.0, 0.0, 0.0, 801.188783691413, 0.0, 802.3771329468271, 0.0, 0.0, 0.0, 0.0, 0.0, 0.0, 0.0, 0.0, 290.84299039140853, 0.0, 0.0, 797.5608371889429, 0.0, 0.0, 0.0, 0.0, 0.0, 372.2867448661368, 0.0, 0.0, 0.0, 0.0, 0.0, 798.6787389225232, 0.0, 0.0, 0.0, 0.0, 0.0, 0.0, 0.0, 0.0, 0.0, 805.518211623114, 0.0, 0.0, 372.2867448661368, 0.0, 774.9589773981694, 282.45525805989735, 0.0, 0.0, 0.0, 0.0, 0.0, 383.65266748314116, 0.0, 0.0, 0.0, 0.0, 0.0, 0.0, 0.0, 0.0, 800.1751113298291, 0.0, 0.0, 0.0, 0.0, 383.65266748314116, 0.0, 0.0, 0.0, 0.0, 0.0, 0.0, 0.0, 0.0, 0.0, 0.0, 0.0, 0.0, 0.0, 0.0, 0.0, 0.0, 0.0, 0.0, 0.0, 0.0, 0.0, 0.0, 0.0, 0.0, 0.0, 0.0, 0.0, 0.0, 0.0, 0.0, 0.0, 0.0, 807.4990282424388, 0.0, 777.8509677214035, 0.0, 287.32634388716394, 0.0, 0.0, 0.0, 0.0, 291.3059093636549, 0.0, 0.0, 0.0, 0.0, 0.0, 784.4044983694141, 0.0, 0.0, 0.0, 0.0, 0.0, 0.0, 0.0, 0.0, 0.0, 0.0, 775.5608411988709, 285.150113109433, 0.0, 0.0, 0.0, 0.0, 0.0, 0.0, 0.0, 0.0, 0.0, 0.0, 0.0, 786.7879836075974, 0.0, 0.0, 0.0, 0.0, 0.0, 0.0, 0.0, 781.0222254841275, 0.0, 0.0, 0.0, 0.0, 0.0, 0.0, 0.0, 0.0, 0.0, 0.0, 0.0, 0.0, 0.0, 0.0, 798.9367462122384, 0.0, 0.0, 0.0, 0.0]
INFORMACIÓN : 2apuestaBundle [802.3771329468271, 798.9367462122384, 798.6787389225232, 261.04394171480783, 240.9750136292264]
INFORMACIÓN : 2positionsBundle [1383, 1633, 1789, 48, 501]
INFORMACIÓN : 2levelsBundle [3, 3, 3, 2, 2]
INFORMACIÓN : 2positionsOrdered [1383, 1633, 1789, 48, 501]
INFORMACIÓN : 2levelsOrdered [3, 3, 3, 2, 2]
INFORMACIÓN : 2partialityOrdered [3, 3, 3, 2, 2]
INFORMACIÓN : 2arrivalTimes [18.70349261961771, 23.70349261961771, 30.41169655211708, 66.55031855130238, 114.60237365823824]
INFORMACIÓN : timeSat position 48 level 2
INFORMACIÓN : I [IR]; lost Test.myBail@289190c9; POS 48; sensors [MW]; level 2 I paid 261.04394171480783in favour ofnull paid 261.04394171480783
INFORMACIÓN : 3historia0[0.0, 0.0, 0.0, 0.0, 0.0, 0.0, 0.0, 0.0, 801.188783691413, 0.0, 802.3771329468271, 0.0, 0.0, 0.0, 0.0, 0.0, 0.0, 0.0, 0.0, 290.84299039140853, 0.0, 0.0, 797.5608371889429, 0.0, 0.0, 0.0, 0.0, 0.0, 0.0, 0.0, 0.0, 0.0, 0.0, 0.0, 798.6787389225232, 0.0, 0.0, 0.0, 0.0, 0.0, 0.0, 0.0, 0.0, 765.5883271259308, 805.518211623114, 0.0, 0.0, 0.0, 0.0, 774.9589773981694, 282.45525805989735, 170.28649659234816, 0.0, 0.0, 0.0, 0.0, 383.65266748314116, 0.0, 0.0, 0.0, 0.0, 771.1327778290404, 0.0, 0.0, 0.0, 800.1751113298291, 0.0, 0.0, 0.0, 0.0, 383.65266748314116, 0.0, 0.0, 0.0, 0.0, 275.9034294877895, 0.0, 0.0, 0.0, 0.0, 0.0, 0.0, 0.0, 0.0, 0.0, 0.0, 0.0, 0.0, 0.0, 0.0, 0.0, 0.0, 0.0, 0.0, 0.0, 0.0, 0.0, 0.0, 0.0, 0.0, 0.0, 0.0, 0.0, 807.4990282424388, 0.0, 777.8509677214035, 0.0, 287.32634388716394, 0.0, 0.0, 0.0, 0.0, 291.3059093636549, 0.0, 0.0, 0.0, 0.0, 752.9899407602384, 784.4044983694141, 0.0, 0.0, 0.0, 0.0, 0.0, 0.0, 0.0, 0.0, 0.0, 0.0, 775.5004407950925, 285.150113109433, 0.0, 0.0, 0.0, 0.0, 0.0, 166.9187868507429, 0.0, 0.0, 0.0, 0.0, 0.0, 786.7879836075974, 0.0, 0.0, 185.8110403632386, 0.0, 0.0, 0.0, 0.0, 781.0222254841275, 0.0, 229.81379578628366, 0.0, 0.0, 0.0, 0.0, 0.0, 0.0, 0.0, 0.0, 0.0, 768.220287101686, 0.0, 0.0, 798.9367462122384, 0.0, 251.28146205435496, 0.0, 0.0]
INFORMACIÓN : 3apuestaBundle [802.3771329468271, 798.9367462122384, 798.6787389225232, 240.40985919535478, 197.6261753265203]
INFORMACIÓN : 3positionsBundle [1383, 1633, 1789, 903, 1190]
INFORMACIÓN : 3levelsBundle [3, 3, 3, 2, 1]
INFORMACIÓN : 3positionsOrdered [1190, 1383, 1633, 1789, 903]
INFORMACIÓN : 3levelsOrdered [1, 3, 3, 3, 2]
INFORMACIÓN : 3partialityOrdered [1, 3, 3, 3, 2]
INFORMACIÓN : 3arrivalTimes [2.3860549236329995, 18.70349261961771, 23.70349261961771, 30.41169655211708, 70.22375502690585]
INFORMACIÓN : 4historia0[0.0, 0.0, 0.0, 0.0, 0.0, 0.0, 0.0, 0.0, 801.188783691413, 0.0, 802.3771329468271, 0.0, 0.0, 0.0, 0.0, 129.9281637933093, 0.0, 197.6261753265203, 0.0, 290.84299039140853, 0.0, 0.0, 797.5608371889429, 0.0, 0.0, 0.0, 0.0, 0.0, 0.0, 0.0, 0.0, 0.0, 0.0, 0.0, 798.6787389225232, 0.0, 0.0, 0.0, 0.0, 0.0, 0.0, 240.40985919535478, 0.0, 765.5883271259308, 805.518211623114, 0.0, 0.0, 0.0, 0.0, 774.9589773981694, 282.45525805989735, 170.28649659234816, 0.0, 0.0, 0.0, 149.3907680844817, 0.0, 55.7632787716102, 0.0, 0.0, 0.0, 771.1327778290404, 0.0, 0.0, 0.0, 800.1751113298291, 0.0, 0.0, 0.0, 0.0, 0.0, 0.0, 0.0, 0.0, 0.0, 275.9034294877895, 0.0, 0.0, 0.0, 0.0, 0.0, 0.0, 0.0, 0.0, 0.0, 0.0, 0.0, 0.0, 0.0, 0.0, 0.0, 0.0, 0.0, 0.0, 0.0, 0.0, 0.0, 0.0, 0.0, 0.0, 0.0, 0.0, 0.0, 807.4990282424388, 0.0, 777.8509677214035, 0.0, 287.32634388716394, 135.56021715472002, 0.0, 146.7776493977599, 166.91122070353504, 291.3059093636549, 0.0, 0.0, 0.0, 0.0, 752.9899407602384, 784.4044983694141, 0.0, 0.0, 0.0, 0.0, 0.0, 0.0, 0.0, 0.0, 0.0, 0.0, 775.5004407950925, 285.150113109433, 0.0, 0.0, 0.0, 0.0, 0.0, 166.9187868507429, 0.0, 0.0, 0.0, 0.0, 0.0, 786.7879836075974, 0.0, 0.0, 185.8110403632386, 0.0, 0.0, 0.0, 0.0, 781.0222254841275, 0.0, 229.81379578628366, 0.0, 0.0, 0.0, 0.0, 0.0, 0.0, 0.0, 0.0, 0.0, 768.220287101686, 0.0, 0.0, 798.9367462122384, 0.0, 0.0, 0.0, 0.0]
INFORMACIÓN : 4apuestaBundle [802.3771329468271, 798.9367462122384, 798.6787389225232, 240.40985919535478, 197.6261753265203]
INFORMACIÓN : 4positionsBundle [1383, 1633, 1789, 903, 1190]
INFORMACIÓN : 4levelsBundle [3, 3, 3, 2, 1]
INFORMACIÓN : 4positionsOrdered [1190, 1383, 1633, 1789, 903]
INFORMACIÓN : 4levelsOrdered [1, 3, 3, 3, 2]
INFORMACIÓN : 4partialityOrdered [1, 3, 3, 3, 2]
INFORMACIÓN : 4arrivalTimes [2.3860549236329995, 18.70349261961771, 23.70349261961771, 30.41169655211708, 70.22375502690585]
INFORMACIÓN : 5historia0[162.13588706635534, 0.0, 0.0, 0.0, 0.0, 0.0, 0.0, 0.0, 801.188783691413, 0.0, 802.3771329468271, 0.0, 0.0, 0.0, 0.0, 129.9281637933093, 0.0, 197.6261753265203, 0.0, 290.84299039140853, 0.0, 0.0, 797.5608371889429, 0.0, 0.0, 0.0, 0.0, 0.0, 0.0, 0.0, 0.0, 0.0, 0.0, 0.0, 798.6787389225232, 0.0, 0.0, 0.0, 0.0, 0.0, 0.0, 240.40985919535478, 0.0, 765.5883271259308, 805.518211623114, 0.0, 0.0, 0.0, 0.0, 774.9589773981694, 282.45525805989735, 170.28649659234816, 0.0, 0.0, 0.0, 0.0, 0.0, 0.0, 0.0, 0.0, 0.0, 771.1327778290404, 222.09152526596498, 0.0, 0.0, 800.1751113298291, 0.0, 0.0, 0.0, 161.17814802320964, 0.0, 0.0, 0.0, 0.0, 0.0, 275.9034294877895, 0.0, 0.0, 0.0, 0.0, 0.0, 0.0, 0.0, 0.0, 0.0, 0.0, 0.0, 0.0, 0.0, 0.0, 0.0, 0.0, 0.0, 0.0, 0.0, 0.0, 0.0, 0.0, 0.0, 0.0, 0.0, 0.0, 0.0, 807.4990282424388, 0.0, 777.8509677214035, 0.0, 287.32634388716394, 135.56021715472002, 0.0, 0.0, 0.0, 291.3059093636549, 0.0, 0.0, 0.0, 0.0, 752.9899407602384, 784.4044983694141, 0.0, 0.0, 0.0, 0.0, 0.0, 0.0, 0.0, 0.0, 0.0, 47.98188350630385, 775.5004407950925, 285.150113109433, 0.0, 0.0, 0.0, 0.0, 0.0, 166.9187868507429, 0.0, 0.0, 0.0, 0.0, 0.0, 786.7879836075974, 0.0, 0.0, 185.8110403632386, 0.0, 0.0, 0.0, 0.0, 781.0222254841275, 0.0, 229.81379578628366, 0.0, 0.0, 0.0, 0.0, 0.0, 0.0, 0.0, 0.0, 0.0, 768.220287101686, 0.0, 0.0, 798.9367462122384, 0.0, 261.08405742252955, 0.0, 0.0]
INFORMACIÓN : 5apuestaBundle [802.3771329468271, 798.9367462122384, 798.6787389225232, 240.40985919535478, 197.6261753265203]
INFORMACIÓN : 5positionsBundle [1383, 1633, 1789, 903, 1190]
INFORMACIÓN : 5levelsBundle [3, 3, 3, 2, 1]
INFORMACIÓN : 5positionsOrdered [1190, 1383, 1633, 1789, 903]
INFORMACIÓN : 5levelsOrdered [1, 3, 3, 3, 2]
INFORMACIÓN : 5partialityOrdered [1, 3, 3, 3, 2]
INFORMACIÓN : 5arrivalTimes [2.3860549236329995, 18.70349261961771, 23.70349261961771, 30.41169655211708, 70.22375502690585]
INFORMACIÓN : 6historia0[162.13588706635534, 0.0, 0.0, 0.0, 0.0, 0.0, 0.0, 0.0, 801.188783691413, 0.0, 802.3771329468271, 0.0, 0.0, 0.0, 0.0, 129.9281637933093, 0.0, 197.6261753265203, 0.0, 290.84299039140853, 0.0, 0.0, 797.5608371889429, 0.0, 0.0, 0.0, 0.0, 0.0, 0.0, 0.0, 0.0, 0.0, 0.0, 0.0, 798.6787389225232, 0.0, 0.0, 0.0, 0.0, 0.0, 0.0, 240.40985919535478, 0.0, 765.5883271259308, 805.518211623114, 0.0, 0.0, 0.0, 0.0, 774.9589773981694, 282.45525805989735, 170.28649659234816, 0.0, 0.0, 0.0, 0.0, 0.0, 0.0, 0.0, 0.0, 0.0, 771.1327778290404, 222.09152526596498, 0.0, 0.0, 800.1751113298291, 0.0, 0.0, 0.0, 161.17814802320964, 0.0, 0.0, 0.0, 0.0, 0.0, 275.9034294877895, 0.0, 0.0, 0.0, 0.0, 0.0, 0.0, 0.0, 0.0, 0.0, 0.0, 0.0, 0.0, 0.0, 0.0, 0.0, 0.0, 0.0, 40.496524976180446, 0.0, 0.0, 0.0, 0.0, 0.0, 0.0, 0.0, 0.0, 0.0, 807.4990282424388, 0.0, 777.8509677214035, 0.0, 287.32634388716394, 135.56021715472002, 0.0, 0.0, 0.0, 291.3059093636549, 0.0, 0.0, 0.0, 0.0, 752.9899407602384, 784.4044983694141, 0.0, 0.0, 0.0, 0.0, 0.0, 0.0, 0.0, 0.0, 0.0, 47.98188350630385, 775.5004407950925, 285.150113109433, 0.0, 0.0, 0.0, 0.0, 0.0, 166.9187868507429, 0.0, 0.0, 0.0, 0.0, 0.0, 786.7879836075974, 0.0, 0.0, 185.8110403632386, 0.0, 0.0, 0.0, 0.0, 781.0222254841275, 0.0, 229.81379578628366, 0.0, 0.0, 0.0, 0.0, 0.0, 0.0, 0.0, 0.0, 0.0, 768.220287101686, 0.0, 0.0, 798.9367462122384, 0.0, 261.08405742252955, 0.0, 0.0]
INFORMACIÓN : 6apuestaBundle [802.3771329468271, 798.9367462122384, 798.6787389225232, 240.40985919535478, 197.6261753265203]
INFORMACIÓN : 6positionsBundle [1383, 1633, 1789, 903, 1190]
INFORMACIÓN : 6levelsBundle [3, 3, 3, 2, 1]
INFORMACIÓN : 6positionsOrdered [1190, 1383, 1633, 1789, 903]
INFORMACIÓN : 6levelsOrdered [1, 3, 3, 3, 2]
INFORMACIÓN : 6partialityOrdered [1, 3, 3, 3, 2]
INFORMACIÓN : 6arrivalTimes [2.3860549236329995, 18.70349261961771, 23.70349261961771, 30.41169655211708, 70.22375502690585]
INFORMACIÓN : 7historia0[162.13588706635534, 0.0, 0.0, 0.0, 0.0, 0.0, 0.0, 0.0, 801.188783691413, 0.0, 802.3771329468271, 0.0, 0.0, 0.0, 0.0, 129.9281637933093, 0.0, 197.6261753265203, 0.0, 290.84299039140853, 0.0, 0.0, 797.5608371889429, 0.0, 0.0, 0.0, 0.0, 0.0, 0.0, 0.0, 0.0, 0.0, 0.0, 0.0, 798.6787389225232, 0.0, 0.0, 0.0, 0.0, 0.0, 0.0, 240.40985919535478, 0.0, 765.5883271259308, 805.518211623114, 0.0, 0.0, 0.0, 0.0, 774.9589773981694, 282.45525805989735, 170.28649659234816, 0.0, 0.0, 0.0, 0.0, 0.0, 0.0, 0.0, 0.0, 0.0, 771.1327778290404, 222.09152526596498, 0.0, 0.0, 800.1751113298291, 0.0, 0.0, 0.0, 161.17814802320964, 0.0, 0.0, 0.0, 0.0, 0.0, 275.9034294877895, 0.0, 0.0, 0.0, 0.0, 0.0, 0.0, 0.0, 0.0, 0.0, 0.0, 0.0, 0.0, 0.0, 0.0, 0.0, 0.0, 0.0, 40.496524976180446, 0.0, 0.0, 0.0, 0.0, 0.0, 0.0, 0.0, 0.0, 0.0, 807.4990282424388, 0.0, 777.8509677214035, 0.0, 287.32634388716394, 135.56021715472002, 0.0, 0.0, 0.0, 291.3059093636549, 0.0, 0.0, 0.0, 0.0, 752.9899407602384, 784.4044983694141, 0.0, 0.0, 0.0, 0.0, 0.0, 0.0, 0.0, 0.0, 0.0, 47.98188350630385, 775.5004407950925, 285.150113109433, 0.0, 0.0, 0.0, 0.0, 0.0, 166.9187868507429, 0.0, 0.0, 0.0, 0.0, 0.0, 786.7879836075974, 0.0, 0.0, 185.8110403632386, 0.0, 0.0, 0.0, 0.0, 781.0222254841275, 0.0, 229.81379578628366, 0.0, 0.0, 0.0, 0.0, 0.0, 0.0, 0.0, 0.0, 0.0, 768.220287101686, 0.0, 0.0, 798.9367462122384, 0.0, 261.08405742252955, 0.0, 0.0]
INFORMACIÓN : 7apuestaBundle [802.3771329468271, 798.9367462122384, 798.6787389225232, 240.40985919535478, 197.6261753265203]
INFORMACIÓN : 7positionsBundle [1383, 1633, 1789, 903, 1190]
INFORMACIÓN : 7levelsBundle [3, 3, 3, 2, 1]
INFORMACIÓN : 7positionsOrdered [1190, 1383, 1633, 1789, 903]
INFORMACIÓN : 7levelsOrdered [1, 3, 3, 3, 2]
INFORMACIÓN : 7partialityOrdered [1, 3, 3, 3, 2]
INFORMACIÓN : 7arrivalTimes [2.3860549236329995, 18.70349261961771, 23.70349261961771, 30.41169655211708, 70.22375502690585]
INFORMACIÓN : 8historia0[162.13588706635534, 0.0, 0.0, 0.0, 0.0, 0.0, 0.0, 0.0, 801.188783691413, 0.0, 802.3771329468271, 0.0, 0.0, 0.0, 0.0, 129.9281637933093, 0.0, 197.6261753265203, 0.0, 290.84299039140853, 0.0, 0.0, 797.5608371889429, 0.0, 0.0, 0.0, 0.0, 0.0, 0.0, 0.0, 0.0, 0.0, 0.0, 0.0, 798.6787389225232, 0.0, 0.0, 0.0, 0.0, 0.0, 0.0, 240.40985919535478, 0.0, 765.5883271259308, 805.518211623114, 0.0, 0.0, 0.0, 0.0, 774.9589773981694, 282.45525805989735, 170.28649659234816, 0.0, 0.0, 0.0, 0.0, 0.0, 0.0, 0.0, 0.0, 0.0, 771.1327778290404, 222.09152526596498, 0.0, 0.0, 800.1751113298291, 0.0, 0.0, 0.0, 161.17814802320964, 0.0, 0.0, 0.0, 0.0, 0.0, 275.9034294877895, 0.0, 0.0, 0.0, 0.0, 0.0, 0.0, 0.0, 0.0, 0.0, 0.0, 0.0, 0.0, 0.0, 0.0, 0.0, 0.0, 0.0, 40.496524976180446, 0.0, 0.0, 0.0, 0.0, 0.0, 0.0, 0.0, 0.0, 0.0, 807.4990282424388, 0.0, 777.8509677214035, 0.0, 287.32634388716394, 135.56021715472002, 0.0, 0.0, 0.0, 291.3059093636549, 0.0, 0.0, 0.0, 0.0, 752.9899407602384, 784.4044983694141, 0.0, 0.0, 0.0, 0.0, 0.0, 0.0, 0.0, 0.0, 0.0, 47.98188350630385, 775.5004407950925, 285.150113109433, 0.0, 0.0, 0.0, 0.0, 0.0, 166.9187868507429, 0.0, 0.0, 0.0, 0.0, 0.0, 786.7879836075974, 0.0, 0.0, 185.8110403632386, 0.0, 0.0, 0.0, 0.0, 781.0222254841275, 0.0, 229.81379578628366, 0.0, 0.0, 0.0, 0.0, 0.0, 0.0, 0.0, 0.0, 0.0, 768.220287101686, 0.0, 0.0, 798.9367462122384, 0.0, 261.08405742252955, 0.0, 0.0]
INFORMACIÓN : 8apuestaBundle [802.3771329468271, 798.9367462122384, 798.6787389225232, 240.40985919535478, 197.6261753265203]
INFORMACIÓN : 8positionsBundle [1383, 1633, 1789, 903, 1190]
INFORMACIÓN : 8levelsBundle [3, 3, 3, 2, 1]
INFORMACIÓN : 8positionsOrdered [1190, 1383, 1633, 1789, 903]
INFORMACIÓN : 8levelsOrdered [1, 3, 3, 3, 2]
INFORMACIÓN : 8partialityOrdered [1, 3, 3, 3, 2]
INFORMACIÓN : 8arrivalTimes [2.3860549236329995, 18.70349261961771, 23.70349261961771, 30.41169655211708, 70.22375502690585]
INFORMACIÓN : 9historia0[0.0, 0.0, 0.0, 0.0, 0.0, 0.0, 0.0, 0.0, 801.188783691413, 0.0, 802.3771329468271, 0.0, 0.0, 0.0, 0.0, 129.9281637933093, 0.0, 197.6261753265203, 0.0, 290.84299039140853, 0.0, 0.0, 797.5608371889429, 0.0, 0.0, 0.0, 0.0, 0.0, 0.0, 0.0, 0.0, 0.0, 0.0, 0.0, 798.6787389225232, 0.0, 0.0, 0.0, 0.0, 0.0, 0.0, 240.40985919535478, 0.0, 765.5883271259308, 805.518211623114, 0.0, 0.0, 0.0, 0.0, 774.9589773981694, 282.45525805989735, 170.28649659234816, 0.0, 0.0, 0.0, 0.0, 0.0, 0.0, 0.0, 0.0, 0.0, 771.1327778290404, 0.0, 0.0, 0.0, 800.1751113298291, 0.0, 0.0, 0.0, 0.0, 0.0, 0.0, 0.0, 0.0, 0.0, 275.9034294877895, 0.0, 0.0, 0.0, 0.0, 0.0, 0.0, 0.0, 0.0, 0.0, 0.0, 0.0, 0.0, 0.0, 0.0, 0.0, 0.0, 0.0, 0.0, 0.0, 0.0, 0.0, 0.0, 0.0, 0.0, 0.0, 0.0, 0.0, 0.0, 0.0, 777.8509677214035, 0.0, 287.32634388716394, 135.56021715472002, 0.0, 0.0, 0.0, 291.3059093636549, 0.0, 0.0, 0.0, 0.0, 752.9899407602384, 784.4044983694141, 0.0, 0.0, 0.0, 0.0, 0.0, 0.0, 0.0, 0.0, 0.0, 47.98188350630385, 775.5004407950925, 285.150113109433, 0.0, 0.0, 0.0, 0.0, 0.0, 166.9187868507429, 0.0, 0.0, 0.0, 0.0, 0.0, 786.7879836075974, 0.0, 0.0, 185.8110403632386, 0.0, 0.0, 0.0, 0.0, 0.0, 0.0, 229.81379578628366, 0.0, 0.0, 0.0, 0.0, 0.0, 0.0, 0.0, 0.0, 0.0, 768.220287101686, 0.0, 0.0, 798.9367462122384, 0.0, 261.08405742252955, 0.0, 0.0]
INFORMACIÓN : 9apuestaBundle [802.3771329468271, 798.9367462122384, 798.6787389225232, 240.40985919535478, 197.6261753265203]
INFORMACIÓN : 9positionsBundle [1383, 1633, 1789, 903, 1190]
INFORMACIÓN : 9levelsBundle [3, 3, 3, 2, 1]
INFORMACIÓN : 9positionsOrdered [1190, 1383, 1633, 1789, 903]
INFORMACIÓN : 9levelsOrdered [1, 3, 3, 3, 2]
INFORMACIÓN : 9partialityOrdered [1, 3, 3, 3, 2]
INFORMACIÓN : 9arrivalTimes [2.3860549236329995, 18.70349261961771, 23.70349261961771, 30.41169655211708, 70.22375502690585]
INFORMACIÓN : depSat position 1383 level 3
INFORMACIÓN : depSat position 1633 level 3
INFORMACIÓN : depSat position 1789 level 3
INFORMACIÓN : I [IR]; lost Test.myBail@20ddaed3; POS 1383; sensors [AB, MW]; level 3 I paid 802.3771329468271in favour ofnull paid 802.3771329468271
INFORMACIÓN : 10historia0[0.0, 0.0, 0.0, 0.0, 0.0, 0.0, 0.0, 0.0, 0.0, 0.0, 0.0, 0.0, 0.0, 0.0, 0.0, 0.0, 0.0, 0.0, 0.0, 0.0, 0.0, 0.0, 0.0, 0.0, 0.0, 0.0, 0.0, 0.0, 0.0, 0.0, 0.0, 0.0, 0.0, 0.0, 0.0, 0.0, 0.0, 785.6150815986965, 0.0, 0.0, 0.0, 0.0, 0.0, 789.2434098458368, 805.518211623114, 0.0, 0.0, 0.0, 0.0, 774.9589773981694, 0.0, 0.0, 0.0, 0.0, 0.0, 144.83196823562776, 0.0, 0.0, 0.0, 0.0, 0.0, 771.1327778290404, 0.0, 0.0, 0.0, 800.1751113298291, 0.0, 0.0, 0.0, 0.0, 0.0, 0.0, 0.0, 0.0, 0.0, 0.0, 0.0, 0.0, 0.0, 0.0, 0.0, 0.0, 0.0, 0.0, 0.0, 0.0, 0.0, 0.0, 0.0, 0.0, 0.0, 0.0, 0.0, 0.0, 0.0, 0.0, 0.0, 0.0, 0.0, 0.0, 0.0, 0.0, 0.0, 807.4990282424388, 0.0, 777.8509677214035, 0.0, 0.0, 0.0, 0.0, 145.17713567510623, 0.0, 0.0, 0.0, 0.0, 0.0, 0.0, 752.9899407602384, 784.4044983694141, 0.0, 0.0, 0.0, 0.0, 0.0, 0.0, 0.0, 0.0, 0.0, 0.0, 775.5004407950925, 0.0, 0.0, 0.0, 0.0, 0.0, 0.0, 0.0, 0.0, 0.0, 0.0, 0.0, 0.0, 0.0, 0.0, 0.0, 0.0, 784.8400613703302, 0.0, 0.0, 0.0, 796.31264726141, 0.0, 0.0, 0.0, 0.0, 0.0, 0.0, 0.0, 0.0, 0.0, 0.0, 0.0, 768.220287101686, 0.0, 0.0, 0.0, 0.0, 250.6045869539446, 0.0, 0.0]
INFORMACIÓN : 10apuestaBundle [802.3782169538204, 798.9378298206364, 798.6798221681315, 789.0209520650459, 278.6766013969669]
INFORMACIÓN : 10positionsBundle [1383, 1633, 1789, 1879, 1674]
INFORMACIÓN : 10levelsBundle [3, 3, 3, 3, 2]
INFORMACIÓN : 10positionsOrdered [1383, 1633, 1789, 1879, 1674]
INFORMACIÓN : 10levelsOrdered [3, 3, 3, 3, 2]
INFORMACIÓN : 10partialityOrdered [3, 3, 3, 3, 2]
INFORMACIÓN : 10arrivalTimes [18.67689944033379, 23.67689944033379, 30.38510337283316, 53.015300150961636, 59.418424388394484]
INFORMACIÓN : 11historia0[161.00961126695927, 0.0, 0.0, 0.0, 0.0, 0.0, 0.0, 0.0, 0.0, 0.0, 802.3782169538204, 0.0, 0.0, 0.0, 0.0, 129.65836064719952, 0.0, 0.0, 0.0, 270.7083922531553, 278.6766013969669, 0.0, 796.7003024768393, 0.0, 0.0, 0.0, 0.0, 0.0, 0.0, 0.0, 0.0, 0.0, 0.0, 0.0, 798.6798221681315, 0.0, 0.0, 785.6150815986965, 0.0, 0.0, 0.0, 0.0, 0.0, 0.0, 805.518211623114, 0.0, 0.0, 0.0, 0.0, 774.9589773981694, 252.6911652643471, 171.26375579740397, 0.0, 0.0, 0.0, 161.93720134244563, 0.0, 0.0, 0.0, 0.0, 0.0, 771.1327778290404, 0.0, 0.0, 0.0, 800.1751113298291, 0.0, 0.0, 0.0, 0.0, 0.0, 0.0, 0.0, 0.0, 0.0, 0.0, 0.0, 0.0, 0.0, 0.0, 0.0, 142.48670823075918, 0.0, 0.0, 0.0, 764.925589782536, 0.0, 0.0, 0.0, 0.0, 0.0, 789.0209520650459, 0.0, 0.0, 0.0, 0.0, 0.0, 0.0, 0.0, 0.0, 0.0, 0.0, 0.0, 807.4990282424388, 0.0, 777.8509677214035, 0.0, 276.2857202008913, 135.29030172465878, 0.0, 162.91056320988855, 0.0, 0.0, 0.0, 0.0, 0.0, 0.0, 752.9899407602384, 784.4044983694141, 0.0, 0.0, 0.0, 0.0, 0.0, 0.0, 0.0, 0.0, 0.0, 43.36599948553976, 775.5004407950925, 0.0, 0.0, 0.0, 0.0, 0.0, 0.0, 0.0, 0.0, 0.0, 0.0, 0.0, 0.0, 778.408125655264, 0.0, 0.0, 0.0, 784.8400613703302, 0.0, 0.0, 40.48452981333269, 796.31264726141, 0.0, 0.0, 0.0, 0.0, 0.0, 0.0, 0.0, 0.0, 0.0, 0.0, 0.0, 768.220287101686, 0.0, 0.0, 798.9378298206364, 0.0, 259.22195033706294, 0.0, 0.0]
INFORMACIÓN : 11apuestaBundle [802.3782169538204, 798.9378298206364, 798.6798221681315, 789.0209520650459, 278.6766013969669]
INFORMACIÓN : 11positionsBundle [1383, 1633, 1789, 1879, 1674]
INFORMACIÓN : 11levelsBundle [3, 3, 3, 3, 2]
INFORMACIÓN : 11positionsOrdered [1383, 1633, 1789, 1879, 1674]
INFORMACIÓN : 11levelsOrdered [3, 3, 3, 3, 2]
INFORMACIÓN : 11partialityOrdered [3, 3, 3, 3, 2]
INFORMACIÓN : 11arrivalTimes [18.67689944033379, 23.67689944033379, 30.38510337283316, 53.015300150961636, 59.418424388394484]
INFORMACIÓN : 12historia0[0.0, 0.0, 0.0, 0.0, 0.0, 0.0, 0.0, 0.0, 801.3121656950719, 0.0, 802.3782169538204, 0.0, 0.0, 0.0, 0.0, 129.65836064719952, 0.0, 0.0, 0.0, 0.0, 278.6766013969669, 0.0, 796.7003024768393, 0.0, 0.0, 0.0, 0.0, 0.0, 0.0, 0.0, 0.0, 0.0, 0.0, 0.0, 798.6798221681315, 0.0, 0.0, 785.6150815986965, 0.0, 0.0, 0.0, 0.0, 0.0, 0.0, 805.518211623114, 0.0, 0.0, 0.0, 0.0, 774.9589773981694, 252.6911652643471, 171.26375579740397, 0.0, 0.0, 0.0, 161.93720134244563, 0.0, 0.0, 0.0, 0.0, 0.0, 771.1327778290404, 0.0, 0.0, 0.0, 800.1751113298291, 0.0, 0.0, 0.0, 0.0, 0.0, 0.0, 0.0, 0.0, 0.0, 0.0, 0.0, 0.0, 0.0, 0.0, 0.0, 142.48670823075918, 0.0, 0.0, 0.0, 764.925589782536, 0.0, 0.0, 0.0, 0.0, 0.0, 789.0209520650459, 0.0, 0.0, 0.0, 0.0, 0.0, 0.0, 0.0, 0.0, 0.0, 0.0, 0.0, 807.4990282424388, 0.0, 0.0, 0.0, 0.0, 135.29030172465878, 0.0, 162.91056320988855, 0.0, 0.0, 0.0, 0.0, 0.0, 0.0, 758.440891706399, 787.6052045170785, 0.0, 0.0, 0.0, 0.0, 0.0, 0.0, 0.0, 0.0, 0.0, 43.36599948553976, 0.0, 278.7044102875593, 0.0, 0.0, 0.0, 0.0, 0.0, 0.0, 0.0, 0.0, 0.0, 0.0, 0.0, 778.408125655264, 0.0, 67.11617090590416, 0.0, 784.8400613703302, 0.0, 0.0, 0.0, 796.31264726141, 0.0, 223.3152752337955, 0.0, 0.0, 0.0, 0.0, 0.0, 0.0, 0.0, 0.0, 0.0, 776.2328511533426, 0.0, 0.0, 798.9378298206364, 0.0, 259.22195033706294, 0.0, 0.0]
INFORMACIÓN : 12apuestaBundle [802.3782169538204, 798.9378298206364, 798.6798221681315, 789.0209520650459, 278.6766013969669]
INFORMACIÓN : 12positionsBundle [1383, 1633, 1789, 1879, 1674]
INFORMACIÓN : 12levelsBundle [3, 3, 3, 3, 2]
INFORMACIÓN : 12positionsOrdered [1383, 1633, 1789, 1879, 1674]
INFORMACIÓN : 12levelsOrdered [3, 3, 3, 3, 2]
INFORMACIÓN : 12partialityOrdered [3, 3, 3, 3, 2]
INFORMACIÓN : 12arrivalTimes [18.67689944033379, 23.67689944033379, 30.38510337283316, 53.015300150961636, 59.418424388394484]
INFORMACIÓN : 13historia0[0.0, 0.0, 0.0, 0.0, 0.0, 269.07024829789975, 0.0, 0.0, 801.3121656950719, 0.0, 802.3782169538204, 0.0, 0.0, 0.0, 0.0, 0.0, 0.0, 148.32933950491068, 0.0, 0.0, 278.6766013969669, 0.0, 796.7003024768393, 0.0, 0.0, 0.0, 0.0, 0.0, 0.0, 0.0, 0.0, 0.0, 0.0, 0.0, 798.6798221681315, 0.0, 0.0, 785.6150815986965, 0.0, 0.0, 0.0, 256.5383644229398, 0.0, 0.0, 805.518211623114, 0.0, 0.0, 0.0, 0.0, 774.9589773981694, 262.19829751208636, 171.26375579740397, 0.0, 0.0, 0.0, 161.93720134244563, 0.0, 0.0, 0.0, 0.0, 0.0, 771.1327778290404, 0.0, 0.0, 0.0, 800.1751113298291, 0.0, 0.0, 0.0, 0.0, 0.0, 0.0, 0.0, 0.0, 0.0, 0.0, 0.0, 0.0, 0.0, 0.0, 0.0, 0.0, 0.0, 0.0, 0.0, 764.925589782536, 0.0, 0.0, 0.0, 0.0, 0.0, 789.0209520650459, 0.0, 39.7750915223769, 0.0, 0.0, 0.0, 0.0, 0.0, 0.0, 0.0, 0.0, 0.0, 807.4990282424388, 0.0, 777.8509677214035, 0.0, 0.0, 0.0, 0.0, 162.91056320988855, 0.0, 262.13008777327195, 0.0, 0.0, 0.0, 0.0, 758.440891706399, 787.6052045170785, 0.0, 0.0, 0.0, 0.0, 0.0, 144.91677308462036, 0.0, 0.0, 0.0, 43.36599948553976, 775.5015232324765, 278.7044102875593, 0.0, 0.0, 0.0, 0.0, 0.0, 0.0, 0.0, 0.0, 0.0, 0.0, 0.0, 778.408125655264, 0.0, 67.11617090590416, 0.0, 784.8400613703302, 0.0, 0.0, 0.0, 796.31264726141, 0.0, 223.3152752337955, 0.0, 0.0, 0.0, 0.0, 0.0, 0.0, 0.0, 0.0, 0.0, 776.2328511533426, 0.0, 0.0, 798.9378298206364, 0.0, 259.22195033706294, 0.0, 0.0]
INFORMACIÓN : 13apuestaBundle [802.3782169538204, 798.9378298206364, 798.6798221681315, 789.0209520650459, 278.6766013969669]
INFORMACIÓN : 13positionsBundle [1383, 1633, 1789, 1879, 1674]
INFORMACIÓN : 13levelsBundle [3, 3, 3, 3, 2]
INFORMACIÓN : 13positionsOrdered [1383, 1633, 1789, 1879, 1674]
INFORMACIÓN : 13levelsOrdered [3, 3, 3, 3, 2]
INFORMACIÓN : 13partialityOrdered [3, 3, 3, 3, 2]
INFORMACIÓN : 13arrivalTimes [18.67689944033379, 23.67689944033379, 30.38510337283316, 53.015300150961636, 59.418424388394484]
INFORMACIÓN : 14historia0[0.0, 0.0, 0.0, 0.0, 0.0, 269.07024829789975, 0.0, 0.0, 801.3121656950719, 0.0, 802.3782169538204, 0.0, 0.0, 0.0, 0.0, 0.0, 0.0, 148.32933950491068, 0.0, 0.0, 278.6766013969669, 0.0, 796.7003024768393, 0.0, 0.0, 0.0, 0.0, 0.0, 0.0, 0.0, 0.0, 0.0, 0.0, 0.0, 798.6798221681315, 0.0, 0.0, 785.6150815986965, 0.0, 0.0, 0.0, 256.5383644229398, 0.0, 0.0, 805.518211623114, 0.0, 0.0, 0.0, 0.0, 774.9589773981694, 262.19829751208636, 171.26375579740397, 0.0, 0.0, 0.0, 161.93720134244563, 0.0, 0.0, 0.0, 0.0, 0.0, 771.1327778290404, 0.0, 0.0, 0.0, 800.1751113298291, 0.0, 0.0, 0.0, 157.38530862271847, 0.0, 0.0, 0.0, 0.0, 0.0, 0.0, 0.0, 0.0, 0.0, 0.0, 0.0, 0.0, 0.0, 0.0, 0.0, 764.925589782536, 0.0, 0.0, 0.0, 0.0, 0.0, 789.0209520650459, 0.0, 39.7750915223769, 0.0, 0.0, 0.0, 0.0, 0.0, 0.0, 0.0, 0.0, 0.0, 807.4990282424388, 0.0, 777.8509677214035, 0.0, 0.0, 0.0, 0.0, 162.91056320988855, 0.0, 262.13008777327195, 0.0, 0.0, 0.0, 0.0, 758.440891706399, 787.6052045170785, 0.0, 0.0, 0.0, 0.0, 0.0, 144.91677308462036, 0.0, 0.0, 0.0, 47.98188350630385, 775.5015232324765, 278.7044102875593, 0.0, 0.0, 0.0, 0.0, 0.0, 0.0, 0.0, 0.0, 0.0, 0.0, 0.0, 778.408125655264, 0.0, 0.0, 0.0, 784.8400613703302, 0.0, 0.0, 0.0, 796.31264726141, 0.0, 223.3152752337955, 0.0, 0.0, 0.0, 0.0, 0.0, 0.0, 0.0, 0.0, 0.0, 776.2328511533426, 0.0, 0.0, 798.9378298206364, 0.0, 259.22195033706294, 0.0, 0.0]
INFORMACIÓN : 14apuestaBundle [802.3782169538204, 798.9378298206364, 798.6798221681315, 789.0209520650459, 278.6766013969669]
INFORMACIÓN : 14positionsBundle [1383, 1633, 1789, 1879, 1674]
INFORMACIÓN : 14levelsBundle [3, 3, 3, 3, 2]
INFORMACIÓN : 14positionsOrdered [1383, 1633, 1789, 1879, 1674]
INFORMACIÓN : 14levelsOrdered [3, 3, 3, 3, 2]
INFORMACIÓN : 14partialityOrdered [3, 3, 3, 3, 2]
INFORMACIÓN : 14arrivalTimes [18.67689944033379, 23.67689944033379, 30.38510337283316, 53.015300150961636, 59.418424388394484]
INFORMACIÓN : 15historia0[0.0, 0.0, 0.0, 0.0, 0.0, 269.07024829789975, 0.0, 0.0, 801.3121656950719, 0.0, 802.3782169538204, 0.0, 0.0, 0.0, 0.0, 0.0, 0.0, 148.32933950491068, 0.0, 0.0, 278.6766013969669, 0.0, 796.7003024768393, 0.0, 0.0, 0.0, 0.0, 0.0, 0.0, 0.0, 0.0, 0.0, 0.0, 0.0, 798.6798221681315, 0.0, 0.0, 785.6150815986965, 0.0, 0.0, 0.0, 256.5383644229398, 0.0, 0.0, 805.518211623114, 0.0, 0.0, 0.0, 0.0, 774.9589773981694, 262.19829751208636, 198.77154716072954, 0.0, 0.0, 0.0, 163.46185186553214, 0.0, 0.0, 0.0, 0.0, 0.0, 771.1327778290404, 0.0, 0.0, 0.0, 800.1751113298291, 0.0, 0.0, 0.0, 157.38530862271847, 0.0, 0.0, 0.0, 0.0, 0.0, 275.9034294877895, 0.0, 0.0, 0.0, 0.0, 0.0, 0.0, 0.0, 0.0, 0.0, 764.925589782536, 0.0, 0.0, 0.0, 0.0, 0.0, 789.0209520650459, 0.0, 39.7750915223769, 0.0, 0.0, 0.0, 0.0, 0.0, 0.0, 0.0, 0.0, 0.0, 807.4990282424388, 0.0, 777.8509677214035, 0.0, 0.0, 0.0, 0.0, 171.26185513841858, 0.0, 291.3059093636549, 0.0, 0.0, 0.0, 0.0, 758.440891706399, 787.6052045170785, 0.0, 0.0, 0.0, 0.0, 0.0, 144.91677308462036, 0.0, 0.0, 0.0, 47.98188350630385, 775.5015232324765, 0.0, 0.0, 0.0, 0.0, 0.0, 0.0, 0.0, 0.0, 0.0, 0.0, 0.0, 0.0, 778.408125655264, 0.0, 0.0, 0.0, 784.8400613703302, 0.0, 0.0, 0.0, 796.31264726141, 0.0, 223.3152752337955, 0.0, 0.0, 0.0, 0.0, 0.0, 0.0, 0.0, 0.0, 0.0, 776.2328511533426, 0.0, 0.0, 798.9378298206364, 0.0, 259.22195033706294, 0.0, 0.0]
INFORMACIÓN : 15apuestaBundle [802.3782169538204, 798.9378298206364, 798.6798221681315, 789.0209520650459, 278.6766013969669]
INFORMACIÓN : 15positionsBundle [1383, 1633, 1789, 1879, 1674]
INFORMACIÓN : 15levelsBundle [3, 3, 3, 3, 2]
INFORMACIÓN : 15positionsOrdered [1383, 1633, 1789, 1879, 1674]
INFORMACIÓN : 15levelsOrdered [3, 3, 3, 3, 2]
INFORMACIÓN : 15partialityOrdered [3, 3, 3, 3, 2]
INFORMACIÓN : 15arrivalTimes [18.67689944033379, 23.67689944033379, 30.38510337283316, 53.015300150961636, 59.418424388394484]
INFORMACIÓN : 16historia0[0.0, 0.0, 0.0, 0.0, 0.0, 269.07024829789975, 0.0, 0.0, 801.3121656950719, 0.0, 802.3782169538204, 0.0, 0.0, 0.0, 0.0, 0.0, 0.0, 148.32933950491068, 0.0, 0.0, 278.6766013969669, 0.0, 796.7003024768393, 0.0, 0.0, 0.0, 0.0, 0.0, 0.0, 0.0, 0.0, 0.0, 0.0, 0.0, 798.6798221681315, 0.0, 0.0, 785.6150815986965, 0.0, 0.0, 0.0, 256.5383644229398, 0.0, 0.0, 805.518211623114, 0.0, 0.0, 0.0, 0.0, 774.9589773981694, 262.19829751208636, 198.77154716072954, 0.0, 0.0, 0.0, 163.46185186553214, 0.0, 0.0, 0.0, 0.0, 0.0, 771.1327778290404, 0.0, 0.0, 0.0, 800.1751113298291, 0.0, 0.0, 0.0, 157.38530862271847, 0.0, 0.0, 0.0, 0.0, 0.0, 275.9034294877895, 0.0, 0.0, 0.0, 0.0, 0.0, 0.0, 0.0, 0.0, 0.0, 764.925589782536, 0.0, 0.0, 0.0, 0.0, 0.0, 789.0209520650459, 0.0, 39.7750915223769, 0.0, 0.0, 0.0, 0.0, 0.0, 0.0, 0.0, 0.0, 0.0, 807.4990282424388, 0.0, 777.8509677214035, 0.0, 0.0, 0.0, 0.0, 171.26185513841858, 0.0, 291.3059093636549, 0.0, 0.0, 0.0, 0.0, 758.440891706399, 787.6052045170785, 0.0, 0.0, 0.0, 0.0, 0.0, 144.91677308462036, 0.0, 0.0, 0.0, 57.69912492966296, 775.5015232324765, 0.0, 0.0, 0.0, 0.0, 0.0, 0.0, 166.9187868507429, 0.0, 0.0, 0.0, 0.0, 0.0, 778.408125655264, 0.0, 0.0, 185.8110403632386, 784.8400613703302, 0.0, 0.0, 0.0, 796.31264726141, 0.0, 223.3152752337955, 0.0, 0.0, 0.0, 0.0, 0.0, 0.0, 0.0, 0.0, 0.0, 776.2328511533426, 0.0, 0.0, 798.9378298206364, 0.0, 259.22195033706294, 0.0, 0.0]
INFORMACIÓN : 16apuestaBundle [802.3782169538204, 798.9378298206364, 798.6798221681315, 789.0209520650459, 278.6766013969669]
INFORMACIÓN : 16positionsBundle [1383, 1633, 1789, 1879, 1674]
INFORMACIÓN : 16levelsBundle [3, 3, 3, 3, 2]
INFORMACIÓN : 16positionsOrdered [1383, 1633, 1789, 1879, 1674]
INFORMACIÓN : 16levelsOrdered [3, 3, 3, 3, 2]
INFORMACIÓN : 16partialityOrdered [3, 3, 3, 3, 2]
INFORMACIÓN : 16arrivalTimes [18.67689944033379, 23.67689944033379, 30.38510337283316, 53.015300150961636, 59.418424388394484]
INFORMACIÓN : 17historia0[0.0, 0.0, 0.0, 0.0, 0.0, 269.07024829789975, 0.0, 0.0, 801.3121656950719, 0.0, 802.3782169538204, 0.0, 0.0, 0.0, 0.0, 0.0, 0.0, 148.32933950491068, 0.0, 0.0, 278.6766013969669, 0.0, 796.7003024768393, 0.0, 0.0, 0.0, 0.0, 0.0, 0.0, 0.0, 0.0, 0.0, 0.0, 0.0, 798.6798221681315, 0.0, 0.0, 785.6150815986965, 0.0, 0.0, 0.0, 256.5383644229398, 0.0, 0.0, 805.518211623114, 0.0, 0.0, 0.0, 0.0, 774.9589773981694, 262.19829751208636, 198.77154716072954, 0.0, 0.0, 0.0, 163.46185186553214, 0.0, 0.0, 0.0, 0.0, 0.0, 771.1327778290404, 0.0, 0.0, 0.0, 800.1751113298291, 0.0, 0.0, 0.0, 157.38530862271847, 0.0, 0.0, 0.0, 0.0, 0.0, 275.9034294877895, 0.0, 0.0, 0.0, 0.0, 0.0, 150.4656433329829, 0.0, 0.0, 0.0, 764.925589782536, 0.0, 0.0, 0.0, 0.0, 0.0, 789.0209520650459, 0.0, 39.7750915223769, 0.0, 0.0, 0.0, 0.0, 0.0, 0.0, 56.41258247440692, 0.0, 0.0, 807.4990282424388, 0.0, 777.8509677214035, 0.0, 0.0, 0.0, 0.0, 171.26185513841858, 0.0, 291.3059093636549, 0.0, 0.0, 0.0, 0.0, 758.440891706399, 787.6052045170785, 0.0, 0.0, 0.0, 0.0, 0.0, 144.91677308462036, 0.0, 0.0, 0.0, 57.69912492966296, 775.5015232324765, 0.0, 0.0, 0.0, 0.0, 0.0, 0.0, 166.9187868507429, 0.0, 0.0, 0.0, 0.0, 0.0, 778.408125655264, 0.0, 0.0, 185.8110403632386, 784.8400613703302, 0.0, 0.0, 0.0, 796.31264726141, 0.0, 223.3152752337955, 0.0, 0.0, 0.0, 0.0, 0.0, 0.0, 0.0, 0.0, 0.0, 776.2328511533426, 0.0, 0.0, 798.9378298206364, 0.0, 259.22195033706294, 0.0, 0.0]
INFORMACIÓN : 17apuestaBundle [802.3782169538204, 798.9378298206364, 798.6798221681315, 789.0209520650459, 278.6766013969669]
INFORMACIÓN : 17positionsBundle [1383, 1633, 1789, 1879, 1674]
INFORMACIÓN : 17levelsBundle [3, 3, 3, 3, 2]
INFORMACIÓN : 17positionsOrdered [1383, 1633, 1789, 1879, 1674]
INFORMACIÓN : 17levelsOrdered [3, 3, 3, 3, 2]
INFORMACIÓN : 17partialityOrdered [3, 3, 3, 3, 2]
INFORMACIÓN : 17arrivalTimes [18.67689944033379, 23.67689944033379, 30.38510337283316, 53.015300150961636, 59.418424388394484]
INFORMACIÓN : 18historia0[0.0, 0.0, 0.0, 0.0, 0.0, 269.07024829789975, 0.0, 0.0, 801.3121656950719, 0.0, 802.3782169538204, 0.0, 0.0, 0.0, 0.0, 0.0, 0.0, 148.32933950491068, 0.0, 0.0, 278.6766013969669, 0.0, 796.7003024768393, 0.0, 0.0, 0.0, 0.0, 0.0, 0.0, 0.0, 0.0, 0.0, 0.0, 0.0, 798.6798221681315, 0.0, 0.0, 0.0, 0.0, 0.0, 0.0, 256.5383644229398, 0.0, 0.0, 805.518211623114, 0.0, 0.0, 0.0, 0.0, 0.0, 262.19829751208636, 198.77154716072954, 0.0, 0.0, 0.0, 163.46185186553214, 0.0, 0.0, 0.0, 0.0, 0.0, 771.1327778290404, 0.0, 0.0, 0.0, 0.0, 0.0, 0.0, 0.0, 0.0, 0.0, 0.0, 0.0, 0.0, 0.0, 275.9034294877895, 0.0, 0.0, 0.0, 0.0, 0.0, 150.4656433329829, 0.0, 0.0, 0.0, 764.925589782536, 0.0, 0.0, 0.0, 0.0, 0.0, 789.0209520650459, 0.0, 39.7750915223769, 0.0, 0.0, 0.0, 0.0, 0.0, 0.0, 0.0, 0.0, 0.0, 0.0, 0.0, 777.8509677214035, 0.0, 0.0, 146.20395976491994, 0.0, 171.26185513841858, 0.0, 0.0, 0.0, 0.0, 0.0, 0.0, 758.440891706399, 787.6052045170785, 0.0, 0.0, 0.0, 0.0, 0.0, 144.91677308462036, 0.0, 0.0, 0.0, 0.0, 775.5015232324765, 0.0, 0.0, 0.0, 0.0, 0.0, 0.0, 0.0, 0.0, 0.0, 0.0, 0.0, 0.0, 778.408125655264, 0.0, 0.0, 0.0, 0.0, 0.0, 0.0, 0.0, 0.0, 0.0, 223.3152752337955, 0.0, 0.0, 0.0, 0.0, 0.0, 0.0, 0.0, 0.0, 0.0, 776.2328511533426, 0.0, 0.0, 798.9378298206364, 0.0, 0.0, 0.0, 0.0]
INFORMACIÓN : 18apuestaBundle [802.3782169538204, 798.9378298206364, 798.6798221681315, 789.0209520650459, 278.6766013969669]
INFORMACIÓN : 18positionsBundle [1383, 1633, 1789, 1879, 1674]
INFORMACIÓN : 18levelsBundle [3, 3, 3, 3, 2]
INFORMACIÓN : 18positionsOrdered [1383, 1633, 1789, 1879, 1674]
INFORMACIÓN : 18levelsOrdered [3, 3, 3, 3, 2]
INFORMACIÓN : 18partialityOrdered [3, 3, 3, 3, 2]
INFORMACIÓN : 18arrivalTimes [18.67689944033379, 23.67689944033379, 30.38510337283316, 53.015300150961636, 59.418424388394484]
INFORMACIÓN : depSat position 1789 level 3
INFORMACIÓN : I [IR]; lost Test.myBail@481a8a2e; POS 1789; sensors [AB, MW]; level 3 I paid 798.6798221681315in favour ofnull paid 798.6798221681315
INFORMACIÓN : 19historia0[0.0, 0.0, 0.0, 0.0, 0.0, 269.07024829789975, 0.0, 0.0, 801.3121656950719, 0.0, 802.3782169538204, 0.0, 0.0, 0.0, 0.0, 0.0, 0.0, 148.32933950491068, 0.0, 0.0, 0.0, 0.0, 798.5767776165234, 0.0, 0.0, 0.0, 0.0, 0.0, 0.0, 0.0, 0.0, 0.0, 0.0, 0.0, 0.0, 0.0, 0.0, 0.0, 0.0, 0.0, 0.0, 256.5383644229398, 0.0, 789.2852479430289, 805.518211623114, 0.0, 0.0, 0.0, 0.0, 0.0, 262.19829751208636, 198.77154716072954, 0.0, 0.0, 0.0, 163.46185186553214, 0.0, 0.0, 0.0, 0.0, 0.0, 771.1327778290404, 0.0, 0.0, 0.0, 800.2442986130218, 0.0, 0.0, 0.0, 0.0, 0.0, 0.0, 0.0, 0.0, 0.0, 275.9034294877895, 0.0, 0.0, 0.0, 0.0, 0.0, 150.4656433329829, 0.0, 0.0, 0.0, 764.925589782536, 0.0, 0.0, 0.0, 0.0, 0.0, 0.0, 0.0, 39.7750915223769, 0.0, 0.0, 0.0, 0.0, 0.0, 0.0, 0.0, 0.0, 0.0, 807.4990282424388, 0.0, 777.8509677214035, 0.0, 0.0, 146.20395976491994, 0.0, 171.26185513841858, 0.0, 0.0, 0.0, 0.0, 0.0, 0.0, 758.440891706399, 787.6052045170785, 0.0, 0.0, 0.0, 0.0, 0.0, 144.91677308462036, 0.0, 0.0, 0.0, 0.0, 775.5015232324765, 0.0, 0.0, 0.0, 0.0, 0.0, 785.3689604768176, 0.0, 0.0, 0.0, 0.0, 0.0, 0.0, 778.4499737249266, 782.9011263043171, 0.0, 0.0, 0.0, 0.0, 0.0, 0.0, 0.0, 0.0, 0.0, 0.0, 0.0, 0.0, 0.0, 0.0, 0.0, 0.0, 0.0, 0.0, 776.2328511533426, 0.0, 0.0, 798.9378298206364, 0.0, 0.0, 0.0, 0.0]
INFORMACIÓN : 19apuestaBundle [802.3782169538204, 798.9378298206364, 197.62617530448347, 186.534078686736, 184.43263127376596]
INFORMACIÓN : 19positionsBundle [1383, 1633, 1190, 1130, 1228]
INFORMACIÓN : 19levelsBundle [3, 3, 1, 1, 1]
INFORMACIÓN : 19positionsOrdered [1190, 1130, 1383, 1633, 1228]
INFORMACIÓN : 19levelsOrdered [1, 1, 3, 3, 1]
INFORMACIÓN : 19partialityOrdered [1, 1, 3, 3, 1]
INFORMACIÓN : 19arrivalTimes [2.3860549236329995, 12.435930544753889, 18.67689944033379, 23.67689944033379, 33.11088057239039]
INFORMACIÓN : I [IR]; lost Test.myBail@30344023; POS 1190; sensors []; level 1 I paid 197.62617530448347in favour of40@(myturtles,myturtles,bug)@MK-18428 paid 148.32933950491068
INFORMACIÓN : 20historia0[0.0, 0.0, 0.0, 0.0, 0.0, 269.07024829789975, 0.0, 0.0, 801.3121656950719, 0.0, 802.3782169538204, 0.0, 0.0, 0.0, 0.0, 0.0, 0.0, 148.32933950491068, 0.0, 270.3913780349356, 0.0, 0.0, 798.5767776165234, 0.0, 0.0, 0.0, 0.0, 0.0, 0.0, 0.0, 0.0, 0.0, 0.0, 239.56835934495055, 0.0, 0.0, 0.0, 0.0, 0.0, 0.0, 0.0, 256.5383644229398, 0.0, 0.0, 805.518211623114, 0.0, 0.0, 0.0, 0.0, 775.1217102074684, 262.19829751208636, 0.0, 0.0, 0.0, 0.0, 0.0, 0.0, 0.0, 0.0, 0.0, 0.0, 771.1327778290404, 0.0, 0.0, 0.0, 800.2442986130218, 0.0, 0.0, 0.0, 0.0, 0.0, 0.0, 0.0, 0.0, 0.0, 0.0, 0.0, 0.0, 0.0, 0.0, 0.0, 150.4656433329829, 0.0, 0.0, 0.0, 764.925589782536, 0.0, 0.0, 0.0, 0.0, 0.0, 0.0, 0.0, 0.0, 0.0, 0.0, 0.0, 0.0, 0.0, 0.0, 0.0, 0.0, 0.0, 807.4990282424388, 0.0, 777.8509677214035, 0.0, 0.0, 0.0, 0.0, 0.0, 0.0, 0.0, 0.0, 0.0, 0.0, 0.0, 0.0, 787.6052045170785, 0.0, 0.0, 0.0, 0.0, 0.0, 176.07472071981869, 0.0, 0.0, 0.0, 0.0, 775.5015232324765, 0.0, 0.0, 0.0, 0.0, 0.0, 785.3689604768176, 0.0, 0.0, 0.0, 0.0, 0.0, 0.0, 0.0, 782.9011263043171, 0.0, 0.0, 0.0, 0.0, 0.0, 0.0, 0.0, 0.0, 223.3152752337955, 0.0, 769.7884409012274, 0.0, 0.0, 0.0, 0.0, 0.0, 0.0, 0.0, 776.2328511533426, 0.0, 0.0, 798.9378298206364, 0.0, 261.08405742252955, 0.0, 0.0]
INFORMACIÓN : 20apuestaBundle [802.3782169538204, 798.9378298206364, 365.3578335301752, 365.3578335301752, 74.96540051451493, 64.20260783121148]
INFORMACIÓN : 20positionsBundle [1383, 1633, 2218, 2218, 1674, 797]
INFORMACIÓN : 20levelsBundle [3, 3, 2, 2, 1, 2]
INFORMACIÓN : 20positionsOrdered [1383, 1633, 2218, 2218, 1674, 797]
INFORMACIÓN : 20levelsOrdered [3, 3, 2, 2, 1, 2]
INFORMACIÓN : 20partialityOrdered [3, 3, 3, 3, 2, 2]
INFORMACIÓN : 20arrivalTimes [18.67689944033379, 23.67689944033379, 42.88627215263234, 42.88627215263234, 55.416236238774005, 84.62239997179447]
INFORMACIÓN : timeSat position 2218 level 2
INFORMACIÓN : mutexSat position 2218 level 2
INFORMACIÓN : mutexSat position 1674 level 1
INFORMACIÓN : I [IR]; lost Test.myBail@2c5ea8da; POS 2218; sensors [MW]; level 2 I paid 365.3578335301752in favour ofnull paid 365.3578335301752
INFORMACIÓN : 21historia0[0.0, 0.0, 0.0, 0.0, 0.0, 269.07024829789975, 0.0, 0.0, 801.3121656950719, 0.0, 802.3782169538204, 0.0, 0.0, 0.0, 0.0, 0.0, 0.0, 0.0, 0.0, 270.3913780349356, 0.0, 0.0, 798.5767776165234, 0.0, 0.0, 0.0, 0.0, 0.0, 0.0, 0.0, 0.0, 0.0, 0.0, 239.56835934495055, 0.0, 0.0, 0.0, 0.0, 0.0, 0.0, 0.0, 0.0, 0.0, 0.0, 805.518211623114, 0.0, 0.0, 0.0, 0.0, 775.1217102074684, 262.19829751208636, 0.0, 0.0, 0.0, 0.0, 0.0, 375.93554883686005, 0.0, 0.0, 0.0, 0.0, 771.1327778290404, 0.0, 0.0, 0.0, 800.2442986130218, 0.0, 0.0, 0.0, 0.0, 0.0, 0.0, 0.0, 0.0, 0.0, 0.0, 0.0, 0.0, 0.0, 0.0, 0.0, 150.4656433329829, 0.0, 0.0, 0.0, 764.925589782536, 0.0, 0.0, 0.0, 0.0, 0.0, 0.0, 0.0, 0.0, 0.0, 0.0, 0.0, 0.0, 0.0, 0.0, 0.0, 0.0, 0.0, 807.4990282424388, 0.0, 777.8509677214035, 0.0, 269.95526604072967, 0.0, 0.0, 0.0, 0.0, 0.0, 0.0, 0.0, 0.0, 0.0, 0.0, 787.6052045170785, 0.0, 0.0, 0.0, 0.0, 0.0, 176.07472071981869, 0.0, 0.0, 0.0, 60.20201839354081, 775.5015232324765, 0.0, 0.0, 0.0, 0.0, 0.0, 785.3689604768176, 0.0, 0.0, 0.0, 0.0, 0.0, 0.0, 769.6417543847753, 782.9011263043171, 0.0, 0.0, 0.0, 0.0, 0.0, 0.0, 0.0, 0.0, 242.5595819767557, 0.0, 769.7884409012274, 0.0, 0.0, 0.0, 0.0, 0.0, 0.0, 0.0, 776.2328511533426, 0.0, 0.0, 798.9378298206364, 0.0, 261.08405742252955, 0.0, 0.0]
INFORMACIÓN : 21apuestaBundle [802.3782169538204, 798.9378298206364, 261.0443471189594, 235.9385592281492, 197.62617530448347]
INFORMACIÓN : 21positionsBundle [1383, 1633, 48, 903, 1190]
INFORMACIÓN : 21levelsBundle [3, 3, 2, 2, 1]
INFORMACIÓN : 21positionsOrdered [1383, 1633, 1190, 48, 903]
INFORMACIÓN : 21levelsOrdered [3, 3, 1, 2, 2]
INFORMACIÓN : 21partialityOrdered [3, 3, 1, 2, 2]
INFORMACIÓN : 21arrivalTimes [18.67689944033379, 23.67689944033379, 35.07865369132517, 100.22283591460081, 148.68931917881133]
INFORMACIÓN : 22historia0[162.13588706635534, 0.0, 0.0, 0.0, 0.0, 0.0, 0.0, 0.0, 801.3121656950719, 0.0, 802.3782169538204, 0.0, 0.0, 0.0, 0.0, 0.0, 0.0, 197.62617530448347, 0.0, 270.3913780349356, 0.0, 0.0, 798.5767776165234, 0.0, 0.0, 0.0, 0.0, 0.0, 0.0, 0.0, 0.0, 0.0, 0.0, 239.56835934495055, 0.0, 0.0, 0.0, 0.0, 0.0, 0.0, 0.0, 235.9385592281492, 0.0, 0.0, 805.518211623114, 0.0, 0.0, 0.0, 0.0, 775.1217102074684, 0.0, 0.0, 0.0, 0.0, 0.0, 0.0, 383.65266748314116, 0.0, 0.0, 0.0, 0.0, 771.1327778290404, 261.0443471189594, 0.0, 0.0, 800.2442986130218, 0.0, 0.0, 0.0, 161.17814802320964, 383.65266748314116, 0.0, 0.0, 368.49519297541286, 0.0, 0.0, 0.0, 0.0, 0.0, 0.0, 0.0, 0.0, 0.0, 0.0, 0.0, 764.925589782536, 0.0, 0.0, 0.0, 0.0, 0.0, 0.0, 0.0, 0.0, 0.0, 0.0, 0.0, 380.14130359165296, 0.0, 0.0, 0.0, 0.0, 0.0, 807.4990282424388, 0.0, 777.8509677214035, 0.0, 269.95526604072967, 143.4114473295059, 0.0, 0.0, 0.0, 284.2214755592054, 0.0, 0.0, 0.0, 0.0, 0.0, 787.6052045170785, 0.0, 0.0, 0.0, 0.0, 0.0, 176.07472071981869, 0.0, 0.0, 368.49519297541286, 60.20201839354081, 0.0, 283.3526208439023, 0.0, 0.0, 0.0, 0.0, 785.3689604768176, 166.95942249997552, 74.96923917955723, 0.0, 0.0, 0.0, 0.0, 769.6417543847753, 782.9011263043171, 0.0, 0.0, 0.0, 0.0, 0.0, 0.0, 0.0, 0.0, 242.5595819767557, 0.0, 769.7884409012274, 0.0, 0.0, 0.0, 0.0, 0.0, 0.0, 0.0, 776.2328511533426, 0.0, 0.0, 798.9378298206364, 0.0, 261.08405742252955, 0.0, 0.0]
INFORMACIÓN : 22apuestaBundle [802.3782169538204, 798.9378298206364, 261.0443471189594, 235.9385592281492, 197.62617530448347]
INFORMACIÓN : 22positionsBundle [1383, 1633, 48, 903, 1190]
INFORMACIÓN : 22levelsBundle [3, 3, 2, 2, 1]
INFORMACIÓN : 22positionsOrdered [1383, 1633, 1190, 48, 903]
INFORMACIÓN : 22levelsOrdered [3, 3, 1, 2, 2]
INFORMACIÓN : 22partialityOrdered [3, 3, 1, 2, 2]
INFORMACIÓN : 22arrivalTimes [18.67689944033379, 23.67689944033379, 35.07865369132517, 100.22283591460081, 148.68931917881133]
INFORMACIÓN : 23historia0[162.13588706635534, 0.0, 0.0, 0.0, 0.0, 0.0, 0.0, 0.0, 801.3121656950719, 0.0, 802.3782169538204, 0.0, 0.0, 0.0, 0.0, 0.0, 0.0, 197.62617530448347, 0.0, 270.3913780349356, 0.0, 0.0, 798.5767776165234, 0.0, 0.0, 58.98463416910056, 0.0, 0.0, 0.0, 0.0, 0.0, 0.0, 0.0, 239.56835934495055, 0.0, 0.0, 0.0, 0.0, 0.0, 0.0, 0.0, 235.9385592281492, 0.0, 0.0, 805.518211623114, 0.0, 0.0, 0.0, 0.0, 775.1217102074684, 258.8417593553231, 167.64415127611485, 0.0, 0.0, 0.0, 0.0, 0.0, 0.0, 0.0, 0.0, 0.0, 771.1327778290404, 261.0443471189594, 0.0, 0.0, 800.2442986130218, 0.0, 0.0, 0.0, 161.17814802320964, 0.0, 0.0, 0.0, 379.24955525029725, 0.0, 0.0, 0.0, 0.0, 0.0, 0.0, 0.0, 0.0, 0.0, 0.0, 0.0, 764.925589782536, 0.0, 0.0, 0.0, 0.0, 0.0, 0.0, 0.0, 30.341805782315944, 0.0, 0.0, 0.0, 380.14130359165296, 0.0, 0.0, 69.65729212876124, 0.0, 0.0, 807.4990282424388, 0.0, 777.8509677214035, 0.0, 269.95526604072967, 0.0, 0.0, 0.0, 0.0, 284.2214755592054, 0.0, 0.0, 0.0, 0.0, 0.0, 787.6052045170785, 0.0, 0.0, 0.0, 0.0, 0.0, 176.07472071981869, 0.0, 0.0, 379.24955525029725, 60.20201839354081, 0.0, 283.3526208439023, 0.0, 0.0, 0.0, 0.0, 785.3689604768176, 166.95942249997552, 0.0, 0.0, 0.0, 0.0, 0.0, 769.6417543847753, 782.9011263043171, 0.0, 0.0, 0.0, 0.0, 0.0, 0.0, 0.0, 0.0, 242.5595819767557, 0.0, 769.7884409012274, 0.0, 0.0, 0.0, 0.0, 0.0, 0.0, 0.0, 776.2328511533426, 0.0, 0.0, 798.9378298206364, 0.0, 264.2455398973957, 0.0, 0.0]
INFORMACIÓN : 23apuestaBundle [802.3782169538204, 798.9378298206364, 261.0443471189594, 235.9385592281492, 197.62617530448347]
INFORMACIÓN : 23positionsBundle [1383, 1633, 48, 903, 1190]
INFORMACIÓN : 23levelsBundle [3, 3, 2, 2, 1]
INFORMACIÓN : 23positionsOrdered [1383, 1633, 1190, 48, 903]
INFORMACIÓN : 23levelsOrdered [3, 3, 1, 2, 2]
INFORMACIÓN : 23partialityOrdered [3, 3, 1, 2, 2]
INFORMACIÓN : 23arrivalTimes [18.67689944033379, 23.67689944033379, 35.07865369132517, 100.22283591460081, 148.68931917881133]
INFORMACIÓN : 24historia0[162.13588706635534, 0.0, 0.0, 0.0, 0.0, 0.0, 0.0, 0.0, 801.3121656950719, 0.0, 802.3782169538204, 0.0, 0.0, 0.0, 0.0, 0.0, 0.0, 197.62617530448347, 0.0, 270.3913780349356, 0.0, 0.0, 798.5767776165234, 0.0, 0.0, 0.0, 0.0, 0.0, 0.0, 0.0, 0.0, 0.0, 0.0, 0.0, 0.0, 0.0, 0.0, 0.0, 0.0, 0.0, 0.0, 235.9385592281492, 0.0, 0.0, 805.518211623114, 0.0, 0.0, 0.0, 0.0, 775.1217102074684, 258.8417593553231, 0.0, 0.0, 0.0, 0.0, 149.3907680844817, 0.0, 0.0, 0.0, 0.0, 0.0, 771.1327778290404, 261.0443471189594, 0.0, 0.0, 800.2442986130218, 0.0, 0.0, 0.0, 161.17814802320964, 383.65266748314116, 0.0, 0.0, 379.24955525029725, 0.0, 0.0, 0.0, 0.0, 0.0, 0.0, 0.0, 0.0, 0.0, 0.0, 0.0, 764.925589782536, 0.0, 0.0, 0.0, 0.0, 0.0, 0.0, 0.0, 0.0, 0.0, 0.0, 0.0, 0.0, 0.0, 0.0, 0.0, 0.0, 0.0, 807.4990282424388, 0.0, 777.8509677214035, 0.0, 269.95526604072967, 143.4114473295059, 0.0, 146.7776493977599, 0.0, 284.2214755592054, 0.0, 0.0, 0.0, 0.0, 0.0, 787.6052045170785, 0.0, 0.0, 0.0, 0.0, 0.0, 176.07472071981869, 0.0, 0.0, 379.24955525029725, 60.20201839354081, 0.0, 283.3526208439023, 0.0, 0.0, 0.0, 0.0, 785.3689604768176, 166.95942249997552, 0.0, 0.0, 0.0, 0.0, 0.0, 769.6417543847753, 782.9011263043171, 0.0, 169.90446249400043, 0.0, 0.0, 0.0, 0.0, 0.0, 0.0, 242.5595819767557, 0.0, 769.7884409012274, 0.0, 0.0, 0.0, 0.0, 0.0, 0.0, 0.0, 776.2328511533426, 0.0, 0.0, 798.9378298206364, 0.0, 264.2455398973957, 0.0, 0.0]
INFORMACIÓN : 24apuestaBundle [802.3782169538204, 798.9378298206364, 261.0443471189594, 235.9385592281492, 197.62617530448347]
INFORMACIÓN : 24positionsBundle [1383, 1633, 48, 903, 1190]
INFORMACIÓN : 24levelsBundle [3, 3, 2, 2, 1]
INFORMACIÓN : 24positionsOrdered [1383, 1633, 1190, 48, 903]
INFORMACIÓN : 24levelsOrdered [3, 3, 1, 2, 2]
INFORMACIÓN : 24partialityOrdered [3, 3, 1, 2, 2]
INFORMACIÓN : 24arrivalTimes [18.67689944033379, 23.67689944033379, 35.07865369132517, 100.22283591460081, 148.68931917881133]
INFORMACIÓN : 25historia0[162.13588706635534, 0.0, 0.0, 0.0, 0.0, 0.0, 0.0, 0.0, 801.3121656950719, 0.0, 802.3782169538204, 0.0, 0.0, 0.0, 0.0, 0.0, 0.0, 197.62617530448347, 0.0, 270.3913780349356, 0.0, 0.0, 798.5767776165234, 0.0, 0.0, 0.0, 0.0, 0.0, 0.0, 0.0, 0.0, 0.0, 0.0, 0.0, 0.0, 0.0, 0.0, 0.0, 0.0, 0.0, 0.0, 235.9385592281492, 0.0, 0.0, 805.518211623114, 0.0, 0.0, 0.0, 0.0, 775.1217102074684, 258.8417593553231, 0.0, 1.8655724473695727, 0.0, 0.0, 149.3907680844817, 0.0, 0.0, 0.0, 0.0, 0.0, 771.1327778290404, 261.0443471189594, 0.0, 0.0, 800.2442986130218, 0.0, 0.0, 0.0, 161.17814802320964, 383.65266748314116, 0.0, 0.0, 379.24955525029725, 0.0, 0.0, 0.0, 0.0, 0.0, 0.0, 0.0, 0.0, 0.0, 0.0, 0.0, 764.925589782536, 0.0, 0.0, 0.0, 0.0, 0.0, 0.0, 0.0, 0.0, 0.0, 0.0, 0.0, 0.0, 0.0, 0.0, 0.0, 0.0, 0.0, 807.4990282424388, 0.0, 777.8509677214035, 0.0, 269.95526604072967, 143.4114473295059, 0.0, 146.7776493977599, 0.0, 284.2214755592054, 0.0, 0.0, 0.0, 0.0, 0.0, 787.6052045170785, 0.0, 0.0, 0.0, 0.0, 0.0, 176.07472071981869, 0.0, 0.0, 379.24955525029725, 60.20201839354081, 0.0, 283.3526208439023, 0.0, 0.0, 0.0, 0.0, 785.3689604768176, 166.95942249997552, 0.0, 0.0, 0.0, 0.0, 0.0, 769.6417543847753, 782.9011263043171, 0.0, 169.90446249400043, 0.0, 0.0, 0.0, 0.0, 0.0, 0.0, 242.5595819767557, 0.0, 769.7884409012274, 0.0, 0.0, 0.0, 0.0, 0.0, 0.0, 0.0, 776.2328511533426, 0.0, 0.0, 798.9378298206364, 0.0, 264.2455398973957, 0.0, 0.0]
INFORMACIÓN : 25apuestaBundle [802.3782169538204, 798.9378298206364, 261.0443471189594, 235.9385592281492, 197.62617530448347]
INFORMACIÓN : 25positionsBundle [1383, 1633, 48, 903, 1190]
INFORMACIÓN : 25levelsBundle [3, 3, 2, 2, 1]
INFORMACIÓN : 25positionsOrdered [1383, 1633, 1190, 48, 903]
INFORMACIÓN : 25levelsOrdered [3, 3, 1, 2, 2]
INFORMACIÓN : 25partialityOrdered [3, 3, 1, 2, 2]
INFORMACIÓN : 25arrivalTimes [18.67689944033379, 23.67689944033379, 35.07865369132517, 100.22283591460081, 148.68931917881133]
INFORMACIÓN : 26historia0[162.13588706635534, 0.0, 0.0, 0.0, 0.0, 0.0, 0.0, 0.0, 801.3121656950719, 0.0, 802.3782169538204, 0.0, 0.0, 0.0, 0.0, 0.0, 0.0, 197.62617530448347, 0.0, 270.3913780349356, 0.0, 0.0, 798.5767776165234, 0.0, 0.0, 0.0, 0.0, 0.0, 0.0, 0.0, 0.0, 0.0, 0.0, 0.0, 0.0, 0.0, 0.0, 0.0, 0.0, 0.0, 0.0, 235.9385592281492, 0.0, 0.0, 805.518211623114, 0.0, 0.0, 0.0, 0.0, 775.1217102074684, 258.8417593553231, 0.0, 1.8655724473695727, 0.0, 0.0, 149.3907680844817, 0.0, 0.0, 0.0, 0.0, 0.0, 771.1327778290404, 261.0443471189594, 0.0, 0.0, 800.2442986130218, 0.0, 0.0, 0.0, 161.17814802320964, 383.65266748314116, 0.0, 0.0, 379.24955525029725, 0.0, 0.0, 0.0, 0.0, 0.0, 0.0, 0.0, 0.0, 0.0, 0.0, 0.0, 764.925589782536, 0.0, 0.0, 0.0, 0.0, 0.0, 0.0, 0.0, 0.0, 0.0, 0.0, 0.0, 0.0, 0.0, 0.0, 0.0, 0.0, 0.0, 807.4990282424388, 0.0, 777.8509677214035, 0.0, 269.95526604072967, 143.4114473295059, 0.0, 146.7776493977599, 0.0, 284.2214755592054, 0.0, 0.0, 0.0, 0.0, 0.0, 787.6052045170785, 0.0, 0.0, 0.0, 0.0, 0.0, 176.07472071981869, 0.0, 0.0, 379.24955525029725, 0.0, 0.0, 283.3526208439023, 0.0, 0.0, 0.0, 0.0, 785.3689604768176, 166.95942249997552, 0.0, 0.0, 0.0, 0.0, 0.0, 769.6417543847753, 782.9011263043171, 0.0, 169.90446249400043, 0.0, 0.0, 0.0, 0.0, 0.0, 0.0, 242.5595819767557, 0.0, 769.7884409012274, 0.0, 0.0, 0.0, 0.0, 0.0, 0.0, 0.0, 776.2328511533426, 0.0, 0.0, 798.9378298206364, 0.0, 264.2455398973957, 0.0, 0.0]
INFORMACIÓN : 26apuestaBundle [802.3782169538204, 798.9378298206364, 261.0443471189594, 235.9385592281492, 197.62617530448347]
INFORMACIÓN : 26positionsBundle [1383, 1633, 48, 903, 1190]
INFORMACIÓN : 26levelsBundle [3, 3, 2, 2, 1]
INFORMACIÓN : 26positionsOrdered [1383, 1633, 1190, 48, 903]
INFORMACIÓN : 26levelsOrdered [3, 3, 1, 2, 2]
INFORMACIÓN : 26partialityOrdered [3, 3, 1, 2, 2]
INFORMACIÓN : 26arrivalTimes [18.67689944033379, 23.67689944033379, 35.07865369132517, 100.22283591460081, 148.68931917881133]
INFORMACIÓN : depSat position 1383 level 3
INFORMACIÓN : depSat position 1633 level 3
INFORMACIÓN : I [IR]; lost Test.myBail@20ddaed3; POS 1383; sensors [AB, MW]; level 3 I paid 802.3782169538204in favour ofnull paid 802.3782169538204
INFORMACIÓN : 27historia0[162.13588706635534, 0.0, 0.0, 0.0, 0.0, 0.0, 0.0, 0.0, 801.3121656950719, 0.0, 0.0, 0.0, 0.0, 0.0, 0.0, 0.0, 0.0, 0.0, 0.0, 270.3913780349356, 0.0, 0.0, 0.0, 0.0, 0.0, 0.0, 0.0, 0.0, 0.0, 0.0, 0.0, 0.0, 0.0, 0.0, 0.0, 0.0, 0.0, 0.0, 0.0, 0.0, 0.0, 0.0, 0.0, 0.0, 805.518211623114, 0.0, 0.0, 0.0, 0.0, 775.1217102074684, 258.8417593553231, 0.0, 1.8655724473695727, 0.0, 0.0, 149.3907680844817, 0.0, 0.0, 0.0, 0.0, 0.0, 771.1327778290404, 0.0, 0.0, 0.0, 0.0, 0.0, 0.0, 0.0, 161.17814802320964, 383.65266748314116, 0.0, 0.0, 379.24955525029725, 0.0, 0.0, 0.0, 0.0, 0.0, 0.0, 0.0, 0.0, 0.0, 0.0, 0.0, 764.925589782536, 0.0, 0.0, 0.0, 0.0, 0.0, 0.0, 0.0, 0.0, 0.0, 0.0, 0.0, 0.0, 0.0, 0.0, 0.0, 0.0, 0.0, 0.0, 0.0, 777.8509677214035, 0.0, 269.95526604072967, 143.4114473295059, 0.0, 146.7776493977599, 0.0, 284.2214755592054, 0.0, 0.0, 0.0, 0.0, 0.0, 787.6052045170785, 0.0, 0.0, 0.0, 0.0, 0.0, 0.0, 0.0, 0.0, 379.24955525029725, 0.0, 0.0, 283.3526208439023, 0.0, 0.0, 0.0, 0.0, 0.0, 166.95942249997552, 0.0, 0.0, 0.0, 0.0, 0.0, 769.6417543847753, 0.0, 0.0, 169.90446249400043, 0.0, 0.0, 0.0, 0.0, 0.0, 0.0, 242.5595819767557, 0.0, 769.7884409012274, 0.0, 0.0, 0.0, 0.0, 0.0, 0.0, 0.0, 776.2328511533426, 0.0, 0.0, 0.0, 0.0, 0.0, 0.0, 0.0]
INFORMACIÓN : 27apuestaBundle [802.5412837478038, 798.9528171206357, 798.9123732810135, 789.0209520650459, 772.3305463312171]
INFORMACIÓN : 27positionsBundle [1383, 1633, 1789, 1879, 2218]
INFORMACIÓN : 27levelsBundle [3, 3, 3, 3, 3]
INFORMACIÓN : 27positionsOrdered [1383, 1633, 1789, 1879, 2218]
INFORMACIÓN : 27levelsOrdered [3, 3, 3, 3, 3]
INFORMACIÓN : 27partialityOrdered [3, 3, 3, 3, 3]
INFORMACIÓN : 27arrivalTimes [14.676899440333791, 23.30909495778985, 30.01729889028922, 53.015300150961636, 66.05370496136693]
INFORMACIÓN : timeSat position 1789 level 3
INFORMACIÓN : I [IR]; lost Test.myBail@481a8a2e; POS 1789; sensors [AB, MW]; level 3 I paid 798.9123732810135in favour ofnull paid 798.9123732810135
INFORMACIÓN : 28historia0[162.13588706635534, 0.0, 0.0, 0.0, 0.0, 0.0, 0.0, 43.30094842017741, 801.3121656950719, 0.0, 802.5412837478038, 0.0, 0.0, 0.0, 0.0, 0.0, 0.0, 0.0, 0.0, 0.0, 0.0, 0.0, 797.241945154136, 0.0, 0.0, 0.0, 0.0, 0.0, 0.0, 0.0, 0.0, 0.0, 0.0, 0.0, 0.0, 0.0, 0.0, 787.5521151276508, 0.0, 0.0, 0.0, 0.0, 0.0, 791.0538527002109, 805.518211623114, 0.0, 0.0, 0.0, 43.30094842017741, 775.1217102074684, 0.0, 0.0, 1.8655724473695727, 0.0, 0.0, 0.0, 0.0, 0.0, 0.0, 0.0, 0.0, 771.1327778290404, 0.0, 0.0, 0.0, 800.4071970303927, 0.0, 0.0, 0.0, 161.17814802320964, 0.0, 0.0, 0.0, 0.0, 0.0, 0.0, 0.0, 0.0, 0.0, 0.0, 0.0, 0.0, 0.0, 0.0, 0.0, 764.925589782536, 0.0, 0.0, 0.0, 0.0, 0.0, 0.0, 0.0, 0.0, 0.0, 0.0, 0.0, 0.0, 0.0, 0.0, 0.0, 0.0, 0.0, 807.4990282424388, 0.0, 777.8509677214035, 0.0, 269.95526604072967, 143.4114473295059, 0.0, 0.0, 0.0, 284.2214755592054, 0.0, 0.0, 0.0, 0.0, 0.0, 787.6052045170785, 0.0, 0.0, 0.0, 0.0, 0.0, 0.0, 0.0, 0.0, 0.0, 0.0, 0.0, 283.3526208439023, 0.0, 0.0, 0.0, 0.0, 785.3689199469171, 166.95942249997552, 0.0, 0.0, 0.0, 0.0, 0.0, 769.6417543847753, 0.0, 0.0, 169.90446249400043, 784.9214608657298, 0.0, 0.0, 0.0, 795.2392092975889, 0.0, 242.5595819767557, 346.5732380624213, 769.7884409012274, 0.0, 0.0, 0.0, 0.0, 0.0, 0.0, 0.0, 776.2328511533426, 0.0, 0.0, 798.9528171206357, 0.0, 0.0, 765.321705013158, 0.0]
INFORMACIÓN : 28apuestaBundle [802.5412837478038, 798.9528171206357, 260.2730435890005, 237.27499977943512, 236.7098665137421]
INFORMACIÓN : 28positionsBundle [1383, 1633, 48, 501, 903]
INFORMACIÓN : 28levelsBundle [3, 3, 2, 2, 2]
INFORMACIÓN : 28positionsOrdered [1383, 1633, 48, 501, 903]
INFORMACIÓN : 28levelsOrdered [3, 3, 2, 2, 2]
INFORMACIÓN : 28partialityOrdered [3, 3, 2, 2, 2]
INFORMACIÓN : 28arrivalTimes [14.676899440333791, 23.30909495778985, 100.22283591460081, 148.27489102153666, 156.52110227277197]
INFORMACIÓN : I [IR]; lost Test.myBail@2ca1dbe1; POS 903; sensors [AB]; level 2 I paid 236.7098665137421in favour of19@(myturtles,myturtles,bug)@MK-18428 paid 273.74764191716395
INFORMACIÓN : 29historia0[162.13588706635534, 0.0, 0.0, 0.0, 0.0, 0.0, 0.0, 43.30094842017741, 801.3121656950719, 0.0, 802.5412837478038, 0.0, 0.0, 0.0, 0.0, 0.0, 0.0, 0.0, 0.0, 290.84299039140853, 0.0, 0.0, 797.241945154136, 0.0, 0.0, 0.0, 0.0, 0.0, 0.0, 0.0, 96.41962955070449, 0.0, 0.0, 0.0, 0.0, 0.0, 0.0, 787.5521151276508, 0.0, 0.0, 0.0, 273.74764191716395, 0.0, 0.0, 805.518211623114, 0.0, 0.0, 0.0, 43.30094842017741, 775.1217102074684, 0.0, 0.0, 1.8655724473695727, 0.0, 0.0, 0.0, 0.0, 0.0, 0.0, 0.0, 0.0, 771.1327778290404, 260.2730435890005, 0.0, 0.0, 800.4071970303927, 0.0, 0.0, 0.0, 161.17814802320964, 0.0, 0.0, 0.0, 0.0, 0.0, 0.0, 0.0, 0.0, 0.0, 0.0, 0.0, 0.0, 0.0, 0.0, 0.0, 764.925589782536, 0.0, 0.0, 0.0, 0.0, 0.0, 0.0, 0.0, 0.0, 0.0, 358.6608525071456, 0.0, 0.0, 0.0, 0.0, 0.0, 0.0, 0.0, 807.4990282424388, 0.0, 777.8509677214035, 0.0, 0.0, 143.4114473295059, 0.0, 0.0, 0.0, 284.2214755592054, 0.0, 0.0, 0.0, 0.0, 0.0, 787.6052045170785, 0.0, 0.0, 0.0, 0.0, 237.27499977943512, 0.0, 0.0, 0.0, 0.0, 0.0, 0.0, 283.3526208439023, 0.0, 0.0, 0.0, 0.0, 785.3689199469171, 166.95942249997552, 0.0, 0.0, 0.0, 0.0, 0.0, 769.6417543847753, 0.0, 0.0, 169.90446249400043, 784.9214608657298, 0.0, 0.0, 0.0, 795.2392092975889, 0.0, 0.0, 0.0, 769.7884409012274, 0.0, 0.0, 0.0, 0.0, 0.0, 0.0, 0.0, 0.0, 0.0, 0.0, 798.9528171206357, 0.0, 240.813041567985, 0.0, 0.0]
INFORMACIÓN : 29apuestaBundle [802.5412837478038, 798.9528171206357, 260.2730435890005, 237.27499977943512, 391.4561866406734]
INFORMACIÓN : 29positionsBundle [1383, 1633, 48, 501, 1789]
INFORMACIÓN : 29levelsBundle [3, 3, 2, 2, 2]
INFORMACIÓN : 29positionsOrdered [1383, 1633, 1789, 48, 501]
INFORMACIÓN : 29levelsOrdered [3, 3, 2, 2, 2]
INFORMACIÓN : 29partialityOrdered [3, 3, 3, 2, 2]
INFORMACIÓN : 29arrivalTimes [14.676899440333791, 23.30909495778985, 37.75405169753499, 100.22283591460081, 148.27489102153666]
INFORMACIÓN : mutexSat position 1789 level 2
INFORMACIÓN : I [IR]; lost Test.myBail@745673a2; POS 1789; sensors [MW]; level 2 I paid 391.4561866406734in favour ofnull paid 391.4561866406734
INFORMACIÓN : 30historia0[162.13588706635534, 0.0, 0.0, 0.0, 0.0, 0.0, 0.0, 0.0, 801.3121656950719, 0.0, 802.5412837478038, 0.0, 0.0, 0.0, 0.0, 0.0, 0.0, 0.0, 0.0, 290.84299039140853, 0.0, 0.0, 797.241945154136, 0.0, 0.0, 0.0, 0.0, 0.0, 0.0, 0.0, 0.0, 0.0, 0.0, 0.0, 0.0, 0.0, 0.0, 787.5521151276508, 0.0, 0.0, 0.0, 273.74764191716395, 0.0, 0.0, 805.518211623114, 0.0, 0.0, 0.0, 0.0, 775.1217102074684, 262.19829751208636, 0.0, 0.0, 0.0, 0.0, 0.0, 0.0, 0.0, 0.0, 0.0, 0.0, 771.1327778290404, 260.2730435890005, 0.0, 0.0, 800.4071970303927, 0.0, 0.0, 0.0, 161.17814802320964, 0.0, 0.0, 0.0, 0.0, 0.0, 0.0, 0.0, 0.0, 0.0, 0.0, 0.0, 0.0, 0.0, 0.0, 0.0, 764.925589782536, 0.0, 0.0, 0.0, 0.0, 0.0, 0.0, 0.0, 0.0, 0.0, 358.6608525071456, 0.0, 0.0, 0.0, 0.0, 66.53898836157077, 0.0, 0.0, 807.4990282424388, 0.0, 777.8509677214035, 0.0, 0.0, 0.0, 0.0, 0.0, 165.24606597997217, 284.2214755592054, 0.0, 0.0, 0.0, 0.0, 0.0, 787.6052045170785, 0.0, 0.0, 0.0, 0.0, 237.27499977943512, 0.0, 0.0, 0.0, 0.0, 0.0, 775.5608411988709, 0.0, 0.0, 0.0, 0.0, 0.0, 785.3689199469171, 0.0, 0.0, 0.0, 0.0, 0.0, 0.0, 0.0, 0.0, 0.0, 169.90446249400043, 784.9214608657298, 0.0, 0.0, 0.0, 795.2392092975889, 0.0, 223.3152752337955, 0.0, 769.7884409012274, 0.0, 0.0, 0.0, 0.0, 0.0, 0.0, 0.0, 768.3015717064592, 0.0, 0.0, 798.9528171206357, 0.0, 239.88633993220083, 0.0, 0.0]
INFORMACIÓN : 30apuestaBundle [802.5412837478038, 798.9528171206357, 260.2730435890005, 237.27499977943512, 197.62617198944235]
INFORMACIÓN : 30positionsBundle [1383, 1633, 48, 501, 1190]
INFORMACIÓN : 30levelsBundle [3, 3, 2, 2, 1]
INFORMACIÓN : 30positionsOrdered [1383, 1633, 1190, 48, 501]
INFORMACIÓN : 30levelsOrdered [3, 3, 1, 2, 2]
INFORMACIÓN : 30partialityOrdered [3, 3, 1, 2, 2]
INFORMACIÓN : 30arrivalTimes [14.676899440333791, 23.30909495778985, 34.71084920878123, 100.22283591460081, 148.27489102153666]
