----------------------------------------------------------------------
-- Log session for [myBugCoalitionsCCBBAGuaiDEF-39] started on 2017.07.13.18.46.24 --
----------------------------------------------------------------------

INFORMACIÓN : I started
INFORMACIÓN : 0apuestaBundle [802.3075844355319, 791.4189844735846, 786.6339274266517, 786.3207750705119, 777.2617830673634]
INFORMACIÓN : 0positionsBundle [887, 1383, 1789, 1633, 1879]
INFORMACIÓN : 0levelsBundle [3, 3, 3, 3, 3]
INFORMACIÓN : 0positionsOrdered [887, 1383, 1789, 1633, 1879]
INFORMACIÓN : 0levelsOrdered [3, 3, 3, 3, 3]
INFORMACIÓN : 0partialityOrdered [3, 3, 3, 3, 3]
INFORMACIÓN : 0arrivalTimes [8.023190868480265, 18.793520482749273, 28.793520482749273, 35.501724415248646, 41.904848652681494]
INFORMACIÓN : timeSat position 887 level 3
INFORMACIÓN : timeSat position 1633 level 3
INFORMACIÓN : timeSat position 1879 level 3
INFORMACIÓN : I [AB]; lost Test.myBail@6beb74e7; POS 887; sensors [IR, MW]; level 3 I paid 802.3075844355319in favour ofnull paid 802.3075844355319
INFORMACIÓN : 1historia0[0.0, 0.0, 0.0, 0.0, 0.0, 0.0, 0.0, 0.0, 0.0, 0.0, 802.8275951031699, 0.0, 0.0, 0.0, 0.0, 0.0, 0.0, 0.0, 0.0, 0.0, 0.0, 0.0, 798.5767776165234, 0.0, 0.0, 0.0, 0.0, 0.0, 0.0, 0.0, 0.0, 0.0, 0.0, 0.0, 799.1985079747649, 0.0, 0.0, 0.0, 0.0, 0.0, 0.0, 0.0, 0.0, 791.0538527002109, 805.518211623114, 0.0, 0.0, 0.0, 0.0, 775.5043396027369, 0.0, 0.0, 0.0, 0.0, 0.0, 0.0, 0.0, 0.0, 0.0, 0.0, 0.0, 0.0, 0.0, 0.0, 0.0, 801.4564306553494, 0.0, 0.0, 0.0, 0.0, 0.0, 0.0, 0.0, 0.0, 0.0, 0.0, 0.0, 0.0, 0.0, 0.0, 0.0, 0.0, 0.0, 0.0, 0.0, 797.9570824019509, 0.0, 0.0, 0.0, 0.0, 0.0, 782.178663788181, 0.0, 0.0, 0.0, 0.0, 0.0, 0.0, 0.0, 0.0, 0.0, 0.0, 0.0, 807.4990282424388, 0.0, 0.0, 0.0, 0.0, 0.0, 0.0, 0.0, 0.0, 0.0, 0.0, 0.0, 0.0, 0.0, 0.0, 0.0, 0.0, 0.0, 0.0, 0.0, 0.0, 0.0, 0.0, 0.0, 0.0, 0.0, 0.0, 0.0, 0.0, 0.0, 0.0, 0.0, 0.0, 0.0, 0.0, 0.0, 0.0, 0.0, 0.0, 787.5326478741677, 783.6032287044823, 0.0, 0.0, 773.9202431084623, 0.0, 0.0, 0.0, 781.0222254841275, 0.0, 0.0, 0.0, 0.0, 0.0, 0.0, 0.0, 0.0, 0.0, 0.0, 0.0, 0.0, 0.0, 0.0, 799.494867971654, 0.0, 0.0, 0.0, 0.0]
INFORMACIÓN : 1apuestaBundle [801.188783691413, 282.45525805989735, 276.4935042542133, 275.71604109976283, 261.1155730087414]
INFORMACIÓN : 1positionsBundle [887, 296, 132, 977, 1426]
INFORMACIÓN : 1levelsBundle [3, 2, 2, 2, 2]
INFORMACIÓN : 1positionsOrdered [887, 296, 132, 977, 1426]
INFORMACIÓN : 1levelsOrdered [3, 2, 2, 2, 2]
INFORMACIÓN : 1partialityOrdered [3, 2, 2, 2, 2]
INFORMACIÓN : 1arrivalTimes [35.47464092242362, 50.47464092242362, 64.79246198569997, 82.51250713236932, 91.56789227050675]
INFORMACIÓN : I [AB]; lost Test.myBail@30a05a02; POS 132; sensors [MW]; level 2 I paid 276.4935042542133in favour of42@(myturtles,myturtles,bug)@MK-18428 paid 291.3059093636549
INFORMACIÓN : 2historia0[0.0, 0.0, 0.0, 0.0, 0.0, 272.8354708636448, 0.0, 0.0, 801.188783691413, 0.0, 802.3771329468271, 0.0, 0.0, 0.0, 0.0, 0.0, 0.0, 0.0, 0.0, 290.84299039140853, 278.6766013969669, 0.0, 797.5608371889429, 0.0, 0.0, 0.0, 0.0, 0.0, 372.2867448661368, 0.0, 0.0, 0.0, 0.0, 0.0, 798.6787389225232, 0.0, 0.0, 0.0, 0.0, 0.0, 0.0, 283.43263488477, 0.0, 0.0, 805.518211623114, 0.0, 0.0, 372.2867448661368, 0.0, 774.9589773981694, 282.45525805989735, 0.0, 0.0, 0.0, 0.0, 0.0, 383.65266748314116, 0.0, 0.0, 0.0, 0.0, 0.0, 236.78321275638746, 0.0, 0.0, 800.1751113298291, 0.0, 0.0, 0.0, 0.0, 383.65266748314116, 0.0, 0.0, 0.0, 0.0, 0.0, 0.0, 0.0, 0.0, 0.0, 0.0, 0.0, 0.0, 0.0, 0.0, 0.0, 0.0, 0.0, 0.0, 0.0, 0.0, 789.0953468802301, 0.0, 0.0, 0.0, 0.0, 0.0, 0.0, 0.0, 0.0, 0.0, 0.0, 0.0, 807.4990282424388, 0.0, 777.8509677214035, 0.0, 287.32634388716394, 0.0, 0.0, 0.0, 0.0, 291.3059093636549, 0.0, 0.0, 0.0, 0.0, 0.0, 784.4044983694141, 0.0, 0.0, 0.0, 0.0, 272.6057135896575, 0.0, 0.0, 0.0, 0.0, 0.0, 775.5608411988709, 285.150113109433, 0.0, 0.0, 0.0, 0.0, 0.0, 0.0, 0.0, 0.0, 0.0, 0.0, 0.0, 786.7879836075974, 0.0, 0.0, 0.0, 0.0, 0.0, 263.34770891674253, 0.0, 781.0222254841275, 0.0, 0.0, 0.0, 0.0, 0.0, 0.0, 0.0, 0.0, 0.0, 0.0, 0.0, 0.0, 0.0, 0.0, 798.9367462122384, 0.0, 0.0, 0.0, 0.0]
INFORMACIÓN : 2apuestaBundle [801.188783691413, 282.45525805989735, 179.6453629306208, 160.7255050853171, 142.7567672024918]
INFORMACIÓN : 2positionsBundle [887, 296, 481, 317, 1157]
INFORMACIÓN : 2levelsBundle [3, 2, 1, 1, 1]
INFORMACIÓN : 2positionsOrdered [887, 296, 481, 317, 1157]
INFORMACIÓN : 2levelsOrdered [3, 2, 1, 1, 1]
INFORMACIÓN : 2partialityOrdered [3, 2, 1, 1, 1]
INFORMACIÓN : 2arrivalTimes [35.47464092242362, 50.47464092242362, 65.99881561868364, 80.31663668195999, 100.03971960527602]
INFORMACIÓN : I [AB]; lost Test.myBail@8b47a6c; POS 481; sensors []; level 1 I paid 179.6453629306208in favour of42@(myturtles,myturtles,bug)@MK-18428 paid 185.8110403632386
INFORMACIÓN : 3historia0[159.7604295319485, 0.0, 0.0, 0.0, 0.0, 0.0, 0.0, 0.0, 801.188783691413, 0.0, 802.3771329468271, 0.0, 0.0, 0.0, 0.0, 0.0, 0.0, 148.32933950491068, 0.0, 290.84299039140853, 0.0, 0.0, 797.5608371889429, 0.0, 0.0, 0.0, 0.0, 0.0, 0.0, 0.0, 0.0, 0.0, 0.0, 0.0, 798.6787389225232, 0.0, 0.0, 0.0, 0.0, 0.0, 0.0, 0.0, 0.0, 765.5883271259308, 805.518211623114, 0.0, 0.0, 0.0, 0.0, 774.9589773981694, 282.45525805989735, 170.28649659234816, 0.0, 0.0, 0.0, 0.0, 383.65266748314116, 0.0, 0.0, 0.0, 0.0, 771.1327778290404, 261.04394171480783, 0.0, 0.0, 800.1751113298291, 0.0, 0.0, 0.0, 161.17814802320964, 383.65266748314116, 0.0, 0.0, 0.0, 0.0, 275.9034294877895, 0.0, 0.0, 0.0, 0.0, 0.0, 0.0, 0.0, 0.0, 0.0, 0.0, 0.0, 0.0, 0.0, 0.0, 0.0, 0.0, 0.0, 0.0, 0.0, 0.0, 0.0, 0.0, 0.0, 0.0, 0.0, 0.0, 0.0, 807.4990282424388, 0.0, 777.8509677214035, 0.0, 287.32634388716394, 0.0, 0.0, 0.0, 0.0, 291.3059093636549, 0.0, 0.0, 0.0, 0.0, 752.9899407602384, 784.4044983694141, 0.0, 0.0, 0.0, 0.0, 240.9750136292264, 0.0, 0.0, 0.0, 0.0, 0.0, 775.5004407950925, 285.150113109433, 0.0, 0.0, 0.0, 0.0, 0.0, 166.9187868507429, 0.0, 0.0, 0.0, 0.0, 0.0, 786.7879836075974, 0.0, 0.0, 185.8110403632386, 0.0, 0.0, 0.0, 0.0, 781.0222254841275, 0.0, 229.81379578628366, 0.0, 0.0, 0.0, 0.0, 0.0, 0.0, 0.0, 0.0, 0.0, 768.220287101686, 0.0, 0.0, 798.9367462122384, 0.0, 251.28146205435496, 0.0, 0.0]
INFORMACIÓN : 3apuestaBundle [801.188783691413, 282.45525805989735, 135.56021715472002, 129.9281637933093, 92.7260026731202]
INFORMACIÓN : 3positionsBundle [887, 296, 1809, 2416, 797]
INFORMACIÓN : 3levelsBundle [3, 2, 1, 3, 2]
INFORMACIÓN : 3positionsOrdered [797, 887, 296, 1809, 2416]
INFORMACIÓN : 3levelsOrdered [2, 3, 2, 1, 3]
INFORMACIÓN : 3partialityOrdered [2, 3, 2, 1, 3]
INFORMACIÓN : 3arrivalTimes [2.723989331224658, 35.47464092242362, 50.47464092242362, 98.7447144670123, 112.6371584564621]
INFORMACIÓN : timeSat position 797 level 2
INFORMACIÓN : I [AB]; lost Test.myBail@395da4d5; POS 797; sensors [IR]; level 2 I paid 92.7260026731202in favour ofnull paid 92.7260026731202
INFORMACIÓN : 4historia0[0.0, 0.0, 0.0, 0.0, 0.0, 0.0, 0.0, 0.0, 801.188783691413, 0.0, 802.3771329468271, 0.0, 0.0, 0.0, 0.0, 129.9281637933093, 0.0, 197.6261753265203, 0.0, 290.84299039140853, 0.0, 0.0, 797.5608371889429, 0.0, 0.0, 0.0, 0.0, 0.0, 0.0, 0.0, 0.0, 0.0, 0.0, 0.0, 798.6787389225232, 0.0, 0.0, 0.0, 0.0, 0.0, 0.0, 240.40985919535478, 0.0, 765.5883271259308, 805.518211623114, 0.0, 0.0, 0.0, 0.0, 774.9589773981694, 282.45525805989735, 170.28649659234816, 0.0, 0.0, 0.0, 149.3907680844817, 0.0, 55.7632787716102, 0.0, 0.0, 0.0, 771.1327778290404, 0.0, 0.0, 0.0, 800.1751113298291, 0.0, 0.0, 0.0, 0.0, 0.0, 0.0, 0.0, 0.0, 0.0, 275.9034294877895, 0.0, 0.0, 0.0, 0.0, 0.0, 0.0, 0.0, 0.0, 0.0, 0.0, 0.0, 0.0, 0.0, 0.0, 0.0, 0.0, 0.0, 40.496524976180446, 0.0, 0.0, 0.0, 0.0, 0.0, 0.0, 0.0, 0.0, 0.0, 807.4990282424388, 0.0, 777.8509677214035, 51.83565869995289, 287.32634388716394, 135.56021715472002, 0.0, 146.7776493977599, 166.91122070353504, 291.3059093636549, 0.0, 0.0, 0.0, 0.0, 752.9899407602384, 784.4044983694141, 0.0, 0.0, 0.0, 0.0, 0.0, 144.91677308462036, 0.0, 0.0, 0.0, 0.0, 775.5004407950925, 285.150113109433, 0.0, 0.0, 0.0, 0.0, 0.0, 166.9187868507429, 0.0, 0.0, 0.0, 0.0, 0.0, 786.7879836075974, 0.0, 0.0, 185.8110403632386, 0.0, 0.0, 0.0, 0.0, 781.0222254841275, 0.0, 229.81379578628366, 0.0, 0.0, 0.0, 0.0, 0.0, 0.0, 0.0, 0.0, 0.0, 768.220287101686, 0.0, 0.0, 798.9367462122384, 0.0, 0.0, 0.0, 0.0]
INFORMACIÓN : 4apuestaBundle [801.188783691413, 282.45525805989735, 135.56021715472002, 129.9281637933093]
INFORMACIÓN : 4positionsBundle [887, 296, 1809, 2416]
INFORMACIÓN : 4levelsBundle [3, 2, 1, 3]
INFORMACIÓN : 4positionsOrdered [887, 296, 1809, 2416]
INFORMACIÓN : 4levelsOrdered [3, 2, 1, 3]
INFORMACIÓN : 4partialityOrdered [3, 2, 1, 3]
INFORMACIÓN : 4arrivalTimes [35.47464092242362, 50.47464092242362, 98.7447144670123, 112.6371584564621]
INFORMACIÓN : 5historia0[162.13588706635534, 0.0, 0.0, 0.0, 0.0, 0.0, 0.0, 0.0, 801.188783691413, 0.0, 802.3771329468271, 0.0, 0.0, 0.0, 0.0, 129.9281637933093, 0.0, 197.6261753265203, 0.0, 290.84299039140853, 0.0, 0.0, 797.5608371889429, 0.0, 0.0, 0.0, 0.0, 0.0, 0.0, 0.0, 0.0, 0.0, 0.0, 0.0, 798.6787389225232, 69.21463361927351, 0.0, 0.0, 0.0, 0.0, 0.0, 240.40985919535478, 0.0, 765.5883271259308, 805.518211623114, 0.0, 0.0, 0.0, 0.0, 774.9589773981694, 282.45525805989735, 170.28649659234816, 0.0, 0.0, 0.0, 0.0, 0.0, 0.0, 0.0, 0.0, 0.0, 771.1327778290404, 222.09152526596498, 0.0, 0.0, 800.1751113298291, 0.0, 0.0, 0.0, 161.17814802320964, 0.0, 0.0, 0.0, 0.0, 0.0, 275.9034294877895, 0.0, 0.0, 0.0, 0.0, 0.0, 0.0, 0.0, 0.0, 0.0, 0.0, 0.0, 0.0, 0.0, 0.0, 0.0, 0.0, 0.0, 40.496524976180446, 0.0, 0.0, 0.0, 0.0, 0.0, 0.0, 0.0, 0.0, 0.0, 807.4990282424388, 0.0, 777.8509677214035, 0.0, 287.32634388716394, 135.56021715472002, 0.0, 0.0, 0.0, 291.3059093636549, 0.0, 0.0, 0.0, 0.0, 752.9899407602384, 784.4044983694141, 0.0, 0.0, 0.0, 0.0, 0.0, 0.0, 0.0, 0.0, 0.0, 47.98188350630385, 775.5004407950925, 285.150113109433, 0.0, 0.0, 0.0, 0.0, 0.0, 166.9187868507429, 0.0, 0.0, 0.0, 0.0, 0.0, 786.7879836075974, 0.0, 0.0, 185.8110403632386, 0.0, 0.0, 0.0, 0.0, 781.0222254841275, 0.0, 229.81379578628366, 0.0, 0.0, 0.0, 0.0, 0.0, 0.0, 0.0, 0.0, 0.0, 768.220287101686, 0.0, 0.0, 798.9367462122384, 0.0, 261.08405742252955, 0.0, 0.0]
INFORMACIÓN : 5apuestaBundle [801.188783691413, 282.45525805989735, 135.56021715472002, 129.9281637933093]
INFORMACIÓN : 5positionsBundle [887, 296, 1809, 2416]
INFORMACIÓN : 5levelsBundle [3, 2, 1, 3]
INFORMACIÓN : 5positionsOrdered [887, 296, 1809, 2416]
INFORMACIÓN : 5levelsOrdered [3, 2, 1, 3]
INFORMACIÓN : 5partialityOrdered [3, 2, 1, 3]
INFORMACIÓN : 5arrivalTimes [35.47464092242362, 50.47464092242362, 98.7447144670123, 112.6371584564621]
INFORMACIÓN : 6historia0[162.13588706635534, 0.0, 0.0, 0.0, 0.0, 0.0, 0.0, 0.0, 801.188783691413, 0.0, 802.3771329468271, 0.0, 0.0, 0.0, 0.0, 129.9281637933093, 0.0, 197.6261753265203, 0.0, 290.84299039140853, 0.0, 0.0, 797.5608371889429, 0.0, 0.0, 0.0, 0.0, 0.0, 0.0, 0.0, 0.0, 0.0, 0.0, 0.0, 798.6787389225232, 0.0, 0.0, 0.0, 0.0, 0.0, 0.0, 240.40985919535478, 0.0, 765.5883271259308, 805.518211623114, 0.0, 0.0, 0.0, 0.0, 774.9589773981694, 282.45525805989735, 170.28649659234816, 0.0, 0.0, 0.0, 0.0, 0.0, 0.0, 0.0, 0.0, 0.0, 771.1327778290404, 222.09152526596498, 0.0, 0.0, 800.1751113298291, 0.0, 0.0, 0.0, 161.17814802320964, 0.0, 0.0, 0.0, 0.0, 0.0, 275.9034294877895, 0.0, 0.0, 0.0, 0.0, 0.0, 0.0, 0.0, 0.0, 0.0, 0.0, 0.0, 0.0, 0.0, 0.0, 0.0, 0.0, 0.0, 40.496524976180446, 0.0, 0.0, 0.0, 0.0, 0.0, 0.0, 0.0, 0.0, 0.0, 807.4990282424388, 0.0, 777.8509677214035, 0.0, 287.32634388716394, 135.56021715472002, 0.0, 0.0, 0.0, 291.3059093636549, 0.0, 0.0, 0.0, 0.0, 752.9899407602384, 784.4044983694141, 0.0, 0.0, 0.0, 0.0, 0.0, 0.0, 0.0, 0.0, 0.0, 47.98188350630385, 775.5004407950925, 285.150113109433, 0.0, 0.0, 0.0, 0.0, 0.0, 166.9187868507429, 0.0, 0.0, 0.0, 0.0, 0.0, 786.7879836075974, 0.0, 0.0, 185.8110403632386, 0.0, 0.0, 0.0, 0.0, 781.0222254841275, 0.0, 229.81379578628366, 0.0, 0.0, 0.0, 0.0, 0.0, 0.0, 0.0, 0.0, 0.0, 768.220287101686, 0.0, 0.0, 798.9367462122384, 0.0, 261.08405742252955, 0.0, 0.0]
INFORMACIÓN : 6apuestaBundle [801.188783691413, 282.45525805989735, 135.56021715472002, 129.9281637933093]
INFORMACIÓN : 6positionsBundle [887, 296, 1809, 2416]
INFORMACIÓN : 6levelsBundle [3, 2, 1, 3]
INFORMACIÓN : 6positionsOrdered [887, 296, 1809, 2416]
INFORMACIÓN : 6levelsOrdered [3, 2, 1, 3]
INFORMACIÓN : 6partialityOrdered [3, 2, 1, 3]
INFORMACIÓN : 6arrivalTimes [35.47464092242362, 50.47464092242362, 98.7447144670123, 112.6371584564621]
INFORMACIÓN : 7historia0[162.13588706635534, 0.0, 0.0, 0.0, 0.0, 0.0, 0.0, 0.0, 801.188783691413, 0.0, 802.3771329468271, 0.0, 0.0, 0.0, 0.0, 129.9281637933093, 0.0, 197.6261753265203, 0.0, 290.84299039140853, 0.0, 0.0, 797.5608371889429, 0.0, 0.0, 0.0, 0.0, 0.0, 0.0, 0.0, 0.0, 0.0, 0.0, 0.0, 798.6787389225232, 0.0, 0.0, 0.0, 0.0, 0.0, 0.0, 240.40985919535478, 0.0, 765.5883271259308, 805.518211623114, 0.0, 0.0, 0.0, 0.0, 774.9589773981694, 282.45525805989735, 170.28649659234816, 0.0, 0.0, 0.0, 0.0, 0.0, 0.0, 0.0, 0.0, 0.0, 771.1327778290404, 222.09152526596498, 0.0, 0.0, 800.1751113298291, 0.0, 0.0, 0.0, 161.17814802320964, 0.0, 0.0, 0.0, 0.0, 0.0, 275.9034294877895, 0.0, 0.0, 0.0, 0.0, 0.0, 0.0, 0.0, 0.0, 0.0, 0.0, 0.0, 0.0, 0.0, 0.0, 0.0, 0.0, 0.0, 40.496524976180446, 0.0, 0.0, 0.0, 0.0, 0.0, 0.0, 0.0, 0.0, 0.0, 807.4990282424388, 0.0, 777.8509677214035, 0.0, 287.32634388716394, 135.56021715472002, 0.0, 0.0, 0.0, 291.3059093636549, 0.0, 0.0, 0.0, 0.0, 752.9899407602384, 784.4044983694141, 0.0, 0.0, 0.0, 0.0, 0.0, 0.0, 0.0, 0.0, 0.0, 47.98188350630385, 775.5004407950925, 285.150113109433, 0.0, 0.0, 0.0, 0.0, 0.0, 166.9187868507429, 0.0, 0.0, 0.0, 0.0, 0.0, 786.7879836075974, 0.0, 0.0, 185.8110403632386, 0.0, 0.0, 0.0, 0.0, 781.0222254841275, 0.0, 229.81379578628366, 0.0, 0.0, 0.0, 0.0, 0.0, 0.0, 0.0, 0.0, 0.0, 768.220287101686, 0.0, 0.0, 798.9367462122384, 0.0, 261.08405742252955, 0.0, 0.0]
INFORMACIÓN : 7apuestaBundle [801.188783691413, 282.45525805989735, 135.56021715472002, 129.9281637933093]
INFORMACIÓN : 7positionsBundle [887, 296, 1809, 2416]
INFORMACIÓN : 7levelsBundle [3, 2, 1, 3]
INFORMACIÓN : 7positionsOrdered [887, 296, 1809, 2416]
INFORMACIÓN : 7levelsOrdered [3, 2, 1, 3]
INFORMACIÓN : 7partialityOrdered [3, 2, 1, 3]
INFORMACIÓN : 7arrivalTimes [35.47464092242362, 50.47464092242362, 98.7447144670123, 112.6371584564621]
INFORMACIÓN : 8historia0[162.13588706635534, 0.0, 0.0, 0.0, 0.0, 0.0, 0.0, 0.0, 801.188783691413, 0.0, 802.3771329468271, 0.0, 0.0, 0.0, 0.0, 129.9281637933093, 0.0, 197.6261753265203, 0.0, 290.84299039140853, 0.0, 0.0, 797.5608371889429, 0.0, 0.0, 0.0, 0.0, 0.0, 0.0, 0.0, 0.0, 0.0, 0.0, 0.0, 798.6787389225232, 0.0, 0.0, 0.0, 0.0, 0.0, 0.0, 240.40985919535478, 0.0, 765.5883271259308, 805.518211623114, 0.0, 0.0, 0.0, 0.0, 774.9589773981694, 282.45525805989735, 170.28649659234816, 0.0, 0.0, 0.0, 0.0, 0.0, 0.0, 0.0, 0.0, 0.0, 771.1327778290404, 222.09152526596498, 0.0, 0.0, 800.1751113298291, 0.0, 0.0, 0.0, 161.17814802320964, 0.0, 0.0, 0.0, 0.0, 0.0, 275.9034294877895, 0.0, 0.0, 0.0, 0.0, 0.0, 0.0, 0.0, 0.0, 0.0, 0.0, 0.0, 0.0, 0.0, 0.0, 0.0, 0.0, 0.0, 40.496524976180446, 0.0, 0.0, 0.0, 0.0, 0.0, 0.0, 0.0, 0.0, 0.0, 807.4990282424388, 0.0, 777.8509677214035, 0.0, 287.32634388716394, 135.56021715472002, 0.0, 0.0, 0.0, 291.3059093636549, 0.0, 0.0, 0.0, 0.0, 752.9899407602384, 784.4044983694141, 0.0, 0.0, 0.0, 0.0, 0.0, 0.0, 0.0, 0.0, 0.0, 47.98188350630385, 775.5004407950925, 285.150113109433, 0.0, 0.0, 0.0, 0.0, 0.0, 166.9187868507429, 0.0, 0.0, 0.0, 0.0, 0.0, 786.7879836075974, 0.0, 0.0, 185.8110403632386, 0.0, 0.0, 0.0, 0.0, 781.0222254841275, 0.0, 229.81379578628366, 0.0, 0.0, 0.0, 0.0, 0.0, 0.0, 0.0, 0.0, 0.0, 768.220287101686, 0.0, 0.0, 798.9367462122384, 0.0, 261.08405742252955, 0.0, 0.0]
INFORMACIÓN : 8apuestaBundle [801.188783691413, 282.45525805989735, 135.56021715472002, 129.9281637933093]
INFORMACIÓN : 8positionsBundle [887, 296, 1809, 2416]
INFORMACIÓN : 8levelsBundle [3, 2, 1, 3]
INFORMACIÓN : 8positionsOrdered [887, 296, 1809, 2416]
INFORMACIÓN : 8levelsOrdered [3, 2, 1, 3]
INFORMACIÓN : 8partialityOrdered [3, 2, 1, 3]
INFORMACIÓN : 8arrivalTimes [35.47464092242362, 50.47464092242362, 98.7447144670123, 112.6371584564621]
INFORMACIÓN : 9historia0[162.13588706635534, 0.0, 0.0, 0.0, 0.0, 0.0, 0.0, 0.0, 801.188783691413, 0.0, 802.3771329468271, 0.0, 0.0, 0.0, 0.0, 129.9281637933093, 0.0, 197.6261753265203, 0.0, 290.84299039140853, 0.0, 0.0, 797.5608371889429, 0.0, 0.0, 0.0, 0.0, 0.0, 0.0, 0.0, 0.0, 0.0, 0.0, 0.0, 798.6787389225232, 0.0, 0.0, 0.0, 0.0, 0.0, 0.0, 240.40985919535478, 0.0, 765.5883271259308, 805.518211623114, 0.0, 0.0, 0.0, 0.0, 774.9589773981694, 282.45525805989735, 170.28649659234816, 0.0, 0.0, 0.0, 0.0, 0.0, 0.0, 0.0, 0.0, 0.0, 771.1327778290404, 0.0, 0.0, 0.0, 800.1751113298291, 0.0, 0.0, 0.0, 161.17814802320964, 0.0, 0.0, 0.0, 0.0, 0.0, 275.9034294877895, 0.0, 0.0, 0.0, 0.0, 0.0, 0.0, 0.0, 0.0, 0.0, 0.0, 0.0, 0.0, 0.0, 0.0, 0.0, 0.0, 0.0, 40.496524976180446, 0.0, 0.0, 0.0, 0.0, 0.0, 0.0, 0.0, 0.0, 0.0, 0.0, 0.0, 777.8509677214035, 0.0, 287.32634388716394, 135.56021715472002, 0.0, 0.0, 0.0, 291.3059093636549, 0.0, 0.0, 0.0, 0.0, 752.9899407602384, 784.4044983694141, 0.0, 0.0, 0.0, 0.0, 0.0, 0.0, 0.0, 0.0, 0.0, 47.98188350630385, 775.5004407950925, 285.150113109433, 0.0, 0.0, 0.0, 0.0, 0.0, 166.9187868507429, 0.0, 0.0, 0.0, 0.0, 0.0, 786.7879836075974, 0.0, 0.0, 185.8110403632386, 0.0, 0.0, 0.0, 0.0, 781.0222254841275, 0.0, 229.81379578628366, 0.0, 0.0, 0.0, 0.0, 0.0, 0.0, 0.0, 0.0, 0.0, 768.220287101686, 0.0, 0.0, 798.9367462122384, 0.0, 261.08405742252955, 0.0, 0.0]
INFORMACIÓN : 9apuestaBundle [801.188783691413, 282.45525805989735, 135.56021715472002, 129.9281637933093]
INFORMACIÓN : 9positionsBundle [887, 296, 1809, 2416]
INFORMACIÓN : 9levelsBundle [3, 2, 1, 3]
INFORMACIÓN : 9positionsOrdered [887, 296, 1809, 2416]
INFORMACIÓN : 9levelsOrdered [3, 2, 1, 3]
INFORMACIÓN : 9partialityOrdered [3, 2, 1, 3]
INFORMACIÓN : 9arrivalTimes [35.47464092242362, 50.47464092242362, 98.7447144670123, 112.6371584564621]
INFORMACIÓN : depSat position 887 level 3
INFORMACIÓN : depSat position 296 level 2
INFORMACIÓN : I [AB]; lost Test.myBail@6beb74e7; POS 887; sensors [IR, MW]; level 3 I paid 801.188783691413in favour ofnull paid 801.188783691413
INFORMACIÓN : 10historia0[0.0, 0.0, 0.0, 0.0, 0.0, 0.0, 0.0, 0.0, 0.0, 0.0, 802.3771329468271, 0.0, 0.0, 0.0, 0.0, 0.0, 0.0, 197.6261753265203, 0.0, 290.84299039140853, 0.0, 0.0, 797.5608371889429, 0.0, 0.0, 0.0, 0.0, 0.0, 0.0, 0.0, 0.0, 0.0, 0.0, 0.0, 798.6787389225232, 0.0, 0.0, 785.6150815986965, 0.0, 0.0, 0.0, 283.43263488477, 0.0, 789.2434098458368, 805.518211623114, 0.0, 0.0, 0.0, 0.0, 774.9589773981694, 0.0, 0.0, 0.0, 0.0, 0.0, 144.83196823562776, 0.0, 0.0, 0.0, 0.0, 0.0, 771.1327778290404, 0.0, 0.0, 0.0, 800.1751113298291, 0.0, 0.0, 0.0, 0.0, 0.0, 0.0, 0.0, 0.0, 0.0, 0.0, 0.0, 0.0, 0.0, 0.0, 0.0, 0.0, 0.0, 0.0, 0.0, 0.0, 0.0, 0.0, 0.0, 0.0, 0.0, 758.6731946840895, 0.0, 0.0, 0.0, 0.0, 0.0, 0.0, 0.0, 0.0, 0.0, 0.0, 0.0, 807.4990282424388, 0.0, 777.8509677214035, 0.0, 287.32634388716394, 0.0, 0.0, 145.17713567510623, 0.0, 291.3059093636549, 0.0, 0.0, 0.0, 0.0, 752.9899407602384, 784.4044983694141, 0.0, 0.0, 0.0, 0.0, 0.0, 0.0, 0.0, 0.0, 0.0, 0.0, 775.5004407950925, 285.150113109433, 0.0, 0.0, 0.0, 0.0, 0.0, 166.9187868507429, 0.0, 0.0, 0.0, 0.0, 0.0, 786.7879836075974, 0.0, 0.0, 185.8110403632386, 784.8400613703302, 0.0, 0.0, 0.0, 796.31264726141, 0.0, 0.0, 0.0, 0.0, 0.0, 0.0, 0.0, 0.0, 0.0, 0.0, 0.0, 768.220287101686, 0.0, 0.0, 798.9367462122384, 0.0, 250.6045869539446, 0.0, 0.0]
INFORMACIÓN : 10apuestaBundle [801.3517105911965, 787.6041154072789, 776.0702273657364, 758.440891706399, 258.9468803987879]
INFORMACIÓN : 10positionsBundle [887, 1383, 1879, 2218, 296]
INFORMACIÓN : 10levelsBundle [3, 3, 3, 3, 2]
INFORMACIÓN : 10positionsOrdered [1383, 887, 1879, 2218, 296]
INFORMACIÓN : 10levelsOrdered [3, 3, 3, 3, 2]
INFORMACIÓN : 10partialityOrdered [3, 3, 3, 3, 2]
INFORMACIÓN : 10arrivalTimes [16.70349261961771, 31.474640922423617, 55.015300150961636, 68.05370496136693, 116.06412049799815]
INFORMACIÓN : timeSat position 887 level 3
INFORMACIÓN : I [AB]; lost Test.myBail@6beb74e7; POS 887; sensors [IR, MW]; level 3 I paid 801.3517105911965in favour ofnull paid 801.3517105911965
INFORMACIÓN : 11historia0[161.00961126695927, 0.0, 0.0, 0.0, 0.0, 0.0, 0.0, 0.0, 0.0, 0.0, 802.3782169538204, 0.0, 0.0, 0.0, 0.0, 129.65836064719952, 0.0, 0.0, 0.0, 270.7083922531553, 278.6766013969669, 0.0, 796.7003024768393, 0.0, 0.0, 0.0, 0.0, 0.0, 0.0, 0.0, 0.0, 0.0, 0.0, 0.0, 798.6798221681315, 0.0, 0.0, 785.6150815986965, 0.0, 0.0, 0.0, 256.5383644229398, 0.0, 0.0, 805.518211623114, 0.0, 0.0, 0.0, 0.0, 774.9589773981694, 0.0, 171.26375579740397, 0.0, 0.0, 0.0, 161.93720134244563, 0.0, 0.0, 0.0, 0.0, 0.0, 771.1327778290404, 0.0, 0.0, 0.0, 800.1751113298291, 0.0, 0.0, 0.0, 0.0, 0.0, 0.0, 0.0, 0.0, 0.0, 0.0, 0.0, 0.0, 0.0, 0.0, 0.0, 142.48670823075918, 0.0, 0.0, 0.0, 764.925589782536, 0.0, 0.0, 0.0, 0.0, 0.0, 789.0209520650459, 0.0, 0.0, 0.0, 0.0, 0.0, 0.0, 0.0, 0.0, 0.0, 0.0, 0.0, 807.4990282424388, 0.0, 777.8509677214035, 0.0, 276.2857202008913, 135.29030172465878, 0.0, 162.91056320988855, 0.0, 0.0, 0.0, 0.0, 0.0, 0.0, 0.0, 0.0, 0.0, 0.0, 0.0, 0.0, 252.44055388102345, 0.0, 0.0, 0.0, 0.0, 43.36599948553976, 775.5004407950925, 0.0, 0.0, 0.0, 0.0, 0.0, 0.0, 0.0, 0.0, 0.0, 0.0, 0.0, 0.0, 778.408125655264, 0.0, 0.0, 0.0, 784.8400613703302, 0.0, 0.0, 40.48452981333269, 796.31264726141, 0.0, 0.0, 0.0, 0.0, 0.0, 0.0, 0.0, 0.0, 0.0, 0.0, 0.0, 0.0, 0.0, 0.0, 798.9378298206364, 0.0, 259.22195033706294, 0.0, 0.0]
INFORMACIÓN : 11apuestaBundle [801.3121656950719, 787.6052045170785, 776.2328511533426, 758.440891706399, 278.7044102875593]
INFORMACIÓN : 11positionsBundle [887, 1383, 1879, 2218, 977]
INFORMACIÓN : 11levelsBundle [3, 3, 3, 3, 2]
INFORMACIÓN : 11positionsOrdered [1383, 887, 1879, 2218, 977]
INFORMACIÓN : 11levelsOrdered [3, 3, 3, 3, 2]
INFORMACIÓN : 11partialityOrdered [3, 3, 3, 3, 2]
INFORMACIÓN : 11arrivalTimes [16.67689944033379, 32.445429702087814, 53.986088930625826, 67.02449374103112, 93.59515425220397]
INFORMACIÓN : 12historia0[162.13588706635534, 0.0, 0.0, 0.0, 0.0, 0.0, 0.0, 0.0, 801.3121656950719, 0.0, 802.3782169538204, 0.0, 0.0, 0.0, 0.0, 129.65836064719952, 0.0, 148.32933950491068, 0.0, 0.0, 278.6766013969669, 0.0, 796.7003024768393, 0.0, 0.0, 0.0, 0.0, 0.0, 0.0, 0.0, 0.0, 0.0, 0.0, 0.0, 798.6798221681315, 0.0, 0.0, 785.6150815986965, 0.0, 0.0, 0.0, 0.0, 0.0, 0.0, 805.518211623114, 0.0, 0.0, 0.0, 0.0, 774.9589773981694, 252.6911652643471, 171.26375579740397, 0.0, 0.0, 0.0, 161.93720134244563, 0.0, 0.0, 0.0, 0.0, 0.0, 771.1327778290404, 242.06027528117573, 0.0, 0.0, 800.1751113298291, 0.0, 0.0, 0.0, 161.17814802320964, 0.0, 0.0, 0.0, 0.0, 0.0, 0.0, 0.0, 0.0, 0.0, 0.0, 0.0, 142.48670823075918, 0.0, 0.0, 0.0, 764.925589782536, 0.0, 0.0, 0.0, 0.0, 0.0, 789.0209520650459, 0.0, 0.0, 0.0, 0.0, 0.0, 0.0, 0.0, 0.0, 0.0, 0.0, 0.0, 807.4990282424388, 0.0, 0.0, 0.0, 0.0, 135.29030172465878, 0.0, 162.91056320988855, 0.0, 0.0, 0.0, 0.0, 0.0, 0.0, 758.440891706399, 787.6052045170785, 0.0, 0.0, 0.0, 0.0, 0.0, 0.0, 0.0, 0.0, 0.0, 43.36599948553976, 0.0, 278.7044102875593, 0.0, 0.0, 0.0, 0.0, 0.0, 0.0, 0.0, 0.0, 0.0, 0.0, 0.0, 778.408125655264, 0.0, 67.11617090590416, 0.0, 784.8400613703302, 0.0, 0.0, 0.0, 796.31264726141, 0.0, 223.3152752337955, 0.0, 0.0, 0.0, 0.0, 0.0, 0.0, 0.0, 0.0, 0.0, 776.2328511533426, 0.0, 0.0, 798.9378298206364, 0.0, 259.22195033706294, 0.0, 0.0]
INFORMACIÓN : 12apuestaBundle [801.3121656950719, 787.6052045170785, 776.2328511533426, 758.440891706399, 278.7044102875593]
INFORMACIÓN : 12positionsBundle [887, 1383, 1879, 2218, 977]
INFORMACIÓN : 12levelsBundle [3, 3, 3, 3, 2]
INFORMACIÓN : 12positionsOrdered [1383, 887, 1879, 2218, 977]
INFORMACIÓN : 12levelsOrdered [3, 3, 3, 3, 2]
INFORMACIÓN : 12partialityOrdered [3, 3, 3, 3, 2]
INFORMACIÓN : 12arrivalTimes [16.67689944033379, 32.445429702087814, 53.986088930625826, 67.02449374103112, 93.59515425220397]
INFORMACIÓN : 13historia0[0.0, 0.0, 0.0, 0.0, 0.0, 269.07024829789975, 0.0, 0.0, 801.3121656950719, 0.0, 802.3782169538204, 0.0, 0.0, 0.0, 0.0, 129.65836064719952, 0.0, 148.32933950491068, 0.0, 0.0, 278.6766013969669, 0.0, 796.7003024768393, 0.0, 0.0, 0.0, 0.0, 0.0, 0.0, 0.0, 0.0, 0.0, 0.0, 0.0, 798.6798221681315, 0.0, 0.0, 785.6150815986965, 0.0, 0.0, 0.0, 256.5383644229398, 0.0, 0.0, 805.518211623114, 0.0, 0.0, 0.0, 0.0, 774.9589773981694, 262.19829751208636, 171.26375579740397, 0.0, 0.0, 0.0, 161.93720134244563, 0.0, 0.0, 0.0, 0.0, 0.0, 771.1327778290404, 0.0, 0.0, 0.0, 800.1751113298291, 0.0, 0.0, 0.0, 0.0, 0.0, 0.0, 0.0, 0.0, 0.0, 0.0, 0.0, 0.0, 0.0, 0.0, 0.0, 142.48670823075918, 0.0, 0.0, 0.0, 764.925589782536, 0.0, 0.0, 0.0, 0.0, 0.0, 789.0209520650459, 0.0, 39.7750915223769, 0.0, 0.0, 0.0, 0.0, 0.0, 0.0, 0.0, 0.0, 0.0, 807.4990282424388, 0.0, 777.8509677214035, 0.0, 0.0, 135.29030172465878, 0.0, 162.91056320988855, 0.0, 262.13008777327195, 0.0, 0.0, 0.0, 0.0, 758.440891706399, 787.6052045170785, 0.0, 0.0, 0.0, 0.0, 0.0, 144.91677308462036, 0.0, 0.0, 0.0, 43.36599948553976, 775.5015232324765, 278.7044102875593, 0.0, 0.0, 0.0, 0.0, 0.0, 0.0, 0.0, 0.0, 0.0, 0.0, 0.0, 778.408125655264, 0.0, 67.11617090590416, 0.0, 784.8400613703302, 0.0, 0.0, 0.0, 796.31264726141, 0.0, 223.3152752337955, 0.0, 0.0, 0.0, 0.0, 0.0, 0.0, 0.0, 0.0, 0.0, 776.2328511533426, 0.0, 0.0, 798.9378298206364, 0.0, 259.22195033706294, 0.0, 0.0]
INFORMACIÓN : 13apuestaBundle [801.3121656950719, 787.6052045170785, 776.2328511533426, 758.440891706399, 278.7044102875593]
INFORMACIÓN : 13positionsBundle [887, 1383, 1879, 2218, 977]
INFORMACIÓN : 13levelsBundle [3, 3, 3, 3, 2]
INFORMACIÓN : 13positionsOrdered [1383, 887, 1879, 2218, 977]
INFORMACIÓN : 13levelsOrdered [3, 3, 3, 3, 2]
INFORMACIÓN : 13partialityOrdered [3, 3, 3, 3, 2]
INFORMACIÓN : 13arrivalTimes [16.67689944033379, 32.445429702087814, 53.986088930625826, 67.02449374103112, 93.59515425220397]
INFORMACIÓN : 14historia0[0.0, 0.0, 0.0, 0.0, 0.0, 269.07024829789975, 0.0, 0.0, 801.3121656950719, 0.0, 802.3782169538204, 0.0, 0.0, 0.0, 0.0, 0.0, 0.0, 148.32933950491068, 0.0, 0.0, 278.6766013969669, 0.0, 796.7003024768393, 0.0, 0.0, 0.0, 0.0, 0.0, 0.0, 0.0, 0.0, 0.0, 0.0, 0.0, 798.6798221681315, 0.0, 0.0, 785.6150815986965, 0.0, 0.0, 0.0, 256.5383644229398, 0.0, 0.0, 805.518211623114, 0.0, 0.0, 0.0, 0.0, 774.9589773981694, 262.19829751208636, 171.26375579740397, 0.0, 0.0, 0.0, 161.93720134244563, 0.0, 0.0, 0.0, 0.0, 0.0, 771.1327778290404, 0.0, 0.0, 0.0, 800.1751113298291, 0.0, 0.0, 0.0, 157.38530862271847, 0.0, 0.0, 0.0, 0.0, 0.0, 0.0, 0.0, 0.0, 0.0, 0.0, 0.0, 0.0, 0.0, 0.0, 0.0, 764.925589782536, 0.0, 0.0, 0.0, 0.0, 0.0, 789.0209520650459, 0.0, 39.7750915223769, 0.0, 0.0, 0.0, 0.0, 0.0, 0.0, 0.0, 0.0, 0.0, 807.4990282424388, 0.0, 777.8509677214035, 0.0, 0.0, 0.0, 0.0, 162.91056320988855, 0.0, 262.13008777327195, 0.0, 0.0, 0.0, 0.0, 758.440891706399, 787.6052045170785, 0.0, 0.0, 0.0, 0.0, 0.0, 144.91677308462036, 0.0, 0.0, 0.0, 47.98188350630385, 775.5015232324765, 278.7044102875593, 0.0, 0.0, 0.0, 0.0, 0.0, 0.0, 0.0, 0.0, 0.0, 0.0, 0.0, 778.408125655264, 0.0, 0.0, 0.0, 784.8400613703302, 0.0, 0.0, 0.0, 796.31264726141, 0.0, 223.3152752337955, 0.0, 0.0, 0.0, 0.0, 0.0, 0.0, 0.0, 0.0, 0.0, 776.2328511533426, 0.0, 0.0, 798.9378298206364, 0.0, 259.22195033706294, 0.0, 0.0]
INFORMACIÓN : 14apuestaBundle [801.3121656950719, 787.6052045170785, 776.2328511533426, 758.440891706399, 278.7044102875593]
INFORMACIÓN : 14positionsBundle [887, 1383, 1879, 2218, 977]
INFORMACIÓN : 14levelsBundle [3, 3, 3, 3, 2]
INFORMACIÓN : 14positionsOrdered [1383, 887, 1879, 2218, 977]
INFORMACIÓN : 14levelsOrdered [3, 3, 3, 3, 2]
INFORMACIÓN : 14partialityOrdered [3, 3, 3, 3, 2]
INFORMACIÓN : 14arrivalTimes [16.67689944033379, 32.445429702087814, 53.986088930625826, 67.02449374103112, 93.59515425220397]
INFORMACIÓN : I [AB]; lost Test.myBail@73b58f74; POS 977; sensors [MW]; level 2 I paid 278.7044102875593in favour of42@(myturtles,myturtles,bug)@MK-18428 paid 285.150113109433
INFORMACIÓN : 15historia0[0.0, 0.0, 0.0, 0.0, 0.0, 272.8354708636448, 0.0, 0.0, 801.3121656950719, 0.0, 802.3782169538204, 0.0, 0.0, 0.0, 0.0, 0.0, 0.0, 148.32933950491068, 0.0, 0.0, 278.6766013969669, 0.0, 796.7003024768393, 0.0, 0.0, 0.0, 0.0, 0.0, 0.0, 0.0, 0.0, 0.0, 0.0, 0.0, 798.6798221681315, 0.0, 0.0, 785.6150815986965, 0.0, 0.0, 0.0, 256.5383644229398, 0.0, 0.0, 805.518211623114, 0.0, 0.0, 0.0, 0.0, 774.9589773981694, 262.19829751208636, 198.77154716072954, 0.0, 0.0, 0.0, 163.46185186553214, 0.0, 0.0, 0.0, 0.0, 0.0, 771.1327778290404, 0.0, 0.0, 0.0, 800.1751113298291, 0.0, 0.0, 0.0, 157.38530862271847, 0.0, 0.0, 0.0, 0.0, 0.0, 275.9034294877895, 0.0, 0.0, 0.0, 0.0, 0.0, 0.0, 0.0, 0.0, 0.0, 764.925589782536, 0.0, 0.0, 0.0, 0.0, 0.0, 789.0209520650459, 0.0, 39.7750915223769, 0.0, 0.0, 0.0, 0.0, 0.0, 0.0, 0.0, 0.0, 0.0, 807.4990282424388, 0.0, 777.8509677214035, 0.0, 0.0, 0.0, 0.0, 171.26185513841858, 0.0, 291.3059093636549, 0.0, 0.0, 0.0, 0.0, 758.440891706399, 787.6052045170785, 0.0, 0.0, 0.0, 0.0, 0.0, 144.91677308462036, 0.0, 0.0, 0.0, 47.98188350630385, 775.5015232324765, 285.150113109433, 0.0, 0.0, 0.0, 0.0, 0.0, 0.0, 0.0, 0.0, 0.0, 0.0, 0.0, 778.408125655264, 0.0, 0.0, 185.8110403632386, 784.8400613703302, 0.0, 0.0, 0.0, 796.31264726141, 0.0, 223.3152752337955, 0.0, 0.0, 0.0, 0.0, 0.0, 0.0, 0.0, 0.0, 0.0, 776.2328511533426, 0.0, 0.0, 798.9378298206364, 0.0, 259.22195033706294, 0.0, 0.0]
INFORMACIÓN : 15apuestaBundle [801.3121656950719, 787.6052045170785, 776.2328511533426, 758.440891706399, 160.7255050853171]
INFORMACIÓN : 15positionsBundle [887, 1383, 1879, 2218, 317]
INFORMACIÓN : 15levelsBundle [3, 3, 3, 3, 1]
INFORMACIÓN : 15positionsOrdered [1383, 887, 1879, 2218, 317]
INFORMACIÓN : 15levelsOrdered [3, 3, 3, 3, 1]
INFORMACIÓN : 15partialityOrdered [3, 3, 3, 3, 1]
INFORMACIÓN : 15arrivalTimes [16.67689944033379, 32.445429702087814, 53.986088930625826, 67.02449374103112, 105.03764935852755]
INFORMACIÓN : I [AB]; lost Test.myBail@27367ff1; POS 317; sensors []; level 1 I paid 160.7255050853171in favour of42@(myturtles,myturtles,bug)@MK-18428 paid 166.9187868507429
INFORMACIÓN : 16historia0[0.0, 0.0, 0.0, 0.0, 0.0, 269.07024829789975, 0.0, 0.0, 801.3121656950719, 0.0, 802.3782169538204, 0.0, 0.0, 0.0, 0.0, 0.0, 0.0, 148.32933950491068, 0.0, 0.0, 278.6766013969669, 0.0, 796.7003024768393, 0.0, 0.0, 0.0, 0.0, 0.0, 0.0, 0.0, 0.0, 0.0, 69.21149509798964, 0.0, 798.6798221681315, 0.0, 0.0, 785.6150815986965, 0.0, 0.0, 0.0, 256.5383644229398, 0.0, 0.0, 805.518211623114, 0.0, 0.0, 0.0, 0.0, 774.9589773981694, 262.19829751208636, 198.77154716072954, 0.0, 0.0, 0.0, 163.46185186553214, 0.0, 0.0, 0.0, 0.0, 0.0, 771.1327778290404, 0.0, 0.0, 0.0, 800.1751113298291, 0.0, 0.0, 0.0, 157.38530862271847, 0.0, 0.0, 0.0, 0.0, 0.0, 275.9034294877895, 0.0, 0.0, 0.0, 0.0, 0.0, 0.0, 0.0, 0.0, 0.0, 764.925589782536, 0.0, 0.0, 0.0, 0.0, 0.0, 789.0209520650459, 0.0, 39.7750915223769, 0.0, 0.0, 0.0, 0.0, 0.0, 0.0, 0.0, 0.0, 0.0, 807.4990282424388, 0.0, 777.8509677214035, 0.0, 0.0, 0.0, 0.0, 171.26185513841858, 0.0, 291.3059093636549, 0.0, 0.0, 0.0, 0.0, 758.440891706399, 787.6052045170785, 0.0, 0.0, 0.0, 0.0, 0.0, 144.91677308462036, 0.0, 0.0, 0.0, 57.69912492966296, 775.5015232324765, 0.0, 0.0, 0.0, 0.0, 0.0, 0.0, 166.9187868507429, 0.0, 0.0, 0.0, 0.0, 0.0, 778.408125655264, 0.0, 0.0, 185.8110403632386, 784.8400613703302, 0.0, 0.0, 0.0, 796.31264726141, 0.0, 223.3152752337955, 0.0, 0.0, 0.0, 0.0, 0.0, 0.0, 0.0, 0.0, 0.0, 776.2328511533426, 0.0, 0.0, 798.9378298206364, 0.0, 259.22195033706294, 0.0, 0.0]
INFORMACIÓN : 16apuestaBundle [801.3121656950719, 787.6052045170785, 776.2328511533426, 758.440891706399, 149.28027340187114]
INFORMACIÓN : 16positionsBundle [887, 1383, 1879, 2218, 1157]
INFORMACIÓN : 16levelsBundle [3, 3, 3, 3, 1]
INFORMACIÓN : 16positionsOrdered [1383, 887, 1879, 2218, 1157]
INFORMACIÓN : 16levelsOrdered [3, 3, 3, 3, 1]
INFORMACIÓN : 16partialityOrdered [3, 3, 3, 3, 1]
INFORMACIÓN : 16arrivalTimes [16.67689944033379, 32.445429702087814, 53.986088930625826, 67.02449374103112, 90.73103292329051]
INFORMACIÓN : I [AB]; lost Test.myBail@3c325254; POS 1157; sensors []; level 1 I paid 149.28027340187114in favour of46@(myturtles,myturtles,bug)@MK-18428 paid 150.4656433329829
INFORMACIÓN : 17historia0[0.0, 0.0, 0.0, 0.0, 0.0, 269.07024829789975, 0.0, 0.0, 801.3121656950719, 0.0, 802.3782169538204, 0.0, 0.0, 0.0, 0.0, 0.0, 0.0, 148.32933950491068, 0.0, 0.0, 278.6766013969669, 0.0, 796.7003024768393, 0.0, 0.0, 0.0, 0.0, 0.0, 0.0, 0.0, 0.0, 0.0, 0.0, 0.0, 798.6798221681315, 0.0, 0.0, 785.6150815986965, 0.0, 0.0, 0.0, 256.5383644229398, 0.0, 0.0, 805.518211623114, 0.0, 0.0, 0.0, 0.0, 774.9589773981694, 262.19829751208636, 198.77154716072954, 0.0, 0.0, 0.0, 163.46185186553214, 0.0, 0.0, 0.0, 0.0, 0.0, 771.1327778290404, 0.0, 0.0, 0.0, 800.1751113298291, 0.0, 0.0, 0.0, 157.38530862271847, 0.0, 0.0, 0.0, 0.0, 0.0, 275.9034294877895, 0.0, 0.0, 0.0, 0.0, 0.0, 150.4656433329829, 0.0, 0.0, 0.0, 764.925589782536, 0.0, 0.0, 0.0, 0.0, 0.0, 789.0209520650459, 0.0, 39.7750915223769, 0.0, 0.0, 0.0, 0.0, 0.0, 0.0, 56.41258247440692, 0.0, 0.0, 807.4990282424388, 0.0, 777.8509677214035, 0.0, 0.0, 0.0, 0.0, 171.26185513841858, 0.0, 291.3059093636549, 0.0, 0.0, 0.0, 0.0, 758.440891706399, 787.6052045170785, 0.0, 0.0, 0.0, 0.0, 0.0, 144.91677308462036, 0.0, 0.0, 0.0, 57.69912492966296, 775.5015232324765, 0.0, 0.0, 0.0, 0.0, 0.0, 0.0, 166.9187868507429, 0.0, 0.0, 0.0, 0.0, 0.0, 778.408125655264, 0.0, 0.0, 185.8110403632386, 784.8400613703302, 0.0, 0.0, 0.0, 796.31264726141, 0.0, 223.3152752337955, 0.0, 0.0, 0.0, 0.0, 0.0, 0.0, 0.0, 0.0, 0.0, 776.2328511533426, 0.0, 0.0, 798.9378298206364, 0.0, 259.22195033706294, 0.0, 0.0]
INFORMACIÓN : 17apuestaBundle [801.3121656950719, 787.6052045170785, 776.2328511533426, 758.440891706399, 146.20395976491994]
INFORMACIÓN : 17positionsBundle [887, 1383, 1879, 2218, 1809]
INFORMACIÓN : 17levelsBundle [3, 3, 3, 3, 1]
INFORMACIÓN : 17positionsOrdered [1383, 887, 1879, 2218, 1809]
INFORMACIÓN : 17levelsOrdered [3, 3, 3, 3, 1]
INFORMACIÓN : 17partialityOrdered [3, 3, 3, 3, 1]
INFORMACIÓN : 17arrivalTimes [16.67689944033379, 32.445429702087814, 53.986088930625826, 67.02449374103112, 79.06608831982342]
INFORMACIÓN : 18historia0[0.0, 0.0, 0.0, 0.0, 0.0, 269.07024829789975, 0.0, 0.0, 801.3121656950719, 0.0, 802.3782169538204, 0.0, 0.0, 0.0, 0.0, 0.0, 0.0, 148.32933950491068, 0.0, 0.0, 278.6766013969669, 0.0, 796.7003024768393, 0.0, 0.0, 0.0, 0.0, 0.0, 0.0, 0.0, 0.0, 0.0, 0.0, 0.0, 798.6798221681315, 0.0, 0.0, 0.0, 0.0, 0.0, 0.0, 256.5383644229398, 0.0, 0.0, 805.518211623114, 0.0, 0.0, 0.0, 0.0, 774.9589773981694, 262.19829751208636, 198.77154716072954, 0.0, 0.0, 0.0, 163.46185186553214, 0.0, 0.0, 0.0, 0.0, 0.0, 771.1327778290404, 0.0, 0.0, 0.0, 800.1751113298291, 0.0, 0.0, 0.0, 0.0, 0.0, 0.0, 0.0, 0.0, 0.0, 275.9034294877895, 0.0, 0.0, 0.0, 0.0, 0.0, 150.4656433329829, 0.0, 0.0, 0.0, 764.925589782536, 0.0, 0.0, 0.0, 0.0, 0.0, 789.0209520650459, 0.0, 39.7750915223769, 0.0, 0.0, 0.0, 0.0, 0.0, 0.0, 56.41258247440692, 0.0, 0.0, 0.0, 0.0, 777.8509677214035, 0.0, 0.0, 146.20395976491994, 0.0, 171.26185513841858, 0.0, 291.3059093636549, 0.0, 0.0, 0.0, 0.0, 758.440891706399, 787.6052045170785, 0.0, 0.0, 0.0, 0.0, 0.0, 144.91677308462036, 0.0, 0.0, 0.0, 57.69912492966296, 775.5015232324765, 0.0, 0.0, 0.0, 0.0, 0.0, 0.0, 166.9187868507429, 0.0, 0.0, 0.0, 0.0, 0.0, 778.408125655264, 0.0, 0.0, 185.8110403632386, 0.0, 0.0, 0.0, 0.0, 0.0, 0.0, 223.3152752337955, 0.0, 0.0, 0.0, 0.0, 0.0, 0.0, 0.0, 0.0, 0.0, 776.2328511533426, 0.0, 0.0, 798.9378298206364, 0.0, 259.22195033706294, 0.0, 0.0]
INFORMACIÓN : 18apuestaBundle [801.3121656950719, 787.6052045170785, 776.2328511533426, 758.440891706399, 146.20395976491994]
INFORMACIÓN : 18positionsBundle [887, 1383, 1879, 2218, 1809]
INFORMACIÓN : 18levelsBundle [3, 3, 3, 3, 1]
INFORMACIÓN : 18positionsOrdered [1383, 887, 1879, 2218, 1809]
INFORMACIÓN : 18levelsOrdered [3, 3, 3, 3, 1]
INFORMACIÓN : 18partialityOrdered [3, 3, 3, 3, 1]
INFORMACIÓN : 18arrivalTimes [16.67689944033379, 32.445429702087814, 53.986088930625826, 67.02449374103112, 79.06608831982342]
INFORMACIÓN : 19historia0[0.0, 0.0, 0.0, 0.0, 0.0, 272.8354708636448, 0.0, 0.0, 801.3121656950719, 0.0, 802.3782169538204, 0.0, 0.0, 0.0, 0.0, 0.0, 0.0, 148.32933950491068, 0.0, 0.0, 278.6766013969669, 0.0, 798.5767776165234, 0.0, 0.0, 0.0, 0.0, 0.0, 0.0, 0.0, 0.0, 0.0, 0.0, 0.0, 798.6798221681315, 0.0, 0.0, 0.0, 0.0, 0.0, 0.0, 256.5383644229398, 0.0, 789.2852479430289, 805.518211623114, 0.0, 0.0, 0.0, 0.0, 775.5043396027369, 262.19829751208636, 198.77154716072954, 0.0, 0.0, 0.0, 163.46185186553214, 0.0, 0.0, 0.0, 0.0, 0.0, 771.1327778290404, 0.0, 0.0, 0.0, 800.2442986130218, 0.0, 0.0, 0.0, 0.0, 0.0, 0.0, 0.0, 0.0, 0.0, 275.9034294877895, 0.0, 0.0, 0.0, 0.0, 0.0, 150.4656433329829, 0.0, 0.0, 0.0, 764.925589782536, 0.0, 0.0, 0.0, 0.0, 0.0, 789.0209520650459, 0.0, 39.7750915223769, 0.0, 0.0, 0.0, 0.0, 0.0, 0.0, 0.0, 0.0, 0.0, 807.4990282424388, 0.0, 777.8509677214035, 0.0, 0.0, 146.20395976491994, 0.0, 171.26185513841858, 0.0, 260.23905104201015, 0.0, 0.0, 0.0, 0.0, 758.440891706399, 787.6052045170785, 0.0, 0.0, 0.0, 0.0, 0.0, 144.91677308462036, 0.0, 0.0, 0.0, 0.0, 775.5015232324765, 283.3526208439024, 0.0, 0.0, 0.0, 0.0, 785.3689604768176, 0.0, 0.0, 0.0, 0.0, 0.0, 0.0, 778.4499737249266, 782.9011263043171, 0.0, 167.84362430738338, 0.0, 0.0, 0.0, 0.0, 0.0, 0.0, 0.0, 0.0, 0.0, 0.0, 0.0, 0.0, 0.0, 0.0, 0.0, 0.0, 776.2328511533426, 0.0, 0.0, 798.9378298206364, 0.0, 0.0, 0.0, 0.0]
INFORMACIÓN : 19apuestaBundle [801.3121656950719, 787.6052045170785, 776.2328511533426, 758.440891706399, 146.20395976491994]
INFORMACIÓN : 19positionsBundle [887, 1383, 1879, 2218, 1809]
INFORMACIÓN : 19levelsBundle [3, 3, 3, 3, 1]
INFORMACIÓN : 19positionsOrdered [1383, 887, 1879, 2218, 1809]
INFORMACIÓN : 19levelsOrdered [3, 3, 3, 3, 1]
INFORMACIÓN : 19partialityOrdered [3, 3, 3, 3, 1]
INFORMACIÓN : 19arrivalTimes [16.67689944033379, 32.445429702087814, 53.986088930625826, 67.02449374103112, 79.06608831982342]
INFORMACIÓN : depSat position 2218 level 3
INFORMACIÓN : I [AB]; lost Test.myBail@78d27678; POS 2218; sensors [IR, MW]; level 3 I paid 758.440891706399in favour ofnull paid 758.440891706399
INFORMACIÓN : 20historia0[184.43263127376596, 0.0, 0.0, 0.0, 0.0, 272.8354708636448, 0.0, 0.0, 801.3121656950719, 0.0, 802.3782169538204, 0.0, 0.0, 0.0, 0.0, 0.0, 0.0, 197.62617530448347, 0.0, 270.3913780349356, 0.0, 0.0, 798.5767776165234, 0.0, 0.0, 0.0, 0.0, 0.0, 0.0, 0.0, 0.0, 0.0, 0.0, 239.56835934495055, 0.0, 0.0, 0.0, 0.0, 0.0, 0.0, 0.0, 256.5383644229398, 0.0, 0.0, 805.518211623114, 0.0, 0.0, 0.0, 0.0, 775.1217102074684, 262.19829751208636, 0.0, 0.0, 0.0, 0.0, 0.0, 0.0, 0.0, 0.0, 0.0, 0.0, 771.1327778290404, 0.0, 0.0, 0.0, 800.2442986130218, 0.0, 0.0, 0.0, 186.534078686736, 0.0, 0.0, 0.0, 0.0, 0.0, 276.95686336630615, 0.0, 0.0, 0.0, 0.0, 0.0, 150.4656433329829, 0.0, 0.0, 0.0, 764.925589782536, 0.0, 0.0, 0.0, 0.0, 0.0, 0.0, 0.0, 39.7750915223769, 0.0, 0.0, 0.0, 0.0, 0.0, 0.0, 0.0, 0.0, 0.0, 807.4990282424388, 0.0, 777.8509677214035, 0.0, 0.0, 0.0, 0.0, 0.0, 0.0, 291.3058734286469, 0.0, 0.0, 0.0, 0.0, 0.0, 787.6052045170785, 0.0, 0.0, 0.0, 0.0, 0.0, 176.07472071981869, 0.0, 0.0, 0.0, 0.0, 775.5015232324765, 283.3526208439023, 0.0, 0.0, 0.0, 0.0, 785.3689604768176, 0.0, 0.0, 0.0, 0.0, 0.0, 0.0, 0.0, 782.9011263043171, 0.0, 0.0, 0.0, 0.0, 0.0, 0.0, 0.0, 0.0, 223.3152752337955, 0.0, 769.7884409012274, 0.0, 0.0, 0.0, 0.0, 0.0, 0.0, 0.0, 776.2328511533426, 0.0, 0.0, 798.9378298206364, 0.0, 261.08405742252955, 0.0, 0.0]
INFORMACIÓN : 20apuestaBundle [801.3121656950719, 787.6052045170785, 776.2328511533426, 352.8843818634599, 352.8843818634599, 168.49506391077466]
INFORMACIÓN : 20positionsBundle [887, 1383, 1879, 2218, 2218, 481]
INFORMACIÓN : 20levelsBundle [3, 3, 3, 2, 2, 1]
INFORMACIÓN : 20positionsOrdered [1383, 887, 1879, 2218, 2218, 481]
INFORMACIÓN : 20levelsOrdered [3, 3, 3, 2, 2, 1]
INFORMACIÓN : 20partialityOrdered [3, 3, 3, 3, 3, 1]
INFORMACIÓN : 20arrivalTimes [16.67689944033379, 32.445429702087814, 53.986088930625826, 67.02449374103112, 67.02449374103112, 104.36080314622006]
INFORMACIÓN : mutexSat position 2218 level 2
INFORMACIÓN : mutexSat position 2218 level 2
INFORMACIÓN : I [AB]; lost Test.myBail@2ed42fc9; POS 2218; sensors [MW]; level 2 I paid 352.8843818634599in favour ofnull paid 352.8843818634599
INFORMACIÓN : 21historia0[0.0, 0.0, 0.0, 0.0, 0.0, 269.07024829789975, 0.0, 0.0, 801.3121656950719, 0.0, 802.3782169538204, 0.0, 0.0, 0.0, 0.0, 0.0, 0.0, 0.0, 0.0, 270.3913780349356, 0.0, 0.0, 798.5767776165234, 0.0, 0.0, 0.0, 0.0, 0.0, 0.0, 0.0, 0.0, 74.96540051451493, 0.0, 239.56835934495055, 0.0, 0.0, 0.0, 0.0, 0.0, 0.0, 0.0, 256.5383644229398, 0.0, 0.0, 805.518211623114, 0.0, 0.0, 0.0, 0.0, 775.1217102074684, 262.19829751208636, 0.0, 0.0, 0.0, 0.0, 0.0, 375.93554883686005, 0.0, 0.0, 0.0, 0.0, 771.1327778290404, 0.0, 0.0, 0.0, 800.2442986130218, 0.0, 0.0, 0.0, 0.0, 375.93554883686005, 0.0, 0.0, 0.0, 0.0, 0.0, 0.0, 0.0, 0.0, 0.0, 0.0, 150.4656433329829, 0.0, 0.0, 0.0, 764.925589782536, 0.0, 0.0, 0.0, 0.0, 0.0, 0.0, 0.0, 64.20260783121148, 0.0, 0.0, 0.0, 365.3578335301752, 0.0, 0.0, 0.0, 0.0, 0.0, 807.4990282424388, 0.0, 777.8509677214035, 0.0, 269.95526604072967, 0.0, 0.0, 0.0, 0.0, 0.0, 0.0, 0.0, 0.0, 0.0, 0.0, 787.6052045170785, 0.0, 0.0, 0.0, 0.0, 0.0, 176.07472071981869, 0.0, 0.0, 0.0, 60.20201839354081, 775.5015232324765, 0.0, 0.0, 0.0, 0.0, 0.0, 785.3689604768176, 166.95942249997552, 0.0, 0.0, 0.0, 0.0, 0.0, 769.6417543847753, 782.9011263043171, 0.0, 196.87406568745362, 0.0, 365.3578335301752, 0.0, 0.0, 0.0, 0.0, 242.5595819767557, 0.0, 769.7884409012274, 0.0, 0.0, 0.0, 0.0, 0.0, 0.0, 0.0, 776.2328511533426, 0.0, 0.0, 798.9378298206364, 0.0, 261.08405742252955, 0.0, 0.0]
INFORMACIÓN : 21apuestaBundle [801.3121656950719, 787.6052045170785, 776.2328511533426, 74.9927940499036]
INFORMACIÓN : 21positionsBundle [887, 1383, 1879, 977]
INFORMACIÓN : 21levelsBundle [3, 3, 3, 1]
INFORMACIÓN : 21positionsOrdered [1383, 887, 1879, 977]
INFORMACIÓN : 21levelsOrdered [3, 3, 3, 1]
INFORMACIÓN : 21partialityOrdered [3, 3, 3, 2]
INFORMACIÓN : 21arrivalTimes [16.67689944033379, 32.445429702087814, 53.986088930625826, 72.09685920690066]
INFORMACIÓN : mutexSat position 977 level 1
INFORMACIÓN : I [AB]; lost Test.myBail@5cd27a1a; POS 977; sensors []; level 1 I paid 74.9927940499036in favour ofnull paid 74.9927940499036
INFORMACIÓN : 22historia0[162.13588706635534, 0.0, 0.0, 0.0, 0.0, 0.0, 0.0, 0.0, 801.3121656950719, 0.0, 802.3782169538204, 0.0, 0.0, 0.0, 0.0, 0.0, 0.0, 197.62617530448347, 0.0, 270.3913780349356, 0.0, 0.0, 798.5767776165234, 0.0, 0.0, 0.0, 0.0, 0.0, 0.0, 0.0, 0.0, 0.0, 0.0, 239.56835934495055, 0.0, 0.0, 0.0, 0.0, 0.0, 0.0, 0.0, 235.9385592281492, 0.0, 0.0, 805.518211623114, 0.0, 0.0, 0.0, 0.0, 775.1217102074684, 0.0, 0.0, 0.0, 0.0, 0.0, 0.0, 383.65266748314116, 0.0, 0.0, 0.0, 0.0, 771.1327778290404, 261.0443471189594, 0.0, 0.0, 800.2442986130218, 0.0, 0.0, 0.0, 161.17814802320964, 383.65266748314116, 0.0, 0.0, 368.49519297541286, 0.0, 0.0, 0.0, 0.0, 0.0, 0.0, 0.0, 0.0, 0.0, 0.0, 0.0, 764.925589782536, 0.0, 0.0, 0.0, 0.0, 0.0, 0.0, 0.0, 0.0, 0.0, 0.0, 0.0, 380.14130359165296, 0.0, 0.0, 0.0, 0.0, 0.0, 807.4990282424388, 0.0, 777.8509677214035, 0.0, 269.95526604072967, 143.4114473295059, 0.0, 0.0, 0.0, 284.2214755592054, 0.0, 0.0, 0.0, 0.0, 0.0, 787.6052045170785, 0.0, 0.0, 0.0, 0.0, 0.0, 176.07472071981869, 0.0, 0.0, 368.49519297541286, 60.20201839354081, 0.0, 283.3526208439023, 0.0, 53.49971907205577, 0.0, 0.0, 785.3689604768176, 166.95942249997552, 0.0, 0.0, 0.0, 0.0, 0.0, 769.6417543847753, 782.9011263043171, 0.0, 0.0, 0.0, 0.0, 0.0, 0.0, 0.0, 0.0, 242.5595819767557, 0.0, 769.7884409012274, 0.0, 0.0, 0.0, 0.0, 0.0, 0.0, 0.0, 776.2328511533426, 0.0, 0.0, 798.9378298206364, 0.0, 261.08405742252955, 0.0, 0.0]
INFORMACIÓN : 22apuestaBundle [801.3121656950719, 787.6052045170785, 776.2328511533426, 379.24955525029725, 379.24955525029725, 258.8417593553231]
INFORMACIÓN : 22positionsBundle [887, 1383, 1879, 1789, 1789, 296]
INFORMACIÓN : 22levelsBundle [3, 3, 3, 2, 2, 2]
INFORMACIÓN : 22positionsOrdered [1383, 887, 1879, 1789, 1789, 296]
INFORMACIÓN : 22levelsOrdered [3, 3, 3, 2, 2, 2]
INFORMACIÓN : 22partialityOrdered [3, 3, 3, 3, 3, 2]
INFORMACIÓN : 22arrivalTimes [16.67689944033379, 32.445429702087814, 53.986088930625826, 64.1841279578114, 64.1841279578114, 94.98997155931012]
INFORMACIÓN : 23historia0[162.13588706635534, 0.0, 0.0, 0.0, 0.0, 0.0, 0.0, 0.0, 801.3121656950719, 0.0, 802.3782169538204, 0.0, 0.0, 0.0, 0.0, 0.0, 0.0, 197.62617530448347, 0.0, 270.3913780349356, 0.0, 0.0, 798.5767776165234, 0.0, 0.0, 58.98463416910056, 0.0, 0.0, 0.0, 0.0, 0.0, 0.0, 0.0, 239.56835934495055, 0.0, 0.0, 0.0, 0.0, 0.0, 0.0, 0.0, 235.9385592281492, 0.0, 0.0, 805.518211623114, 0.0, 0.0, 0.0, 0.0, 775.1217102074684, 258.8417593553231, 167.64415127611485, 0.0, 0.0, 0.0, 0.0, 0.0, 0.0, 0.0, 0.0, 0.0, 771.1327778290404, 261.0443471189594, 0.0, 0.0, 800.2442986130218, 0.0, 0.0, 0.0, 161.17814802320964, 0.0, 0.0, 0.0, 379.24955525029725, 0.0, 0.0, 0.0, 0.0, 0.0, 0.0, 0.0, 0.0, 0.0, 0.0, 0.0, 764.925589782536, 0.0, 0.0, 0.0, 0.0, 0.0, 0.0, 0.0, 30.341805782315944, 0.0, 0.0, 0.0, 380.14130359165296, 0.0, 0.0, 69.65729212876124, 0.0, 0.0, 807.4990282424388, 0.0, 777.8509677214035, 0.0, 269.95526604072967, 0.0, 0.0, 0.0, 0.0, 284.2214755592054, 0.0, 0.0, 0.0, 0.0, 0.0, 787.6052045170785, 0.0, 0.0, 0.0, 0.0, 0.0, 176.07472071981869, 0.0, 0.0, 379.24955525029725, 60.20201839354081, 0.0, 283.3526208439023, 0.0, 0.0, 0.0, 0.0, 785.3689604768176, 166.95942249997552, 0.0, 0.0, 0.0, 0.0, 0.0, 769.6417543847753, 782.9011263043171, 0.0, 0.0, 0.0, 0.0, 0.0, 0.0, 0.0, 0.0, 242.5595819767557, 0.0, 769.7884409012274, 0.0, 0.0, 0.0, 0.0, 0.0, 0.0, 0.0, 776.2328511533426, 0.0, 0.0, 798.9378298206364, 0.0, 264.2455398973957, 0.0, 0.0]
INFORMACIÓN : 23apuestaBundle [801.3121656950719, 787.6052045170785, 776.2328511533426, 379.24955525029725, 379.24955525029725, 258.8417593553231]
INFORMACIÓN : 23positionsBundle [887, 1383, 1879, 1789, 1789, 296]
INFORMACIÓN : 23levelsBundle [3, 3, 3, 2, 2, 2]
INFORMACIÓN : 23positionsOrdered [1383, 887, 1879, 1789, 1789, 296]
INFORMACIÓN : 23levelsOrdered [3, 3, 3, 2, 2, 2]
INFORMACIÓN : 23partialityOrdered [3, 3, 3, 3, 3, 2]
INFORMACIÓN : 23arrivalTimes [16.67689944033379, 32.445429702087814, 53.986088930625826, 64.1841279578114, 64.1841279578114, 94.98997155931012]
INFORMACIÓN : 24historia0[162.13588706635534, 0.0, 0.0, 0.0, 0.0, 0.0, 0.0, 0.0, 801.3121656950719, 0.0, 802.3782169538204, 0.0, 0.0, 0.0, 0.0, 0.0, 0.0, 197.62617530448347, 0.0, 270.3913780349356, 0.0, 0.0, 798.5767776165234, 0.0, 0.0, 0.0, 0.0, 0.0, 0.0, 0.0, 0.0, 0.0, 0.0, 0.0, 0.0, 0.0, 0.0, 0.0, 0.0, 0.0, 0.0, 235.9385592281492, 0.0, 0.0, 805.518211623114, 0.0, 0.0, 0.0, 0.0, 775.1217102074684, 258.8417593553231, 0.0, 0.0, 0.0, 0.0, 149.3907680844817, 0.0, 0.0, 0.0, 0.0, 0.0, 771.1327778290404, 261.0443471189594, 0.0, 0.0, 800.2442986130218, 0.0, 0.0, 0.0, 161.17814802320964, 383.65266748314116, 0.0, 0.0, 379.24955525029725, 0.0, 0.0, 0.0, 0.0, 0.0, 0.0, 0.0, 0.0, 0.0, 0.0, 0.0, 764.925589782536, 0.0, 0.0, 0.0, 0.0, 0.0, 0.0, 0.0, 0.0, 0.0, 0.0, 0.0, 0.0, 0.0, 0.0, 0.0, 0.0, 0.0, 807.4990282424388, 0.0, 777.8509677214035, 0.0, 269.95526604072967, 143.4114473295059, 0.0, 146.7776493977599, 0.0, 284.2214755592054, 0.0, 0.0, 0.0, 0.0, 0.0, 787.6052045170785, 0.0, 0.0, 0.0, 0.0, 0.0, 176.07472071981869, 0.0, 0.0, 379.24955525029725, 60.20201839354081, 0.0, 283.3526208439023, 0.0, 0.0, 0.0, 0.0, 785.3689604768176, 166.95942249997552, 0.0, 0.0, 0.0, 0.0, 0.0, 769.6417543847753, 782.9011263043171, 0.0, 169.90446249400043, 0.0, 0.0, 0.0, 0.0, 0.0, 0.0, 242.5595819767557, 0.0, 769.7884409012274, 0.0, 0.0, 0.0, 0.0, 0.0, 0.0, 0.0, 776.2328511533426, 0.0, 0.0, 798.9378298206364, 0.0, 264.2455398973957, 0.0, 0.0]
INFORMACIÓN : 24apuestaBundle [801.3121656950719, 787.6052045170785, 776.2328511533426, 379.24955525029725, 379.24955525029725, 258.8417593553231]
INFORMACIÓN : 24positionsBundle [887, 1383, 1879, 1789, 1789, 296]
INFORMACIÓN : 24levelsBundle [3, 3, 3, 2, 2, 2]
INFORMACIÓN : 24positionsOrdered [1383, 887, 1879, 1789, 1789, 296]
INFORMACIÓN : 24levelsOrdered [3, 3, 3, 2, 2, 2]
INFORMACIÓN : 24partialityOrdered [3, 3, 3, 3, 3, 2]
INFORMACIÓN : 24arrivalTimes [16.67689944033379, 32.445429702087814, 53.986088930625826, 64.1841279578114, 64.1841279578114, 94.98997155931012]
INFORMACIÓN : 25historia0[162.13588706635534, 0.0, 0.0, 0.0, 0.0, 0.0, 0.0, 0.0, 801.3121656950719, 0.0, 802.3782169538204, 0.0, 0.0, 0.0, 0.0, 0.0, 0.0, 197.62617530448347, 0.0, 270.3913780349356, 0.0, 0.0, 798.5767776165234, 0.0, 0.0, 0.0, 0.0, 0.0, 0.0, 0.0, 0.0, 0.0, 0.0, 0.0, 0.0, 0.0, 0.0, 0.0, 0.0, 0.0, 0.0, 235.9385592281492, 0.0, 0.0, 805.518211623114, 0.0, 0.0, 0.0, 0.0, 775.1217102074684, 258.8417593553231, 0.0, 1.8655724473695727, 0.0, 0.0, 149.3907680844817, 0.0, 0.0, 0.0, 0.0, 0.0, 771.1327778290404, 261.0443471189594, 0.0, 0.0, 800.2442986130218, 0.0, 0.0, 0.0, 161.17814802320964, 383.65266748314116, 0.0, 0.0, 379.24955525029725, 0.0, 0.0, 0.0, 0.0, 0.0, 0.0, 0.0, 0.0, 0.0, 0.0, 0.0, 764.925589782536, 0.0, 0.0, 0.0, 0.0, 0.0, 0.0, 0.0, 0.0, 0.0, 0.0, 0.0, 0.0, 0.0, 0.0, 0.0, 0.0, 0.0, 807.4990282424388, 0.0, 777.8509677214035, 0.0, 269.95526604072967, 143.4114473295059, 0.0, 146.7776493977599, 0.0, 284.2214755592054, 0.0, 0.0, 0.0, 0.0, 0.0, 787.6052045170785, 0.0, 0.0, 0.0, 0.0, 0.0, 176.07472071981869, 0.0, 0.0, 379.24955525029725, 60.20201839354081, 0.0, 283.3526208439023, 0.0, 0.0, 0.0, 0.0, 785.3689604768176, 166.95942249997552, 0.0, 0.0, 0.0, 0.0, 0.0, 769.6417543847753, 782.9011263043171, 0.0, 169.90446249400043, 0.0, 0.0, 0.0, 0.0, 0.0, 0.0, 242.5595819767557, 0.0, 769.7884409012274, 0.0, 0.0, 0.0, 0.0, 0.0, 0.0, 0.0, 776.2328511533426, 0.0, 0.0, 798.9378298206364, 0.0, 264.2455398973957, 0.0, 0.0]
INFORMACIÓN : 25apuestaBundle [801.3121656950719, 787.6052045170785, 776.2328511533426, 379.24955525029725, 379.24955525029725, 258.8417593553231]
INFORMACIÓN : 25positionsBundle [887, 1383, 1879, 1789, 1789, 296]
INFORMACIÓN : 25levelsBundle [3, 3, 3, 2, 2, 2]
INFORMACIÓN : 25positionsOrdered [1383, 887, 1879, 1789, 1789, 296]
INFORMACIÓN : 25levelsOrdered [3, 3, 3, 2, 2, 2]
INFORMACIÓN : 25partialityOrdered [3, 3, 3, 3, 3, 2]
INFORMACIÓN : 25arrivalTimes [16.67689944033379, 32.445429702087814, 53.986088930625826, 64.1841279578114, 64.1841279578114, 94.98997155931012]
INFORMACIÓN : 26historia0[162.13588706635534, 0.0, 0.0, 0.0, 0.0, 0.0, 0.0, 0.0, 801.3121656950719, 0.0, 802.3782169538204, 0.0, 0.0, 0.0, 0.0, 0.0, 0.0, 197.62617530448347, 0.0, 270.3913780349356, 0.0, 0.0, 798.5767776165234, 0.0, 0.0, 0.0, 0.0, 0.0, 0.0, 0.0, 0.0, 0.0, 0.0, 0.0, 0.0, 0.0, 0.0, 0.0, 0.0, 0.0, 0.0, 235.9385592281492, 0.0, 0.0, 805.518211623114, 0.0, 0.0, 0.0, 0.0, 775.1217102074684, 258.8417593553231, 0.0, 1.8655724473695727, 0.0, 0.0, 149.3907680844817, 0.0, 0.0, 0.0, 0.0, 0.0, 771.1327778290404, 261.0443471189594, 0.0, 0.0, 800.2442986130218, 0.0, 0.0, 0.0, 161.17814802320964, 383.65266748314116, 0.0, 0.0, 379.24955525029725, 0.0, 0.0, 0.0, 0.0, 0.0, 0.0, 0.0, 0.0, 0.0, 0.0, 0.0, 764.925589782536, 0.0, 0.0, 0.0, 0.0, 0.0, 0.0, 0.0, 0.0, 0.0, 0.0, 0.0, 0.0, 0.0, 0.0, 0.0, 0.0, 0.0, 807.4990282424388, 0.0, 777.8509677214035, 0.0, 269.95526604072967, 143.4114473295059, 0.0, 146.7776493977599, 0.0, 284.2214755592054, 0.0, 0.0, 0.0, 0.0, 0.0, 787.6052045170785, 0.0, 0.0, 0.0, 0.0, 0.0, 176.07472071981869, 0.0, 0.0, 379.24955525029725, 0.0, 0.0, 283.3526208439023, 0.0, 0.0, 0.0, 0.0, 785.3689604768176, 166.95942249997552, 0.0, 0.0, 0.0, 0.0, 0.0, 769.6417543847753, 782.9011263043171, 0.0, 169.90446249400043, 0.0, 0.0, 0.0, 0.0, 0.0, 0.0, 242.5595819767557, 0.0, 769.7884409012274, 0.0, 0.0, 0.0, 0.0, 0.0, 0.0, 0.0, 776.2328511533426, 0.0, 0.0, 798.9378298206364, 0.0, 264.2455398973957, 0.0, 0.0]
INFORMACIÓN : 26apuestaBundle [801.3121656950719, 787.6052045170785, 776.2328511533426, 379.24955525029725, 379.24955525029725, 258.8417593553231]
INFORMACIÓN : 26positionsBundle [887, 1383, 1879, 1789, 1789, 296]
INFORMACIÓN : 26levelsBundle [3, 3, 3, 2, 2, 2]
INFORMACIÓN : 26positionsOrdered [1383, 887, 1879, 1789, 1789, 296]
INFORMACIÓN : 26levelsOrdered [3, 3, 3, 2, 2, 2]
INFORMACIÓN : 26partialityOrdered [3, 3, 3, 3, 3, 2]
INFORMACIÓN : 26arrivalTimes [16.67689944033379, 32.445429702087814, 53.986088930625826, 64.1841279578114, 64.1841279578114, 94.98997155931012]
INFORMACIÓN : 27historia0[162.13588706635534, 0.0, 0.0, 0.0, 0.0, 0.0, 0.0, 0.0, 801.3121656950719, 0.0, 802.3782169538204, 0.0, 0.0, 0.0, 0.0, 0.0, 0.0, 197.62617530448347, 0.0, 270.3913780349356, 0.0, 0.0, 798.5767776165234, 0.0, 0.0, 0.0, 0.0, 0.0, 0.0, 0.0, 0.0, 0.0, 0.0, 0.0, 0.0, 0.0, 0.0, 0.0, 0.0, 0.0, 0.0, 235.9385592281492, 0.0, 0.0, 805.518211623114, 0.0, 0.0, 0.0, 0.0, 775.1217102074684, 258.8417593553231, 0.0, 1.8655724473695727, 0.0, 0.0, 149.3907680844817, 0.0, 0.0, 0.0, 0.0, 0.0, 771.1327778290404, 261.0443471189594, 0.0, 0.0, 800.2442986130218, 0.0, 0.0, 0.0, 161.17814802320964, 383.65266748314116, 0.0, 0.0, 379.24955525029725, 0.0, 0.0, 0.0, 0.0, 0.0, 0.0, 0.0, 0.0, 0.0, 0.0, 0.0, 764.925589782536, 0.0, 0.0, 0.0, 0.0, 0.0, 0.0, 0.0, 0.0, 0.0, 0.0, 0.0, 0.0, 0.0, 0.0, 0.0, 0.0, 0.0, 0.0, 0.0, 777.8509677214035, 0.0, 269.95526604072967, 143.4114473295059, 0.0, 146.7776493977599, 0.0, 284.2214755592054, 0.0, 0.0, 0.0, 0.0, 0.0, 787.6052045170785, 0.0, 0.0, 0.0, 0.0, 0.0, 0.0, 0.0, 0.0, 379.24955525029725, 0.0, 0.0, 283.3526208439023, 0.0, 0.0, 0.0, 0.0, 785.3689604768176, 166.95942249997552, 0.0, 0.0, 0.0, 0.0, 0.0, 769.6417543847753, 782.9011263043171, 0.0, 169.90446249400043, 0.0, 0.0, 0.0, 0.0, 0.0, 0.0, 242.5595819767557, 0.0, 769.7884409012274, 0.0, 0.0, 0.0, 0.0, 0.0, 0.0, 0.0, 776.2328511533426, 0.0, 0.0, 798.9378298206364, 0.0, 264.2455398973957, 0.0, 0.0]
INFORMACIÓN : 27apuestaBundle [801.3121656950719, 787.6052045170785, 776.2328511533426, 379.24955525029725, 379.24955525029725, 258.8417593553231]
INFORMACIÓN : 27positionsBundle [887, 1383, 1879, 1789, 1789, 296]
INFORMACIÓN : 27levelsBundle [3, 3, 3, 2, 2, 2]
INFORMACIÓN : 27positionsOrdered [1383, 887, 1879, 1789, 1789, 296]
INFORMACIÓN : 27levelsOrdered [3, 3, 3, 2, 2, 2]
INFORMACIÓN : 27partialityOrdered [3, 3, 3, 3, 3, 2]
INFORMACIÓN : 27arrivalTimes [16.67689944033379, 32.445429702087814, 53.986088930625826, 64.1841279578114, 64.1841279578114, 94.98997155931012]
INFORMACIÓN : mutexSat position 1789 level 2
INFORMACIÓN : mutexSat position 1789 level 2
INFORMACIÓN : I [AB]; lost Test.myBail@4cdf2866; POS 1789; sensors [MW]; level 2 I paid 379.24955525029725in favour ofnull paid 379.24955525029725
INFORMACIÓN : 28historia0[162.13588706635534, 0.0, 0.0, 0.0, 0.0, 0.0, 0.0, 43.30094842017741, 801.3121656950719, 0.0, 802.5412837478038, 0.0, 0.0, 0.0, 0.0, 0.0, 0.0, 0.0, 0.0, 0.0, 0.0, 0.0, 797.241945154136, 0.0, 0.0, 0.0, 0.0, 0.0, 0.0, 0.0, 0.0, 0.0, 0.0, 0.0, 798.9123732810135, 0.0, 0.0, 787.5521151276508, 0.0, 0.0, 0.0, 0.0, 0.0, 791.0538527002109, 805.518211623114, 0.0, 0.0, 0.0, 43.30094842017741, 775.1217102074684, 0.0, 0.0, 1.8655724473695727, 0.0, 0.0, 0.0, 0.0, 0.0, 0.0, 0.0, 0.0, 771.1327778290404, 0.0, 0.0, 0.0, 800.4071970303927, 0.0, 0.0, 0.0, 161.17814802320964, 0.0, 0.0, 0.0, 0.0, 0.0, 0.0, 0.0, 0.0, 0.0, 0.0, 0.0, 0.0, 0.0, 0.0, 0.0, 764.925589782536, 0.0, 0.0, 0.0, 0.0, 0.0, 789.0209520650459, 0.0, 0.0, 0.0, 0.0, 0.0, 0.0, 0.0, 0.0, 0.0, 0.0, 0.0, 807.4990282424388, 0.0, 777.8509677214035, 0.0, 269.95526604072967, 143.4114473295059, 0.0, 0.0, 0.0, 284.2214755592054, 0.0, 0.0, 0.0, 0.0, 0.0, 787.6052045170785, 0.0, 0.0, 0.0, 0.0, 0.0, 0.0, 0.0, 0.0, 0.0, 0.0, 0.0, 283.3526208439023, 0.0, 0.0, 0.0, 0.0, 785.3689199469171, 166.95942249997552, 0.0, 0.0, 0.0, 0.0, 0.0, 769.6417543847753, 0.0, 0.0, 169.90446249400043, 784.9214608657298, 0.0, 0.0, 0.0, 795.2392092975889, 0.0, 242.5595819767557, 346.5732380624213, 769.7884409012274, 0.0, 0.0, 0.0, 0.0, 0.0, 0.0, 0.0, 776.2328511533426, 0.0, 0.0, 798.9528171206357, 0.0, 0.0, 773.8567080789421, 0.0]
INFORMACIÓN : 28apuestaBundle [801.3121656950719, 787.6052045170785, 776.2328511533426, 258.8417593553231, 66.53898836157077]
INFORMACIÓN : 28positionsBundle [887, 1383, 1879, 296, 797]
INFORMACIÓN : 28levelsBundle [3, 3, 3, 2, 2]
INFORMACIÓN : 28positionsOrdered [1383, 887, 1879, 296, 797]
INFORMACIÓN : 28levelsOrdered [3, 3, 3, 2, 2]
INFORMACIÓN : 28partialityOrdered [3, 3, 3, 2, 2]
INFORMACIÓN : 28arrivalTimes [16.67689944033379, 32.445429702087814, 53.986088930625826, 90.2214307946127, 100.27130641573359]
INFORMACIÓN : depSat position 1879 level 3
INFORMACIÓN : I [AB]; lost Test.myBail@3953661; POS 1879; sensors [IR, MW]; level 3 I paid 776.2328511533426in favour ofnull paid 776.2328511533426
INFORMACIÓN : 29historia0[162.13588706635534, 0.0, 0.0, 0.0, 0.0, 0.0, 0.0, 43.30094842017741, 801.3121656950719, 0.0, 802.5412837478038, 0.0, 0.0, 0.0, 0.0, 0.0, 0.0, 0.0, 0.0, 290.84299039140853, 0.0, 0.0, 797.241945154136, 0.0, 0.0, 0.0, 0.0, 0.0, 0.0, 0.0, 96.41962955070449, 0.0, 0.0, 0.0, 0.0, 0.0, 0.0, 787.5521151276508, 0.0, 0.0, 0.0, 273.74764191716395, 0.0, 0.0, 805.518211623114, 0.0, 0.0, 0.0, 43.30094842017741, 775.1217102074684, 0.0, 0.0, 1.8655724473695727, 0.0, 0.0, 0.0, 0.0, 0.0, 0.0, 0.0, 0.0, 771.1327778290404, 260.2730435890005, 0.0, 0.0, 800.4071970303927, 0.0, 0.0, 0.0, 161.17814802320964, 0.0, 0.0, 0.0, 0.0, 0.0, 0.0, 0.0, 0.0, 0.0, 0.0, 0.0, 0.0, 0.0, 0.0, 0.0, 764.925589782536, 0.0, 0.0, 0.0, 0.0, 0.0, 0.0, 0.0, 0.0, 0.0, 358.6608525071456, 0.0, 0.0, 0.0, 0.0, 0.0, 0.0, 0.0, 807.4990282424388, 0.0, 777.8509677214035, 0.0, 287.32634388716394, 143.4114473295059, 0.0, 0.0, 0.0, 284.2214755592054, 0.0, 0.0, 0.0, 0.0, 0.0, 787.6052045170785, 0.0, 0.0, 0.0, 0.0, 237.27499977943512, 0.0, 0.0, 0.0, 0.0, 0.0, 0.0, 283.3526208439023, 0.0, 53.49971907205577, 0.0, 0.0, 785.3689199469171, 166.95942249997552, 0.0, 0.0, 0.0, 0.0, 0.0, 769.6417543847753, 0.0, 0.0, 169.90446249400043, 784.9214608657298, 0.0, 0.0, 0.0, 795.2392092975889, 0.0, 0.0, 0.0, 769.7884409012274, 0.0, 0.0, 0.0, 0.0, 0.0, 0.0, 0.0, 0.0, 0.0, 0.0, 798.9528171206357, 0.0, 240.813041567985, 0.0, 0.0]
INFORMACIÓN : 29apuestaBundle [801.3121656950719, 787.6052045170785, 66.53898836157077, 56.0464311005494]
INFORMACIÓN : 29positionsBundle [887, 1383, 797, 296]
INFORMACIÓN : 29levelsBundle [3, 3, 2, 1]
INFORMACIÓN : 29positionsOrdered [1383, 887, 797, 296]
INFORMACIÓN : 29levelsOrdered [3, 3, 2, 1]
INFORMACIÓN : 29partialityOrdered [3, 3, 2, 2]
INFORMACIÓN : 29arrivalTimes [16.67689944033379, 32.445429702087814, 42.64346872927338, 52.69334435039427]
INFORMACIÓN : mutexSat position 296 level 1
INFORMACIÓN : I [AB]; lost Test.myBail@bd0c4cf; POS 296; sensors []; level 1 I paid 56.0464311005494in favour ofnull paid 56.0464311005494
INFORMACIÓN : 30historia0[162.13588706635534, 0.0, 0.0, 0.0, 0.0, 0.0, 0.0, 43.30094842017741, 801.3121656950719, 0.0, 802.5412837478038, 0.0, 0.0, 0.0, 0.0, 0.0, 0.0, 0.0, 0.0, 290.84299039140853, 0.0, 0.0, 797.241945154136, 0.0, 0.0, 0.0, 0.0, 0.0, 0.0, 0.0, 0.0, 0.0, 0.0, 0.0, 0.0, 0.0, 0.0, 787.5521151276508, 0.0, 0.0, 0.0, 273.74764191716395, 0.0, 0.0, 805.518211623114, 0.0, 0.0, 0.0, 43.30094842017741, 775.1217102074684, 262.19829751208636, 0.0, 0.0, 0.0, 0.0, 0.0, 0.0, 0.0, 0.0, 0.0, 0.0, 771.1327778290404, 260.2730435890005, 0.0, 0.0, 800.4071970303927, 0.0, 0.0, 0.0, 161.17814802320964, 0.0, 0.0, 0.0, 0.0, 0.0, 0.0, 0.0, 0.0, 0.0, 0.0, 0.0, 0.0, 0.0, 0.0, 0.0, 764.925589782536, 0.0, 0.0, 0.0, 0.0, 0.0, 0.0, 0.0, 0.0, 0.0, 367.73547996118486, 0.0, 0.0, 0.0, 0.0, 66.53898836157077, 0.0, 0.0, 807.4990282424388, 0.0, 777.8509677214035, 0.0, 0.0, 0.0, 0.0, 0.0, 165.24606597997217, 284.2214755592054, 0.0, 0.0, 0.0, 0.0, 0.0, 787.6052045170785, 0.0, 0.0, 0.0, 0.0, 237.27499977943512, 0.0, 0.0, 0.0, 0.0, 0.0, 775.5608411988709, 283.3526208439023, 0.0, 0.0, 0.0, 0.0, 785.3689199469171, 166.95942249997552, 0.0, 0.0, 0.0, 0.0, 0.0, 0.0, 0.0, 0.0, 169.90446249400043, 784.9214608657298, 0.0, 0.0, 0.0, 795.2392092975889, 0.0, 223.3152752337955, 0.0, 769.7884409012274, 0.0, 0.0, 0.0, 0.0, 0.0, 0.0, 0.0, 768.3015717064592, 391.4561866406734, 0.0, 798.9528171206357, 0.0, 239.88633993220083, 0.0, 0.0]
INFORMACIÓN : 30apuestaBundle [801.3121656950719, 787.6052045170785, 66.53898836157077]
INFORMACIÓN : 30positionsBundle [887, 1383, 797]
INFORMACIÓN : 30levelsBundle [3, 3, 2]
INFORMACIÓN : 30positionsOrdered [1383, 887, 797]
INFORMACIÓN : 30levelsOrdered [3, 3, 2]
INFORMACIÓN : 30partialityOrdered [3, 3, 2]
INFORMACIÓN : 30arrivalTimes [16.67689944033379, 32.445429702087814, 42.64346872927338]
