----------------------------------------------------------------------
-- Log session for [myBugCoalitionsCCBBAGuaiDEF-41] started on 2017.07.13.18.46.24 --
----------------------------------------------------------------------

INFORMACIÓN : I started
INFORMACIÓN : 0apuestaBundle [801.4564306553494, 798.5767776165234, 787.5502530045977, 787.5326478741677, 783.6032287044823]
INFORMACIÓN : 0positionsBundle [1570, 1511, 1755, 1879, 1633]
INFORMACIÓN : 0levelsBundle [3, 3, 3, 3, 3]
INFORMACIÓN : 0positionsOrdered [1570, 1511, 1755, 1879, 1633]
INFORMACIÓN : 0levelsOrdered [3, 3, 3, 3, 3]
INFORMACIÓN : 0partialityOrdered [3, 3, 3, 3, 3]
INFORMACIÓN : 0arrivalTimes [8.624756311202828, 17.680141449340248, 25.4903911252469, 49.57358028283149, 55.97670452026434]
INFORMACIÓN : timeSat position 1570 level 3
INFORMACIÓN : timeSat position 1511 level 3
INFORMACIÓN : timeSat position 1879 level 3
INFORMACIÓN : I [MW]; lost Test.myBail@47470a1e; POS 1570; sensors [AB, IR]; level 3 I paid 801.4564306553494in favour ofnull paid 801.4564306553494
INFORMACIÓN : 1historia0[0.0, 0.0, 0.0, 0.0, 0.0, 0.0, 0.0, 0.0, 799.6051787481341, 0.0, 802.8275951031699, 0.0, 0.0, 0.0, 0.0, 0.0, 0.0, 0.0, 0.0, 0.0, 0.0, 0.0, 0.0, 0.0, 0.0, 0.0, 0.0, 0.0, 0.0, 0.0, 0.0, 0.0, 0.0, 0.0, 799.1985079747649, 0.0, 0.0, 0.0, 0.0, 0.0, 0.0, 0.0, 0.0, 791.0538527002109, 805.518211623114, 0.0, 0.0, 0.0, 0.0, 775.5043396027369, 0.0, 0.0, 0.0, 0.0, 0.0, 0.0, 0.0, 0.0, 0.0, 0.0, 0.0, 0.0, 0.0, 0.0, 0.0, 0.0, 0.0, 0.0, 0.0, 0.0, 0.0, 0.0, 0.0, 0.0, 0.0, 0.0, 0.0, 0.0, 0.0, 0.0, 0.0, 0.0, 0.0, 0.0, 0.0, 797.9570824019509, 0.0, 0.0, 0.0, 0.0, 0.0, 782.178663788181, 0.0, 0.0, 0.0, 0.0, 0.0, 0.0, 0.0, 0.0, 0.0, 0.0, 0.0, 807.4990282424388, 0.0, 777.8509677214035, 0.0, 0.0, 0.0, 0.0, 0.0, 0.0, 0.0, 0.0, 0.0, 0.0, 0.0, 0.0, 784.4044983694141, 0.0, 0.0, 0.0, 0.0, 0.0, 0.0, 0.0, 0.0, 0.0, 0.0, 775.5608411988709, 0.0, 0.0, 0.0, 0.0, 0.0, 0.0, 0.0, 0.0, 0.0, 0.0, 0.0, 0.0, 0.0, 0.0, 0.0, 0.0, 0.0, 0.0, 0.0, 0.0, 781.0222254841275, 0.0, 0.0, 0.0, 0.0, 0.0, 0.0, 0.0, 0.0, 0.0, 0.0, 0.0, 0.0, 0.0, 0.0, 799.494867971654, 0.0, 0.0, 0.0, 0.0]
INFORMACIÓN : 1apuestaBundle [800.1751113298291, 797.5608371889429, 786.7879836075974, 290.84299039140853, 287.32634388716394]
INFORMACIÓN : 1positionsBundle [1570, 1511, 1879, 1426, 1674]
INFORMACIÓN : 1levelsBundle [3, 3, 3, 2, 2]
INFORMACIÓN : 1positionsOrdered [1511, 1570, 1426, 1879, 1674]
INFORMACIÓN : 1levelsOrdered [3, 3, 2, 3, 2]
INFORMACIÓN : 1partialityOrdered [3, 3, 2, 3, 2]
INFORMACIÓN : 1arrivalTimes [21.067557095728084, 40.06887194081917, 46.77707587331854, 57.015300150961636, 63.418424388394484]
INFORMACIÓN : 2historia0[0.0, 0.0, 0.0, 0.0, 0.0, 272.8354708636448, 0.0, 0.0, 801.188783691413, 0.0, 802.3771329468271, 0.0, 0.0, 0.0, 0.0, 0.0, 0.0, 0.0, 0.0, 290.84299039140853, 278.6766013969669, 0.0, 797.5608371889429, 0.0, 0.0, 0.0, 0.0, 0.0, 372.2867448661368, 0.0, 0.0, 0.0, 0.0, 0.0, 798.6787389225232, 0.0, 0.0, 0.0, 0.0, 0.0, 0.0, 0.0, 0.0, 0.0, 805.518211623114, 0.0, 0.0, 372.2867448661368, 0.0, 774.9589773981694, 282.45525805989735, 0.0, 0.0, 0.0, 0.0, 0.0, 383.65266748314116, 0.0, 0.0, 0.0, 0.0, 0.0, 0.0, 0.0, 0.0, 800.1751113298291, 0.0, 0.0, 0.0, 0.0, 383.65266748314116, 0.0, 0.0, 0.0, 0.0, 0.0, 0.0, 0.0, 0.0, 0.0, 0.0, 0.0, 0.0, 0.0, 0.0, 0.0, 0.0, 0.0, 0.0, 0.0, 0.0, 789.0953468802301, 0.0, 0.0, 0.0, 0.0, 0.0, 0.0, 0.0, 0.0, 0.0, 0.0, 0.0, 807.4990282424388, 0.0, 777.8509677214035, 0.0, 287.32634388716394, 0.0, 0.0, 0.0, 0.0, 291.3059093636549, 0.0, 0.0, 0.0, 0.0, 0.0, 784.4044983694141, 0.0, 0.0, 0.0, 0.0, 0.0, 0.0, 0.0, 0.0, 0.0, 0.0, 775.5608411988709, 285.150113109433, 0.0, 0.0, 0.0, 0.0, 0.0, 0.0, 0.0, 0.0, 0.0, 0.0, 0.0, 786.7879836075974, 0.0, 0.0, 0.0, 0.0, 0.0, 263.34770891674253, 0.0, 781.0222254841275, 0.0, 0.0, 0.0, 0.0, 0.0, 0.0, 0.0, 0.0, 0.0, 0.0, 0.0, 0.0, 0.0, 0.0, 798.9367462122384, 0.0, 0.0, 0.0, 0.0]
INFORMACIÓN : 2apuestaBundle [800.1751113298291, 797.5608371889429, 786.7879836075974, 290.84299039140853, 287.32634388716394]
INFORMACIÓN : 2positionsBundle [1570, 1511, 1879, 1426, 1674]
INFORMACIÓN : 2levelsBundle [3, 3, 3, 2, 2]
INFORMACIÓN : 2positionsOrdered [1511, 1570, 1426, 1879, 1674]
INFORMACIÓN : 2levelsOrdered [3, 3, 2, 3, 2]
INFORMACIÓN : 2partialityOrdered [3, 3, 2, 3, 2]
INFORMACIÓN : 2arrivalTimes [21.067557095728084, 40.06887194081917, 46.77707587331854, 57.015300150961636, 63.418424388394484]
INFORMACIÓN : 3historia0[0.0, 0.0, 0.0, 0.0, 0.0, 0.0, 0.0, 0.0, 801.188783691413, 0.0, 802.3771329468271, 0.0, 0.0, 0.0, 0.0, 0.0, 0.0, 0.0, 0.0, 290.84299039140853, 0.0, 0.0, 797.5608371889429, 0.0, 0.0, 0.0, 0.0, 0.0, 0.0, 0.0, 0.0, 0.0, 0.0, 0.0, 798.6787389225232, 0.0, 0.0, 0.0, 0.0, 0.0, 0.0, 0.0, 0.0, 765.5883271259308, 805.518211623114, 0.0, 0.0, 0.0, 0.0, 774.9589773981694, 282.45525805989735, 170.28649659234816, 0.0, 0.0, 0.0, 0.0, 383.65266748314116, 0.0, 0.0, 0.0, 0.0, 771.1327778290404, 261.04394171480783, 0.0, 0.0, 800.1751113298291, 0.0, 0.0, 0.0, 0.0, 383.65266748314116, 0.0, 0.0, 0.0, 0.0, 275.9034294877895, 0.0, 0.0, 0.0, 0.0, 0.0, 0.0, 0.0, 0.0, 0.0, 0.0, 0.0, 0.0, 0.0, 0.0, 0.0, 0.0, 0.0, 0.0, 0.0, 0.0, 0.0, 0.0, 0.0, 0.0, 0.0, 0.0, 0.0, 807.4990282424388, 0.0, 777.8509677214035, 0.0, 287.32634388716394, 0.0, 0.0, 0.0, 0.0, 291.3059093636549, 0.0, 0.0, 0.0, 0.0, 752.9899407602384, 784.4044983694141, 0.0, 0.0, 0.0, 0.0, 240.9750136292264, 0.0, 0.0, 0.0, 0.0, 0.0, 775.5004407950925, 285.150113109433, 0.0, 0.0, 0.0, 0.0, 0.0, 166.9187868507429, 0.0, 0.0, 0.0, 0.0, 0.0, 786.7879836075974, 0.0, 0.0, 185.8110403632386, 0.0, 0.0, 0.0, 0.0, 781.0222254841275, 0.0, 229.81379578628366, 0.0, 0.0, 0.0, 0.0, 0.0, 0.0, 0.0, 0.0, 0.0, 768.220287101686, 0.0, 0.0, 798.9367462122384, 0.0, 251.28146205435496, 0.0, 0.0]
INFORMACIÓN : 3apuestaBundle [800.1751113298291, 797.5608371889429, 786.7879836075974, 290.84299039140853, 287.32634388716394]
INFORMACIÓN : 3positionsBundle [1570, 1511, 1879, 1426, 1674]
INFORMACIÓN : 3levelsBundle [3, 3, 3, 2, 2]
INFORMACIÓN : 3positionsOrdered [1511, 1570, 1426, 1879, 1674]
INFORMACIÓN : 3levelsOrdered [3, 3, 2, 3, 2]
INFORMACIÓN : 3partialityOrdered [3, 3, 2, 3, 2]
INFORMACIÓN : 3arrivalTimes [21.067557095728084, 40.06887194081917, 46.77707587331854, 57.015300150961636, 63.418424388394484]
INFORMACIÓN : 4historia0[0.0, 0.0, 0.0, 0.0, 0.0, 0.0, 0.0, 0.0, 801.188783691413, 0.0, 802.3771329468271, 0.0, 0.0, 0.0, 0.0, 129.9281637933093, 0.0, 197.6261753265203, 0.0, 290.84299039140853, 0.0, 0.0, 797.5608371889429, 0.0, 0.0, 0.0, 0.0, 0.0, 0.0, 0.0, 0.0, 0.0, 0.0, 0.0, 798.6787389225232, 0.0, 0.0, 0.0, 0.0, 0.0, 0.0, 240.40985919535478, 0.0, 765.5883271259308, 805.518211623114, 0.0, 0.0, 0.0, 0.0, 774.9589773981694, 282.45525805989735, 170.28649659234816, 0.0, 0.0, 0.0, 149.3907680844817, 0.0, 55.7632787716102, 0.0, 0.0, 0.0, 771.1327778290404, 0.0, 0.0, 0.0, 800.1751113298291, 0.0, 0.0, 0.0, 0.0, 0.0, 0.0, 0.0, 0.0, 0.0, 275.9034294877895, 0.0, 0.0, 0.0, 0.0, 0.0, 0.0, 0.0, 0.0, 0.0, 0.0, 0.0, 0.0, 0.0, 0.0, 0.0, 0.0, 0.0, 0.0, 0.0, 0.0, 0.0, 0.0, 0.0, 0.0, 0.0, 0.0, 0.0, 807.4990282424388, 0.0, 777.8509677214035, 0.0, 287.32634388716394, 135.56021715472002, 0.0, 146.7776493977599, 166.91122070353504, 291.3059093636549, 0.0, 0.0, 0.0, 0.0, 752.9899407602384, 784.4044983694141, 0.0, 0.0, 0.0, 0.0, 0.0, 0.0, 0.0, 0.0, 0.0, 0.0, 775.5004407950925, 285.150113109433, 0.0, 0.0, 0.0, 0.0, 0.0, 166.9187868507429, 0.0, 0.0, 0.0, 0.0, 0.0, 786.7879836075974, 0.0, 0.0, 185.8110403632386, 0.0, 0.0, 0.0, 0.0, 781.0222254841275, 0.0, 229.81379578628366, 0.0, 0.0, 0.0, 0.0, 0.0, 0.0, 0.0, 0.0, 0.0, 768.220287101686, 0.0, 0.0, 798.9367462122384, 0.0, 0.0, 0.0, 0.0]
INFORMACIÓN : 4apuestaBundle [800.1751113298291, 797.5608371889429, 786.7879836075974, 290.84299039140853, 287.32634388716394]
INFORMACIÓN : 4positionsBundle [1570, 1511, 1879, 1426, 1674]
INFORMACIÓN : 4levelsBundle [3, 3, 3, 2, 2]
INFORMACIÓN : 4positionsOrdered [1511, 1570, 1426, 1879, 1674]
INFORMACIÓN : 4levelsOrdered [3, 3, 2, 3, 2]
INFORMACIÓN : 4partialityOrdered [3, 3, 2, 3, 2]
INFORMACIÓN : 4arrivalTimes [21.067557095728084, 40.06887194081917, 46.77707587331854, 57.015300150961636, 63.418424388394484]
INFORMACIÓN : 5historia0[162.13588706635534, 0.0, 0.0, 0.0, 0.0, 0.0, 0.0, 0.0, 801.188783691413, 0.0, 802.3771329468271, 0.0, 0.0, 0.0, 0.0, 129.9281637933093, 0.0, 197.6261753265203, 0.0, 290.84299039140853, 0.0, 0.0, 797.5608371889429, 0.0, 0.0, 0.0, 0.0, 0.0, 0.0, 0.0, 0.0, 0.0, 0.0, 0.0, 798.6787389225232, 0.0, 0.0, 0.0, 0.0, 0.0, 0.0, 240.40985919535478, 0.0, 765.5883271259308, 805.518211623114, 0.0, 0.0, 0.0, 0.0, 774.9589773981694, 282.45525805989735, 170.28649659234816, 0.0, 0.0, 0.0, 0.0, 0.0, 0.0, 0.0, 0.0, 0.0, 771.1327778290404, 222.09152526596498, 0.0, 0.0, 800.1751113298291, 0.0, 0.0, 0.0, 161.17814802320964, 0.0, 0.0, 0.0, 0.0, 0.0, 275.9034294877895, 0.0, 0.0, 0.0, 0.0, 0.0, 0.0, 0.0, 0.0, 0.0, 0.0, 0.0, 0.0, 0.0, 0.0, 0.0, 0.0, 0.0, 0.0, 0.0, 0.0, 0.0, 0.0, 0.0, 0.0, 0.0, 0.0, 0.0, 807.4990282424388, 0.0, 777.8509677214035, 0.0, 287.32634388716394, 135.56021715472002, 0.0, 0.0, 0.0, 291.3059093636549, 0.0, 0.0, 0.0, 0.0, 752.9899407602384, 784.4044983694141, 0.0, 0.0, 0.0, 0.0, 0.0, 0.0, 0.0, 0.0, 0.0, 47.98188350630385, 775.5004407950925, 285.150113109433, 0.0, 0.0, 0.0, 0.0, 0.0, 166.9187868507429, 0.0, 0.0, 0.0, 0.0, 0.0, 786.7879836075974, 0.0, 0.0, 185.8110403632386, 0.0, 0.0, 0.0, 0.0, 781.0222254841275, 0.0, 229.81379578628366, 0.0, 0.0, 0.0, 0.0, 0.0, 0.0, 0.0, 0.0, 0.0, 768.220287101686, 0.0, 0.0, 798.9367462122384, 0.0, 261.08405742252955, 0.0, 0.0]
INFORMACIÓN : 5apuestaBundle [800.1751113298291, 797.5608371889429, 786.7879836075974, 290.84299039140853, 287.32634388716394]
INFORMACIÓN : 5positionsBundle [1570, 1511, 1879, 1426, 1674]
INFORMACIÓN : 5levelsBundle [3, 3, 3, 2, 2]
INFORMACIÓN : 5positionsOrdered [1511, 1570, 1426, 1879, 1674]
INFORMACIÓN : 5levelsOrdered [3, 3, 2, 3, 2]
INFORMACIÓN : 5partialityOrdered [3, 3, 2, 3, 2]
INFORMACIÓN : 5arrivalTimes [21.067557095728084, 40.06887194081917, 46.77707587331854, 57.015300150961636, 63.418424388394484]
INFORMACIÓN : 6historia0[162.13588706635534, 0.0, 0.0, 0.0, 0.0, 0.0, 0.0, 0.0, 801.188783691413, 0.0, 802.3771329468271, 0.0, 0.0, 0.0, 0.0, 129.9281637933093, 0.0, 197.6261753265203, 0.0, 290.84299039140853, 0.0, 0.0, 797.5608371889429, 0.0, 0.0, 0.0, 0.0, 0.0, 0.0, 0.0, 0.0, 0.0, 0.0, 0.0, 798.6787389225232, 0.0, 0.0, 0.0, 0.0, 0.0, 0.0, 240.40985919535478, 0.0, 765.5883271259308, 805.518211623114, 0.0, 0.0, 0.0, 0.0, 774.9589773981694, 282.45525805989735, 170.28649659234816, 0.0, 0.0, 0.0, 0.0, 0.0, 0.0, 0.0, 0.0, 0.0, 771.1327778290404, 222.09152526596498, 0.0, 0.0, 800.1751113298291, 0.0, 0.0, 0.0, 161.17814802320964, 0.0, 0.0, 0.0, 0.0, 0.0, 275.9034294877895, 0.0, 0.0, 0.0, 0.0, 0.0, 0.0, 0.0, 0.0, 0.0, 0.0, 0.0, 0.0, 0.0, 0.0, 0.0, 0.0, 0.0, 40.496524976180446, 0.0, 0.0, 0.0, 0.0, 0.0, 0.0, 0.0, 0.0, 0.0, 807.4990282424388, 0.0, 777.8509677214035, 0.0, 287.32634388716394, 135.56021715472002, 0.0, 0.0, 0.0, 291.3059093636549, 0.0, 0.0, 0.0, 0.0, 752.9899407602384, 784.4044983694141, 0.0, 0.0, 0.0, 0.0, 0.0, 0.0, 0.0, 0.0, 0.0, 47.98188350630385, 775.5004407950925, 285.150113109433, 0.0, 0.0, 0.0, 0.0, 0.0, 166.9187868507429, 0.0, 0.0, 0.0, 0.0, 0.0, 786.7879836075974, 0.0, 0.0, 185.8110403632386, 0.0, 0.0, 0.0, 0.0, 781.0222254841275, 0.0, 229.81379578628366, 0.0, 0.0, 0.0, 0.0, 0.0, 0.0, 0.0, 0.0, 0.0, 768.220287101686, 0.0, 0.0, 798.9367462122384, 0.0, 261.08405742252955, 0.0, 0.0]
INFORMACIÓN : 6apuestaBundle [800.1751113298291, 797.5608371889429, 786.7879836075974, 290.84299039140853, 287.32634388716394]
INFORMACIÓN : 6positionsBundle [1570, 1511, 1879, 1426, 1674]
INFORMACIÓN : 6levelsBundle [3, 3, 3, 2, 2]
INFORMACIÓN : 6positionsOrdered [1511, 1570, 1426, 1879, 1674]
INFORMACIÓN : 6levelsOrdered [3, 3, 2, 3, 2]
INFORMACIÓN : 6partialityOrdered [3, 3, 2, 3, 2]
INFORMACIÓN : 6arrivalTimes [21.067557095728084, 40.06887194081917, 46.77707587331854, 57.015300150961636, 63.418424388394484]
INFORMACIÓN : 7historia0[162.13588706635534, 0.0, 0.0, 0.0, 0.0, 0.0, 0.0, 0.0, 801.188783691413, 0.0, 802.3771329468271, 0.0, 0.0, 0.0, 0.0, 129.9281637933093, 0.0, 197.6261753265203, 0.0, 290.84299039140853, 0.0, 0.0, 797.5608371889429, 0.0, 0.0, 0.0, 0.0, 0.0, 0.0, 0.0, 0.0, 0.0, 0.0, 0.0, 798.6787389225232, 0.0, 0.0, 0.0, 0.0, 0.0, 0.0, 240.40985919535478, 0.0, 765.5883271259308, 805.518211623114, 0.0, 0.0, 0.0, 0.0, 774.9589773981694, 282.45525805989735, 170.28649659234816, 0.0, 0.0, 0.0, 0.0, 0.0, 0.0, 0.0, 0.0, 0.0, 771.1327778290404, 222.09152526596498, 0.0, 0.0, 800.1751113298291, 0.0, 0.0, 0.0, 161.17814802320964, 0.0, 0.0, 0.0, 0.0, 0.0, 275.9034294877895, 0.0, 0.0, 0.0, 0.0, 0.0, 0.0, 0.0, 0.0, 0.0, 0.0, 0.0, 0.0, 0.0, 0.0, 0.0, 0.0, 0.0, 40.496524976180446, 0.0, 0.0, 0.0, 0.0, 0.0, 0.0, 0.0, 0.0, 0.0, 807.4990282424388, 0.0, 777.8509677214035, 0.0, 287.32634388716394, 135.56021715472002, 0.0, 0.0, 0.0, 291.3059093636549, 0.0, 0.0, 0.0, 0.0, 752.9899407602384, 784.4044983694141, 0.0, 0.0, 0.0, 0.0, 0.0, 0.0, 0.0, 0.0, 0.0, 47.98188350630385, 775.5004407950925, 285.150113109433, 0.0, 0.0, 0.0, 0.0, 0.0, 166.9187868507429, 0.0, 0.0, 0.0, 0.0, 0.0, 786.7879836075974, 0.0, 0.0, 185.8110403632386, 0.0, 0.0, 0.0, 0.0, 781.0222254841275, 0.0, 229.81379578628366, 0.0, 0.0, 0.0, 0.0, 0.0, 0.0, 0.0, 0.0, 0.0, 768.220287101686, 0.0, 0.0, 798.9367462122384, 0.0, 261.08405742252955, 0.0, 0.0]
INFORMACIÓN : 7apuestaBundle [800.1751113298291, 797.5608371889429, 786.7879836075974, 290.84299039140853, 287.32634388716394]
INFORMACIÓN : 7positionsBundle [1570, 1511, 1879, 1426, 1674]
INFORMACIÓN : 7levelsBundle [3, 3, 3, 2, 2]
INFORMACIÓN : 7positionsOrdered [1511, 1570, 1426, 1879, 1674]
INFORMACIÓN : 7levelsOrdered [3, 3, 2, 3, 2]
INFORMACIÓN : 7partialityOrdered [3, 3, 2, 3, 2]
INFORMACIÓN : 7arrivalTimes [21.067557095728084, 40.06887194081917, 46.77707587331854, 57.015300150961636, 63.418424388394484]
INFORMACIÓN : 8historia0[162.13588706635534, 0.0, 0.0, 0.0, 0.0, 0.0, 0.0, 0.0, 801.188783691413, 0.0, 802.3771329468271, 0.0, 0.0, 0.0, 0.0, 129.9281637933093, 0.0, 197.6261753265203, 0.0, 290.84299039140853, 0.0, 0.0, 797.5608371889429, 0.0, 0.0, 0.0, 0.0, 0.0, 0.0, 0.0, 0.0, 0.0, 0.0, 0.0, 798.6787389225232, 0.0, 0.0, 0.0, 0.0, 0.0, 0.0, 240.40985919535478, 0.0, 765.5883271259308, 805.518211623114, 0.0, 0.0, 0.0, 0.0, 774.9589773981694, 282.45525805989735, 170.28649659234816, 0.0, 0.0, 0.0, 0.0, 0.0, 0.0, 0.0, 0.0, 0.0, 771.1327778290404, 222.09152526596498, 0.0, 0.0, 800.1751113298291, 0.0, 0.0, 0.0, 161.17814802320964, 0.0, 0.0, 0.0, 0.0, 0.0, 275.9034294877895, 0.0, 0.0, 0.0, 0.0, 0.0, 0.0, 0.0, 0.0, 0.0, 0.0, 0.0, 0.0, 0.0, 0.0, 0.0, 0.0, 0.0, 40.496524976180446, 0.0, 0.0, 0.0, 0.0, 0.0, 0.0, 0.0, 0.0, 0.0, 807.4990282424388, 0.0, 777.8509677214035, 0.0, 287.32634388716394, 135.56021715472002, 0.0, 0.0, 0.0, 291.3059093636549, 0.0, 0.0, 0.0, 0.0, 752.9899407602384, 784.4044983694141, 0.0, 0.0, 0.0, 0.0, 0.0, 0.0, 0.0, 0.0, 0.0, 47.98188350630385, 775.5004407950925, 285.150113109433, 0.0, 0.0, 0.0, 0.0, 0.0, 166.9187868507429, 0.0, 0.0, 0.0, 0.0, 0.0, 786.7879836075974, 0.0, 0.0, 185.8110403632386, 0.0, 0.0, 0.0, 0.0, 781.0222254841275, 0.0, 229.81379578628366, 0.0, 0.0, 0.0, 0.0, 0.0, 0.0, 0.0, 0.0, 0.0, 768.220287101686, 0.0, 0.0, 798.9367462122384, 0.0, 261.08405742252955, 0.0, 0.0]
INFORMACIÓN : 8apuestaBundle [800.1751113298291, 797.5608371889429, 786.7879836075974, 290.84299039140853, 287.32634388716394]
INFORMACIÓN : 8positionsBundle [1570, 1511, 1879, 1426, 1674]
INFORMACIÓN : 8levelsBundle [3, 3, 3, 2, 2]
INFORMACIÓN : 8positionsOrdered [1511, 1570, 1426, 1879, 1674]
INFORMACIÓN : 8levelsOrdered [3, 3, 2, 3, 2]
INFORMACIÓN : 8partialityOrdered [3, 3, 2, 3, 2]
INFORMACIÓN : 8arrivalTimes [21.067557095728084, 40.06887194081917, 46.77707587331854, 57.015300150961636, 63.418424388394484]
INFORMACIÓN : 9historia0[0.0, 0.0, 0.0, 0.0, 0.0, 0.0, 0.0, 0.0, 801.188783691413, 0.0, 802.3771329468271, 0.0, 0.0, 0.0, 0.0, 129.9281637933093, 0.0, 197.6261753265203, 0.0, 290.84299039140853, 0.0, 0.0, 797.5608371889429, 0.0, 0.0, 0.0, 0.0, 0.0, 0.0, 0.0, 0.0, 0.0, 0.0, 0.0, 798.6787389225232, 0.0, 0.0, 0.0, 0.0, 0.0, 0.0, 240.40985919535478, 0.0, 765.5883271259308, 805.518211623114, 0.0, 0.0, 0.0, 0.0, 774.9589773981694, 282.45525805989735, 170.28649659234816, 0.0, 0.0, 0.0, 0.0, 0.0, 0.0, 0.0, 0.0, 0.0, 771.1327778290404, 0.0, 0.0, 0.0, 800.1751113298291, 0.0, 0.0, 0.0, 0.0, 0.0, 0.0, 0.0, 0.0, 0.0, 275.9034294877895, 0.0, 0.0, 0.0, 0.0, 0.0, 0.0, 0.0, 0.0, 0.0, 0.0, 0.0, 0.0, 0.0, 0.0, 0.0, 0.0, 0.0, 0.0, 0.0, 0.0, 0.0, 0.0, 0.0, 0.0, 0.0, 0.0, 0.0, 0.0, 0.0, 777.8509677214035, 0.0, 287.32634388716394, 135.56021715472002, 0.0, 0.0, 0.0, 291.3059093636549, 0.0, 0.0, 0.0, 0.0, 752.9899407602384, 784.4044983694141, 0.0, 0.0, 0.0, 0.0, 0.0, 0.0, 0.0, 0.0, 0.0, 47.98188350630385, 775.5004407950925, 285.150113109433, 0.0, 0.0, 0.0, 0.0, 0.0, 166.9187868507429, 0.0, 0.0, 0.0, 0.0, 0.0, 786.7879836075974, 0.0, 0.0, 185.8110403632386, 0.0, 0.0, 0.0, 0.0, 0.0, 0.0, 229.81379578628366, 0.0, 0.0, 0.0, 0.0, 0.0, 0.0, 0.0, 0.0, 0.0, 768.220287101686, 0.0, 0.0, 798.9367462122384, 0.0, 261.08405742252955, 0.0, 0.0]
INFORMACIÓN : 9apuestaBundle [800.1751113298291, 797.5608371889429, 786.7879836075974, 290.84299039140853, 287.32634388716394]
INFORMACIÓN : 9positionsBundle [1570, 1511, 1879, 1426, 1674]
INFORMACIÓN : 9levelsBundle [3, 3, 3, 2, 2]
INFORMACIÓN : 9positionsOrdered [1511, 1570, 1426, 1879, 1674]
INFORMACIÓN : 9levelsOrdered [3, 3, 2, 3, 2]
INFORMACIÓN : 9partialityOrdered [3, 3, 2, 3, 2]
INFORMACIÓN : 9arrivalTimes [21.067557095728084, 40.06887194081917, 46.77707587331854, 57.015300150961636, 63.418424388394484]
INFORMACIÓN : depSat position 1511 level 3
INFORMACIÓN : depSat position 1879 level 3
INFORMACIÓN : I [MW]; lost Test.myBail@15826699; POS 1511; sensors [AB, IR]; level 3 I paid 797.5608371889429in favour ofnull paid 797.5608371889429
INFORMACIÓN : 10historia0[0.0, 0.0, 0.0, 0.0, 0.0, 0.0, 0.0, 0.0, 0.0, 0.0, 802.3771329468271, 0.0, 0.0, 0.0, 0.0, 0.0, 0.0, 197.6261753265203, 0.0, 0.0, 0.0, 0.0, 0.0, 0.0, 0.0, 0.0, 0.0, 0.0, 0.0, 0.0, 0.0, 0.0, 0.0, 0.0, 798.6787389225232, 0.0, 0.0, 785.6150815986965, 0.0, 0.0, 0.0, 240.40985919535478, 0.0, 789.2434098458368, 805.518211623114, 0.0, 0.0, 0.0, 0.0, 774.9589773981694, 0.0, 0.0, 0.0, 0.0, 0.0, 144.83196823562776, 0.0, 0.0, 0.0, 0.0, 0.0, 771.1327778290404, 0.0, 0.0, 0.0, 800.1751113298291, 0.0, 0.0, 0.0, 0.0, 0.0, 0.0, 0.0, 0.0, 0.0, 0.0, 0.0, 0.0, 0.0, 0.0, 0.0, 0.0, 0.0, 0.0, 0.0, 0.0, 0.0, 0.0, 0.0, 0.0, 0.0, 0.0, 0.0, 0.0, 0.0, 0.0, 0.0, 0.0, 0.0, 0.0, 0.0, 0.0, 0.0, 807.4990282424388, 0.0, 777.8509677214035, 0.0, 0.0, 0.0, 0.0, 145.17713567510623, 0.0, 291.3059093636549, 0.0, 0.0, 0.0, 0.0, 752.9899407602384, 784.4044983694141, 0.0, 0.0, 0.0, 0.0, 0.0, 0.0, 0.0, 0.0, 0.0, 0.0, 775.5004407950925, 285.150113109433, 0.0, 0.0, 0.0, 0.0, 0.0, 166.9187868507429, 0.0, 0.0, 0.0, 0.0, 0.0, 0.0, 0.0, 0.0, 185.8110403632386, 784.8400613703302, 0.0, 0.0, 0.0, 796.31264726141, 0.0, 0.0, 0.0, 0.0, 0.0, 0.0, 0.0, 0.0, 0.0, 0.0, 0.0, 768.220287101686, 0.0, 0.0, 798.9367462122384, 0.0, 250.6045869539446, 0.0, 0.0]
INFORMACIÓN : 10apuestaBundle [800.1751113298291, 259.22195033706294, 171.26375579740397, 162.91056320988855, 161.93720134244563]
INFORMACIÓN : 10positionsBundle [1570, 501, 809, 170, 163]
INFORMACIÓN : 10levelsBundle [3, 2, 1, 1, 1]
INFORMACIÓN : 10positionsOrdered [1570, 501, 809, 170, 163]
INFORMACIÓN : 10levelsOrdered [3, 2, 1, 1, 1]
INFORMACIÓN : 10partialityOrdered [3, 2, 1, 1, 1]
INFORMACIÓN : 10arrivalTimes [40.06887194081917, 68.38847645783176, 78.38847645783176, 95.41786282375816, 102.41786282375816]
INFORMACIÓN : 11historia0[161.00961126695927, 0.0, 0.0, 0.0, 0.0, 0.0, 0.0, 0.0, 0.0, 0.0, 802.3782169538204, 0.0, 0.0, 0.0, 0.0, 129.65836064719952, 0.0, 0.0, 0.0, 270.7083922531553, 278.6766013969669, 0.0, 796.7003024768393, 0.0, 0.0, 0.0, 0.0, 0.0, 0.0, 0.0, 0.0, 0.0, 0.0, 0.0, 798.6798221681315, 0.0, 0.0, 785.6150815986965, 0.0, 0.0, 0.0, 0.0, 0.0, 0.0, 805.518211623114, 0.0, 0.0, 0.0, 0.0, 774.9589773981694, 252.6911652643471, 171.26375579740397, 0.0, 0.0, 0.0, 161.93720134244563, 0.0, 0.0, 0.0, 0.0, 0.0, 771.1327778290404, 0.0, 0.0, 0.0, 800.1751113298291, 0.0, 0.0, 0.0, 0.0, 0.0, 0.0, 0.0, 0.0, 0.0, 0.0, 0.0, 0.0, 0.0, 0.0, 0.0, 142.48670823075918, 0.0, 0.0, 0.0, 764.925589782536, 0.0, 0.0, 0.0, 0.0, 0.0, 789.0209520650459, 0.0, 0.0, 0.0, 0.0, 0.0, 0.0, 0.0, 0.0, 0.0, 0.0, 0.0, 807.4990282424388, 0.0, 777.8509677214035, 0.0, 276.2857202008913, 135.29030172465878, 0.0, 162.91056320988855, 0.0, 0.0, 0.0, 0.0, 0.0, 0.0, 752.9899407602384, 784.4044983694141, 0.0, 0.0, 0.0, 0.0, 0.0, 0.0, 0.0, 0.0, 0.0, 43.36599948553976, 775.5004407950925, 0.0, 0.0, 0.0, 0.0, 0.0, 0.0, 0.0, 0.0, 0.0, 0.0, 0.0, 0.0, 778.408125655264, 0.0, 0.0, 0.0, 784.8400613703302, 0.0, 0.0, 40.48452981333269, 796.31264726141, 0.0, 0.0, 0.0, 0.0, 0.0, 0.0, 0.0, 0.0, 0.0, 0.0, 0.0, 768.220287101686, 0.0, 0.0, 798.9378298206364, 0.0, 259.22195033706294, 0.0, 0.0]
INFORMACIÓN : 11apuestaBundle [800.1751113298291, 259.22195033706294, 171.26375579740397, 162.91056320988855, 161.93720134244563]
INFORMACIÓN : 11positionsBundle [1570, 501, 809, 170, 163]
INFORMACIÓN : 11levelsBundle [3, 2, 1, 1, 1]
INFORMACIÓN : 11positionsOrdered [1570, 501, 809, 170, 163]
INFORMACIÓN : 11levelsOrdered [3, 2, 1, 1, 1]
INFORMACIÓN : 11partialityOrdered [3, 2, 1, 1, 1]
INFORMACIÓN : 11arrivalTimes [40.06887194081917, 68.38847645783176, 78.38847645783176, 95.41786282375816, 102.41786282375816]
INFORMACIÓN : 12historia0[0.0, 0.0, 0.0, 0.0, 0.0, 0.0, 0.0, 0.0, 801.3121656950719, 0.0, 802.3782169538204, 0.0, 0.0, 0.0, 0.0, 129.65836064719952, 0.0, 0.0, 0.0, 0.0, 278.6766013969669, 0.0, 796.7003024768393, 0.0, 0.0, 0.0, 0.0, 0.0, 0.0, 0.0, 0.0, 0.0, 0.0, 0.0, 798.6798221681315, 0.0, 0.0, 785.6150815986965, 0.0, 0.0, 0.0, 0.0, 0.0, 0.0, 805.518211623114, 0.0, 0.0, 0.0, 0.0, 774.9589773981694, 252.6911652643471, 171.26375579740397, 0.0, 0.0, 0.0, 161.93720134244563, 0.0, 0.0, 0.0, 0.0, 0.0, 771.1327778290404, 0.0, 0.0, 0.0, 800.1751113298291, 0.0, 0.0, 0.0, 0.0, 0.0, 0.0, 0.0, 0.0, 0.0, 0.0, 0.0, 0.0, 0.0, 0.0, 0.0, 142.48670823075918, 0.0, 0.0, 0.0, 764.925589782536, 0.0, 0.0, 0.0, 0.0, 0.0, 789.0209520650459, 0.0, 0.0, 0.0, 0.0, 0.0, 0.0, 0.0, 0.0, 0.0, 0.0, 0.0, 807.4990282424388, 0.0, 0.0, 0.0, 0.0, 135.29030172465878, 0.0, 162.91056320988855, 0.0, 0.0, 0.0, 0.0, 0.0, 0.0, 758.440891706399, 787.6052045170785, 0.0, 0.0, 0.0, 0.0, 0.0, 0.0, 0.0, 0.0, 0.0, 43.36599948553976, 0.0, 278.7044102875593, 0.0, 0.0, 0.0, 0.0, 0.0, 0.0, 0.0, 0.0, 0.0, 0.0, 0.0, 778.408125655264, 0.0, 67.11617090590416, 0.0, 784.8400613703302, 0.0, 0.0, 0.0, 796.31264726141, 0.0, 223.3152752337955, 0.0, 0.0, 0.0, 0.0, 0.0, 0.0, 0.0, 0.0, 0.0, 776.2328511533426, 0.0, 0.0, 798.9378298206364, 0.0, 259.22195033706294, 0.0, 0.0]
INFORMACIÓN : 12apuestaBundle [800.1751113298291, 259.22195033706294, 171.26375579740397, 162.91056320988855, 161.93720134244563]
INFORMACIÓN : 12positionsBundle [1570, 501, 809, 170, 163]
INFORMACIÓN : 12levelsBundle [3, 2, 1, 1, 1]
INFORMACIÓN : 12positionsOrdered [1570, 501, 809, 170, 163]
INFORMACIÓN : 12levelsOrdered [3, 2, 1, 1, 1]
INFORMACIÓN : 12partialityOrdered [3, 2, 1, 1, 1]
INFORMACIÓN : 12arrivalTimes [40.06887194081917, 68.38847645783176, 78.38847645783176, 95.41786282375816, 102.41786282375816]
INFORMACIÓN : 13historia0[0.0, 0.0, 0.0, 0.0, 0.0, 269.07024829789975, 0.0, 0.0, 801.3121656950719, 0.0, 802.3782169538204, 0.0, 0.0, 0.0, 0.0, 129.65836064719952, 0.0, 148.32933950491068, 0.0, 0.0, 278.6766013969669, 0.0, 796.7003024768393, 0.0, 0.0, 0.0, 0.0, 0.0, 0.0, 0.0, 0.0, 0.0, 0.0, 0.0, 798.6798221681315, 0.0, 0.0, 785.6150815986965, 0.0, 0.0, 0.0, 256.5383644229398, 0.0, 0.0, 805.518211623114, 0.0, 0.0, 0.0, 0.0, 774.9589773981694, 262.19829751208636, 171.26375579740397, 0.0, 0.0, 0.0, 161.93720134244563, 0.0, 0.0, 0.0, 0.0, 0.0, 771.1327778290404, 0.0, 0.0, 0.0, 800.1751113298291, 0.0, 0.0, 0.0, 0.0, 0.0, 0.0, 0.0, 0.0, 0.0, 0.0, 0.0, 0.0, 0.0, 0.0, 0.0, 142.48670823075918, 0.0, 0.0, 0.0, 764.925589782536, 0.0, 0.0, 0.0, 0.0, 0.0, 789.0209520650459, 0.0, 39.7750915223769, 0.0, 0.0, 0.0, 0.0, 0.0, 0.0, 0.0, 0.0, 0.0, 807.4990282424388, 0.0, 777.8509677214035, 0.0, 0.0, 135.29030172465878, 0.0, 162.91056320988855, 0.0, 262.13008777327195, 0.0, 0.0, 0.0, 0.0, 758.440891706399, 787.6052045170785, 0.0, 0.0, 0.0, 0.0, 0.0, 144.91677308462036, 0.0, 0.0, 0.0, 43.36599948553976, 775.5015232324765, 278.7044102875593, 0.0, 0.0, 0.0, 0.0, 0.0, 0.0, 0.0, 0.0, 0.0, 0.0, 0.0, 778.408125655264, 0.0, 67.11617090590416, 0.0, 784.8400613703302, 0.0, 0.0, 0.0, 796.31264726141, 0.0, 223.3152752337955, 0.0, 0.0, 0.0, 0.0, 0.0, 0.0, 0.0, 0.0, 0.0, 776.2328511533426, 0.0, 0.0, 798.9378298206364, 0.0, 259.22195033706294, 0.0, 0.0]
INFORMACIÓN : 13apuestaBundle [800.1751113298291, 259.22195033706294, 171.26375579740397, 162.91056320988855, 161.93720134244563]
INFORMACIÓN : 13positionsBundle [1570, 501, 809, 170, 163]
INFORMACIÓN : 13levelsBundle [3, 2, 1, 1, 1]
INFORMACIÓN : 13positionsOrdered [1570, 501, 809, 170, 163]
INFORMACIÓN : 13levelsOrdered [3, 2, 1, 1, 1]
INFORMACIÓN : 13partialityOrdered [3, 2, 1, 1, 1]
INFORMACIÓN : 13arrivalTimes [40.06887194081917, 68.38847645783176, 78.38847645783176, 95.41786282375816, 102.41786282375816]
INFORMACIÓN : 14historia0[0.0, 0.0, 0.0, 0.0, 0.0, 269.07024829789975, 0.0, 0.0, 801.3121656950719, 0.0, 802.3782169538204, 0.0, 0.0, 0.0, 0.0, 0.0, 0.0, 148.32933950491068, 0.0, 0.0, 278.6766013969669, 0.0, 796.7003024768393, 0.0, 0.0, 0.0, 0.0, 0.0, 0.0, 0.0, 0.0, 0.0, 0.0, 0.0, 798.6798221681315, 0.0, 0.0, 785.6150815986965, 0.0, 0.0, 0.0, 256.5383644229398, 0.0, 0.0, 805.518211623114, 0.0, 0.0, 0.0, 0.0, 774.9589773981694, 262.19829751208636, 171.26375579740397, 0.0, 0.0, 0.0, 161.93720134244563, 0.0, 0.0, 0.0, 0.0, 0.0, 771.1327778290404, 0.0, 0.0, 0.0, 800.1751113298291, 0.0, 0.0, 0.0, 157.38530862271847, 0.0, 0.0, 0.0, 0.0, 0.0, 0.0, 0.0, 0.0, 0.0, 0.0, 0.0, 0.0, 0.0, 0.0, 0.0, 764.925589782536, 0.0, 0.0, 0.0, 0.0, 0.0, 789.0209520650459, 0.0, 39.7750915223769, 0.0, 0.0, 0.0, 0.0, 0.0, 0.0, 0.0, 0.0, 0.0, 807.4990282424388, 0.0, 777.8509677214035, 0.0, 0.0, 0.0, 0.0, 162.91056320988855, 0.0, 262.13008777327195, 0.0, 0.0, 0.0, 0.0, 758.440891706399, 787.6052045170785, 0.0, 0.0, 0.0, 0.0, 0.0, 144.91677308462036, 0.0, 0.0, 0.0, 47.98188350630385, 775.5015232324765, 278.7044102875593, 0.0, 0.0, 0.0, 0.0, 0.0, 0.0, 0.0, 0.0, 0.0, 0.0, 0.0, 778.408125655264, 0.0, 0.0, 0.0, 784.8400613703302, 0.0, 0.0, 0.0, 796.31264726141, 0.0, 223.3152752337955, 0.0, 0.0, 0.0, 0.0, 0.0, 0.0, 0.0, 0.0, 0.0, 776.2328511533426, 0.0, 0.0, 798.9378298206364, 0.0, 259.22195033706294, 0.0, 0.0]
INFORMACIÓN : 14apuestaBundle [800.1751113298291, 259.22195033706294, 171.26375579740397, 162.91056320988855, 161.93720134244563]
INFORMACIÓN : 14positionsBundle [1570, 501, 809, 170, 163]
INFORMACIÓN : 14levelsBundle [3, 2, 1, 1, 1]
INFORMACIÓN : 14positionsOrdered [1570, 501, 809, 170, 163]
INFORMACIÓN : 14levelsOrdered [3, 2, 1, 1, 1]
INFORMACIÓN : 14partialityOrdered [3, 2, 1, 1, 1]
INFORMACIÓN : 14arrivalTimes [40.06887194081917, 68.38847645783176, 78.38847645783176, 95.41786282375816, 102.41786282375816]
INFORMACIÓN : I [MW]; lost Test.myBail@9383c70; POS 809; sensors []; level 1 I paid 171.26375579740397in favour of38@(myturtles,myturtles,bug)@MK-18428 paid 198.77154716072954
INFORMACIÓN : 15historia0[0.0, 0.0, 0.0, 0.0, 0.0, 272.8354708636448, 0.0, 0.0, 801.3121656950719, 0.0, 802.3782169538204, 0.0, 0.0, 0.0, 0.0, 0.0, 0.0, 148.32933950491068, 0.0, 0.0, 278.6766013969669, 0.0, 796.7003024768393, 0.0, 0.0, 0.0, 0.0, 0.0, 0.0, 0.0, 0.0, 0.0, 0.0, 0.0, 798.6798221681315, 0.0, 0.0, 785.6150815986965, 0.0, 0.0, 0.0, 256.5383644229398, 0.0, 0.0, 805.518211623114, 0.0, 0.0, 0.0, 0.0, 774.9589773981694, 262.19829751208636, 198.77154716072954, 0.0, 0.0, 0.0, 163.46185186553214, 0.0, 0.0, 0.0, 0.0, 0.0, 771.1327778290404, 0.0, 0.0, 0.0, 800.1751113298291, 0.0, 0.0, 0.0, 157.38530862271847, 0.0, 0.0, 0.0, 0.0, 0.0, 275.9034294877895, 0.0, 0.0, 0.0, 0.0, 0.0, 0.0, 0.0, 0.0, 0.0, 764.925589782536, 0.0, 0.0, 0.0, 0.0, 0.0, 789.0209520650459, 0.0, 39.7750915223769, 0.0, 0.0, 0.0, 0.0, 0.0, 0.0, 0.0, 0.0, 0.0, 807.4990282424388, 0.0, 777.8509677214035, 0.0, 0.0, 0.0, 0.0, 171.26185513841858, 0.0, 291.3059093636549, 0.0, 0.0, 0.0, 0.0, 758.440891706399, 787.6052045170785, 0.0, 0.0, 0.0, 0.0, 0.0, 144.91677308462036, 0.0, 0.0, 0.0, 47.98188350630385, 775.5015232324765, 285.150113109433, 0.0, 0.0, 0.0, 0.0, 0.0, 0.0, 0.0, 0.0, 0.0, 0.0, 0.0, 778.408125655264, 0.0, 0.0, 185.8110403632386, 784.8400613703302, 0.0, 0.0, 0.0, 796.31264726141, 0.0, 223.3152752337955, 0.0, 0.0, 0.0, 0.0, 0.0, 0.0, 0.0, 0.0, 0.0, 776.2328511533426, 0.0, 0.0, 798.9378298206364, 0.0, 259.22195033706294, 0.0, 0.0]
INFORMACIÓN : 15apuestaBundle [800.1751113298291, 259.22195033706294, 57.69912492966296]
INFORMACIÓN : 15positionsBundle [1570, 501, 162]
INFORMACIÓN : 15levelsBundle [3, 2, 2]
INFORMACIÓN : 15positionsOrdered [1570, 501, 162]
INFORMACIÓN : 15levelsOrdered [3, 2, 2]
INFORMACIÓN : 15partialityOrdered [3, 2, 2]
INFORMACIÓN : 15arrivalTimes [40.06887194081917, 68.38847645783176, 81.42688126823705]
INFORMACIÓN : 16historia0[0.0, 0.0, 0.0, 0.0, 0.0, 269.07024829789975, 0.0, 0.0, 801.3121656950719, 0.0, 802.3782169538204, 0.0, 0.0, 0.0, 0.0, 0.0, 0.0, 148.32933950491068, 0.0, 0.0, 278.6766013969669, 0.0, 796.7003024768393, 0.0, 0.0, 0.0, 0.0, 0.0, 0.0, 0.0, 0.0, 0.0, 69.21149509798964, 0.0, 798.6798221681315, 0.0, 0.0, 785.6150815986965, 0.0, 0.0, 0.0, 256.5383644229398, 0.0, 0.0, 805.518211623114, 0.0, 0.0, 0.0, 0.0, 774.9589773981694, 262.19829751208636, 198.77154716072954, 0.0, 0.0, 0.0, 163.46185186553214, 0.0, 0.0, 0.0, 0.0, 0.0, 771.1327778290404, 0.0, 0.0, 0.0, 800.1751113298291, 0.0, 0.0, 0.0, 157.38530862271847, 0.0, 0.0, 0.0, 0.0, 0.0, 275.9034294877895, 0.0, 0.0, 0.0, 0.0, 0.0, 0.0, 0.0, 0.0, 0.0, 764.925589782536, 0.0, 0.0, 0.0, 0.0, 0.0, 789.0209520650459, 0.0, 39.7750915223769, 0.0, 0.0, 0.0, 0.0, 0.0, 0.0, 0.0, 0.0, 0.0, 807.4990282424388, 0.0, 777.8509677214035, 0.0, 0.0, 0.0, 0.0, 171.26185513841858, 0.0, 291.3059093636549, 0.0, 0.0, 0.0, 0.0, 758.440891706399, 787.6052045170785, 0.0, 0.0, 0.0, 0.0, 0.0, 144.91677308462036, 0.0, 0.0, 0.0, 57.69912492966296, 775.5015232324765, 0.0, 0.0, 0.0, 0.0, 0.0, 0.0, 166.9187868507429, 0.0, 0.0, 0.0, 0.0, 0.0, 778.408125655264, 0.0, 0.0, 185.8110403632386, 784.8400613703302, 0.0, 0.0, 0.0, 796.31264726141, 0.0, 223.3152752337955, 0.0, 0.0, 0.0, 0.0, 0.0, 0.0, 0.0, 0.0, 0.0, 776.2328511533426, 0.0, 0.0, 798.9378298206364, 0.0, 259.22195033706294, 0.0, 0.0]
INFORMACIÓN : 16apuestaBundle [800.1751113298291, 259.22195033706294, 57.69912492966296]
INFORMACIÓN : 16positionsBundle [1570, 501, 162]
INFORMACIÓN : 16levelsBundle [3, 2, 2]
INFORMACIÓN : 16positionsOrdered [1570, 501, 162]
INFORMACIÓN : 16levelsOrdered [3, 2, 2]
INFORMACIÓN : 16partialityOrdered [3, 2, 2]
INFORMACIÓN : 16arrivalTimes [40.06887194081917, 68.38847645783176, 81.42688126823705]
INFORMACIÓN : 17historia0[0.0, 0.0, 0.0, 0.0, 0.0, 269.07024829789975, 0.0, 0.0, 801.3121656950719, 0.0, 802.3782169538204, 0.0, 0.0, 0.0, 0.0, 0.0, 0.0, 148.32933950491068, 0.0, 0.0, 278.6766013969669, 0.0, 796.7003024768393, 0.0, 0.0, 0.0, 0.0, 0.0, 0.0, 0.0, 0.0, 0.0, 0.0, 0.0, 798.6798221681315, 0.0, 0.0, 785.6150815986965, 0.0, 0.0, 0.0, 256.5383644229398, 0.0, 0.0, 805.518211623114, 0.0, 0.0, 0.0, 0.0, 774.9589773981694, 262.19829751208636, 198.77154716072954, 0.0, 0.0, 0.0, 163.46185186553214, 0.0, 0.0, 0.0, 0.0, 0.0, 771.1327778290404, 0.0, 0.0, 0.0, 800.1751113298291, 0.0, 0.0, 0.0, 157.38530862271847, 0.0, 0.0, 0.0, 0.0, 0.0, 275.9034294877895, 0.0, 0.0, 0.0, 0.0, 0.0, 150.4656433329829, 0.0, 0.0, 0.0, 764.925589782536, 0.0, 0.0, 0.0, 0.0, 0.0, 789.0209520650459, 0.0, 39.7750915223769, 0.0, 0.0, 0.0, 0.0, 0.0, 0.0, 56.41258247440692, 0.0, 0.0, 807.4990282424388, 0.0, 777.8509677214035, 0.0, 0.0, 0.0, 0.0, 171.26185513841858, 0.0, 291.3059093636549, 0.0, 0.0, 0.0, 0.0, 758.440891706399, 787.6052045170785, 0.0, 0.0, 0.0, 0.0, 0.0, 144.91677308462036, 0.0, 0.0, 0.0, 57.69912492966296, 775.5015232324765, 0.0, 0.0, 0.0, 0.0, 0.0, 0.0, 166.9187868507429, 0.0, 0.0, 0.0, 0.0, 0.0, 778.408125655264, 0.0, 0.0, 185.8110403632386, 784.8400613703302, 0.0, 0.0, 0.0, 796.31264726141, 0.0, 223.3152752337955, 0.0, 0.0, 0.0, 0.0, 0.0, 0.0, 0.0, 0.0, 0.0, 776.2328511533426, 0.0, 0.0, 798.9378298206364, 0.0, 259.22195033706294, 0.0, 0.0]
INFORMACIÓN : 17apuestaBundle [800.1751113298291, 259.22195033706294, 57.69912492966296]
INFORMACIÓN : 17positionsBundle [1570, 501, 162]
INFORMACIÓN : 17levelsBundle [3, 2, 2]
INFORMACIÓN : 17positionsOrdered [1570, 501, 162]
INFORMACIÓN : 17levelsOrdered [3, 2, 2]
INFORMACIÓN : 17partialityOrdered [3, 2, 2]
INFORMACIÓN : 17arrivalTimes [40.06887194081917, 68.38847645783176, 81.42688126823705]
INFORMACIÓN : depSat position 1570 level 3
INFORMACIÓN : I [MW]; lost Test.myBail@47470a1e; POS 1570; sensors [AB, IR]; level 3 I paid 800.1751113298291in favour ofnull paid 800.1751113298291
INFORMACIÓN : 18historia0[0.0, 0.0, 0.0, 0.0, 0.0, 269.07024829789975, 0.0, 0.0, 801.3121656950719, 0.0, 802.3782169538204, 0.0, 0.0, 0.0, 0.0, 0.0, 0.0, 148.32933950491068, 0.0, 0.0, 278.6766013969669, 0.0, 796.7003024768393, 0.0, 0.0, 0.0, 0.0, 0.0, 0.0, 0.0, 0.0, 0.0, 0.0, 0.0, 798.6798221681315, 0.0, 0.0, 0.0, 0.0, 0.0, 0.0, 256.5383644229398, 0.0, 0.0, 805.518211623114, 0.0, 0.0, 0.0, 0.0, 774.9589773981694, 262.19829751208636, 198.77154716072954, 0.0, 0.0, 0.0, 163.46185186553214, 0.0, 0.0, 0.0, 0.0, 0.0, 771.1327778290404, 0.0, 0.0, 0.0, 0.0, 0.0, 0.0, 0.0, 0.0, 0.0, 0.0, 0.0, 0.0, 0.0, 275.9034294877895, 0.0, 0.0, 0.0, 0.0, 0.0, 150.4656433329829, 0.0, 0.0, 0.0, 764.925589782536, 0.0, 0.0, 0.0, 0.0, 0.0, 789.0209520650459, 0.0, 39.7750915223769, 0.0, 0.0, 0.0, 0.0, 0.0, 0.0, 56.41258247440692, 0.0, 0.0, 0.0, 0.0, 777.8509677214035, 0.0, 0.0, 146.20395976491994, 0.0, 171.26185513841858, 0.0, 291.3059093636549, 0.0, 0.0, 0.0, 0.0, 758.440891706399, 787.6052045170785, 0.0, 0.0, 0.0, 0.0, 0.0, 144.91677308462036, 0.0, 0.0, 0.0, 0.0, 775.5015232324765, 0.0, 0.0, 0.0, 0.0, 0.0, 0.0, 166.9187868507429, 0.0, 0.0, 0.0, 0.0, 0.0, 778.408125655264, 0.0, 0.0, 185.8110403632386, 0.0, 0.0, 0.0, 0.0, 0.0, 0.0, 223.3152752337955, 0.0, 0.0, 0.0, 0.0, 0.0, 0.0, 0.0, 0.0, 0.0, 776.2328511533426, 0.0, 0.0, 798.9378298206364, 0.0, 0.0, 0.0, 0.0]
INFORMACIÓN : 18apuestaBundle [800.2442986130218, 798.5767776165234, 785.3689604768176, 782.9011263043171, 781.451439896475]
INFORMACIÓN : 18positionsBundle [1570, 1511, 1383, 1633, 2218]
INFORMACIÓN : 18levelsBundle [3, 3, 3, 3, 3]
INFORMACIÓN : 18positionsOrdered [1383, 1633, 1570, 1511, 2218]
INFORMACIÓN : 18levelsOrdered [3, 3, 3, 3, 3]
INFORMACIÓN : 18partialityOrdered [3, 3, 3, 3, 3]
INFORMACIÓN : 18arrivalTimes [16.67689944033379, 23.30909495778985, 38.36972365390608, 47.425108792043495, 65.02449374103112]
INFORMACIÓN : I [MW]; lost Test.myBail@2d86b0c6; POS 2218; sensors [AB, IR]; level 3 I paid 781.451439896475in favour of44@(myturtles,myturtles,bug)@MK-18428 paid 789.2852479430289
INFORMACIÓN : 19historia0[0.0, 0.0, 0.0, 0.0, 0.0, 272.8354708636448, 0.0, 0.0, 801.3121656950719, 0.0, 802.3782169538204, 0.0, 0.0, 0.0, 0.0, 0.0, 0.0, 148.32933950491068, 0.0, 0.0, 278.6766013969669, 0.0, 798.5767776165234, 0.0, 0.0, 0.0, 0.0, 0.0, 0.0, 0.0, 0.0, 0.0, 0.0, 0.0, 798.6798221681315, 0.0, 0.0, 0.0, 0.0, 0.0, 0.0, 256.5383644229398, 0.0, 789.2852479430289, 805.518211623114, 0.0, 0.0, 0.0, 0.0, 775.5043396027369, 262.19829751208636, 198.77154716072954, 0.0, 0.0, 0.0, 163.46185186553214, 0.0, 0.0, 0.0, 0.0, 0.0, 771.1327778290404, 0.0, 0.0, 0.0, 800.2442986130218, 0.0, 0.0, 0.0, 0.0, 0.0, 0.0, 0.0, 0.0, 0.0, 275.9034294877895, 0.0, 0.0, 0.0, 0.0, 0.0, 150.4656433329829, 0.0, 0.0, 0.0, 764.925589782536, 0.0, 0.0, 0.0, 0.0, 0.0, 789.0209520650459, 0.0, 39.7750915223769, 0.0, 0.0, 0.0, 0.0, 0.0, 0.0, 0.0, 0.0, 0.0, 807.4990282424388, 0.0, 777.8509677214035, 0.0, 0.0, 146.20395976491994, 0.0, 171.26185513841858, 0.0, 260.23905104201015, 0.0, 0.0, 0.0, 0.0, 758.440891706399, 787.6052045170785, 0.0, 0.0, 0.0, 0.0, 0.0, 144.91677308462036, 0.0, 0.0, 0.0, 0.0, 775.5015232324765, 283.3526208439024, 0.0, 0.0, 0.0, 0.0, 785.3689604768176, 0.0, 0.0, 0.0, 0.0, 0.0, 0.0, 778.4499737249266, 782.9011263043171, 0.0, 167.84362430738338, 0.0, 0.0, 0.0, 0.0, 0.0, 0.0, 0.0, 0.0, 0.0, 0.0, 0.0, 0.0, 0.0, 0.0, 0.0, 0.0, 776.2328511533426, 0.0, 0.0, 798.9378298206364, 0.0, 0.0, 0.0, 0.0]
INFORMACIÓN : 19apuestaBundle [800.2442986130218, 798.5767776165234, 785.3689604768176, 782.9011263043171, 276.95686336630615]
INFORMACIÓN : 19positionsBundle [1570, 1511, 1383, 1633, 977]
INFORMACIÓN : 19levelsBundle [3, 3, 3, 3, 2]
INFORMACIÓN : 19positionsOrdered [1383, 1633, 1570, 1511, 977]
INFORMACIÓN : 19levelsOrdered [3, 3, 3, 3, 2]
INFORMACIÓN : 19partialityOrdered [3, 3, 3, 3, 2]
INFORMACIÓN : 19arrivalTimes [16.67689944033379, 23.30909495778985, 38.36972365390608, 47.425108792043495, 87.59515425220397]
INFORMACIÓN : I [MW]; lost Test.myBail@7794b3f6; POS 977; sensors [AB]; level 2 I paid 276.95686336630615in favour of38@(myturtles,myturtles,bug)@MK-18428 paid 275.9034294877895
INFORMACIÓN : 20historia0[184.43263127376596, 0.0, 0.0, 0.0, 0.0, 272.8354708636448, 0.0, 0.0, 801.3121656950719, 0.0, 802.3782169538204, 0.0, 0.0, 0.0, 0.0, 0.0, 0.0, 197.62617530448347, 0.0, 270.3913780349356, 0.0, 0.0, 798.5767776165234, 0.0, 0.0, 0.0, 0.0, 0.0, 0.0, 0.0, 0.0, 0.0, 0.0, 239.56835934495055, 0.0, 0.0, 0.0, 0.0, 0.0, 0.0, 0.0, 256.5383644229398, 0.0, 0.0, 805.518211623114, 0.0, 0.0, 0.0, 0.0, 775.1217102074684, 262.19829751208636, 0.0, 0.0, 0.0, 0.0, 0.0, 0.0, 0.0, 0.0, 0.0, 0.0, 771.1327778290404, 0.0, 0.0, 0.0, 800.2442986130218, 0.0, 0.0, 0.0, 186.534078686736, 0.0, 0.0, 0.0, 0.0, 0.0, 275.9034294877895, 0.0, 0.0, 0.0, 0.0, 0.0, 150.4656433329829, 0.0, 0.0, 0.0, 764.925589782536, 0.0, 0.0, 0.0, 0.0, 0.0, 0.0, 0.0, 0.0, 0.0, 0.0, 0.0, 0.0, 0.0, 0.0, 0.0, 0.0, 0.0, 807.4990282424388, 0.0, 777.8509677214035, 0.0, 0.0, 0.0, 0.0, 0.0, 0.0, 291.3058734286469, 0.0, 0.0, 0.0, 0.0, 0.0, 787.6052045170785, 0.0, 0.0, 0.0, 0.0, 0.0, 176.07472071981869, 0.0, 0.0, 0.0, 0.0, 775.5015232324765, 283.3526208439023, 0.0, 0.0, 0.0, 0.0, 785.3689604768176, 0.0, 0.0, 0.0, 0.0, 0.0, 0.0, 0.0, 782.9011263043171, 0.0, 0.0, 0.0, 0.0, 0.0, 0.0, 0.0, 0.0, 223.3152752337955, 0.0, 769.7884409012274, 0.0, 0.0, 0.0, 0.0, 0.0, 0.0, 0.0, 776.2328511533426, 0.0, 0.0, 798.9378298206364, 0.0, 261.08405742252955, 0.0, 0.0]
INFORMACIÓN : 20apuestaBundle [800.2442986130218, 798.5767776165234, 785.3689604768176, 782.9011263043171, 375.93554883686005, 375.93554883686005]
INFORMACIÓN : 20positionsBundle [1570, 1511, 1383, 1633, 2218, 2218]
INFORMACIÓN : 20levelsBundle [3, 3, 3, 3, 2, 2]
INFORMACIÓN : 20positionsOrdered [1383, 1633, 1570, 1511, 2218, 2218]
INFORMACIÓN : 20levelsOrdered [3, 3, 3, 3, 2, 2]
INFORMACIÓN : 20partialityOrdered [3, 3, 3, 3, 3, 3]
INFORMACIÓN : 20arrivalTimes [16.67689944033379, 23.30909495778985, 38.36972365390608, 47.425108792043495, 63.07758463454202, 63.07758463454202]
INFORMACIÓN : mutexSat position 2218 level 2
INFORMACIÓN : I [MW]; lost Test.myBail@69ecaeb0; POS 2218; sensors [AB]; level 2 I paid 375.93554883686005in favour ofnull paid 375.93554883686005
INFORMACIÓN : 21historia0[0.0, 0.0, 0.0, 0.0, 0.0, 269.07024829789975, 0.0, 0.0, 801.3121656950719, 0.0, 802.3782169538204, 0.0, 0.0, 0.0, 0.0, 0.0, 0.0, 0.0, 0.0, 270.3913780349356, 0.0, 0.0, 798.5767776165234, 350.6584757686602, 0.0, 0.0, 0.0, 0.0, 0.0, 0.0, 0.0, 74.96540051451493, 0.0, 239.56835934495055, 0.0, 0.0, 0.0, 0.0, 0.0, 0.0, 0.0, 0.0, 0.0, 0.0, 805.518211623114, 0.0, 0.0, 0.0, 0.0, 775.1217102074684, 262.19829751208636, 0.0, 0.0, 0.0, 0.0, 0.0, 375.93554883686005, 0.0, 0.0, 0.0, 0.0, 771.1327778290404, 0.0, 0.0, 0.0, 800.2442986130218, 0.0, 0.0, 0.0, 0.0, 0.0, 0.0, 0.0, 0.0, 0.0, 0.0, 0.0, 0.0, 0.0, 0.0, 0.0, 150.4656433329829, 0.0, 0.0, 0.0, 764.925589782536, 0.0, 0.0, 0.0, 0.0, 0.0, 0.0, 0.0, 64.20260783121148, 0.0, 0.0, 0.0, 365.3578335301752, 0.0, 0.0, 0.0, 0.0, 0.0, 807.4990282424388, 0.0, 777.8509677214035, 0.0, 269.95526604072967, 0.0, 0.0, 0.0, 0.0, 0.0, 0.0, 0.0, 0.0, 0.0, 0.0, 787.6052045170785, 0.0, 0.0, 0.0, 0.0, 0.0, 176.07472071981869, 0.0, 0.0, 0.0, 60.20201839354081, 775.5015232324765, 0.0, 0.0, 0.0, 0.0, 0.0, 785.3689604768176, 166.95942249997552, 0.0, 0.0, 0.0, 0.0, 0.0, 769.6417543847753, 782.9011263043171, 0.0, 196.87406568745362, 0.0, 365.3578335301752, 0.0, 0.0, 0.0, 0.0, 242.5595819767557, 350.6584757686602, 769.7884409012274, 0.0, 0.0, 0.0, 0.0, 0.0, 0.0, 0.0, 776.2328511533426, 0.0, 0.0, 798.9378298206364, 0.0, 261.08405742252955, 0.0, 0.0]
INFORMACIÓN : 21apuestaBundle [800.2442986130218, 798.5767776165234, 785.3689604768176, 782.9011263043171, 375.93554883686005]
INFORMACIÓN : 21positionsBundle [1570, 1511, 1383, 1633, 2218]
INFORMACIÓN : 21levelsBundle [3, 3, 3, 3, 2]
INFORMACIÓN : 21positionsOrdered [1383, 1633, 1570, 1511, 2218]
INFORMACIÓN : 21levelsOrdered [3, 3, 3, 3, 2]
INFORMACIÓN : 21partialityOrdered [3, 3, 3, 3, 3]
INFORMACIÓN : 21arrivalTimes [16.67689944033379, 23.30909495778985, 38.36972365390608, 47.425108792043495, 63.07758463454202]
INFORMACIÓN : I [MW]; lost Test.myBail@7777a538; POS 2218; sensors [IR]; level 2 I paid 375.93554883686005in favour of44@(myturtles,myturtles,bug)@MK-18428 paid 383.65266748314116
INFORMACIÓN : 22historia0[162.13588706635534, 0.0, 0.0, 0.0, 0.0, 0.0, 0.0, 0.0, 801.3121656950719, 0.0, 802.3782169538204, 0.0, 0.0, 0.0, 0.0, 0.0, 0.0, 197.62617530448347, 0.0, 270.3913780349356, 0.0, 0.0, 798.5767776165234, 0.0, 0.0, 0.0, 0.0, 0.0, 0.0, 0.0, 0.0, 0.0, 0.0, 239.56835934495055, 0.0, 0.0, 0.0, 0.0, 0.0, 0.0, 0.0, 235.9385592281492, 0.0, 0.0, 805.518211623114, 0.0, 0.0, 0.0, 0.0, 775.1217102074684, 0.0, 0.0, 0.0, 0.0, 0.0, 0.0, 383.65266748314116, 0.0, 0.0, 0.0, 0.0, 771.1327778290404, 261.0443471189594, 0.0, 0.0, 800.2442986130218, 0.0, 0.0, 0.0, 161.17814802320964, 383.65266748314116, 0.0, 0.0, 368.49519297541286, 0.0, 0.0, 0.0, 0.0, 0.0, 0.0, 0.0, 0.0, 0.0, 0.0, 0.0, 764.925589782536, 0.0, 0.0, 0.0, 0.0, 0.0, 0.0, 0.0, 0.0, 0.0, 0.0, 0.0, 380.14130359165296, 0.0, 0.0, 0.0, 0.0, 0.0, 807.4990282424388, 0.0, 777.8509677214035, 0.0, 269.95526604072967, 143.4114473295059, 0.0, 0.0, 0.0, 284.2214755592054, 0.0, 0.0, 0.0, 0.0, 0.0, 787.6052045170785, 0.0, 0.0, 0.0, 0.0, 0.0, 176.07472071981869, 0.0, 0.0, 368.49519297541286, 60.20201839354081, 0.0, 283.3526208439023, 0.0, 0.0, 0.0, 0.0, 785.3689604768176, 166.95942249997552, 74.96923917955723, 0.0, 0.0, 0.0, 0.0, 769.6417543847753, 782.9011263043171, 0.0, 0.0, 0.0, 0.0, 0.0, 0.0, 0.0, 0.0, 242.5595819767557, 0.0, 769.7884409012274, 0.0, 0.0, 0.0, 0.0, 0.0, 0.0, 0.0, 776.2328511533426, 0.0, 0.0, 798.9378298206364, 0.0, 261.08405742252955, 0.0, 0.0]
INFORMACIÓN : 22apuestaBundle [800.2442986130218, 798.5767776165234, 785.3689604768176, 782.9011263043171, 264.2455398973957]
INFORMACIÓN : 22positionsBundle [1570, 1511, 1383, 1633, 501]
INFORMACIÓN : 22levelsBundle [3, 3, 3, 3, 2]
INFORMACIÓN : 22positionsOrdered [1383, 1633, 1570, 1511, 501]
INFORMACIÓN : 22levelsOrdered [3, 3, 3, 3, 2]
INFORMACIÓN : 22partialityOrdered [3, 3, 3, 3, 2]
INFORMACIÓN : 22arrivalTimes [16.67689944033379, 23.30909495778985, 38.36972365390608, 47.425108792043495, 69.7857885670414]
INFORMACIÓN : 23historia0[162.13588706635534, 0.0, 0.0, 0.0, 0.0, 0.0, 0.0, 0.0, 801.3121656950719, 0.0, 802.3782169538204, 0.0, 0.0, 0.0, 0.0, 0.0, 0.0, 197.62617530448347, 0.0, 270.3913780349356, 0.0, 0.0, 798.5767776165234, 0.0, 0.0, 58.98463416910056, 0.0, 0.0, 0.0, 0.0, 0.0, 0.0, 0.0, 239.56835934495055, 0.0, 0.0, 0.0, 0.0, 0.0, 0.0, 0.0, 235.9385592281492, 0.0, 0.0, 805.518211623114, 0.0, 0.0, 0.0, 0.0, 775.1217102074684, 258.8417593553231, 167.64415127611485, 0.0, 0.0, 0.0, 0.0, 0.0, 0.0, 0.0, 0.0, 0.0, 771.1327778290404, 261.0443471189594, 0.0, 0.0, 800.2442986130218, 0.0, 0.0, 0.0, 161.17814802320964, 0.0, 0.0, 0.0, 379.24955525029725, 0.0, 0.0, 0.0, 0.0, 0.0, 0.0, 0.0, 0.0, 0.0, 0.0, 0.0, 764.925589782536, 0.0, 0.0, 0.0, 0.0, 0.0, 0.0, 0.0, 30.341805782315944, 0.0, 0.0, 0.0, 380.14130359165296, 0.0, 0.0, 69.65729212876124, 0.0, 0.0, 807.4990282424388, 0.0, 777.8509677214035, 0.0, 269.95526604072967, 0.0, 0.0, 0.0, 0.0, 284.2214755592054, 0.0, 0.0, 0.0, 0.0, 0.0, 787.6052045170785, 0.0, 0.0, 0.0, 0.0, 0.0, 176.07472071981869, 0.0, 0.0, 379.24955525029725, 60.20201839354081, 0.0, 283.3526208439023, 0.0, 0.0, 0.0, 0.0, 785.3689604768176, 166.95942249997552, 0.0, 0.0, 0.0, 0.0, 0.0, 769.6417543847753, 782.9011263043171, 0.0, 0.0, 0.0, 0.0, 0.0, 0.0, 0.0, 0.0, 242.5595819767557, 0.0, 769.7884409012274, 0.0, 0.0, 0.0, 0.0, 0.0, 0.0, 0.0, 776.2328511533426, 0.0, 0.0, 798.9378298206364, 0.0, 264.2455398973957, 0.0, 0.0]
INFORMACIÓN : 23apuestaBundle [800.2442986130218, 798.5767776165234, 785.3689604768176, 782.9011263043171, 264.2455398973957]
INFORMACIÓN : 23positionsBundle [1570, 1511, 1383, 1633, 501]
INFORMACIÓN : 23levelsBundle [3, 3, 3, 3, 2]
INFORMACIÓN : 23positionsOrdered [1383, 1633, 1570, 1511, 501]
INFORMACIÓN : 23levelsOrdered [3, 3, 3, 3, 2]
INFORMACIÓN : 23partialityOrdered [3, 3, 3, 3, 2]
INFORMACIÓN : 23arrivalTimes [16.67689944033379, 23.30909495778985, 38.36972365390608, 47.425108792043495, 69.7857885670414]
INFORMACIÓN : 24historia0[162.13588706635534, 0.0, 0.0, 0.0, 0.0, 0.0, 0.0, 0.0, 801.3121656950719, 0.0, 802.3782169538204, 0.0, 0.0, 0.0, 0.0, 0.0, 0.0, 197.62617530448347, 0.0, 270.3913780349356, 0.0, 0.0, 798.5767776165234, 0.0, 0.0, 0.0, 0.0, 0.0, 0.0, 0.0, 0.0, 0.0, 0.0, 0.0, 0.0, 0.0, 0.0, 0.0, 0.0, 0.0, 0.0, 235.9385592281492, 0.0, 0.0, 805.518211623114, 0.0, 0.0, 0.0, 0.0, 775.1217102074684, 258.8417593553231, 0.0, 0.0, 0.0, 0.0, 149.3907680844817, 0.0, 0.0, 0.0, 0.0, 0.0, 771.1327778290404, 261.0443471189594, 0.0, 0.0, 800.2442986130218, 0.0, 0.0, 0.0, 161.17814802320964, 383.65266748314116, 0.0, 0.0, 379.24955525029725, 0.0, 0.0, 0.0, 0.0, 0.0, 0.0, 0.0, 0.0, 0.0, 0.0, 0.0, 764.925589782536, 0.0, 0.0, 0.0, 0.0, 0.0, 0.0, 0.0, 0.0, 0.0, 0.0, 0.0, 0.0, 0.0, 0.0, 0.0, 0.0, 0.0, 807.4990282424388, 0.0, 777.8509677214035, 0.0, 269.95526604072967, 143.4114473295059, 0.0, 146.7776493977599, 0.0, 284.2214755592054, 0.0, 0.0, 0.0, 0.0, 0.0, 787.6052045170785, 0.0, 0.0, 0.0, 0.0, 0.0, 176.07472071981869, 0.0, 0.0, 379.24955525029725, 60.20201839354081, 0.0, 283.3526208439023, 0.0, 0.0, 0.0, 0.0, 785.3689604768176, 166.95942249997552, 0.0, 0.0, 0.0, 0.0, 0.0, 769.6417543847753, 782.9011263043171, 0.0, 169.90446249400043, 0.0, 0.0, 0.0, 0.0, 0.0, 0.0, 242.5595819767557, 0.0, 769.7884409012274, 0.0, 0.0, 0.0, 0.0, 0.0, 0.0, 0.0, 776.2328511533426, 0.0, 0.0, 798.9378298206364, 0.0, 264.2455398973957, 0.0, 0.0]
INFORMACIÓN : 24apuestaBundle [800.2442986130218, 798.5767776165234, 785.3689604768176, 782.9011263043171, 264.2455398973957]
INFORMACIÓN : 24positionsBundle [1570, 1511, 1383, 1633, 501]
INFORMACIÓN : 24levelsBundle [3, 3, 3, 3, 2]
INFORMACIÓN : 24positionsOrdered [1383, 1633, 1570, 1511, 501]
INFORMACIÓN : 24levelsOrdered [3, 3, 3, 3, 2]
INFORMACIÓN : 24partialityOrdered [3, 3, 3, 3, 2]
INFORMACIÓN : 24arrivalTimes [16.67689944033379, 23.30909495778985, 38.36972365390608, 47.425108792043495, 69.7857885670414]
INFORMACIÓN : 25historia0[162.13588706635534, 0.0, 0.0, 0.0, 0.0, 0.0, 0.0, 0.0, 801.3121656950719, 0.0, 802.3782169538204, 0.0, 0.0, 0.0, 0.0, 0.0, 0.0, 197.62617530448347, 0.0, 270.3913780349356, 0.0, 0.0, 798.5767776165234, 0.0, 0.0, 0.0, 0.0, 0.0, 0.0, 0.0, 0.0, 0.0, 0.0, 0.0, 0.0, 0.0, 0.0, 0.0, 0.0, 0.0, 0.0, 235.9385592281492, 0.0, 0.0, 805.518211623114, 0.0, 0.0, 0.0, 0.0, 775.1217102074684, 258.8417593553231, 0.0, 1.8655724473695727, 0.0, 0.0, 149.3907680844817, 0.0, 0.0, 0.0, 0.0, 0.0, 771.1327778290404, 261.0443471189594, 0.0, 0.0, 800.2442986130218, 0.0, 0.0, 0.0, 161.17814802320964, 383.65266748314116, 0.0, 0.0, 379.24955525029725, 0.0, 0.0, 0.0, 0.0, 0.0, 0.0, 0.0, 0.0, 0.0, 0.0, 0.0, 764.925589782536, 0.0, 0.0, 0.0, 0.0, 0.0, 0.0, 0.0, 0.0, 0.0, 0.0, 0.0, 0.0, 0.0, 0.0, 0.0, 0.0, 0.0, 807.4990282424388, 0.0, 777.8509677214035, 0.0, 269.95526604072967, 143.4114473295059, 0.0, 146.7776493977599, 0.0, 284.2214755592054, 0.0, 0.0, 0.0, 0.0, 0.0, 787.6052045170785, 0.0, 0.0, 0.0, 0.0, 0.0, 176.07472071981869, 0.0, 0.0, 379.24955525029725, 60.20201839354081, 0.0, 283.3526208439023, 0.0, 0.0, 0.0, 0.0, 785.3689604768176, 166.95942249997552, 0.0, 0.0, 0.0, 0.0, 0.0, 769.6417543847753, 782.9011263043171, 0.0, 169.90446249400043, 0.0, 0.0, 0.0, 0.0, 0.0, 0.0, 242.5595819767557, 0.0, 769.7884409012274, 0.0, 0.0, 0.0, 0.0, 0.0, 0.0, 0.0, 776.2328511533426, 0.0, 0.0, 798.9378298206364, 0.0, 264.2455398973957, 0.0, 0.0]
INFORMACIÓN : 25apuestaBundle [800.2442986130218, 798.5767776165234, 785.3689604768176, 782.9011263043171, 264.2455398973957]
INFORMACIÓN : 25positionsBundle [1570, 1511, 1383, 1633, 501]
INFORMACIÓN : 25levelsBundle [3, 3, 3, 3, 2]
INFORMACIÓN : 25positionsOrdered [1383, 1633, 1570, 1511, 501]
INFORMACIÓN : 25levelsOrdered [3, 3, 3, 3, 2]
INFORMACIÓN : 25partialityOrdered [3, 3, 3, 3, 2]
INFORMACIÓN : 25arrivalTimes [16.67689944033379, 23.30909495778985, 38.36972365390608, 47.425108792043495, 69.7857885670414]
INFORMACIÓN : 26historia0[162.13588706635534, 0.0, 0.0, 0.0, 0.0, 0.0, 0.0, 0.0, 801.3121656950719, 0.0, 802.3782169538204, 0.0, 0.0, 0.0, 0.0, 0.0, 0.0, 197.62617530448347, 0.0, 270.3913780349356, 0.0, 0.0, 798.5767776165234, 0.0, 0.0, 0.0, 0.0, 0.0, 0.0, 0.0, 0.0, 0.0, 0.0, 0.0, 0.0, 0.0, 0.0, 0.0, 0.0, 0.0, 0.0, 235.9385592281492, 0.0, 0.0, 805.518211623114, 0.0, 0.0, 0.0, 0.0, 775.1217102074684, 258.8417593553231, 0.0, 1.8655724473695727, 0.0, 0.0, 149.3907680844817, 0.0, 0.0, 0.0, 0.0, 0.0, 771.1327778290404, 261.0443471189594, 0.0, 0.0, 800.2442986130218, 0.0, 0.0, 0.0, 161.17814802320964, 383.65266748314116, 0.0, 0.0, 379.24955525029725, 0.0, 0.0, 0.0, 0.0, 0.0, 0.0, 0.0, 0.0, 0.0, 0.0, 0.0, 764.925589782536, 0.0, 0.0, 0.0, 0.0, 0.0, 0.0, 0.0, 0.0, 0.0, 0.0, 0.0, 0.0, 0.0, 0.0, 0.0, 0.0, 0.0, 807.4990282424388, 0.0, 777.8509677214035, 0.0, 269.95526604072967, 143.4114473295059, 0.0, 146.7776493977599, 0.0, 284.2214755592054, 0.0, 0.0, 0.0, 0.0, 0.0, 787.6052045170785, 0.0, 0.0, 0.0, 0.0, 0.0, 176.07472071981869, 0.0, 0.0, 379.24955525029725, 0.0, 0.0, 283.3526208439023, 0.0, 0.0, 0.0, 0.0, 785.3689604768176, 166.95942249997552, 0.0, 0.0, 0.0, 0.0, 0.0, 769.6417543847753, 782.9011263043171, 0.0, 169.90446249400043, 0.0, 0.0, 0.0, 0.0, 0.0, 0.0, 242.5595819767557, 0.0, 769.7884409012274, 0.0, 0.0, 0.0, 0.0, 0.0, 0.0, 0.0, 776.2328511533426, 0.0, 0.0, 798.9378298206364, 0.0, 264.2455398973957, 0.0, 0.0]
INFORMACIÓN : 26apuestaBundle [800.2442986130218, 798.5767776165234, 785.3689604768176, 782.9011263043171, 264.2455398973957]
INFORMACIÓN : 26positionsBundle [1570, 1511, 1383, 1633, 501]
INFORMACIÓN : 26levelsBundle [3, 3, 3, 3, 2]
INFORMACIÓN : 26positionsOrdered [1383, 1633, 1570, 1511, 501]
INFORMACIÓN : 26levelsOrdered [3, 3, 3, 3, 2]
INFORMACIÓN : 26partialityOrdered [3, 3, 3, 3, 2]
INFORMACIÓN : 26arrivalTimes [16.67689944033379, 23.30909495778985, 38.36972365390608, 47.425108792043495, 69.7857885670414]
INFORMACIÓN : depSat position 1570 level 3
INFORMACIÓN : depSat position 1511 level 3
INFORMACIÓN : I [MW]; lost Test.myBail@47470a1e; POS 1570; sensors [AB, IR]; level 3 I paid 800.2442986130218in favour ofnull paid 800.2442986130218
INFORMACIÓN : 27historia0[162.13588706635534, 0.0, 0.0, 0.0, 0.0, 0.0, 0.0, 0.0, 801.3121656950719, 0.0, 802.3782169538204, 0.0, 0.0, 0.0, 0.0, 0.0, 0.0, 197.62617530448347, 0.0, 270.3913780349356, 0.0, 0.0, 0.0, 0.0, 0.0, 0.0, 0.0, 0.0, 0.0, 0.0, 0.0, 0.0, 0.0, 0.0, 0.0, 0.0, 0.0, 0.0, 0.0, 0.0, 0.0, 235.9385592281492, 0.0, 0.0, 805.518211623114, 0.0, 0.0, 0.0, 0.0, 775.1217102074684, 258.8417593553231, 0.0, 1.8655724473695727, 0.0, 0.0, 149.3907680844817, 0.0, 0.0, 0.0, 0.0, 0.0, 771.1327778290404, 261.0443471189594, 0.0, 0.0, 0.0, 0.0, 0.0, 0.0, 161.17814802320964, 383.65266748314116, 0.0, 0.0, 379.24955525029725, 0.0, 0.0, 0.0, 0.0, 0.0, 0.0, 0.0, 0.0, 0.0, 0.0, 0.0, 764.925589782536, 0.0, 0.0, 0.0, 0.0, 0.0, 0.0, 0.0, 0.0, 0.0, 0.0, 0.0, 0.0, 0.0, 0.0, 0.0, 0.0, 0.0, 0.0, 0.0, 777.8509677214035, 0.0, 269.95526604072967, 143.4114473295059, 0.0, 146.7776493977599, 0.0, 284.2214755592054, 0.0, 0.0, 0.0, 0.0, 0.0, 787.6052045170785, 0.0, 0.0, 0.0, 0.0, 0.0, 0.0, 0.0, 0.0, 379.24955525029725, 0.0, 0.0, 283.3526208439023, 0.0, 0.0, 0.0, 0.0, 0.0, 166.95942249997552, 0.0, 0.0, 0.0, 0.0, 0.0, 769.6417543847753, 0.0, 0.0, 169.90446249400043, 0.0, 0.0, 0.0, 0.0, 0.0, 0.0, 242.5595819767557, 0.0, 769.7884409012274, 0.0, 0.0, 0.0, 0.0, 0.0, 0.0, 0.0, 776.2328511533426, 0.0, 0.0, 798.9378298206364, 0.0, 0.0, 0.0, 0.0]
INFORMACIÓN : 27apuestaBundle [800.4071970303927, 797.241945154136, 785.3689199469171, 783.2216789502393, 773.8567080789421]
INFORMACIÓN : 27positionsBundle [1570, 1511, 1383, 2218, 1789]
INFORMACIÓN : 27levelsBundle [3, 3, 3, 3, 3]
INFORMACIÓN : 27positionsOrdered [1383, 1570, 1511, 2218, 1789]
INFORMACIÓN : 27levelsOrdered [3, 3, 3, 3, 3]
INFORMACIÓN : 27partialityOrdered [3, 3, 3, 3, 3]
INFORMACIÓN : 27arrivalTimes [16.67689944033379, 34.36972365390608, 43.425108792043495, 59.07758463454202, 81.92490395213375]
INFORMACIÓN : I [MW]; lost Test.myBail@2d86b0c6; POS 2218; sensors [AB, IR]; level 3 I paid 783.2216789502393in favour of44@(myturtles,myturtles,bug)@MK-18428 paid 791.0538527002109
INFORMACIÓN : 28historia0[162.13588706635534, 0.0, 0.0, 0.0, 0.0, 0.0, 0.0, 43.30094842017741, 801.3121656950719, 0.0, 802.5412837478038, 0.0, 0.0, 0.0, 0.0, 0.0, 0.0, 0.0, 0.0, 0.0, 0.0, 0.0, 797.241945154136, 0.0, 0.0, 0.0, 0.0, 0.0, 0.0, 0.0, 0.0, 0.0, 0.0, 0.0, 798.9123732810135, 0.0, 0.0, 787.5521151276508, 0.0, 0.0, 0.0, 0.0, 0.0, 791.0538527002109, 805.518211623114, 0.0, 0.0, 0.0, 43.30094842017741, 775.1217102074684, 0.0, 0.0, 1.8655724473695727, 0.0, 0.0, 0.0, 0.0, 0.0, 0.0, 0.0, 0.0, 771.1327778290404, 0.0, 0.0, 0.0, 800.4071970303927, 0.0, 0.0, 0.0, 161.17814802320964, 0.0, 0.0, 0.0, 0.0, 0.0, 0.0, 0.0, 0.0, 0.0, 0.0, 0.0, 0.0, 0.0, 0.0, 0.0, 764.925589782536, 0.0, 0.0, 0.0, 0.0, 0.0, 789.0209520650459, 0.0, 0.0, 0.0, 0.0, 0.0, 0.0, 0.0, 0.0, 0.0, 0.0, 0.0, 807.4990282424388, 0.0, 777.8509677214035, 0.0, 269.95526604072967, 143.4114473295059, 0.0, 0.0, 0.0, 284.2214755592054, 0.0, 0.0, 0.0, 0.0, 0.0, 787.6052045170785, 0.0, 0.0, 0.0, 0.0, 0.0, 0.0, 0.0, 0.0, 0.0, 0.0, 0.0, 283.3526208439023, 0.0, 0.0, 0.0, 0.0, 785.3689199469171, 166.95942249997552, 0.0, 0.0, 0.0, 0.0, 0.0, 769.6417543847753, 0.0, 0.0, 169.90446249400043, 784.9214608657298, 0.0, 0.0, 0.0, 795.2392092975889, 0.0, 242.5595819767557, 346.5732380624213, 769.7884409012274, 0.0, 0.0, 0.0, 0.0, 0.0, 0.0, 0.0, 776.2328511533426, 0.0, 0.0, 798.9528171206357, 0.0, 0.0, 0.0, 0.0]
INFORMACIÓN : 28apuestaBundle [800.4071970303927, 797.241945154136, 785.3689199469171, 290.84299039140853, 287.32634388716394]
INFORMACIÓN : 28positionsBundle [1570, 1511, 1383, 1426, 1674]
INFORMACIÓN : 28levelsBundle [3, 3, 3, 2, 2]
INFORMACIÓN : 28positionsOrdered [1383, 1426, 1674, 1570, 1511]
INFORMACIÓN : 28levelsOrdered [3, 2, 2, 3, 3]
INFORMACIÓN : 28partialityOrdered [3, 2, 2, 3, 3]
INFORMACIÓN : 28arrivalTimes [16.67689944033379, 23.747967252199267, 29.13313205933377, 34.36972365390608, 43.425108792043495]
INFORMACIÓN : I [MW]; lost Test.myBail@64efc176; POS 1674; sensors [IR]; level 2 I paid 287.32634388716394in favour ofnull paid 0.0
INFORMACIÓN : 29historia0[162.13588706635534, 0.0, 0.0, 0.0, 0.0, 0.0, 0.0, 43.30094842017741, 801.3121656950719, 0.0, 802.5412837478038, 0.0, 0.0, 0.0, 0.0, 0.0, 0.0, 0.0, 0.0, 290.84299039140853, 0.0, 0.0, 797.241945154136, 0.0, 0.0, 0.0, 0.0, 0.0, 0.0, 0.0, 96.41962955070449, 0.0, 0.0, 0.0, 0.0, 0.0, 0.0, 787.5521151276508, 0.0, 0.0, 0.0, 273.74764191716395, 0.0, 0.0, 805.518211623114, 0.0, 0.0, 0.0, 43.30094842017741, 775.1217102074684, 0.0, 0.0, 1.8655724473695727, 0.0, 0.0, 0.0, 0.0, 0.0, 0.0, 0.0, 0.0, 771.1327778290404, 260.2730435890005, 0.0, 0.0, 800.4071970303927, 0.0, 0.0, 0.0, 161.17814802320964, 0.0, 0.0, 0.0, 0.0, 0.0, 0.0, 0.0, 0.0, 0.0, 0.0, 0.0, 0.0, 0.0, 0.0, 0.0, 764.925589782536, 0.0, 0.0, 0.0, 0.0, 0.0, 0.0, 0.0, 0.0, 0.0, 358.6608525071456, 0.0, 0.0, 0.0, 0.0, 0.0, 0.0, 0.0, 807.4990282424388, 0.0, 777.8509677214035, 0.0, 0.0, 143.4114473295059, 0.0, 0.0, 0.0, 284.2214755592054, 0.0, 0.0, 0.0, 0.0, 0.0, 787.6052045170785, 0.0, 0.0, 0.0, 0.0, 237.27499977943512, 0.0, 0.0, 0.0, 0.0, 0.0, 0.0, 283.3526208439023, 0.0, 0.0, 0.0, 0.0, 785.3689199469171, 166.95942249997552, 0.0, 0.0, 0.0, 0.0, 0.0, 769.6417543847753, 0.0, 0.0, 169.90446249400043, 784.9214608657298, 0.0, 0.0, 0.0, 795.2392092975889, 0.0, 0.0, 0.0, 769.7884409012274, 0.0, 0.0, 0.0, 0.0, 0.0, 0.0, 0.0, 0.0, 0.0, 0.0, 798.9528171206357, 0.0, 240.813041567985, 0.0, 0.0]
INFORMACIÓN : 29apuestaBundle [800.4071970303927, 797.241945154136, 785.3689199469171, 290.84299039140853, 367.73547996118486]
INFORMACIÓN : 29positionsBundle [1570, 1511, 1383, 1426, 1789]
INFORMACIÓN : 29levelsBundle [3, 3, 3, 2, 2]
INFORMACIÓN : 29positionsOrdered [1383, 1426, 1570, 1511, 1789]
INFORMACIÓN : 29levelsOrdered [3, 2, 3, 3, 2]
INFORMACIÓN : 29partialityOrdered [3, 2, 3, 3, 3]
INFORMACIÓN : 29arrivalTimes [16.67689944033379, 23.747967252199267, 34.36972365390608, 43.425108792043495, 71.86803409869928]
INFORMACIÓN : mutexSat position 1789 level 2
INFORMACIÓN : I [MW]; lost Test.myBail@174ef2ce; POS 1789; sensors [IR]; level 2 I paid 367.73547996118486in favour ofnull paid 367.73547996118486
INFORMACIÓN : 30historia0[162.13588706635534, 0.0, 0.0, 0.0, 0.0, 0.0, 0.0, 0.0, 801.3121656950719, 0.0, 802.5412837478038, 0.0, 0.0, 0.0, 0.0, 0.0, 0.0, 0.0, 0.0, 290.84299039140853, 0.0, 0.0, 797.241945154136, 0.0, 0.0, 0.0, 0.0, 0.0, 0.0, 0.0, 0.0, 0.0, 0.0, 0.0, 0.0, 0.0, 0.0, 787.5521151276508, 0.0, 0.0, 0.0, 273.74764191716395, 0.0, 0.0, 805.518211623114, 0.0, 0.0, 0.0, 0.0, 775.1217102074684, 262.19829751208636, 0.0, 0.0, 0.0, 0.0, 0.0, 0.0, 0.0, 0.0, 0.0, 0.0, 771.1327778290404, 260.2730435890005, 0.0, 0.0, 800.4071970303927, 0.0, 0.0, 0.0, 161.17814802320964, 0.0, 0.0, 0.0, 0.0, 0.0, 0.0, 0.0, 0.0, 0.0, 0.0, 0.0, 0.0, 0.0, 0.0, 0.0, 764.925589782536, 0.0, 0.0, 0.0, 0.0, 0.0, 0.0, 0.0, 0.0, 0.0, 0.0, 0.0, 0.0, 0.0, 0.0, 66.53898836157077, 0.0, 0.0, 807.4990282424388, 0.0, 777.8509677214035, 0.0, 0.0, 0.0, 0.0, 0.0, 165.24606597997217, 284.2214755592054, 0.0, 0.0, 0.0, 0.0, 0.0, 787.6052045170785, 0.0, 0.0, 0.0, 0.0, 237.27499977943512, 0.0, 0.0, 0.0, 0.0, 0.0, 775.5608411988709, 283.3526208439023, 0.0, 0.0, 0.0, 0.0, 785.3689199469171, 166.95942249997552, 0.0, 0.0, 0.0, 0.0, 0.0, 0.0, 0.0, 0.0, 169.90446249400043, 784.9214608657298, 0.0, 0.0, 0.0, 795.2392092975889, 0.0, 223.3152752337955, 0.0, 769.7884409012274, 0.0, 0.0, 0.0, 0.0, 0.0, 0.0, 0.0, 768.3015717064592, 391.4561866406734, 0.0, 798.9528171206357, 0.0, 239.88633993220083, 0.0, 0.0]
INFORMACIÓN : 30apuestaBundle [800.4071970303927, 797.241945154136, 785.3689199469171, 290.84299039140853, 252.07143902817006]
INFORMACIÓN : 30positionsBundle [1570, 1511, 1383, 1426, 501]
INFORMACIÓN : 30levelsBundle [3, 3, 3, 2, 2]
INFORMACIÓN : 30positionsOrdered [1383, 1426, 1570, 1511, 501]
INFORMACIÓN : 30levelsOrdered [3, 2, 3, 3, 2]
INFORMACIÓN : 30partialityOrdered [3, 2, 3, 3, 2]
INFORMACIÓN : 30arrivalTimes [16.67689944033379, 23.747967252199267, 34.36972365390608, 43.425108792043495, 146.27489102153666]
