----------------------------------------------------------------------
-- Log session for [myBugCoalitionsCCBBAGuaiDEF-5] started on 2017.07.14.18.36.10 --
----------------------------------------------------------------------

INFORMACIÓN : I started
INFORMACIÓN : 0apuestaBundle [1439.8820507929925, 1089.673112306568, 988.9762469593279, 929.3741214496181]
INFORMACIÓN : 0positionsBundle [130, 2251, 769, 1884]
INFORMACIÓN : 0levelsBundle [3, 3, 3, 3]
INFORMACIÓN : 0positionsOrdered [130, 2251, 769, 1884]
INFORMACIÓN : 0levelsOrdered [3, 3, 3, 3]
INFORMACIÓN : 0partialityOrdered [3, 3, 3, 3]
INFORMACIÓN : 0arrivalTimes [22.90640462731877, 74.77161454687854, 109.75732591595033, 136.38437982733902]
INFORMACIÓN : I [IR]; lost Test.myBail@64656b2a; POS 130; sensors [AB, MW]; level 3 I paid 1439.8820507929925in favour of8@(myturtles,myturtles,bug)@MK-18530 paid 1454.6478600970113
INFORMACIÓN : 1historia0[0.0, 0.0, 0.0, 0.0, 0.0, 0.0, 0.0, 0.0, 0.0, 929.8615359943715, 0.0, 0.0, 0.0, 0.0, 0.0, 0.0, 0.0, 0.0, 0.0, 0.0, 0.0, 0.0, 0.0, 0.0, 0.0, 0.0, 0.0, 0.0, 0.0, 0.0, 0.0, 0.0, 0.0, 0.0, 989.9196937696538, 0.0, 0.0, 0.0, 0.0, 0.0, 0.0, 0.0, 0.0, 0.0, 0.0, 0.0, 0.0, 0.0, 0.0, 929.9779823842368, 0.0, 0.0, 0.0, 1454.6478600970113, 0.0, 0.0, 1466.7800967633912, 0.0, 0.0, 0.0, 0.0, 0.0, 0.0, 0.0, 0.0, 0.0, 0.0, 930.3128776803346, 1090.7887800995684, 0.0, 0.0, 0.0, 0.0, 0.0, 0.0, 0.0, 0.0, 0.0, 0.0, 0.0, 0.0, 0.0, 0.0, 0.0, 0.0, 0.0, 0.0, 0.0, 0.0, 0.0, 0.0, 0.0, 0.0, 0.0, 0.0, 0.0, 0.0, 0.0, 0.0, 0.0, 0.0, 0.0, 989.9735727388147, 0.0, 0.0, 0.0, 0.0, 0.0, 0.0, 0.0, 0.0, 0.0, 0.0, 0.0, 0.0, 0.0, 0.0, 0.0, 0.0, 0.0, 0.0, 0.0, 0.0, 0.0, 1090.252381654273, 0.0, 0.0, 0.0, 0.0, 0.0, 0.0, 0.0, 0.0, 0.0, 0.0, 0.0, 0.0, 0.0, 0.0, 0.0, 0.0, 1468.3156173851041, 0.0, 0.0, 0.0, 0.0, 0.0, 0.0, 0.0, 0.0, 0.0, 989.4940715818166, 0.0, 0.0, 0.0, 0.0, 0.0, 0.0, 0.0, 0.0, 0.0, 0.0, 0.0, 0.0, 0.0, 0.0, 0.0, 1090.7285078877708, 0.0, 0.0]
INFORMACIÓN : 1apuestaBundle [1122.3960382718142, 990.0236223635557, 701.9903394745567, 650.9578227149145]
INFORMACIÓN : 1positionsBundle [2251, 769, 2317, 1606]
INFORMACIÓN : 1levelsBundle [3, 3, 3, 3]
INFORMACIÓN : 1positionsOrdered [2317, 2251, 769, 1606]
INFORMACIÓN : 1levelsOrdered [3, 3, 3, 3]
INFORMACIÓN : 1partialityOrdered [3, 3, 3, 3]
INFORMACIÓN : 1arrivalTimes [23.863356409728553, 54.60678668195132, 89.59249805102311, 110.9934326100558]
INFORMACIÓN : coalSat position 2251 level 3
INFORMACIÓN : timeSat position 2251 level 3
INFORMACIÓN : coalSat position 769 level 3
INFORMACIÓN : timeSat position 769 level 3
INFORMACIÓN : coalSat position 2317 level 3
INFORMACIÓN : timeSat position 2317 level 3
INFORMACIÓN : coalSat position 1606 level 3
INFORMACIÓN : I [IR]; lost Test.myBail@71301f85; POS 2251; sensors [AB, MW]; level 3 I paid 1122.3960382718142in favour ofnull paid 1122.3960382718142
INFORMACIÓN : 2historia0[0.0, 0.0, 0.0, 0.0, 0.0, 0.0, 0.0, 0.0, 0.0, 0.0, 0.0, 0.0, 0.0, 0.0, 0.0, 0.0, 0.0, 0.0, 0.0, 0.0, 0.0, 0.0, 0.0, 0.0, 648.4778431260461, 591.8349967832023, 0.0, 625.217559324834, 0.0, 557.883672095991, 0.0, 0.0, 0.0, 0.0, 988.0761269180389, 0.0, 0.0, 0.0, 0.0, 0.0, 0.0, 0.0, 0.0, 0.0, 0.0, 0.0, 0.0, 0.0, 0.0, 928.1347366074729, 527.7613591936336, 0.0, 0.0, 0.0, 709.4248941286901, 0.0, 1464.1621313913092, 0.0, 0.0, 0.0, 0.0, 0.0, 0.0, 0.0, 0.0, 0.0, 0.0, 925.125420808014, 1088.3161693398424, 0.0, 0.0, 0.0, 0.0, 0.0, 0.0, 0.0, 0.0, 0.0, 0.0, 0.0, 0.0, 0.0, 0.0, 558.7549266738561, 0.0, 0.0, 0.0, 0.0, 0.0, 0.0, 0.0, 0.0, 0.0, 0.0, 0.0, 0.0, 0.0, 0.0, 0.0, 0.0, 0.0, 0.0, 987.7632387408444, 0.0, 0.0, 0.0, 0.0, 0.0, 0.0, 0.0, 0.0, 0.0, 0.0, 0.0, 0.0, 0.0, 0.0, 0.0, 0.0, 0.0, 0.0, 0.0, 0.0, 0.0, 0.0, 0.0, 0.0, 0.0, 0.0, 527.7755903909986, 0.0, 0.0, 0.0, 0.0, 0.0, 0.0, 0.0, 0.0, 0.0, 0.0, 0.0, 1410.943813729903, 0.0, 0.0, 0.0, 0.0, 0.0, 0.0, 0.0, 0.0, 0.0, 0.0, 0.0, 0.0, 0.0, 0.0, 0.0, 0.0, 694.8573717459667, 0.0, 0.0, 0.0, 0.0, 0.0, 506.7962877601244, 0.0, 0.0, 1088.6661846199918, 0.0, 0.0]
INFORMACIÓN : 2apuestaBundle [945.0153194297615, 445.1134679533208, 418.72302140525574, 331.5922751930628]
INFORMACIÓN : 2positionsBundle [1884, 1229, 1126, 2184]
INFORMACIÓN : 2levelsBundle [3, 2, 3, 2]
INFORMACIÓN : 2positionsOrdered [1229, 1126, 1884, 2184]
INFORMACIÓN : 2levelsOrdered [2, 3, 3, 2]
INFORMACIÓN : 2partialityOrdered [2, 3, 3, 2]
INFORMACIÓN : 2arrivalTimes [9.870859119605846, 13.476410395069836, 159.76352661514653, 165.76352661514653]
INFORMACIÓN : coalSat position 1884 level 3
INFORMACIÓN : coalSat position 1229 level 2
INFORMACIÓN : timeSat position 1229 level 2
INFORMACIÓN : coalSat position 1126 level 3
INFORMACIÓN : timeSat position 1126 level 3
INFORMACIÓN : I [IR]; lost Test.myBail@2b17f612; POS 1884; sensors [AB, MW]; level 3 I paid 945.0153194297615in favour ofnull paid 945.0153194297615
INFORMACIÓN : 3historia0[0.0, 0.0, 0.0, 0.0, 0.0, 0.0, 0.0, 0.0, 0.0, 0.0, 0.0, 0.0, 0.0, 0.0, 0.0, 0.0, 0.0, 0.0, 0.0, 0.0, 0.0, 0.0, 0.0, 0.0, 623.7644221558918, 596.4256637986963, 0.0, 0.0, 0.0, 557.883672095991, 0.0, 0.0, 0.0, 0.0, 979.6174161332212, 0.0, 0.0, 0.0, 0.0, 0.0, 0.0, 0.0, 0.0, 0.0, 0.0, 0.0, 0.0, 0.0, 0.0, 925.2229019347246, 527.7613591936336, 0.0, 0.0, 0.0, 696.5652280587019, 0.0, 1402.3093502632723, 0.0, 0.0, 0.0, 0.0, 0.0, 0.0, 0.0, 0.0, 0.0, 0.0, 925.1254208080143, 1088.7822390690687, 0.0, 0.0, 0.0, 0.0, 0.0, 0.0, 0.0, 0.0, 0.0, 0.0, 0.0, 694.1318883675808, 0.0, 0.0, 0.0, 0.0, 0.0, 0.0, 0.0, 0.0, 0.0, 0.0, 379.28607657455314, 0.0, 0.0, 0.0, 0.0, 0.0, 0.0, 0.0, 0.0, 0.0, 0.0, 988.1798711460383, 0.0, 0.0, 0.0, 0.0, 0.0, 0.0, 0.0, 0.0, 0.0, 0.0, 0.0, 0.0, 0.0, 0.0, 0.0, 0.0, 0.0, 0.0, 0.0, 0.0, 0.0, 0.0, 0.0, 0.0, 0.0, 0.0, 0.0, 0.0, 0.0, 0.0, 0.0, 0.0, 0.0, 0.0, 0.0, 0.0, 0.0, 0.0, 1465.7683313404607, 0.0, 0.0, 0.0, 0.0, 0.0, 0.0, 0.0, 0.0, 0.0, 0.0, 0.0, 0.0, 0.0, 0.0, 0.0, 634.2988877654103, 0.0, 424.0985630441304, 0.0, 0.0, 0.0, 0.0, 496.11797750558355, 0.0, 0.0, 1150.82449175623, 0.0, 0.0]
