----------------------------------------------------------------------
-- Log session for [myBugCoalitionsCCBBAGuaiDEF-7] started on 2017.07.14.18.36.11 --
----------------------------------------------------------------------

INFORMACIÓN : I started
INFORMACIÓN : 0apuestaBundle [1404.605671409709, 1088.2901404874997, 987.7399708419098, 928.210447621082]
INFORMACIÓN : 0positionsBundle [130, 2251, 769, 1884]
INFORMACIÓN : 0levelsBundle [3, 3, 3, 3]
INFORMACIÓN : 0positionsOrdered [130, 2251, 769, 1884]
INFORMACIÓN : 0levelsOrdered [3, 3, 3, 3]
INFORMACIÓN : 0partialityOrdered [3, 3, 3, 3]
INFORMACIÓN : 0arrivalTimes [46.73427698282464, 98.5994869023844, 133.5851982714562, 160.21225218284488]
INFORMACIÓN : I [AB]; lost Test.myBail@3f251f71; POS 130; sensors [IR, MW]; level 3 I paid 1404.605671409709in favour of10@(myturtles,myturtles,bug)@MK-18530 paid 1466.7800967633912
INFORMACIÓN : 1historia0[0.0, 0.0, 0.0, 0.0, 0.0, 0.0, 0.0, 0.0, 0.0, 929.8615359943715, 0.0, 0.0, 0.0, 0.0, 0.0, 0.0, 0.0, 0.0, 0.0, 0.0, 0.0, 0.0, 0.0, 0.0, 0.0, 0.0, 0.0, 0.0, 0.0, 0.0, 0.0, 0.0, 0.0, 0.0, 989.9196937696538, 0.0, 0.0, 0.0, 0.0, 0.0, 0.0, 0.0, 0.0, 0.0, 0.0, 0.0, 0.0, 0.0, 0.0, 929.9779823842368, 0.0, 0.0, 0.0, 1454.6478600970113, 0.0, 0.0, 1466.7800967633912, 0.0, 0.0, 0.0, 0.0, 0.0, 0.0, 0.0, 0.0, 0.0, 0.0, 928.6472335573139, 1088.8092401062772, 0.0, 0.0, 0.0, 0.0, 0.0, 0.0, 0.0, 0.0, 0.0, 0.0, 0.0, 0.0, 0.0, 0.0, 0.0, 0.0, 0.0, 0.0, 0.0, 0.0, 0.0, 0.0, 0.0, 0.0, 0.0, 0.0, 0.0, 0.0, 0.0, 0.0, 0.0, 0.0, 0.0, 988.2040081074615, 0.0, 0.0, 0.0, 0.0, 0.0, 0.0, 0.0, 0.0, 0.0, 0.0, 0.0, 0.0, 0.0, 0.0, 0.0, 0.0, 0.0, 0.0, 0.0, 0.0, 0.0, 1090.252381654273, 0.0, 0.0, 0.0, 0.0, 0.0, 0.0, 0.0, 0.0, 0.0, 0.0, 0.0, 0.0, 0.0, 0.0, 0.0, 0.0, 1417.8506377740623, 0.0, 0.0, 0.0, 0.0, 0.0, 0.0, 0.0, 0.0, 0.0, 989.4940715818166, 0.0, 0.0, 0.0, 0.0, 0.0, 0.0, 0.0, 0.0, 0.0, 0.0, 0.0, 0.0, 0.0, 0.0, 0.0, 1090.7285078877708, 0.0, 0.0]
INFORMACIÓN : 1apuestaBundle [709.4248941286901, 648.4778431260461, 591.8349967832023, 506.7962877601244]
INFORMACIÓN : 1positionsBundle [2317, 1606, 2307, 2032]
INFORMACIÓN : 1levelsBundle [3, 3, 3, 3]
INFORMACIÓN : 1positionsOrdered [2317, 1606, 2307, 2032]
INFORMACIÓN : 1levelsOrdered [3, 3, 3, 3]
INFORMACIÓN : 1partialityOrdered [3, 3, 3, 3]
INFORMACIÓN : 1arrivalTimes [18.579381145355494, 36.38387496012035, 50.41954380773855, 76.12946407210343]
INFORMACIÓN : coalSat position 2317 level 3
INFORMACIÓN : timeSat position 2317 level 3
INFORMACIÓN : coalSat position 1606 level 3
INFORMACIÓN : timeSat position 1606 level 3
INFORMACIÓN : coalSat position 2307 level 3
INFORMACIÓN : timeSat position 2307 level 3
INFORMACIÓN : coalSat position 2032 level 3
INFORMACIÓN : timeSat position 2032 level 3
INFORMACIÓN : I [AB]; lost Test.myBail@1a55e01a; POS 2317; sensors [IR, MW]; level 3 I paid 709.4248941286901in favour ofnull paid 709.4248941286901
INFORMACIÓN : 2historia0[0.0, 0.0, 0.0, 0.0, 0.0, 0.0, 0.0, 0.0, 0.0, 0.0, 0.0, 0.0, 0.0, 0.0, 0.0, 0.0, 0.0, 0.0, 0.0, 0.0, 0.0, 0.0, 0.0, 0.0, 0.0, 0.0, 0.0, 619.7233604706793, 0.0, 557.883672095991, 0.0, 0.0, 0.0, 0.0, 988.0761269180389, 0.0, 0.0, 0.0, 0.0, 0.0, 0.0, 0.0, 0.0, 0.0, 0.0, 0.0, 0.0, 0.0, 0.0, 928.1347366074729, 527.7613591936336, 0.0, 0.0, 0.0, 0.0, 0.0, 1464.1621313913092, 0.0, 0.0, 0.0, 0.0, 0.0, 0.0, 0.0, 0.0, 0.0, 0.0, 925.125420808014, 1088.3161693398424, 0.0, 0.0, 0.0, 0.0, 0.0, 0.0, 0.0, 0.0, 0.0, 0.0, 0.0, 694.1318883675808, 0.0, 0.0, 558.7549266738561, 0.0, 0.0, 0.0, 0.0, 0.0, 0.0, 0.0, 0.0, 0.0, 0.0, 0.0, 0.0, 0.0, 0.0, 0.0, 0.0, 0.0, 0.0, 987.7632387408444, 0.0, 0.0, 0.0, 0.0, 0.0, 0.0, 0.0, 0.0, 0.0, 0.0, 0.0, 0.0, 0.0, 0.0, 0.0, 0.0, 0.0, 0.0, 0.0, 0.0, 0.0, 0.0, 0.0, 0.0, 0.0, 0.0, 527.7755903909986, 0.0, 0.0, 0.0, 0.0, 0.0, 0.0, 0.0, 0.0, 0.0, 0.0, 0.0, 1410.943813729903, 0.0, 0.0, 0.0, 0.0, 0.0, 0.0, 0.0, 0.0, 0.0, 0.0, 0.0, 0.0, 0.0, 0.0, 0.0, 634.8644028593246, 694.8573717459667, 0.0, 0.0, 0.0, 0.0, 0.0, 0.0, 0.0, 0.0, 1088.6661846199918, 0.0, 0.0]
INFORMACIÓN : 2apuestaBundle [1150.82449175623, 696.5652280587019, 596.4256637986963, 408.24596880627337]
INFORMACIÓN : 2positionsBundle [2251, 2317, 2307, 1229]
INFORMACIÓN : 2levelsBundle [3, 3, 3, 2]
INFORMACIÓN : 2positionsOrdered [2317, 2307, 2251, 1229]
INFORMACIÓN : 2levelsOrdered [3, 3, 3, 2]
INFORMACIÓN : 2partialityOrdered [3, 3, 3, 2]
INFORMACIÓN : 2arrivalTimes [27.448767299090775, 59.288929961473826, 96.15076133468605, 131.15076133468605]
INFORMACIÓN : coalSat position 2251 level 3
INFORMACIÓN : I [AB]; lost Test.myBail@6f5be8ad; POS 2251; sensors [IR, MW]; level 3 I paid 1150.82449175623in favour ofnull paid 1150.82449175623
INFORMACIÓN : 3historia0[0.0, 0.0, 0.0, 0.0, 0.0, 0.0, 0.0, 0.0, 0.0, 926.4435056993686, 0.0, 0.0, 0.0, 0.0, 0.0, 0.0, 0.0, 0.0, 0.0, 0.0, 0.0, 0.0, 0.0, 0.0, 623.7644221558918, 0.0, 0.0, 0.0, 0.0, 557.883672095991, 0.0, 0.0, 0.0, 0.0, 979.6174161332212, 0.0, 0.0, 0.0, 0.0, 0.0, 0.0, 0.0, 0.0, 0.0, 0.0, 0.0, 0.0, 0.0, 0.0, 925.2229019347246, 527.7613591936336, 0.0, 0.0, 0.0, 0.0, 404.1944650538894, 1402.3093502632723, 0.0, 0.0, 0.0, 0.0, 0.0, 0.0, 0.0, 0.0, 0.0, 0.0, 925.125420808014, 1088.7822390690687, 0.0, 0.0, 0.0, 0.0, 0.0, 0.0, 0.0, 0.0, 0.0, 0.0, 0.0, 694.1318883675808, 0.0, 0.0, 0.0, 0.0, 0.0, 0.0, 0.0, 0.0, 0.0, 0.0, 379.28607657455314, 0.0, 0.0, 0.0, 0.0, 0.0, 0.0, 0.0, 0.0, 0.0, 0.0, 988.1798711460378, 0.0, 0.0, 0.0, 0.0, 0.0, 0.0, 0.0, 0.0, 0.0, 0.0, 0.0, 0.0, 0.0, 0.0, 0.0, 0.0, 0.0, 0.0, 0.0, 0.0, 0.0, 0.0, 0.0, 0.0, 0.0, 0.0, 0.0, 0.0, 0.0, 0.0, 0.0, 0.0, 0.0, 0.0, 0.0, 0.0, 0.0, 0.0, 1417.8164185601802, 0.0, 0.0, 0.0, 0.0, 0.0, 430.43256834292947, 0.0, 0.0, 0.0, 0.0, 0.0, 0.0, 0.0, 0.0, 0.0, 634.2988877654103, 0.0, 424.0985630441304, 0.0, 0.0, 0.0, 0.0, 496.11797750558355, 0.0, 0.0, 0.0, 0.0, 0.0]
