----------------------------------------------------------------------
-- Log session for [myBugCoalitionsCCBBAGuaiDEF-9] started on 2017.07.14.18.36.11 --
----------------------------------------------------------------------

INFORMACIÓN : I started
INFORMACIÓN : 0apuestaBundle [1417.8506377740623, 1088.8092401062772, 988.2040081074615, 928.6472335573139]
INFORMACIÓN : 0positionsBundle [130, 2251, 769, 1884]
INFORMACIÓN : 0levelsBundle [3, 3, 3, 3]
INFORMACIÓN : 0positionsOrdered [130, 2251, 769, 1884]
INFORMACIÓN : 0levelsOrdered [3, 3, 3, 3]
INFORMACIÓN : 0partialityOrdered [3, 3, 3, 3]
INFORMACIÓN : 0arrivalTimes [37.78713700554363, 89.65234692510339, 124.63805829417518, 151.26511220556387]
INFORMACIÓN : coalSat position 130 level 3
INFORMACIÓN : coalSat position 2251 level 3
INFORMACIÓN : coalSat position 769 level 3
INFORMACIÓN : coalSat position 1884 level 3
INFORMACIÓN : I [MW]; lost Test.myBail@33872f4c; POS 130; sensors [AB, IR]; level 3 I paid 1417.8506377740623in favour ofnull paid 1417.8506377740623
INFORMACIÓN : 1historia0[0.0, 0.0, 0.0, 0.0, 0.0, 0.0, 0.0, 0.0, 0.0, 928.5727053926325, 0.0, 0.0, 0.0, 0.0, 0.0, 0.0, 0.0, 0.0, 0.0, 0.0, 0.0, 0.0, 0.0, 0.0, 0.0, 0.0, 0.0, 0.0, 0.0, 0.0, 0.0, 0.0, 0.0, 0.0, 989.9196937696538, 0.0, 0.0, 0.0, 0.0, 0.0, 0.0, 0.0, 0.0, 0.0, 0.0, 0.0, 0.0, 0.0, 0.0, 929.9779823842368, 0.0, 0.0, 0.0, 1415.5910038904758, 0.0, 0.0, 1466.7800967633912, 0.0, 0.0, 0.0, 0.0, 0.0, 0.0, 0.0, 0.0, 0.0, 0.0, 0.0, 0.0, 0.0, 0.0, 0.0, 0.0, 0.0, 0.0, 0.0, 0.0, 0.0, 0.0, 0.0, 0.0, 0.0, 0.0, 0.0, 0.0, 0.0, 0.0, 0.0, 0.0, 0.0, 0.0, 0.0, 0.0, 0.0, 0.0, 0.0, 0.0, 0.0, 0.0, 0.0, 0.0, 0.0, 0.0, 0.0, 0.0, 0.0, 0.0, 0.0, 0.0, 0.0, 0.0, 0.0, 0.0, 0.0, 0.0, 0.0, 0.0, 0.0, 0.0, 0.0, 0.0, 0.0, 0.0, 0.0, 1088.7206668747112, 0.0, 0.0, 0.0, 0.0, 0.0, 0.0, 0.0, 0.0, 0.0, 0.0, 0.0, 0.0, 0.0, 0.0, 0.0, 0.0, 0.0, 0.0, 0.0, 0.0, 0.0, 0.0, 0.0, 0.0, 0.0, 0.0, 988.1248300871157, 0.0, 0.0, 0.0, 0.0, 0.0, 0.0, 0.0, 0.0, 0.0, 0.0, 0.0, 0.0, 0.0, 0.0, 0.0, 1090.7285078877708, 0.0, 0.0]
INFORMACIÓN : 1apuestaBundle [694.8573717459667, 619.7233604706793, 558.7549266738561, 527.7755903909986]
INFORMACIÓN : 1positionsBundle [2317, 1606, 2307, 2032]
INFORMACIÓN : 1levelsBundle [3, 3, 3, 3]
INFORMACIÓN : 1positionsOrdered [2317, 1606, 2307, 2032]
INFORMACIÓN : 1levelsOrdered [3, 3, 3, 3]
INFORMACIÓN : 1partialityOrdered [3, 3, 3, 3]
INFORMACIÓN : 1arrivalTimes [28.93312160056391, 46.73761541532877, 60.773284262946966, 86.48320452731184]
INFORMACIÓN : coalSat position 2317 level 3
INFORMACIÓN : coalSat position 1606 level 3
INFORMACIÓN : coalSat position 2307 level 3
INFORMACIÓN : coalSat position 2032 level 3
INFORMACIÓN : I [MW]; lost Test.myBail@6716d0f5; POS 2317; sensors [AB, IR]; level 3 I paid 694.8573717459667in favour ofnull paid 694.8573717459667
INFORMACIÓN : 2historia0[0.0, 0.0, 0.0, 0.0, 0.0, 0.0, 0.0, 0.0, 0.0, 0.0, 0.0, 0.0, 0.0, 0.0, 0.0, 0.0, 0.0, 0.0, 0.0, 0.0, 0.0, 0.0, 0.0, 0.0, 0.0, 0.0, 0.0, 0.0, 0.0, 557.883672095991, 0.0, 0.0, 0.0, 0.0, 988.0761269180389, 0.0, 0.0, 0.0, 0.0, 0.0, 0.0, 0.0, 0.0, 0.0, 0.0, 0.0, 0.0, 0.0, 0.0, 928.1347366074729, 527.7613591936336, 0.0, 0.0, 0.0, 0.0, 0.0, 1464.1621313913092, 0.0, 0.0, 0.0, 0.0, 0.0, 0.0, 0.0, 0.0, 0.0, 0.0, 925.125420808014, 1088.3161693398424, 0.0, 0.0, 0.0, 0.0, 0.0, 0.0, 0.0, 0.0, 0.0, 0.0, 0.0, 694.1318883675808, 0.0, 0.0, 0.0, 0.0, 0.0, 0.0, 0.0, 0.0, 0.0, 0.0, 0.0, 0.0, 0.0, 0.0, 0.0, 0.0, 0.0, 0.0, 0.0, 0.0, 0.0, 987.7632387408444, 0.0, 0.0, 0.0, 0.0, 0.0, 0.0, 0.0, 0.0, 0.0, 0.0, 0.0, 0.0, 0.0, 0.0, 0.0, 0.0, 0.0, 0.0, 0.0, 0.0, 0.0, 0.0, 0.0, 0.0, 0.0, 0.0, 0.0, 0.0, 0.0, 0.0, 0.0, 0.0, 0.0, 0.0, 0.0, 0.0, 0.0, 0.0, 1410.943813729903, 0.0, 0.0, 0.0, 0.0, 0.0, 0.0, 0.0, 0.0, 0.0, 0.0, 0.0, 0.0, 0.0, 0.0, 0.0, 618.1933434259784, 0.0, 0.0, 0.0, 0.0, 0.0, 0.0, 0.0, 0.0, 0.0, 1088.6661846199918, 0.0, 0.0]
INFORMACIÓN : 2apuestaBundle [1417.8164185601802, 1088.7822390690687, 988.1798711460378, 379.28607657455314]
INFORMACIÓN : 2positionsBundle [130, 2251, 769, 1126]
INFORMACIÓN : 2levelsBundle [3, 3, 3, 3]
INFORMACIÓN : 2positionsOrdered [130, 2251, 769, 1126]
INFORMACIÓN : 2levelsOrdered [3, 3, 3, 3]
INFORMACIÓN : 2partialityOrdered [3, 3, 3, 3]
INFORMACIÓN : 2arrivalTimes [38.252425038051726, 90.11763495761149, 125.1033463266833, 135.00284126329495]
