----------------------------------------------------------------------
-- Log session for [myBugCoalitionsCCBBAGuaiDEF-323] started on 2017.07.13.00.53.20 --
----------------------------------------------------------------------

INFORMACIÓN : I started
INFORMACIÓN : 0apuestaBundle [795.6407878709788, 779.0669511621577, 766.4166497390106, 758.5482114900233, 756.9914096299234]
INFORMACIÓN : 0positionsBundle [548, 1330, 1831, 1515, 2074]
INFORMACIÓN : 0levelsBundle [3, 3, 3, 3, 3]
INFORMACIÓN : 0positionsOrdered [548, 1330, 1831, 1515, 2074]
INFORMACIÓN : 0levelsOrdered [3, 3, 3, 3, 3]
INFORMACIÓN : 0partialityOrdered [3, 3, 3, 3, 3]
INFORMACIÓN : 0arrivalTimes [12.735103131944337, 36.81829228952893, 46.86816791064982, 63.95617540128488, 78.16884580483678]
INFORMACIÓN : timeSat position 548 level 3
INFORMACIÓN : timeSat position 1330 level 3
INFORMACIÓN : 1historia0[0.0, 0.0, 0.0, 0.0, 0.0, 0.0, 0.0, 0.0, 0.0, 795.3398269706216, 0.0, 0.0, 0.0, 0.0, 0.0, 0.0, 0.0, 0.0, 0.0, 0.0, 0.0, 0.0, 0.0, 0.0, 0.0, 0.0, 138.9502567140221, 0.0, 0.0, 0.0, 0.0, 0.0, 0.0, 0.0, 0.0, 800.2146249543298, 0.0, 88.38902409339016, 0.0, 0.0, 0.0, 0.0, 284.5436748666423, 0.0, 0.0, 0.0, 0.0, 0.0, 0.0, 0.0, 777.7094584687193, 0.0, 0.0, 0.0, 0.0, 0.0, 0.0, 0.0, 0.0, 0.0, 0.0, 0.0, 794.9432515848679, 0.0, 786.7909762472503, 0.0, 0.0, 74.20877685001165, 0.0, 803.0791600471739, 0.0, 0.0, 0.0, 0.0, 286.4786525398598, 0.0, 0.0, 0.0, 761.2374883240965, 0.0, 0.0, 0.0, 0.0, 0.0, 0.0, 0.0, 0.0, 797.6256772024483, 0.0, 0.0, 0.0, 0.0, 0.0, 67.85376923761714, 21.741850669108658, 0.0, 0.0, 0.0, 0.0, 0.0, 0.0, 0.0, 0.0, 0.0, 0.0, 0.0, 0.0, 0.0, 0.0, 0.0, 0.0, 0.0, 0.0, 0.0, 0.0, 0.0, 0.0, 0.0, 0.0, 771.9553106075127, 0.0, 0.0, 42.89026401462502, 0.0, 0.0, 0.0, 0.0, 0.0, 0.0, 0.0, 0.0, 0.0, 42.89026401462502, 0.0, 0.0, 0.0, 0.0, 0.0, 0.0, 0.0, 0.0, 0.0, 793.6064393071698, 789.682708485705, 0.0, 0.0, 0.0, 0.0, 0.0, 0.0, 0.0, 0.0, 0.0, 240.37914340130123, 0.0, 0.0, 0.0, 0.0, 0.0, 0.0, 0.0, 0.0, 0.0, 0.0, 0.0, 0.0, 770.2191032622868, 0.0, 0.0, 0.0]
INFORMACIÓN : 1apuestaBundle [793.3826781764765, 766.4166497390106, 763.396026300637, 250.20286439237788, 245.07003681620859]
INFORMACIÓN : 1positionsBundle [548, 1831, 1330, 2097, 606]
INFORMACIÓN : 1levelsBundle [3, 3, 3, 2, 2]
INFORMACIÓN : 1positionsOrdered [1330, 548, 1831, 2097, 606]
INFORMACIÓN : 1levelsOrdered [3, 3, 3, 2, 2]
INFORMACIÓN : 1partialityOrdered [3, 3, 3, 2, 2]
INFORMACIÓN : 1arrivalTimes [44.12295650201755, 68.20614565960214, 99.27059479362028, 116.03364940786048, 166.25316752581935]
INFORMACIÓN : 2historia0[0.0, 136.73732848775148, 0.0, 766.4166497390106, 0.0, 0.0, 0.0, 0.0, 259.09454184750075, 795.3398269706216, 151.15649197429218, 763.396026300637, 0.0, 0.0, 0.0, 0.0, 0.0, 0.0, 0.0, 0.0, 793.3826781764765, 0.0, 0.0, 0.0, 0.0, 0.0, 0.0, 0.0, 0.0, 0.0, 0.0, 0.0, 0.0, 0.0, 0.0, 797.7288674485351, 0.0, 0.0, 0.0, 0.0, 0.0, 0.0, 284.5436748666423, 0.0, 0.0, 768.328629999374, 0.0, 0.0, 0.0, 0.0, 768.2800091046151, 0.0, 0.0, 0.0, 0.0, 0.0, 0.0, 0.0, 0.0, 795.4499219774668, 0.0, 0.0, 794.9432515848679, 0.0, 786.7909762472503, 0.0, 0.0, 0.0, 0.0, 803.0791600471739, 0.0, 0.0, 0.0, 218.28905890022065, 287.8335253748958, 0.0, 790.4488150596949, 0.0, 0.0, 0.0, 0.0, 0.0, 0.0, 270.8976337364693, 0.0, 0.0, 0.0, 797.6256772024483, 0.0, 0.0, 0.0, 0.0, 0.0, 0.0, 0.0, 0.0, 0.0, 0.0, 0.0, 0.0, 0.0, 0.0, 0.0, 0.0, 0.0, 0.0, 0.0, 0.0, 0.0, 0.0, 0.0, 0.0, 0.0, 0.0, 0.0, 0.0, 0.0, 0.0, 0.0, 771.9553106075127, 0.0, 0.0, 0.0, 0.0, 0.0, 0.0, 0.0, 0.0, 0.0, 753.711287435641, 0.0, 0.0, 0.0, 0.0, 0.0, 0.0, 245.07003681620859, 0.0, 0.0, 0.0, 0.0, 0.0, 793.6064393071698, 790.9059968893454, 747.3235544332776, 0.0, 0.0, 0.0, 0.0, 0.0, 0.0, 0.0, 250.20286439237788, 281.1915878035056, 0.0, 0.0, 0.0, 0.0, 0.0, 0.0, 0.0, 0.0, 0.0, 0.0, 791.028918250353, 0.0, 770.2191032622868, 0.0, 0.0, 0.0]
INFORMACIÓN : 2apuestaBundle [793.3826781764765, 766.4166497390106, 763.396026300637, 250.20286439237788, 245.07003681620859]
INFORMACIÓN : 2positionsBundle [548, 1831, 1330, 2097, 606]
INFORMACIÓN : 2levelsBundle [3, 3, 3, 2, 2]
INFORMACIÓN : 2positionsOrdered [1330, 548, 1831, 2097, 606]
INFORMACIÓN : 2levelsOrdered [3, 3, 3, 2, 2]
INFORMACIÓN : 2partialityOrdered [3, 3, 3, 2, 2]
INFORMACIÓN : 2arrivalTimes [44.12295650201755, 68.20614565960214, 99.27059479362028, 116.03364940786048, 166.25316752581935]
INFORMACIÓN : 3historia0[0.0, 0.0, 0.0, 766.4166497390106, 0.0, 0.0, 0.0, 0.0, 255.51696963556174, 795.3398269706216, 0.0, 763.396026300637, 0.0, 0.0, 0.0, 0.0, 0.0, 0.0, 0.0, 0.0, 793.3826781764765, 0.0, 0.0, 0.0, 0.0, 0.0, 0.0, 0.0, 0.0, 0.0, 0.0, 0.0, 388.80968956750405, 0.0, 0.0, 797.5934766725003, 0.0, 0.0, 0.0, 0.0, 0.0, 0.0, 0.0, 0.0, 0.0, 768.328629999374, 805.4971308538624, 0.0, 151.35065280568801, 0.0, 778.6956015259073, 0.0, 0.0, 0.0, 0.0, 0.0, 0.0, 0.0, 0.0, 795.4499219774668, 0.0, 0.0, 780.7192461598448, 0.0, 764.8913025808359, 0.0, 0.0, 0.0, 0.0, 0.0, 0.0, 0.0, 0.0, 0.0, 0.0, 0.0, 790.4488150596949, 0.0, 0.0, 0.0, 0.0, 0.0, 0.0, 251.95667557159686, 0.0, 0.0, 0.0, 797.6256772024483, 255.04620001107935, 0.0, 769.4567013326485, 0.0, 0.0, 0.0, 0.0, 388.80968956750405, 0.0, 0.0, 0.0, 0.0, 0.0, 0.0, 0.0, 0.0, 0.0, 0.0, 0.0, 0.0, 0.0, 0.0, 798.0155616991404, 0.0, 0.0, 0.0, 0.0, 0.0, 0.0, 0.0, 0.0, 768.409507165284, 0.0, 0.0, 0.0, 0.0, 0.0, 0.0, 0.0, 176.25833406841662, 0.0, 753.711287435641, 0.0, 0.0, 0.0, 0.0, 783.6172741215206, 0.0, 292.3594735952187, 0.0, 44.9014104748328, 0.0, 0.0, 0.0, 793.6064393071698, 777.2009064124418, 747.3235544332776, 0.0, 0.0, 0.0, 0.0, 0.0, 0.0, 0.0, 250.20286439237788, 0.0, 260.0998745923176, 0.0, 0.0, 0.0, 0.0, 0.0, 0.0, 0.0, 0.0, 0.0, 791.028918250353, 0.0, 770.2191032622868, 0.0, 0.0, 242.30946445905582]
INFORMACIÓN : 3apuestaBundle [793.3826781764765, 766.4166497390106, 763.396026300637, 250.20286439237788, 194.89258856142692]
INFORMACIÓN : 3positionsBundle [548, 1831, 1330, 2097, 86]
INFORMACIÓN : 3levelsBundle [3, 3, 3, 2, 1]
INFORMACIÓN : 3positionsOrdered [86, 1330, 548, 1831, 2097]
INFORMACIÓN : 3levelsOrdered [1, 3, 3, 3, 2]
INFORMACIÓN : 3partialityOrdered [1, 3, 3, 3, 2]
INFORMACIÓN : 3arrivalTimes [2.51928099671322, 44.12295650201755, 68.20614565960214, 99.27059479362028, 116.03364940786048]
INFORMACIÓN : 4historia0[0.0, 194.89258856142692, 0.0, 766.4166497390106, 0.0, 0.0, 0.0, 0.0, 0.0, 795.3398269706216, 0.0, 763.396026300637, 0.0, 0.0, 0.0, 0.0, 0.0, 0.0, 0.0, 0.0, 793.3826781764765, 0.0, 0.0, 0.0, 0.0, 0.0, 0.0, 0.0, 0.0, 0.0, 0.0, 0.0, 0.0, 0.0, 0.0, 797.5934766725003, 0.0, 0.0, 0.0, 0.0, 0.0, 0.0, 265.376797870681, 0.0, 0.0, 768.328629999374, 805.4971308538624, 0.0, 151.35065280568801, 0.0, 778.6956015259073, 0.0, 0.0, 0.0, 0.0, 0.0, 0.0, 0.0, 0.0, 795.4499219774668, 0.0, 0.0, 780.7192461598448, 169.53883951539206, 764.8913025808359, 0.0, 0.0, 0.0, 0.0, 0.0, 0.0, 0.0, 0.0, 0.0, 263.438441224961, 0.0, 790.4488150596949, 0.0, 0.0, 0.0, 0.0, 0.0, 0.0, 0.0, 0.0, 0.0, 0.0, 797.6256772024483, 255.04620001107935, 0.0, 769.4567013326485, 0.0, 0.0, 0.0, 0.0, 0.0, 0.0, 0.0, 0.0, 0.0, 165.8655487840025, 0.0, 0.0, 0.0, 0.0, 0.0, 37.42355795298238, 285.79060171768606, 0.0, 0.0, 798.0155616991404, 0.0, 0.0, 0.0, 0.0, 0.0, 0.0, 0.0, 0.0, 768.409507165284, 0.0, 0.0, 0.0, 0.0, 0.0, 0.0, 0.0, 176.25833406841662, 0.0, 753.711287435641, 0.0, 0.0, 0.0, 0.0, 783.6172741215206, 0.0, 292.3594735952187, 0.0, 44.9014104748328, 0.0, 0.0, 0.0, 793.6064393071698, 777.2009064124418, 747.3235544332776, 0.0, 0.0, 0.0, 142.21070391012415, 0.0, 0.0, 0.0, 250.20286439237788, 0.0, 260.0998745923176, 0.0, 0.0, 0.0, 0.0, 0.0, 0.0, 0.0, 0.0, 0.0, 791.028918250353, 0.0, 770.2191032622868, 0.0, 152.12107215716344, 242.30946445905582]
INFORMACIÓN : 4apuestaBundle [793.3826781764765, 766.4166497390106, 763.396026300637, 250.20286439237788, 194.89258856142692]
INFORMACIÓN : 4positionsBundle [548, 1831, 1330, 2097, 86]
INFORMACIÓN : 4levelsBundle [3, 3, 3, 2, 1]
INFORMACIÓN : 4positionsOrdered [86, 1330, 548, 1831, 2097]
INFORMACIÓN : 4levelsOrdered [1, 3, 3, 3, 2]
INFORMACIÓN : 4partialityOrdered [1, 3, 3, 3, 2]
INFORMACIÓN : 4arrivalTimes [2.51928099671322, 44.12295650201755, 68.20614565960214, 99.27059479362028, 116.03364940786048]
INFORMACIÓN : 5historia0[0.0, 194.89258856142692, 16.799461753416836, 766.4166497390106, 0.0, 0.0, 0.0, 0.0, 0.0, 795.3398269706216, 0.0, 763.396026300637, 0.0, 0.0, 0.0, 0.0, 0.0, 0.0, 0.0, 0.0, 793.3826781764765, 0.0, 0.0, 0.0, 0.0, 0.0, 0.0, 0.0, 0.0, 0.0, 0.0, 0.0, 0.0, 0.0, 0.0, 797.5934766725003, 0.0, 0.0, 0.0, 0.0, 0.0, 0.0, 265.376797870681, 0.0, 0.0, 768.328629999374, 805.4971308538624, 0.0, 151.35065280568801, 0.0, 778.6956015259073, 0.0, 0.0, 0.0, 0.0, 0.0, 0.0, 0.0, 0.0, 795.4499219774668, 0.0, 0.0, 780.7192461598448, 169.53883951539206, 764.8913025808359, 0.0, 0.0, 0.0, 0.0, 0.0, 0.0, 0.0, 0.0, 0.0, 263.438441224961, 0.0, 790.4488150596949, 0.0, 0.0, 0.0, 0.0, 0.0, 0.0, 0.0, 0.0, 0.0, 0.0, 797.6256772024483, 255.04620001107935, 0.0, 769.4567013326485, 0.0, 0.0, 0.0, 0.0, 0.0, 0.0, 0.0, 0.0, 0.0, 165.8655487840025, 0.0, 0.0, 0.0, 0.0, 0.0, 0.0, 285.79060171768606, 0.0, 0.0, 798.0155616991404, 0.0, 0.0, 0.0, 0.0, 0.0, 0.0, 0.0, 0.0, 768.409507165284, 0.0, 0.0, 0.0, 0.0, 0.0, 0.0, 0.0, 176.25833406841662, 0.0, 753.711287435641, 0.0, 0.0, 0.0, 0.0, 783.6172741215206, 0.0, 292.3594735952187, 0.0, 44.9014104748328, 0.0, 0.0, 0.0, 793.6064393071698, 777.2009064124418, 747.3235544332776, 0.0, 0.0, 0.0, 142.21070391012415, 0.0, 0.0, 0.0, 250.20286439237788, 0.0, 260.0998745923176, 0.0, 0.0, 0.0, 0.0, 0.0, 0.0, 0.0, 0.0, 0.0, 791.028918250353, 0.0, 770.2191032622868, 0.0, 152.12107215716344, 242.30946445905582]
INFORMACIÓN : 5apuestaBundle [793.3826781764765, 766.4166497390106, 763.396026300637, 250.20286439237788, 194.89258856142692]
INFORMACIÓN : 5positionsBundle [548, 1831, 1330, 2097, 86]
INFORMACIÓN : 5levelsBundle [3, 3, 3, 2, 1]
INFORMACIÓN : 5positionsOrdered [86, 1330, 548, 1831, 2097]
INFORMACIÓN : 5levelsOrdered [1, 3, 3, 3, 2]
INFORMACIÓN : 5partialityOrdered [1, 3, 3, 3, 2]
INFORMACIÓN : 5arrivalTimes [2.51928099671322, 44.12295650201755, 68.20614565960214, 99.27059479362028, 116.03364940786048]
INFORMACIÓN : 6historia0[0.0, 194.89258856142692, 16.799461753416836, 766.4166497390106, 0.0, 0.0, 0.0, 0.0, 0.0, 795.3398269706216, 0.0, 763.396026300637, 0.0, 0.0, 0.0, 0.0, 0.0, 0.0, 0.0, 0.0, 793.3826781764765, 0.0, 0.0, 0.0, 0.0, 0.0, 0.0, 0.0, 0.0, 0.0, 0.0, 0.0, 0.0, 0.0, 0.0, 797.5934766725003, 0.0, 0.0, 0.0, 0.0, 0.0, 0.0, 265.376797870681, 0.0, 0.0, 768.328629999374, 805.4971308538624, 0.0, 151.35065280568801, 0.0, 778.6956015259073, 0.0, 0.0, 0.0, 0.0, 0.0, 0.0, 0.0, 0.0, 795.4499219774668, 0.0, 0.0, 780.7192461598448, 169.53883951539206, 764.8913025808359, 0.0, 0.0, 0.0, 0.0, 0.0, 0.0, 0.0, 0.0, 0.0, 263.438441224961, 0.0, 790.4488150596949, 0.0, 0.0, 0.0, 0.0, 0.0, 0.0, 0.0, 0.0, 0.0, 0.0, 797.6256772024483, 255.04620001107935, 0.0, 769.4567013326485, 0.0, 0.0, 0.0, 0.0, 0.0, 0.0, 0.0, 0.0, 0.0, 165.8655487840025, 0.0, 0.0, 0.0, 0.0, 0.0, 0.0, 285.79060171768606, 0.0, 0.0, 798.0155616991404, 0.0, 0.0, 0.0, 0.0, 0.0, 0.0, 0.0, 0.0, 768.409507165284, 0.0, 0.0, 0.0, 0.0, 0.0, 0.0, 0.0, 176.25833406841662, 0.0, 753.711287435641, 0.0, 0.0, 0.0, 0.0, 783.6172741215206, 0.0, 292.3594735952187, 0.0, 44.9014104748328, 0.0, 0.0, 0.0, 793.6064393071698, 777.2009064124418, 747.3235544332776, 0.0, 0.0, 0.0, 142.21070391012415, 0.0, 0.0, 0.0, 250.20286439237788, 0.0, 260.0998745923176, 0.0, 0.0, 0.0, 0.0, 0.0, 0.0, 0.0, 0.0, 0.0, 791.028918250353, 0.0, 770.2191032622868, 0.0, 152.12107215716344, 242.30946445905582]
INFORMACIÓN : 6apuestaBundle [793.3826781764765, 766.4166497390106, 763.396026300637, 250.20286439237788, 194.89258856142692]
INFORMACIÓN : 6positionsBundle [548, 1831, 1330, 2097, 86]
INFORMACIÓN : 6levelsBundle [3, 3, 3, 2, 1]
INFORMACIÓN : 6positionsOrdered [86, 1330, 548, 1831, 2097]
INFORMACIÓN : 6levelsOrdered [1, 3, 3, 3, 2]
INFORMACIÓN : 6partialityOrdered [1, 3, 3, 3, 2]
INFORMACIÓN : 6arrivalTimes [2.51928099671322, 44.12295650201755, 68.20614565960214, 99.27059479362028, 116.03364940786048]
INFORMACIÓN : depSat position 1831 level 3
INFORMACIÓN : depSat position 1330 level 3
INFORMACIÓN : depSat position 2097 level 2
INFORMACIÓN : 7historia0[0.0, 0.0, 16.799461753416836, 0.0, 0.0, 0.0, 0.0, 0.0, 0.0, 795.3398269706216, 0.0, 0.0, 0.0, 0.0, 0.0, 0.0, 0.0, 0.0, 0.0, 0.0, 793.3826781764765, 0.0, 0.0, 0.0, 0.0, 0.0, 0.0, 0.0, 0.0, 0.0, 0.0, 0.0, 0.0, 0.0, 0.0, 797.5934766725003, 0.0, 0.0, 0.0, 0.0, 0.0, 0.0, 265.376797870681, 0.0, 0.0, 768.328629999374, 805.4971308538624, 0.0, 151.35065280568801, 0.0, 778.6956015259073, 0.0, 0.0, 0.0, 0.0, 0.0, 0.0, 0.0, 0.0, 795.4499219774668, 0.0, 0.0, 780.7192461598448, 169.53883951539206, 764.8913025808359, 0.0, 0.0, 0.0, 0.0, 0.0, 0.0, 0.0, 0.0, 0.0, 263.438441224961, 0.0, 790.4488150596949, 0.0, 0.0, 0.0, 0.0, 0.0, 0.0, 0.0, 0.0, 0.0, 0.0, 797.6256772024483, 255.04620001107935, 0.0, 769.4567013326485, 0.0, 0.0, 0.0, 0.0, 0.0, 0.0, 0.0, 0.0, 0.0, 165.8655487840025, 0.0, 0.0, 0.0, 0.0, 0.0, 0.0, 285.79060171768606, 0.0, 0.0, 798.0155616991404, 0.0, 0.0, 0.0, 0.0, 0.0, 0.0, 0.0, 0.0, 768.409507165284, 0.0, 0.0, 0.0, 0.0, 0.0, 0.0, 0.0, 176.25833406841662, 0.0, 753.711287435641, 0.0, 0.0, 0.0, 0.0, 783.6172741215206, 0.0, 292.3594735952187, 0.0, 44.9014104748328, 0.0, 0.0, 0.0, 793.6064393071698, 777.2009064124418, 747.3235544332776, 0.0, 0.0, 0.0, 142.21070391012415, 0.0, 0.0, 0.0, 0.0, 0.0, 260.0998745923176, 0.0, 0.0, 0.0, 0.0, 0.0, 0.0, 0.0, 0.0, 0.0, 791.028918250353, 0.0, 770.2191032622868, 0.0, 152.12107215716344, 242.30946445905582]
INFORMACIÓN : 7apuestaBundle [793.3826781764765, 243.57618325269064, 181.34742155402444, 162.44918089693306, 46.916514771144286]
INFORMACIÓN : 7positionsBundle [548, 2347, 938, 639, 2097]
INFORMACIÓN : 7levelsBundle [3, 2, 1, 3, 1]
INFORMACIÓN : 7positionsOrdered [938, 548, 2347, 2097, 639]
INFORMACIÓN : 7levelsOrdered [1, 3, 2, 1, 3]
INFORMACIÓN : 7partialityOrdered [1, 3, 2, 2, 3]
INFORMACIÓN : 7arrivalTimes [14.823929536092493, 68.20614565960214, 104.22003187034036, 109.22003187034036, 163.90442723923886]
INFORMACIÓN : 8historia0[0.0, 0.0, 0.0, 0.0, 0.0, 0.0, 0.0, 0.0, 0.0, 795.3398269706216, 181.34742155402444, 0.0, 0.0, 0.0, 0.0, 0.0, 0.0, 0.0, 0.0, 0.0, 793.3826781764765, 0.0, 0.0, 0.0, 0.0, 0.0, 0.0, 0.0, 0.0, 0.0, 0.0, 0.0, 0.0, 0.0, 0.0, 797.5934766725003, 0.0, 0.0, 0.0, 0.0, 0.0, 0.0, 265.376797870681, 0.0, 0.0, 768.328629999374, 805.4971308538624, 0.0, 151.35065280568801, 0.0, 778.6956015259073, 0.0, 0.0, 0.0, 0.0, 0.0, 0.0, 0.0, 0.0, 795.4499219774668, 0.0, 0.0, 780.7192461598448, 169.53883951539206, 764.8913025808359, 0.0, 0.0, 0.0, 0.0, 0.0, 0.0, 0.0, 0.0, 243.57618325269064, 263.438441224961, 0.0, 790.4488150596949, 0.0, 0.0, 0.0, 0.0, 0.0, 0.0, 0.0, 0.0, 0.0, 0.0, 797.6256772024483, 0.0, 0.0, 769.4567013326485, 0.0, 0.0, 0.0, 0.0, 0.0, 0.0, 0.0, 0.0, 0.0, 165.8655487840025, 0.0, 0.0, 0.0, 0.0, 0.0, 0.0, 0.0, 0.0, 0.0, 798.0155616991404, 0.0, 0.0, 0.0, 0.0, 0.0, 0.0, 0.0, 0.0, 768.409507165284, 0.0, 0.0, 0.0, 0.0, 0.0, 0.0, 0.0, 0.0, 0.0, 753.711287435641, 0.0, 0.0, 0.0, 0.0, 783.6172741215206, 0.0, 292.3594735952187, 0.0, 0.0, 0.0, 0.0, 0.0, 793.6064393071698, 777.2009064124418, 747.3235544332776, 0.0, 0.0, 0.0, 0.0, 0.0, 0.0, 0.0, 0.0, 0.0, 260.0998745923176, 0.0, 0.0, 0.0, 0.0, 0.0, 0.0, 0.0, 0.0, 0.0, 791.028918250353, 0.0, 770.2191032622868, 0.0, 0.0, 242.30946445905582]
INFORMACIÓN : 8apuestaBundle [793.3826781764765, 243.57618325269064, 181.34742155402444, 46.916514771144286, 33.429801542856694]
INFORMACIÓN : 8positionsBundle [548, 2347, 938, 2097, 1908]
INFORMACIÓN : 8levelsBundle [3, 2, 1, 1, 2]
INFORMACIÓN : 8positionsOrdered [938, 548, 2347, 2097, 1908]
INFORMACIÓN : 8levelsOrdered [1, 3, 2, 1, 2]
INFORMACIÓN : 8partialityOrdered [1, 3, 2, 2, 2]
INFORMACIÓN : 8arrivalTimes [14.823929536092493, 68.20614565960214, 104.22003187034036, 109.22003187034036, 148.33524630155625]
INFORMACIÓN : 9historia0[0.0, 154.70475034767745, 0.0, 0.0, 0.0, 0.0, 0.0, 0.0, 0.0, 795.3398269706216, 181.34742155402444, 0.0, 0.0, 0.0, 0.0, 0.0, 0.0, 0.0, 0.0, 0.0, 793.3826781764765, 0.0, 0.0, 0.0, 0.0, 0.0, 0.0, 0.0, 0.0, 0.0, 0.0, 0.0, 0.0, 0.0, 0.0, 797.7288674485351, 0.0, 88.38902409339016, 65.79064212193555, 0.0, 52.798365124186034, 0.0, 265.376797870681, 0.0, 173.37829611945233, 768.328629999374, 805.4971308538624, 0.0, 151.35065280568801, 0.0, 778.6956015259073, 0.0, 0.0, 0.0, 0.0, 0.0, 0.0, 0.0, 0.0, 795.4499219774668, 0.0, 0.0, 780.7192461598448, 169.53883951539206, 764.8913025808359, 0.0, 0.0, 0.0, 0.0, 0.0, 0.0, 0.0, 0.0, 243.57618325269064, 263.438441224961, 0.0, 790.4488150596949, 0.0, 0.0, 0.0, 0.0, 0.0, 0.0, 0.0, 0.0, 0.0, 0.0, 797.6256772024483, 0.0, 0.0, 0.0, 0.0, 0.0, 0.0, 46.916514771144286, 0.0, 0.0, 0.0, 0.0, 0.0, 165.8655487840025, 0.0, 0.0, 0.0, 0.0, 0.0, 0.0, 0.0, 0.0, 0.0, 801.6275955063161, 0.0, 0.0, 0.0, 0.0, 0.0, 0.0, 0.0, 0.0, 768.409507165284, 0.0, 0.0, 0.0, 0.0, 0.0, 0.0, 0.0, 0.0, 0.0, 0.0, 0.0, 0.0, 0.0, 0.0, 784.9992536456623, 0.0, 292.3594735952187, 0.0, 33.429801542856694, 0.0, 0.0, 0.0, 793.6064393071698, 787.4498198324413, 747.3235544332776, 0.0, 0.0, 0.0, 0.0, 0.0, 0.0, 160.79811890527924, 0.0, 0.0, 260.0998745923176, 0.0, 0.0, 0.0, 0.0, 0.0, 0.0, 0.0, 0.0, 0.0, 791.028918250353, 0.0, 770.2191032622868, 0.0, 0.0, 242.30946445905582]
INFORMACIÓN : 9apuestaBundle [793.3826781764765, 243.57618325269064, 181.34742155402444, 46.916514771144286, 33.429801542856694]
INFORMACIÓN : 9positionsBundle [548, 2347, 938, 2097, 1908]
INFORMACIÓN : 9levelsBundle [3, 2, 1, 1, 2]
INFORMACIÓN : 9positionsOrdered [938, 548, 2347, 2097, 1908]
INFORMACIÓN : 9levelsOrdered [1, 3, 2, 1, 2]
INFORMACIÓN : 9partialityOrdered [1, 3, 2, 2, 2]
INFORMACIÓN : 9arrivalTimes [14.823929536092493, 68.20614565960214, 104.22003187034036, 109.22003187034036, 148.33524630155625]
INFORMACIÓN : 10historia0[0.0, 154.70475034767745, 0.0, 0.0, 0.0, 0.0, 0.0, 0.0, 0.0, 795.3398269706216, 181.34742155402444, 0.0, 0.0, 0.0, 0.0, 355.08742511350385, 0.0, 355.08742511350385, 0.0, 0.0, 793.3826781764765, 0.0, 0.0, 0.0, 0.0, 0.0, 138.99074894216233, 0.0, 0.0, 0.0, 0.0, 0.0, 0.0, 0.0, 0.0, 797.7288674485351, 0.0, 0.0, 65.79064212193555, 0.0, 52.798365124186034, 0.0, 0.0, 0.0, 0.0, 768.328629999374, 805.4971308538624, 0.0, 151.35065280568801, 0.0, 778.6956015259073, 0.0, 0.0, 0.0, 0.0, 0.0, 0.0, 0.0, 0.0, 795.4499219774668, 0.0, 0.0, 780.7192461598448, 0.0, 764.8913025808359, 0.0, 0.0, 0.0, 0.0, 0.0, 0.0, 0.0, 0.0, 243.57618325269064, 263.438441224961, 0.0, 790.4488150596949, 0.0, 0.0, 0.0, 0.0, 0.0, 0.0, 0.0, 0.0, 0.0, 0.0, 797.6256772024483, 0.0, 69.98543981722645, 0.0, 0.0, 0.0, 0.0, 46.916514771144286, 0.0, 69.98543981722645, 0.0, 0.0, 0.0, 0.0, 0.0, 0.0, 0.0, 0.0, 0.0, 0.0, 0.0, 0.0, 0.0, 801.6275955063161, 0.0, 0.0, 0.0, 0.0, 0.0, 0.0, 0.0, 0.0, 768.409507165284, 0.0, 0.0, 0.0, 0.0, 0.0, 0.0, 0.0, 150.21260562553735, 0.0, 765.8159795894887, 0.0, 0.0, 0.0, 0.0, 784.9992536456623, 0.0, 255.7739675631177, 0.0, 33.429801542856694, 0.0, 0.0, 0.0, 793.6064393071698, 787.4498198324413, 747.3235544332776, 0.0, 0.0, 0.0, 0.0, 0.0, 0.0, 0.0, 0.0, 0.0, 260.0998745923176, 0.0, 0.0, 0.0, 0.0, 0.0, 0.0, 0.0, 0.0, 0.0, 791.028918250353, 0.0, 770.2191032622868, 0.0, 0.0, 0.0]
INFORMACIÓN : 10apuestaBundle [793.3826781764765, 243.57618325269064, 181.34742155402444, 46.916514771144286, 33.429801542856694]
INFORMACIÓN : 10positionsBundle [548, 2347, 938, 2097, 1908]
INFORMACIÓN : 10levelsBundle [3, 2, 1, 1, 2]
INFORMACIÓN : 10positionsOrdered [938, 548, 2347, 2097, 1908]
INFORMACIÓN : 10levelsOrdered [1, 3, 2, 1, 2]
INFORMACIÓN : 10partialityOrdered [1, 3, 2, 2, 2]
INFORMACIÓN : 10arrivalTimes [14.823929536092493, 68.20614565960214, 104.22003187034036, 109.22003187034036, 148.33524630155625]
INFORMACIÓN : 11historia0[0.0, 154.70475034767745, 0.0, 0.0, 0.0, 0.0, 0.0, 0.0, 0.0, 795.3398269706216, 181.34742155402444, 0.0, 0.0, 0.0, 0.0, 0.0, 0.0, 0.0, 0.0, 0.0, 793.3826781764765, 0.0, 0.0, 0.0, 0.0, 0.0, 159.4679012194888, 0.0, 0.0, 0.0, 0.0, 0.0, 0.0, 0.0, 0.0, 797.7288674485351, 0.0, 0.0, 65.79064212193555, 0.0, 52.798365124186034, 0.0, 0.0, 0.0, 0.0, 768.328629999374, 805.4971308538624, 0.0, 151.35065280568801, 0.0, 778.6956015259073, 0.0, 0.0, 0.0, 0.0, 0.0, 0.0, 0.0, 0.0, 795.4499219774668, 0.0, 0.0, 780.7192461598448, 0.0, 764.8913025808359, 0.0, 0.0, 0.0, 0.0, 0.0, 0.0, 0.0, 0.0, 243.57618325269064, 263.438441224961, 0.0, 790.4488150596949, 0.0, 0.0, 0.0, 0.0, 0.0, 0.0, 0.0, 0.0, 0.0, 0.0, 797.6256772024483, 0.0, 69.98543981722645, 0.0, 0.0, 0.0, 0.0, 46.916514771144286, 0.0, 69.98543981722645, 0.0, 0.0, 0.0, 144.10963833214896, 0.0, 0.0, 0.0, 0.0, 0.0, 37.42355795298238, 0.0, 0.0, 0.0, 801.6275955063161, 85.97123150892106, 0.0, 0.0, 0.0, 0.0, 0.0, 0.0, 0.0, 768.409507165284, 0.0, 0.0, 0.0, 0.0, 0.0, 0.0, 0.0, 150.21260562553735, 0.0, 765.8159795894887, 0.0, 0.0, 0.0, 0.0, 784.9992536456623, 0.0, 255.7739675631177, 0.0, 33.429801542856694, 0.0, 0.0, 0.0, 793.6064393071698, 787.4498198324413, 747.3235544332776, 0.0, 0.0, 0.0, 0.0, 0.0, 0.0, 0.0, 0.0, 239.13961995147042, 260.0998745923176, 0.0, 0.0, 0.0, 0.0, 0.0, 0.0, 0.0, 0.0, 0.0, 791.028918250353, 0.0, 770.2191032622868, 0.0, 0.0, 0.0]
INFORMACIÓN : 11apuestaBundle [793.3826781764765, 243.57618325269064, 181.34742155402444, 46.916514771144286, 33.429801542856694]
INFORMACIÓN : 11positionsBundle [548, 2347, 938, 2097, 1908]
INFORMACIÓN : 11levelsBundle [3, 2, 1, 1, 2]
INFORMACIÓN : 11positionsOrdered [938, 548, 2347, 2097, 1908]
INFORMACIÓN : 11levelsOrdered [1, 3, 2, 1, 2]
INFORMACIÓN : 11partialityOrdered [1, 3, 2, 2, 2]
INFORMACIÓN : 11arrivalTimes [14.823929536092493, 68.20614565960214, 104.22003187034036, 109.22003187034036, 148.33524630155625]
INFORMACIÓN : 12historia0[0.0, 154.70475034767745, 0.0, 0.0, 0.0, 0.0, 0.0, 0.0, 0.0, 795.3398269706216, 181.34742155402444, 0.0, 0.0, 0.0, 0.0, 0.0, 0.0, 0.0, 0.0, 0.0, 793.3826781764765, 0.0, 0.0, 0.0, 0.0, 0.0, 159.4679012194888, 0.0, 0.0, 0.0, 0.0, 0.0, 0.0, 0.0, 0.0, 797.7288674485351, 0.0, 0.0, 65.79064212193555, 0.0, 52.798365124186034, 0.0, 0.0, 0.0, 157.72110179662252, 0.0, 805.4971308538624, 0.0, 151.35065280568801, 0.0, 778.6956015259073, 0.0, 0.0, 0.0, 0.0, 0.0, 0.0, 0.0, 0.0, 0.0, 0.0, 0.0, 780.7192461598448, 0.0, 764.8913025808359, 0.0, 0.0, 0.0, 0.0, 0.0, 0.0, 0.0, 0.0, 243.57618325269064, 263.438441224961, 0.0, 0.0, 0.0, 0.0, 0.0, 0.0, 0.0, 0.0, 0.0, 0.0, 0.0, 0.0, 797.6256772024483, 0.0, 0.0, 0.0, 0.0, 0.0, 0.0, 46.916514771144286, 0.0, 0.0, 0.0, 0.0, 0.0, 144.10963833214896, 0.0, 0.0, 0.0, 0.0, 0.0, 0.0, 0.0, 0.0, 0.0, 801.6275955063161, 85.97123150892106, 0.0, 0.0, 0.0, 0.0, 0.0, 0.0, 0.0, 768.409507165284, 0.0, 0.0, 0.0, 0.0, 0.0, 0.0, 0.0, 150.21260562553735, 0.0, 765.8159795894887, 0.0, 0.0, 0.0, 0.0, 784.9992536456623, 0.0, 255.7739675631177, 0.0, 33.429801542856694, 0.0, 0.0, 0.0, 793.6064393071698, 787.4498198324413, 0.0, 0.0, 0.0, 0.0, 0.0, 0.0, 0.0, 138.34137743192184, 0.0, 239.13961995147042, 260.0998745923176, 0.0, 0.0, 0.0, 0.0, 0.0, 0.0, 0.0, 0.0, 0.0, 0.0, 0.0, 770.2191032622868, 0.0, 0.0, 0.0]
INFORMACIÓN : 12apuestaBundle [793.3826781764765, 243.57618325269064, 181.34742155402444, 46.916514771144286, 33.429801542856694]
INFORMACIÓN : 12positionsBundle [548, 2347, 938, 2097, 1908]
INFORMACIÓN : 12levelsBundle [3, 2, 1, 1, 2]
INFORMACIÓN : 12positionsOrdered [938, 548, 2347, 2097, 1908]
INFORMACIÓN : 12levelsOrdered [1, 3, 2, 1, 2]
