----------------------------------------------------------------------
-- Log session for [myBugCoalitionsCCBBAGuaiDEF-10] started on 2017.07.17.01.48.58 --
----------------------------------------------------------------------

INFORMACIÓN : I started
INFORMACIÓN : 0apuestaBundle [1456.7320598619162, 1082.7374573536117, 968.5690196005339, 904.2873616793217]
INFORMACIÓN : 0positionsBundle [213, 2259, 2112, 2079]
INFORMACIÓN : 0levelsBundle [3, 3, 3, 3]
INFORMACIÓN : 0positionsOrdered [213, 2259, 2112, 2079]
INFORMACIÓN : 0levelsOrdered [3, 3, 3, 3]
INFORMACIÓN : 0partialityOrdered [3, 3, 3, 3]
INFORMACIÓN : 0arrivalTimes [8.246211251235321, 49.44087109932728, 53.683511786446566, 70.71289815237297]
INFORMACIÓN : I [AB]; lost Test.myBail@5cc4d6d0; POS 213; sensors [IR, MW]; level 3 I paid 1456.7320598619162in favour of7@(myturtles,myturtles,bug)@MK-18863 paid 1444.1795205854512
INFORMACIÓN : 1historia0[0.0, 0.0, 0.0, 1444.1795205854512, 0.0, 1079.2808863139473, 0.0, 0.0, 0.0, 0.0, 0.0, 0.0, 0.0, 0.0, 0.0, 0.0, 0.0, 0.0, 0.0, 0.0, 901.3752790735359, 0.0, 0.0, 0.0, 0.0, 0.0, 0.0, 0.0, 0.0, 1079.2808863139473, 0.0, 0.0, 0.0, 0.0, 0.0, 0.0, 0.0, 901.3752790735359, 901.3752790735359, 0.0, 0.0, 0.0, 0.0, 0.0, 0.0, 0.0, 0.0, 0.0, 0.0, 0.0, 0.0, 0.0, 0.0, 0.0, 0.0, 0.0, 0.0, 0.0, 0.0, 0.0, 0.0, 0.0, 0.0, 0.0, 0.0, 0.0, 0.0, 965.471374475663, 0.0, 0.0, 0.0, 0.0, 0.0, 0.0, 0.0, 0.0, 0.0, 0.0, 0.0, 1079.2808863139473, 0.0, 0.0, 0.0, 0.0, 0.0, 0.0, 0.0, 0.0, 0.0, 0.0, 1444.1795205854512, 0.0, 0.0, 0.0, 0.0, 0.0, 0.0, 0.0, 0.0, 965.471374475663, 0.0, 0.0, 0.0, 0.0, 0.0, 0.0, 0.0, 0.0, 0.0, 0.0, 0.0, 0.0, 0.0, 0.0, 965.471374475663, 1444.1795205854512, 0.0, 0.0, 0.0, 0.0, 0.0, 0.0, 0.0, 0.0, 0.0, 0.0, 0.0, 0.0, 0.0, 0.0, 0.0, 0.0, 0.0, 0.0, 0.0, 0.0, 0.0, 0.0, 0.0, 0.0, 0.0, 0.0, 0.0, 0.0, 0.0, 0.0, 0.0, 0.0, 0.0, 0.0, 0.0, 0.0, 0.0, 0.0, 0.0, 0.0]
INFORMACIÓN : 1apuestaBundle [659.8236697986172, 594.8190980805264, 520.5595087016006, 482.17109128501147]
INFORMACIÓN : 1positionsBundle [2436, 2395, 702, 691]
INFORMACIÓN : 1levelsBundle [3, 3, 3, 3]
INFORMACIÓN : 1positionsOrdered [2436, 2395, 702, 691]
INFORMACIÓN : 1levelsOrdered [3, 3, 3, 3]
INFORMACIÓN : 1partialityOrdered [3, 3, 3, 3]
INFORMACIÓN : 1arrivalTimes [44.598206241955516, 53.653591380092934, 107.85691231156355, 146.86973071782586]
INFORMACIÓN : I [AB]; lost Test.myBail@351a81e2; POS 2436; sensors [IR, MW]; level 3 I paid 659.8236697986172in favour of6@(myturtles,myturtles,bug)@MK-18863 paid 703.4786987999013
INFORMACIÓN : 2historia0[0.0, 0.0, 0.0, 1444.1795205854512, 0.0, 1079.2808863139473, 0.0, 0.0, 528.1644879023999, 0.0, 0.0, 0.0, 0.0, 0.0, 0.0, 0.0, 0.0, 0.0, 0.0, 0.0, 901.3752790735359, 0.0, 0.0, 0.0, 0.0, 0.0, 703.4786987999013, 0.0, 0.0, 1079.2808863139473, 0.0, 0.0, 0.0, 0.0, 0.0, 0.0, 0.0, 901.3752790735359, 901.3752790735359, 0.0, 0.0, 0.0, 0.0, 0.0, 0.0, 0.0, 0.0, 0.0, 0.0, 489.0592694731075, 0.0, 0.0, 0.0, 0.0, 489.0592694731075, 0.0, 0.0, 0.0, 0.0, 0.0, 0.0, 0.0, 0.0, 0.0, 0.0, 0.0, 0.0, 965.471374475663, 0.0, 0.0, 0.0, 629.689719084565, 0.0, 0.0, 0.0, 0.0, 629.689719084565, 0.0, 0.0, 1079.2808863139473, 629.689719084565, 0.0, 0.0, 0.0, 0.0, 0.0, 0.0, 0.0, 0.0, 0.0, 1444.1795205854512, 0.0, 0.0, 0.0, 0.0, 0.0, 0.0, 0.0, 0.0, 965.471374475663, 0.0, 0.0, 0.0, 0.0, 0.0, 0.0, 0.0, 0.0, 0.0, 0.0, 0.0, 0.0, 0.0, 0.0, 965.471374475663, 1444.1795205854512, 0.0, 0.0, 0.0, 0.0, 0.0, 0.0, 0.0, 0.0, 0.0, 0.0, 0.0, 0.0, 0.0, 0.0, 703.4786987999013, 0.0, 0.0, 0.0, 0.0, 0.0, 0.0, 0.0, 0.0, 0.0, 0.0, 0.0, 489.0592694731075, 0.0, 0.0, 0.0, 0.0, 0.0, 0.0, 528.1644879023999, 703.4786987999013, 528.1644879023999, 0.0, 0.0, 0.0, 0.0]
INFORMACIÓN : 2apuestaBundle [419.63187553564325, 391.41938337237934, 325.9176340998563, 288.9310195092715]
INFORMACIÓN : 2positionsBundle [569, 2468, 1258, 2352]
INFORMACIÓN : 2levelsBundle [3, 2, 1, 2]
INFORMACIÓN : 2positionsOrdered [569, 2468, 1258, 2352]
INFORMACIÓN : 2levelsOrdered [3, 2, 1, 2]
INFORMACIÓN : 2partialityOrdered [3, 2, 1, 2]
INFORMACIÓN : 2arrivalTimes [5.385164807134504, 43.398320424630924, 69.39832042463092, 92.20182892661369]
INFORMACIÓN : I [AB]; lost Test.myBail@275933a2; POS 569; sensors [IR, MW]; level 3 I paid 419.63187553564325in favour of5@(myturtles,myturtles,bug)@MK-18863 paid 401.25218240236757
INFORMACIÓN : 3historia0[0.0, 0.0, 0.0, 1444.1795205854512, 0.0, 1079.2808863139473, 0.0, 0.0, 612.5286578488669, 0.0, 0.0, 0.0, 0.0, 0.0, 0.0, 0.0, 0.0, 0.0, 0.0, 0.0, 901.3752790735359, 0.0, 0.0, 0.0, 0.0, 0.0, 703.4786987999013, 0.0, 0.0, 1079.2808863139473, 0.0, 0.0, 0.0, 0.0, 0.0, 0.0, 0.0, 901.3752790735359, 901.3752790735359, 0.0, 0.0, 0.0, 0.0, 0.0, 0.0, 0.0, 0.0, 0.0, 0.0, 0.0, 0.0, 0.0, 0.0, 0.0, 0.0, 0.0, 0.0, 0.0, 0.0, 401.25218240236757, 0.0, 0.0, 0.0, 0.0, 0.0, 0.0, 0.0, 965.471374475663, 0.0, 0.0, 0.0, 629.689719084565, 0.0, 0.0, 0.0, 0.0, 629.689719084565, 0.0, 0.0, 1079.2808863139473, 629.689719084565, 0.0, 0.0, 0.0, 0.0, 0.0, 0.0, 0.0, 0.0, 0.0, 1444.1795205854512, 0.0, 0.0, 0.0, 0.0, 0.0, 0.0, 0.0, 0.0, 965.471374475663, 0.0, 0.0, 0.0, 0.0, 0.0, 0.0, 0.0, 0.0, 0.0, 0.0, 0.0, 0.0, 0.0, 0.0, 965.471374475663, 1444.1795205854512, 0.0, 336.2956632540854, 0.0, 0.0, 395.468189254083, 0.0, 0.0, 0.0, 0.0, 0.0, 0.0, 0.0, 0.0, 0.0, 703.4786987999013, 0.0, 0.0, 0.0, 0.0, 0.0, 0.0, 0.0, 0.0, 401.25218240236757, 0.0, 0.0, 0.0, 0.0, 0.0, 395.468189254083, 0.0, 0.0, 0.0, 612.5286578488669, 703.4786987999013, 612.5286578488669, 0.0, 401.25218240236757, 0.0, 0.0]
INFORMACIÓN : 3apuestaBundle [516.921174350279, 275.3494269537623, 222.3502740614249, 132.6038158628868]
INFORMACIÓN : 3positionsBundle [691, 2352, 1563, 1852]
INFORMACIÓN : 3levelsBundle [3, 2, 2, 2]
INFORMACIÓN : 3positionsOrdered [691, 2352, 1563, 1852]
INFORMACIÓN : 3levelsOrdered [3, 2, 2, 2]
INFORMACIÓN : 3partialityOrdered [3, 2, 2, 2]
INFORMACIÓN : 3arrivalTimes [21.18962010041709, 72.92935338152321, 92.34584122047082, 104.87580530661248]
INFORMACIÓN : I [AB]; lost Test.myBail@3c26e847; POS 691; sensors [IR, MW]; level 3 I paid 516.921174350279in favour of6@(myturtles,myturtles,bug)@MK-18863 paid 489.0592694731075
INFORMACIÓN : 4historia0[0.0, 0.0, 0.0, 1444.1795205854512, 0.0, 1079.2808863139473, 0.0, 0.0, 612.5286578488669, 0.0, 0.0, 0.0, 0.0, 0.0, 0.0, 0.0, 0.0, 0.0, 0.0, 0.0, 901.3752790735359, 0.0, 0.0, 0.0, 0.0, 0.0, 703.4786987999013, 0.0, 0.0, 1079.2808863139473, 0.0, 0.0, 0.0, 0.0, 0.0, 0.0, 237.73756469928173, 901.3752790735359, 901.3752790735359, 0.0, 0.0, 0.0, 0.0, 0.0, 0.0, 0.0, 0.0, 0.0, 0.0, 489.0592694731075, 0.0, 0.0, 0.0, 0.0, 489.0592694731075, 0.0, 0.0, 0.0, 0.0, 401.25218240236757, 0.0, 0.0, 0.0, 0.0, 0.0, 0.0, 0.0, 965.471374475663, 0.0, 0.0, 0.0, 629.689719084565, 0.0, 0.0, 0.0, 0.0, 629.689719084565, 0.0, 0.0, 1079.2808863139473, 629.689719084565, 0.0, 0.0, 0.0, 0.0, 0.0, 0.0, 0.0, 0.0, 0.0, 1444.1795205854512, 0.0, 0.0, 0.0, 0.0, 0.0, 0.0, 0.0, 0.0, 965.471374475663, 0.0, 0.0, 0.0, 0.0, 0.0, 0.0, 0.0, 0.0, 0.0, 0.0, 0.0, 0.0, 0.0, 0.0, 965.471374475663, 1444.1795205854512, 0.0, 336.2956632540854, 0.0, 0.0, 395.468189254083, 0.0, 0.0, 0.0, 0.0, 0.0, 0.0, 0.0, 0.0, 0.0, 703.4786987999013, 0.0, 0.0, 0.0, 0.0, 0.0, 0.0, 0.0, 0.0, 401.25218240236757, 0.0, 0.0, 489.0592694731075, 0.0, 0.0, 395.468189254083, 0.0, 0.0, 0.0, 612.5286578488669, 703.4786987999013, 612.5286578488669, 0.0, 401.25218240236757, 0.0, 0.0]
INFORMACIÓN : 4apuestaBundle [288.9310195092715, 235.56322280477707, 148.21131202482906, 111.35124541009554]
INFORMACIÓN : 4positionsBundle [2352, 1563, 1852, 60]
INFORMACIÓN : 4levelsBundle [2, 2, 2, 2]
INFORMACIÓN : 4positionsOrdered [2352, 1563, 1852, 60]
INFORMACIÓN : 4levelsOrdered [2, 2, 2, 2]
INFORMACIÓN : 4partialityOrdered [2, 2, 2, 2]
INFORMACIÓN : 4arrivalTimes [45.18849411078001, 64.60498194972762, 77.13494603586929, 114.01312386504084]
INFORMACIÓN : coalSat position 1563 level 2
INFORMACIÓN : timeSat position 1563 level 2
INFORMACIÓN : I [AB]; lost Test.myBail@66cc081b; POS 1563; sensors [MW]; level 2 I paid 235.56322280477707in favour ofnull paid 235.56322280477707
INFORMACIÓN : 5historia0[0.0, 0.0, 0.0, 1444.1795205854512, 0.0, 1079.2808863139473, 0.0, 0.0, 612.5286578488669, 0.0, 0.0, 0.0, 0.0, 0.0, 0.0, 0.0, 0.0, 0.0, 0.0, 0.0, 901.3752790735359, 0.0, 0.0, 0.0, 0.0, 0.0, 703.4786987999013, 202.53945247976486, 0.0, 1079.2808863139473, 0.0, 0.0, 0.0, 0.0, 0.0, 0.0, 237.73756469928173, 901.3752790735359, 901.3752790735359, 0.0, 0.0, 0.0, 0.0, 0.0, 0.0, 0.0, 0.0, 0.0, 0.0, 489.0592694731075, 0.0, 0.0, 0.0, 0.0, 489.0592694731075, 0.0, 0.0, 0.0, 0.0, 401.25218240236757, 0.0, 285.7700603605773, 0.0, 0.0, 0.0, 0.0, 0.0, 965.471374475663, 0.0, 0.0, 0.0, 629.689719084565, 0.0, 0.0, 0.0, 0.0, 629.689719084565, 0.0, 0.0, 1079.2808863139473, 629.689719084565, 288.9310195092715, 0.0, 0.0, 0.0, 0.0, 0.0, 0.0, 0.0, 0.0, 1444.1795205854512, 0.0, 0.0, 0.0, 0.0, 0.0, 0.0, 0.0, 0.0, 965.471374475663, 0.0, 0.0, 0.0, 0.0, 0.0, 200.6200335154643, 0.0, 0.0, 0.0, 0.0, 0.0, 0.0, 0.0, 0.0, 965.471374475663, 1444.1795205854512, 0.0, 336.2956632540854, 0.0, 0.0, 395.468189254083, 0.0, 0.0, 0.0, 0.0, 0.0, 0.0, 0.0, 0.0, 0.0, 703.4786987999013, 0.0, 0.0, 0.0, 0.0, 0.0, 0.0, 0.0, 0.0, 401.25218240236757, 0.0, 0.0, 489.0592694731075, 0.0, 0.0, 395.468189254083, 0.0, 0.0, 0.0, 612.5286578488669, 703.4786987999013, 612.5286578488669, 0.0, 401.25218240236757, 0.0, 0.0]
INFORMACIÓN : 5apuestaBundle [288.9310195092715, 235.56322280477707, 148.21131202482906, 111.35124541009554]
INFORMACIÓN : 5positionsBundle [2352, 1563, 1852, 60]
INFORMACIÓN : 5levelsBundle [2, 2, 2, 2]
INFORMACIÓN : 5positionsOrdered [2352, 1852, 1563, 60]
INFORMACIÓN : 5levelsOrdered [2, 2, 2, 2]
INFORMACIÓN : 5partialityOrdered [2, 2, 2, 2]
INFORMACIÓN : 5arrivalTimes [45.18849411078001, 55.18849411078001, 88.34584122047082, 118.49546808383349]
INFORMACIÓN : coalSat position 1852 level 2
INFORMACIÓN : timeSat position 1852 level 2
INFORMACIÓN : I [AB]; lost Test.myBail@7d7edb96; POS 1852; sensors [MW]; level 2 I paid 148.21131202482906in favour ofnull paid 148.21131202482906
INFORMACIÓN : 6historia0[0.0, 0.0, 0.0, 1444.1795205854512, 0.0, 1079.2808863139473, 0.0, 0.0, 612.5286578488669, 0.0, 0.0, 0.0, 0.0, 181.83895579019637, 0.0, 0.0, 0.0, 0.0, 0.0, 0.0, 901.3752790735359, 0.0, 0.0, 0.0, 0.0, 0.0, 703.4786987999013, 202.53945247976486, 0.0, 1079.2808863139473, 0.0, 0.0, 0.0, 0.0, 0.0, 0.0, 237.73756469928173, 901.3752790735359, 901.3752790735359, 0.0, 0.0, 0.0, 0.0, 0.0, 0.0, 0.0, 0.0, 0.0, 302.96990346216285, 489.0592694731075, 0.0, 0.0, 0.0, 0.0, 489.0592694731075, 0.0, 0.0, 0.0, 0.0, 401.25218240236757, 0.0, 285.7700603605773, 0.0, 0.0, 0.0, 0.0, 0.0, 965.471374475663, 0.0, 0.0, 0.0, 629.689719084565, 0.0, 0.0, 0.0, 0.0, 629.689719084565, 0.0, 0.0, 1079.2808863139473, 629.689719084565, 288.9310195092715, 0.0, 0.0, 0.0, 0.0, 0.0, 0.0, 0.0, 0.0, 1444.1795205854512, 0.0, 0.0, 0.0, 0.0, 0.0, 0.0, 0.0, 0.0, 965.471374475663, 0.0, 0.0, 0.0, 0.0, 0.0, 200.6200335154643, 0.0, 175.22900508009508, 0.0, 0.0, 0.0, 0.0, 0.0, 0.0, 965.471374475663, 1444.1795205854512, 0.0, 336.2956632540854, 0.0, 0.0, 395.468189254083, 0.0, 0.0, 235.56322280477707, 219.41284949291196, 0.0, 0.0, 0.0, 0.0, 0.0, 703.4786987999013, 0.0, 0.0, 0.0, 0.0, 0.0, 0.0, 0.0, 0.0, 401.25218240236757, 0.0, 0.0, 489.0592694731075, 0.0, 0.0, 395.468189254083, 114.53262201084327, 0.0, 0.0, 612.5286578488669, 703.4786987999013, 612.5286578488669, 0.0, 401.25218240236757, 0.0, 0.0]
INFORMACIÓN : 6apuestaBundle [288.9310195092715, 235.56322280477707, 148.21131202482906, 111.35124541009554]
INFORMACIÓN : 6positionsBundle [2352, 1563, 1852, 60]
INFORMACIÓN : 6levelsBundle [2, 2, 2, 2]
INFORMACIÓN : 6positionsOrdered [2352, 1852, 1563, 60]
INFORMACIÓN : 6levelsOrdered [2, 2, 2, 2]
INFORMACIÓN : 6partialityOrdered [2, 2, 2, 2]
INFORMACIÓN : 6arrivalTimes [45.18849411078001, 73.93162759007926, 88.34584122047082, 118.49546808383349]
INFORMACIÓN : 7historia0[0.0, 0.0, 0.0, 1444.1795205854512, 0.0, 1079.2808863139473, 0.0, 0.0, 612.5286578488669, 0.0, 0.0, 0.0, 0.0, 181.83895579019637, 0.0, 0.0, 0.0, 0.0, 0.0, 0.0, 901.3752790735359, 0.0, 0.0, 0.0, 0.0, 0.0, 703.4786987999013, 202.53945247976486, 0.0, 1079.2808863139473, 0.0, 0.0, 0.0, 0.0, 0.0, 0.0, 237.73756469928173, 901.3752790735359, 901.3752790735359, 111.35124541009554, 0.0, 0.0, 0.0, 0.0, 0.0, 0.0, 0.0, 0.0, 302.96990346216285, 489.0592694731075, 0.0, 0.0, 0.0, 0.0, 489.0592694731075, 0.0, 0.0, 0.0, 0.0, 401.25218240236757, 0.0, 285.7700603605773, 0.0, 0.0, 0.0, 0.0, 0.0, 965.471374475663, 0.0, 0.0, 0.0, 629.689719084565, 0.0, 0.0, 0.0, 0.0, 629.689719084565, 0.0, 0.0, 1079.2808863139473, 629.689719084565, 288.9310195092715, 0.0, 0.0, 0.0, 0.0, 0.0, 0.0, 0.0, 0.0, 1444.1795205854512, 0.0, 0.0, 0.0, 0.0, 0.0, 0.0, 0.0, 0.0, 965.471374475663, 0.0, 0.0, 0.0, 0.0, 0.0, 200.6200335154643, 0.0, 175.22900508009508, 0.0, 0.0, 0.0, 0.0, 0.0, 0.0, 965.471374475663, 1444.1795205854512, 0.0, 336.2956632540854, 0.0, 0.0, 395.468189254083, 0.0, 0.0, 235.56322280477707, 219.41284949291196, 0.0, 0.0, 0.0, 0.0, 0.0, 703.4786987999013, 0.0, 0.0, 0.0, 148.21131202482906, 0.0, 0.0, 0.0, 0.0, 401.25218240236757, 0.0, 0.0, 489.0592694731075, 0.0, 0.0, 395.468189254083, 114.53262201084327, 0.0, 0.0, 612.5286578488669, 703.4786987999013, 612.5286578488669, 0.0, 401.25218240236757, 0.0, 0.0]
INFORMACIÓN : 7apuestaBundle [288.9310195092715, 235.56322280477707, 148.21131202482906, 111.35124541009554]
INFORMACIÓN : 7positionsBundle [2352, 1563, 1852, 60]
INFORMACIÓN : 7levelsBundle [2, 2, 2, 2]
INFORMACIÓN : 7positionsOrdered [2352, 1852, 1563, 60]
INFORMACIÓN : 7levelsOrdered [2, 2, 2, 2]
INFORMACIÓN : 7partialityOrdered [2, 2, 2, 2]
INFORMACIÓN : 7arrivalTimes [45.18849411078001, 73.93162759007926, 88.34584122047082, 118.49546808383349]
INFORMACIÓN : depSat position 2352 level 2
INFORMACIÓN : I [AB]; lost Test.myBail@539bc302; POS 2352; sensors [IR]; level 2 I paid 288.9310195092715in favour ofnull paid 288.9310195092715
INFORMACIÓN : 8historia0[0.0, 0.0, 0.0, 1444.1795205854512, 0.0, 1079.2808863139473, 0.0, 0.0, 612.5286578488669, 0.0, 0.0, 0.0, 0.0, 181.83895579019637, 0.0, 0.0, 0.0, 0.0, 0.0, 0.0, 901.3752790735359, 0.0, 0.0, 0.0, 0.0, 0.0, 703.4786987999013, 202.53945247976486, 0.0, 1079.2808863139473, 0.0, 0.0, 0.0, 0.0, 0.0, 0.0, 237.73756469928173, 901.3752790735359, 901.3752790735359, 0.0, 0.0, 0.0, 0.0, 0.0, 0.0, 0.0, 0.0, 0.0, 302.96990346216285, 489.0592694731075, 0.0, 0.0, 0.0, 0.0, 489.0592694731075, 0.0, 0.0, 0.0, 0.0, 401.25218240236757, 0.0, 285.7700603605773, 0.0, 0.0, 0.0, 0.0, 0.0, 965.471374475663, 0.0, 0.0, 0.0, 629.689719084565, 0.0, 0.0, 0.0, 0.0, 629.689719084565, 0.0, 0.0, 1079.2808863139473, 629.689719084565, 0.0, 0.0, 0.0, 0.0, 0.0, 0.0, 0.0, 0.0, 0.0, 1444.1795205854512, 0.0, 0.0, 0.0, 0.0, 0.0, 0.0, 0.0, 0.0, 965.471374475663, 0.0, 0.0, 0.0, 0.0, 0.0, 200.6200335154643, 0.0, 175.22900508009508, 0.0, 0.0, 0.0, 0.0, 0.0, 0.0, 965.471374475663, 1444.1795205854512, 0.0, 336.2956632540854, 0.0, 0.0, 395.468189254083, 0.0, 0.0, 0.0, 219.41284949291196, 0.0, 0.0, 0.0, 0.0, 0.0, 703.4786987999013, 0.0, 0.0, 0.0, 0.0, 0.0, 0.0, 0.0, 0.0, 401.25218240236757, 0.0, 0.0, 489.0592694731075, 0.0, 0.0, 395.468189254083, 114.53262201084327, 0.0, 0.0, 612.5286578488669, 703.4786987999013, 612.5286578488669, 0.0, 401.25218240236757, 0.0, 0.0]
INFORMACIÓN : 8apuestaBundle [288.9310195092715, 227.2102344968945, 144.50111850581925, 111.35124541009554]
INFORMACIÓN : 8positionsBundle [2352, 1563, 1852, 60]
INFORMACIÓN : 8levelsBundle [2, 2, 2, 2]
INFORMACIÓN : 8positionsOrdered [2352, 1852, 1563, 60]
INFORMACIÓN : 8levelsOrdered [2, 2, 2, 2]
INFORMACIÓN : 8partialityOrdered [2, 2, 2, 2]
INFORMACIÓN : 8arrivalTimes [45.18849411078001, 73.93162759007926, 88.34584122047082, 118.49546808383349]
INFORMACIÓN : 9historia0[0.0, 0.0, 0.0, 1444.1795205854512, 0.0, 1079.2808863139473, 0.0, 0.0, 612.5286578488669, 0.0, 0.0, 0.0, 0.0, 0.0, 0.0, 0.0, 0.0, 0.0, 0.0, 0.0, 901.3752790735359, 0.0, 0.0, 0.0, 0.0, 0.0, 703.4786987999013, 202.53945247976486, 0.0, 1079.2808863139473, 0.0, 0.0, 0.0, 0.0, 0.0, 0.0, 237.73756469928173, 901.3752790735359, 901.3752790735359, 111.35124541009554, 0.0, 0.0, 0.0, 0.0, 0.0, 0.0, 0.0, 0.0, 302.96990346216285, 489.0592694731075, 0.0, 0.0, 0.0, 0.0, 489.0592694731075, 0.0, 0.0, 0.0, 0.0, 401.25218240236757, 0.0, 285.7700603605773, 0.0, 0.0, 0.0, 0.0, 0.0, 965.471374475663, 0.0, 0.0, 0.0, 629.689719084565, 0.0, 0.0, 0.0, 0.0, 629.689719084565, 0.0, 0.0, 1079.2808863139473, 629.689719084565, 288.9310195092715, 0.0, 0.0, 0.0, 0.0, 0.0, 0.0, 0.0, 0.0, 1444.1795205854512, 0.0, 0.0, 0.0, 0.0, 0.0, 0.0, 0.0, 0.0, 965.471374475663, 0.0, 0.0, 0.0, 0.0, 0.0, 200.6200335154643, 0.0, 0.0, 0.0, 0.0, 0.0, 0.0, 0.0, 0.0, 965.471374475663, 1444.1795205854512, 0.0, 336.2956632540854, 0.0, 0.0, 395.468189254083, 0.0, 0.0, 227.2102344968945, 219.41284949291196, 0.0, 0.0, 0.0, 0.0, 0.0, 703.4786987999013, 0.0, 0.0, 0.0, 144.50111850581925, 0.0, 0.0, 0.0, 0.0, 401.25218240236757, 0.0, 0.0, 489.0592694731075, 0.0, 0.0, 395.468189254083, 114.53262201084327, 0.0, 0.0, 612.5286578488669, 703.4786987999013, 612.5286578488669, 0.0, 401.25218240236757, 0.0, 0.0]
INFORMACIÓN : 9apuestaBundle [288.9310195092715, 227.2102344968945, 144.50111850581925, 111.35124541009554]
INFORMACIÓN : 9positionsBundle [2352, 1563, 1852, 60]
INFORMACIÓN : 9levelsBundle [2, 2, 2, 2]
INFORMACIÓN : 9positionsOrdered [2352, 1852, 1563, 60]
INFORMACIÓN : 9levelsOrdered [2, 2, 2, 2]
INFORMACIÓN : 9partialityOrdered [2, 2, 2, 2]
INFORMACIÓN : 9arrivalTimes [45.18849411078001, 73.93162759007926, 88.34584122047082, 118.49546808383349]
INFORMACIÓN : 10historia0[0.0, 0.0, 0.0, 1444.1795205854512, 0.0, 1079.2808863139473, 0.0, 0.0, 612.5286578488669, 0.0, 0.0, 0.0, 0.0, 181.83895579019637, 0.0, 0.0, 0.0, 0.0, 0.0, 0.0, 901.3752790735359, 0.0, 0.0, 0.0, 0.0, 0.0, 703.4786987999013, 202.53945247976486, 0.0, 1079.2808863139473, 0.0, 0.0, 0.0, 0.0, 0.0, 0.0, 237.73756469928173, 901.3752790735359, 901.3752790735359, 111.35124541009554, 0.0, 0.0, 0.0, 0.0, 0.0, 0.0, 0.0, 0.0, 302.96990346216285, 489.0592694731075, 0.0, 0.0, 0.0, 0.0, 489.0592694731075, 0.0, 0.0, 0.0, 0.0, 401.25218240236757, 0.0, 285.7700603605773, 0.0, 0.0, 0.0, 0.0, 0.0, 965.471374475663, 0.0, 0.0, 0.0, 629.689719084565, 0.0, 0.0, 0.0, 0.0, 629.689719084565, 0.0, 0.0, 1079.2808863139473, 629.689719084565, 288.9310195092715, 0.0, 0.0, 0.0, 0.0, 0.0, 0.0, 0.0, 0.0, 1444.1795205854512, 0.0, 0.0, 0.0, 0.0, 0.0, 0.0, 0.0, 0.0, 965.471374475663, 0.0, 0.0, 0.0, 0.0, 0.0, 200.6200335154643, 0.0, 175.22900508009508, 0.0, 0.0, 0.0, 0.0, 0.0, 0.0, 965.471374475663, 1444.1795205854512, 0.0, 336.2956632540854, 0.0, 0.0, 395.468189254083, 0.0, 0.0, 227.2102344968945, 219.41284949291196, 0.0, 0.0, 0.0, 0.0, 0.0, 703.4786987999013, 0.0, 0.0, 0.0, 144.50111850581925, 0.0, 0.0, 0.0, 0.0, 401.25218240236757, 0.0, 0.0, 489.0592694731075, 0.0, 0.0, 395.468189254083, 114.53262201084327, 0.0, 0.0, 612.5286578488669, 703.4786987999013, 612.5286578488669, 0.0, 401.25218240236757, 0.0, 0.0]
INFORMACIÓN : 10apuestaBundle [288.9310195092715, 227.2102344968945, 144.50111850581925, 111.35124541009554]
INFORMACIÓN : 10positionsBundle [2352, 1563, 1852, 60]
INFORMACIÓN : 10levelsBundle [2, 2, 2, 2]
INFORMACIÓN : 10positionsOrdered [2352, 1852, 1563, 60]
INFORMACIÓN : 10levelsOrdered [2, 2, 2, 2]
INFORMACIÓN : 10partialityOrdered [2, 2, 2, 2]
INFORMACIÓN : 10arrivalTimes [45.18849411078001, 73.93162759007926, 88.34584122047082, 118.49546808383349]
INFORMACIÓN : 11historia0[0.0, 0.0, 0.0, 1444.1795205854512, 0.0, 1079.2808863139473, 0.0, 0.0, 612.5286578488669, 0.0, 0.0, 0.0, 0.0, 181.83895579019637, 0.0, 0.0, 0.0, 0.0, 0.0, 0.0, 901.3752790735359, 0.0, 0.0, 0.0, 0.0, 0.0, 703.4786987999013, 202.53945247976486, 0.0, 1079.2808863139473, 0.0, 0.0, 0.0, 0.0, 0.0, 0.0, 237.73756469928173, 901.3752790735359, 901.3752790735359, 111.35124541009554, 0.0, 0.0, 0.0, 0.0, 0.0, 0.0, 0.0, 0.0, 302.96990346216285, 489.0592694731075, 0.0, 0.0, 0.0, 0.0, 489.0592694731075, 0.0, 0.0, 0.0, 0.0, 401.25218240236757, 0.0, 285.7700603605773, 0.0, 0.0, 0.0, 0.0, 0.0, 965.471374475663, 0.0, 0.0, 0.0, 629.689719084565, 0.0, 0.0, 0.0, 0.0, 629.689719084565, 0.0, 0.0, 1079.2808863139473, 629.689719084565, 288.9310195092715, 0.0, 0.0, 0.0, 0.0, 0.0, 0.0, 0.0, 0.0, 1444.1795205854512, 0.0, 0.0, 0.0, 0.0, 0.0, 0.0, 0.0, 0.0, 965.471374475663, 0.0, 0.0, 0.0, 0.0, 0.0, 200.6200335154643, 0.0, 175.22900508009508, 0.0, 0.0, 0.0, 0.0, 0.0, 0.0, 965.471374475663, 1444.1795205854512, 0.0, 336.2956632540854, 0.0, 0.0, 395.468189254083, 0.0, 0.0, 227.2102344968945, 219.41284949291196, 0.0, 0.0, 0.0, 0.0, 0.0, 703.4786987999013, 0.0, 0.0, 0.0, 144.50111850581925, 0.0, 0.0, 0.0, 0.0, 401.25218240236757, 0.0, 0.0, 489.0592694731075, 0.0, 0.0, 395.468189254083, 114.53262201084327, 0.0, 0.0, 612.5286578488669, 703.4786987999013, 612.5286578488669, 0.0, 401.25218240236757, 0.0, 0.0]
INFORMACIÓN : 11apuestaBundle [288.9310195092715, 227.2102344968945, 144.50111850581925, 111.35124541009554]
INFORMACIÓN : 11positionsBundle [2352, 1563, 1852, 60]
INFORMACIÓN : 11levelsBundle [2, 2, 2, 2]
INFORMACIÓN : 11positionsOrdered [2352, 1852, 1563, 60]
INFORMACIÓN : 11levelsOrdered [2, 2, 2, 2]
INFORMACIÓN : 11partialityOrdered [2, 2, 2, 2]
INFORMACIÓN : 11arrivalTimes [45.18849411078001, 73.93162759007926, 88.34584122047082, 118.49546808383349]
INFORMACIÓN : depSat position 2352 level 2
INFORMACIÓN : depSat position 60 level 2
INFORMACIÓN : I [AB]; lost Test.myBail@539bc302; POS 2352; sensors [IR]; level 2 I paid 288.9310195092715in favour ofnull paid 288.9310195092715
INFORMACIÓN : 12historia0[0.0, 0.0, 0.0, 1444.1795205854512, 0.0, 1079.2808863139473, 0.0, 0.0, 612.5286578488669, 0.0, 0.0, 0.0, 0.0, 181.83895579019637, 0.0, 0.0, 0.0, 0.0, 0.0, 0.0, 901.3752790735359, 0.0, 0.0, 0.0, 0.0, 0.0, 703.4786987999013, 202.53945247976486, 0.0, 1079.2808863139473, 0.0, 0.0, 0.0, 0.0, 0.0, 0.0, 237.73756469928173, 901.3752790735359, 901.3752790735359, 0.0, 0.0, 0.0, 0.0, 0.0, 0.0, 0.0, 0.0, 0.0, 302.96990346216285, 489.0592694731075, 0.0, 0.0, 0.0, 0.0, 489.0592694731075, 0.0, 0.0, 0.0, 0.0, 401.25218240236757, 0.0, 285.7700603605773, 0.0, 0.0, 0.0, 0.0, 0.0, 965.471374475663, 0.0, 0.0, 0.0, 629.689719084565, 0.0, 0.0, 0.0, 0.0, 629.689719084565, 0.0, 0.0, 1079.2808863139473, 629.689719084565, 0.0, 0.0, 0.0, 0.0, 0.0, 0.0, 0.0, 0.0, 0.0, 1444.1795205854512, 0.0, 0.0, 0.0, 0.0, 0.0, 0.0, 0.0, 0.0, 965.471374475663, 0.0, 0.0, 0.0, 0.0, 0.0, 200.6200335154643, 0.0, 175.22900508009508, 0.0, 0.0, 0.0, 0.0, 0.0, 0.0, 965.471374475663, 1444.1795205854512, 0.0, 336.2956632540854, 0.0, 0.0, 395.468189254083, 0.0, 0.0, 0.0, 219.41284949291196, 0.0, 0.0, 0.0, 0.0, 0.0, 703.4786987999013, 0.0, 0.0, 0.0, 0.0, 0.0, 0.0, 0.0, 0.0, 401.25218240236757, 0.0, 0.0, 489.0592694731075, 0.0, 0.0, 395.468189254083, 114.53262201084327, 0.0, 0.0, 612.5286578488669, 703.4786987999013, 612.5286578488669, 0.0, 401.25218240236757, 0.0, 0.0]
