----------------------------------------------------------------------
-- Log session for [myBugCoalitionsCCBBAGuaiDEF-9] started on 2017.07.17.01.48.58 --
----------------------------------------------------------------------

INFORMACIÓN : I started
INFORMACIÓN : 0apuestaBundle [1442.156296262052, 1074.6244340943315, 961.7206970059046, 900.9064417649492]
INFORMACIÓN : 0positionsBundle [213, 2259, 2112, 2079]
INFORMACIÓN : 0levelsBundle [3, 3, 3, 3]
INFORMACIÓN : 0positionsOrdered [213, 2259, 2112, 2079]
INFORMACIÓN : 0levelsOrdered [3, 3, 3, 3]
INFORMACIÓN : 0partialityOrdered [3, 3, 3, 3]
INFORMACIÓN : 0arrivalTimes [15.297058540778355, 56.49171838887031, 60.734359075989595, 77.763745441916]
INFORMACIÓN : I [IR]; lost Test.myBail@1eaec869; POS 213; sensors [AB, MW]; level 3 I paid 1442.156296262052in favour of7@(myturtles,myturtles,bug)@MK-18863 paid 1444.1795205854512
INFORMACIÓN : 1historia0[0.0, 0.0, 0.0, 1444.1795205854512, 0.0, 1079.2808863139473, 0.0, 0.0, 0.0, 0.0, 0.0, 0.0, 0.0, 0.0, 0.0, 0.0, 0.0, 0.0, 0.0, 0.0, 901.3752790735359, 0.0, 0.0, 0.0, 0.0, 0.0, 0.0, 0.0, 0.0, 1079.2808863139473, 0.0, 0.0, 0.0, 0.0, 0.0, 0.0, 0.0, 901.3752790735359, 901.3752790735359, 0.0, 0.0, 0.0, 0.0, 0.0, 0.0, 0.0, 0.0, 0.0, 0.0, 0.0, 0.0, 0.0, 0.0, 0.0, 0.0, 0.0, 0.0, 0.0, 0.0, 0.0, 0.0, 0.0, 0.0, 0.0, 0.0, 0.0, 0.0, 965.471374475663, 0.0, 0.0, 0.0, 0.0, 0.0, 0.0, 0.0, 0.0, 0.0, 0.0, 0.0, 1079.2808863139473, 0.0, 0.0, 0.0, 0.0, 0.0, 0.0, 0.0, 0.0, 0.0, 0.0, 1444.1795205854512, 0.0, 0.0, 0.0, 0.0, 0.0, 0.0, 0.0, 0.0, 965.471374475663, 0.0, 0.0, 0.0, 0.0, 0.0, 0.0, 0.0, 0.0, 0.0, 0.0, 0.0, 0.0, 0.0, 0.0, 965.471374475663, 1444.1795205854512, 0.0, 0.0, 0.0, 0.0, 0.0, 0.0, 0.0, 0.0, 0.0, 0.0, 0.0, 0.0, 0.0, 0.0, 0.0, 0.0, 0.0, 0.0, 0.0, 0.0, 0.0, 0.0, 0.0, 0.0, 0.0, 0.0, 0.0, 0.0, 0.0, 0.0, 0.0, 0.0, 0.0, 0.0, 0.0, 0.0, 0.0, 0.0, 0.0, 0.0]
INFORMACIÓN : 1apuestaBundle [654.6098028559143, 592.2689238499984, 519.6563554443876, 481.35306398965895]
INFORMACIÓN : 1positionsBundle [2436, 2395, 702, 691]
INFORMACIÓN : 1levelsBundle [3, 3, 3, 3]
INFORMACIÓN : 1positionsOrdered [2436, 2395, 702, 691]
INFORMACIÓN : 1levelsOrdered [3, 3, 3, 3]
INFORMACIÓN : 1partialityOrdered [3, 3, 3, 3]
INFORMACIÓN : 1arrivalTimes [47.67598976424087, 56.731374902378285, 110.93469583384889, 149.94751424011122]
INFORMACIÓN : I [IR]; lost Test.myBail@3b8786b5; POS 2436; sensors [AB, MW]; level 3 I paid 654.6098028559143in favour of6@(myturtles,myturtles,bug)@MK-18863 paid 703.4786987999013
INFORMACIÓN : 2historia0[0.0, 0.0, 0.0, 1444.1795205854512, 0.0, 1079.2808863139473, 0.0, 0.0, 528.1644879023999, 0.0, 0.0, 0.0, 0.0, 0.0, 0.0, 0.0, 0.0, 0.0, 0.0, 0.0, 901.3752790735359, 0.0, 0.0, 0.0, 0.0, 0.0, 703.4786987999013, 0.0, 0.0, 1079.2808863139473, 0.0, 0.0, 0.0, 0.0, 0.0, 0.0, 0.0, 901.3752790735359, 901.3752790735359, 0.0, 0.0, 0.0, 0.0, 0.0, 0.0, 0.0, 0.0, 0.0, 0.0, 489.0592694731075, 0.0, 0.0, 0.0, 0.0, 489.0592694731075, 0.0, 0.0, 0.0, 0.0, 0.0, 0.0, 0.0, 0.0, 0.0, 0.0, 0.0, 0.0, 965.471374475663, 0.0, 0.0, 0.0, 629.689719084565, 0.0, 0.0, 0.0, 0.0, 629.689719084565, 0.0, 0.0, 1079.2808863139473, 629.689719084565, 0.0, 0.0, 0.0, 0.0, 0.0, 0.0, 0.0, 0.0, 0.0, 1444.1795205854512, 0.0, 0.0, 0.0, 0.0, 0.0, 0.0, 0.0, 0.0, 965.471374475663, 0.0, 0.0, 0.0, 0.0, 0.0, 0.0, 0.0, 0.0, 0.0, 0.0, 0.0, 0.0, 0.0, 0.0, 965.471374475663, 1444.1795205854512, 0.0, 0.0, 0.0, 0.0, 0.0, 0.0, 0.0, 0.0, 0.0, 0.0, 0.0, 0.0, 0.0, 0.0, 703.4786987999013, 0.0, 0.0, 0.0, 0.0, 0.0, 0.0, 0.0, 0.0, 0.0, 0.0, 0.0, 489.0592694731075, 0.0, 0.0, 0.0, 0.0, 0.0, 0.0, 528.1644879023999, 703.4786987999013, 528.1644879023999, 0.0, 0.0, 0.0, 0.0]
INFORMACIÓN : 2apuestaBundle [407.1448041303643, 382.1819392727957, 305.80818455012025, 277.3864323312834]
INFORMACIÓN : 2positionsBundle [569, 2468, 1654, 2352]
INFORMACIÓN : 2levelsBundle [3, 2, 2, 2]
INFORMACIÓN : 2positionsOrdered [569, 2468, 1654, 2352]
INFORMACIÓN : 2levelsOrdered [3, 2, 2, 2]
INFORMACIÓN : 2partialityOrdered [3, 2, 2, 2]
INFORMACIÓN : 2arrivalTimes [13.45362404707371, 51.46677966457013, 72.72707129003943, 86.86920691377038]
INFORMACIÓN : coalSat position 2352 level 2
INFORMACIÓN : timeSat position 2352 level 2
INFORMACIÓN : I [IR]; lost Test.myBail@295c5036; POS 569; sensors [AB, MW]; level 3 I paid 407.1448041303643in favour of5@(myturtles,myturtles,bug)@MK-18863 paid 401.25218240236757
INFORMACIÓN : 3historia0[0.0, 0.0, 0.0, 1444.1795205854512, 0.0, 1079.2808863139473, 0.0, 0.0, 612.5286578488669, 0.0, 0.0, 0.0, 0.0, 0.0, 0.0, 0.0, 0.0, 0.0, 0.0, 0.0, 901.3752790735359, 0.0, 0.0, 0.0, 0.0, 0.0, 703.4786987999013, 0.0, 0.0, 1079.2808863139473, 0.0, 0.0, 0.0, 0.0, 0.0, 0.0, 0.0, 901.3752790735359, 901.3752790735359, 0.0, 0.0, 0.0, 0.0, 0.0, 0.0, 0.0, 0.0, 0.0, 0.0, 0.0, 0.0, 0.0, 0.0, 0.0, 0.0, 0.0, 0.0, 0.0, 0.0, 401.25218240236757, 0.0, 0.0, 0.0, 0.0, 0.0, 0.0, 0.0, 965.471374475663, 0.0, 0.0, 0.0, 629.689719084565, 0.0, 0.0, 0.0, 0.0, 629.689719084565, 0.0, 0.0, 1079.2808863139473, 629.689719084565, 288.9310195092715, 0.0, 0.0, 0.0, 0.0, 0.0, 0.0, 0.0, 0.0, 1444.1795205854512, 0.0, 0.0, 0.0, 0.0, 0.0, 0.0, 0.0, 0.0, 965.471374475663, 0.0, 0.0, 0.0, 0.0, 0.0, 0.0, 0.0, 0.0, 0.0, 0.0, 0.0, 0.0, 0.0, 0.0, 965.471374475663, 1444.1795205854512, 0.0, 336.2956632540854, 0.0, 0.0, 395.468189254083, 0.0, 0.0, 0.0, 0.0, 0.0, 0.0, 0.0, 0.0, 0.0, 703.4786987999013, 0.0, 0.0, 0.0, 0.0, 0.0, 0.0, 0.0, 0.0, 401.25218240236757, 0.0, 0.0, 0.0, 0.0, 0.0, 395.468189254083, 0.0, 0.0, 0.0, 612.5286578488669, 703.4786987999013, 612.5286578488669, 0.0, 401.25218240236757, 0.0, 0.0]
INFORMACIÓN : 3apuestaBundle [522.543887191721, 299.50670553056113, 270.89934039442755, 214.1151512109683]
INFORMACIÓN : 3positionsBundle [691, 1654, 2352, 1304]
INFORMACIÓN : 3levelsBundle [3, 2, 2, 2]
INFORMACIÓN : 3positionsOrdered [691, 1654, 1304, 2352]
INFORMACIÓN : 3levelsOrdered [3, 2, 2, 2]
INFORMACIÓN : 3partialityOrdered [3, 2, 2, 2]
INFORMACIÓN : 3arrivalTimes [17.69180601295413, 59.75128770258031, 66.75128770258031, 90.20182892661369]
INFORMACIÓN : I [IR]; lost Test.myBail@65f145a6; POS 691; sensors [AB, MW]; level 3 I paid 522.543887191721in favour of6@(myturtles,myturtles,bug)@MK-18863 paid 489.0592694731075
INFORMACIÓN : 4historia0[0.0, 0.0, 0.0, 1444.1795205854512, 0.0, 1079.2808863139473, 0.0, 0.0, 612.5286578488669, 0.0, 0.0, 0.0, 0.0, 0.0, 0.0, 0.0, 0.0, 0.0, 0.0, 0.0, 901.3752790735359, 0.0, 0.0, 0.0, 0.0, 0.0, 703.4786987999013, 0.0, 0.0, 1079.2808863139473, 0.0, 0.0, 0.0, 0.0, 0.0, 0.0, 237.73756469928173, 901.3752790735359, 901.3752790735359, 0.0, 0.0, 0.0, 0.0, 0.0, 0.0, 0.0, 0.0, 0.0, 0.0, 489.0592694731075, 0.0, 0.0, 0.0, 0.0, 489.0592694731075, 0.0, 0.0, 0.0, 0.0, 401.25218240236757, 0.0, 0.0, 0.0, 0.0, 0.0, 0.0, 0.0, 965.471374475663, 0.0, 0.0, 0.0, 629.689719084565, 0.0, 0.0, 0.0, 0.0, 629.689719084565, 0.0, 0.0, 1079.2808863139473, 629.689719084565, 275.3494269537623, 0.0, 0.0, 0.0, 0.0, 0.0, 0.0, 0.0, 0.0, 1444.1795205854512, 0.0, 0.0, 0.0, 0.0, 0.0, 0.0, 0.0, 0.0, 965.471374475663, 0.0, 0.0, 0.0, 0.0, 0.0, 0.0, 0.0, 0.0, 0.0, 0.0, 0.0, 0.0, 0.0, 0.0, 965.471374475663, 1444.1795205854512, 0.0, 336.2956632540854, 0.0, 0.0, 395.468189254083, 0.0, 0.0, 222.3502740614249, 0.0, 0.0, 0.0, 0.0, 0.0, 0.0, 703.4786987999013, 0.0, 0.0, 0.0, 132.6038158628868, 0.0, 0.0, 0.0, 0.0, 401.25218240236757, 0.0, 0.0, 489.0592694731075, 0.0, 0.0, 395.468189254083, 0.0, 0.0, 0.0, 612.5286578488669, 703.4786987999013, 612.5286578488669, 0.0, 401.25218240236757, 0.0, 0.0]
INFORMACIÓN : 4apuestaBundle [305.80818455012025, 274.23040828632895, 223.20831760382106, 181.83895579019637]
INFORMACIÓN : 4positionsBundle [1654, 2352, 1304, 901]
INFORMACIÓN : 4levelsBundle [2, 2, 2, 2]
INFORMACIÓN : 4positionsOrdered [1654, 1304, 2352, 901]
INFORMACIÓN : 4levelsOrdered [2, 2, 2, 2]
INFORMACIÓN : 4partialityOrdered [2, 2, 2, 2]
INFORMACIÓN : 4arrivalTimes [40.0, 47.0, 70.92935338152321, 99.94658963861703]
INFORMACIÓN : coalSat position 1654 level 2
INFORMACIÓN : timeSat position 1654 level 2
INFORMACIÓN : coalSat position 1304 level 2
INFORMACIÓN : timeSat position 1304 level 2
INFORMACIÓN : I [IR]; lost Test.myBail@6f7a1a2f; POS 1654; sensors [MW]; level 2 I paid 305.80818455012025in favour ofnull paid 305.80818455012025
INFORMACIÓN : 5historia0[0.0, 0.0, 0.0, 1444.1795205854512, 0.0, 1079.2808863139473, 0.0, 0.0, 612.5286578488669, 0.0, 0.0, 0.0, 0.0, 0.0, 0.0, 0.0, 0.0, 0.0, 0.0, 0.0, 901.3752790735359, 0.0, 0.0, 0.0, 0.0, 0.0, 703.4786987999013, 202.53945247976486, 0.0, 1079.2808863139473, 0.0, 0.0, 0.0, 0.0, 0.0, 0.0, 237.73756469928173, 901.3752790735359, 901.3752790735359, 111.35124541009554, 0.0, 0.0, 0.0, 0.0, 0.0, 0.0, 0.0, 0.0, 0.0, 489.0592694731075, 0.0, 0.0, 0.0, 0.0, 489.0592694731075, 0.0, 0.0, 0.0, 0.0, 401.25218240236757, 0.0, 285.7700603605773, 0.0, 0.0, 0.0, 0.0, 0.0, 965.471374475663, 0.0, 0.0, 0.0, 629.689719084565, 0.0, 0.0, 0.0, 0.0, 629.689719084565, 0.0, 0.0, 1079.2808863139473, 629.689719084565, 288.9310195092715, 0.0, 0.0, 0.0, 0.0, 0.0, 0.0, 0.0, 0.0, 1444.1795205854512, 0.0, 0.0, 0.0, 0.0, 0.0, 0.0, 0.0, 0.0, 965.471374475663, 0.0, 0.0, 0.0, 0.0, 0.0, 200.6200335154643, 0.0, 0.0, 0.0, 0.0, 0.0, 0.0, 0.0, 0.0, 965.471374475663, 1444.1795205854512, 0.0, 336.2956632540854, 0.0, 0.0, 395.468189254083, 0.0, 0.0, 235.56322280477707, 0.0, 0.0, 0.0, 0.0, 0.0, 0.0, 703.4786987999013, 0.0, 0.0, 0.0, 148.21131202482906, 0.0, 0.0, 0.0, 0.0, 401.25218240236757, 0.0, 0.0, 489.0592694731075, 0.0, 0.0, 395.468189254083, 0.0, 0.0, 0.0, 612.5286578488669, 703.4786987999013, 612.5286578488669, 0.0, 401.25218240236757, 0.0, 0.0]
INFORMACIÓN : 5apuestaBundle [302.96990346216285, 219.41284949291196, 181.83895579019637, 175.22900508009508]
INFORMACIÓN : 5positionsBundle [1654, 1304, 901, 2116]
INFORMACIÓN : 5levelsBundle [2, 2, 2, 1]
INFORMACIÓN : 5positionsOrdered [901, 1654, 1304, 2116]
INFORMACIÓN : 5levelsOrdered [2, 2, 2, 1]
INFORMACIÓN : 5partialityOrdered [2, 2, 2, 1]
INFORMACIÓN : 5arrivalTimes [31.906112267087632, 55.75128770258031, 62.75128770258031, 82.75128770258031]
INFORMACIÓN : 6historia0[0.0, 0.0, 0.0, 1444.1795205854512, 0.0, 1079.2808863139473, 0.0, 0.0, 612.5286578488669, 0.0, 0.0, 0.0, 0.0, 181.83895579019637, 0.0, 0.0, 0.0, 0.0, 0.0, 0.0, 901.3752790735359, 0.0, 0.0, 0.0, 0.0, 0.0, 703.4786987999013, 202.53945247976486, 0.0, 1079.2808863139473, 0.0, 0.0, 0.0, 0.0, 0.0, 0.0, 237.73756469928173, 901.3752790735359, 901.3752790735359, 111.35124541009554, 0.0, 0.0, 0.0, 0.0, 0.0, 0.0, 0.0, 0.0, 302.96990346216285, 489.0592694731075, 0.0, 0.0, 0.0, 0.0, 489.0592694731075, 0.0, 0.0, 0.0, 0.0, 401.25218240236757, 0.0, 285.7700603605773, 0.0, 0.0, 0.0, 0.0, 0.0, 965.471374475663, 0.0, 0.0, 0.0, 629.689719084565, 0.0, 0.0, 0.0, 0.0, 629.689719084565, 0.0, 0.0, 1079.2808863139473, 629.689719084565, 288.9310195092715, 0.0, 0.0, 0.0, 0.0, 0.0, 0.0, 0.0, 0.0, 1444.1795205854512, 0.0, 0.0, 0.0, 0.0, 0.0, 0.0, 0.0, 0.0, 965.471374475663, 0.0, 0.0, 0.0, 0.0, 0.0, 200.6200335154643, 0.0, 175.22900508009508, 0.0, 0.0, 0.0, 0.0, 0.0, 0.0, 965.471374475663, 1444.1795205854512, 0.0, 336.2956632540854, 0.0, 0.0, 395.468189254083, 0.0, 0.0, 235.56322280477707, 219.41284949291196, 0.0, 0.0, 0.0, 0.0, 0.0, 703.4786987999013, 0.0, 0.0, 0.0, 148.21131202482906, 0.0, 0.0, 0.0, 0.0, 401.25218240236757, 0.0, 0.0, 489.0592694731075, 0.0, 0.0, 395.468189254083, 114.53262201084327, 0.0, 0.0, 612.5286578488669, 703.4786987999013, 612.5286578488669, 0.0, 401.25218240236757, 0.0, 0.0]
INFORMACIÓN : 6apuestaBundle [302.96990346216285, 219.41284949291196, 181.83895579019637, 175.22900508009508]
INFORMACIÓN : 6positionsBundle [1654, 1304, 901, 2116]
INFORMACIÓN : 6levelsBundle [2, 2, 2, 1]
INFORMACIÓN : 6positionsOrdered [901, 1654, 1304, 2116]
INFORMACIÓN : 6levelsOrdered [2, 2, 2, 1]
INFORMACIÓN : 6partialityOrdered [2, 2, 2, 1]
INFORMACIÓN : 6arrivalTimes [31.906112267087632, 55.75128770258031, 62.75128770258031, 82.75128770258031]
INFORMACIÓN : 7historia0[0.0, 0.0, 0.0, 1444.1795205854512, 0.0, 1079.2808863139473, 0.0, 0.0, 612.5286578488669, 0.0, 0.0, 0.0, 0.0, 181.83895579019637, 0.0, 0.0, 0.0, 0.0, 0.0, 0.0, 901.3752790735359, 0.0, 0.0, 0.0, 0.0, 0.0, 703.4786987999013, 202.53945247976486, 0.0, 1079.2808863139473, 0.0, 0.0, 0.0, 0.0, 0.0, 0.0, 237.73756469928173, 901.3752790735359, 901.3752790735359, 111.35124541009554, 0.0, 0.0, 0.0, 0.0, 0.0, 0.0, 0.0, 0.0, 302.96990346216285, 489.0592694731075, 0.0, 0.0, 0.0, 0.0, 489.0592694731075, 0.0, 0.0, 0.0, 0.0, 401.25218240236757, 0.0, 285.7700603605773, 0.0, 0.0, 0.0, 0.0, 0.0, 965.471374475663, 0.0, 0.0, 0.0, 629.689719084565, 0.0, 0.0, 0.0, 0.0, 629.689719084565, 0.0, 0.0, 1079.2808863139473, 629.689719084565, 288.9310195092715, 0.0, 0.0, 0.0, 0.0, 0.0, 0.0, 0.0, 0.0, 1444.1795205854512, 0.0, 0.0, 0.0, 0.0, 0.0, 0.0, 0.0, 0.0, 965.471374475663, 0.0, 0.0, 0.0, 0.0, 0.0, 200.6200335154643, 0.0, 175.22900508009508, 0.0, 0.0, 0.0, 0.0, 0.0, 0.0, 965.471374475663, 1444.1795205854512, 0.0, 336.2956632540854, 0.0, 0.0, 395.468189254083, 0.0, 0.0, 235.56322280477707, 219.41284949291196, 0.0, 0.0, 0.0, 0.0, 0.0, 703.4786987999013, 0.0, 0.0, 0.0, 148.21131202482906, 0.0, 0.0, 0.0, 0.0, 401.25218240236757, 0.0, 0.0, 489.0592694731075, 0.0, 0.0, 395.468189254083, 114.53262201084327, 0.0, 0.0, 612.5286578488669, 703.4786987999013, 612.5286578488669, 0.0, 401.25218240236757, 0.0, 0.0]
INFORMACIÓN : 7apuestaBundle [302.96990346216285, 219.41284949291196, 181.83895579019637, 175.22900508009508]
INFORMACIÓN : 7positionsBundle [1654, 1304, 901, 2116]
INFORMACIÓN : 7levelsBundle [2, 2, 2, 1]
INFORMACIÓN : 7positionsOrdered [901, 1654, 1304, 2116]
INFORMACIÓN : 7levelsOrdered [2, 2, 2, 1]
INFORMACIÓN : 7partialityOrdered [2, 2, 2, 1]
INFORMACIÓN : 7arrivalTimes [31.906112267087632, 55.75128770258031, 62.75128770258031, 82.75128770258031]
INFORMACIÓN : 8historia0[0.0, 0.0, 0.0, 1444.1795205854512, 0.0, 1079.2808863139473, 0.0, 0.0, 612.5286578488669, 0.0, 0.0, 0.0, 0.0, 181.83895579019637, 0.0, 0.0, 0.0, 0.0, 0.0, 0.0, 901.3752790735359, 0.0, 0.0, 0.0, 0.0, 0.0, 703.4786987999013, 202.53945247976486, 0.0, 1079.2808863139473, 0.0, 0.0, 0.0, 0.0, 0.0, 0.0, 237.73756469928173, 901.3752790735359, 901.3752790735359, 111.35124541009554, 0.0, 0.0, 0.0, 0.0, 0.0, 0.0, 0.0, 0.0, 302.96990346216285, 489.0592694731075, 0.0, 0.0, 0.0, 0.0, 489.0592694731075, 0.0, 0.0, 0.0, 0.0, 401.25218240236757, 0.0, 285.7700603605773, 0.0, 0.0, 0.0, 0.0, 0.0, 965.471374475663, 0.0, 0.0, 0.0, 629.689719084565, 0.0, 0.0, 0.0, 0.0, 629.689719084565, 0.0, 0.0, 1079.2808863139473, 629.689719084565, 288.9310195092715, 0.0, 0.0, 0.0, 0.0, 0.0, 0.0, 0.0, 0.0, 1444.1795205854512, 0.0, 0.0, 0.0, 0.0, 0.0, 0.0, 0.0, 0.0, 965.471374475663, 0.0, 0.0, 0.0, 0.0, 0.0, 200.6200335154643, 0.0, 175.22900508009508, 0.0, 0.0, 0.0, 0.0, 0.0, 0.0, 965.471374475663, 1444.1795205854512, 0.0, 336.2956632540854, 0.0, 0.0, 395.468189254083, 0.0, 0.0, 235.56322280477707, 219.41284949291196, 0.0, 0.0, 0.0, 0.0, 0.0, 703.4786987999013, 0.0, 0.0, 0.0, 148.21131202482906, 0.0, 0.0, 0.0, 0.0, 401.25218240236757, 0.0, 0.0, 489.0592694731075, 0.0, 0.0, 395.468189254083, 114.53262201084327, 0.0, 0.0, 612.5286578488669, 703.4786987999013, 612.5286578488669, 0.0, 401.25218240236757, 0.0, 0.0]
INFORMACIÓN : 8apuestaBundle [302.96990346216285, 219.41284949291196, 181.83895579019637, 175.22900508009508]
INFORMACIÓN : 8positionsBundle [1654, 1304, 901, 2116]
INFORMACIÓN : 8levelsBundle [2, 2, 2, 1]
INFORMACIÓN : 8positionsOrdered [901, 1654, 1304, 2116]
INFORMACIÓN : 8levelsOrdered [2, 2, 2, 1]
INFORMACIÓN : 8partialityOrdered [2, 2, 2, 1]
INFORMACIÓN : 8arrivalTimes [31.906112267087632, 55.75128770258031, 62.75128770258031, 82.75128770258031]
INFORMACIÓN : depSat position 901 level 2
INFORMACIÓN : I [IR]; lost Test.myBail@67fa63db; POS 901; sensors [MW]; level 2 I paid 181.83895579019637in favour ofnull paid 181.83895579019637
INFORMACIÓN : 9historia0[0.0, 0.0, 0.0, 1444.1795205854512, 0.0, 1079.2808863139473, 0.0, 0.0, 612.5286578488669, 0.0, 0.0, 0.0, 0.0, 0.0, 0.0, 0.0, 0.0, 0.0, 0.0, 0.0, 901.3752790735359, 0.0, 0.0, 0.0, 0.0, 0.0, 703.4786987999013, 202.53945247976486, 0.0, 1079.2808863139473, 0.0, 0.0, 0.0, 0.0, 0.0, 0.0, 237.73756469928173, 901.3752790735359, 901.3752790735359, 111.35124541009554, 0.0, 0.0, 0.0, 0.0, 0.0, 0.0, 0.0, 0.0, 302.96990346216285, 489.0592694731075, 0.0, 0.0, 0.0, 0.0, 489.0592694731075, 0.0, 0.0, 0.0, 0.0, 401.25218240236757, 0.0, 285.7700603605773, 0.0, 0.0, 0.0, 0.0, 0.0, 965.471374475663, 0.0, 0.0, 0.0, 629.689719084565, 0.0, 0.0, 0.0, 0.0, 629.689719084565, 0.0, 0.0, 1079.2808863139473, 629.689719084565, 288.9310195092715, 0.0, 0.0, 0.0, 0.0, 0.0, 0.0, 0.0, 0.0, 1444.1795205854512, 0.0, 0.0, 0.0, 0.0, 0.0, 0.0, 0.0, 0.0, 965.471374475663, 0.0, 0.0, 0.0, 0.0, 0.0, 200.6200335154643, 0.0, 0.0, 0.0, 0.0, 0.0, 0.0, 0.0, 0.0, 965.471374475663, 1444.1795205854512, 0.0, 336.2956632540854, 0.0, 0.0, 395.468189254083, 0.0, 0.0, 227.2102344968945, 219.41284949291196, 0.0, 0.0, 0.0, 0.0, 0.0, 703.4786987999013, 0.0, 0.0, 0.0, 144.50111850581925, 0.0, 0.0, 0.0, 0.0, 401.25218240236757, 0.0, 0.0, 489.0592694731075, 0.0, 0.0, 395.468189254083, 114.53262201084327, 0.0, 0.0, 612.5286578488669, 703.4786987999013, 612.5286578488669, 0.0, 401.25218240236757, 0.0, 0.0]
INFORMACIÓN : 9apuestaBundle [302.96990346216285, 219.41284949291196, 181.83895579019637, 175.22900508009508]
INFORMACIÓN : 9positionsBundle [1654, 1304, 901, 2116]
INFORMACIÓN : 9levelsBundle [2, 2, 2, 1]
INFORMACIÓN : 9positionsOrdered [901, 1654, 1304, 2116]
INFORMACIÓN : 9levelsOrdered [2, 2, 2, 1]
INFORMACIÓN : 9partialityOrdered [2, 2, 2, 1]
INFORMACIÓN : 9arrivalTimes [31.906112267087632, 55.75128770258031, 62.75128770258031, 82.75128770258031]
INFORMACIÓN : 10historia0[0.0, 0.0, 0.0, 1444.1795205854512, 0.0, 1079.2808863139473, 0.0, 0.0, 612.5286578488669, 0.0, 0.0, 0.0, 0.0, 181.83895579019637, 0.0, 0.0, 0.0, 0.0, 0.0, 0.0, 901.3752790735359, 0.0, 0.0, 0.0, 0.0, 0.0, 703.4786987999013, 202.53945247976486, 0.0, 1079.2808863139473, 0.0, 0.0, 0.0, 0.0, 0.0, 0.0, 237.73756469928173, 901.3752790735359, 901.3752790735359, 111.35124541009554, 0.0, 0.0, 0.0, 0.0, 0.0, 0.0, 0.0, 0.0, 302.96990346216285, 489.0592694731075, 0.0, 0.0, 0.0, 0.0, 489.0592694731075, 0.0, 0.0, 0.0, 0.0, 401.25218240236757, 0.0, 285.7700603605773, 0.0, 0.0, 0.0, 0.0, 0.0, 965.471374475663, 0.0, 0.0, 0.0, 629.689719084565, 0.0, 0.0, 0.0, 0.0, 629.689719084565, 0.0, 0.0, 1079.2808863139473, 629.689719084565, 288.9310195092715, 0.0, 0.0, 0.0, 0.0, 0.0, 0.0, 0.0, 0.0, 1444.1795205854512, 0.0, 0.0, 0.0, 0.0, 0.0, 0.0, 0.0, 0.0, 965.471374475663, 0.0, 0.0, 0.0, 0.0, 0.0, 200.6200335154643, 0.0, 175.22900508009508, 0.0, 0.0, 0.0, 0.0, 0.0, 0.0, 965.471374475663, 1444.1795205854512, 0.0, 336.2956632540854, 0.0, 0.0, 395.468189254083, 0.0, 0.0, 227.2102344968945, 219.41284949291196, 0.0, 0.0, 0.0, 0.0, 0.0, 703.4786987999013, 0.0, 0.0, 0.0, 144.50111850581925, 0.0, 0.0, 0.0, 0.0, 401.25218240236757, 0.0, 0.0, 489.0592694731075, 0.0, 0.0, 395.468189254083, 114.53262201084327, 0.0, 0.0, 612.5286578488669, 703.4786987999013, 612.5286578488669, 0.0, 401.25218240236757, 0.0, 0.0]
INFORMACIÓN : 10apuestaBundle [302.96990346216285, 219.41284949291196, 181.83895579019637, 175.22900508009508]
INFORMACIÓN : 10positionsBundle [1654, 1304, 901, 2116]
INFORMACIÓN : 10levelsBundle [2, 2, 2, 1]
INFORMACIÓN : 10positionsOrdered [901, 1654, 1304, 2116]
INFORMACIÓN : 10levelsOrdered [2, 2, 2, 1]
INFORMACIÓN : 10partialityOrdered [2, 2, 2, 1]
INFORMACIÓN : 10arrivalTimes [31.906112267087632, 55.75128770258031, 62.75128770258031, 82.75128770258031]
INFORMACIÓN : 11historia0[0.0, 0.0, 0.0, 1444.1795205854512, 0.0, 1079.2808863139473, 0.0, 0.0, 612.5286578488669, 0.0, 0.0, 0.0, 0.0, 181.83895579019637, 0.0, 0.0, 0.0, 0.0, 0.0, 0.0, 901.3752790735359, 0.0, 0.0, 0.0, 0.0, 0.0, 703.4786987999013, 202.53945247976486, 0.0, 1079.2808863139473, 0.0, 0.0, 0.0, 0.0, 0.0, 0.0, 237.73756469928173, 901.3752790735359, 901.3752790735359, 111.35124541009554, 0.0, 0.0, 0.0, 0.0, 0.0, 0.0, 0.0, 0.0, 302.96990346216285, 489.0592694731075, 0.0, 0.0, 0.0, 0.0, 489.0592694731075, 0.0, 0.0, 0.0, 0.0, 401.25218240236757, 0.0, 285.7700603605773, 0.0, 0.0, 0.0, 0.0, 0.0, 965.471374475663, 0.0, 0.0, 0.0, 629.689719084565, 0.0, 0.0, 0.0, 0.0, 629.689719084565, 0.0, 0.0, 1079.2808863139473, 629.689719084565, 288.9310195092715, 0.0, 0.0, 0.0, 0.0, 0.0, 0.0, 0.0, 0.0, 1444.1795205854512, 0.0, 0.0, 0.0, 0.0, 0.0, 0.0, 0.0, 0.0, 965.471374475663, 0.0, 0.0, 0.0, 0.0, 0.0, 200.6200335154643, 0.0, 175.22900508009508, 0.0, 0.0, 0.0, 0.0, 0.0, 0.0, 965.471374475663, 1444.1795205854512, 0.0, 336.2956632540854, 0.0, 0.0, 395.468189254083, 0.0, 0.0, 227.2102344968945, 219.41284949291196, 0.0, 0.0, 0.0, 0.0, 0.0, 703.4786987999013, 0.0, 0.0, 0.0, 144.50111850581925, 0.0, 0.0, 0.0, 0.0, 401.25218240236757, 0.0, 0.0, 489.0592694731075, 0.0, 0.0, 395.468189254083, 114.53262201084327, 0.0, 0.0, 612.5286578488669, 703.4786987999013, 612.5286578488669, 0.0, 401.25218240236757, 0.0, 0.0]
INFORMACIÓN : 11apuestaBundle [302.96990346216285, 219.41284949291196, 181.83895579019637, 175.22900508009508]
INFORMACIÓN : 11positionsBundle [1654, 1304, 901, 2116]
INFORMACIÓN : 11levelsBundle [2, 2, 2, 1]
INFORMACIÓN : 11positionsOrdered [901, 1654, 1304, 2116]
INFORMACIÓN : 11levelsOrdered [2, 2, 2, 1]
INFORMACIÓN : 11partialityOrdered [2, 2, 2, 1]
INFORMACIÓN : 11arrivalTimes [31.906112267087632, 55.75128770258031, 62.75128770258031, 82.75128770258031]
INFORMACIÓN : 12historia0[0.0, 0.0, 0.0, 1444.1795205854512, 0.0, 1079.2808863139473, 0.0, 0.0, 612.5286578488669, 0.0, 0.0, 0.0, 0.0, 181.83895579019637, 0.0, 0.0, 0.0, 0.0, 0.0, 0.0, 901.3752790735359, 0.0, 0.0, 0.0, 0.0, 0.0, 703.4786987999013, 202.53945247976486, 0.0, 1079.2808863139473, 0.0, 0.0, 0.0, 0.0, 0.0, 0.0, 237.73756469928173, 901.3752790735359, 901.3752790735359, 111.35124541009554, 0.0, 0.0, 0.0, 0.0, 0.0, 0.0, 0.0, 0.0, 302.96990346216285, 489.0592694731075, 0.0, 0.0, 0.0, 0.0, 489.0592694731075, 0.0, 0.0, 0.0, 0.0, 401.25218240236757, 0.0, 285.7700603605773, 0.0, 0.0, 0.0, 0.0, 0.0, 965.471374475663, 0.0, 0.0, 0.0, 629.689719084565, 0.0, 0.0, 0.0, 0.0, 629.689719084565, 0.0, 0.0, 1079.2808863139473, 629.689719084565, 288.9310195092715, 0.0, 0.0, 0.0, 0.0, 0.0, 0.0, 0.0, 0.0, 1444.1795205854512, 0.0, 0.0, 0.0, 0.0, 0.0, 0.0, 0.0, 0.0, 965.471374475663, 0.0, 0.0, 0.0, 0.0, 0.0, 200.6200335154643, 0.0, 175.22900508009508, 0.0, 0.0, 0.0, 0.0, 0.0, 0.0, 965.471374475663, 1444.1795205854512, 0.0, 336.2956632540854, 0.0, 0.0, 395.468189254083, 0.0, 0.0, 227.2102344968945, 219.41284949291196, 0.0, 0.0, 0.0, 0.0, 0.0, 703.4786987999013, 0.0, 0.0, 0.0, 144.50111850581925, 0.0, 0.0, 0.0, 0.0, 401.25218240236757, 0.0, 0.0, 489.0592694731075, 0.0, 0.0, 395.468189254083, 114.53262201084327, 0.0, 0.0, 612.5286578488669, 703.4786987999013, 612.5286578488669, 0.0, 401.25218240236757, 0.0, 0.0]
