----------------------------------------------------------------------
-- Log session for [myBugCoalitionsCCBBAGuaiDEF-7] started on 2017.07.17.01.48.58 --
----------------------------------------------------------------------

INFORMACIÓN : I started
INFORMACIÓN : 0apuestaBundle [1444.1795205854512, 1444.1795205854512, 1444.1795205854512, 1079.2808863139473, 1079.2808863139473, 1079.2808863139473, 965.471374475663, 965.471374475663, 965.471374475663, 901.3752790735359, 901.3752790735359, 901.3752790735359]
INFORMACIÓN : 0positionsBundle [213, 213, 213, 2259, 2259, 2259, 2112, 2112, 2112, 2079, 2079, 2079]
INFORMACIÓN : 0levelsBundle [3, 3, 3, 3, 3, 3, 3, 3, 3, 3, 3, 3]
INFORMACIÓN : 0positionsOrdered [213, 213, 213, 2259, 2259, 2259, 2112, 2112, 2112, 2079, 2079, 2079]
INFORMACIÓN : 0levelsOrdered [3, 3, 3, 3, 3, 3, 3, 3, 3, 3, 3, 3]
INFORMACIÓN : 0partialityOrdered [3, 3, 3, 3, 3, 3, 3, 3, 3, 3, 3, 3]
INFORMACIÓN : 0arrivalTimes [14.317821063276353, 14.317821063276353, 14.317821063276353, 55.512480911368314, 55.512480911368314, 55.512480911368314, 59.7551215984876, 59.7551215984876, 59.7551215984876, 76.784507964414, 76.784507964414, 76.784507964414]
INFORMACIÓN : 1historia0[0.0, 0.0, 0.0, 1444.1795205854512, 0.0, 1079.2808863139473, 0.0, 0.0, 0.0, 0.0, 0.0, 0.0, 0.0, 0.0, 0.0, 0.0, 0.0, 0.0, 0.0, 0.0, 901.3752790735359, 0.0, 0.0, 0.0, 0.0, 0.0, 0.0, 0.0, 0.0, 1079.2808863139473, 0.0, 0.0, 0.0, 0.0, 0.0, 0.0, 0.0, 901.3752790735359, 901.3752790735359, 0.0, 0.0, 0.0, 0.0, 0.0, 0.0, 0.0, 0.0, 0.0, 0.0, 0.0, 0.0, 0.0, 0.0, 0.0, 0.0, 0.0, 0.0, 0.0, 0.0, 0.0, 0.0, 0.0, 0.0, 0.0, 0.0, 0.0, 0.0, 965.471374475663, 0.0, 0.0, 0.0, 0.0, 0.0, 0.0, 0.0, 0.0, 0.0, 0.0, 0.0, 1079.2808863139473, 0.0, 0.0, 0.0, 0.0, 0.0, 0.0, 0.0, 0.0, 0.0, 0.0, 1444.1795205854512, 0.0, 0.0, 0.0, 0.0, 0.0, 0.0, 0.0, 0.0, 965.471374475663, 0.0, 0.0, 0.0, 0.0, 0.0, 0.0, 0.0, 0.0, 0.0, 0.0, 0.0, 0.0, 0.0, 0.0, 965.471374475663, 1444.1795205854512, 0.0, 0.0, 0.0, 0.0, 0.0, 0.0, 0.0, 0.0, 0.0, 0.0, 0.0, 0.0, 0.0, 0.0, 0.0, 0.0, 0.0, 0.0, 0.0, 0.0, 0.0, 0.0, 0.0, 0.0, 0.0, 0.0, 0.0, 0.0, 0.0, 0.0, 0.0, 0.0, 0.0, 0.0, 0.0, 0.0, 0.0, 0.0, 0.0, 0.0]
INFORMACIÓN : 1apuestaBundle [1444.1795205854512, 1444.1795205854512, 1444.1795205854512, 1079.2808863139473, 1079.2808863139473, 1079.2808863139473, 965.471374475663, 965.471374475663, 965.471374475663, 901.3752790735359, 901.3752790735359, 901.3752790735359]
INFORMACIÓN : 1positionsBundle [213, 213, 213, 2259, 2259, 2259, 2112, 2112, 2112, 2079, 2079, 2079]
INFORMACIÓN : 1levelsBundle [3, 3, 3, 3, 3, 3, 3, 3, 3, 3, 3, 3]
INFORMACIÓN : 1positionsOrdered [213, 213, 213, 2259, 2259, 2259, 2112, 2112, 2112, 2079, 2079, 2079]
INFORMACIÓN : 1levelsOrdered [3, 3, 3, 3, 3, 3, 3, 3, 3, 3, 3, 3]
INFORMACIÓN : 1partialityOrdered [3, 3, 3, 3, 3, 3, 3, 3, 3, 3, 3, 3]
INFORMACIÓN : 1arrivalTimes [14.317821063276353, 14.317821063276353, 14.317821063276353, 55.512480911368314, 55.512480911368314, 55.512480911368314, 59.7551215984876, 59.7551215984876, 59.7551215984876, 76.784507964414, 76.784507964414, 76.784507964414]
INFORMACIÓN : 2historia0[0.0, 0.0, 0.0, 1444.1795205854512, 0.0, 1079.2808863139473, 0.0, 0.0, 528.1644879023999, 0.0, 0.0, 0.0, 0.0, 0.0, 0.0, 0.0, 0.0, 0.0, 0.0, 0.0, 901.3752790735359, 0.0, 0.0, 0.0, 0.0, 0.0, 703.4786987999013, 0.0, 0.0, 1079.2808863139473, 0.0, 0.0, 0.0, 0.0, 0.0, 0.0, 0.0, 901.3752790735359, 901.3752790735359, 0.0, 0.0, 0.0, 0.0, 0.0, 0.0, 0.0, 0.0, 0.0, 0.0, 489.0592694731075, 0.0, 0.0, 0.0, 0.0, 489.0592694731075, 0.0, 0.0, 0.0, 0.0, 0.0, 0.0, 0.0, 0.0, 0.0, 0.0, 0.0, 0.0, 965.471374475663, 0.0, 0.0, 0.0, 629.689719084565, 0.0, 0.0, 0.0, 0.0, 629.689719084565, 0.0, 0.0, 1079.2808863139473, 629.689719084565, 0.0, 0.0, 0.0, 0.0, 0.0, 0.0, 0.0, 0.0, 0.0, 1444.1795205854512, 0.0, 0.0, 0.0, 0.0, 0.0, 0.0, 0.0, 0.0, 965.471374475663, 0.0, 0.0, 0.0, 0.0, 0.0, 0.0, 0.0, 0.0, 0.0, 0.0, 0.0, 0.0, 0.0, 0.0, 965.471374475663, 1444.1795205854512, 0.0, 0.0, 0.0, 0.0, 0.0, 0.0, 0.0, 0.0, 0.0, 0.0, 0.0, 0.0, 0.0, 0.0, 703.4786987999013, 0.0, 0.0, 0.0, 0.0, 0.0, 0.0, 0.0, 0.0, 0.0, 0.0, 0.0, 489.0592694731075, 0.0, 0.0, 0.0, 0.0, 0.0, 0.0, 528.1644879023999, 703.4786987999013, 528.1644879023999, 0.0, 0.0, 0.0, 0.0]
INFORMACIÓN : 2apuestaBundle [1444.1795205854512, 1444.1795205854512, 1444.1795205854512, 1079.2808863139473, 1079.2808863139473, 1079.2808863139473, 965.471374475663, 965.471374475663, 965.471374475663, 901.3752790735359, 901.3752790735359, 901.3752790735359]
INFORMACIÓN : 2positionsBundle [213, 213, 213, 2259, 2259, 2259, 2112, 2112, 2112, 2079, 2079, 2079]
INFORMACIÓN : 2levelsBundle [3, 3, 3, 3, 3, 3, 3, 3, 3, 3, 3, 3]
INFORMACIÓN : 2positionsOrdered [213, 213, 213, 2259, 2259, 2259, 2112, 2112, 2112, 2079, 2079, 2079]
INFORMACIÓN : 2levelsOrdered [3, 3, 3, 3, 3, 3, 3, 3, 3, 3, 3, 3]
INFORMACIÓN : 2partialityOrdered [3, 3, 3, 3, 3, 3, 3, 3, 3, 3, 3, 3]
INFORMACIÓN : 2arrivalTimes [14.317821063276353, 14.317821063276353, 14.317821063276353, 55.512480911368314, 55.512480911368314, 55.512480911368314, 59.7551215984876, 59.7551215984876, 59.7551215984876, 76.784507964414, 76.784507964414, 76.784507964414]
INFORMACIÓN : 3historia0[0.0, 0.0, 0.0, 1444.1795205854512, 0.0, 1079.2808863139473, 0.0, 0.0, 612.5286578488669, 0.0, 0.0, 0.0, 0.0, 0.0, 0.0, 0.0, 0.0, 0.0, 0.0, 0.0, 901.3752790735359, 0.0, 0.0, 0.0, 0.0, 0.0, 703.4786987999013, 208.66793448341662, 0.0, 1079.2808863139473, 0.0, 0.0, 0.0, 0.0, 0.0, 0.0, 0.0, 901.3752790735359, 901.3752790735359, 0.0, 0.0, 0.0, 0.0, 0.0, 0.0, 0.0, 0.0, 0.0, 305.80818455012025, 0.0, 0.0, 0.0, 0.0, 0.0, 0.0, 0.0, 0.0, 0.0, 0.0, 401.25218240236757, 0.0, 286.68937047537514, 0.0, 0.0, 0.0, 0.0, 0.0, 965.471374475663, 0.0, 0.0, 0.0, 629.689719084565, 0.0, 0.0, 0.0, 0.0, 629.689719084565, 0.0, 0.0, 1079.2808863139473, 629.689719084565, 288.9310195092715, 0.0, 0.0, 277.3864323312834, 0.0, 0.0, 0.0, 0.0, 0.0, 1444.1795205854512, 0.0, 0.0, 0.0, 0.0, 0.0, 0.0, 0.0, 0.0, 965.471374475663, 0.0, 0.0, 0.0, 0.0, 0.0, 202.80011710646593, 0.0, 0.0, 0.0, 0.0, 0.0, 0.0, 0.0, 0.0, 965.471374475663, 1444.1795205854512, 0.0, 336.2956632540854, 0.0, 0.0, 395.468189254083, 0.0, 0.0, 0.0, 0.0, 0.0, 0.0, 0.0, 0.0, 0.0, 703.4786987999013, 0.0, 0.0, 0.0, 0.0, 0.0, 0.0, 0.0, 0.0, 401.25218240236757, 0.0, 0.0, 0.0, 0.0, 0.0, 395.468189254083, 0.0, 0.0, 0.0, 612.5286578488669, 703.4786987999013, 612.5286578488669, 0.0, 401.25218240236757, 0.0, 0.0]
INFORMACIÓN : 3apuestaBundle [1444.1795205854512, 1444.1795205854512, 1444.1795205854512, 1079.2808863139473, 1079.2808863139473, 1079.2808863139473, 965.471374475663, 965.471374475663, 965.471374475663, 901.3752790735359, 901.3752790735359, 901.3752790735359]
INFORMACIÓN : 3positionsBundle [213, 213, 213, 2259, 2259, 2259, 2112, 2112, 2112, 2079, 2079, 2079]
INFORMACIÓN : 3levelsBundle [3, 3, 3, 3, 3, 3, 3, 3, 3, 3, 3, 3]
INFORMACIÓN : 3positionsOrdered [213, 213, 213, 2259, 2259, 2259, 2112, 2112, 2112, 2079, 2079, 2079]
INFORMACIÓN : 3levelsOrdered [3, 3, 3, 3, 3, 3, 3, 3, 3, 3, 3, 3]
INFORMACIÓN : 3partialityOrdered [3, 3, 3, 3, 3, 3, 3, 3, 3, 3, 3, 3]
INFORMACIÓN : 3arrivalTimes [14.317821063276353, 14.317821063276353, 14.317821063276353, 55.512480911368314, 55.512480911368314, 55.512480911368314, 59.7551215984876, 59.7551215984876, 59.7551215984876, 76.784507964414, 76.784507964414, 76.784507964414]
INFORMACIÓN : 4historia0[0.0, 0.0, 0.0, 1444.1795205854512, 0.0, 1079.2808863139473, 0.0, 0.0, 612.5286578488669, 0.0, 0.0, 0.0, 0.0, 0.0, 0.0, 0.0, 0.0, 0.0, 0.0, 0.0, 901.3752790735359, 0.0, 0.0, 0.0, 0.0, 0.0, 703.4786987999013, 208.66793448341662, 0.0, 1079.2808863139473, 0.0, 0.0, 0.0, 0.0, 0.0, 0.0, 237.73756469928173, 901.3752790735359, 901.3752790735359, 0.0, 0.0, 0.0, 0.0, 0.0, 0.0, 0.0, 0.0, 0.0, 299.50670553056113, 489.0592694731075, 0.0, 0.0, 0.0, 0.0, 489.0592694731075, 0.0, 0.0, 0.0, 0.0, 401.25218240236757, 0.0, 283.4509614297423, 0.0, 0.0, 0.0, 0.0, 0.0, 965.471374475663, 0.0, 0.0, 0.0, 629.689719084565, 0.0, 0.0, 0.0, 0.0, 629.689719084565, 0.0, 0.0, 1079.2808863139473, 629.689719084565, 275.3494269537623, 0.0, 0.0, 270.89934039442755, 0.0, 0.0, 0.0, 0.0, 0.0, 1444.1795205854512, 0.0, 0.0, 0.0, 0.0, 0.0, 0.0, 0.0, 0.0, 965.471374475663, 0.0, 0.0, 0.0, 0.0, 0.0, 202.80011710646593, 0.0, 0.0, 0.0, 0.0, 0.0, 0.0, 0.0, 0.0, 965.471374475663, 1444.1795205854512, 0.0, 336.2956632540854, 0.0, 0.0, 395.468189254083, 0.0, 0.0, 222.3502740614249, 214.1151512109683, 0.0, 0.0, 0.0, 0.0, 0.0, 703.4786987999013, 0.0, 0.0, 0.0, 132.6038158628868, 0.0, 0.0, 0.0, 0.0, 401.25218240236757, 0.0, 0.0, 489.0592694731075, 0.0, 0.0, 395.468189254083, 0.0, 0.0, 0.0, 612.5286578488669, 703.4786987999013, 612.5286578488669, 0.0, 401.25218240236757, 0.0, 0.0]
INFORMACIÓN : 4apuestaBundle [1444.1795205854512, 1444.1795205854512, 1444.1795205854512, 1079.2808863139473, 1079.2808863139473, 1079.2808863139473, 965.471374475663, 965.471374475663, 965.471374475663, 901.3752790735359, 901.3752790735359, 901.3752790735359]
INFORMACIÓN : 4positionsBundle [213, 213, 213, 2259, 2259, 2259, 2112, 2112, 2112, 2079, 2079, 2079]
INFORMACIÓN : 4levelsBundle [3, 3, 3, 3, 3, 3, 3, 3, 3, 3, 3, 3]
INFORMACIÓN : 4positionsOrdered [213, 213, 213, 2259, 2259, 2259, 2112, 2112, 2112, 2079, 2079, 2079]
INFORMACIÓN : 4levelsOrdered [3, 3, 3, 3, 3, 3, 3, 3, 3, 3, 3, 3]
INFORMACIÓN : 4partialityOrdered [3, 3, 3, 3, 3, 3, 3, 3, 3, 3, 3, 3]
INFORMACIÓN : 4arrivalTimes [14.317821063276353, 14.317821063276353, 14.317821063276353, 55.512480911368314, 55.512480911368314, 55.512480911368314, 59.7551215984876, 59.7551215984876, 59.7551215984876, 76.784507964414, 76.784507964414, 76.784507964414]
INFORMACIÓN : 5historia0[0.0, 0.0, 0.0, 1444.1795205854512, 0.0, 1079.2808863139473, 0.0, 0.0, 612.5286578488669, 0.0, 0.0, 0.0, 0.0, 181.83895579019637, 0.0, 0.0, 0.0, 0.0, 0.0, 0.0, 901.3752790735359, 0.0, 0.0, 0.0, 0.0, 0.0, 703.4786987999013, 202.53945247976486, 0.0, 1079.2808863139473, 0.0, 0.0, 0.0, 0.0, 0.0, 0.0, 237.73756469928173, 901.3752790735359, 901.3752790735359, 111.35124541009554, 0.0, 0.0, 0.0, 0.0, 0.0, 0.0, 0.0, 0.0, 305.80818455012025, 489.0592694731075, 0.0, 0.0, 0.0, 0.0, 489.0592694731075, 0.0, 0.0, 0.0, 0.0, 401.25218240236757, 0.0, 285.7700603605773, 0.0, 0.0, 0.0, 0.0, 0.0, 965.471374475663, 0.0, 0.0, 0.0, 629.689719084565, 0.0, 0.0, 0.0, 0.0, 629.689719084565, 0.0, 0.0, 1079.2808863139473, 629.689719084565, 288.9310195092715, 0.0, 0.0, 274.23040828632895, 0.0, 0.0, 0.0, 0.0, 0.0, 1444.1795205854512, 0.0, 0.0, 0.0, 0.0, 0.0, 0.0, 0.0, 0.0, 965.471374475663, 0.0, 0.0, 0.0, 0.0, 0.0, 200.6200335154643, 0.0, 0.0, 0.0, 0.0, 0.0, 0.0, 0.0, 0.0, 965.471374475663, 1444.1795205854512, 0.0, 336.2956632540854, 0.0, 0.0, 395.468189254083, 0.0, 0.0, 235.56322280477707, 223.20831760382106, 0.0, 0.0, 0.0, 0.0, 0.0, 703.4786987999013, 0.0, 0.0, 0.0, 148.21131202482906, 0.0, 0.0, 0.0, 0.0, 401.25218240236757, 159.22666117649746, 0.0, 489.0592694731075, 0.0, 0.0, 395.468189254083, 0.0, 0.0, 0.0, 612.5286578488669, 703.4786987999013, 612.5286578488669, 0.0, 401.25218240236757, 0.0, 0.0]
INFORMACIÓN : 5apuestaBundle [1444.1795205854512, 1444.1795205854512, 1444.1795205854512, 1079.2808863139473, 1079.2808863139473, 1079.2808863139473, 965.471374475663, 965.471374475663, 965.471374475663, 901.3752790735359, 901.3752790735359, 901.3752790735359]
INFORMACIÓN : 5positionsBundle [213, 213, 213, 2259, 2259, 2259, 2112, 2112, 2112, 2079, 2079, 2079]
INFORMACIÓN : 5levelsBundle [3, 3, 3, 3, 3, 3, 3, 3, 3, 3, 3, 3]
INFORMACIÓN : 5positionsOrdered [213, 213, 213, 2259, 2259, 2259, 2112, 2112, 2112, 2079, 2079, 2079]
INFORMACIÓN : 5levelsOrdered [3, 3, 3, 3, 3, 3, 3, 3, 3, 3, 3, 3]
INFORMACIÓN : 5partialityOrdered [3, 3, 3, 3, 3, 3, 3, 3, 3, 3, 3, 3]
INFORMACIÓN : 5arrivalTimes [14.317821063276353, 14.317821063276353, 14.317821063276353, 55.512480911368314, 55.512480911368314, 55.512480911368314, 59.7551215984876, 59.7551215984876, 59.7551215984876, 76.784507964414, 76.784507964414, 76.784507964414]
INFORMACIÓN : 6historia0[0.0, 0.0, 0.0, 1444.1795205854512, 0.0, 1079.2808863139473, 0.0, 0.0, 612.5286578488669, 0.0, 0.0, 0.0, 0.0, 181.83895579019637, 0.0, 0.0, 0.0, 0.0, 0.0, 0.0, 901.3752790735359, 0.0, 0.0, 0.0, 0.0, 0.0, 703.4786987999013, 202.53945247976486, 0.0, 1079.2808863139473, 0.0, 0.0, 0.0, 0.0, 0.0, 0.0, 237.73756469928173, 901.3752790735359, 901.3752790735359, 111.35124541009554, 0.0, 0.0, 0.0, 0.0, 0.0, 0.0, 0.0, 0.0, 302.96990346216285, 489.0592694731075, 0.0, 0.0, 0.0, 0.0, 489.0592694731075, 0.0, 0.0, 0.0, 0.0, 401.25218240236757, 0.0, 285.7700603605773, 0.0, 0.0, 0.0, 0.0, 0.0, 965.471374475663, 0.0, 0.0, 0.0, 629.689719084565, 0.0, 0.0, 0.0, 0.0, 629.689719084565, 0.0, 0.0, 1079.2808863139473, 629.689719084565, 288.9310195092715, 0.0, 0.0, 0.0, 0.0, 0.0, 0.0, 0.0, 0.0, 1444.1795205854512, 0.0, 0.0, 0.0, 0.0, 0.0, 0.0, 0.0, 0.0, 965.471374475663, 0.0, 0.0, 0.0, 0.0, 0.0, 200.6200335154643, 0.0, 175.22900508009508, 0.0, 0.0, 0.0, 0.0, 0.0, 0.0, 965.471374475663, 1444.1795205854512, 0.0, 336.2956632540854, 0.0, 0.0, 395.468189254083, 0.0, 0.0, 235.56322280477707, 219.41284949291196, 0.0, 0.0, 0.0, 0.0, 0.0, 703.4786987999013, 0.0, 0.0, 0.0, 148.21131202482906, 0.0, 0.0, 0.0, 0.0, 401.25218240236757, 0.0, 0.0, 489.0592694731075, 0.0, 0.0, 395.468189254083, 114.53262201084327, 0.0, 0.0, 612.5286578488669, 703.4786987999013, 612.5286578488669, 0.0, 401.25218240236757, 0.0, 0.0]
INFORMACIÓN : 6apuestaBundle [1444.1795205854512, 1444.1795205854512, 1444.1795205854512, 1079.2808863139473, 1079.2808863139473, 1079.2808863139473, 965.471374475663, 965.471374475663, 965.471374475663, 901.3752790735359, 901.3752790735359, 901.3752790735359]
INFORMACIÓN : 6positionsBundle [213, 213, 213, 2259, 2259, 2259, 2112, 2112, 2112, 2079, 2079, 2079]
INFORMACIÓN : 6levelsBundle [3, 3, 3, 3, 3, 3, 3, 3, 3, 3, 3, 3]
INFORMACIÓN : 6positionsOrdered [213, 213, 213, 2259, 2259, 2259, 2112, 2112, 2112, 2079, 2079, 2079]
INFORMACIÓN : 6levelsOrdered [3, 3, 3, 3, 3, 3, 3, 3, 3, 3, 3, 3]
INFORMACIÓN : 6partialityOrdered [3, 3, 3, 3, 3, 3, 3, 3, 3, 3, 3, 3]
INFORMACIÓN : 6arrivalTimes [14.317821063276353, 14.317821063276353, 14.317821063276353, 55.512480911368314, 55.512480911368314, 55.512480911368314, 59.7551215984876, 59.7551215984876, 59.7551215984876, 76.784507964414, 76.784507964414, 76.784507964414]
INFORMACIÓN : 7historia0[0.0, 0.0, 0.0, 1444.1795205854512, 0.0, 1079.2808863139473, 0.0, 0.0, 612.5286578488669, 0.0, 0.0, 0.0, 0.0, 181.83895579019637, 0.0, 0.0, 0.0, 0.0, 0.0, 0.0, 901.3752790735359, 0.0, 0.0, 0.0, 0.0, 0.0, 703.4786987999013, 202.53945247976486, 0.0, 1079.2808863139473, 0.0, 0.0, 0.0, 0.0, 0.0, 0.0, 237.73756469928173, 901.3752790735359, 901.3752790735359, 111.35124541009554, 0.0, 0.0, 0.0, 0.0, 0.0, 0.0, 0.0, 0.0, 302.96990346216285, 489.0592694731075, 0.0, 0.0, 0.0, 0.0, 489.0592694731075, 0.0, 0.0, 0.0, 0.0, 401.25218240236757, 0.0, 285.7700603605773, 0.0, 0.0, 0.0, 0.0, 0.0, 965.471374475663, 0.0, 0.0, 0.0, 629.689719084565, 0.0, 0.0, 0.0, 0.0, 629.689719084565, 0.0, 0.0, 1079.2808863139473, 629.689719084565, 288.9310195092715, 0.0, 0.0, 0.0, 0.0, 0.0, 0.0, 0.0, 0.0, 1444.1795205854512, 0.0, 0.0, 0.0, 0.0, 0.0, 0.0, 0.0, 0.0, 965.471374475663, 0.0, 0.0, 0.0, 0.0, 0.0, 200.6200335154643, 0.0, 175.22900508009508, 0.0, 0.0, 0.0, 0.0, 0.0, 0.0, 965.471374475663, 1444.1795205854512, 0.0, 336.2956632540854, 0.0, 0.0, 395.468189254083, 0.0, 0.0, 235.56322280477707, 219.41284949291196, 0.0, 0.0, 0.0, 0.0, 0.0, 703.4786987999013, 0.0, 0.0, 0.0, 148.21131202482906, 0.0, 0.0, 0.0, 0.0, 401.25218240236757, 0.0, 0.0, 489.0592694731075, 0.0, 0.0, 395.468189254083, 114.53262201084327, 0.0, 0.0, 612.5286578488669, 703.4786987999013, 612.5286578488669, 0.0, 401.25218240236757, 0.0, 0.0]
INFORMACIÓN : 7apuestaBundle [1444.1795205854512, 1444.1795205854512, 1444.1795205854512, 1079.2808863139473, 1079.2808863139473, 1079.2808863139473, 965.471374475663, 965.471374475663, 965.471374475663, 901.3752790735359, 901.3752790735359, 901.3752790735359]
INFORMACIÓN : 7positionsBundle [213, 213, 213, 2259, 2259, 2259, 2112, 2112, 2112, 2079, 2079, 2079]
INFORMACIÓN : 7levelsBundle [3, 3, 3, 3, 3, 3, 3, 3, 3, 3, 3, 3]
INFORMACIÓN : 7positionsOrdered [213, 213, 213, 2259, 2259, 2259, 2112, 2112, 2112, 2079, 2079, 2079]
INFORMACIÓN : 7levelsOrdered [3, 3, 3, 3, 3, 3, 3, 3, 3, 3, 3, 3]
INFORMACIÓN : 7partialityOrdered [3, 3, 3, 3, 3, 3, 3, 3, 3, 3, 3, 3]
INFORMACIÓN : 7arrivalTimes [14.317821063276353, 14.317821063276353, 14.317821063276353, 55.512480911368314, 55.512480911368314, 55.512480911368314, 59.7551215984876, 59.7551215984876, 59.7551215984876, 76.784507964414, 76.784507964414, 76.784507964414]
INFORMACIÓN : 8historia1[0.0, 0.0, 0.0, 1444.1795205854512, 0.0, 1079.2808863139473, 0.0, 0.0, 612.5286578488669, 0.0, 0.0, 0.0, 0.0, 181.83895579019637, 0.0, 0.0, 0.0, 0.0, 0.0, 0.0, 901.3752790735359, 0.0, 0.0, 0.0, 0.0, 0.0, 703.4786987999013, 202.53945247976486, 0.0, 1079.2808863139473, 0.0, 0.0, 0.0, 0.0, 0.0, 0.0, 237.73756469928173, 901.3752790735359, 901.3752790735359, 111.35124541009554, 0.0, 0.0, 0.0, 0.0, 0.0, 0.0, 0.0, 0.0, 302.96990346216285, 489.0592694731075, 0.0, 0.0, 0.0, 0.0, 489.0592694731075, 0.0, 0.0, 0.0, 0.0, 401.25218240236757, 0.0, 285.7700603605773, 0.0, 0.0, 0.0, 0.0, 0.0, 965.471374475663, 0.0, 0.0, 0.0, 629.689719084565, 0.0, 0.0, 0.0, 0.0, 629.689719084565, 0.0, 0.0, 1079.2808863139473, 629.689719084565, 288.9310195092715, 0.0, 0.0, 0.0, 0.0, 0.0, 0.0, 0.0, 0.0, 1444.1795205854512, 0.0, 0.0, 0.0, 0.0, 0.0, 0.0, 0.0, 0.0, 965.471374475663, 0.0, 0.0, 0.0, 0.0, 0.0, 200.6200335154643, 0.0, 175.22900508009508, 0.0, 0.0, 0.0, 0.0, 0.0, 0.0, 965.471374475663, 1444.1795205854512, 0.0, 336.2956632540854, 0.0, 0.0, 395.468189254083, 0.0, 0.0, 235.56322280477707, 219.41284949291196, 0.0, 0.0, 0.0, 0.0, 0.0, 703.4786987999013, 0.0, 0.0, 0.0, 148.21131202482906, 0.0, 0.0, 0.0, 0.0, 401.25218240236757, 0.0, 0.0, 489.0592694731075, 0.0, 0.0, 395.468189254083, 114.53262201084327, 0.0, 0.0, 612.5286578488669, 703.4786987999013, 612.5286578488669, 0.0, 401.25218240236757, 0.0, 0.0]
INFORMACIÓN : 8apuestaBundle [1444.1795205854512, 1444.1795205854512, 1444.1795205854512, 1079.2808863139473, 1079.2808863139473, 1079.2808863139473, 965.471374475663, 965.471374475663, 965.471374475663, 901.3752790735359, 901.3752790735359, 901.3752790735359]
INFORMACIÓN : 8positionsBundle [213, 213, 213, 2259, 2259, 2259, 2112, 2112, 2112, 2079, 2079, 2079]
INFORMACIÓN : 8levelsBundle [3, 3, 3, 3, 3, 3, 3, 3, 3, 3, 3, 3]
INFORMACIÓN : 8positionsOrdered [213, 213, 213, 2259, 2259, 2259, 2112, 2112, 2112, 2079, 2079, 2079]
INFORMACIÓN : 8levelsOrdered [3, 3, 3, 3, 3, 3, 3, 3, 3, 3, 3, 3]
INFORMACIÓN : 8partialityOrdered [3, 3, 3, 3, 3, 3, 3, 3, 3, 3, 3, 3]
INFORMACIÓN : 8arrivalTimes [14.317821063276353, 14.317821063276353, 14.317821063276353, 55.512480911368314, 55.512480911368314, 55.512480911368314, 59.7551215984876, 59.7551215984876, 59.7551215984876, 76.784507964414, 76.784507964414, 76.784507964414]
INFORMACIÓN : 9historia2[0.0, 0.0, 0.0, 1444.1795205854512, 0.0, 1079.2808863139473, 0.0, 0.0, 612.5286578488669, 0.0, 0.0, 0.0, 0.0, 181.83895579019637, 0.0, 0.0, 0.0, 0.0, 0.0, 0.0, 901.3752790735359, 0.0, 0.0, 0.0, 0.0, 0.0, 703.4786987999013, 202.53945247976486, 0.0, 1079.2808863139473, 0.0, 0.0, 0.0, 0.0, 0.0, 0.0, 237.73756469928173, 901.3752790735359, 901.3752790735359, 111.35124541009554, 0.0, 0.0, 0.0, 0.0, 0.0, 0.0, 0.0, 0.0, 302.96990346216285, 489.0592694731075, 0.0, 0.0, 0.0, 0.0, 489.0592694731075, 0.0, 0.0, 0.0, 0.0, 401.25218240236757, 0.0, 285.7700603605773, 0.0, 0.0, 0.0, 0.0, 0.0, 965.471374475663, 0.0, 0.0, 0.0, 629.689719084565, 0.0, 0.0, 0.0, 0.0, 629.689719084565, 0.0, 0.0, 1079.2808863139473, 629.689719084565, 288.9310195092715, 0.0, 0.0, 0.0, 0.0, 0.0, 0.0, 0.0, 0.0, 1444.1795205854512, 0.0, 0.0, 0.0, 0.0, 0.0, 0.0, 0.0, 0.0, 965.471374475663, 0.0, 0.0, 0.0, 0.0, 0.0, 200.6200335154643, 0.0, 175.22900508009508, 0.0, 0.0, 0.0, 0.0, 0.0, 0.0, 965.471374475663, 1444.1795205854512, 0.0, 336.2956632540854, 0.0, 0.0, 395.468189254083, 0.0, 0.0, 227.2102344968945, 219.41284949291196, 0.0, 0.0, 0.0, 0.0, 0.0, 703.4786987999013, 0.0, 0.0, 0.0, 144.50111850581925, 0.0, 0.0, 0.0, 0.0, 401.25218240236757, 0.0, 0.0, 489.0592694731075, 0.0, 0.0, 395.468189254083, 114.53262201084327, 0.0, 0.0, 612.5286578488669, 703.4786987999013, 612.5286578488669, 0.0, 401.25218240236757, 0.0, 0.0]
INFORMACIÓN : 9apuestaBundle [1444.1795205854512, 1444.1795205854512, 1444.1795205854512, 1079.2808863139473, 1079.2808863139473, 1079.2808863139473, 965.471374475663, 965.471374475663, 965.471374475663, 901.3752790735359, 901.3752790735359, 901.3752790735359]
INFORMACIÓN : 9positionsBundle [213, 213, 213, 2259, 2259, 2259, 2112, 2112, 2112, 2079, 2079, 2079]
INFORMACIÓN : 9levelsBundle [3, 3, 3, 3, 3, 3, 3, 3, 3, 3, 3, 3]
INFORMACIÓN : 9positionsOrdered [213, 213, 213, 2259, 2259, 2259, 2112, 2112, 2112, 2079, 2079, 2079]
INFORMACIÓN : 9levelsOrdered [3, 3, 3, 3, 3, 3, 3, 3, 3, 3, 3, 3]
INFORMACIÓN : 9partialityOrdered [3, 3, 3, 3, 3, 3, 3, 3, 3, 3, 3, 3]
INFORMACIÓN : 9arrivalTimes [14.317821063276353, 14.317821063276353, 14.317821063276353, 55.512480911368314, 55.512480911368314, 55.512480911368314, 59.7551215984876, 59.7551215984876, 59.7551215984876, 76.784507964414, 76.784507964414, 76.784507964414]
INFORMACIÓN : 10historia0[0.0, 0.0, 0.0, 1444.1795205854512, 0.0, 1079.2808863139473, 0.0, 0.0, 612.5286578488669, 0.0, 0.0, 0.0, 0.0, 181.83895579019637, 0.0, 0.0, 0.0, 0.0, 0.0, 0.0, 901.3752790735359, 0.0, 0.0, 0.0, 0.0, 0.0, 703.4786987999013, 202.53945247976486, 0.0, 1079.2808863139473, 0.0, 0.0, 0.0, 0.0, 0.0, 0.0, 237.73756469928173, 901.3752790735359, 901.3752790735359, 111.35124541009554, 0.0, 0.0, 0.0, 0.0, 0.0, 0.0, 0.0, 0.0, 302.96990346216285, 489.0592694731075, 0.0, 0.0, 0.0, 0.0, 489.0592694731075, 0.0, 0.0, 0.0, 0.0, 401.25218240236757, 0.0, 285.7700603605773, 0.0, 0.0, 0.0, 0.0, 0.0, 965.471374475663, 0.0, 0.0, 0.0, 629.689719084565, 0.0, 0.0, 0.0, 0.0, 629.689719084565, 0.0, 0.0, 1079.2808863139473, 629.689719084565, 288.9310195092715, 0.0, 0.0, 0.0, 0.0, 0.0, 0.0, 0.0, 0.0, 1444.1795205854512, 0.0, 0.0, 0.0, 0.0, 0.0, 0.0, 0.0, 0.0, 965.471374475663, 0.0, 0.0, 0.0, 0.0, 0.0, 200.6200335154643, 0.0, 175.22900508009508, 0.0, 0.0, 0.0, 0.0, 0.0, 0.0, 965.471374475663, 1444.1795205854512, 0.0, 336.2956632540854, 0.0, 0.0, 395.468189254083, 0.0, 0.0, 227.2102344968945, 219.41284949291196, 0.0, 0.0, 0.0, 0.0, 0.0, 703.4786987999013, 0.0, 0.0, 0.0, 144.50111850581925, 0.0, 0.0, 0.0, 0.0, 401.25218240236757, 0.0, 0.0, 489.0592694731075, 0.0, 0.0, 395.468189254083, 114.53262201084327, 0.0, 0.0, 612.5286578488669, 703.4786987999013, 612.5286578488669, 0.0, 401.25218240236757, 0.0, 0.0]
INFORMACIÓN : 10apuestaBundle [1444.1795205854512, 1444.1795205854512, 1444.1795205854512, 1079.2808863139473, 1079.2808863139473, 1079.2808863139473, 965.471374475663, 965.471374475663, 965.471374475663, 901.3752790735359, 901.3752790735359, 901.3752790735359]
INFORMACIÓN : 10positionsBundle [213, 213, 213, 2259, 2259, 2259, 2112, 2112, 2112, 2079, 2079, 2079]
INFORMACIÓN : 10levelsBundle [3, 3, 3, 3, 3, 3, 3, 3, 3, 3, 3, 3]
INFORMACIÓN : 10positionsOrdered [213, 213, 213, 2259, 2259, 2259, 2112, 2112, 2112, 2079, 2079, 2079]
INFORMACIÓN : 10levelsOrdered [3, 3, 3, 3, 3, 3, 3, 3, 3, 3, 3, 3]
INFORMACIÓN : 10partialityOrdered [3, 3, 3, 3, 3, 3, 3, 3, 3, 3, 3, 3]
INFORMACIÓN : 10arrivalTimes [14.317821063276353, 14.317821063276353, 14.317821063276353, 55.512480911368314, 55.512480911368314, 55.512480911368314, 59.7551215984876, 59.7551215984876, 59.7551215984876, 76.784507964414, 76.784507964414, 76.784507964414]
INFORMACIÓN : 11historia1[0.0, 0.0, 0.0, 1444.1795205854512, 0.0, 1079.2808863139473, 0.0, 0.0, 612.5286578488669, 0.0, 0.0, 0.0, 0.0, 181.83895579019637, 0.0, 0.0, 0.0, 0.0, 0.0, 0.0, 901.3752790735359, 0.0, 0.0, 0.0, 0.0, 0.0, 703.4786987999013, 202.53945247976486, 0.0, 1079.2808863139473, 0.0, 0.0, 0.0, 0.0, 0.0, 0.0, 237.73756469928173, 901.3752790735359, 901.3752790735359, 111.35124541009554, 0.0, 0.0, 0.0, 0.0, 0.0, 0.0, 0.0, 0.0, 302.96990346216285, 489.0592694731075, 0.0, 0.0, 0.0, 0.0, 489.0592694731075, 0.0, 0.0, 0.0, 0.0, 401.25218240236757, 0.0, 285.7700603605773, 0.0, 0.0, 0.0, 0.0, 0.0, 965.471374475663, 0.0, 0.0, 0.0, 629.689719084565, 0.0, 0.0, 0.0, 0.0, 629.689719084565, 0.0, 0.0, 1079.2808863139473, 629.689719084565, 288.9310195092715, 0.0, 0.0, 0.0, 0.0, 0.0, 0.0, 0.0, 0.0, 1444.1795205854512, 0.0, 0.0, 0.0, 0.0, 0.0, 0.0, 0.0, 0.0, 965.471374475663, 0.0, 0.0, 0.0, 0.0, 0.0, 200.6200335154643, 0.0, 175.22900508009508, 0.0, 0.0, 0.0, 0.0, 0.0, 0.0, 965.471374475663, 1444.1795205854512, 0.0, 336.2956632540854, 0.0, 0.0, 395.468189254083, 0.0, 0.0, 227.2102344968945, 219.41284949291196, 0.0, 0.0, 0.0, 0.0, 0.0, 703.4786987999013, 0.0, 0.0, 0.0, 144.50111850581925, 0.0, 0.0, 0.0, 0.0, 401.25218240236757, 0.0, 0.0, 489.0592694731075, 0.0, 0.0, 395.468189254083, 114.53262201084327, 0.0, 0.0, 612.5286578488669, 703.4786987999013, 612.5286578488669, 0.0, 401.25218240236757, 0.0, 0.0]
INFORMACIÓN : 11apuestaBundle [1444.1795205854512, 1444.1795205854512, 1444.1795205854512, 1079.2808863139473, 1079.2808863139473, 1079.2808863139473, 965.471374475663, 965.471374475663, 965.471374475663, 901.3752790735359, 901.3752790735359, 901.3752790735359]
INFORMACIÓN : 11positionsBundle [213, 213, 213, 2259, 2259, 2259, 2112, 2112, 2112, 2079, 2079, 2079]
INFORMACIÓN : 11levelsBundle [3, 3, 3, 3, 3, 3, 3, 3, 3, 3, 3, 3]
INFORMACIÓN : 11positionsOrdered [213, 213, 213, 2259, 2259, 2259, 2112, 2112, 2112, 2079, 2079, 2079]
INFORMACIÓN : 11levelsOrdered [3, 3, 3, 3, 3, 3, 3, 3, 3, 3, 3, 3]
INFORMACIÓN : 11partialityOrdered [3, 3, 3, 3, 3, 3, 3, 3, 3, 3, 3, 3]
INFORMACIÓN : 11arrivalTimes [14.317821063276353, 14.317821063276353, 14.317821063276353, 55.512480911368314, 55.512480911368314, 55.512480911368314, 59.7551215984876, 59.7551215984876, 59.7551215984876, 76.784507964414, 76.784507964414, 76.784507964414]
INFORMACIÓN : 12historia2[0.0, 0.0, 0.0, 1444.1795205854512, 0.0, 1079.2808863139473, 0.0, 0.0, 612.5286578488669, 0.0, 0.0, 0.0, 0.0, 181.83895579019637, 0.0, 0.0, 0.0, 0.0, 0.0, 0.0, 901.3752790735359, 0.0, 0.0, 0.0, 0.0, 0.0, 703.4786987999013, 202.53945247976486, 0.0, 1079.2808863139473, 0.0, 0.0, 0.0, 0.0, 0.0, 0.0, 237.73756469928173, 901.3752790735359, 901.3752790735359, 111.35124541009554, 0.0, 0.0, 0.0, 0.0, 0.0, 0.0, 0.0, 0.0, 302.96990346216285, 489.0592694731075, 0.0, 0.0, 0.0, 0.0, 489.0592694731075, 0.0, 0.0, 0.0, 0.0, 401.25218240236757, 0.0, 285.7700603605773, 0.0, 0.0, 0.0, 0.0, 0.0, 965.471374475663, 0.0, 0.0, 0.0, 629.689719084565, 0.0, 0.0, 0.0, 0.0, 629.689719084565, 0.0, 0.0, 1079.2808863139473, 629.689719084565, 288.9310195092715, 0.0, 0.0, 0.0, 0.0, 0.0, 0.0, 0.0, 0.0, 1444.1795205854512, 0.0, 0.0, 0.0, 0.0, 0.0, 0.0, 0.0, 0.0, 965.471374475663, 0.0, 0.0, 0.0, 0.0, 0.0, 200.6200335154643, 0.0, 175.22900508009508, 0.0, 0.0, 0.0, 0.0, 0.0, 0.0, 965.471374475663, 1444.1795205854512, 0.0, 336.2956632540854, 0.0, 0.0, 395.468189254083, 0.0, 0.0, 227.2102344968945, 219.41284949291196, 0.0, 0.0, 0.0, 0.0, 0.0, 703.4786987999013, 0.0, 0.0, 0.0, 144.50111850581925, 0.0, 0.0, 0.0, 0.0, 401.25218240236757, 0.0, 0.0, 489.0592694731075, 0.0, 0.0, 395.468189254083, 114.53262201084327, 0.0, 0.0, 612.5286578488669, 703.4786987999013, 612.5286578488669, 0.0, 401.25218240236757, 0.0, 0.0]
