----------------------------------------------------------------------
-- Log session for [myBugCoalitionsCCBBAGuaiDEF-10] started on 2017.07.14.18.19.03 --
----------------------------------------------------------------------

INFORMACIÓN : I started
INFORMACIÓN : 0apuestaBundle [1449.2831773230762, 1113.4679695884, 1006.2313371364867, 935.7807986216917]
INFORMACIÓN : 0positionsBundle [776, 111, 1638, 421]
INFORMACIÓN : 0levelsBundle [3, 3, 3, 3]
INFORMACIÓN : 0positionsOrdered [776, 111, 1638, 421]
INFORMACIÓN : 0levelsOrdered [3, 3, 3, 3]
INFORMACIÓN : 0partialityOrdered [3, 3, 3, 3]
INFORMACIÓN : 0arrivalTimes [16.557248611388275, 36.40668185266748, 76.76755399388861, 106.17843633359409]
INFORMACIÓN : coalSat position 776 level 3
INFORMACIÓN : timeSat position 776 level 3
INFORMACIÓN : coalSat position 111 level 3
INFORMACIÓN : timeSat position 111 level 3
INFORMACIÓN : coalSat position 421 level 3
INFORMACIÓN : timeSat position 421 level 3
INFORMACIÓN : I [AB]; lost Test.myBail@238ca672; POS 776; sensors [IR, MW]; level 3 I paid 1449.2831773230762in favour ofnull paid 1449.2831773230762
INFORMACIÓN : 1historia0[0.0, 0.0, 0.0, 1111.4129163696618, 0.0, 0.0, 0.0, 0.0, 0.0, 0.0, 0.0, 1007.4612200874571, 0.0, 0.0, 0.0, 0.0, 0.0, 0.0, 0.0, 0.0, 1438.200465812453, 0.0, 0.0, 0.0, 0.0, 0.0, 0.0, 0.0, 0.0, 0.0, 0.0, 1453.3696375919615, 0.0, 0.0, 0.0, 989.4835508911028, 0.0, 0.0, 0.0, 1011.7646220818103, 0.0, 0.0, 0.0, 0.0, 0.0, 0.0, 0.0, 0.0, 0.0, 0.0, 0.0, 1130.5200782257298, 0.0, 0.0, 0.0, 0.0, 0.0, 0.0, 0.0, 0.0, 0.0, 0.0, 0.0, 0.0, 0.0, 0.0, 0.0, 0.0, 0.0, 0.0, 0.0, 0.0, 0.0, 0.0, 0.0, 0.0, 0.0, 0.0, 0.0, 0.0, 0.0, 935.4149831676132, 0.0, 0.0, 0.0, 0.0, 0.0, 0.0, 0.0, 0.0, 0.0, 0.0, 0.0, 0.0, 0.0, 0.0, 0.0, 0.0, 0.0, 0.0, 0.0, 0.0, 0.0, 0.0, 0.0, 0.0, 0.0, 0.0, 0.0, 0.0, 0.0, 0.0, 0.0, 0.0, 0.0, 0.0, 0.0, 0.0, 0.0, 0.0, 0.0, 0.0, 0.0, 0.0, 0.0, 0.0, 0.0, 0.0, 0.0, 0.0, 0.0, 0.0, 0.0, 0.0, 0.0, 0.0, 0.0, 0.0, 0.0, 0.0, 0.0, 0.0, 0.0, 935.9157111825834, 0.0, 0.0, 0.0, 0.0, 0.0, 0.0, 0.0, 0.0, 0.0, 0.0, 0.0, 0.0, 0.0, 0.0, 0.0, 0.0, 0.0, 0.0, 0.0, 0.0, 0.0, 0.0, 0.0, 0.0, 0.0, 0.0]
INFORMACIÓN : 1apuestaBundle [697.9380915865743, 638.1231598945749, 569.9127386539503, 520.5102253661086]
INFORMACIÓN : 1positionsBundle [566, 1581, 1929, 967]
INFORMACIÓN : 1levelsBundle [3, 3, 3, 3]
INFORMACIÓN : 1positionsOrdered [566, 1581, 1929, 967]
INFORMACIÓN : 1levelsOrdered [3, 3, 3, 3]
INFORMACIÓN : 1partialityOrdered [3, 3, 3, 3]
INFORMACIÓN : 1arrivalTimes [26.743479854352948, 51.74347985435295, 59.023589743633465, 81.49579479787769]
INFORMACIÓN : coalSat position 566 level 3
INFORMACIÓN : coalSat position 1581 level 3
INFORMACIÓN : coalSat position 1929 level 3
INFORMACIÓN : coalSat position 967 level 3
INFORMACIÓN : I [AB]; lost Test.myBail@550a915e; POS 566; sensors [IR, MW]; level 3 I paid 697.9380915865743in favour ofnull paid 697.9380915865743
INFORMACIÓN : 2historia0[0.0, 0.0, 0.0, 0.0, 0.0, 0.0, 0.0, 0.0, 0.0, 0.0, 0.0, 0.0, 0.0, 0.0, 0.0, 0.0, 0.0, 0.0, 0.0, 0.0, 0.0, 0.0, 0.0, 0.0, 0.0, 0.0, 0.0, 0.0, 0.0, 0.0, 0.0, 1452.4394732316305, 0.0, 696.302221161497, 0.0, 989.3541785148986, 0.0, 0.0, 0.0, 1011.7646220818103, 928.6497837089639, 0.0, 0.0, 0.0, 569.8771298950334, 0.0, 0.0, 0.0, 0.0, 0.0, 0.0, 1129.2580095249346, 0.0, 0.0, 0.0, 0.0, 0.0, 0.0, 0.0, 0.0, 0.0, 0.0, 0.0, 0.0, 0.0, 0.0, 0.0, 0.0, 0.0, 0.0, 0.0, 0.0, 0.0, 0.0, 0.0, 0.0, 0.0, 0.0, 0.0, 0.0, 0.0, 0.0, 0.0, 0.0, 0.0, 0.0, 0.0, 0.0, 0.0, 0.0, 0.0, 0.0, 0.0, 0.0, 0.0, 0.0, 0.0, 0.0, 0.0, 0.0, 0.0, 0.0, 0.0, 0.0, 0.0, 0.0, 0.0, 0.0, 0.0, 0.0, 0.0, 0.0, 0.0, 0.0, 0.0, 0.0, 523.4331975235309, 0.0, 0.0, 0.0, 0.0, 0.0, 0.0, 0.0, 0.0, 0.0, 0.0, 0.0, 0.0, 0.0, 0.0, 0.0, 1096.79149581209, 0.0, 0.0, 0.0, 0.0, 0.0, 0.0, 0.0, 0.0, 0.0, 0.0, 935.2988558870302, 0.0, 0.0, 0.0, 0.0, 0.0, 0.0, 0.0, 0.0, 0.0, 0.0, 0.0, 0.0, 0.0, 0.0, 0.0, 0.0, 0.0, 0.0, 0.0, 0.0, 0.0, 0.0, 0.0, 0.0, 638.0839708007549, 1431.7204376227144]
INFORMACIÓN : 2apuestaBundle [1448.7038870124752, 1113.0081245974677, 941.3561322754025, 518.891257189063]
INFORMACIÓN : 2positionsBundle [776, 111, 421, 967]
INFORMACIÓN : 2levelsBundle [3, 3, 3, 3]
INFORMACIÓN : 2positionsOrdered [776, 111, 967, 421]
INFORMACIÓN : 2levelsOrdered [3, 3, 3, 3]
INFORMACIÓN : 2partialityOrdered [3, 3, 3, 3]
INFORMACIÓN : 2arrivalTimes [24.418766679826224, 44.268199921105435, 80.65849726217078, 114.03995440203205]
INFORMACIÓN : 3historia0[378.3388321609459, 0.0, 0.0, 0.0, 0.0, 0.0, 0.0, 0.0, 0.0, 0.0, 0.0, 0.0, 0.0, 0.0, 0.0, 0.0, 0.0, 0.0, 0.0, 0.0, 0.0, 0.0, 0.0, 0.0, 0.0, 0.0, 0.0, 0.0, 0.0, 0.0, 0.0, 1452.4394732316305, 0.0, 696.302221161497, 0.0, 1028.0596565192818, 0.0, 0.0, 0.0, 1009.9215158349823, 941.3561322754025, 0.0, 0.0, 0.0, 569.8771298950334, 0.0, 0.0, 0.0, 0.0, 0.0, 0.0, 1129.2580095249346, 0.0, 0.0, 0.0, 0.0, 0.0, 0.0, 0.0, 0.0, 0.0, 0.0, 0.0, 0.0, 0.0, 0.0, 0.0, 0.0, 0.0, 0.0, 0.0, 0.0, 596.4117293149347, 0.0, 0.0, 0.0, 0.0, 0.0, 0.0, 0.0, 0.0, 0.0, 0.0, 0.0, 0.0, 0.0, 0.0, 518.891257189063, 0.0, 0.0, 0.0, 0.0, 0.0, 0.0, 0.0, 0.0, 0.0, 0.0, 0.0, 0.0, 0.0, 0.0, 0.0, 0.0, 0.0, 0.0, 0.0, 0.0, 0.0, 0.0, 0.0, 0.0, 0.0, 0.0, 0.0, 0.0, 523.4331975235309, 0.0, 0.0, 0.0, 0.0, 0.0, 0.0, 0.0, 0.0, 0.0, 0.0, 0.0, 0.0, 0.0, 0.0, 0.0, 1113.0081245974677, 0.0, 0.0, 0.0, 0.0, 0.0, 0.0, 666.4792951560661, 0.0, 0.0, 0.0, 935.2988558870302, 0.0, 0.0, 0.0, 0.0, 0.0, 0.0, 0.0, 0.0, 0.0, 0.0, 0.0, 0.0, 0.0, 0.0, 0.0, 0.0, 0.0, 0.0, 0.0, 0.0, 0.0, 0.0, 0.0, 0.0, 638.0839708007549, 1448.7038870124752]
