----------------------------------------------------------------------
-- Log session for [myBugCoalitionsCCBBAGuaiDEF-13] started on 2017.07.14.18.19.03 --
----------------------------------------------------------------------

INFORMACIÓN : I started
INFORMACIÓN : 0apuestaBundle [1431.7204376227144, 1096.79149581209, 1011.7646220818103, 928.6497837089639]
INFORMACIÓN : 0positionsBundle [776, 111, 1638, 421]
INFORMACIÓN : 0levelsBundle [3, 3, 3, 3]
INFORMACIÓN : 0positionsOrdered [776, 111, 1638, 421]
INFORMACIÓN : 0levelsOrdered [3, 3, 3, 3]
INFORMACIÓN : 0partialityOrdered [3, 3, 3, 3]
INFORMACIÓN : 0arrivalTimes [28.418766679826224, 48.268199921105435, 88.62907206232657, 118.03995440203205]
INFORMACIÓN : 1historia0[0.0, 0.0, 0.0, 0.0, 0.0, 0.0, 0.0, 0.0, 0.0, 0.0, 0.0, 0.0, 0.0, 0.0, 0.0, 0.0, 0.0, 0.0, 0.0, 0.0, 0.0, 0.0, 0.0, 0.0, 0.0, 0.0, 0.0, 0.0, 0.0, 0.0, 0.0, 0.0, 0.0, 0.0, 0.0, 0.0, 0.0, 0.0, 0.0, 1011.7646220818103, 928.6497837089639, 0.0, 0.0, 0.0, 0.0, 0.0, 0.0, 0.0, 0.0, 0.0, 0.0, 0.0, 0.0, 0.0, 0.0, 0.0, 0.0, 0.0, 0.0, 0.0, 0.0, 0.0, 0.0, 0.0, 0.0, 0.0, 0.0, 0.0, 0.0, 0.0, 0.0, 0.0, 0.0, 0.0, 0.0, 0.0, 0.0, 0.0, 0.0, 0.0, 0.0, 0.0, 0.0, 0.0, 0.0, 0.0, 0.0, 0.0, 0.0, 0.0, 0.0, 0.0, 0.0, 0.0, 0.0, 0.0, 0.0, 0.0, 0.0, 0.0, 0.0, 0.0, 0.0, 0.0, 0.0, 0.0, 0.0, 0.0, 0.0, 0.0, 0.0, 0.0, 0.0, 0.0, 0.0, 0.0, 0.0, 0.0, 0.0, 0.0, 0.0, 0.0, 0.0, 0.0, 0.0, 0.0, 0.0, 0.0, 0.0, 0.0, 0.0, 0.0, 1096.79149581209, 0.0, 0.0, 0.0, 0.0, 0.0, 0.0, 0.0, 0.0, 0.0, 0.0, 0.0, 0.0, 0.0, 0.0, 0.0, 0.0, 0.0, 0.0, 0.0, 0.0, 0.0, 0.0, 0.0, 0.0, 0.0, 0.0, 0.0, 0.0, 0.0, 0.0, 0.0, 0.0, 0.0, 0.0, 0.0, 0.0, 1431.7204376227144]
INFORMACIÓN : 1apuestaBundle [1431.7204376227144, 1096.79149581209, 1011.7646220818103, 928.6497837089639]
INFORMACIÓN : 1positionsBundle [776, 111, 1638, 421]
INFORMACIÓN : 1levelsBundle [3, 3, 3, 3]
INFORMACIÓN : 1positionsOrdered [776, 111, 1638, 421]
INFORMACIÓN : 1levelsOrdered [3, 3, 3, 3]
INFORMACIÓN : 1partialityOrdered [3, 3, 3, 3]
INFORMACIÓN : 1arrivalTimes [28.418766679826224, 48.268199921105435, 88.62907206232657, 118.03995440203205]
INFORMACIÓN : coalSat position 776 level 3
INFORMACIÓN : coalSat position 111 level 3
INFORMACIÓN : coalSat position 1638 level 3
INFORMACIÓN : coalSat position 421 level 3
INFORMACIÓN : I [AB]; lost Test.myBail@238ca672; POS 776; sensors [IR, MW]; level 3 I paid 1431.7204376227144in favour ofnull paid 1431.7204376227144
INFORMACIÓN : 2historia0[0.0, 0.0, 0.0, 0.0, 0.0, 0.0, 0.0, 0.0, 0.0, 0.0, 0.0, 0.0, 0.0, 0.0, 0.0, 0.0, 0.0, 0.0, 0.0, 0.0, 0.0, 0.0, 0.0, 0.0, 0.0, 0.0, 0.0, 0.0, 0.0, 0.0, 0.0, 1452.4394732316305, 0.0, 696.302221161497, 0.0, 989.3541785148986, 0.0, 0.0, 0.0, 0.0, 0.0, 0.0, 0.0, 0.0, 569.8771298950334, 0.0, 0.0, 0.0, 0.0, 0.0, 0.0, 1129.2580095249346, 0.0, 0.0, 0.0, 0.0, 0.0, 0.0, 0.0, 0.0, 0.0, 0.0, 0.0, 0.0, 0.0, 0.0, 0.0, 0.0, 0.0, 0.0, 0.0, 0.0, 0.0, 0.0, 0.0, 0.0, 0.0, 0.0, 0.0, 0.0, 0.0, 0.0, 0.0, 0.0, 0.0, 0.0, 0.0, 0.0, 0.0, 0.0, 0.0, 0.0, 0.0, 0.0, 0.0, 0.0, 0.0, 0.0, 0.0, 0.0, 0.0, 0.0, 0.0, 0.0, 0.0, 0.0, 0.0, 0.0, 0.0, 0.0, 0.0, 0.0, 0.0, 0.0, 0.0, 0.0, 523.4331975235309, 0.0, 0.0, 0.0, 0.0, 0.0, 0.0, 0.0, 0.0, 0.0, 0.0, 0.0, 0.0, 0.0, 0.0, 0.0, 0.0, 0.0, 0.0, 0.0, 0.0, 0.0, 0.0, 0.0, 0.0, 0.0, 0.0, 935.2988558870302, 0.0, 0.0, 0.0, 0.0, 0.0, 0.0, 0.0, 0.0, 0.0, 0.0, 0.0, 0.0, 0.0, 0.0, 0.0, 0.0, 0.0, 0.0, 0.0, 0.0, 0.0, 0.0, 0.0, 0.0, 638.0839708007549, 0.0]
INFORMACIÓN : 2apuestaBundle [1431.7204376227144, 1096.79149581209, 1009.9215158349823, 924.8804292206087]
INFORMACIÓN : 2positionsBundle [776, 111, 1638, 421]
INFORMACIÓN : 2levelsBundle [3, 3, 3, 3]
INFORMACIÓN : 2positionsOrdered [776, 111, 1638, 421]
INFORMACIÓN : 2levelsOrdered [3, 3, 3, 3]
INFORMACIÓN : 2partialityOrdered [3, 3, 3, 3]
INFORMACIÓN : 2arrivalTimes [28.418766679826224, 48.268199921105435, 88.62907206232657, 118.03995440203205]
