----------------------------------------------------------------------
-- Log session for [myBugCoalitionsCCBBAGuaiDEF-5] started on 2017.07.14.18.19.03 --
----------------------------------------------------------------------

INFORMACIÓN : I started
INFORMACIÓN : 0apuestaBundle [1463.4949536348192, 1137.0148114297606, 983.7430040329596, 936.2500579608877]
INFORMACIÓN : 0positionsBundle [776, 111, 1638, 421]
INFORMACIÓN : 0levelsBundle [3, 3, 3, 3]
INFORMACIÓN : 0positionsOrdered [776, 111, 1638, 421]
INFORMACIÓN : 0levelsOrdered [3, 3, 3, 3]
INFORMACIÓN : 0partialityOrdered [3, 3, 3, 3]
INFORMACIÓN : 0arrivalTimes [6.95992828276029, 26.8093615240395, 67.17023366526062, 96.5811160049661]
INFORMACIÓN : coalSat position 776 level 3
INFORMACIÓN : timeSat position 776 level 3
INFORMACIÓN : coalSat position 111 level 3
INFORMACIÓN : timeSat position 111 level 3
INFORMACIÓN : coalSat position 421 level 3
INFORMACIÓN : timeSat position 421 level 3
INFORMACIÓN : I [IR]; lost Test.myBail@21b716a4; POS 776; sensors [AB, MW]; level 3 I paid 1463.4949536348192in favour ofnull paid 1463.4949536348192
INFORMACIÓN : 1historia0[0.0, 0.0, 0.0, 0.0, 0.0, 0.0, 0.0, 0.0, 0.0, 0.0, 0.0, 1007.4612200874571, 0.0, 0.0, 0.0, 0.0, 0.0, 0.0, 0.0, 0.0, 0.0, 0.0, 0.0, 0.0, 0.0, 0.0, 0.0, 0.0, 0.0, 0.0, 0.0, 1468.7064027979777, 0.0, 0.0, 0.0, 1009.3838846538483, 0.0, 0.0, 0.0, 1011.7646220818103, 935.951662892754, 0.0, 0.0, 0.0, 0.0, 0.0, 0.0, 0.0, 0.0, 0.0, 0.0, 1132.431608396035, 0.0, 0.0, 0.0, 0.0, 0.0, 0.0, 0.0, 0.0, 0.0, 0.0, 0.0, 0.0, 0.0, 0.0, 0.0, 0.0, 0.0, 0.0, 0.0, 0.0, 0.0, 0.0, 0.0, 0.0, 0.0, 0.0, 0.0, 0.0, 0.0, 0.0, 0.0, 0.0, 0.0, 0.0, 0.0, 0.0, 0.0, 0.0, 0.0, 0.0, 0.0, 0.0, 0.0, 0.0, 0.0, 0.0, 0.0, 0.0, 0.0, 0.0, 0.0, 0.0, 0.0, 0.0, 0.0, 0.0, 0.0, 0.0, 0.0, 0.0, 0.0, 0.0, 0.0, 0.0, 0.0, 0.0, 0.0, 0.0, 0.0, 0.0, 0.0, 0.0, 0.0, 0.0, 0.0, 0.0, 0.0, 0.0, 0.0, 0.0, 1132.3760913884796, 0.0, 0.0, 0.0, 0.0, 0.0, 0.0, 0.0, 0.0, 0.0, 0.0, 936.4221802452034, 0.0, 0.0, 0.0, 0.0, 0.0, 0.0, 0.0, 0.0, 0.0, 0.0, 0.0, 0.0, 0.0, 0.0, 0.0, 0.0, 0.0, 0.0, 0.0, 0.0, 0.0, 0.0, 0.0, 0.0, 0.0, 1454.4585277145738]
INFORMACIÓN : 1apuestaBundle [721.1139641887083, 638.6785828707553, 570.4174179136097, 524.4298849055212]
INFORMACIÓN : 1positionsBundle [566, 1581, 1929, 967]
INFORMACIÓN : 1levelsBundle [3, 3, 3, 3]
INFORMACIÓN : 1positionsOrdered [566, 1581, 1929, 967]
INFORMACIÓN : 1levelsOrdered [3, 3, 3, 3]
INFORMACIÓN : 1partialityOrdered [3, 3, 3, 3]
INFORMACIÓN : 1arrivalTimes [10.271881695319532, 35.271881695319536, 42.55199158460005, 65.02419663884429]
INFORMACIÓN : coalSat position 566 level 3
INFORMACIÓN : timeSat position 566 level 3
INFORMACIÓN : coalSat position 1581 level 3
INFORMACIÓN : timeSat position 1581 level 3
INFORMACIÓN : coalSat position 1929 level 3
INFORMACIÓN : timeSat position 1929 level 3
INFORMACIÓN : coalSat position 967 level 3
INFORMACIÓN : timeSat position 967 level 3
INFORMACIÓN : I [IR]; lost Test.myBail@11322d03; POS 566; sensors [AB, MW]; level 3 I paid 721.1139641887083in favour ofnull paid 721.1139641887083
INFORMACIÓN : 2historia0[0.0, 0.0, 0.0, 1143.875309537547, 0.0, 0.0, 0.0, 0.0, 0.0, 0.0, 0.0, 0.0, 0.0, 0.0, 0.0, 0.0, 0.0, 0.0, 0.0, 0.0, 0.0, 0.0, 0.0, 0.0, 0.0, 0.0, 0.0, 0.0, 0.0, 0.0, 0.0, 1452.4394732316305, 0.0, 0.0, 0.0, 989.3541785148986, 0.0, 0.0, 0.0, 1011.7646220818103, 928.6497837089639, 0.0, 0.0, 0.0, 0.0, 638.5673837710727, 0.0, 0.0, 0.0, 0.0, 0.0, 1129.2580095249346, 0.0, 0.0, 0.0, 0.0, 0.0, 716.4753796498836, 0.0, 0.0, 0.0, 0.0, 0.0, 0.0, 0.0, 0.0, 0.0, 0.0, 0.0, 0.0, 0.0, 0.0, 570.3011392187708, 0.0, 715.775730641171, 0.0, 0.0, 0.0, 0.0, 0.0, 0.0, 949.3986487972159, 0.0, 0.0, 0.0, 0.0, 570.3163780184142, 524.3389578423935, 524.3252442563444, 0.0, 0.0, 0.0, 0.0, 0.0, 0.0, 0.0, 0.0, 0.0, 0.0, 0.0, 0.0, 0.0, 0.0, 0.0, 0.0, 0.0, 0.0, 0.0, 0.0, 0.0, 0.0, 0.0, 0.0, 0.0, 0.0, 0.0, 0.0, 0.0, 0.0, 0.0, 0.0, 0.0, 0.0, 0.0, 0.0, 0.0, 0.0, 0.0, 0.0, 0.0, 0.0, 0.0, 1096.79149581209, 0.0, 0.0, 0.0, 0.0, 0.0, 0.0, 638.5506127639641, 0.0, 0.0, 0.0, 935.2988558870302, 0.0, 0.0, 0.0, 0.0, 0.0, 0.0, 0.0, 0.0, 0.0, 0.0, 0.0, 0.0, 0.0, 0.0, 0.0, 0.0, 0.0, 0.0, 0.0, 0.0, 0.0, 0.0, 0.0, 0.0, 0.0, 1431.7204376227144]
INFORMACIÓN : 2apuestaBundle [1462.0601328370037, 1001.4221778330336, 715.6864839825664, 417.5810481231049]
INFORMACIÓN : 2positionsBundle [776, 1638, 566, 1883]
INFORMACIÓN : 2levelsBundle [3, 3, 3, 2]
INFORMACIÓN : 2positionsOrdered [566, 776, 1638, 1883]
INFORMACIÓN : 2levelsOrdered [3, 3, 3, 2]
INFORMACIÓN : 2partialityOrdered [3, 3, 3, 2]
INFORMACIÓN : 2arrivalTimes [12.065754747845398, 26.418766679826224, 86.62907206232657, 93.70013987419205]
INFORMACIÓN : coalSat position 776 level 3
INFORMACIÓN : coalSat position 1638 level 3
INFORMACIÓN : I [IR]; lost Test.myBail@21b716a4; POS 776; sensors [AB, MW]; level 3 I paid 1462.0601328370037in favour ofnull paid 1462.0601328370037
INFORMACIÓN : 3historia0[388.5783397323935, 0.0, 0.0, 1135.8807695181088, 0.0, 0.0, 0.0, 0.0, 0.0, 0.0, 0.0, 0.0, 0.0, 0.0, 0.0, 0.0, 0.0, 0.0, 0.0, 0.0, 0.0, 0.0, 0.0, 0.0, 0.0, 0.0, 0.0, 0.0, 0.0, 0.0, 0.0, 1467.0116495799202, 0.0, 0.0, 0.0, 1028.0596565192818, 0.0, 0.0, 0.0, 1009.9215158349823, 941.3561322754025, 0.0, 0.0, 0.0, 569.8771298950334, 649.3886658064926, 0.0, 0.0, 0.0, 0.0, 0.0, 1129.2580095249346, 0.0, 0.0, 0.0, 0.0, 0.0, 0.0, 0.0, 0.0, 0.0, 0.0, 0.0, 0.0, 0.0, 0.0, 0.0, 0.0, 0.0, 0.0, 0.0, 0.0, 596.4117293149347, 0.0, 0.0, 0.0, 0.0, 0.0, 0.0, 0.0, 0.0, 935.2988558870302, 0.0, 0.0, 0.0, 0.0, 579.0831351279865, 523.6682611257525, 0.0, 0.0, 0.0, 0.0, 0.0, 0.0, 0.0, 0.0, 0.0, 0.0, 0.0, 0.0, 0.0, 0.0, 0.0, 0.0, 0.0, 0.0, 0.0, 0.0, 0.0, 0.0, 0.0, 0.0, 0.0, 0.0, 0.0, 0.0, 523.4331975235309, 0.0, 0.0, 0.0, 0.0, 0.0, 0.0, 0.0, 0.0, 0.0, 0.0, 0.0, 0.0, 0.0, 0.0, 0.0, 1113.0081245974677, 0.0, 0.0, 0.0, 0.0, 0.0, 0.0, 666.4792951560661, 0.0, 0.0, 0.0, 935.2988558870302, 0.0, 0.0, 0.0, 0.0, 0.0, 0.0, 0.0, 315.1243519279824, 0.0, 0.0, 0.0, 0.0, 0.0, 0.0, 0.0, 0.0, 0.0, 0.0, 0.0, 0.0, 0.0, 0.0, 0.0, 0.0, 638.0839708007549, 1453.621478166841]
