----------------------------------------------------------------------
-- Log session for [myBugCoalitionsCCBBAGuaiDEF-7] started on 2017.07.14.18.19.03 --
----------------------------------------------------------------------

INFORMACIÓN : I started
INFORMACIÓN : 0apuestaBundle [1454.4585277145738, 1132.3760913884796, 987.7086340351871, 935.951662892754]
INFORMACIÓN : 0positionsBundle [776, 111, 1638, 421]
INFORMACIÓN : 0levelsBundle [3, 3, 3, 3]
INFORMACIÓN : 0positionsOrdered [776, 111, 1638, 421]
INFORMACIÓN : 0levelsOrdered [3, 3, 3, 3]
INFORMACIÓN : 0partialityOrdered [3, 3, 3, 3]
INFORMACIÓN : 0arrivalTimes [13.062189044120052, 32.91162228539926, 73.2724944266204, 102.68337676632588]
INFORMACIÓN : coalSat position 776 level 3
INFORMACIÓN : timeSat position 776 level 3
INFORMACIÓN : coalSat position 111 level 3
INFORMACIÓN : timeSat position 111 level 3
INFORMACIÓN : coalSat position 421 level 3
INFORMACIÓN : timeSat position 421 level 3
INFORMACIÓN : I [AB]; lost Test.myBail@238ca672; POS 776; sensors [IR, MW]; level 3 I paid 1454.4585277145738in favour ofnull paid 1454.4585277145738
INFORMACIÓN : 1historia0[0.0, 0.0, 0.0, 1136.0312277143782, 0.0, 0.0, 0.0, 0.0, 0.0, 0.0, 0.0, 1007.4612200874571, 0.0, 0.0, 0.0, 0.0, 0.0, 0.0, 0.0, 0.0, 1438.505674060241, 0.0, 0.0, 0.0, 0.0, 0.0, 0.0, 0.0, 0.0, 0.0, 0.0, 1453.3696375919615, 0.0, 0.0, 0.0, 1009.3838846538483, 0.0, 0.0, 0.0, 1011.7646220818103, 0.0, 0.0, 0.0, 0.0, 0.0, 0.0, 0.0, 0.0, 0.0, 0.0, 0.0, 1130.5200782257298, 0.0, 0.0, 0.0, 0.0, 0.0, 0.0, 0.0, 0.0, 0.0, 0.0, 0.0, 0.0, 0.0, 0.0, 0.0, 0.0, 0.0, 0.0, 0.0, 0.0, 0.0, 0.0, 0.0, 0.0, 0.0, 0.0, 0.0, 0.0, 0.0, 935.4250559391185, 0.0, 0.0, 0.0, 0.0, 0.0, 0.0, 0.0, 0.0, 0.0, 0.0, 0.0, 0.0, 0.0, 0.0, 0.0, 0.0, 0.0, 0.0, 0.0, 0.0, 0.0, 0.0, 0.0, 0.0, 0.0, 0.0, 0.0, 0.0, 0.0, 0.0, 0.0, 0.0, 0.0, 0.0, 0.0, 0.0, 0.0, 0.0, 0.0, 0.0, 0.0, 0.0, 0.0, 0.0, 0.0, 0.0, 0.0, 0.0, 0.0, 0.0, 0.0, 0.0, 0.0, 0.0, 0.0, 0.0, 0.0, 0.0, 0.0, 0.0, 0.0, 935.9157111825834, 0.0, 0.0, 0.0, 0.0, 0.0, 0.0, 0.0, 0.0, 0.0, 0.0, 0.0, 0.0, 0.0, 0.0, 0.0, 0.0, 0.0, 0.0, 0.0, 0.0, 0.0, 0.0, 0.0, 0.0, 0.0, 0.0]
INFORMACIÓN : 1apuestaBundle [716.4753796498836, 638.5673837710727, 570.3163780184142, 524.3389578423935]
INFORMACIÓN : 1positionsBundle [566, 1581, 1929, 967]
INFORMACIÓN : 1levelsBundle [3, 3, 3, 3]
INFORMACIÓN : 1positionsOrdered [566, 1581, 1929, 967]
INFORMACIÓN : 1levelsOrdered [3, 3, 3, 3]
INFORMACIÓN : 1partialityOrdered [3, 3, 3, 3]
INFORMACIÓN : 1arrivalTimes [13.568511151581054, 38.568511151581056, 45.84862104086157, 68.3208260951058]
INFORMACIÓN : coalSat position 566 level 3
INFORMACIÓN : timeSat position 566 level 3
INFORMACIÓN : coalSat position 1581 level 3
INFORMACIÓN : timeSat position 1581 level 3
INFORMACIÓN : coalSat position 1929 level 3
INFORMACIÓN : timeSat position 1929 level 3
INFORMACIÓN : coalSat position 967 level 3
INFORMACIÓN : timeSat position 967 level 3
INFORMACIÓN : I [AB]; lost Test.myBail@550a915e; POS 566; sensors [IR, MW]; level 3 I paid 716.4753796498836in favour ofnull paid 716.4753796498836
INFORMACIÓN : 2historia0[0.0, 0.0, 0.0, 1143.875309537547, 0.0, 0.0, 0.0, 0.0, 0.0, 0.0, 0.0, 0.0, 0.0, 0.0, 0.0, 0.0, 0.0, 0.0, 0.0, 0.0, 0.0, 0.0, 0.0, 0.0, 0.0, 0.0, 0.0, 0.0, 0.0, 0.0, 0.0, 1452.4394732316305, 0.0, 715.7969514198489, 0.0, 989.3541785148986, 0.0, 0.0, 0.0, 1011.7646220818103, 928.6497837089639, 0.0, 0.0, 0.0, 569.8771298950334, 0.0, 0.0, 0.0, 0.0, 0.0, 0.0, 1129.2580095249346, 0.0, 0.0, 0.0, 0.0, 0.0, 0.0, 0.0, 0.0, 0.0, 0.0, 0.0, 0.0, 0.0, 0.0, 0.0, 0.0, 0.0, 0.0, 0.0, 0.0, 569.8562280787743, 0.0, 695.3419496894991, 0.0, 0.0, 0.0, 0.0, 0.0, 0.0, 949.3986487972159, 0.0, 0.0, 0.0, 0.0, 0.0, 0.0, 521.1070174434286, 0.0, 0.0, 0.0, 0.0, 0.0, 0.0, 0.0, 0.0, 0.0, 0.0, 0.0, 0.0, 0.0, 0.0, 0.0, 0.0, 0.0, 0.0, 0.0, 0.0, 0.0, 0.0, 0.0, 0.0, 0.0, 0.0, 0.0, 523.4331975235309, 0.0, 0.0, 0.0, 0.0, 0.0, 0.0, 0.0, 0.0, 0.0, 0.0, 0.0, 0.0, 0.0, 0.0, 0.0, 1096.79149581209, 0.0, 0.0, 0.0, 0.0, 0.0, 0.0, 638.060967380717, 0.0, 0.0, 0.0, 935.2988558870302, 0.0, 0.0, 0.0, 0.0, 0.0, 0.0, 0.0, 0.0, 0.0, 0.0, 0.0, 0.0, 0.0, 0.0, 0.0, 0.0, 0.0, 0.0, 0.0, 0.0, 0.0, 0.0, 0.0, 0.0, 638.0839708007549, 1431.7204376227144]
INFORMACIÓN : 2apuestaBundle [1453.621478166841, 649.3886658064926, 579.0831351279865, 523.6682611257525]
INFORMACIÓN : 2positionsBundle [776, 1581, 1929, 967]
INFORMACIÓN : 2levelsBundle [3, 3, 3, 3]
INFORMACIÓN : 2positionsOrdered [776, 1581, 1929, 967]
INFORMACIÓN : 2levelsOrdered [3, 3, 3, 3]
INFORMACIÓN : 2partialityOrdered [3, 3, 3, 3]
INFORMACIÓN : 2arrivalTimes [24.418766679826224, 51.58870299987719, 58.86881288915771, 81.34101794340194]
INFORMACIÓN : coalSat position 776 level 3
INFORMACIÓN : I [AB]; lost Test.myBail@238ca672; POS 776; sensors [IR, MW]; level 3 I paid 1453.621478166841in favour ofnull paid 1453.621478166841
INFORMACIÓN : 3historia0[378.3388321609459, 0.0, 0.0, 1135.8807695181088, 0.0, 0.0, 0.0, 0.0, 0.0, 0.0, 0.0, 982.7314185217242, 0.0, 0.0, 0.0, 0.0, 0.0, 0.0, 0.0, 0.0, 1438.3154708030645, 0.0, 0.0, 0.0, 0.0, 0.0, 0.0, 0.0, 0.0, 0.0, 0.0, 1452.4394732316305, 0.0, 696.302221161497, 0.0, 1028.0596565192818, 0.0, 0.0, 0.0, 1009.9215158349823, 941.3561322754025, 0.0, 0.0, 0.0, 569.8771298950334, 0.0, 0.0, 0.0, 0.0, 0.0, 0.0, 1129.2580095249346, 0.0, 0.0, 0.0, 0.0, 0.0, 0.0, 0.0, 0.0, 0.0, 0.0, 0.0, 0.0, 0.0, 0.0, 0.0, 0.0, 0.0, 0.0, 0.0, 0.0, 596.4117293149347, 0.0, 0.0, 0.0, 0.0, 0.0, 0.0, 0.0, 0.0, 935.2988558870302, 0.0, 0.0, 0.0, 0.0, 0.0, 0.0, 0.0, 0.0, 0.0, 0.0, 0.0, 0.0, 0.0, 0.0, 0.0, 0.0, 0.0, 0.0, 0.0, 0.0, 0.0, 0.0, 0.0, 0.0, 0.0, 0.0, 0.0, 0.0, 0.0, 0.0, 0.0, 0.0, 0.0, 0.0, 523.4331975235309, 0.0, 0.0, 0.0, 0.0, 0.0, 0.0, 0.0, 0.0, 0.0, 0.0, 0.0, 0.0, 0.0, 0.0, 0.0, 1113.0081245974677, 0.0, 0.0, 0.0, 0.0, 0.0, 0.0, 666.4792951560661, 0.0, 0.0, 0.0, 935.2988558870302, 0.0, 0.0, 0.0, 0.0, 0.0, 0.0, 0.0, 0.0, 0.0, 0.0, 0.0, 0.0, 0.0, 0.0, 0.0, 0.0, 0.0, 0.0, 0.0, 0.0, 0.0, 0.0, 0.0, 0.0, 638.0839708007549, 0.0]
