----------------------------------------------------------------------
-- Log session for [myBugCoalitionsCCBBAGuaiDEF-9] started on 2017.07.14.18.19.03 --
----------------------------------------------------------------------

INFORMACIÓN : I started
INFORMACIÓN : 0apuestaBundle [1442.8409641814562, 1109.835732931054, 1009.3838846538483, 935.5681422677076]
INFORMACIÓN : 0positionsBundle [776, 111, 1638, 421]
INFORMACIÓN : 0levelsBundle [3, 3, 3, 3]
INFORMACIÓN : 0positionsOrdered [776, 111, 1638, 421]
INFORMACIÓN : 0levelsOrdered [3, 3, 3, 3]
INFORMACIÓN : 0partialityOrdered [3, 3, 3, 3]
INFORMACIÓN : 0arrivalTimes [20.908026093938297, 40.757459335217504, 81.11833147643864, 110.52921381614412]
INFORMACIÓN : coalSat position 1638 level 3
INFORMACIÓN : timeSat position 1638 level 3
INFORMACIÓN : I [MW]; lost Test.myBail@485fdb70; POS 776; sensors [AB, IR]; level 3 I paid 1442.8409641814562in favour of12@(myturtles,myturtles,bug)@MK-18526 paid 1453.3696375919615
INFORMACIÓN : 1historia0[0.0, 0.0, 0.0, 1111.4129163696618, 0.0, 0.0, 0.0, 0.0, 0.0, 0.0, 0.0, 1007.4612200874571, 0.0, 0.0, 0.0, 0.0, 0.0, 0.0, 0.0, 0.0, 1438.200465812453, 0.0, 0.0, 0.0, 0.0, 0.0, 0.0, 0.0, 0.0, 0.0, 0.0, 1453.3696375919615, 0.0, 0.0, 0.0, 0.0, 0.0, 0.0, 0.0, 1011.7646220818103, 935.7807986216917, 0.0, 0.0, 0.0, 0.0, 0.0, 0.0, 0.0, 0.0, 0.0, 0.0, 1130.5200782257298, 0.0, 0.0, 0.0, 0.0, 0.0, 0.0, 0.0, 0.0, 0.0, 0.0, 0.0, 0.0, 0.0, 0.0, 0.0, 0.0, 0.0, 0.0, 0.0, 0.0, 0.0, 0.0, 0.0, 0.0, 0.0, 0.0, 0.0, 0.0, 0.0, 935.4149831676132, 0.0, 0.0, 0.0, 0.0, 0.0, 0.0, 0.0, 0.0, 0.0, 0.0, 0.0, 0.0, 0.0, 0.0, 0.0, 0.0, 0.0, 0.0, 0.0, 0.0, 0.0, 0.0, 0.0, 0.0, 0.0, 0.0, 0.0, 0.0, 0.0, 0.0, 0.0, 0.0, 0.0, 0.0, 0.0, 0.0, 0.0, 0.0, 0.0, 0.0, 0.0, 0.0, 0.0, 0.0, 0.0, 0.0, 0.0, 0.0, 0.0, 0.0, 1113.4679695884, 0.0, 0.0, 0.0, 0.0, 0.0, 0.0, 0.0, 0.0, 0.0, 0.0, 935.9157111825834, 0.0, 0.0, 0.0, 0.0, 0.0, 0.0, 0.0, 0.0, 0.0, 0.0, 0.0, 0.0, 0.0, 0.0, 0.0, 0.0, 0.0, 0.0, 0.0, 0.0, 0.0, 0.0, 0.0, 0.0, 0.0, 1449.2831773230762]
INFORMACIÓN : 1apuestaBundle [695.3419496894991, 638.060967380717, 569.8562280787743, 521.1070174434286]
INFORMACIÓN : 1positionsBundle [566, 1581, 1929, 967]
INFORMACIÓN : 1levelsBundle [3, 3, 3, 3]
INFORMACIÓN : 1positionsOrdered [566, 1581, 1929, 967]
INFORMACIÓN : 1levelsOrdered [3, 3, 3, 3]
INFORMACIÓN : 1partialityOrdered [3, 3, 3, 3]
INFORMACIÓN : 1arrivalTimes [28.588702999877192, 53.58870299987719, 60.86881288915771, 83.34101794340194]
INFORMACIÓN : coalSat position 566 level 3
INFORMACIÓN : coalSat position 1581 level 3
INFORMACIÓN : coalSat position 1929 level 3
INFORMACIÓN : coalSat position 967 level 3
INFORMACIÓN : I [MW]; lost Test.myBail@c8419f4; POS 566; sensors [AB, IR]; level 3 I paid 695.3419496894991in favour ofnull paid 695.3419496894991
INFORMACIÓN : 2historia0[0.0, 0.0, 0.0, 0.0, 0.0, 0.0, 0.0, 0.0, 0.0, 0.0, 0.0, 0.0, 0.0, 0.0, 0.0, 0.0, 0.0, 0.0, 0.0, 0.0, 0.0, 0.0, 0.0, 0.0, 0.0, 0.0, 0.0, 0.0, 0.0, 0.0, 0.0, 1452.4394732316305, 0.0, 696.302221161497, 0.0, 989.3541785148986, 0.0, 0.0, 0.0, 1011.7646220818103, 928.6497837089639, 0.0, 0.0, 0.0, 569.8771298950334, 638.1231598945749, 0.0, 0.0, 0.0, 0.0, 0.0, 1129.2580095249346, 0.0, 0.0, 0.0, 0.0, 0.0, 697.9380915865743, 0.0, 0.0, 0.0, 0.0, 0.0, 0.0, 0.0, 0.0, 0.0, 0.0, 0.0, 0.0, 0.0, 0.0, 0.0, 0.0, 0.0, 0.0, 0.0, 0.0, 0.0, 0.0, 0.0, 0.0, 0.0, 0.0, 0.0, 0.0, 569.9127386539503, 520.5102253661086, 0.0, 0.0, 0.0, 0.0, 0.0, 0.0, 0.0, 0.0, 0.0, 0.0, 0.0, 0.0, 0.0, 0.0, 0.0, 0.0, 0.0, 0.0, 0.0, 0.0, 0.0, 0.0, 0.0, 0.0, 0.0, 0.0, 0.0, 0.0, 523.4331975235309, 0.0, 0.0, 0.0, 0.0, 0.0, 0.0, 0.0, 0.0, 0.0, 0.0, 0.0, 0.0, 0.0, 0.0, 0.0, 1096.79149581209, 0.0, 0.0, 0.0, 0.0, 0.0, 0.0, 0.0, 0.0, 0.0, 0.0, 935.2988558870302, 0.0, 0.0, 0.0, 0.0, 0.0, 0.0, 0.0, 0.0, 0.0, 0.0, 0.0, 0.0, 0.0, 0.0, 0.0, 0.0, 0.0, 0.0, 0.0, 0.0, 0.0, 0.0, 0.0, 0.0, 638.0839708007549, 1431.7204376227144]
INFORMACIÓN : 2apuestaBundle [1028.0596565192818, 666.4792951560661, 596.4117293149347, 378.3388321609459]
INFORMACIÓN : 2positionsBundle [1638, 1581, 1929, 315]
INFORMACIÓN : 2levelsBundle [3, 3, 3, 3]
INFORMACIÓN : 2positionsOrdered [1581, 1929, 1638, 315]
INFORMACIÓN : 2levelsOrdered [3, 3, 3, 3]
INFORMACIÓN : 2partialityOrdered [3, 3, 3, 3]
INFORMACIÓN : 2arrivalTimes [50.90618231864603, 58.18629220792655, 86.62907206232657, 121.34218197774614]
INFORMACIÓN : 3historia0[378.3388321609459, 0.0, 0.0, 0.0, 0.0, 0.0, 0.0, 0.0, 0.0, 0.0, 0.0, 0.0, 0.0, 0.0, 0.0, 0.0, 0.0, 0.0, 0.0, 0.0, 0.0, 0.0, 0.0, 0.0, 0.0, 0.0, 0.0, 0.0, 0.0, 0.0, 0.0, 1452.4394732316305, 0.0, 696.302221161497, 0.0, 1028.0596565192818, 0.0, 0.0, 0.0, 1009.9215158349823, 941.3561322754025, 0.0, 0.0, 0.0, 569.8771298950334, 0.0, 0.0, 0.0, 0.0, 0.0, 0.0, 1129.2580095249346, 0.0, 0.0, 0.0, 0.0, 0.0, 0.0, 0.0, 0.0, 0.0, 0.0, 0.0, 0.0, 0.0, 0.0, 0.0, 0.0, 0.0, 0.0, 0.0, 0.0, 596.4117293149347, 0.0, 0.0, 0.0, 0.0, 0.0, 0.0, 0.0, 0.0, 0.0, 0.0, 0.0, 0.0, 0.0, 0.0, 518.891257189063, 0.0, 0.0, 0.0, 0.0, 0.0, 0.0, 0.0, 0.0, 0.0, 0.0, 0.0, 0.0, 0.0, 0.0, 0.0, 0.0, 0.0, 0.0, 0.0, 0.0, 0.0, 0.0, 0.0, 0.0, 0.0, 0.0, 0.0, 0.0, 523.4331975235309, 0.0, 0.0, 0.0, 0.0, 0.0, 0.0, 0.0, 0.0, 0.0, 0.0, 0.0, 0.0, 0.0, 0.0, 0.0, 1113.0081245974677, 0.0, 0.0, 0.0, 0.0, 0.0, 0.0, 666.4792951560661, 0.0, 0.0, 0.0, 935.2988558870302, 0.0, 0.0, 0.0, 0.0, 0.0, 0.0, 0.0, 0.0, 0.0, 0.0, 0.0, 0.0, 0.0, 0.0, 0.0, 0.0, 0.0, 0.0, 0.0, 0.0, 0.0, 0.0, 0.0, 0.0, 638.0839708007549, 1448.7038870124752]
