----------------------------------------------------------------------
-- Log session for [myBugCoalitionsCCBBAGuaiDEF-5] started on 2018.01.04.00.28.59 --
----------------------------------------------------------------------

INFORMACIÓN : I started
INFORMACIÓN : 0apuestaBundle [711.6679015589364, 689.7157141194114, 689.7157141194114, 661.1236647371675, 661.1236647371675, 629.4098059587147, 613.8985540203464]
INFORMACIÓN : 0positionsBundle [504, 1066, 1066, 63, 63, 1791, 2044]
INFORMACIÓN : 0levelsBundle [2, 2, 2, 2, 2, 2, 2]
INFORMACIÓN : 0positionsOrdered [504, 1066, 1066, 63, 63, 1791, 2044]
INFORMACIÓN : 0levelsOrdered [2, 2, 2, 2, 2, 2, 2]
INFORMACIÓN : 0partialityOrdered [2, 2, 2, 2, 2, 2, 2]
INFORMACIÓN : 0arrivalTimes [4.47213595499958, 20.750956551099286, 20.750956551099286, 40.974704967255974, 40.974704967255974, 85.02013605834645, 90.85108795319175]
INFORMACIÓN : I [IR, MW]; lost Test.myBail@1e407e11; POS 504; sensors [AB]; level 2 I paid 711.6679015589364in favour of10@(myturtles,myturtles,bug)@MK-11 paid 681.373775905984
INFORMACIÓN : 1historia0[0.0, 0.0, 0.0, 0.0, 0.0, 0.0, 0.0, 0.0, 0.0, 0.0, 0.0, 0.0, 0.0, 0.0, 0.0, 0.0, 0.0, 0.0, 0.0, 0.0, 0.0, 0.0, 0.0, 0.0, 0.0, 0.0, 0.0, 0.0, 687.9238739727659, 0.0, 0.0, 0.0, 0.0, 681.373775905984, 0.0, 0.0, 681.373775905984, 0.0, 607.167341298895, 0.0, 0.0, 0.0, 0.0, 0.0, 0.0, 0.0, 0.0, 0.0, 0.0, 0.0, 0.0, 0.0, 0.0, 0.0, 0.0, 0.0, 0.0, 0.0, 0.0, 0.0, 0.0, 0.0, 0.0, 0.0, 0.0, 0.0, 0.0, 0.0, 0.0, 0.0, 687.9238739727659, 0.0, 0.0, 0.0, 0.0, 0.0, 0.0, 0.0, 0.0, 0.0, 0.0, 628.1980525283508, 0.0, 0.0, 0.0, 0.0, 0.0, 0.0, 0.0, 0.0, 0.0, 0.0, 0.0, 628.1980525283508, 0.0, 0.0, 0.0, 0.0, 0.0, 0.0, 0.0, 0.0, 0.0, 0.0, 0.0, 0.0, 0.0, 607.167341298895, 0.0, 0.0, 0.0, 0.0, 0.0, 0.0, 0.0, 0.0, 0.0, 0.0, 0.0, 0.0]
INFORMACIÓN : 1apuestaBundle [692.2112976033254, 692.2112976033254, 662.3393829541919, 662.3393829541919, 600.3828944910637, 528.017848478716, 515.961827257941]
INFORMACIÓN : 1positionsBundle [1066, 1066, 63, 63, 478, 911, 2200]
INFORMACIÓN : 1levelsBundle [2, 2, 2, 2, 2, 2, 2]
INFORMACIÓN : 1positionsOrdered [1066, 1066, 63, 63, 478, 911, 2200]
INFORMACIÓN : 1levelsOrdered [2, 2, 2, 2, 2, 2, 2]
INFORMACIÓN : 1partialityOrdered [2, 2, 2, 2, 2, 2, 2]
INFORMACIÓN : 1arrivalTimes [15.652475842498529, 15.652475842498529, 35.87622425865521, 35.87622425865521, 52.87622425865521, 72.11160832032655, 100.34279674731276]
INFORMACIÓN : coalSat position 911 level 2
INFORMACIÓN : I [IR, MW]; lost Test.myBail@659af83c; POS 478; sensors [AB]; level 2 I paid 600.3828944910637in favour of7@(myturtles,myturtles,bug)@MK-11 paid 614.4906257131175
INFORMACIÓN : 2historia0[0.0, 0.0, 0.0, 0.0, 0.0, 662.3393829541919, 0.0, 487.9988328863527, 0.0, 0.0, 0.0, 0.0, 0.0, 0.0, 0.0, 0.0, 0.0, 0.0, 0.0, 0.0, 0.0, 0.0, 0.0, 0.0, 0.0, 0.0, 0.0, 523.5072889189998, 687.9238739727659, 0.0, 0.0, 0.0, 0.0, 682.5409089787254, 692.2112976033254, 0.0, 682.5409089787254, 503.7996684701708, 613.0938287650534, 0.0, 0.0, 0.0, 487.9988328863527, 0.0, 0.0, 0.0, 614.4906257131175, 0.0, 0.0, 0.0, 0.0, 0.0, 0.0, 0.0, 523.5072889189998, 0.0, 0.0, 0.0, 0.0, 0.0, 0.0, 0.0, 0.0, 0.0, 0.0, 0.0, 0.0, 0.0, 0.0, 0.0, 687.9238739727659, 0.0, 0.0, 614.4906257131175, 0.0, 0.0, 0.0, 0.0, 0.0, 0.0, 0.0, 629.5612635524288, 0.0, 0.0, 0.0, 0.0, 0.0, 0.0, 0.0, 0.0, 0.0, 0.0, 0.0, 629.5612635524288, 0.0, 0.0, 0.0, 0.0, 0.0, 0.0, 0.0, 662.3393829541919, 0.0, 0.0, 0.0, 0.0, 0.0, 613.0938287650534, 0.0, 0.0, 489.48720113018584, 0.0, 0.0, 0.0, 0.0, 692.2112976033254, 0.0, 0.0, 0.0, 0.0]
INFORMACIÓN : 2apuestaBundle [692.2112976033254, 692.2112976033254, 662.3393829541919, 662.3393829541919, 528.017848478716, 499.6240826397036, 481.6470590647459]
INFORMACIÓN : 2positionsBundle [1066, 1066, 63, 63, 911, 1002, 657]
INFORMACIÓN : 2levelsBundle [2, 2, 2, 2, 2, 2, 2]
INFORMACIÓN : 2positionsOrdered [1066, 1066, 63, 63, 911, 1002, 657]
INFORMACIÓN : 2levelsOrdered [2, 2, 2, 2, 2, 2, 2]
INFORMACIÓN : 2partialityOrdered [2, 2, 2, 2, 2, 2, 2]
INFORMACIÓN : 2arrivalTimes [15.652475842498529, 15.652475842498529, 35.87622425865521, 35.87622425865521, 52.9934670272789, 62.213011484571794, 70.81533675161442]
INFORMACIÓN : coalSat position 657 level 2
INFORMACIÓN : timeSat position 657 level 2
INFORMACIÓN : I [IR, MW]; lost Test.myBail@16d704fe; POS 911; sensors [AB]; level 2 I paid 528.017848478716in favour of10@(myturtles,myturtles,bug)@MK-11 paid 497.6737044522001
INFORMACIÓN : 3historia0[0.0, 0.0, 0.0, 0.0, 0.0, 662.3393829541919, 0.0, 487.9988328863527, 0.0, 0.0, 0.0, 0.0, 0.0, 0.0, 0.0, 0.0, 0.0, 497.6737044522001, 0.0, 0.0, 0.0, 0.0, 0.0, 0.0, 0.0, 0.0, 0.0, 523.5072889189998, 687.9238739727659, 483.605119184805, 482.33691781524317, 0.0, 412.6556968250535, 682.5409089787254, 692.2112976033254, 0.0, 682.5409089787254, 497.6737044522001, 610.7320522114021, 0.0, 0.0, 0.0, 487.9988328863527, 0.0, 0.0, 0.0, 614.4906257131175, 0.0, 0.0, 0.0, 0.0, 0.0, 0.0, 0.0, 523.5072889189998, 0.0, 0.0, 0.0, 0.0, 0.0, 0.0, 415.07492929511284, 0.0, 0.0, 0.0, 0.0, 0.0, 0.0, 0.0, 412.6556968250535, 687.9238739727659, 0.0, 0.0, 614.4906257131175, 0.0, 0.0, 0.0, 0.0, 0.0, 0.0, 0.0, 626.2278203389774, 0.0, 0.0, 0.0, 0.0, 0.0, 0.0, 0.0, 0.0, 0.0, 0.0, 0.0, 626.2278203389774, 483.605119184805, 0.0, 0.0, 0.0, 0.0, 0.0, 0.0, 662.3393829541919, 0.0, 0.0, 0.0, 0.0, 0.0, 610.7320522114021, 0.0, 0.0, 482.33691781524317, 467.89147281785006, 0.0, 0.0, 0.0, 692.2112976033254, 467.89147281785006, 465.3265309246884, 0.0, 0.0]
INFORMACIÓN : 3apuestaBundle [692.2112976033254, 692.2112976033254, 662.3393829541919, 662.3393829541919, 481.6470590647459, 374.6556837120643, 355.74176421408015, 355.74176421408015]
INFORMACIÓN : 3positionsBundle [1066, 1066, 63, 63, 657, 995, 1771, 1771]
INFORMACIÓN : 3levelsBundle [2, 2, 2, 2, 2, 2, 2, 2]
INFORMACIÓN : 3positionsOrdered [1066, 1066, 63, 63, 657, 995, 1771, 1771]
INFORMACIÓN : 3levelsOrdered [2, 2, 2, 2, 2, 2, 2, 2]
INFORMACIÓN : 3partialityOrdered [2, 2, 2, 2, 2, 2, 2, 2]
INFORMACIÓN : 3arrivalTimes [15.652475842498529, 15.652475842498529, 35.87622425865521, 35.87622425865521, 98.27669871078288, 136.74746683412556, 165.59187703783746, 165.59187703783746]
INFORMACIÓN : I [IR, MW]; lost Test.myBail@44ae6a4e; POS 995; sensors [AB]; level 2 I paid 374.6556837120643in favour of6@(myturtles,myturtles,bug)@MK-11 paid 400.3045875967232
INFORMACIÓN : 4historia0[0.0, 22.82734222416684, 0.0, 0.0, 0.0, 662.3393829541919, 0.0, 487.9988328863527, 0.0, 0.0, 0.0, 0.0, 0.0, 0.0, 0.0, 0.0, 0.0, 497.6737044522001, 0.0, 0.0, 0.0, 0.0, 0.0, 0.0, 0.0, 0.0, 0.0, 523.5072889189998, 687.9238739727659, 483.605119184805, 483.152702882657, 0.0, 436.70019518782397, 682.5409089787254, 692.2112976033254, 0.0, 682.5409089787254, 497.6737044522001, 610.7320522114021, 0.0, 0.0, 0.0, 487.9988328863527, 0.0, 0.0, 0.0, 614.4906257131175, 0.0, 0.0, 0.0, 0.0, 0.0, 0.0, 0.0, 523.5072889189998, 0.0, 0.0, 0.0, 432.8028075889074, 0.0, 0.0, 432.8028075889074, 0.0, 0.0, 0.0, 0.0, 0.0, 0.0, 0.0, 436.70019518782397, 687.9238739727659, 0.0, 0.0, 614.4906257131175, 0.0, 0.0, 0.0, 0.0, 0.0, 0.0, 0.0, 626.2278203389774, 0.0, 0.0, 0.0, 0.0, 0.0, 0.0, 481.6470590647459, 0.0, 0.0, 0.0, 0.0, 626.2278203389774, 483.605119184805, 0.0, 0.0, 0.0, 0.0, 0.0, 0.0, 662.3393829541919, 0.0, 400.3045875967232, 0.0, 0.0, 0.0, 610.7320522114021, 0.0, 0.0, 483.152702882657, 467.89147281785006, 0.0, 0.0, 0.0, 692.2112976033254, 467.89147281785006, 465.3265309246884, 0.0, 0.0]
INFORMACIÓN : 4apuestaBundle [692.2112976033254, 692.2112976033254, 662.3393829541919, 662.3393829541919, 481.6470590647459, 355.74176421408015, 355.74176421408015, 338.9405642660812]
INFORMACIÓN : 4positionsBundle [1066, 1066, 63, 63, 657, 1771, 1771, 2290]
INFORMACIÓN : 4levelsBundle [2, 2, 2, 2, 2, 2, 2, 2]
INFORMACIÓN : 4positionsOrdered [1066, 1066, 63, 63, 657, 1771, 1771, 2290]
INFORMACIÓN : 4levelsOrdered [2, 2, 2, 2, 2, 2, 2, 2]
INFORMACIÓN : 4partialityOrdered [2, 2, 2, 2, 2, 2, 2, 2]
INFORMACIÓN : 4arrivalTimes [15.652475842498529, 15.652475842498529, 35.87622425865521, 35.87622425865521, 98.27669871078288, 124.35350833159347, 124.35350833159347, 145.82441888517735]
INFORMACIÓN : I [IR, MW]; lost Test.myBail@3e877255; POS 2290; sensors [AB]; level 2 I paid 338.9405642660812in favour of8@(myturtles,myturtles,bug)@MK-11 paid 347.0308241550478
INFORMACIÓN : 5historia0[347.0308241550478, 0.0, 0.0, 0.0, 0.0, 662.3393829541919, 0.0, 487.9988328863527, 0.0, 0.0, 0.0, 0.0, 0.0, 0.0, 0.0, 0.0, 0.0, 497.6737044522001, 0.0, 0.0, 0.0, 0.0, 0.0, 419.8145555142364, 0.0, 0.0, 0.0, 523.5072889189998, 687.9238739727659, 483.605119184805, 483.152702882657, 0.0, 436.70019518782397, 682.5409089787254, 692.2112976033254, 0.0, 682.5409089787254, 497.6737044522001, 610.7320522114021, 0.0, 0.0, 0.0, 487.9988328863527, 0.0, 0.0, 0.0, 614.4906257131175, 0.0, 0.0, 0.0, 0.0, 0.0, 0.0, 0.0, 523.5072889189998, 0.0, 0.0, 0.0, 417.5383813169146, 0.0, 0.0, 417.5383813169146, 0.0, 0.0, 0.0, 0.0, 0.0, 0.0, 0.0, 436.70019518782397, 687.9238739727659, 0.0, 0.0, 614.4906257131175, 0.0, 0.0, 0.0, 0.0, 0.0, 0.0, 0.0, 626.2278203389774, 0.0, 0.0, 0.0, 0.0, 0.0, 0.0, 481.6470590647459, 0.0, 355.74176421408015, 0.0, 0.0, 626.2278203389774, 483.605119184805, 0.0, 0.0, 0.0, 347.0308241550478, 0.0, 0.0, 662.3393829541919, 0.0, 419.8145555142364, 0.0, 0.0, 0.0, 610.7320522114021, 0.0, 355.74176421408015, 483.152702882657, 467.89147281785006, 0.0, 0.0, 0.0, 692.2112976033254, 467.89147281785006, 465.3265309246884, 0.0, 0.0]
INFORMACIÓN : 5apuestaBundle [692.2112976033254, 692.2112976033254, 662.3393829541919, 662.3393829541919, 481.6470590647459, 355.74176421408015, 355.74176421408015, 338.62359301638526]
INFORMACIÓN : 5positionsBundle [1066, 1066, 63, 63, 657, 1771, 1771, 807]
INFORMACIÓN : 5levelsBundle [2, 2, 2, 2, 2, 2, 2, 2]
INFORMACIÓN : 5positionsOrdered [1066, 1066, 63, 63, 807, 657, 1771, 1771]
INFORMACIÓN : 5levelsOrdered [2, 2, 2, 2, 2, 2, 2, 2]
INFORMACIÓN : 5partialityOrdered [2, 2, 2, 2, 2, 2, 2, 2]
INFORMACIÓN : 5arrivalTimes [15.652475842498529, 15.652475842498529, 35.87622425865521, 35.87622425865521, 52.031718680058724, 98.27669871078288, 124.35350833159347, 124.35350833159347]
INFORMACIÓN : I [IR, MW]; lost Test.myBail@5bbb4079; POS 807; sensors [AB]; level 2 I paid 338.62359301638526in favour of10@(myturtles,myturtles,bug)@MK-11 paid 307.0718473746151
INFORMACIÓN : 6historia0[347.0308241550478, 0.0, 0.0, 0.0, 0.0, 662.3393829541919, 0.0, 487.9988328863527, 0.0, 0.0, 0.0, 0.0, 0.0, 0.0, 0.0, 0.0, 0.0, 497.6737044522001, 0.0, 0.0, 0.0, 0.0, 0.0, 419.8145555142364, 0.0, 317.61568553935126, 0.0, 523.5072889189998, 687.9238739727659, 483.605119184805, 483.152702882657, 0.0, 436.70019518782397, 682.5409089787254, 692.2112976033254, 0.0, 682.5409089787254, 497.6737044522001, 610.7320522114021, 308.8450919693928, 0.0, 0.0, 487.9988328863527, 0.0, 0.0, 0.0, 614.4906257131175, 0.0, 0.0, 0.0, 0.0, 0.0, 307.0718473746151, 0.0, 523.5072889189998, 0.0, 0.0, 0.0, 417.5383813169146, 0.0, 0.0, 417.5383813169146, 0.0, 0.0, 0.0, 0.0, 0.0, 317.61568553935126, 0.0, 436.70019518782397, 687.9238739727659, 0.0, 0.0, 614.4906257131175, 0.0, 0.0, 0.0, 0.0, 0.0, 0.0, 0.0, 626.2278203389774, 0.0, 0.0, 0.0, 0.0, 0.0, 307.0718473746151, 481.6470590647459, 0.0, 355.74176421408015, 308.8450919693928, 0.0, 626.2278203389774, 483.605119184805, 0.0, 0.0, 0.0, 347.0308241550478, 0.0, 0.0, 662.3393829541919, 0.0, 419.8145555142364, 0.0, 0.0, 0.0, 610.7320522114021, 0.0, 355.74176421408015, 483.152702882657, 467.89147281785006, 0.0, 0.0, 0.0, 692.2112976033254, 467.89147281785006, 465.3265309246884, 0.0, 0.0]
INFORMACIÓN : 6apuestaBundle [692.2112976033254, 692.2112976033254, 662.3393829541919, 662.3393829541919, 481.6470590647459, 355.74176421408015, 355.74176421408015, 289.5080757961632, 289.5080757961632]
INFORMACIÓN : 6positionsBundle [1066, 1066, 63, 63, 657, 1771, 1771, 710, 710]
INFORMACIÓN : 6levelsBundle [2, 2, 2, 2, 2, 2, 2, 2, 2]
INFORMACIÓN : 6positionsOrdered [1066, 1066, 63, 63, 710, 710, 657, 1771, 1771]
INFORMACIÓN : 6levelsOrdered [2, 2, 2, 2, 2, 2, 2, 2, 2]
INFORMACIÓN : 6partialityOrdered [2, 2, 2, 2, 2, 2, 2, 2, 2]
INFORMACIÓN : 6arrivalTimes [15.652475842498529, 15.652475842498529, 35.87622425865521, 35.87622425865521, 49.21788832278155, 49.21788832278155, 98.27669871078288, 124.35350833159347, 124.35350833159347]
INFORMACIÓN : 7historia0[347.0308241550478, 0.0, 0.0, 0.0, 0.0, 662.3393829541919, 43.71284078755868, 487.9988328863527, 0.0, 0.0, 0.0, 0.0, 0.0, 0.0, 0.0, 0.0, 0.0, 497.6737044522001, 0.0, 0.0, 282.00068130586055, 0.0, 289.5080757961632, 419.8145555142364, 0.0, 317.61568553935126, 0.0, 523.5072889189998, 687.9238739727659, 483.605119184805, 483.152702882657, 0.0, 436.70019518782397, 682.5409089787254, 692.2112976033254, 0.0, 682.5409089787254, 497.6737044522001, 610.7320522114021, 308.8450919693928, 0.0, 0.0, 487.9988328863527, 0.0, 280.49710519074847, 0.0, 614.4906257131175, 0.0, 0.0, 0.0, 0.0, 0.0, 307.0718473746151, 0.0, 523.5072889189998, 0.0, 0.0, 0.0, 417.5383813169146, 0.0, 0.0, 417.5383813169146, 0.0, 220.20655362560038, 0.0, 0.0, 0.0, 317.61568553935126, 0.0, 436.70019518782397, 687.9238739727659, 0.0, 0.0, 614.4906257131175, 289.5080757961632, 0.0, 0.0, 0.0, 282.00068130586055, 0.0, 0.0, 626.2278203389774, 0.0, 0.0, 0.0, 0.0, 0.0, 307.0718473746151, 481.6470590647459, 0.0, 355.74176421408015, 308.8450919693928, 0.0, 626.2278203389774, 483.605119184805, 0.0, 0.0, 0.0, 347.0308241550478, 0.0, 0.0, 662.3393829541919, 0.0, 419.8145555142364, 0.0, 0.0, 0.0, 610.7320522114021, 0.0, 355.74176421408015, 483.152702882657, 467.89147281785006, 0.0, 0.0, 0.0, 692.2112976033254, 467.89147281785006, 465.3265309246884, 0.0, 0.0]
INFORMACIÓN : 7apuestaBundle [692.2112976033254, 692.2112976033254, 662.3393829541919, 662.3393829541919, 481.6470590647459, 355.74176421408015, 355.74176421408015, 289.5080757961632, 289.5080757961632]
INFORMACIÓN : 7positionsBundle [1066, 1066, 63, 63, 657, 1771, 1771, 710, 710]
INFORMACIÓN : 7levelsBundle [2, 2, 2, 2, 2, 2, 2, 2, 2]
INFORMACIÓN : 7positionsOrdered [1066, 1066, 63, 63, 710, 710, 657, 1771, 1771]
INFORMACIÓN : 7levelsOrdered [2, 2, 2, 2, 2, 2, 2, 2, 2]
INFORMACIÓN : 7partialityOrdered [2, 2, 2, 2, 2, 2, 2, 2, 2]
INFORMACIÓN : 7arrivalTimes [15.652475842498529, 15.652475842498529, 35.87622425865521, 35.87622425865521, 49.21788832278155, 49.21788832278155, 98.27669871078288, 124.35350833159347, 124.35350833159347]
