----------------------------------------------------------------------
-- Log session for [myBugCoalitionsCCBBAGuaiDEF-6] started on 2018.01.04.00.28.59 --
----------------------------------------------------------------------

INFORMACIÓN : I started
INFORMACIÓN : 0apuestaBundle [688.1460816376764, 688.1460816376764, 662.1490234525586, 646.9954740583403, 645.3565569218258, 627.0497345353106, 627.0497345353106]
INFORMACIÓN : 0positionsBundle [1066, 1066, 1791, 2044, 504, 63, 63]
INFORMACIÓN : 0levelsBundle [2, 2, 2, 2, 2, 2, 2]
INFORMACIÓN : 0positionsOrdered [1066, 1066, 1791, 2044, 504, 63, 63]
INFORMACIÓN : 0levelsOrdered [2, 2, 2, 2, 2, 2, 2]
INFORMACIÓN : 0partialityOrdered [2, 2, 2, 2, 2, 2, 2]
INFORMACIÓN : 0arrivalTimes [17.46424919657298, 17.46424919657298, 46.117346760361784, 51.94829865520708, 101.94829865520708, 114.67622071656494, 114.67622071656494]
INFORMACIÓN : I [IR, MW]; lost Test.myBail@4fae6a65; POS 1791; sensors [AB]; level 2 I paid 662.1490234525586in favour of9@(myturtles,myturtles,bug)@MK-11 paid 628.1980525283508
INFORMACIÓN : 1historia0[0.0, 0.0, 0.0, 0.0, 0.0, 0.0, 0.0, 0.0, 0.0, 0.0, 0.0, 0.0, 0.0, 0.0, 0.0, 0.0, 0.0, 0.0, 0.0, 0.0, 0.0, 0.0, 0.0, 0.0, 0.0, 0.0, 0.0, 0.0, 687.9238739727659, 0.0, 0.0, 0.0, 0.0, 681.373775905984, 688.1460816376764, 0.0, 681.373775905984, 0.0, 607.167341298895, 0.0, 0.0, 0.0, 0.0, 0.0, 0.0, 0.0, 0.0, 0.0, 0.0, 0.0, 0.0, 0.0, 0.0, 0.0, 0.0, 0.0, 0.0, 0.0, 0.0, 0.0, 0.0, 0.0, 0.0, 0.0, 0.0, 0.0, 0.0, 0.0, 0.0, 0.0, 687.9238739727659, 0.0, 0.0, 0.0, 0.0, 0.0, 0.0, 0.0, 0.0, 0.0, 0.0, 628.1980525283508, 0.0, 0.0, 0.0, 0.0, 0.0, 0.0, 0.0, 0.0, 0.0, 0.0, 0.0, 628.1980525283508, 0.0, 0.0, 0.0, 0.0, 0.0, 0.0, 0.0, 0.0, 0.0, 0.0, 0.0, 0.0, 0.0, 607.167341298895, 0.0, 0.0, 0.0, 0.0, 0.0, 0.0, 0.0, 688.1460816376764, 0.0, 0.0, 0.0, 0.0]
INFORMACIÓN : 1apuestaBundle [688.1460816376764, 688.1460816376764, 627.0497345353106, 627.0497345353106, 592.3719352868503, 525.4641456553031, 500.62608772688554]
INFORMACIÓN : 1positionsBundle [1066, 1066, 63, 63, 478, 2200, 911]
INFORMACIÓN : 1levelsBundle [2, 2, 2, 2, 2, 2, 2]
INFORMACIÓN : 1positionsOrdered [1066, 1066, 63, 63, 478, 2200, 911]
INFORMACIÓN : 1levelsOrdered [2, 2, 2, 2, 2, 2, 2]
INFORMACIÓN : 1partialityOrdered [2, 2, 2, 2, 2, 2, 2]
INFORMACIÓN : 1arrivalTimes [17.46424919657298, 17.46424919657298, 37.68799761272966, 37.68799761272966, 54.68799761272966, 99.5098672747596, 127.74105570174581]
INFORMACIÓN : coalSat position 911 level 2
INFORMACIÓN : I [IR, MW]; lost Test.myBail@5affddb4; POS 1066; sensors [IR]; level 2 I paid 688.1460816376764in favour of5@(myturtles,myturtles,bug)@MK-11 paid 692.2112976033254
INFORMACIÓN : 2historia0[0.0, 0.0, 0.0, 0.0, 0.0, 662.3393829541919, 0.0, 487.9988328863527, 0.0, 0.0, 0.0, 0.0, 0.0, 0.0, 0.0, 0.0, 0.0, 0.0, 0.0, 0.0, 0.0, 0.0, 0.0, 0.0, 0.0, 0.0, 0.0, 523.5072889189998, 687.9238739727659, 0.0, 0.0, 0.0, 0.0, 682.5409089787254, 692.2112976033254, 0.0, 682.5409089787254, 503.7996684701708, 613.0938287650534, 0.0, 0.0, 0.0, 487.9988328863527, 0.0, 0.0, 0.0, 614.4906257131175, 0.0, 0.0, 0.0, 0.0, 0.0, 0.0, 0.0, 523.5072889189998, 0.0, 0.0, 0.0, 0.0, 0.0, 0.0, 0.0, 0.0, 0.0, 0.0, 0.0, 0.0, 0.0, 0.0, 0.0, 687.9238739727659, 0.0, 0.0, 614.4906257131175, 0.0, 0.0, 0.0, 0.0, 0.0, 0.0, 0.0, 629.5612635524288, 0.0, 0.0, 0.0, 0.0, 0.0, 0.0, 0.0, 0.0, 0.0, 0.0, 0.0, 629.5612635524288, 0.0, 0.0, 0.0, 0.0, 0.0, 0.0, 0.0, 662.3393829541919, 0.0, 0.0, 0.0, 0.0, 0.0, 613.0938287650534, 0.0, 0.0, 489.48720113018584, 0.0, 0.0, 0.0, 0.0, 692.2112976033254, 0.0, 0.0, 0.0, 0.0]
INFORMACIÓN : 2apuestaBundle [520.3721471087525, 483.605119184805, 483.605119184805, 415.07492929511284, 412.6556968250535, 412.6556968250535, 409.67696396432905]
INFORMACIÓN : 2positionsBundle [2297, 1974, 1974, 396, 384, 384, 1002]
INFORMACIÓN : 2levelsBundle [2, 2, 2, 2, 2, 2, 2]
INFORMACIÓN : 2positionsOrdered [1974, 1974, 2297, 396, 384, 384, 1002]
INFORMACIÓN : 2levelsOrdered [2, 2, 2, 2, 2, 2, 2]
INFORMACIÓN : 2partialityOrdered [2, 2, 2, 2, 2, 2, 2]
INFORMACIÓN : 2arrivalTimes [4.123105625617661, 4.123105625617661, 62.35459206770696, 100.36774768520338, 112.36774768520338, 112.36774768520338, 146.90757976354448]
INFORMACIÓN : I [IR, MW]; lost Test.myBail@7e058046; POS 2297; sensors [AB]; level 2 I paid 520.3721471087525in favour of9@(myturtles,myturtles,bug)@MK-11 paid 482.33691781524317
INFORMACIÓN : 3historia0[0.0, 0.0, 0.0, 0.0, 0.0, 662.3393829541919, 0.0, 487.9988328863527, 0.0, 0.0, 0.0, 0.0, 0.0, 0.0, 0.0, 0.0, 0.0, 497.6737044522001, 0.0, 0.0, 0.0, 0.0, 0.0, 0.0, 0.0, 0.0, 0.0, 523.5072889189998, 687.9238739727659, 0.0, 482.33691781524317, 0.0, 0.0, 682.5409089787254, 692.2112976033254, 0.0, 682.5409089787254, 497.6737044522001, 610.7320522114021, 0.0, 0.0, 0.0, 487.9988328863527, 0.0, 0.0, 0.0, 614.4906257131175, 0.0, 0.0, 0.0, 0.0, 0.0, 0.0, 0.0, 523.5072889189998, 0.0, 0.0, 0.0, 0.0, 0.0, 0.0, 0.0, 0.0, 0.0, 0.0, 0.0, 0.0, 0.0, 0.0, 0.0, 687.9238739727659, 0.0, 0.0, 614.4906257131175, 0.0, 0.0, 0.0, 0.0, 0.0, 0.0, 0.0, 626.2278203389774, 0.0, 0.0, 0.0, 0.0, 0.0, 0.0, 0.0, 0.0, 0.0, 0.0, 0.0, 626.2278203389774, 0.0, 0.0, 0.0, 0.0, 0.0, 0.0, 0.0, 662.3393829541919, 0.0, 0.0, 0.0, 0.0, 0.0, 610.7320522114021, 0.0, 0.0, 482.33691781524317, 467.89147281785006, 0.0, 0.0, 0.0, 692.2112976033254, 467.89147281785006, 465.3265309246884, 0.0, 0.0]
INFORMACIÓN : 3apuestaBundle [483.605119184805, 483.605119184805, 436.70019518782397, 436.70019518782397, 436.1257371530077, 420.4105730534755, 400.3045875967232]
INFORMACIÓN : 3positionsBundle [1974, 1974, 384, 384, 657, 396, 995]
INFORMACIÓN : 3levelsBundle [2, 2, 2, 2, 2, 2, 2]
INFORMACIÓN : 3positionsOrdered [1974, 1974, 384, 384, 396, 657, 995]
INFORMACIÓN : 3levelsOrdered [2, 2, 2, 2, 2, 2, 2]
INFORMACIÓN : 3partialityOrdered [2, 2, 2, 2, 2, 2, 2]
INFORMACIÓN : 3arrivalTimes [4.123105625617661, 4.123105625617661, 37.64921485409808, 37.64921485409808, 49.64921485409808, 98.27669871078288, 136.74746683412556]
INFORMACIÓN : I [IR, MW]; lost Test.myBail@628c4b48; POS 657; sensors [AB]; level 2 I paid 436.1257371530077in favour of5@(myturtles,myturtles,bug)@MK-11 paid 481.6470590647459
INFORMACIÓN : 4historia0[0.0, 22.82734222416684, 0.0, 0.0, 0.0, 662.3393829541919, 0.0, 487.9988328863527, 0.0, 0.0, 0.0, 0.0, 0.0, 0.0, 0.0, 0.0, 0.0, 497.6737044522001, 0.0, 0.0, 0.0, 0.0, 0.0, 0.0, 0.0, 0.0, 0.0, 523.5072889189998, 687.9238739727659, 483.605119184805, 483.152702882657, 0.0, 436.70019518782397, 682.5409089787254, 692.2112976033254, 0.0, 682.5409089787254, 497.6737044522001, 610.7320522114021, 0.0, 0.0, 0.0, 487.9988328863527, 0.0, 0.0, 0.0, 614.4906257131175, 0.0, 0.0, 0.0, 0.0, 0.0, 0.0, 0.0, 523.5072889189998, 0.0, 0.0, 0.0, 432.8028075889074, 0.0, 0.0, 432.8028075889074, 0.0, 0.0, 0.0, 0.0, 0.0, 0.0, 0.0, 436.70019518782397, 687.9238739727659, 0.0, 0.0, 614.4906257131175, 0.0, 0.0, 0.0, 0.0, 0.0, 0.0, 0.0, 626.2278203389774, 0.0, 0.0, 0.0, 0.0, 0.0, 0.0, 481.6470590647459, 0.0, 0.0, 0.0, 0.0, 626.2278203389774, 483.605119184805, 0.0, 0.0, 0.0, 0.0, 0.0, 0.0, 662.3393829541919, 0.0, 0.0, 0.0, 0.0, 0.0, 610.7320522114021, 0.0, 0.0, 483.152702882657, 467.89147281785006, 0.0, 0.0, 0.0, 692.2112976033254, 467.89147281785006, 465.3265309246884, 0.0, 0.0]
INFORMACIÓN : 4apuestaBundle [483.605119184805, 483.605119184805, 436.70019518782397, 436.70019518782397, 400.3045875967232, 364.6336326995038, 353.60685912181907, 353.60685912181907]
INFORMACIÓN : 4positionsBundle [1974, 1974, 384, 384, 995, 2290, 1771, 1771]
INFORMACIÓN : 4levelsBundle [2, 2, 2, 2, 2, 2, 2, 2]
INFORMACIÓN : 4positionsOrdered [1974, 1974, 384, 384, 995, 2290, 1771, 1771]
INFORMACIÓN : 4levelsOrdered [2, 2, 2, 2, 2, 2, 2, 2]
INFORMACIÓN : 4partialityOrdered [2, 2, 2, 2, 2, 2, 2, 2]
INFORMACIÓN : 4arrivalTimes [4.123105625617661, 4.123105625617661, 37.64921485409808, 37.64921485409808, 53.92803545019779, 80.40444003994524, 101.87535059352913, 101.87535059352913]
INFORMACIÓN : I [IR, MW]; lost Test.myBail@44ae6a4e; POS 995; sensors [AB]; level 2 I paid 400.3045875967232in favour of8@(myturtles,myturtles,bug)@MK-11 paid 419.8145555142364
INFORMACIÓN : 5historia0[347.0308241550478, 0.0, 0.0, 0.0, 0.0, 662.3393829541919, 0.0, 487.9988328863527, 0.0, 0.0, 0.0, 0.0, 0.0, 0.0, 0.0, 0.0, 0.0, 497.6737044522001, 0.0, 0.0, 0.0, 0.0, 0.0, 419.8145555142364, 0.0, 0.0, 0.0, 523.5072889189998, 687.9238739727659, 483.605119184805, 483.152702882657, 0.0, 436.70019518782397, 682.5409089787254, 692.2112976033254, 0.0, 682.5409089787254, 497.6737044522001, 610.7320522114021, 0.0, 0.0, 0.0, 487.9988328863527, 0.0, 0.0, 0.0, 614.4906257131175, 0.0, 0.0, 0.0, 0.0, 0.0, 0.0, 0.0, 523.5072889189998, 0.0, 0.0, 0.0, 417.5383813169146, 0.0, 0.0, 417.5383813169146, 0.0, 0.0, 0.0, 0.0, 0.0, 0.0, 0.0, 436.70019518782397, 687.9238739727659, 0.0, 0.0, 614.4906257131175, 0.0, 0.0, 0.0, 0.0, 0.0, 0.0, 0.0, 626.2278203389774, 0.0, 0.0, 0.0, 0.0, 0.0, 0.0, 481.6470590647459, 0.0, 355.74176421408015, 0.0, 0.0, 626.2278203389774, 483.605119184805, 0.0, 0.0, 0.0, 347.0308241550478, 0.0, 0.0, 662.3393829541919, 0.0, 419.8145555142364, 0.0, 0.0, 0.0, 610.7320522114021, 0.0, 355.74176421408015, 483.152702882657, 467.89147281785006, 0.0, 0.0, 0.0, 692.2112976033254, 467.89147281785006, 465.3265309246884, 0.0, 0.0]
INFORMACIÓN : 5apuestaBundle [483.605119184805, 483.605119184805, 436.70019518782397, 436.70019518782397, 317.61568553935126, 317.61568553935126, 308.8450919693928, 308.8450919693928, 301.18595251096684]
INFORMACIÓN : 5positionsBundle [1974, 1974, 384, 384, 1981, 1981, 1720, 1720, 807]
INFORMACIÓN : 5levelsBundle [2, 2, 2, 2, 2, 2, 2, 2, 2]
INFORMACIÓN : 5positionsOrdered [1974, 1974, 384, 384, 1981, 1981, 1720, 1720, 807]
INFORMACIÓN : 5levelsOrdered [2, 2, 2, 2, 2, 2, 2, 2, 2]
INFORMACIÓN : 5partialityOrdered [2, 2, 2, 2, 2, 2, 2, 2, 2]
INFORMACIÓN : 5arrivalTimes [4.123105625617661, 4.123105625617661, 37.64921485409808, 37.64921485409808, 69.78953221407448, 69.78953221407448, 81.87257818766906, 81.87257818766906, 104.07618149884358]
INFORMACIÓN : I [IR, MW]; lost Test.myBail@5bbb4079; POS 807; sensors [AB]; level 2 I paid 301.18595251096684in favour of10@(myturtles,myturtles,bug)@MK-11 paid 307.0718473746151
INFORMACIÓN : 6historia0[347.0308241550478, 0.0, 0.0, 0.0, 0.0, 662.3393829541919, 0.0, 487.9988328863527, 0.0, 0.0, 0.0, 0.0, 0.0, 0.0, 0.0, 0.0, 0.0, 497.6737044522001, 0.0, 0.0, 0.0, 0.0, 0.0, 419.8145555142364, 0.0, 317.61568553935126, 0.0, 523.5072889189998, 687.9238739727659, 483.605119184805, 483.152702882657, 0.0, 436.70019518782397, 682.5409089787254, 692.2112976033254, 0.0, 682.5409089787254, 497.6737044522001, 610.7320522114021, 308.8450919693928, 0.0, 0.0, 487.9988328863527, 0.0, 0.0, 0.0, 614.4906257131175, 0.0, 0.0, 0.0, 0.0, 0.0, 307.0718473746151, 0.0, 523.5072889189998, 0.0, 0.0, 0.0, 417.5383813169146, 0.0, 0.0, 417.5383813169146, 0.0, 0.0, 0.0, 0.0, 0.0, 317.61568553935126, 0.0, 436.70019518782397, 687.9238739727659, 0.0, 0.0, 614.4906257131175, 0.0, 0.0, 0.0, 0.0, 0.0, 0.0, 0.0, 626.2278203389774, 0.0, 0.0, 0.0, 0.0, 0.0, 307.0718473746151, 481.6470590647459, 0.0, 355.74176421408015, 308.8450919693928, 0.0, 626.2278203389774, 483.605119184805, 0.0, 0.0, 0.0, 347.0308241550478, 0.0, 0.0, 662.3393829541919, 0.0, 419.8145555142364, 0.0, 0.0, 0.0, 610.7320522114021, 0.0, 355.74176421408015, 483.152702882657, 467.89147281785006, 0.0, 0.0, 0.0, 692.2112976033254, 467.89147281785006, 465.3265309246884, 0.0, 0.0]
INFORMACIÓN : 6apuestaBundle [483.605119184805, 483.605119184805, 436.70019518782397, 436.70019518782397, 317.61568553935126, 317.61568553935126, 308.8450919693928, 308.8450919693928, 282.00068130586055, 282.00068130586055]
INFORMACIÓN : 6positionsBundle [1974, 1974, 384, 384, 1981, 1981, 1720, 1720, 2479, 2479]
INFORMACIÓN : 6levelsBundle [2, 2, 2, 2, 2, 2, 2, 2, 2, 2]
INFORMACIÓN : 6positionsOrdered [1974, 1974, 384, 384, 1981, 1981, 1720, 1720, 2479, 2479]
INFORMACIÓN : 6levelsOrdered [2, 2, 2, 2, 2, 2, 2, 2, 2, 2]
INFORMACIÓN : 6partialityOrdered [2, 2, 2, 2, 2, 2, 2, 2, 2, 2]
INFORMACIÓN : 6arrivalTimes [4.123105625617661, 4.123105625617661, 37.64921485409808, 37.64921485409808, 69.78953221407448, 69.78953221407448, 81.87257818766906, 81.87257818766906, 99.36543387220496, 99.36543387220496]
INFORMACIÓN : 7historia0[347.0308241550478, 0.0, 0.0, 0.0, 0.0, 662.3393829541919, 43.71284078755868, 487.9988328863527, 0.0, 0.0, 0.0, 0.0, 0.0, 0.0, 0.0, 0.0, 0.0, 497.6737044522001, 0.0, 0.0, 282.00068130586055, 0.0, 289.5080757961632, 419.8145555142364, 0.0, 317.61568553935126, 0.0, 523.5072889189998, 687.9238739727659, 483.605119184805, 483.152702882657, 0.0, 436.70019518782397, 682.5409089787254, 692.2112976033254, 0.0, 682.5409089787254, 497.6737044522001, 610.7320522114021, 308.8450919693928, 0.0, 0.0, 487.9988328863527, 0.0, 280.49710519074847, 0.0, 614.4906257131175, 0.0, 0.0, 0.0, 0.0, 0.0, 307.0718473746151, 0.0, 523.5072889189998, 0.0, 0.0, 0.0, 417.5383813169146, 0.0, 0.0, 417.5383813169146, 0.0, 220.20655362560038, 0.0, 0.0, 0.0, 317.61568553935126, 0.0, 436.70019518782397, 687.9238739727659, 0.0, 0.0, 614.4906257131175, 289.5080757961632, 0.0, 0.0, 0.0, 282.00068130586055, 0.0, 0.0, 626.2278203389774, 0.0, 0.0, 0.0, 0.0, 0.0, 307.0718473746151, 481.6470590647459, 0.0, 355.74176421408015, 308.8450919693928, 0.0, 626.2278203389774, 483.605119184805, 0.0, 0.0, 0.0, 347.0308241550478, 0.0, 0.0, 662.3393829541919, 0.0, 419.8145555142364, 0.0, 0.0, 0.0, 610.7320522114021, 0.0, 355.74176421408015, 483.152702882657, 467.89147281785006, 0.0, 0.0, 0.0, 692.2112976033254, 467.89147281785006, 465.3265309246884, 0.0, 0.0]
INFORMACIÓN : 7apuestaBundle [483.605119184805, 483.605119184805, 436.70019518782397, 436.70019518782397, 317.61568553935126, 317.61568553935126, 308.8450919693928, 308.8450919693928, 282.00068130586055, 282.00068130586055]
INFORMACIÓN : 7positionsBundle [1974, 1974, 384, 384, 1981, 1981, 1720, 1720, 2479, 2479]
INFORMACIÓN : 7levelsBundle [2, 2, 2, 2, 2, 2, 2, 2, 2, 2]
INFORMACIÓN : 7positionsOrdered [1974, 1974, 384, 384, 1981, 1981, 1720, 1720, 2479, 2479]
INFORMACIÓN : 7levelsOrdered [2, 2, 2, 2, 2, 2, 2, 2, 2, 2]
INFORMACIÓN : 7partialityOrdered [2, 2, 2, 2, 2, 2, 2, 2, 2, 2]
INFORMACIÓN : 7arrivalTimes [4.123105625617661, 4.123105625617661, 37.64921485409808, 37.64921485409808, 69.78953221407448, 69.78953221407448, 81.87257818766906, 81.87257818766906, 99.36543387220496, 99.36543387220496]
